-125	2.01286	-3.96755e-07	1.69478e-07	2
-124.967	3.10823	-3.32747e-05	1.37747e-05	2
-124.907	4.19517	-6.40622e-05	2.56091e-05	2
-124.82	5.26106	-9.24043e-05	3.55365e-05	2
-124.708	6.29425	-0.000118058	4.35081e-05	2
-124.569	7.31901	-0.000141662	4.97422e-05	2
-124.404	8.32346	-0.000162944	5.41687e-05	2
-124.214	9.30783	-0.000181948	5.68208e-05	2
-124	10.2724	-0.000198715	5.77318e-05	2
-123.761	11.2173	-0.000213286	5.69349e-05	2
-123.498	12.143	-0.000225703	5.44633e-05	2
-123.211	13.0495	-0.000236009	5.03504e-05	2
-122.901	13.9372	-0.000244244	4.46294e-05	2
-122.568	14.8063	-0.00025045	3.73334e-05	2
-122.212	15.657	-0.00025467	2.84959e-05	2
-121.835	16.4897	-0.000256945	1.815e-05	2
-121.435	17.3044	-0.000257317	6.32891e-06	2
-121.015	18.1016	-0.000255827	-6.93401e-06	2
-120.573	18.8813	-0.000252518	-2.16056e-05	2
-120.111	19.644	-0.00024743	-3.76525e-05	2
-119.628	20.3897	-0.000240606	-5.50415e-05	2
-119.126	21.1188	-0.000232087	-7.37394e-05	2
-118.604	21.8316	-0.000221916	-9.37129e-05	2
-118.064	22.5281	-0.000210133	-0.000114929	2
-117.504	23.2088	-0.000196782	-0.000137354	2
-116.927	23.8738	-0.000181902	-0.000160955	2
-116.338	24.516	-0.000165733	-0.000185407	2
-115.725	25.1506	-0.00014794	-0.000211248	2
-115.096	25.7703	-0.000128745	-0.000238164	2
-114.449	26.3753	-0.000108188	-0.000266124	2
-113.786	26.9658	-8.63114e-05	-0.000295094	2
-113.107	27.5422	-6.31574e-05	-0.000325041	2
-112.413	28.1046	-3.87676e-05	-0.000355931	2
-111.703	28.6534	-1.31836e-05	-0.000387731	2
-110.979	29.1886	1.35528e-05	-0.000420409	2
-110.24	29.7107	4.13999e-05	-0.00045393	2
-109.487	30.2198	7.03159e-05	-0.000488262	2
-108.721	30.7162	0.000100259	-0.00052337	2
-107.941	31.2001	0.000131188	-0.000559223	2
-107.148	31.6717	0.00016306	-0.000595787	2
-106.343	32.1314	0.000195834	-0.000633028	2
-105.526	32.5794	0.000229469	-0.000670913	2
-104.697	33.0158	0.000263922	-0.000709409	2
-103.857	33.441	0.000299151	-0.000748483	2
-103.006	33.8552	0.000335116	-0.000788102	2
-102.144	34.2587	0.000371774	-0.000828231	2
-101.272	34.6516	0.000409083	-0.000868839	2
-100.391	35.0343	0.000447003	-0.000909891	2
-99.4999	35.4069	0.00048549	-0.000951355	2
-98.6104	35.7657	0.000524052	-0.000992714	2
-97.7019	36.1191	0.000563545	-0.0010349	2
-96.7852	36.4633	0.000603481	-0.00107739	2
-95.8606	36.7984	0.000643818	-0.00112017	2
-94.9286	37.1247	0.000684516	-0.00116319	2
-93.9895	37.4424	0.000725531	-0.00120642	2
-93.0437	37.7519	0.000766823	-0.00124983	2
-92.0916	38.0532	0.000808349	-0.00129339	2
-91.1336	38.3468	0.000850068	-0.00133706	2
-90.1701	38.6328	0.000891939	-0.0013808	2
-89.2014	38.9115	0.000933918	-0.0014246	2
-88.2279	39.183	0.000975966	-0.00146841	2
-87.2501	39.4478	0.00101804	-0.00151219	2
-86.2683	39.7059	0.0010601	-0.00155593	2
-85.2829	39.9577	0.0011021	-0.00159957	2
-84.2943	40.2034	0.001144	-0.0016431	2
-83.3029	40.4432	0.00118576	-0.00168647	2
-82.309	40.6775	0.00122733	-0.00172966	2
-81.3131	40.9063	0.00126868	-0.00177263	2
-80.3154	41.1301	0.00130977	-0.00181534	2
-79.3165	41.3489	0.00135055	-0.00185777	2
-78.3168	41.5631	0.00139097	-0.00189988	2
-77.3164	41.773	0.00143101	-0.00194163	2
-76.316	41.9787	0.00147061	-0.001983	2
-75.3273	42.1782	0.00150929	-0.00202348	2
-74.3278	42.3764	0.00154791	-0.00206398	2
-73.3293	42.5712	0.00158597	-0.002104	2
-72.3322	42.7628	0.00162343	-0.00214349	2
-71.3369	42.9515	0.00166025	-0.00218244	2
-70.3438	43.1375	0.00169638	-0.0022208	2
-69.3533	43.3211	0.00173179	-0.00225854	2
-68.3657	43.5025	0.00176643	-0.00229563	2
-67.3815	43.682	0.00180027	-0.00233203	2
-66.401	43.8598	0.00183325	-0.00236772	2
-65.4246	44.0361	0.00186534	-0.00240265	2
-64.4527	44.2113	0.0018965	-0.0024368	2
-63.4857	44.3855	0.00192669	-0.00247013	2
-62.524	44.5589	0.00195585	-0.00250261	2
-61.5679	44.7319	0.00198396	-0.00253421	2
-60.6179	44.9047	0.00201097	-0.00256489	2
-59.6743	45.0775	0.00203683	-0.00259461	2
-58.7376	45.2506	0.00206151	-0.00262336	2
-57.808	45.4242	0.00208496	-0.00265108	2
-56.8861	45.5985	0.00210715	-0.00267775	2
-55.9721	45.7739	0.00212803	-0.00270334	2
-55.0665	45.9505	0.00214755	-0.00272782	2
-54.1696	46.1286	0.00216569	-0.00275114	2
-53.292	46.3063	0.0021822	-0.00277303	2
-52.4137	46.4881	0.00219744	-0.00279396	2
-51.5452	46.6722	0.00221116	-0.00281365	2
-50.6871	46.8586	0.00222332	-0.00283205	2

-75.0066	2.01214	-5.94985e-07	2.14093e-07	2
-75.557	3.05182	-5.10526e-05	1.83183e-05	2
-76.0804	4.09492	-0.000100677	3.60179e-05	2
-76.5706	5.12933	-0.00014889	5.31049e-05	2
-77.023	6.14329	-0.000195176	6.93995e-05	2
-77.4484	7.1604	-0.000240629	8.52866e-05	2
-77.8418	8.16882	-0.000284717	0.00010058	2
-78.2036	9.16856	-0.000327458	0.000115284	2
-78.5341	10.1596	-0.000368867	0.000129407	2
-78.8338	11.142	-0.000408959	0.000142954	2
-79.103	12.1157	-0.000447752	0.000155931	2
-79.3421	13.0807	-0.000485261	0.000168344	2
-79.5515	14.0371	-0.000521503	0.0001802	2
-79.7316	14.9848	-0.000556492	0.000191504	2
-79.8827	15.9238	-0.000590246	0.000202264	2
-80.0054	16.8542	-0.00062278	0.000212484	2
-80.0998	17.7759	-0.000654111	0.000222171	2
-80.1665	18.689	-0.000684254	0.000231331	2
-80.2058	19.5935	-0.000713225	0.00023997	2
-80.2181	20.4893	-0.000741041	0.000248095	2
-80.2038	21.3765	-0.000767718	0.000255711	2
-80.1632	22.255	-0.000793271	0.000262825	2
-80.0968	23.125	-0.000817717	0.000269443	2
-80.005	23.9863	-0.000841071	0.00027557	2
-79.8881	24.839	-0.00086335	0.000281214	2
-79.7465	25.683	-0.00088457	0.000286379	2
-79.5826	26.509	-0.000904521	0.000291022	2
-79.3931	27.3359	-0.000923682	0.000295255	2
-79.18	28.1543	-0.000941832	0.000299029	2
-78.9438	28.9641	-0.000958986	0.000302349	2
-78.6849	29.7652	-0.000975162	0.000305222	2
-78.4035	30.5578	-0.000990374	0.000307654	2
-78.1002	31.3418	-0.00100464	0.000309651	2
-77.7752	32.1172	-0.00101797	0.000311219	2
-77.4291	32.8841	-0.00103039	0.000312364	2
-77.0621	33.6424	-0.00104191	0.000313092	2
-76.6747	34.3921	-0.00105255	0.000313409	2
-76.2672	35.1332	-0.00106232	0.000313323	2
-75.8401	35.8658	-0.00107124	0.000312837	2
-75.3936	36.5899	-0.00107932	0.00031196	2
-74.9283	37.3053	-0.00108659	0.000310697	2
-74.4445	38.0123	-0.00109305	0.000309053	2
-73.9425	38.7107	-0.00109873	0.000307036	2
-73.4228	39.4005	-0.00110363	0.000304651	2
-72.8857	40.0819	-0.00110778	0.000301905	2
-72.3316	40.7547	-0.00111119	0.000298803	2
-71.761	41.4189	-0.00111388	0.000295351	2
-71.1742	42.0747	-0.00111587	0.000291557	2
-70.5716	42.7219	-0.00111716	0.000287425	2
-69.9607	43.3533	-0.00111777	0.000283016	2
-69.3277	43.9836	-0.00111774	0.000278232	2
-68.6802	44.6054	-0.00111706	0.00027313	2
-68.0183	45.2187	-0.00111576	0.000267714	2
-67.3425	45.8235	-0.00111385	0.000261993	2
-66.6533	46.4198	-0.00111134	0.000255971	2
-65.9509	47.0076	-0.00110826	0.000249654	2
-65.2358	47.587	-0.00110461	0.00024305	2
-64.5084	48.1578	-0.00110041	0.000236163	2
-63.769	48.7202	-0.00109569	0.000229001	2
-63.018	49.2741	-0.00109045	0.000221569	2
-62.2559	49.8195	-0.00108471	0.000213873	2
-61.4829	50.3565	-0.00107849	0.000205919	2
-60.6996	50.885	-0.00107181	0.000197715	2
-59.9062	51.4051	-0.00106467	0.000189265	2
-59.1032	51.9167	-0.00105711	0.000180575	2
-58.2909	52.4198	-0.00104912	0.000171653	2
-57.4697	52.9145	-0.00104073	0.000162504	2
-56.6401	53.4008	-0.00103195	0.000153134	2
-55.8023	53.8787	-0.00102281	0.00014355	2
-54.9569	54.3481	-0.00101331	0.000133756	2
-54.1041	54.809	-0.00100347	0.000123761	2
-53.2444	55.2616	-0.000993316	0.000113569	2
-52.3781	55.7057	-0.000982852	0.000103187	2
-51.5158	56.1365	-0.000972224	9.27438e-05	2
-50.6376	56.5639	-0.0009612	8.2002e-05	2
-49.7541	56.9829	-0.000949918	7.10883e-05	2
-48.8655	57.3935	-0.000938394	6.00089e-05	2
-47.9723	57.7957	-0.000926645	4.87699e-05	2
-47.0749	58.1895	-0.000914686	3.73774e-05	2
-46.1736	58.5749	-0.000902534	2.58376e-05	2
-45.2688	58.952	-0.000890204	1.41566e-05	2
-44.361	59.3206	-0.000877712	2.34047e-06	2
-43.4505	59.6809	-0.000865075	-9.60462e-06	2
-42.5376	60.0328	-0.000852309	-2.16726e-05	2
-41.6228	60.3763	-0.000839429	-3.38572e-05	2
-40.7065	60.7115	-0.000826452	-4.61525e-05	2
-39.789	61.0383	-0.000813393	-5.85522e-05	2
-38.8708	61.3568	-0.00080027	-7.10502e-05	2
-37.9521	61.6668	-0.000787097	-8.36405e-05	2
-37.0335	61.9686	-0.000773891	-9.63169e-05	2
-36.1153	62.262	-0.000760667	-0.000109073	2
-35.1978	62.5471	-0.000747443	-0.000121903	2
-34.2815	62.8238	-0.000734233	-0.000134801	2
-33.3668	63.0922	-0.000721055	-0.000147761	2
-32.454	63.3522	-0.000707923	-0.000160776	2
-31.5435	63.604	-0.000694855	-0.00017384	2
-30.6461	63.8446	-0.000682014	-0.000186797	2
-29.7413	64.0798	-0.000669119	-0.000199941	2
-28.8401	64.3067	-0.000656335	-0.000213116	2
-27.9427	64.5253	-0.000643677	-0.000226316	2

-25.003	2.00995	1.2022e-09	-1.07993e-07	2
-25.2636	2.87009	-8.31834e-07	-9.4442e-06	2
-25.5319	3.74834	-3.53384e-06	-1.89813e-05	2
-25.8045	4.63446	-8.06914e-06	-2.86024e-05	2
-26.0779	5.51782	-1.4318e-05	-3.81866e-05	2
-26.3579	6.41867	-2.23891e-05	-4.7948e-05	2
-26.6412	7.32649	-3.21834e-05	-5.77665e-05	2
-26.9273	8.24098	-4.36637e-05	-6.76333e-05	2
-27.2158	9.16184	-5.67933e-05	-7.75394e-05	2
-27.5065	10.0888	-7.15352e-05	-8.74758e-05	2
-27.799	11.0215	-8.78526e-05	-9.74335e-05	2
-28.0929	11.9597	-0.000105709	-0.000107404	2
-28.3878	12.903	-0.000125066	-0.000117377	2
-28.6833	13.8513	-0.000145889	-0.000127345	2
-28.9792	14.8041	-0.000168139	-0.000137299	2
-29.275	15.7612	-0.00019178	-0.000147229	2
-29.5704	16.7222	-0.000216776	-0.000157127	2
-29.865	17.687	-0.000243089	-0.000166983	2
-30.1585	18.6551	-0.000270682	-0.00017679	2
-30.4504	19.6263	-0.000299518	-0.000186537	2
-30.7405	20.6004	-0.000329561	-0.000196215	2
-31.0284	21.5769	-0.000360774	-0.000205817	2
-31.3137	22.5555	-0.000393119	-0.000215332	2
-31.596	23.5361	-0.00042656	-0.000224753	2
-31.875	24.5183	-0.000461061	-0.000234069	2
-32.1503	25.5018	-0.000496583	-0.000243273	2
-32.4185	26.4749	-0.000532665	-0.00025225	2
-32.6854	27.46	-0.000570111	-0.000261202	2
-32.9475	28.4456	-0.000608468	-0.000270015	2
-33.2046	29.4312	-0.000647699	-0.000278679	2
-33.4561	30.4167	-0.000687769	-0.000287185	2
-33.7018	31.4017	-0.000728641	-0.000295524	2
-33.9412	32.3858	-0.000770276	-0.000303688	2
-34.1741	33.3689	-0.000812639	-0.000311667	2
-34.4001	34.3506	-0.000855692	-0.000319453	2
-34.6187	35.3306	-0.000899399	-0.000327036	2
-34.8297	36.3086	-0.000943722	-0.000334408	2
-35.0326	37.2843	-0.000988626	-0.00034156	2
-35.2272	38.2574	-0.00103407	-0.000348482	2
-35.413	39.2277	-0.00108002	-0.000355166	2
-35.5896	40.1948	-0.00112645	-0.000361603	2
-35.7568	41.1583	-0.0011733	-0.000367784	2
-35.9142	42.1181	-0.00122055	-0.000373699	2
-36.0613	43.0739	-0.00126816	-0.000379341	2
-36.1979	44.0252	-0.00131608	-0.000384699	2
-36.3236	44.9719	-0.0013643	-0.000389766	2
-36.4379	45.9136	-0.00141276	-0.000394531	2
-36.5406	46.85	-0.00146143	-0.000398987	2
-36.6313	47.7809	-0.00151028	-0.000403123	2
-36.7088	48.6953	-0.0015587	-0.00040689	2
-36.7745	49.6141	-0.00160778	-0.000410366	2
-36.8271	50.5266	-0.00165693	-0.000413496	2
-36.8663	51.4322	-0.0017061	-0.000416272	2
-36.8916	52.3308	-0.00175526	-0.000418684	2
-36.9027	53.2221	-0.00180438	-0.000420724	2
-36.8993	54.1056	-0.00185341	-0.000422382	2
-36.881	54.9812	-0.00190232	-0.00042365	2
-36.8473	55.8486	-0.00195108	-0.000424519	2
-36.7981	56.7074	-0.00199964	-0.000424979	2
-36.7328	57.5574	-0.00204797	-0.000425022	2
-36.6512	58.3982	-0.00209603	-0.000424638	2
-36.5528	59.2295	-0.00214378	-0.00042382	2
-36.4374	60.0511	-0.00219119	-0.000422557	2
-36.3045	60.8627	-0.00223823	-0.000420841	2
-36.1538	61.6639	-0.00228485	-0.000418663	2
-35.9849	62.4545	-0.00233101	-0.000416014	2
-35.7974	63.2341	-0.00237669	-0.000412885	2
-35.5911	64.0024	-0.00242184	-0.000409268	2
-35.3655	64.7593	-0.00246642	-0.000405152	2
-35.1203	65.5043	-0.00251041	-0.000400529	2
-34.855	66.2371	-0.00255375	-0.000395391	2
-34.5694	66.9575	-0.00259643	-0.000389728	2
-34.2631	67.6652	-0.00263839	-0.000383531	2
-33.9396	68.352	-0.00267914	-0.000376872	2
-33.5911	69.0334	-0.00271958	-0.000369588	2
-33.2207	69.7013	-0.0027592	-0.000361742	2
-32.8282	70.3552	-0.00279796	-0.000353328	2
-32.4131	70.9949	-0.00283582	-0.000344335	2
-31.9751	71.62	-0.00287275	-0.000334754	2
-31.5139	72.2304	-0.00290872	-0.000324578	2
-31.0291	72.8256	-0.00294368	-0.000313796	2
-30.5203	73.4054	-0.00297759	-0.0003024	2
-29.9872	73.9695	-0.00301043	-0.00029038	2
-29.4293	74.5175	-0.00304215	-0.000277729	2
-28.8464	75.0493	-0.00307272	-0.000264436	2
-28.2381	75.5644	-0.00310209	-0.000250494	2
-27.604	76.0626	-0.00313024	-0.000235892	2
-26.9437	76.5436	-0.00315713	-0.000220623	2
-26.2569	77.0071	-0.00318272	-0.000204676	2
-25.5432	77.4528	-0.00320696	-0.000188044	2
-24.8023	77.8804	-0.00322984	-0.000170717	2
-24.0338	78.2896	-0.0032513	-0.000152686	2
-23.2373	78.68	-0.00327131	-0.000133943	2
-22.4125	79.0515	-0.00328984	-0.000114477	2
-21.559	79.4037	-0.00330684	-9.42815e-05	2
-20.6765	79.7362	-0.00332229	-7.3346e-05	2
-19.7752	80.0454	-0.00333599	-5.19155e-05	2
-18.8338	80.3381	-0.00334822	-2.94827e-05	2
-17.8622	80.6103	-0.00335879	-6.28353e-06	2
-16.8602	80.8617	-0.00336765	1.7691e-05	2

25.0003	2.01136	-2.79108e-07	2.53417e-07	2
25.0066	2.98434	-2.37948e-05	2.11154e-05	2
24.9789	3.96011	-4.66193e-05	4.03733e-05	2
24.9176	4.92741	-6.84982e-05	5.78154e-05	2
24.8248	5.87538	-8.92205e-05	7.33134e-05	2
24.6993	6.82618	-0.000109292	8.72691e-05	2
24.5427	7.76885	-0.000128492	9.9534e-05	2
24.3558	8.7035	-0.000146845	0.00011015	2
24.1395	9.63023	-0.000164375	0.000119159	2
23.8945	10.5492	-0.000181107	0.000126603	2
23.6218	11.4604	-0.000197066	0.000132523	2
23.322	12.3641	-0.000212275	0.000136961	2
22.9961	13.2603	-0.000226761	0.00013996	2
22.6448	14.1492	-0.000240548	0.000141561	2
22.269	15.0308	-0.000253659	0.000141806	2
21.8694	15.9053	-0.000266121	0.000140736	2
21.447	16.7728	-0.000277956	0.000138394	2
21.0025	17.6334	-0.000289191	0.000134821	2
20.5368	18.4872	-0.00029985	0.00013006	2
20.0506	19.3343	-0.000309957	0.000124151	2
19.5447	20.1748	-0.000319538	0.000117137	2
19.0201	21.0088	-0.000328615	0.00010906	2
18.4775	21.8366	-0.000337216	9.99619e-05	2
17.9178	22.658	-0.000345363	8.98837e-05	2
17.3417	23.4734	-0.000353082	7.88677e-05	2
16.75	24.2827	-0.000360397	6.69556e-05	2
16.1508	25.077	-0.000367255	5.43408e-05	2
15.5307	25.8747	-0.000373841	4.07714e-05	2
14.8976	26.6667	-0.000380096	2.64309e-05	2
14.2522	27.4532	-0.000386046	1.13612e-05	2
13.5953	28.2342	-0.000391715	-4.39575e-06	2
12.9279	29.0098	-0.000397128	-2.07983e-05	2
12.2506	29.7802	-0.000402309	-3.78045e-05	2
11.5644	30.5455	-0.000407284	-5.53725e-05	2
10.87	31.3058	-0.000412076	-7.34606e-05	2
10.1683	32.0612	-0.000416711	-9.20269e-05	2
9.45999	32.8118	-0.000421212	-0.00011103	2
8.74602	33.5577	-0.000425606	-0.000130427	2
8.02717	34.2991	-0.000429916	-0.000150177	2
7.30425	35.036	-0.000434166	-0.000170238	2
6.57808	35.7685	-0.000438383	-0.000190567	2
5.84948	36.4968	-0.000442589	-0.000211125	2
5.11928	37.221	-0.00044681	-0.000231867	2
4.38828	37.9412	-0.000451071	-0.000252753	2
3.65731	38.6575	-0.000455396	-0.000273741	2
2.92719	39.37	-0.00045981	-0.000294789	2
2.19874	40.0788	-0.000464338	-0.000315854	2
1.47277	40.7841	-0.000469003	-0.000336897	2
0.750106	41.4859	-0.000473831	-0.000357873	2
0.0397985	42.1763	-0.000478788	-0.000378503	2
-0.67386	42.8716	-0.000484013	-0.000399225	2
-1.38177	43.5638	-0.000489475	-0.000419756	2
-2.0831	44.2529	-0.000495197	-0.000440055	2
-2.77704	44.9392	-0.000501205	-0.000460079	2
-3.46278	45.6226	-0.000507524	-0.000479788	2
-4.13948	46.3034	-0.000514177	-0.000499139	2
-4.80634	46.9817	-0.00052119	-0.000518089	2
-5.46253	47.6574	-0.000528587	-0.000536599	2
-6.10724	48.3309	-0.000536394	-0.000554625	2
-6.73964	49.0021	-0.000544633	-0.000572125	2
-7.35892	49.6712	-0.000553331	-0.000589059	2
-7.96425	50.3383	-0.000562512	-0.000605384	2
-8.55482	51.0035	-0.0005722	-0.000621058	2
-9.12981	51.6669	-0.00058242	-0.00063604	2
-9.6884	52.3287	-0.000593196	-0.000650287	2
-10.2298	52.9888	-0.000604555	-0.000663758	2
-10.7531	53.6476	-0.000616519	-0.000676411	2
-11.2576	54.305	-0.000629114	-0.000688204	2
-11.7424	54.9612	-0.000642364	-0.000699096	2
-12.2067	55.6162	-0.000656294	-0.000709044	2
-12.6497	56.2703	-0.000670929	-0.000718006	2
-13.0705	56.9235	-0.000686293	-0.000725942	2
-13.4684	57.5759	-0.000702411	-0.000732808	2
-13.8384	58.2201	-0.000719108	-0.000738504	2
-14.1882	58.8713	-0.000736798	-0.000743121	2
-14.5127	59.522	-0.000755316	-0.000746543	2
-14.8109	60.1724	-0.000774685	-0.00074873	2
-15.0821	60.8226	-0.000794932	-0.000749639	2
-15.3254	61.4727	-0.00081608	-0.000749229	2
-15.54	62.1227	-0.000838154	-0.000747457	2
-15.7252	62.7729	-0.000861179	-0.000744282	2
-15.88	63.4233	-0.000885179	-0.000739662	2
-16.0037	64.074	-0.000910179	-0.000733556	2
-16.0954	64.7252	-0.000936204	-0.000725921	2
-16.1544	65.3769	-0.000963278	-0.000716715	2
-16.1798	66.0293	-0.000991426	-0.000705897	2
-16.1708	66.6825	-0.00102067	-0.000693425	2
-16.1265	67.3366	-0.00105104	-0.000679257	2
-16.0462	67.9917	-0.00108256	-0.000663351	2
-15.929	68.6479	-0.00111525	-0.000645665	2
-15.7742	69.3053	-0.00114914	-0.000626158	2
-15.5808	69.964	-0.00118425	-0.000604788	2
-15.3481	70.6242	-0.0012206	-0.000581513	2
-15.0753	71.286	-0.00125823	-0.000556291	2
-14.7615	71.9494	-0.00129715	-0.00052908	2
-14.4059	72.6146	-0.00133739	-0.000499839	2
-14.0126	73.2741	-0.00137849	-0.000468897	2
-13.5715	73.9432	-0.00142144	-0.000435493	2
-13.0862	74.6144	-0.00146577	-0.000399934	2
-12.5558	75.2878	-0.00151152	-0.000362177	2

74.9965	2.01243	-4.46217e-07	4.10076e-07	2
74.6855	3.07037	-3.8446e-05	3.49562e-05	2
74.3497	4.11926	-7.61446e-05	6.84697e-05	2
73.993	5.14704	-0.000113112	0.000100563	2
73.6201	6.1426	-0.000148953	0.000130913	2
73.2228	7.12945	-0.000184518	0.000160248	2
72.8059	8.09625	-0.000219401	0.00018823	2
72.3695	9.04336	-0.000253619	0.000214881	2
71.9143	9.97114	-0.00028719	0.000240223	2
71.4405	10.8799	-0.00032013	0.000264278	2
70.9485	11.7701	-0.000352455	0.000287069	2
70.4389	12.6421	-0.000384182	0.000308619	2
69.9119	13.4961	-0.000415329	0.00032895	2
69.368	14.3326	-0.00044591	0.000348083	2
68.8076	15.1519	-0.000475944	0.000366043	2
68.2311	15.9543	-0.000505446	0.00038285	2
67.6389	16.7403	-0.000534433	0.000398527	2
67.0314	17.5102	-0.000562922	0.000413096	2
66.409	18.2643	-0.00059093	0.000426581	2
65.7722	19.003	-0.000618474	0.000439003	2
65.1212	19.7266	-0.000645569	0.000450385	2
64.4566	20.4356	-0.000672232	0.000460748	2
63.7787	21.1303	-0.00069848	0.000470116	2
63.088	21.8109	-0.000724331	0.000478511	2
62.3848	22.478	-0.000749799	0.000485955	2
61.6695	23.1318	-0.000774903	0.000492471	2
60.951	23.7654	-0.000799376	0.000498021	2
60.213	24.3939	-0.000823803	0.000502756	2
59.4641	25.0102	-0.000847915	0.000506631	2
58.7048	25.6147	-0.000871728	0.000509665	2
57.9354	26.2077	-0.000895259	0.000511883	2
57.1564	26.7896	-0.000918525	0.000513307	2
56.3682	27.3607	-0.000941542	0.000513958	2
55.5712	27.9214	-0.000964328	0.00051386	2
54.7657	28.4721	-0.000986897	0.000513034	2
53.9523	29.0131	-0.00100927	0.000511503	2
53.1312	29.5448	-0.00103146	0.000509289	2
52.3029	30.0675	-0.00105348	0.000506415	2
51.4679	30.5815	-0.00107535	0.000502903	2
50.6264	31.0874	-0.00109709	0.000498776	2
49.779	31.5853	-0.00111872	0.000494055	2
48.926	32.0757	-0.00114025	0.000488764	2
48.0678	32.5588	-0.00116169	0.000482924	2
47.2048	33.0352	-0.00118307	0.000476558	2
46.3375	33.5051	-0.0012044	0.000469688	2
45.4662	33.9689	-0.0012257	0.000462337	2
44.5913	34.4269	-0.00124698	0.000454527	2
43.7133	34.8795	-0.00126826	0.000446281	2
42.8325	35.3271	-0.00128956	0.00043762	2
41.9596	35.7649	-0.00131065	0.000428673	2
41.0746	36.2035	-0.00133203	0.000419255	2
40.188	36.6381	-0.00135348	0.00040949	2
39.3003	37.0692	-0.00137502	0.000399399	2
38.4119	37.4969	-0.00139665	0.000389006	2
37.5232	37.9218	-0.0014184	0.000378332	2
36.6345	38.3441	-0.00144029	0.000367401	2
35.7464	38.7642	-0.00146233	0.000356234	2
34.8591	39.1825	-0.00148453	0.000344854	2
33.9731	39.5993	-0.00150691	0.000333283	2
33.0888	40.0151	-0.0015295	0.000321544	2
32.2067	40.43	-0.0015523	0.000309658	2
31.327	40.8446	-0.00157534	0.000297649	2
30.4503	41.2591	-0.00159863	0.000285539	2
29.5769	41.6739	-0.00162218	0.000273349	2
28.7072	42.0894	-0.00164602	0.000261103	2
27.8416	42.5059	-0.00167015	0.000248823	2
26.9806	42.9238	-0.00169461	0.000236531	2
26.1245	43.3435	-0.00171939	0.000224249	2
25.2737	43.7653	-0.00174453	0.000212001	2
24.4287	44.1895	-0.00177003	0.000199807	2
23.5899	44.6165	-0.00179592	0.000187691	2
22.7576	45.0467	-0.00182221	0.000175676	2
21.9323	45.4805	-0.00184891	0.000163782	2
21.1237	45.9131	-0.00187573	0.000152168	2
20.3135	46.3549	-0.00190331	0.000140584	2
19.5114	46.8013	-0.00193136	0.00012919	2
18.7179	47.2527	-0.00195989	0.000118007	2
17.9334	47.7094	-0.00198892	0.000107058	2
17.1582	48.1717	-0.00201846	9.63653e-05	2
16.3929	48.6401	-0.00204854	8.59514e-05	2
15.6378	49.1149	-0.00207916	7.58386e-05	2
14.8932	49.5964	-0.00211036	6.60492e-05	2
14.1597	50.0851	-0.00214213	5.66057e-05	2
13.4376	50.5812	-0.00217451	4.75302e-05	2
12.7273	51.0851	-0.0022075	3.88454e-05	2
12.0293	51.5971	-0.00224112	3.05734e-05	2
11.3438	52.1177	-0.00227539	2.27367e-05	2
10.6714	52.6472	-0.00231033	1.53576e-05	2
10.0124	53.1859	-0.00234595	8.45861e-06	2
9.36733	53.7343	-0.00238227	2.06196e-06	2
8.73645	54.2926	-0.0024193	-3.80994e-06	2
8.12023	54.8612	-0.00245707	-9.13471e-06	2
7.51907	55.4405	-0.00249558	-1.389e-05	2
6.93337	56.0308	-0.00253487	-1.80534e-05	2
6.36354	56.6325	-0.00257493	-2.16026e-05	2
5.80998	57.246	-0.00261579	-2.45152e-05	2
5.27917	57.8643	-0.00265699	-2.67467e-05	2
4.75917	58.5021	-0.00269949	-2.8327e-05	2
4.25666	59.1528	-0.00274284	-2.92038e-05	2
3.77203	59.8167	-0.00278705	-2.93547e-05	2

124.997	2.01084	-7.30444e-07	1.71478e-07	2
124.745	2.94267	-6.14232e-05	1.50634e-05	2
124.493	3.88529	-0.000118585	3.04169e-05	2
124.246	4.82787	-0.000171543	4.60566e-05	2
124.005	5.75955	-0.000219819	6.17937e-05	2
123.765	6.702	-0.000264593	7.799e-05	2
123.529	7.64438	-0.000305338	9.44603e-05	2
123.296	8.58667	-0.000342112	0.0001112	2
123.067	9.52888	-0.000374975	0.000128206	2
122.842	10.471	-0.000403984	0.000145473	2
122.621	11.413	-0.000429198	0.000162998	2
122.403	12.3549	-0.000450675	0.000180776	2
122.189	13.2966	-0.000468473	0.000198803	2
121.978	14.2383	-0.000482652	0.000217075	2
121.771	15.1798	-0.000493268	0.000235588	2
121.567	16.1211	-0.000500382	0.000254338	2
121.367	17.0623	-0.00050405	0.000273321	2
121.171	18.0033	-0.000504332	0.000292533	2
120.978	18.9442	-0.000501286	0.00031197	2
120.788	19.8849	-0.00049497	0.000331626	2
120.602	20.8254	-0.000485442	0.0003515	2
120.419	21.7657	-0.000472762	0.000371585	2
120.24	22.7058	-0.000456987	0.000391879	2
120.064	23.6457	-0.000438175	0.000412377	2
119.891	24.5853	-0.000416386	0.000433075	2
119.722	25.5248	-0.000391677	0.000453969	2
119.558	26.4532	-0.00036444	0.000474811	2
119.395	27.3922	-0.000334099	0.000496082	2
119.235	28.3309	-0.000301013	0.000517537	2
119.079	29.2694	-0.00026524	0.000539171	2
118.926	30.2076	-0.000226839	0.000560981	2
118.776	31.1455	-0.000185868	0.000582962	2
118.629	32.0832	-0.000142386	0.00060511	2
118.485	33.0205	-9.64504e-05	0.000627422	2
118.345	33.9576	-4.81201e-05	0.000649892	2
118.207	34.8943	2.54658e-06	0.000672518	2
118.073	35.8308	5.54913e-05	0.000695294	2
117.942	36.7669	0.000110656	0.000718217	2
117.813	37.7027	0.000167981	0.000741282	2
117.688	38.6381	0.00022741	0.000764486	2
117.566	39.5732	0.000288883	0.000787825	2
117.446	40.508	0.000352342	0.000811294	2
117.33	41.4424	0.000417729	0.000834889	2
117.216	42.3764	0.000484985	0.000858606	2
117.106	43.3101	0.000554052	0.000882441	2
116.998	44.2433	0.000624872	0.00090639	2
116.893	45.1762	0.000697386	0.000930448	2
116.791	46.1087	0.000771535	0.000954613	2
116.692	47.0407	0.000847263	0.000978879	2
116.596	47.9617	0.000923613	0.00100296	2
116.502	48.8929	0.0010023	0.00102742	2
116.411	49.8237	0.0010824	0.00105196	2
116.323	50.754	0.00116384	0.00107659	2
116.237	51.6839	0.00124656	0.00110131	2
116.154	52.6133	0.00133051	0.00112609	2
116.073	53.5423	0.00141563	0.00115096	2
115.996	54.4708	0.00150187	0.00117589	2
115.92	55.3989	0.00158915	0.00120088	2
115.848	56.3264	0.00167743	0.00122594	2
115.778	57.2534	0.00176665	0.00125105	2
115.71	58.18	0.00185674	0.00127621	2
115.645	59.106	0.00194765	0.00130143	2
115.582	60.0315	0.00203933	0.00132668	2
115.522	60.9564	0.0021317	0.00135198	2
115.464	61.8809	0.00222472	0.00137731	2
115.409	62.8048	0.00231833	0.00140268	2
115.356	63.7281	0.00241246	0.00142807	2
115.306	64.6509	0.00250706	0.00145349	2
115.257	65.5731	0.00260207	0.00147892	2
115.211	66.4947	0.00269744	0.00150438	2
115.168	67.4158	0.0027931	0.00152984	2
115.126	68.3362	0.00288899	0.00155531	2
115.087	69.2561	0.00298506	0.00158078	2
115.051	70.1648	0.00308014	0.00160596	2
115.016	71.0834	0.00317639	0.00163143	2
114.984	72.0014	0.00327264	0.00165689	2
114.953	72.9188	0.00336884	0.00168233	2
114.925	73.8355	0.00346492	0.00170776	2
114.899	74.7516	0.00356083	0.00173317	2
114.875	75.6671	0.00365651	0.00175855	2
114.853	76.5818	0.0037519	0.0017839	2
114.833	77.4959	0.00384694	0.00180922	2
114.815	78.4094	0.00394157	0.0018345	2
114.799	79.3221	0.00403574	0.00185974	2
114.785	80.2341	0.00412939	0.00188493	2
114.773	81.1455	0.00422246	0.00191007	2
114.763	82.0561	0.00431488	0.00193516	2
114.755	82.966	0.00440661	0.00196019	2
114.749	83.8751	0.00449758	0.00198516	2
114.745	84.7836	0.00458774	0.00201006	2
114.742	85.6913	0.00467702	0.00203489	2
114.741	86.5982	0.00476538	0.00205964	2
114.742	87.5044	0.00485274	0.00208432	2
114.745	88.4098	0.00493905	0.00210891	2
114.75	89.3145	0.00502426	0.00213342	2
114.756	90.2183	0.0051083	0.00215784	2
114.764	91.111	0.00519018	0.00218188	2
114.774	92.0133	0.00527173	0.0022061	2
114.785	92.9147	0.00535194	0.00223022	2
114.798	93.8154	0.00543076	0.00225423	2

