-124.999	2.01043	2.14512e-07	1.09011e-07	2
-124.961	2.90678	1.8026e-05	8.8809e-06	2
-124.957	3.81267	3.47756e-05	1.65587e-05	2
-124.987	4.7176	5.02663e-05	2.30591e-05	2
-125.048	5.61115	6.43585e-05	2.83529e-05	2
-125.143	6.51402	7.73973e-05	3.25887e-05	2
-125.268	7.41578	8.9229e-05	3.57242e-05	2
-125.423	8.31636	9.98709e-05	3.7785e-05	2
-125.608	9.21571	0.000109341	3.87971e-05	2
-125.822	10.1138	0.000117655	3.8786e-05	2
-126.063	11.0105	0.000124832	3.77777e-05	2
-126.331	11.9059	0.000130889	3.57978e-05	2
-126.625	12.7997	0.000135844	3.28721e-05	2
-126.944	13.6921	0.000139712	2.90264e-05	2
-127.288	14.583	0.000142513	2.42865e-05	2
-127.655	15.4722	0.000144263	1.86781e-05	2
-128.045	16.3597	0.000144979	1.22269e-05	2
-128.457	17.2455	0.00014468	4.95884e-06	2
-128.89	18.1296	0.000143382	-3.10046e-06	2
-129.343	19.0118	0.000141103	-1.19252e-05	2
-129.815	19.8921	0.00013786	-2.14896e-05	2
-130.305	20.7704	0.00013367	-3.17679e-05	2
-130.813	21.6468	0.000128552	-4.27343e-05	2
-131.338	22.5211	0.000122522	-5.43632e-05	2
-131.879	23.3933	0.000115597	-6.66286e-05	2
-132.434	24.2633	0.000107796	-7.95049e-05	2
-132.998	25.1212	9.9239e-05	-9.28083e-05	2
-133.581	25.9867	8.97453e-05	-0.000106823	2
-134.176	26.85	7.94266e-05	-0.000121371	2
-134.783	27.7108	6.83003e-05	-0.000136427	2
-135.401	28.5692	5.63836e-05	-0.000151966	2
-136.029	29.4251	4.36941e-05	-0.000167961	2
-136.666	30.2785	3.0249e-05	-0.000184387	2
-137.312	31.1292	1.60658e-05	-0.000201218	2
-137.964	31.9773	1.1618e-06	-0.000218429	2
-138.624	32.8227	-1.44456e-05	-0.000235993	2
-139.289	33.6653	-3.0739e-05	-0.000253884	2
-139.959	34.505	-4.77011e-05	-0.000272078	2
-140.632	35.3419	-6.53145e-05	-0.000290548	2
-141.309	36.1759	-8.35618e-05	-0.000309268	2
-141.989	37.0068	-0.000102426	-0.000328213	2
-142.67	37.8347	-0.000121889	-0.000347357	2
-143.351	38.6595	-0.000141933	-0.000366674	2
-144.032	39.4812	-0.000162542	-0.000386139	2
-144.713	40.2996	-0.000183699	-0.000405725	2
-145.391	41.1148	-0.000205384	-0.000425407	2
-146.066	41.9266	-0.000227583	-0.000445159	2
-146.738	42.7351	-0.000250276	-0.000464955	2
-147.406	43.5401	-0.000273446	-0.00048477	2
-148.06	44.3324	-0.000296803	-0.000504351	2
-148.716	45.1305	-0.000320871	-0.000524126	2
-149.365	45.9249	-0.000345365	-0.000543843	2
-150.006	46.7157	-0.000370268	-0.000563476	2
-150.639	47.5027	-0.000395561	-0.000582999	2
-151.262	48.2861	-0.000421228	-0.000602386	2
-151.875	49.0655	-0.00044725	-0.000621612	2
-152.476	49.8411	-0.000473612	-0.000640651	2
-153.065	50.6128	-0.000500295	-0.000659476	2
-153.642	51.3805	-0.000527282	-0.000678063	2
-154.204	52.1442	-0.000554555	-0.000696385	2
-154.752	52.9037	-0.000582098	-0.000714417	2
-155.285	53.6592	-0.000609893	-0.000732133	2
-155.801	54.4104	-0.000637922	-0.000749507	2
-156.3	55.1573	-0.000666168	-0.000766514	2
-156.781	55.8999	-0.000694614	-0.000783127	2
-157.243	56.6382	-0.000723242	-0.000799321	2
-157.685	57.372	-0.000752035	-0.000815071	2
-158.107	58.1014	-0.000780976	-0.000830349	2
-158.508	58.8262	-0.000810048	-0.000845132	2
-158.886	59.5464	-0.000839232	-0.000859392	2
-159.241	60.262	-0.000868511	-0.000873104	2
-159.572	60.9728	-0.000897869	-0.000886242	2
-159.878	61.6789	-0.000927287	-0.000898781	2
-160.156	62.3722	-0.00095641	-0.000910562	2
-160.411	63.0687	-0.000985897	-0.000921833	2
-160.638	63.7603	-0.00101539	-0.000932427	2
-160.837	64.4468	-0.00104488	-0.000942319	2
-161.007	65.1284	-0.00107434	-0.000951482	2
-161.147	65.8049	-0.00110376	-0.000959893	2
-161.256	66.4762	-0.00113312	-0.000967523	2
-161.334	67.1423	-0.0011624	-0.000974349	2
-161.38	67.8032	-0.00119158	-0.000980343	2
-161.392	68.4588	-0.00122066	-0.000985481	2
-161.37	69.109	-0.0012496	-0.000989736	2
-161.313	69.7538	-0.00127839	-0.000993083	2
-161.22	70.3931	-0.00130702	-0.000995495	2
-161.091	71.0268	-0.00133547	-0.000996948	2
-160.924	71.655	-0.00136371	-0.000997416	2
-160.719	72.2776	-0.00139174	-0.000996871	2
-160.474	72.8945	-0.00141954	-0.00099529	2
-160.19	73.5056	-0.00144708	-0.000992646	2
-159.864	74.1109	-0.00147436	-0.000988913	2
-159.497	74.7103	-0.00150134	-0.000984066	2
-159.088	75.3039	-0.00152803	-0.000978079	2
-158.634	75.8914	-0.00155439	-0.000970925	2
-158.137	76.473	-0.00158041	-0.00096258	2
-157.601	77.0418	-0.00160579	-0.000953135	2
-157.013	77.6112	-0.00163109	-0.000942343	2
-156.378	78.1744	-0.001656	-0.000930283	2
-155.696	78.7314	-0.0016805	-0.000916929	2

-75.0012	2.01127	-3.47322e-07	2.03907e-08	2
-75.1201	2.9725	-2.9723e-05	1.48696e-06	2
-75.2666	3.92911	-5.84636e-05	2.39604e-06	2
-75.439	4.8701	-8.62479e-05	2.73153e-06	2
-75.6342	5.7852	-0.000112798	2.50364e-06	2
-75.8563	6.69598	-0.000138758	1.71134e-06	2
-76.1027	7.59199	-0.000163839	3.58291e-07	2
-76.3729	8.47352	-0.000188067	-1.55119e-06	2
-76.6663	9.34084	-0.000211468	-4.01281e-06	2
-76.9825	10.1943	-0.000234068	-7.02227e-06	2
-77.3208	11.034	-0.000255893	-1.05753e-05	2
-77.6809	11.8604	-0.00027697	-1.46675e-05	2
-78.0622	12.6738	-0.000297323	-1.92947e-05	2
-78.4641	13.4744	-0.000316979	-2.44525e-05	2
-78.8862	14.2624	-0.000335963	-3.01367e-05	2
-79.3279	15.0383	-0.000354303	-3.63429e-05	2
-79.7887	15.8022	-0.000372023	-4.30668e-05	2
-80.2681	16.5544	-0.00038915	-5.03043e-05	2
-80.7657	17.2953	-0.000405709	-5.80508e-05	2
-81.2808	18.0251	-0.000421727	-6.63022e-05	2
-81.8129	18.7441	-0.00043723	-7.50542e-05	2
-82.3616	19.4526	-0.000452243	-8.43024e-05	2
-82.9263	20.1509	-0.000466792	-9.40425e-05	2
-83.5065	20.8392	-0.000480904	-0.00010427	2
-84.1017	21.5178	-0.000494604	-0.000114981	2
-84.7114	22.1871	-0.000507919	-0.000126172	2
-85.3278	22.8397	-0.000520727	-0.0001377	2
-85.9647	23.4911	-0.000533351	-0.00014983	2
-86.6145	24.134	-0.000545667	-0.000162426	2
-87.2768	24.7686	-0.000557702	-0.000175484	2
-87.951	25.3953	-0.00056948	-0.000189	2
-88.6365	26.0142	-0.000581027	-0.000202969	2
-89.3329	26.6258	-0.00059237	-0.000217387	2
-90.0397	27.2302	-0.000603535	-0.00023225	2
-90.7563	27.8279	-0.000614548	-0.000247553	2
-91.4822	28.4189	-0.000625433	-0.000263293	2
-92.2169	29.0037	-0.000636219	-0.000279464	2
-92.9599	29.5825	-0.000646929	-0.000296062	2
-93.7106	30.1556	-0.000657591	-0.000313084	2
-94.4687	30.7232	-0.000668231	-0.000330525	2
-95.2334	31.2858	-0.000678873	-0.00034838	2
-96.0044	31.8434	-0.000689545	-0.000366646	2
-96.7811	32.3965	-0.000700272	-0.000385318	2
-97.5629	32.9453	-0.00071108	-0.000404391	2
-98.3495	33.4901	-0.000721995	-0.000423862	2
-99.1401	34.0312	-0.000733043	-0.000443726	2
-99.9345	34.5689	-0.000744251	-0.000463979	2
-100.732	35.1034	-0.000755643	-0.000484616	2
-101.532	35.635	-0.000767245	-0.000505634	2
-102.325	36.1579	-0.000778948	-0.00052678	2
-103.129	36.6847	-0.000791047	-0.00054854	2
-103.933	37.2094	-0.000803435	-0.000570669	2
-104.739	37.7324	-0.000816137	-0.00059316	2
-105.544	38.2539	-0.000829179	-0.00061601	2
-106.349	38.7743	-0.000842588	-0.000639215	2
-107.153	39.2937	-0.000856389	-0.00066277	2
-107.955	39.8126	-0.000870608	-0.00068667	2
-108.755	40.3311	-0.000885271	-0.000710912	2
-109.553	40.8496	-0.000900404	-0.000735492	2
-110.348	41.3683	-0.000916033	-0.000760405	2
-111.139	41.8876	-0.000932185	-0.000785646	2
-111.926	42.4077	-0.000948884	-0.000811211	2
-112.708	42.9288	-0.000966157	-0.000837097	2
-113.486	43.4513	-0.00098403	-0.000863299	2
-114.257	43.9755	-0.00100253	-0.000889812	2
-115.023	44.5016	-0.00102168	-0.000916632	2
-115.782	45.03	-0.00104151	-0.000943755	2
-116.533	45.5609	-0.00106204	-0.000971176	2
-117.277	46.0945	-0.0010833	-0.000998892	2
-118.013	46.6312	-0.00110532	-0.0010269	2
-118.74	47.1713	-0.00112812	-0.00105519	2
-119.457	47.7151	-0.00115172	-0.00108376	2
-120.165	48.2627	-0.00117616	-0.00111261	2
-120.855	48.8082	-0.00120116	-0.0011414	2
-121.542	49.3645	-0.00122734	-0.00117079	2
-122.217	49.9256	-0.00125442	-0.00120044	2
-122.881	50.4917	-0.00128244	-0.00123035	2
-123.532	51.0632	-0.00131143	-0.00126052	2
-124.171	51.6403	-0.0013414	-0.00129094	2
-124.796	52.2232	-0.00137239	-0.00132161	2
-125.407	52.8124	-0.00140442	-0.00135252	2
-126.004	53.4081	-0.00143751	-0.00138366	2
-126.586	54.0105	-0.0014717	-0.00141505	2
-127.152	54.6199	-0.00150701	-0.00144666	2
-127.703	55.2367	-0.00154346	-0.0014785	2
-128.237	55.8611	-0.00158108	-0.00151055	2
-128.754	56.4933	-0.0016199	-0.00154283	2
-129.253	57.1338	-0.00165994	-0.00157532	2
-129.735	57.7827	-0.00170123	-0.00160802	2
-130.197	58.4403	-0.00174379	-0.00164092	2
-130.641	59.1069	-0.00178765	-0.00167402	2
-131.066	59.7829	-0.00183284	-0.00170731	2
-131.47	60.4684	-0.00187939	-0.0017408	2
-131.853	61.1639	-0.0019273	-0.00177447	2
-132.216	61.8694	-0.00197663	-0.00180833	2
-132.556	62.5854	-0.00202738	-0.00184237	2
-132.872	63.3037	-0.00207898	-0.00187618	2
-133.168	64.0414	-0.00213266	-0.00191056	2
-133.441	64.7902	-0.00218784	-0.0019451	2
-133.69	65.5507	-0.00224455	-0.0019798	2

-25.0006	2.01142	-6.92317e-08	-4.04387e-07	2
-25.059	2.99	-4.36225e-06	-3.38971e-05	2
-25.1341	3.97315	-5.39821e-06	-6.52245e-05	2
-25.2249	4.94955	-3.15943e-06	-9.40265e-05	2
-25.33	5.9082	2.22166e-06	-0.000120059	2
-25.4515	6.8715	1.08192e-05	-0.000143971	2
-25.588	7.82837	2.25374e-05	-0.00016549	2
-25.7392	8.77893	3.73248e-05	-0.000184661	2
-25.9048	9.72326	5.51299e-05	-0.000201527	2
-26.0847	10.6615	7.5901e-05	-0.000216134	2
-26.2785	11.5937	9.95868e-05	-0.000228525	2
-26.486	12.52	0.000126136	-0.000238744	2
-26.7069	13.4406	0.000155496	-0.000246837	2
-26.9409	14.3554	0.000187616	-0.000252848	2
-27.1878	15.2647	0.000222445	-0.00025682	2
-27.4473	16.1685	0.000259931	-0.000258798	2
-27.7192	17.067	0.000300022	-0.000258827	2
-28.0031	17.9602	0.000342666	-0.00025695	2
-28.2988	18.8482	0.000387813	-0.000253213	2
-28.6061	19.7312	0.000435411	-0.000247659	2
-28.9246	20.6092	0.000485408	-0.000240333	2
-29.2542	21.4824	0.000537753	-0.000231279	2
-29.5945	22.3509	0.000592394	-0.000220542	2
-29.9453	23.2148	0.000649279	-0.000208165	2
-30.3063	24.0741	0.000708358	-0.000194193	2
-30.6773	24.9291	0.000769578	-0.000178671	2
-31.0535	25.77	0.000832149	-0.000161847	2
-31.4435	26.6165	0.000897474	-0.000143373	2
-31.8426	27.4589	0.000964787	-0.000123481	2
-32.2506	28.2973	0.00103404	-0.000102216	2
-32.6673	29.1319	0.00110517	-7.96213e-05	2
-33.0923	29.9626	0.00117814	-5.57414e-05	2
-33.5254	30.7898	0.00125288	-3.06208e-05	2
-33.9663	31.6133	0.00132936	-4.30391e-06	2
-34.4148	32.4334	0.00140752	2.31651e-05	2
-34.8705	33.2502	0.0014873	5.17418e-05	2
-35.3333	34.0637	0.00156866	8.13818e-05	2
-35.8029	34.8741	0.00165154	0.000112041	2
-36.279	35.6815	0.00173589	0.000143675	2
-36.7613	36.4859	0.00182167	0.000176239	2
-37.2496	37.2875	0.00190881	0.000209689	2
-37.7436	38.0864	0.00199727	0.000243981	2
-38.243	38.8828	0.002087	0.000279071	2
-38.7476	39.6766	0.00217794	0.000314913	2
-39.2571	40.468	0.00227004	0.000351464	2
-39.7712	41.2572	0.00236326	0.000388679	2
-40.2897	42.0442	0.00245753	0.000426515	2
-40.8124	42.8291	0.00255282	0.000464926	2
-41.3388	43.6121	0.00264906	0.000503869	2
-41.8628	44.3842	0.00274508	0.000542843	2
-42.3961	45.1635	0.00284307	0.00058271	2
-42.9324	45.9413	0.00294186	0.000622976	2
-43.4716	46.7175	0.00304141	0.000663597	2
-44.0133	47.4922	0.00314165	0.000704528	2
-44.5572	48.2656	0.00324254	0.000745726	2
-45.1031	49.0378	0.00334403	0.000787144	2
-45.6507	49.8089	0.00344606	0.00082874	2
-46.1998	50.579	0.00354859	0.000870469	2
-46.7501	51.3482	0.00365156	0.000912286	2
-47.3013	52.1166	0.00375492	0.000954147	2
-47.8532	52.8843	0.00385862	0.000996008	2
-48.4054	53.6514	0.0039626	0.00103783	2
-48.9578	54.4181	0.00406682	0.00107955	2
-49.51	55.1844	0.00417123	0.00112115	2
-50.0619	55.9504	0.00427577	0.00116257	2
-50.613	56.7162	0.00438039	0.00120376	2
-51.1633	57.4821	0.00448504	0.00124469	2
-51.7123	58.2479	0.00458967	0.00128531	2
-52.2599	59.014	0.00469422	0.00132557	2
-52.8057	59.7803	0.00479865	0.00136544	2
-53.3495	60.547	0.0049029	0.00140486	2
-53.8911	61.3141	0.00500693	0.0014438	2
-54.4301	62.0819	0.00511067	0.0014822	2
-54.9602	62.8415	0.0052129	0.00151959	2
-55.4934	63.6107	0.00531594	0.0015568	2
-56.0233	64.3809	0.00541854	0.00159335	2
-56.5496	65.152	0.00552066	0.00162919	2
-57.0721	65.9243	0.00562224	0.00166427	2
-57.5904	66.6978	0.00572324	0.00169856	2
-58.1044	67.4727	0.00582359	0.00173201	2
-58.6137	68.2489	0.00592325	0.00176457	2
-59.118	69.0268	0.00602217	0.0017962	2
-59.6172	69.8062	0.0061203	0.00182685	2
-60.111	70.5875	0.00621758	0.00185648	2
-60.599	71.3705	0.00631396	0.00188505	2
-61.081	72.1556	0.00640939	0.00191252	2
-61.5568	72.9428	0.00650383	0.00193883	2
-62.0261	73.7321	0.00659721	0.00196394	2
-62.4887	74.5237	0.00668948	0.00198781	2
-62.9441	75.3177	0.00678061	0.0020104	2
-63.3923	76.1142	0.00687052	0.00203166	2
-63.8329	76.9133	0.00695918	0.00205154	2
-64.2656	77.7152	0.00704653	0.00207001	2
-64.6903	78.5198	0.00713251	0.00208701	2
-65.1065	79.3274	0.00721709	0.00210251	2
-65.5142	80.138	0.0073002	0.00211645	2
-65.9084	80.9424	0.00738086	0.00212867	2
-66.298	81.7594	0.00746091	0.0021394	2
-66.6783	82.5797	0.00753934	0.00214844	2
-67.0488	83.4035	0.00761609	0.00215576	2

25	2.01259	5.42751e-07	-5.45489e-08	2
25.0103	3.08994	4.7834e-05	-5.71836e-06	2
25.0376	4.16873	9.68947e-05	-1.33897e-05	2
25.0814	5.23647	0.000147156	-2.29918e-05	2
25.141	6.28116	0.000197995	-3.43592e-05	2
25.2174	7.32721	0.000250569	-4.77341e-05	2
25.31	8.3625	0.000304266	-6.29729e-05	2
25.4183	9.38713	0.000359063	-8.00533e-05	2
25.5424	10.4012	0.000414932	-9.8953e-05	2
25.6819	11.4048	0.000471848	-0.00011965	2
25.8367	12.398	0.000529786	-0.000142121	2
26.0066	13.381	0.000588719	-0.000166344	2
26.1914	14.3538	0.000648623	-0.000192298	2
26.3908	15.3166	0.000709472	-0.000219959	2
26.6047	16.2694	0.000771239	-0.000249305	2
26.8329	17.2123	0.000833899	-0.000280314	2
27.0751	18.1454	0.000897427	-0.000312963	2
27.3312	19.0689	0.000961797	-0.000347231	2
27.601	19.9828	0.00102698	-0.000383095	2
27.8843	20.8872	0.00109296	-0.000420532	2
28.1808	21.7822	0.0011597	-0.000459521	2
28.4904	22.668	0.00122718	-0.000500038	2
28.8129	23.5446	0.00129537	-0.000542062	2
29.148	24.4121	0.00136426	-0.00058557	2
29.4957	25.2706	0.0014338	-0.00063054	2
29.8556	26.1203	0.00150398	-0.00067695	2
30.2232	26.9516	0.00157395	-0.000724219	2
30.6069	27.7838	0.00164532	-0.000773425	2
31.0023	28.6076	0.00171725	-0.000824003	2
31.4092	29.4228	0.00178971	-0.000875932	2
31.8273	30.2296	0.00186268	-0.000929189	2
32.2565	31.0281	0.00193614	-0.000983752	2
32.6966	31.8185	0.00201005	-0.0010396	2
33.1474	32.6007	0.00208439	-0.0010967	2
33.6086	33.375	0.00215914	-0.00115505	2
34.0802	34.1414	0.00223427	-0.00121461	2
34.5618	34.9	0.00230975	-0.00127537	2
35.0532	35.6508	0.00238556	-0.0013373	2
35.5544	36.3941	0.00246168	-0.00140038	2
36.065	37.1299	0.00253807	-0.00146458	2
36.5849	37.8583	0.00261471	-0.00152989	2
37.1139	38.5794	0.00269158	-0.00159628	2
37.6517	39.2933	0.00276865	-0.00166373	2
38.1983	40.0001	0.00284589	-0.00173222	2
38.7533	40.6999	0.00292328	-0.00180173	2
39.3166	41.3927	0.0030008	-0.00187223	2
39.8879	42.0788	0.00307841	-0.00194369	2
40.4672	42.7582	0.0031561	-0.00201611	2
41.0541	43.4309	0.00323383	-0.00208945	2
41.6416	44.0895	0.00331069	-0.00216284	2
42.2432	44.7494	0.00338843	-0.00223796	2
42.8518	45.403	0.00346615	-0.00231394	2
43.4674	46.0504	0.00354381	-0.00239075	2
44.0896	46.6917	0.00362139	-0.00246838	2
44.7183	47.3269	0.00369886	-0.0025468	2
45.3533	47.9562	0.0037762	-0.00262599	2
45.9943	48.5798	0.00385338	-0.00270593	2
46.6413	49.1975	0.00393037	-0.0027866	2
47.2939	49.8097	0.00400716	-0.00286796	2
47.952	50.4164	0.00408371	-0.00295001	2
48.6154	51.0176	0.00415999	-0.00303272	2
49.2838	51.6135	0.00423599	-0.00311606	2
49.9571	52.2041	0.00431168	-0.00320001	2
50.6352	52.7897	0.00438703	-0.00328456	2
51.3177	53.3702	0.00446201	-0.00336967	2
52.0044	53.9458	0.0045366	-0.00345534	2
52.6953	54.5166	0.00461078	-0.00354152	2
53.39	55.0826	0.00468452	-0.00362821	2
54.0884	55.644	0.00475779	-0.00371538	2
54.7903	56.2008	0.00483057	-0.003803	2
55.4955	56.7532	0.00490283	-0.00389106	2
56.2037	57.3013	0.00497454	-0.00397953	2
56.9148	57.8452	0.00504569	-0.0040684	2
57.6204	58.3787	0.00511543	-0.0041566	2
58.3367	58.9144	0.00518537	-0.00424617	2
59.0552	59.4462	0.00525466	-0.00433606	2
59.7759	59.9741	0.00532327	-0.00442626	2
60.4984	60.4983	0.00539119	-0.00451674	2
61.2226	61.0189	0.00545839	-0.00460747	2
61.9482	61.5358	0.00552484	-0.00469843	2
62.6752	62.0494	0.00559051	-0.00478961	2
63.4032	62.5596	0.00565539	-0.00488098	2
64.1321	63.0665	0.00571943	-0.00497251	2
64.8617	63.5703	0.00578263	-0.00506419	2
65.5918	64.0711	0.00584494	-0.00515599	2
66.3222	64.5689	0.00590636	-0.00524789	2
67.0526	65.0638	0.00596684	-0.00533987	2
67.7829	65.556	0.00602638	-0.0054319	2
68.513	66.0455	0.00608493	-0.00552397	2
69.2424	66.5324	0.00614247	-0.00561605	2
69.9712	67.0169	0.00619899	-0.00570811	2
70.6991	67.4991	0.00625444	-0.00580015	2
71.4258	67.979	0.00630882	-0.00589212	2
72.1512	68.4567	0.00636208	-0.00598402	2
72.8751	68.9323	0.00641421	-0.00607582	2
73.5973	69.406	0.00646518	-0.00616749	2
74.3093	69.8724	0.0065144	-0.00625796	2
75.0275	70.3425	0.00656299	-0.00634933	2
75.7434	70.8109	0.00661035	-0.0064405	2
76.4567	71.2777	0.00665643	-0.00653146	2

74.996	2.01208	-3.86215e-07	-1.99235e-07	2
74.665	3.04587	-3.34401e-05	-1.65768e-05	2
74.3578	4.0816	-6.65531e-05	-3.16443e-05	2
74.0781	5.10724	-9.93355e-05	-4.5235e-05	2
73.8283	6.11124	-0.000131413	-5.72499e-05	2
73.6022	7.117	-0.000163528	-6.80007e-05	2
73.4027	8.11284	-0.000195303	-7.73718e-05	2
73.2293	9.09883	-0.000226733	-8.53959e-05	2
73.0818	10.075	-0.000257817	-9.21054e-05	2
72.9598	11.0415	-0.000288549	-9.75329e-05	2
72.8629	11.9982	-0.000318928	-0.000101711	2
72.7909	12.9454	-0.000348949	-0.000104672	2
72.7434	13.8829	-0.000378609	-0.000106448	2
72.7201	14.811	-0.000407905	-0.000107073	2
72.7207	15.7296	-0.000436833	-0.000106578	2
72.7447	16.6388	-0.00046539	-0.000104997	2
72.792	17.5386	-0.000493573	-0.000102361	2
72.8621	18.4292	-0.000521379	-9.87028e-05	2
72.9548	19.3106	-0.000548803	-9.40557e-05	2
73.0697	20.1828	-0.000575843	-8.84517e-05	2
73.2064	21.0459	-0.000602495	-8.19236e-05	2
73.3647	21.8999	-0.000628755	-7.45037e-05	2
73.5442	22.7449	-0.000654621	-6.62245e-05	2
73.7446	23.581	-0.00068009	-5.71187e-05	2
73.9656	24.4082	-0.000705156	-4.72188e-05	2
74.2067	25.2266	-0.000729818	-3.65572e-05	2
74.4647	26.027	-0.000753796	-2.53014e-05	2
74.7451	26.828	-0.000777643	-1.32219e-05	2
75.0447	27.6204	-0.000801076	-4.78013e-07	2
75.3633	28.4041	-0.00082409	1.28978e-05	2
75.7004	29.1794	-0.000846683	2.6873e-05	2
76.0557	29.9461	-0.000868851	4.14151e-05	2
76.429	30.7044	-0.00089059	5.64915e-05	2
76.8199	31.4544	-0.000911898	7.20698e-05	2
77.228	32.1961	-0.000932771	8.81173e-05	2
77.653	32.9295	-0.000953205	0.000104602	2
78.0947	33.6547	-0.000973198	0.00012149	2
78.5526	34.3718	-0.000992746	0.00013875	2
79.0264	35.0808	-0.00101184	0.00015635	2
79.5158	35.7818	-0.00103049	0.000174256	2
80.0205	36.4748	-0.00104868	0.000192436	2
80.5402	37.16	-0.00106642	0.000210858	2
81.0744	37.8372	-0.00108369	0.000229489	2
81.623	38.5067	-0.00110049	0.000248297	2
82.1855	39.1685	-0.00111683	0.000267248	2
82.7616	39.8226	-0.00113269	0.000286311	2
83.351	40.469	-0.00114808	0.000305453	2
83.9534	41.1079	-0.00116299	0.000324642	2
84.5684	41.7393	-0.00117742	0.000343845	2
85.1884	42.3562	-0.00119121	0.000362808	2
85.8276	42.9728	-0.00120467	0.000381942	2
86.4783	43.5821	-0.00121763	0.000400992	2
87.1404	44.1842	-0.0012301	0.000419927	2
87.8135	44.779	-0.00124207	0.000438713	2
88.4973	45.3667	-0.00125354	0.000457319	2
89.1913	45.9473	-0.00126451	0.000475711	2
89.8954	46.5208	-0.00127496	0.000493857	2
90.6091	47.0873	-0.0012849	0.000511725	2
91.3321	47.6469	-0.00129433	0.000529282	2
92.0642	48.1997	-0.00130323	0.000546496	2
92.8049	48.7456	-0.00131162	0.000563333	2
93.554	49.2848	-0.00131947	0.000579762	2
94.311	49.8173	-0.0013268	0.00059575	2
95.0758	50.3431	-0.0013336	0.000611265	2
95.8479	50.8623	-0.00133986	0.000626273	2
96.627	51.3751	-0.00134558	0.000640743	2
97.4129	51.8813	-0.00135075	0.000654642	2
98.205	52.3811	-0.00135538	0.000667937	2
99.0033	52.8746	-0.00135946	0.000680596	2
99.8072	53.3618	-0.00136299	0.000692586	2
100.616	53.8427	-0.00136596	0.000703876	2
101.431	54.3175	-0.00136837	0.000714431	2
102.25	54.7861	-0.00137022	0.00072422	2
103.064	55.2434	-0.00137149	0.000733112	2
103.891	55.7001	-0.0013722	0.00074128	2
104.722	56.1507	-0.00137235	0.000748586	2
105.557	56.5955	-0.00137191	0.000754995	2
106.394	57.0345	-0.0013709	0.000760476	2
107.235	57.4676	-0.00136931	0.000764995	2
108.077	57.8951	-0.00136712	0.000768522	2
108.922	58.3168	-0.00136435	0.000771022	2
109.769	58.733	-0.00136098	0.000772463	2
110.617	59.1436	-0.00135702	0.000772814	2
111.466	59.5487	-0.00135246	0.000772041	2
112.315	59.9484	-0.00134729	0.000770111	2
113.166	60.3427	-0.00134151	0.000766993	2
114.016	60.7317	-0.00133513	0.000762654	2
114.866	61.1154	-0.00132813	0.000757061	2
115.715	61.4939	-0.00132051	0.000750181	2
116.564	61.8673	-0.00131228	0.000741983	2
117.411	62.2355	-0.00130342	0.000732433	2
118.257	62.5988	-0.00129393	0.0007215	2
119.101	62.957	-0.00128381	0.00070915	2
119.943	63.3103	-0.00127306	0.000695352	2
120.782	63.6588	-0.00126167	0.000680072	2
121.618	64.0025	-0.00124964	0.000663278	2
122.442	64.3375	-0.00123711	0.000645157	2
123.271	64.6718	-0.00122379	0.000625256	2
124.097	65.0015	-0.00120983	0.000603744	2
124.918	65.3266	-0.00119521	0.000580588	2

124.996	2.01132	4.85887e-07	-4.3602e-07	2
124.66	2.98694	4.05278e-05	-3.68974e-05	2
124.327	3.9773	7.75703e-05	-7.17218e-05	2
124.001	4.97086	0.000111193	-0.000104509	2
123.687	5.9559	0.000141134	-0.000134953	2
123.376	6.9551	0.000168154	-0.000163797	2
123.073	7.9568	0.000191952	-0.000190712	2
122.777	8.96076	0.000212595	-0.000215733	2
122.49	9.96674	0.000230148	-0.000238897	2
122.21	10.9745	0.000244677	-0.000260239	2
121.939	11.9839	0.000256248	-0.000279796	2
121.676	12.9945	0.000264928	-0.000297604	2
121.421	14.0063	0.000270783	-0.000313698	2
121.175	15.0189	0.000273878	-0.000328115	2
120.938	16.0322	0.000274281	-0.00034089	2
120.71	17.0458	0.000272056	-0.00035206	2
120.49	18.0596	0.000267269	-0.000361661	2
120.28	19.0733	0.000259988	-0.000369728	2
120.079	20.0867	0.000250278	-0.000376297	2
119.887	21.0996	0.000238205	-0.000381406	2
119.705	22.1117	0.000223835	-0.000385088	2
119.532	23.1228	0.000207234	-0.000387382	2
119.369	24.1327	0.000188469	-0.000388321	2
119.216	25.1411	0.000167605	-0.000387944	2
119.073	26.1478	0.000144709	-0.000386285	2
118.94	27.1525	0.000119846	-0.00038338	2
118.819	28.1436	9.34015e-05	-0.00037932	2
118.706	29.1438	6.48249e-05	-0.000374046	2
118.605	30.1413	3.44793e-05	-0.000367633	2
118.514	31.136	2.43077e-06	-0.000360119	2
118.433	32.1276	-3.12545e-05	-0.000351539	2
118.364	33.1159	-6.65105e-05	-0.000341929	2
118.306	34.1005	-0.000103271	-0.000331325	2
118.258	35.0814	-0.00014147	-0.000319764	2
118.223	36.0582	-0.000181042	-0.00030728	2
118.198	37.0308	-0.00022192	-0.00029391	2
118.186	37.9989	-0.000264039	-0.00027969	2
118.185	38.9622	-0.000307332	-0.000264657	2
118.195	39.9206	-0.000351733	-0.000248845	2
118.218	40.8737	-0.000397176	-0.000232292	2
118.253	41.8214	-0.000443595	-0.000215032	2
118.3	42.7635	-0.000490925	-0.000197103	2
118.36	43.6996	-0.000539098	-0.000178539	2
118.432	44.6296	-0.000588049	-0.000159378	2
118.517	45.5533	-0.000637711	-0.000139654	2
118.614	46.4703	-0.00068802	-0.000119405	2
118.725	47.3805	-0.000738908	-9.8665e-05	2
118.848	48.2836	-0.000790309	-7.74715e-05	2
118.985	49.1795	-0.000842158	-5.58599e-05	2
119.133	50.0576	-0.000893786	-3.41212e-05	2
119.296	50.9382	-0.000946329	-1.17854e-05	2
119.473	51.8108	-0.000999121	1.08609e-05	2
119.663	52.6752	-0.0010521	3.37816e-05	2
119.867	53.5311	-0.00110519	5.69408e-05	2
120.086	54.3783	-0.00115834	8.03024e-05	2
120.318	55.2166	-0.00121147	0.000103831	2
120.564	56.0457	-0.00126452	0.000127489	2
120.825	56.8654	-0.00131742	0.000151242	2
121.101	57.6755	-0.00137012	0.000175054	2
121.391	58.4757	-0.00142253	0.000198888	2
121.695	59.2658	-0.0014746	0.000222708	2
122.015	60.0456	-0.00152626	0.000246479	2
122.349	60.8148	-0.00157744	0.000270165	2
122.699	61.5732	-0.00162808	0.000293729	2
123.064	62.3206	-0.00167811	0.000317136	2
123.444	63.0567	-0.00172746	0.000340349	2
123.84	63.7813	-0.00177607	0.000363332	2
124.252	64.4942	-0.00182388	0.00038605	2
124.679	65.1951	-0.00187081	0.000408467	2
125.123	65.8838	-0.00191681	0.000430546	2
125.582	66.5601	-0.00196179	0.000452252	2
126.058	67.2237	-0.00200571	0.000473549	2
126.549	67.8744	-0.00204849	0.000494399	2
127.052	68.5047	-0.00208959	0.000514538	2
127.577	69.1291	-0.00212991	0.000534396	2
128.118	69.7399	-0.0021689	0.000553701	2
128.676	70.3368	-0.00220648	0.000572417	2
129.251	70.9197	-0.0022426	0.000590509	2
129.844	71.4883	-0.00227718	0.000607939	2
130.453	72.0423	-0.00231017	0.000624672	2
131.08	72.5816	-0.00234148	0.000640672	2
131.725	73.1059	-0.00237107	0.000655903	2
132.387	73.6149	-0.00239886	0.00067033	2
133.067	74.1085	-0.00242479	0.000683915	2
133.765	74.5864	-0.00244878	0.000696623	2
134.48	75.0484	-0.00247078	0.000708419	2
135.214	75.4942	-0.00249072	0.000719265	2
135.966	75.9236	-0.00250853	0.000729127	2
136.737	76.3364	-0.00252415	0.000737967	2
137.526	76.7323	-0.00253751	0.000745751	2
138.334	77.1111	-0.00254854	0.000752442	2
139.161	77.4726	-0.00255717	0.000758004	2
140.007	77.8165	-0.00256335	0.0007624	2
140.871	78.1427	-0.00256701	0.000765596	2
141.755	78.4507	-0.00256807	0.000767555	2
142.658	78.7406	-0.00256648	0.000768242	2
143.571	79.0089	-0.00256223	0.000767634	2
144.513	79.2617	-0.00255516	0.000765682	2
145.475	79.4956	-0.00254524	0.000762349	2
146.456	79.7103	-0.00253239	0.0007576	2

