-125.001	2.01208	-1.27528e-07	6.96583e-08	2
-125.071	3.04349	-1.07108e-05	5.58752e-06	2
-125.173	4.07265	-2.06628e-05	1.02352e-05	2
-125.304	5.08772	-2.98841e-05	1.39682e-05	2
-125.462	6.07754	-3.83085e-05	1.67839e-05	2
-125.651	7.06536	-4.61597e-05	1.87727e-05	2
-125.867	8.03984	-5.33638e-05	1.99219e-05	2
-126.111	9.00123	-5.99486e-05	2.02567e-05	2
-126.38	9.94979	-6.59421e-05	1.98022e-05	2
-126.676	10.8858	-7.13724e-05	1.85836e-05	2
-126.996	11.8094	-7.62673e-05	1.6626e-05	2
-127.34	12.7209	-8.06549e-05	1.39545e-05	2
-127.708	13.6206	-8.4563e-05	1.05943e-05	2
-128.098	14.5087	-8.80198e-05	6.57051e-06	2
-128.511	15.3855	-9.10531e-05	1.90827e-06	2
-128.945	16.2512	-9.3691e-05	-3.36727e-06	2
-129.399	17.106	-9.59613e-05	-9.23097e-06	2
-129.874	17.9503	-9.78921e-05	-1.56577e-05	2
-130.367	18.7842	-9.95113e-05	-2.26223e-05	2
-130.88	19.608	-0.000100847	-3.00996e-05	2
-131.41	20.4219	-0.000101927	-3.80646e-05	2
-131.957	21.2263	-0.000102779	-4.6492e-05	2
-132.52	22.0213	-0.000103432	-5.53567e-05	2
-133.099	22.8072	-0.000103912	-6.46336e-05	2
-133.693	23.5843	-0.000104249	-7.42975e-05	2
-134.301	24.3528	-0.000104471	-8.43234e-05	2
-134.916	25.1042	-0.000104603	-9.4565e-05	2
-135.55	25.8563	-0.000104677	-0.000105236	2
-136.197	26.6006	-0.000104719	-0.000116193	2
-136.855	27.3372	-0.000104756	-0.000127413	2
-137.523	28.0665	-0.000104818	-0.000138868	2
-138.202	28.7887	-0.000104931	-0.000150535	2
-138.89	29.504	-0.000105123	-0.000162388	2
-139.586	30.2128	-0.000105424	-0.000174403	2
-140.291	30.9151	-0.00010586	-0.000186553	2
-141.002	31.6114	-0.000106459	-0.000198814	2
-141.72	32.3018	-0.00010725	-0.00021116	2
-142.444	32.9866	-0.00010826	-0.000223567	2
-143.173	33.666	-0.000109518	-0.00023601	2
-143.906	34.3403	-0.000111051	-0.000248463	2
-144.642	35.0098	-0.000112888	-0.0002609	2
-145.382	35.6746	-0.000115056	-0.000273298	2
-146.123	36.3351	-0.000117583	-0.000285631	2
-146.866	36.9915	-0.000120498	-0.000297873	2
-147.61	37.644	-0.000123828	-0.00031	2
-148.354	38.2929	-0.000127601	-0.000321986	2
-149.098	38.9384	-0.000131846	-0.000333806	2
-149.84	39.5808	-0.000136589	-0.000345435	2
-150.58	40.2204	-0.00014186	-0.000356849	2
-151.308	40.85	-0.000147615	-0.000367894	2
-152.042	41.4846	-0.000154017	-0.000378803	2
-152.771	42.117	-0.00016103	-0.000389421	2
-153.496	42.7476	-0.000168681	-0.000399723	2
-154.215	43.3765	-0.000176999	-0.000409683	2
-154.927	44.0041	-0.000186012	-0.000419276	2
-155.633	44.6306	-0.000195747	-0.000428478	2
-156.331	45.2562	-0.000206233	-0.000437263	2
-157.02	45.8811	-0.000217497	-0.000445606	2
-157.7	46.5057	-0.000229568	-0.000453482	2
-158.37	47.1302	-0.000242473	-0.000460865	2
-159.03	47.7547	-0.000256241	-0.000467731	2
-159.679	48.3797	-0.000270899	-0.000474055	2
-160.315	49.0053	-0.000286476	-0.00047981	2
-160.939	49.6317	-0.000302998	-0.000484973	2
-161.549	50.2592	-0.000320495	-0.000489518	2
-162.145	50.8882	-0.000338995	-0.00049342	2
-162.727	51.5187	-0.000358524	-0.000496653	2
-163.292	52.1511	-0.000379112	-0.000499193	2
-163.842	52.7856	-0.000400786	-0.000501015	2
-164.374	53.4225	-0.000423574	-0.000502092	2
-164.889	54.062	-0.000447504	-0.000502401	2
-165.386	54.7044	-0.000472605	-0.000501916	2
-165.863	55.3499	-0.000498903	-0.000500612	2
-166.316	55.9912	-0.000526104	-0.000498493	2
-166.753	56.6437	-0.000554868	-0.000495486	2
-167.169	57.2999	-0.000584913	-0.000491584	2
-167.563	57.9603	-0.000616268	-0.000486762	2
-167.934	58.6251	-0.00064896	-0.000480996	2
-168.283	59.2944	-0.000683019	-0.000474261	2
-168.607	59.9686	-0.00071847	-0.00046653	2
-168.906	60.6479	-0.000755343	-0.00045778	2
-169.18	61.3326	-0.000793665	-0.000447985	2
-169.427	62.0228	-0.000833465	-0.000437119	2
-169.648	62.7189	-0.000874771	-0.000425158	2
-169.841	63.4212	-0.000917609	-0.000412076	2
-170.006	64.1297	-0.000962009	-0.000397849	2
-170.142	64.8449	-0.001008	-0.000382451	2
-170.248	65.5669	-0.0010556	-0.000365857	2
-170.324	66.296	-0.00110486	-0.000348042	2
-170.368	67.0325	-0.00115578	-0.000328981	2
-170.381	67.7766	-0.00120841	-0.000308648	2
-170.361	68.5285	-0.00126276	-0.000287019	2
-170.307	69.2885	-0.00131887	-0.000264068	2
-170.22	70.0569	-0.00137677	-0.000239771	2
-170.098	70.8338	-0.00143648	-0.000214101	2
-169.941	71.6196	-0.00149803	-0.000187035	2
-169.75	72.4053	-0.00156071	-0.000158882	2
-169.52	73.2095	-0.00162601	-0.000128962	2
-169.252	74.0232	-0.00169323	-9.75708e-05	2
-168.946	74.8467	-0.0017624	-6.4682e-05	2

-75.004	2.01374	2.2054e-07	1.763e-07	2
-75.362	3.18285	1.89209e-05	1.54314e-05	2
-75.745	4.34116	3.73052e-05	3.10499e-05	2
-76.1487	5.47533	5.51557e-05	4.68532e-05	2
-76.5678	6.57316	7.22792e-05	6.26543e-05	2
-77.0115	7.66057	8.90765e-05	7.88182e-05	2
-77.4748	8.72507	0.000105348	9.51598e-05	2
-77.9572	9.76706	0.000121097	0.000111677	2
-78.4585	10.787	0.000136326	0.000128367	2
-78.9781	11.7852	0.000151038	0.000145228	2
-79.5158	12.7621	0.000165235	0.000162257	2
-80.071	13.7182	0.000178921	0.000179453	2
-80.6436	14.6538	0.000192097	0.000196811	2
-81.233	15.5694	0.000204767	0.000214332	2
-81.839	16.4653	0.000216934	0.000232011	2
-82.461	17.342	0.0002286	0.000249847	2
-83.0988	18.1998	0.000239769	0.000267837	2
-83.752	19.0392	0.000250442	0.000285979	2
-84.4201	19.8607	0.000260622	0.00030427	2
-85.1028	20.6645	0.000270313	0.000322709	2
-85.7997	21.4511	0.000279518	0.000341293	2
-86.5105	22.2209	0.000288238	0.000360019	2
-87.2347	22.9744	0.000296476	0.000378885	2
-87.9719	23.7119	0.000304236	0.000397889	2
-88.7219	24.4338	0.000311521	0.000417028	2
-89.4842	25.1406	0.000318332	0.0004363	2
-90.2494	25.8247	0.000324602	0.00045548	2
-91.035	26.5026	0.000330481	0.00047501	2
-91.8318	27.1665	0.000335895	0.000494666	2
-92.6394	27.8169	0.000340847	0.000514446	2
-93.4573	28.4542	0.000345339	0.000534347	2
-94.2853	29.0787	0.000349375	0.000554367	2
-95.123	29.691	0.000352957	0.000574503	2
-95.9699	30.2914	0.000356088	0.000594754	2
-96.8257	30.8803	0.000358771	0.000615117	2
-97.69	31.4581	0.000361008	0.000635589	2
-98.5624	32.0252	0.000362803	0.000656169	2
-99.4425	32.5821	0.000364158	0.000676854	2
-100.33	33.1292	0.000365075	0.00069764	2
-101.225	33.6668	0.000365558	0.000718528	2
-102.126	34.1953	0.000365609	0.000739512	2
-103.033	34.7153	0.000365232	0.000760593	2
-103.946	35.227	0.000364428	0.000781766	2
-104.865	35.7309	0.000363201	0.00080303	2
-105.788	36.2274	0.000361553	0.000824383	2
-106.717	36.7169	0.000359487	0.000845821	2
-107.649	37.1998	0.000357006	0.000867343	2
-108.586	37.6766	0.000354113	0.000888947	2
-109.526	38.1476	0.00035081	0.000910629	2
-110.458	38.6079	0.000347145	0.000932138	2
-111.404	39.0686	0.000343036	0.000953971	2
-112.353	39.5248	0.000338526	0.000975875	2
-113.303	39.9768	0.000333617	0.000997849	2
-114.256	40.4251	0.000328312	0.00101989	2
-115.209	40.8701	0.000322614	0.001042	2
-116.163	41.3122	0.000316526	0.00106416	2
-117.118	41.7517	0.00031005	0.00108639	2
-118.073	42.1892	0.000303189	0.00110868	2
-119.028	42.625	0.000295947	0.00113102	2
-119.982	43.0595	0.000288325	0.00115342	2
-120.935	43.4931	0.000280327	0.00117586	2
-121.886	43.9262	0.000271955	0.00119836	2
-122.836	44.3593	0.000263212	0.0012209	2
-123.784	44.7928	0.0002541	0.00124348	2
-124.729	45.227	0.000244624	0.00126611	2
-125.671	45.6623	0.000234784	0.00128877	2
-126.61	46.0993	0.000224585	0.00131147	2
-127.545	46.5382	0.000214028	0.00133421	2
-128.476	46.9795	0.000203117	0.00135697	2
-129.403	47.4236	0.000191855	0.00137977	2
-130.325	47.871	0.000180243	0.00140259	2
-131.241	48.3219	0.000168286	0.00142544	2
-132.152	48.7769	0.000155985	0.00144831	2
-133.047	49.231	0.00014349	0.00147094	2
-133.946	49.6952	0.000130515	0.00149385	2
-134.838	50.1646	0.000117204	0.00151678	2
-135.723	50.6397	0.000103561	0.00153971	2
-136.6	51.1208	8.95888e-05	0.00156266	2
-137.47	51.6084	7.52894e-05	0.00158562	2
-138.331	52.1029	6.06659e-05	0.00160858	2
-139.184	52.6047	4.57211e-05	0.00163155	2
-140.028	53.1142	3.04578e-05	0.00165452	2
-140.862	53.6318	1.48787e-05	0.00167748	2
-141.686	54.1578	-1.01341e-06	0.00170045	2
-142.501	54.6929	-1.72158e-05	0.0017234	2
-143.305	55.2372	-3.37257e-05	0.00174635	2
-144.097	55.7913	-5.05403e-05	0.00176929	2
-144.879	56.3555	-6.76569e-05	0.00179222	2
-145.649	56.9302	-8.50727e-05	0.00181513	2
-146.407	57.516	-0.000102785	0.00183802	2
-147.152	58.1131	-0.000120791	0.0018609	2
-147.885	58.7219	-0.000139088	0.00188375	2
-148.604	59.343	-0.000157673	0.00190658	2
-149.31	59.9766	-0.000176543	0.00192938	2
-150.001	60.6233	-0.000195697	0.00195215	2
-150.679	61.2833	-0.00021513	0.00197489	2
-151.334	61.9494	-0.000234612	0.00199733	2
-151.982	62.6373	-0.000254593	0.00202	2
-152.614	63.3399	-0.000274846	0.00204263	2
-153.23	64.0575	-0.000295368	0.00206522	2

-25.0048	2.01196	-8.4865e-08	3.22445e-07	2
-25.4116	3.03992	-6.66057e-06	2.7679e-05	2
-25.8078	4.0785	-1.18695e-05	5.46081e-05	2
-26.1889	5.11574	-1.56425e-05	8.07968e-05	2
-26.551	6.13975	-1.79765e-05	0.000105966	2
-26.9025	7.17437	-1.89415e-05	0.00013071	2
-27.2394	8.20769	-1.85179e-05	0.000154742	2
-27.5618	9.23971	-1.67216e-05	0.000178071	2
-27.87	10.2705	-1.35684e-05	0.000200707	2
-28.1641	11.2999	-9.07426e-06	0.000222658	2
-28.4442	12.3282	-3.25489e-06	0.000243935	2
-28.7105	13.3551	3.87385e-06	0.000264547	2
-28.9632	14.3809	1.22961e-05	0.000284502	2
-29.2025	15.4054	2.19961e-05	0.000303812	2
-29.4285	16.4287	3.29579e-05	0.000322484	2
-29.6415	17.4509	4.51658e-05	0.000340529	2
-29.8415	18.4718	5.86038e-05	0.000357956	2
-30.0287	19.4916	7.32563e-05	0.000374774	2
-30.2034	20.5102	8.91072e-05	0.000390993	2
-30.3656	21.5276	0.000106141	0.000406622	2
-30.5157	22.5439	0.000124341	0.000421671	2
-30.6536	23.5591	0.000143693	0.000436148	2
-30.7796	24.5732	0.00016418	0.000450064	2
-30.894	25.5861	0.000185786	0.000463428	2
-30.9967	26.598	0.000208496	0.000476249	2
-31.0881	27.6088	0.000232293	0.000488537	2
-31.1673	28.6069	0.00025687	0.000500168	2
-31.2365	29.6155	0.000282784	0.000511423	2
-31.2949	30.6232	0.000309737	0.000522173	2
-31.3425	31.6297	0.000337716	0.000532427	2
-31.3795	32.6353	0.000366703	0.000542195	2
-31.4062	33.6398	0.000396683	0.000551486	2
-31.4227	34.6434	0.000427639	0.000560309	2
-31.4292	35.6459	0.000459558	0.000568675	2
-31.4258	36.6475	0.000492421	0.000576591	2
-31.4127	37.6481	0.000526214	0.000584068	2
-31.3901	38.6478	0.000560921	0.000591116	2
-31.3582	39.6465	0.000596526	0.000597743	2
-31.317	40.6442	0.000633013	0.000603959	2
-31.2669	41.6411	0.000670366	0.000609774	2
-31.2079	42.637	0.000708569	0.000615196	2
-31.1402	43.6321	0.000747607	0.000620235	2
-31.0641	44.6263	0.000787464	0.000624902	2
-30.9796	45.6195	0.000828124	0.000629204	2
-30.8869	46.612	0.000869571	0.000633152	2
-30.7863	47.6035	0.000911789	0.000636755	2
-30.6778	48.5943	0.000954762	0.000640022	2
-30.5617	49.5842	0.000998475	0.000642963	2
-30.4382	50.5733	0.00104291	0.000645587	2
-30.3088	51.5502	0.00108753	0.000647879	2
-30.1709	52.5377	0.00113336	0.000649901	2
-30.026	53.5244	0.00117987	0.000651635	2
-29.8742	54.5104	0.00122703	0.000653089	2
-29.7159	55.4956	0.00127484	0.000654274	2
-29.5511	56.48	0.00132328	0.000655198	2
-29.38	57.4637	0.00137234	0.000655871	2
-29.2028	58.4467	0.00142199	0.000656303	2
-29.0197	59.4289	0.00147222	0.000656502	2
-28.8307	60.4105	0.00152302	0.000656479	2
-28.6362	61.3914	0.00157436	0.000656242	2
-28.4362	62.3716	0.00162624	0.000655802	2
-28.231	63.3511	0.00167864	0.000655167	2
-28.0206	64.33	0.00173154	0.000654347	2
-27.8054	65.3082	0.00178493	0.000653352	2
-27.5853	66.2858	0.00183879	0.00065219	2
-27.3607	67.2628	0.0018931	0.000650871	2
-27.1317	68.2392	0.00194785	0.000649405	2
-26.8984	69.2149	0.00200303	0.000647802	2
-26.6611	70.1901	0.00205861	0.000646069	2
-26.4198	71.1647	0.00211458	0.000644218	2
-26.1748	72.1388	0.00217093	0.000642257	2
-25.9263	73.1123	0.00222764	0.000640196	2
-25.6744	74.0852	0.0022847	0.000638043	2
-25.4221	75.0465	0.00234142	0.000635836	2
-25.164	76.0184	0.00239911	0.000633531	2
-24.9029	76.9898	0.00245709	0.000631164	2
-24.6391	77.9607	0.00251536	0.000628743	2
-24.3728	78.9312	0.00257389	0.000626278	2
-24.104	79.9012	0.00263267	0.000623779	2
-23.8331	80.8707	0.00269169	0.000621255	2
-23.5602	81.8397	0.00275092	0.000618715	2
-23.2854	82.8083	0.00281035	0.00061617	2
-23.0089	83.7765	0.00286997	0.000613627	2
-22.7308	84.7443	0.00292976	0.000611097	2
-22.4515	85.7117	0.00298971	0.000608589	2
-22.1709	86.6787	0.00304979	0.000606113	2
-21.8893	87.6453	0.00311	0.000603678	2
-21.6069	88.6116	0.00317031	0.000601292	2
-21.3238	89.5775	0.00323071	0.000598967	2
-21.0402	90.543	0.00329119	0.000596711	2
-20.7563	91.5082	0.00335172	0.000594534	2
-20.4722	92.4731	0.0034123	0.000592444	2
-20.1881	93.4377	0.00347291	0.000590452	2
-19.9042	94.402	0.00353353	0.000588567	2
-19.6206	95.366	0.00359414	0.000586798	2
-19.3376	96.3298	0.00365474	0.000585155	2
-19.0585	97.2822	0.0037146	0.000583663	2
-18.777	98.2454	0.00377511	0.000582298	2
-18.4965	99.2084	0.00383555	0.000581087	2
-18.2173	100.171	0.0038959	0.000580039	2

24.9983	2.01348	-4.76194e-07	8.58375e-08	2
24.8693	3.15997	-4.12317e-05	7.58613e-06	2
24.7718	4.29492	-8.20661e-05	1.54118e-05	2
24.7071	5.40518	-0.000122505	2.34772e-05	2
24.6749	6.47871	-0.000162093	3.16861e-05	2
24.6739	7.54081	-0.000201753	4.02295e-05	2
24.7042	8.57917	-0.000241024	4.90138e-05	2
24.7654	9.59411	-0.000279908	5.80394e-05	2
24.8569	10.586	-0.000318408	6.73065e-05	2
24.9784	11.555	-0.000356526	7.68155e-05	2
25.1293	12.5016	-0.000394263	8.65668e-05	2
25.309	13.4261	-0.000431623	9.65606e-05	2
25.5173	14.3288	-0.000468607	0.000106797	2
25.7535	15.2099	-0.000505217	0.000117278	2
26.0172	16.0699	-0.000541455	0.000128001	2
26.308	16.9091	-0.000577324	0.000138969	2
26.6252	17.7277	-0.000612826	0.000150181	2
26.9686	18.5261	-0.000647963	0.000161638	2
27.3375	19.3046	-0.000682738	0.00017334	2
27.7315	20.0635	-0.000717151	0.000185287	2
28.1501	20.8032	-0.000751206	0.00019748	2
28.5928	21.524	-0.000784904	0.000209919	2
29.0593	22.2262	-0.000818248	0.000222604	2
29.5489	22.9101	-0.000851241	0.000235536	2
30.0612	23.576	-0.000883883	0.000248715	2
30.5957	24.2242	-0.000916177	0.000262142	2
31.1455	24.848	-0.000947761	0.000275657	2
31.7228	25.4622	-0.00097937	0.000289577	2
32.3209	26.0596	-0.00101064	0.000303745	2
32.9393	26.6407	-0.00104157	0.000318162	2
33.5775	27.2057	-0.00107216	0.000332828	2
34.2351	27.755	-0.00110242	0.000347743	2
34.9116	28.2889	-0.00113234	0.000362909	2
35.6065	28.8078	-0.00116193	0.000378324	2
36.3192	29.3118	-0.0011912	0.00039399	2
37.0495	29.8015	-0.00122014	0.000409907	2
37.7966	30.277	-0.00124875	0.000426076	2
38.5603	30.7387	-0.00127705	0.000442495	2
39.34	31.1869	-0.00130502	0.000459167	2
40.1351	31.622	-0.00133268	0.000476091	2
40.9454	32.0442	-0.00136002	0.000493268	2
41.7701	32.4539	-0.00138704	0.000510697	2
42.609	32.8515	-0.00141376	0.00052838	2
43.4615	33.2371	-0.00144017	0.000546316	2
44.3271	33.6112	-0.00146627	0.000564507	2
45.2053	33.9741	-0.00149206	0.000582951	2
46.0957	34.326	-0.00151755	0.000601651	2
46.9978	34.6674	-0.00154275	0.000620605	2
47.9111	34.9985	-0.00156764	0.000639815	2
48.8245	35.316	-0.00159196	0.000659055	2
49.7586	35.6276	-0.00161627	0.000678774	2
50.7026	35.9299	-0.00164028	0.000698749	2
51.6558	36.2232	-0.00166401	0.000718981	2
52.6179	36.5079	-0.00168745	0.00073947	2
53.5883	36.7841	-0.0017106	0.000760216	2
54.5665	37.0524	-0.00173348	0.00078122	2
55.5522	37.313	-0.00175607	0.000802482	2
56.5447	37.5661	-0.00177838	0.000824003	2
57.5437	37.8122	-0.00180041	0.000845782	2
58.5486	38.0516	-0.00182217	0.000867821	2
59.5589	38.2845	-0.00184366	0.000890119	2
60.5743	38.5113	-0.00186488	0.000912677	2
61.5941	38.7324	-0.00188583	0.000935495	2
62.618	38.9479	-0.00190651	0.000958574	2
63.6454	39.1584	-0.00192693	0.000981913	2
64.6759	39.364	-0.00194709	0.00100551	2
65.709	39.5651	-0.00196699	0.00102938	2
66.7442	39.762	-0.00198663	0.0010535	2
67.781	39.9551	-0.00200602	0.00107789	2
68.819	40.1446	-0.00202515	0.00110254	2
69.8576	40.3309	-0.00204404	0.00112745	2
70.8965	40.5144	-0.00206267	0.00115262	2
71.935	40.6952	-0.00208106	0.00117806	2
72.9609	40.8717	-0.002099	0.00120347	2
73.9974	41.0484	-0.0021169	0.00122943	2
75.0322	41.2235	-0.00213457	0.00125566	2
76.0649	41.3972	-0.00215199	0.00128216	2
77.0948	41.57	-0.00216918	0.00130892	2
78.1216	41.7421	-0.00218614	0.00133594	2
79.1448	41.9139	-0.00220287	0.00136323	2
80.1639	42.0857	-0.00221937	0.00139079	2
81.1783	42.2577	-0.00223564	0.00141861	2
82.1877	42.4304	-0.00225168	0.0014467	2
83.1915	42.6041	-0.0022675	0.00147506	2
84.1893	42.779	-0.00228311	0.00150369	2
85.1806	42.9555	-0.00229849	0.00153258	2
86.1649	43.134	-0.00231366	0.00156175	2
87.1417	43.3146	-0.00232861	0.00159118	2
88.1106	43.4978	-0.00234335	0.00162088	2
89.0711	43.6839	-0.00235788	0.00165085	2
90.0226	43.8732	-0.00237221	0.00168109	2
90.9648	44.0659	-0.00238633	0.0017116	2
91.8971	44.2626	-0.00240024	0.00174238	2
92.819	44.4633	-0.00241396	0.00177344	2
93.7301	44.6686	-0.00242747	0.00180476	2
94.63	44.8786	-0.00244079	0.00183635	2
95.5079	45.0913	-0.00245376	0.00186785	2
96.3838	45.3118	-0.0024667	0.00189999	2
97.247	45.5381	-0.00247944	0.0019324	2
98.0969	45.7705	-0.00249199	0.00196508	2

74.992	2.01306	-2.82266e-08	1.77933e-07	2
74.3234	3.13132	-3.03984e-06	1.55111e-05	2
73.6816	4.25203	-7.24488e-06	3.10825e-05	2
73.0742	5.36217	-1.259e-05	4.67112e-05	2
72.5073	6.44919	-1.89695e-05	6.22135e-05	2
71.9673	7.53837	-2.65069e-05	7.79467e-05	2
71.4606	8.61706	-3.51094e-05	9.37279e-05	2
70.9868	9.68527	-4.47516e-05	0.000109554	2
70.5456	10.743	-5.54085e-05	0.000125422	2
70.1365	11.7904	-6.70551e-05	0.000141328	2
69.7592	12.8273	-7.9666e-05	0.00015727	2
69.4133	13.8539	-9.32163e-05	0.000173244	2
69.0984	14.8701	-0.000107681	0.000189247	2
68.8142	15.876	-0.000123034	0.000205276	2
68.5602	16.8715	-0.000139252	0.000221329	2
68.3361	17.8569	-0.000156308	0.000237401	2
68.1414	18.8319	-0.000174178	0.00025349	2
67.9759	19.7967	-0.000192836	0.000269593	2
67.8391	20.7514	-0.000212258	0.000285706	2
67.7306	21.6958	-0.000232419	0.000301826	2
67.6501	22.6302	-0.000253292	0.000317951	2
67.5972	23.5543	-0.000274853	0.000334077	2
67.5715	24.4684	-0.000297078	0.000350201	2
67.5726	25.3724	-0.00031994	0.00036632	2
67.6001	26.2664	-0.000343414	0.00038243	2
67.6537	27.1503	-0.000367477	0.00039853	2
67.7319	28.0143	-0.000391815	0.00041443	2
67.8362	28.8784	-0.000416971	0.000430497	2
67.9653	29.7325	-0.000442639	0.000446544	2
68.1191	30.5767	-0.000468795	0.000462567	2
68.2969	31.411	-0.000495412	0.000478563	2
68.4986	32.2354	-0.000522467	0.00049453	2
68.7236	33.05	-0.000549933	0.000510463	2
68.9716	33.8548	-0.000577787	0.00052636	2
69.2423	34.6497	-0.000606002	0.000542217	2
69.5352	35.4349	-0.000634553	0.000558032	2
69.85	36.2104	-0.000663416	0.000573801	2
70.1862	36.9761	-0.000692565	0.000589522	2
70.5436	37.7321	-0.000721976	0.000605191	2
70.9216	38.4784	-0.000751622	0.000620805	2
71.3201	39.2151	-0.000781479	0.000636361	2
71.7384	39.9422	-0.000811522	0.000651855	2
72.1764	40.6596	-0.000841725	0.000667286	2
72.6335	41.3675	-0.000872064	0.000682648	2
73.1094	42.0659	-0.000902514	0.000697941	2
73.6038	42.7547	-0.000933048	0.000713159	2
74.1162	43.434	-0.000963643	0.000728301	2
74.6463	44.1038	-0.000994273	0.000743363	2
75.1937	44.7642	-0.00102491	0.000758342	2
75.7514	45.4078	-0.00105518	0.000773064	2
76.332	46.0495	-0.00108577	0.000787869	2
76.9288	46.6818	-0.00111629	0.000802581	2
77.5413	47.3047	-0.00114672	0.000817197	2
78.1692	47.9184	-0.00117703	0.000831716	2
78.8121	48.5227	-0.0012072	0.000846132	2
79.4696	49.1178	-0.00123721	0.000860444	2
80.1414	49.7036	-0.00126702	0.000874647	2
80.827	50.2802	-0.00129662	0.00088874	2
81.5261	50.8476	-0.00132598	0.000902718	2
82.2383	51.4058	-0.00135508	0.000916579	2
82.9632	51.9548	-0.00138388	0.00093032	2
83.7004	52.4948	-0.00141236	0.000943937	2
84.4496	53.0256	-0.0014405	0.000957428	2
85.2103	53.5474	-0.00146828	0.000970788	2
85.9822	54.0601	-0.00149566	0.000984016	2
86.765	54.5638	-0.00152263	0.000997108	2
87.5581	55.0585	-0.00154915	0.00101006	2
88.3613	55.5443	-0.00157521	0.00102287	2
89.1742	56.021	-0.00160078	0.00103554	2
89.9963	56.4889	-0.00162582	0.00104805	2
90.8274	56.9479	-0.00165033	0.00106042	2
91.6669	57.398	-0.00167427	0.00107263	2
92.5146	57.8392	-0.00169761	0.00108468	2
93.3602	58.2667	-0.00172008	0.00109644	2
94.2229	58.6904	-0.00174217	0.00110817	2
95.0926	59.1054	-0.00176359	0.00111973	2
95.9689	59.5116	-0.00178432	0.00113112	2
96.8515	59.909	-0.00180433	0.00114234	2
97.7399	60.2978	-0.0018236	0.00115338	2
98.6338	60.6779	-0.00184209	0.00116424	2
99.5328	61.0494	-0.0018598	0.00117492	2
100.436	61.4122	-0.00187668	0.00118541	2
101.344	61.7665	-0.00189273	0.00119572	2
102.256	62.1121	-0.0019079	0.00120583	2
103.172	62.4492	-0.00192218	0.00121575	2
104.091	62.7778	-0.00193554	0.00122547	2
105.012	63.0979	-0.00194795	0.00123498	2
105.936	63.4095	-0.0019594	0.0012443	2
106.862	63.7127	-0.00196985	0.0012534	2
107.789	64.0075	-0.00197928	0.0012623	2
108.718	64.2938	-0.00198766	0.00127098	2
109.648	64.5718	-0.00199498	0.00127944	2
110.578	64.8415	-0.0020012	0.00128768	2
111.509	65.1028	-0.0020063	0.0012957	2
112.439	65.3558	-0.00201025	0.0013035	2
113.368	65.6005	-0.00201304	0.00131106	2
114.286	65.8343	-0.00201461	0.00131831	2
115.213	66.0627	-0.00201499	0.00132541	2
116.138	66.2829	-0.00201413	0.00133227	2
117.062	66.4949	-0.00201199	0.00133888	2

124.997	2.00997	2.1039e-07	7.05309e-08	2
124.753	2.8705	1.70344e-05	5.69731e-06	2
124.493	3.74681	3.15284e-05	1.05229e-05	2
124.221	4.6287	4.35243e-05	1.45014e-05	2
123.94	5.50572	5.29688e-05	1.76257e-05	2
123.645	6.39805	6.01235e-05	1.99927e-05	2
123.34	7.29529	6.49069e-05	2.1586e-05	2
123.025	8.19722	6.73615e-05	2.24302e-05	2
122.7	9.10361	6.75296e-05	2.25499e-05	2
122.366	10.0143	6.54538e-05	2.19697e-05	2
122.023	10.9289	6.11763e-05	2.0714e-05	2
121.672	11.8474	5.47396e-05	1.88075e-05	2
121.314	12.7694	4.61862e-05	1.62748e-05	2
120.949	13.6948	3.55585e-05	1.31405e-05	2
120.577	14.6233	2.28987e-05	9.42901e-06	2
120.199	15.5547	8.24951e-06	5.16503e-06	2
119.815	16.4888	-8.34685e-06	3.73102e-07	2
119.427	17.4253	-2.68479e-05	-4.9222e-06	2
119.034	18.3641	-4.72112e-05	-1.06963e-05	2
118.637	19.3049	-6.93944e-05	-1.69246e-05	2
118.236	20.2474	-9.33551e-05	-2.35826e-05	2
117.833	21.1916	-0.000119051	-3.06456e-05	2
117.426	22.137	-0.000146439	-3.80892e-05	2
117.018	23.0836	-0.000175478	-4.58887e-05	2
116.609	24.0311	-0.000206124	-5.40195e-05	2
116.198	24.9793	-0.000238336	-6.24571e-05	2
115.792	25.9169	-0.000271674	-7.10752e-05	2
115.381	26.8658	-0.000306873	-8.00499e-05	2
114.971	27.8146	-0.00034351	-8.92579e-05	2
114.561	28.7632	-0.000381543	-9.86747e-05	2
114.154	29.7113	-0.00042093	-0.000108276	2
113.748	30.6588	-0.000461629	-0.000118036	2
113.345	31.6054	-0.000503596	-0.000127932	2
112.945	32.5508	-0.00054679	-0.000137938	2
112.548	33.495	-0.000591169	-0.00014803	2
112.156	34.4375	-0.000636689	-0.000158183	2
111.768	35.3783	-0.000683308	-0.000168373	2
111.385	36.3171	-0.000730984	-0.000178576	2
111.008	37.2536	-0.000779675	-0.000188766	2
110.637	38.1877	-0.000829337	-0.000198919	2
110.273	39.1191	-0.00087993	-0.00020901	2
109.915	40.0476	-0.000931409	-0.000219015	2
109.566	40.9729	-0.000983734	-0.00022891	2
109.224	41.895	-0.00103686	-0.000238669	2
108.891	42.8134	-0.00109075	-0.000248269	2
108.568	43.728	-0.00114535	-0.000257684	2
108.254	44.6387	-0.00120063	-0.00026689	2
107.95	45.5451	-0.00125654	-0.000275863	2
107.657	46.447	-0.00131305	-0.000284577	2
107.378	47.3339	-0.00136944	-0.000292914	2
107.107	48.2263	-0.00142699	-0.000301042	2
106.849	49.1135	-0.001485	-0.000308839	2
106.604	49.9954	-0.00154344	-0.000316279	2
106.371	50.8717	-0.00160225	-0.000323339	2
106.153	51.7421	-0.0016614	-0.000329993	2
105.948	52.6066	-0.00172085	-0.000336218	2
105.758	53.4648	-0.00178054	-0.000341988	2
105.584	54.3165	-0.00184045	-0.000347279	2
105.425	55.1616	-0.00190052	-0.000352067	2
105.283	55.9997	-0.00196072	-0.000356326	2
105.157	56.8306	-0.00202099	-0.000360033	2
105.048	57.6542	-0.00208131	-0.000363163	2
104.958	58.4702	-0.00214163	-0.00036569	2
104.885	59.2784	-0.0022019	-0.000367591	2
104.832	60.0785	-0.00226208	-0.000368841	2
104.797	60.8704	-0.00232213	-0.000369416	2
104.783	61.6538	-0.00238201	-0.00036929	2
104.788	62.4285	-0.00244167	-0.00036844	2
104.815	63.1942	-0.00250108	-0.00036684	2
104.863	63.9508	-0.00256018	-0.000364467	2
104.932	64.698	-0.00261895	-0.000361295	2
105.024	65.4356	-0.00267732	-0.0003573	2
105.139	66.1634	-0.00273528	-0.000352457	2
105.276	66.8729	-0.0027921	-0.000346813	2
105.437	67.5805	-0.00284908	-0.000340212	2
105.623	68.2776	-0.0029055	-0.000332689	2
105.834	68.9639	-0.00296133	-0.000324222	2
106.071	69.6394	-0.00301651	-0.000314784	2
106.333	70.3036	-0.00307102	-0.000304351	2
106.621	70.9565	-0.0031248	-0.000292899	2
106.937	71.5977	-0.00317782	-0.000280403	2
107.279	72.2272	-0.00323003	-0.000266838	2
107.65	72.8445	-0.00328139	-0.000252181	2
108.049	73.4496	-0.00333185	-0.000236405	2
108.477	74.0422	-0.00338138	-0.000219488	2
108.935	74.622	-0.00342993	-0.000201404	2
109.422	75.1889	-0.00347747	-0.000182128	2
109.94	75.7426	-0.00352393	-0.000161637	2
110.488	76.2829	-0.0035693	-0.000139905	2
111.069	76.8096	-0.00361351	-0.000116908	2
111.681	77.3225	-0.00365654	-9.2621e-05	2
112.325	77.8212	-0.00369833	-6.70201e-05	2
113.003	78.3057	-0.00373885	-4.00804e-05	2
113.714	78.7757	-0.00377805	-1.17774e-05	2
114.459	79.2309	-0.00381589	1.79136e-05	2
115.238	79.6712	-0.00385233	4.90172e-05	2
116.043	80.0914	-0.00388693	8.11755e-05	2
116.893	80.5013	-0.00392045	0.000115161	2
117.778	80.8955	-0.00395245	0.000150632	2
118.7	81.2739	-0.00398287	0.000187614	2

