-125.002	2.01147	-5.05407e-07	2.08336e-07	2
-125.186	2.9893	-4.33797e-05	1.75541e-05	2
-125.397	3.96115	-8.55815e-05	3.39622e-05	2
-125.631	4.91587	-0.000126631	4.92385e-05	2
-125.886	5.84306	-0.000166103	6.32409e-05	2
-126.166	6.76459	-0.00020494	7.63091e-05	2
-126.469	7.66988	-0.000242703	8.82884e-05	2
-126.794	8.55922	-0.000279419	9.9193e-05	2
-127.141	9.43292	-0.000315112	0.000109037	2
-127.509	10.2913	-0.00034981	0.000117835	2
-127.897	11.1346	-0.000383538	0.000125602	2
-128.306	11.9632	-0.000416322	0.00013235	2
-128.734	12.7773	-0.000448189	0.000138096	2
-129.181	13.5773	-0.000479165	0.000142853	2
-129.648	14.3634	-0.000509275	0.000146635	2
-130.132	15.136	-0.000538545	0.000149457	2
-130.635	15.8953	-0.000567003	0.000151333	2
-131.154	16.6418	-0.000594673	0.000152278	2
-131.691	17.3755	-0.000621582	0.000152305	2
-132.244	18.0969	-0.000647755	0.000151429	2
-132.813	18.8063	-0.00067322	0.000149665	2
-133.397	19.5039	-0.000698002	0.000147026	2
-133.997	20.1901	-0.000722127	0.000143527	2
-134.611	20.8651	-0.000745621	0.000139182	2
-135.239	21.5293	-0.00076851	0.000134006	2
-135.88	22.1829	-0.00079082	0.000128012	2
-136.527	22.819	-0.000812331	0.000121299	2
-137.194	23.4525	-0.000833568	0.000113723	2
-137.874	24.0764	-0.000854304	0.000105373	2
-138.565	24.691	-0.000874566	9.62622e-05	2
-139.267	25.2965	-0.000894378	8.6406e-05	2
-139.981	25.8932	-0.000913768	7.58184e-05	2
-140.704	26.4815	-0.000932762	6.45136e-05	2
-141.437	27.0617	-0.000951384	5.25059e-05	2
-142.18	27.634	-0.000969663	3.98096e-05	2
-142.932	28.1987	-0.000987623	2.64391e-05	2
-143.692	28.7562	-0.00100529	1.24087e-05	2
-144.46	29.3068	-0.00102269	-2.26738e-06	2
-145.235	29.8507	-0.00103985	-1.75748e-05	2
-146.017	30.3882	-0.0010568	-3.34992e-05	2
-146.806	30.9197	-0.00107356	-5.00264e-05	2
-147.602	31.4454	-0.00109016	-6.71419e-05	2
-148.402	31.9657	-0.00110662	-8.48316e-05	2
-149.208	32.4808	-0.00112297	-0.000103081	2
-150.019	32.991	-0.00113923	-0.000121876	2
-150.833	33.4968	-0.00115544	-0.000141202	2
-151.652	33.9982	-0.00117162	-0.000161045	2
-152.474	34.4957	-0.00118779	-0.000181391	2
-153.298	34.9896	-0.00120398	-0.000202224	2
-154.116	35.4744	-0.00122004	-0.000223285	2
-154.944	35.9619	-0.00123635	-0.000245047	2
-155.774	36.4466	-0.00125275	-0.000267255	2
-156.605	36.9289	-0.00126929	-0.000289893	2
-157.437	37.409	-0.00128597	-0.000312949	2
-158.268	37.8872	-0.00130283	-0.000336408	2
-159.099	38.3639	-0.00131989	-0.000360254	2
-159.929	38.8393	-0.00133718	-0.000384475	2
-160.758	39.3137	-0.00135473	-0.000409055	2
-161.585	39.7875	-0.00137255	-0.000433981	2
-162.409	40.261	-0.00139069	-0.000459237	2
-163.23	40.7343	-0.00140915	-0.00048481	2
-164.049	41.208	-0.00142798	-0.000510686	2
-164.863	41.6821	-0.00144719	-0.00053685	2
-165.673	42.1571	-0.00146681	-0.000563288	2
-166.479	42.6332	-0.00148686	-0.000589985	2
-167.279	43.1108	-0.00150739	-0.000616927	2
-168.073	43.5901	-0.0015284	-0.000644101	2
-168.862	44.0714	-0.00154992	-0.00067149	2
-169.644	44.5551	-0.00157199	-0.000699083	2
-170.419	45.0414	-0.00159462	-0.000726863	2
-171.186	45.5307	-0.00161785	-0.000754816	2
-171.945	46.0232	-0.0016417	-0.000782929	2
-172.696	46.5192	-0.00166619	-0.000811188	2
-173.43	47.0133	-0.00169106	-0.000839249	2
-174.162	47.5173	-0.00171691	-0.000867753	2
-174.885	48.0256	-0.00174349	-0.00089636	2
-175.597	48.5388	-0.00177082	-0.000925054	2
-176.299	49.0569	-0.00179892	-0.000953822	2
-176.989	49.5804	-0.00182782	-0.000982649	2
-177.668	50.1095	-0.00185755	-0.00101152	2
-178.334	50.6446	-0.00188814	-0.00104042	2
-178.988	51.1858	-0.00191961	-0.00106934	2
-179.628	51.7336	-0.00195198	-0.00109827	2
-180.255	52.2883	-0.00198528	-0.00112718	2
-180.868	52.8501	-0.00201954	-0.00115606	2
-181.466	53.4193	-0.00205479	-0.0011849	2
-182.049	53.9962	-0.00209104	-0.00121369	2
-182.617	54.5811	-0.00212833	-0.00124241	2
-183.168	55.1744	-0.00216669	-0.00127104	2
-183.703	55.7764	-0.00220613	-0.00129958	2
-184.222	56.3872	-0.00224669	-0.001328	2
-184.722	57.0073	-0.00228838	-0.0013563	2
-185.205	57.6369	-0.00233125	-0.00138445	2
-185.67	58.2763	-0.0023753	-0.00141245	2
-186.116	58.9259	-0.00242058	-0.00144028	2
-186.543	59.5859	-0.0024671	-0.00146793	2
-186.945	60.2489	-0.00251433	-0.00149507	2
-187.332	60.9305	-0.0025634	-0.00152231	2
-187.698	61.6234	-0.0026138	-0.00154932	2
-188.043	62.328	-0.00266554	-0.00157609	2

-75.0011	2.01087	-4.63832e-07	-2.05388e-07	2
-75.0977	2.94394	-3.81884e-05	-1.69841e-05	2
-75.2046	3.8849	-7.20388e-05	-3.21983e-05	2
-75.3205	4.82294	-0.000101615	-4.56724e-05	2
-75.4437	5.74735	-0.000126713	-5.73108e-05	2
-75.5771	6.67967	-0.000147979	-6.74138e-05	2
-75.719	7.60919	-0.000165161	-7.58663e-05	2
-75.8692	8.53593	-0.000178324	-8.26981e-05	2
-76.0277	9.45994	-0.00018753	-8.79393e-05	2
-76.1942	10.3813	-0.000192844	-9.16197e-05	2
-76.3686	11.2999	-0.000194329	-9.37693e-05	2
-76.5507	12.216	-0.000192049	-9.4418e-05	2
-76.7404	13.1295	-0.000186069	-9.35958e-05	2
-76.9375	14.0404	-0.00017645	-9.13327e-05	2
-77.1418	14.9489	-0.000163258	-8.76584e-05	2
-77.3532	15.8549	-0.000146556	-8.26031e-05	2
-77.5715	16.7585	-0.000126408	-7.61966e-05	2
-77.7965	17.6597	-0.000102878	-6.84688e-05	2
-78.0282	18.5586	-7.6029e-05	-5.94498e-05	2
-78.2662	19.4552	-4.59252e-05	-4.91694e-05	2
-78.5106	20.3495	-1.26303e-05	-3.76575e-05	2
-78.761	21.2416	2.3792e-05	-2.49442e-05	2
-79.0174	22.1316	6.32778e-05	-1.10594e-05	2
-79.2795	23.0194	0.000105763	3.9671e-06	2
-79.5473	23.9051	0.000151185	2.01052e-05	2
-79.8205	24.7888	0.000199479	3.73251e-05	2
-80.0958	25.6603	0.000249979	5.53809e-05	2
-80.3793	26.54	0.000303795	7.46628e-05	2
-80.6679	27.4178	0.000360292	9.4937e-05	2
-80.9612	28.2937	0.000419408	0.000116174	2
-81.2592	29.1677	0.000481078	0.000138342	2
-81.5617	30.0399	0.000545239	0.000161414	2
-81.8685	30.9104	0.000611826	0.000185358	2
-82.1794	31.779	0.000680776	0.000210144	2
-82.4943	32.6461	0.000752026	0.000235743	2
-82.8131	33.5114	0.000825511	0.000262125	2
-83.1356	34.3751	0.000901167	0.000289259	2
-83.4615	35.2373	0.000978932	0.000317117	2
-83.7908	36.0979	0.00105874	0.000345667	2
-84.1233	36.957	0.00114053	0.00037488	2
-84.4588	37.8147	0.00122423	0.000404726	2
-84.7972	38.671	0.00130979	0.000435175	2
-85.1382	39.5258	0.00139714	0.000466197	2
-85.4818	40.3794	0.00148621	0.000497763	2
-85.8278	41.2316	0.00157695	0.000529842	2
-86.176	42.0826	0.00166928	0.000562404	2
-86.5262	42.9324	0.00176315	0.000595419	2
-86.8783	43.781	0.00185848	0.000628858	2
-87.2321	44.6285	0.00195523	0.00066269	2
-87.5834	45.4651	0.00205218	0.000696491	2
-87.9402	46.3104	0.00215153	0.000731017	2
-88.2982	47.1547	0.0022521	0.000765847	2
-88.6573	47.998	0.00235382	0.00080095	2
-89.0173	48.8404	0.00245662	0.000836298	2
-89.3781	49.6819	0.00256046	0.000871861	2
-89.7395	50.5225	0.00266525	0.000907607	2
-90.1013	51.3624	0.00277094	0.000943508	2
-90.4633	52.2014	0.00287746	0.000979533	2
-90.8255	53.0397	0.00298476	0.00101565	2
-91.1876	53.8773	0.00309276	0.00105184	2
-91.5494	54.7142	0.0032014	0.00108806	2
-91.9109	55.5506	0.00331062	0.00112428	2
-92.2719	56.3863	0.00342035	0.00116048	2
-92.6321	57.2215	0.00353054	0.00119662	2
-92.9915	58.0562	0.00364111	0.00123268	2
-93.3499	58.8905	0.00375201	0.00126862	2
-93.707	59.7243	0.00386317	0.00130442	2
-94.0628	60.5577	0.00397452	0.00134004	2
-94.4171	61.3908	0.004086	0.00137546	2
-94.7697	62.2236	0.00419755	0.00141064	2
-95.1204	63.0562	0.00430911	0.00144556	2
-95.4692	63.8885	0.00442061	0.00148018	2
-95.8158	64.7207	0.00453198	0.00151448	2
-96.1561	65.5431	0.0046419	0.00154804	2
-96.4979	66.375	0.00475284	0.0015816	2
-96.837	67.2069	0.00486346	0.00161475	2
-97.1734	68.0387	0.00497371	0.00164746	2
-97.5067	68.8706	0.00508352	0.00167969	2
-97.8369	69.7025	0.00519283	0.00171142	2
-98.1639	70.5345	0.00530156	0.00174261	2
-98.4873	71.3666	0.00540967	0.00177324	2
-98.8071	72.199	0.00551707	0.00180327	2
-99.1232	73.0315	0.00562372	0.00183269	2
-99.4353	73.8643	0.00572955	0.00186145	2
-99.7433	74.6974	0.00583448	0.00188952	2
-100.047	75.5309	0.00593847	0.00191688	2
-100.346	76.3647	0.00604144	0.0019435	2
-100.641	77.1989	0.00614333	0.00196935	2
-100.931	78.0336	0.00624408	0.00199439	2
-101.216	78.8688	0.00634363	0.00201859	2
-101.496	79.7045	0.0064419	0.00204194	2
-101.77	80.5408	0.00653884	0.00206439	2
-102.04	81.3778	0.00663439	0.00208592	2
-102.303	82.2154	0.00672847	0.0021065	2
-102.561	83.0536	0.00682103	0.00212609	2
-102.813	83.8927	0.00691199	0.00214467	2
-103.057	84.7228	0.00700029	0.00216201	2
-103.297	85.5634	0.00708791	0.00217848	2
-103.53	86.4049	0.00717375	0.00219386	2
-103.757	87.2472	0.00725775	0.0022081	2

-24.9994	2.01256	1.55118e-07	2.51423e-08	2
-24.9337	3.0852	1.45799e-05	1.06324e-06	2
-24.8474	4.15548	3.13275e-05	-1.27331e-07	2
-24.7415	5.211	5.02028e-05	-3.54056e-06	2
-24.6178	6.24002	7.09129e-05	-9.06856e-06	2
-24.4735	7.26662	9.38996e-05	-1.6809e-05	2
-24.3104	8.27889	0.000118894	-2.66791e-05	2
-24.1287	9.27698	0.000145855	-3.86477e-05	2
-23.9285	10.261	0.000174744	-5.26836e-05	2
-23.7103	11.2312	0.00020552	-6.87557e-05	2
-23.4742	12.1876	0.000238142	-8.68328e-05	2
-23.2205	13.1305	0.000272572	-0.000106884	2
-22.9495	14.0599	0.000308767	-0.000128878	2
-22.6614	14.9759	0.000346689	-0.000152783	2
-22.3565	15.8789	0.000386297	-0.000178569	2
-22.0351	16.7688	0.000427551	-0.000206204	2
-21.6973	17.6459	0.00047041	-0.000235658	2
-21.3435	18.5102	0.000514835	-0.000266899	2
-20.974	19.362	0.000560786	-0.000299895	2
-20.5889	20.2013	0.000608221	-0.000334617	2
-20.1885	21.0284	0.000657102	-0.000371032	2
-19.7732	21.8434	0.000707387	-0.000409109	2
-19.3431	22.6464	0.000759037	-0.000448818	2
-18.8985	23.4375	0.000812011	-0.000490128	2
-18.4398	24.2169	0.00086627	-0.000533006	2
-17.967	24.9848	0.000921773	-0.000577422	2
-17.4862	25.7327	0.000977821	-0.000622809	2
-16.9865	26.4781	0.00103568	-0.000670191	2
-16.4735	27.2124	0.00109466	-0.000719018	2
-15.9477	27.9357	0.00115472	-0.000769259	2
-15.4091	28.6482	0.00121583	-0.000820883	2
-14.8582	29.3501	0.00127794	-0.000873858	2
-14.2951	30.0414	0.00134102	-0.000928153	2
-13.7201	30.7224	0.00140502	-0.000983738	2
-13.1335	31.3931	0.0014699	-0.00104058	2
-12.5355	32.0538	0.00153562	-0.00109865	2
-11.9264	32.7045	0.00160215	-0.00115792	2
-11.3064	33.3454	0.00166944	-0.00121835	2
-10.6759	33.9767	0.00173745	-0.00127991	2
-10.035	34.5985	0.00180614	-0.00134258	2
-9.38401	35.211	0.00187548	-0.00140631	2
-8.72323	35.8142	0.00194541	-0.00147109	2
-8.05288	36.4084	0.00201591	-0.00153688	2
-7.37323	36.9937	0.00208693	-0.00160364	2
-6.68454	37.5703	0.00215843	-0.00167135	2
-5.98708	38.1382	0.00223037	-0.00173998	2
-5.28109	38.6976	0.00230271	-0.00180949	2
-4.56683	39.2488	0.00237541	-0.00187985	2
-3.84458	39.7917	0.00244844	-0.00195104	2
-3.12301	40.3206	0.0025209	-0.00202219	2
-2.38561	40.8477	0.00259444	-0.00209492	2
-1.64099	41.3671	0.00266818	-0.00216837	2
-0.889388	41.8789	0.00274208	-0.00224253	2
-0.131081	42.3833	0.0028161	-0.00231735	2
0.633677	42.8804	0.0028902	-0.00239281	2
1.40463	43.3703	0.00296434	-0.00246887	2
2.18151	43.8532	0.00303847	-0.00254551	2
2.96406	44.3293	0.00311257	-0.00262269	2
3.75203	44.7987	0.00318659	-0.00270038	2
4.54515	45.2615	0.00326048	-0.00277855	2
5.34317	45.7178	0.00333422	-0.00285717	2
6.14582	46.1679	0.00340775	-0.0029362	2
6.95285	46.6119	0.00348104	-0.00301563	2
7.764	47.0499	0.00355405	-0.0030954	2
8.57901	47.4821	0.00362674	-0.00317551	2
9.39761	47.9086	0.00369906	-0.0032559	2
10.2196	48.3295	0.00377099	-0.00333656	2
11.0446	48.7451	0.00384246	-0.00341745	2
11.8724	49.1554	0.00391346	-0.00349854	2
12.7028	49.5606	0.00398394	-0.0035798	2
13.5356	49.9609	0.00405385	-0.00366119	2
14.3703	50.3563	0.00412315	-0.00374269	2
15.2068	50.7471	0.00419182	-0.00382427	2
16.0353	51.129	0.00425902	-0.00390495	2
16.8746	51.511	0.00432628	-0.00398658	2
17.7149	51.8887	0.00439278	-0.0040682	2
18.556	52.2624	0.00445848	-0.00414976	2
19.3976	52.6321	0.00452333	-0.00423125	2
20.2394	52.9981	0.0045873	-0.00431262	2
21.0811	53.3604	0.00465034	-0.00439386	2
21.9226	53.7192	0.00471242	-0.00447492	2
22.7636	54.0747	0.0047735	-0.00455577	2
23.6037	54.427	0.00483353	-0.00463639	2
24.4428	54.7763	0.00489247	-0.00471674	2
25.2805	55.1226	0.00495029	-0.00479679	2
26.1167	55.4662	0.00500695	-0.00487652	2
26.951	55.8072	0.00506239	-0.00495588	2
27.7832	56.1457	0.0051166	-0.00503485	2
28.6131	56.482	0.00516951	-0.0051134	2
29.4403	56.816	0.0052211	-0.0051915	2
30.2647	57.148	0.00527133	-0.00526911	2
31.0859	57.4781	0.00532014	-0.00534621	2
31.9037	57.8065	0.00536751	-0.00542275	2
32.7179	58.1334	0.0054134	-0.00549872	2
33.5281	58.4587	0.00545775	-0.00557408	2
34.3342	58.7828	0.00550054	-0.0056488	2
35.1266	59.1021	0.00554126	-0.005722	2
35.9236	59.4241	0.00558081	-0.00579535	2
36.7157	59.7452	0.00561868	-0.00586797	2
37.5025	60.0656	0.00565481	-0.00593983	2

24.9952	2.01186	-5.4759e-07	-4.11904e-08	2
24.5933	3.02766	-4.7034e-05	-3.31303e-06	2
24.2159	4.047	-9.2849e-05	-6.08925e-06	2
23.8673	5.05803	-0.000137456	-8.34457e-06	2
23.5509	6.04928	-0.000180375	-1.00776e-05	2
23.2588	7.04383	-0.000222616	-1.13444e-05	2
22.9945	8.03011	-0.000263683	-1.21379e-05	2
22.7579	9.00813	-0.000303588	-1.2474e-05	2
22.5484	9.97792	-0.000342343	-1.23686e-05	2
22.3658	10.9395	-0.00037996	-1.18376e-05	2
22.2097	11.8928	-0.000416449	-1.08969e-05	2
22.0798	12.838	-0.000451823	-9.56253e-06	2
21.9758	13.775	-0.000486092	-7.85031e-06	2
21.8973	14.7038	-0.000519269	-5.77618e-06	2
21.8439	15.6244	-0.000551365	-3.35606e-06	2
21.8154	16.5369	-0.000582391	-6.05862e-07	2
21.8114	17.4413	-0.000612359	2.4585e-06	2
21.8316	18.3376	-0.00064128	5.8211e-06	2
21.8756	19.2258	-0.000669166	9.46602e-06	2
21.943	20.1059	-0.000696028	1.33774e-05	2
22.0337	20.9779	-0.000721879	1.75392e-05	2
22.1471	21.8419	-0.000746729	2.19356e-05	2
22.283	22.6978	-0.000770589	2.65506e-05	2
22.441	23.5457	-0.000793472	3.13684e-05	2
22.6208	24.3856	-0.000815389	3.63731e-05	2
22.8221	25.2175	-0.000836352	4.15486e-05	2
23.0418	26.032	-0.000856146	4.6817e-05	2
23.2848	26.848	-0.000875245	5.22851e-05	2
23.5481	27.6561	-0.000893423	5.78766e-05	2
23.8316	28.4563	-0.000910692	6.35754e-05	2
24.1349	29.2485	-0.000927065	6.93658e-05	2
24.4576	30.0328	-0.000942551	7.52317e-05	2
24.7994	30.8092	-0.000957164	8.11574e-05	2
25.1599	31.5777	-0.000970913	8.71267e-05	2
25.5389	32.3383	-0.000983812	9.3124e-05	2
25.9359	33.0911	-0.000995871	9.91331e-05	2
26.3507	33.8361	-0.0010071	0.000105138	2
26.7829	34.5732	-0.00101752	0.000111123	2
27.2321	35.3025	-0.00102712	0.000117073	2
27.6981	36.024	-0.00103594	0.000122971	2
28.1805	36.7378	-0.00104397	0.000128801	2
28.6789	37.4437	-0.00105124	0.000134547	2
29.193	38.1419	-0.00105774	0.000140194	2
29.7225	38.8324	-0.0010635	0.000145725	2
30.2671	39.5151	-0.00106852	0.000151126	2
30.8263	40.1901	-0.00107281	0.000156379	2
31.3999	40.8574	-0.00107639	0.000161468	2
31.9875	41.5171	-0.00107927	0.000166379	2
32.5888	42.169	-0.00108146	0.000171095	2
33.1963	42.806	-0.00108296	0.000175549	2
33.8238	43.4427	-0.00108381	0.00017983	2
34.464	44.0718	-0.00108401	0.000183868	2
35.1165	44.6933	-0.00108356	0.000187648	2
35.781	45.3072	-0.00108248	0.000191153	2
36.4571	45.9135	-0.00108078	0.000194368	2
37.1446	46.5123	-0.00107847	0.000197276	2
37.8431	47.1035	-0.00107556	0.000199863	2
38.5522	47.6871	-0.00107206	0.000202111	2
39.2716	48.2632	-0.00106799	0.000204006	2
40.001	48.8318	-0.00106336	0.00020553	2
40.74	49.3929	-0.00105817	0.000206669	2
41.4883	49.9465	-0.00105244	0.000207406	2
42.2455	50.4927	-0.00104619	0.000207726	2
43.0114	51.0313	-0.00103941	0.000207612	2
43.7855	51.5626	-0.00103213	0.000207048	2
44.5676	52.0864	-0.00102436	0.000206019	2
45.3573	52.6027	-0.0010161	0.000204509	2
46.1542	53.1117	-0.00100737	0.000202501	2
46.9581	53.6133	-0.000998181	0.00019998	2
47.7686	54.1075	-0.000988542	0.00019693	2
48.5853	54.5944	-0.000978467	0.000193336	2
49.4079	55.0739	-0.000967966	0.00018918	2
50.2361	55.5461	-0.000957051	0.000184448	2
51.0599	56.0057	-0.000945865	0.000179187	2
51.8981	56.4633	-0.000934161	0.00017326	2
52.7409	56.9137	-0.000922077	0.000166709	2
53.588	57.3568	-0.000909625	0.000159518	2
54.4389	57.7926	-0.000896816	0.00015167	2
55.2934	58.2212	-0.000883662	0.00014315	2
56.151	58.6425	-0.000870174	0.000133942	2
57.0116	59.0567	-0.000856364	0.00012403	2
57.8747	59.4636	-0.000842244	0.000113399	2
58.74	59.8633	-0.000827824	0.000102031	2
59.6071	60.2559	-0.000813117	8.99119e-05	2
60.4757	60.6413	-0.000798133	7.7025e-05	2
61.3456	61.0196	-0.000782885	6.33546e-05	2
62.2162	61.3907	-0.000767384	4.88847e-05	2
63.0874	61.7547	-0.000751641	3.35994e-05	2
63.9587	62.1116	-0.000735668	1.74829e-05	2
64.8299	62.4614	-0.000719477	5.19088e-07	2
65.7005	62.8041	-0.000703078	-1.73078e-05	2
66.5703	63.1398	-0.000686484	-3.60138e-05	2
67.439	63.4684	-0.000669705	-5.56148e-05	2
68.306	63.79	-0.000652754	-7.61266e-05	2
69.1713	64.1046	-0.000635642	-9.75652e-05	2
70.0343	64.4122	-0.000618381	-0.000119947	2
70.8849	64.7093	-0.000601182	-0.000143013	2
71.7425	65.003	-0.000583657	-0.000167316	2
72.597	65.2897	-0.000566017	-0.00019261	2
73.4478	65.5695	-0.000548274	-0.000218909	2

74.9967	2.01062	2.51554e-07	-3.46936e-07	2
74.7141	2.92714	2.0545e-05	-2.95291e-05	2
74.4299	3.86074	3.84132e-05	-5.77476e-05	2
74.1476	4.80051	5.36572e-05	-8.46758e-05	2
73.8706	5.73527	6.61985e-05	-0.000110046	2
73.5928	6.68648	7.63807e-05	-0.000134468	2
73.3176	7.64302	8.40961e-05	-0.00015766	2
73.0452	8.6046	8.93971e-05	-0.000179641	2
72.776	9.57094	9.23365e-05	-0.000200433	2
72.51	10.5418	9.29667e-05	-0.000220054	2
72.2477	11.5168	9.13406e-05	-0.000238526	2
71.9891	12.4957	8.75106e-05	-0.000255869	2
71.7345	13.4782	8.15294e-05	-0.000272102	2
71.4843	14.4641	7.34495e-05	-0.000287245	2
71.2385	15.453	6.33237e-05	-0.000301319	2
70.9975	16.4447	5.12045e-05	-0.000314344	2
70.7615	17.4389	3.71446e-05	-0.000326341	2
70.5307	18.4354	2.11965e-05	-0.000337328	2
70.3053	19.4337	3.41283e-06	-0.000347327	2
70.0856	20.4336	-1.61537e-05	-0.000356357	2
69.8719	21.435	-3.74506e-05	-0.000364438	2
69.6643	22.4374	-6.04251e-05	-0.000371592	2
69.4632	23.4405	-8.50247e-05	-0.000377837	2
69.2686	24.4442	-0.000111197	-0.000383194	2
69.081	25.4481	-0.000138889	-0.000387683	2
68.9004	26.4519	-0.000168048	-0.000391324	2
68.7292	27.4439	-0.000198262	-0.00039411	2
68.5635	28.4468	-0.000230183	-0.000396125	2
68.4056	29.4487	-0.000263413	-0.000397352	2
68.2557	30.4494	-0.000297901	-0.000397812	2
68.1142	31.4487	-0.000333593	-0.000397525	2
67.9812	32.4462	-0.000370438	-0.00039651	2
67.857	33.4417	-0.000408382	-0.000394788	2
67.7417	34.4348	-0.000447373	-0.000392379	2
67.6357	35.4253	-0.000487358	-0.000389304	2
67.5392	36.4129	-0.000528285	-0.000385581	2
67.4523	37.3973	-0.000570101	-0.000381232	2
67.3755	38.3783	-0.000612754	-0.000376276	2
67.3088	39.3555	-0.00065619	-0.000370734	2
67.2525	40.3287	-0.000700358	-0.000364626	2
67.2069	41.2975	-0.000745204	-0.000357972	2
67.1722	42.2618	-0.000790676	-0.000350791	2
67.1486	43.2212	-0.000836721	-0.000343105	2
67.1364	44.1754	-0.000883288	-0.000334933	2
67.1358	45.1241	-0.000930322	-0.000326295	2
67.147	46.0671	-0.000977772	-0.000317212	2
67.1703	47.0041	-0.00102558	-0.000307704	2
67.2059	47.9348	-0.00107371	-0.00029779	2
67.2541	48.8588	-0.00112209	-0.000287492	2
67.3143	49.7656	-0.00117012	-0.000276953	2
67.3881	50.6757	-0.00121885	-0.000265948	2
67.4752	51.5784	-0.00126769	-0.000254618	2
67.5758	52.4734	-0.00131657	-0.000242984	2
67.6901	53.3604	-0.00136545	-0.000231065	2
67.8183	54.2391	-0.00141428	-0.000218881	2
67.9608	55.1092	-0.00146299	-0.000206453	2
68.1177	55.9705	-0.00151154	-0.000193801	2
68.2893	56.8226	-0.00155988	-0.000180944	2
68.4758	57.6653	-0.00160794	-0.000167904	2
68.6775	58.4983	-0.00165569	-0.000154699	2
68.8945	59.3213	-0.00170306	-0.000141351	2
69.1272	60.134	-0.00175001	-0.000127879	2
69.3758	60.9362	-0.00179648	-0.000114304	2
69.6404	61.7275	-0.00184242	-0.000100645	2
69.9213	62.5077	-0.00188777	-8.69232e-05	2
70.2189	63.2765	-0.00193249	-7.31581e-05	2
70.5332	64.0336	-0.00197652	-5.93699e-05	2
70.8646	64.7787	-0.00201981	-4.55789e-05	2
71.2132	65.5115	-0.00206231	-3.18051e-05	2
71.5794	66.2318	-0.00210395	-1.80686e-05	2
71.9633	66.9393	-0.0021447	-4.38973e-06	2
72.3653	67.6337	-0.0021845	9.21154e-06	2
72.7854	68.3147	-0.00222329	2.2715e-05	2
73.2189	68.9743	-0.0022606	3.59475e-05	2
73.676	69.6278	-0.00229724	4.91968e-05	2
74.152	70.2671	-0.00233272	6.22882e-05	2
74.6472	70.8918	-0.00236698	7.52015e-05	2
75.1618	71.5017	-0.00239997	8.79167e-05	2
75.696	72.0965	-0.00243165	0.000100414	2
76.2501	72.6759	-0.00246195	0.000112672	2
76.8244	73.2397	-0.00249083	0.000124672	2
77.419	73.7875	-0.00251823	0.000136393	2
78.0341	74.3191	-0.00254411	0.000147815	2
78.6701	74.8341	-0.0025684	0.000158919	2
79.3272	75.3324	-0.00259105	0.000169683	2
80.0056	75.8136	-0.00261201	0.000180088	2
80.7055	76.2774	-0.00263124	0.000190114	2
81.4271	76.7236	-0.00264867	0.00019974	2
82.1708	77.1518	-0.00266426	0.000208947	2
82.9368	77.5618	-0.00267795	0.000217714	2
83.7252	77.9533	-0.00268968	0.000226021	2
84.5363	78.326	-0.00269942	0.000233848	2
85.3704	78.6797	-0.0027071	0.000241175	2
86.2276	79.014	-0.00271266	0.000247982	2
87.1084	79.3287	-0.00271607	0.000254248	2
88.0127	79.6234	-0.00271727	0.000259954	2
88.9302	79.8949	-0.00271622	0.000265024	2
89.8823	80.1492	-0.00271285	0.000269556	2
90.8588	80.3827	-0.00270711	0.000273467	2
91.8599	80.5952	-0.00269895	0.000276737	2

125.001	2.01069	-3.2705e-08	1.87545e-07	2
125.052	2.92832	-2.93238e-06	1.55147e-05	2
125.068	3.85325	-6.04205e-06	2.94298e-05	2
125.049	4.7748	-9.3308e-06	4.17796e-05	2
124.996	5.68244	-1.27595e-05	5.24826e-05	2
124.91	6.59726	-1.64097e-05	6.18214e-05	2
124.792	7.50869	-2.02443e-05	6.96971e-05	2
124.643	8.41673	-2.42651e-05	7.6144e-05	2
124.462	9.32138	-2.84739e-05	8.11962e-05	2
124.252	10.2226	-3.28724e-05	8.48879e-05	2
124.013	11.1205	-3.74626e-05	8.72533e-05	2
123.746	12.0149	-4.22461e-05	8.83268e-05	2
123.452	12.906	-4.72248e-05	8.81423e-05	2
123.131	13.7936	-5.24005e-05	8.67343e-05	2
122.785	14.6779	-5.77748e-05	8.41368e-05	2
122.415	15.5587	-6.33497e-05	8.03841e-05	2
122.02	16.4361	-6.91268e-05	7.55104e-05	2
121.603	17.3102	-7.51081e-05	6.95499e-05	2
121.164	18.1807	-8.12952e-05	6.25368e-05	2
120.704	19.0479	-8.76901e-05	5.45053e-05	2
120.223	19.9117	-9.42943e-05	4.54897e-05	2
119.723	20.772	-0.00010111	3.55241e-05	2
119.204	21.6289	-0.000108138	2.46427e-05	2
118.668	22.4824	-0.000115382	1.28798e-05	2
118.115	23.3325	-0.000122842	2.69487e-07	2
117.545	24.1791	-0.00013052	-1.31539e-05	2
116.968	25.0126	-0.000138327	-2.71887e-05	2
116.369	25.8524	-0.000146445	-4.21274e-05	2
115.758	26.6887	-0.000154786	-5.7777e-05	2
115.133	27.5217	-0.000163353	-7.41033e-05	2
114.497	28.3511	-0.000172148	-9.10721e-05	2
113.85	29.1772	-0.000181172	-0.000108649	2
113.194	29.9998	-0.000190426	-0.0001268	2
112.528	30.8189	-0.000199913	-0.000145491	2
111.853	31.6346	-0.000209635	-0.000164688	2
111.172	32.4468	-0.000219593	-0.000184356	2
110.484	33.2556	-0.000229789	-0.000204461	2
109.79	34.0609	-0.000240225	-0.00022497	2
109.092	34.8628	-0.000250902	-0.000245847	2
108.389	35.6612	-0.000261823	-0.000267059	2
107.684	36.4561	-0.000272989	-0.000288571	2
106.976	37.2476	-0.000284402	-0.000310349	2
106.267	38.0356	-0.000296064	-0.00033236	2
105.557	38.8201	-0.000307976	-0.000354568	2
104.848	39.6011	-0.000320141	-0.00037694	2
104.14	40.3787	-0.00033256	-0.000399441	2
103.434	41.1528	-0.000345234	-0.000422037	2
102.731	41.9234	-0.000358167	-0.000444694	2
102.032	42.6906	-0.000371359	-0.000467378	2
101.346	43.4455	-0.000384656	-0.000489794	2
100.657	44.2057	-0.000398369	-0.00051243	2
99.9744	44.9624	-0.000412347	-0.00053499	2
99.2991	45.7157	-0.000426592	-0.00055744	2
98.632	46.4654	-0.000441105	-0.000579747	2
97.9738	47.2116	-0.000455889	-0.000601875	2
97.3254	47.9544	-0.000470944	-0.000623791	2
96.6878	48.6936	-0.000486273	-0.000645461	2
96.0617	49.4294	-0.000501878	-0.00066685	2
95.448	50.1616	-0.00051776	-0.000687923	2
94.8477	50.8904	-0.000533921	-0.000708648	2
94.2614	51.6156	-0.000550363	-0.000728989	2
93.6902	52.3373	-0.000567088	-0.000748913	2
93.1349	53.0555	-0.000584098	-0.000768385	2
92.5963	53.7702	-0.000601393	-0.000787371	2
92.0752	54.4814	-0.000618977	-0.000805837	2
91.5727	55.189	-0.000636851	-0.000823748	2
91.0894	55.8931	-0.000655016	-0.000841071	2
90.6263	56.5937	-0.000673475	-0.000857771	2
90.1843	57.2908	-0.000692229	-0.000873814	2
89.7641	57.9844	-0.00071128	-0.000889166	2
89.3667	58.6744	-0.00073063	-0.000903792	2
88.9929	59.3609	-0.00075028	-0.000917659	2
88.6437	60.0438	-0.000770233	-0.000930731	2
88.3233	60.7155	-0.000790256	-0.00094284	2
88.0252	61.3914	-0.000810815	-0.000954233	2
87.7543	62.0638	-0.000831682	-0.000964729	2
87.5112	62.7326	-0.000852859	-0.000974295	2
87.2969	63.3979	-0.000874347	-0.000982897	2
87.1122	64.0596	-0.000896148	-0.0009905	2
86.9581	64.7178	-0.000918264	-0.00099707	2
86.8353	65.3724	-0.000940697	-0.00100257	2
86.7448	66.0235	-0.000963448	-0.00100697	2
86.6873	66.671	-0.000986519	-0.00101024	2
86.6638	67.315	-0.00100991	-0.00101234	2
86.675	67.9554	-0.00103363	-0.00101323	2
86.722	68.5923	-0.00105767	-0.00101288	2
86.8055	69.2255	-0.00108204	-0.00101127	2
86.9264	69.8552	-0.00110674	-0.00100834	2
87.0855	70.4814	-0.00113177	-0.00100407	2
87.2837	71.1039	-0.00115714	-0.000998434	2
87.522	71.7229	-0.00118283	-0.000991384	2
87.801	72.3383	-0.00120887	-0.000982891	2
88.1218	72.9502	-0.00123524	-0.00097292	2
88.4851	73.5584	-0.00126195	-0.000961438	2
88.8919	74.1631	-0.00128901	-0.000948409	2
89.3429	74.7642	-0.0013164	-0.0009338	2
89.8331	75.3548	-0.00134383	-0.000917772	2
90.3748	75.9487	-0.00137191	-0.00089992	2
90.9633	76.5391	-0.00140035	-0.000880384	2
91.5995	77.1258	-0.00142913	-0.000859132	2

