-125.003	2.0099	-5.36635e-09	-5.50723e-08	2
-125.265	2.86505	-1.39824e-06	-4.97153e-06	2
-125.535	3.73811	-4.65714e-06	-1.02982e-05	2
-125.811	4.61886	-9.74091e-06	-1.59656e-05	2
-126.089	5.49679	-1.65247e-05	-2.18887e-05	2
-126.375	6.39201	-2.51309e-05	-2.81909e-05	2
-126.666	7.29408	-3.54549e-05	-3.47909e-05	2
-126.96	8.20269	-4.7461e-05	-4.16743e-05	2
-127.258	9.11756	-6.11134e-05	-4.88266e-05	2
-127.56	10.0384	-7.63763e-05	-5.62335e-05	2
-127.864	10.9649	-9.32139e-05	-6.38807e-05	2
-128.17	11.8968	-0.00011159	-7.17536e-05	2
-128.479	12.8338	-0.00013147	-7.9838e-05	2
-128.79	13.7756	-0.000152817	-8.81194e-05	2
-129.101	14.722	-0.000175595	-9.65835e-05	2
-129.414	15.6725	-0.000199769	-0.000105216	2
-129.727	16.627	-0.000225303	-0.000114002	2
-130.041	17.5852	-0.000252161	-0.000122928	2
-130.354	18.5467	-0.000280308	-0.000131979	2
-130.666	19.5112	-0.000309707	-0.00014114	2
-130.978	20.4785	-0.000340322	-0.000150398	2
-131.288	21.4484	-0.000372119	-0.000159738	2
-131.596	22.4204	-0.000405061	-0.000169146	2
-131.902	23.3943	-0.000439112	-0.000178606	2
-132.206	24.3698	-0.000474236	-0.000188106	2
-132.507	25.3467	-0.000510398	-0.00019763	2
-132.8	26.3133	-0.00054713	-0.000207054	2
-133.094	27.2919	-0.000585249	-0.000216584	2
-133.383	28.271	-0.000624299	-0.000226095	2
-133.668	29.2502	-0.000664244	-0.000235573	2
-133.948	30.2294	-0.000705049	-0.000245003	2
-134.223	31.2081	-0.000746676	-0.000254372	2
-134.492	32.1861	-0.000789091	-0.000263665	2
-134.755	33.163	-0.000832258	-0.000272868	2
-135.012	34.1388	-0.000876141	-0.000281965	2
-135.261	35.1129	-0.000920704	-0.000290943	2
-135.504	36.0852	-0.000965911	-0.000299788	2
-135.739	37.0553	-0.00101173	-0.000308484	2
-135.966	38.0229	-0.00105812	-0.000317018	2
-136.184	38.9878	-0.00110504	-0.000325375	2
-136.394	39.9497	-0.00115247	-0.000333541	2
-136.594	40.9083	-0.00120036	-0.000341501	2
-136.785	41.8633	-0.00124868	-0.000349242	2
-136.966	42.8143	-0.0012974	-0.000356748	2
-137.137	43.7612	-0.00134647	-0.000364005	2
-137.297	44.7036	-0.00139587	-0.000370999	2
-137.446	45.6412	-0.00144555	-0.000377715	2
-137.583	46.5738	-0.00149548	-0.00038414	2
-137.709	47.501	-0.00154563	-0.000390258	2
-137.821	48.412	-0.00159538	-0.000395991	2
-137.922	49.3277	-0.00164584	-0.000401457	2
-138.009	50.2371	-0.00169642	-0.000406574	2
-138.084	51.1401	-0.00174707	-0.000411327	2
-138.144	52.0363	-0.00179775	-0.000415703	2
-138.19	52.9254	-0.00184844	-0.000419685	2
-138.222	53.8071	-0.00189909	-0.000423261	2
-138.239	54.6811	-0.00194966	-0.000426416	2
-138.24	55.5471	-0.00200014	-0.000429135	2
-138.225	56.405	-0.00205046	-0.000431404	2
-138.195	57.2542	-0.00210061	-0.000433209	2
-138.148	58.0947	-0.00215055	-0.000434535	2
-138.083	58.926	-0.00220023	-0.000435367	2
-138.002	59.7479	-0.00224963	-0.000435692	2
-137.903	60.5601	-0.00229871	-0.000435496	2
-137.786	61.3623	-0.00234743	-0.000434762	2
-137.65	62.1542	-0.00239576	-0.000433479	2
-137.496	62.9355	-0.00244365	-0.00043163	2
-137.322	63.706	-0.00249109	-0.000429201	2
-137.128	64.4653	-0.00253802	-0.000426179	2
-136.915	65.2132	-0.00258441	-0.000422548	2
-136.681	65.9493	-0.00263023	-0.000418295	2
-136.426	66.6734	-0.00267545	-0.000413405	2
-136.15	67.3852	-0.00272002	-0.000407863	2
-135.857	68.0765	-0.00276341	-0.000401731	2
-135.537	68.7629	-0.00280659	-0.000394851	2
-135.196	69.4361	-0.00284903	-0.000387276	2
-134.832	70.0959	-0.00289067	-0.000378993	2
-134.444	70.7419	-0.0029315	-0.000369987	2
-134.033	71.3739	-0.00297146	-0.000360243	2
-133.598	71.9915	-0.00301053	-0.000349747	2
-133.139	72.5945	-0.00304867	-0.000338485	2
-132.656	73.1825	-0.00308585	-0.000326442	2
-132.147	73.7553	-0.00312202	-0.000313604	2
-131.612	74.3126	-0.00315716	-0.000299957	2
-131.052	74.8542	-0.00319122	-0.000285485	2
-130.466	75.3796	-0.00322418	-0.000270176	2
-129.853	75.8886	-0.00325599	-0.000254013	2
-129.213	76.381	-0.00328662	-0.000236984	2
-128.545	76.8564	-0.00331603	-0.000219073	2
-127.85	77.3146	-0.00334419	-0.000200266	2
-127.127	77.7553	-0.00337106	-0.000180549	2
-126.375	78.1781	-0.00339661	-0.000159908	2
-125.594	78.5827	-0.0034208	-0.000138327	2
-124.783	78.969	-0.0034436	-0.000115794	2
-123.943	79.3366	-0.00346496	-9.22919e-05	2
-123.073	79.6851	-0.00348486	-6.78081e-05	2
-122.183	80.0108	-0.00350305	-4.26263e-05	2
-121.252	80.3207	-0.00351992	-1.61468e-05	2
-120.29	80.6108	-0.00353522	1.13579e-05	2
-119.296	80.8807	-0.00354891	3.99022e-05	2

-74.9999	2.01154	-2.87601e-07	2.43439e-07	2
-75.0105	2.99897	-2.44879e-05	2.02805e-05	2
-75.0546	3.98808	-4.79149e-05	3.87702e-05	2
-75.1316	4.96747	-7.03085e-05	5.55101e-05	2
-75.2392	5.92618	-9.14557e-05	7.03781e-05	2
-75.379	6.88665	-0.000111876	8.37607e-05	2
-75.5493	7.83781	-0.000131344	9.55165e-05	2
-75.7493	8.77982	-0.000149888	0.000105687	2
-75.9781	9.7128	-0.000167536	0.000114312	2
-76.2349	10.6369	-0.000184314	0.000121434	2
-76.519	11.5523	-0.000200251	0.000127094	2
-76.8295	12.459	-0.000215373	0.000131332	2
-77.1656	13.3573	-0.000229708	0.00013419	2
-77.5266	14.2473	-0.000243283	0.00013571	2
-77.9116	15.1291	-0.000256127	0.000135931	2
-78.3198	16.0029	-0.000268265	0.000134896	2
-78.7505	16.8688	-0.000279727	0.000132645	2
-79.2028	17.7269	-0.000290538	0.00012922	2
-79.6759	18.5774	-0.000300727	0.000124662	2
-80.1691	19.4205	-0.000310321	0.000119011	2
-80.6815	20.2562	-0.000319347	0.000112309	2
-81.2123	21.0847	-0.000327833	0.000104598	2
-81.7608	21.9062	-0.000335806	9.5917e-05	2
-82.3261	22.7207	-0.000343294	8.63088e-05	2
-82.9074	23.5285	-0.000350324	7.58141e-05	2
-83.5039	24.3297	-0.000356924	6.4474e-05	2
-84.1078	25.1152	-0.000363051	5.24736e-05	2
-84.7322	25.9036	-0.000368876	3.95746e-05	2
-85.3695	26.6858	-0.000374352	2.5953e-05	2
-86.0188	27.4619	-0.000379507	1.16501e-05	2
-86.6794	28.2321	-0.000384368	-3.29308e-06	2
-87.3504	28.9965	-0.000388963	-1.88354e-05	2
-88.031	29.7553	-0.00039332	-3.49356e-05	2
-88.7204	30.5085	-0.000397464	-5.15528e-05	2
-89.4179	31.2564	-0.000401425	-6.86457e-05	2
-90.1226	31.9991	-0.000405229	-8.61731e-05	2
-90.8337	32.7367	-0.000408904	-0.000104094	2
-91.5505	33.4693	-0.000412477	-0.000122367	2
-92.2721	34.1971	-0.000415976	-0.000140952	2
-92.9977	34.9203	-0.000419428	-0.000159807	2
-93.7265	35.639	-0.00042286	-0.00017889	2
-94.4578	36.3533	-0.0004263	-0.000198161	2
-95.1907	37.0633	-0.000429776	-0.00021758	2
-95.9244	37.7693	-0.000433314	-0.000237103	2
-96.6582	38.4712	-0.000436942	-0.000256691	2
-97.3911	39.1694	-0.000440688	-0.000276303	2
-98.1225	39.8639	-0.00044458	-0.000295896	2
-98.8516	40.5549	-0.000448643	-0.000315431	2
-99.5774	41.2424	-0.000452906	-0.000334866	2
-100.291	41.9189	-0.000457344	-0.000353938	2
-101.008	42.6001	-0.000462086	-0.000373052	2
-101.72	43.2784	-0.000467111	-0.000391942	2
-102.425	43.9538	-0.000472444	-0.000410569	2
-103.123	44.6266	-0.000478114	-0.00042889	2
-103.813	45.2967	-0.000484148	-0.000446865	2
-104.494	45.9645	-0.000490574	-0.000464452	2
-105.166	46.63	-0.000497418	-0.000481611	2
-105.827	47.2934	-0.000504709	-0.000498299	2
-106.477	47.9548	-0.000512474	-0.000514477	2
-107.116	48.6143	-0.000520739	-0.000530103	2
-107.741	49.2722	-0.000529534	-0.000545136	2
-108.353	49.9284	-0.000538884	-0.000559535	2
-108.95	50.5833	-0.000548818	-0.000573258	2
-109.532	51.2368	-0.000559363	-0.000586265	2
-110.099	51.8892	-0.000570546	-0.000598514	2
-110.648	52.5406	-0.000582395	-0.000609964	2
-111.18	53.1912	-0.000594937	-0.000620574	2
-111.694	53.841	-0.000608199	-0.000630304	2
-112.188	54.4902	-0.00062221	-0.000639111	2
-112.662	55.139	-0.000636995	-0.000646955	2
-113.116	55.7875	-0.000652584	-0.000653794	2
-113.548	56.4359	-0.000669003	-0.000659588	2
-113.958	57.0842	-0.00068628	-0.000664295	2
-114.34	57.7252	-0.000704227	-0.00066784	2
-114.703	58.3739	-0.000723291	-0.000670264	2
-115.041	59.023	-0.000743294	-0.000671479	2
-115.353	59.6727	-0.000764264	-0.000671442	2
-115.639	60.323	-0.000786229	-0.000670114	2
-115.898	60.9741	-0.000809216	-0.000667453	2
-116.129	61.6263	-0.000833251	-0.000663418	2
-116.331	62.2795	-0.000858364	-0.000657968	2
-116.503	62.934	-0.000884581	-0.000651061	2
-116.645	63.5898	-0.000911929	-0.000642657	2
-116.756	64.2472	-0.000940436	-0.000632714	2
-116.835	64.9063	-0.00097013	-0.000621192	2
-116.881	65.5671	-0.00100104	-0.000608048	2
-116.894	66.2299	-0.00103319	-0.000593243	2
-116.872	66.8949	-0.0010666	-0.000576734	2
-116.815	67.562	-0.00110132	-0.000558481	2
-116.722	68.2315	-0.00113735	-0.000538443	2
-116.592	68.9035	-0.00117474	-0.000516578	2
-116.425	69.5782	-0.00121351	-0.000492846	2
-116.219	70.2557	-0.00125368	-0.000467204	2
-115.974	70.9361	-0.00129529	-0.000439613	2
-115.689	71.6195	-0.00133835	-0.000410031	2
-115.363	72.3062	-0.00138291	-0.000378417	2
-115	72.9883	-0.00142844	-0.000345128	2
-114.591	73.6818	-0.00147603	-0.000309351	2
-114.139	74.379	-0.0015252	-0.000271418	2
-113.642	75.0799	-0.00157596	-0.00023129	2

-25.0038	2.01272	-3.59764e-07	4.13484e-07	2
-25.339	3.09521	-3.10416e-05	3.53174e-05	2
-25.699	4.16797	-6.15701e-05	6.93222e-05	2
-26.0795	5.21866	-9.15981e-05	0.000102035	2
-26.4754	6.23594	-0.000120802	0.000133123	2
-26.8955	7.24384	-0.000149873	0.00016333	2
-27.3349	8.23077	-0.000178482	0.000192308	2
-27.7933	9.19712	-0.000206641	0.000220078	2
-28.2703	10.1433	-0.000234364	0.000246661	2
-28.7654	11.0695	-0.000261664	0.000272078	2
-29.2783	11.9764	-0.000288552	0.000296349	2
-29.8086	12.8641	-0.000315043	0.000319497	2
-30.3558	13.7331	-0.000341148	0.000341542	2
-30.9196	14.5837	-0.000366881	0.000362504	2
-31.4996	15.4164	-0.000392254	0.000382405	2
-32.0954	16.2314	-0.000417281	0.000401266	2
-32.7066	17.0293	-0.000441973	0.000419108	2
-33.3328	17.8102	-0.000466344	0.000435951	2
-33.9736	18.5747	-0.000490407	0.000451817	2
-34.6286	19.3231	-0.000514174	0.000466727	2
-35.2975	20.0557	-0.000537659	0.000480702	2
-35.9798	20.7729	-0.000560874	0.000493762	2
-36.6751	21.4752	-0.000583831	0.000505929	2
-37.383	22.1628	-0.000606544	0.000517223	2
-38.1032	22.8362	-0.000629026	0.000527666	2
-38.8352	23.4957	-0.000651289	0.000537279	2
-39.5701	24.1343	-0.000673093	0.000545985	2
-40.3245	24.7673	-0.000694959	0.000554009	2
-41.0896	25.3875	-0.000716645	0.000561264	2
-41.8649	25.9954	-0.000738163	0.000567774	2
-42.6502	26.5912	-0.000759526	0.000573557	2
-43.4449	27.1754	-0.000780748	0.000578635	2
-44.2487	27.7483	-0.00080184	0.00058303	2
-45.0612	28.3103	-0.000822816	0.000586762	2
-45.882	28.8617	-0.000843688	0.000589851	2
-46.7108	29.403	-0.000864469	0.00059232	2
-47.547	29.9346	-0.000885173	0.000594189	2
-48.3904	30.4567	-0.000905811	0.000595479	2
-49.2404	30.9697	-0.000926398	0.000596212	2
-50.0968	31.4742	-0.000946944	0.000596407	2
-50.9592	31.9703	-0.000967464	0.000596086	2
-51.8271	32.4585	-0.00098797	0.00059527	2
-52.7001	32.9391	-0.00100848	0.00059398	2
-53.5779	33.4126	-0.00102899	0.000592236	2
-54.46	33.8793	-0.00104953	0.000590061	2
-55.3461	34.3395	-0.00107011	0.000587475	2
-56.2358	34.7937	-0.00109074	0.000584498	2
-57.1286	35.2422	-0.00111143	0.000581152	2
-58.0243	35.6854	-0.0011322	0.000577458	2
-58.9119	36.1186	-0.00115282	0.000573485	2
-59.8119	36.5524	-0.00117377	0.000569161	2
-60.7135	36.9819	-0.00119484	0.000564551	2
-61.6163	37.4076	-0.00121604	0.000559677	2
-62.5199	37.8299	-0.00123738	0.000554559	2
-63.4239	38.2491	-0.00125887	0.000549219	2
-64.3279	38.6656	-0.00128052	0.000543677	2
-65.2316	39.0797	-0.00130236	0.000537954	2
-66.1345	39.4919	-0.00132438	0.000532072	2
-67.0362	39.9025	-0.00134661	0.000526051	2
-67.9364	40.3119	-0.00136906	0.000519912	2
-68.8346	40.7204	-0.00139173	0.000513677	2
-69.7305	41.1285	-0.00141465	0.000507366	2
-70.6236	41.5365	-0.00143782	0.000501	2
-71.5136	41.9447	-0.00146126	0.0004946	2
-72.4001	42.3536	-0.00148498	0.000488188	2
-73.2827	42.7635	-0.00150899	0.000481783	2
-74.1609	43.1748	-0.00153331	0.000475408	2
-75.0344	43.5879	-0.00155795	0.000469083	2
-75.9029	44.0031	-0.00158292	0.000462829	2
-76.7658	44.4209	-0.00160823	0.000456667	2
-77.6228	44.8415	-0.00163391	0.000450618	2
-78.4736	45.2653	-0.00165995	0.000444702	2
-79.3176	45.6928	-0.00168638	0.000438942	2
-80.145	46.1194	-0.00171289	0.000433421	2
-80.9746	46.5552	-0.00174011	0.000428032	2
-81.7963	46.9958	-0.00176776	0.00042286	2
-82.6098	47.4414	-0.00179584	0.000417927	2
-83.4146	47.8926	-0.00182437	0.000413253	2
-84.2104	48.3497	-0.00185336	0.00040886	2
-84.9967	48.8129	-0.00188282	0.000404769	2
-85.7732	49.2828	-0.00191277	0.000401	2
-86.5395	49.7597	-0.00194321	0.000397575	2
-87.2951	50.2439	-0.00197417	0.000394514	2
-88.0397	50.7358	-0.00200565	0.000391839	2
-88.7729	51.2358	-0.00203767	0.00038957	2
-89.4943	51.7444	-0.00207023	0.000387729	2
-90.2035	52.2617	-0.00210336	0.000386336	2
-90.9001	52.7883	-0.00213707	0.000385412	2
-91.5837	53.3244	-0.00217136	0.000384979	2
-92.254	53.8706	-0.00220625	0.000385057	2
-92.9104	54.427	-0.00224176	0.000385668	2
-93.5527	54.9942	-0.00227789	0.000386832	2
-94.1804	55.5724	-0.00231466	0.00038857	2
-94.7931	56.1621	-0.00235208	0.000390903	2
-95.3905	56.7636	-0.00239017	0.000393853	2
-95.9721	57.3773	-0.00242894	0.000397439	2
-96.5312	57.9964	-0.00246794	0.000401632	2
-97.0803	58.6354	-0.00250809	0.000406548	2
-97.6125	59.2878	-0.00254896	0.000412164	2
-98.1273	59.9539	-0.00259056	0.000418501	2

24.9965	2.01098	-6.90149e-07	2.39843e-07	2
24.7025	2.9554	-5.8097e-05	2.08654e-05	2
24.4117	3.91085	-0.000112291	4.17292e-05	2
24.1276	4.86635	-0.000162636	6.25921e-05	2
23.8533	5.8109	-0.000208669	8.32149e-05	2
23.5822	6.76647	-0.000251512	0.000104078	2
23.3177	7.72206	-0.000290663	0.000124942	2
23.0595	8.67765	-0.000326172	0.000145807	2
22.8077	9.63325	-0.000358092	0.000166674	2
22.5622	10.5888	-0.000386475	0.000187544	2
22.3229	11.5444	-0.000411374	0.000208418	2
22.0898	12.5	-0.000432841	0.000229295	2
21.8627	13.4555	-0.000450929	0.000250177	2
21.6417	14.4109	-0.00046569	0.000271063	2
21.4267	15.3664	-0.000477176	0.000291956	2
21.2177	16.3217	-0.00048544	0.000312855	2
21.0144	17.277	-0.000490534	0.000333761	2
20.817	18.2322	-0.00049251	0.000354674	2
20.6253	19.1873	-0.000491421	0.000375595	2
20.4393	20.1423	-0.000487319	0.000396525	2
20.2589	21.0972	-0.000480256	0.000417465	2
20.084	22.052	-0.000470286	0.000438414	2
19.9146	23.0067	-0.000457459	0.000459374	2
19.7506	23.9612	-0.000441829	0.000480345	2
19.592	24.9156	-0.000423448	0.000501328	2
19.4387	25.8698	-0.000402368	0.000522323	2
19.2923	26.8129	-0.00037893	0.000543089	2
19.1494	27.7668	-0.00035264	0.000564111	2
19.0116	28.7205	-0.000323807	0.000585146	2
18.8788	29.674	-0.000292485	0.000606197	2
18.751	30.6273	-0.000258725	0.000627262	2
18.6282	31.5805	-0.00022258	0.000648344	2
18.5102	32.5334	-0.000184102	0.000669442	2
18.397	33.486	-0.000143344	0.000690557	2
18.2886	34.4385	-0.000100358	0.00071169	2
18.1848	35.3906	-5.51963e-05	0.000732841	2
18.0857	36.3426	-7.91139e-06	0.000754012	2
17.9911	37.2942	4.14444e-05	0.000775201	2
17.901	38.2456	9.28187e-05	0.000796411	2
17.8154	39.1968	0.000146159	0.000817642	2
17.7341	40.1476	0.000201413	0.000838894	2
17.6572	41.0981	0.000258529	0.000860168	2
17.5845	42.0483	0.000317454	0.000881465	2
17.5159	42.9982	0.000378135	0.000902785	2
17.4515	43.9478	0.000440521	0.000924128	2
17.3912	44.897	0.000504559	0.000945496	2
17.3349	45.8459	0.000570196	0.000966889	2
17.2825	46.7944	0.00063738	0.000988308	2
17.234	47.7426	0.00070606	0.00100975	2
17.1898	48.6795	0.000775367	0.00103098	2
17.1488	49.6269	0.000846864	0.00105248	2
17.1116	50.5739	0.000919698	0.001074	2
17.0779	51.5206	0.000993819	0.00109556	2
17.0478	52.4668	0.00106917	0.00111714	2
17.0213	53.4126	0.00114571	0.00113876	2
16.9982	54.3579	0.00122337	0.0011604	2
16.9784	55.3029	0.00130211	0.00118208	2
16.962	56.2473	0.00138188	0.00120378	2
16.9489	57.1914	0.00146262	0.00122552	2
16.9389	58.1349	0.00154427	0.00124729	2
16.9321	59.078	0.00162679	0.0012691	2
16.9284	60.0206	0.00171013	0.00129094	2
16.9276	60.9627	0.00179423	0.00131281	2
16.9299	61.9044	0.00187904	0.00133472	2
16.935	62.8455	0.00196451	0.00135667	2
16.9429	63.786	0.00205058	0.00137865	2
16.9537	64.7261	0.00213721	0.00140067	2
16.9671	65.6656	0.00222434	0.00142272	2
16.9832	66.6046	0.00231191	0.00144482	2
17.0018	67.543	0.00239988	0.00146695	2
17.023	68.4808	0.00248819	0.00148912	2
17.0466	69.4181	0.0025768	0.00151134	2
17.0726	70.3548	0.00266564	0.00153359	2
17.1006	71.2802	0.00275365	0.00155563	2
17.1312	72.2157	0.00284281	0.00157796	2
17.1641	73.1505	0.00293205	0.00160034	2
17.199	74.0848	0.00302133	0.00162276	2
17.2361	75.0185	0.00311058	0.00164523	2
17.2752	75.9515	0.00319975	0.00166774	2
17.3162	76.8838	0.0032888	0.00169029	2
17.3591	77.8155	0.00337767	0.00171289	2
17.4039	78.7466	0.00346631	0.00173554	2
17.4505	79.6769	0.00355466	0.00175823	2
17.4988	80.6066	0.00364268	0.00178097	2
17.5487	81.5356	0.00373031	0.00180376	2
17.6002	82.4639	0.00381749	0.00182659	2
17.6533	83.3914	0.00390418	0.00184948	2
17.7078	84.3183	0.00399033	0.00187241	2
17.7638	85.2444	0.00407588	0.0018954	2
17.8211	86.1698	0.00416077	0.00191843	2
17.8796	87.0944	0.00424496	0.00194152	2
17.9394	88.0183	0.0043284	0.00196466	2
18.0004	88.9414	0.00441103	0.00198785	2
18.0624	89.8637	0.0044928	0.0020111	2
18.1255	90.7853	0.00457365	0.0020344	2
18.1896	91.706	0.00465354	0.00205775	2
18.2538	92.6154	0.00473151	0.00208089	2
18.3196	93.5345	0.00480933	0.00210435	2
18.3862	94.4529	0.00488602	0.00212787	2
18.4536	95.3704	0.00496154	0.00215145	2

74.9999	2.01298	-4.71459e-07	1.83988e-07	2
75.0073	3.11843	-3.98821e-05	1.5172e-05	2
75.0435	4.21429	-7.74928e-05	2.86746e-05	2
75.108	5.28786	-0.000112869	4.05379e-05	2
75.1993	6.32743	-0.000145679	5.06831e-05	2
75.319	7.35746	-0.000176723	5.93762e-05	2
75.466	8.366	-0.000205644	6.652e-05	2
75.6396	9.3533	-0.000232478	7.21447e-05	2
75.8396	10.3196	-0.000257264	7.62804e-05	2
76.0655	11.2653	-0.000280038	7.89573e-05	2
76.317	12.1905	-0.000300837	8.02055e-05	2
76.5935	13.0956	-0.000319699	8.00551e-05	2
76.8947	13.9808	-0.000336661	7.85362e-05	2
77.2201	14.8463	-0.000351759	7.56791e-05	2
77.5694	15.6925	-0.000365031	7.15138e-05	2
77.9421	16.5196	-0.000376515	6.60704e-05	2
78.3379	17.3279	-0.000386247	5.93792e-05	2
78.7562	18.1177	-0.000394265	5.14701e-05	2
79.1968	18.8891	-0.000400605	4.23735e-05	2
79.6591	19.6425	-0.000405305	3.21193e-05	2
80.1428	20.3782	-0.000408402	2.07377e-05	2
80.6474	21.0964	-0.000409933	8.25896e-06	2
81.1726	21.7974	-0.000409936	-5.28691e-06	2
81.7179	22.4814	-0.000408447	-1.98698e-05	2
82.2829	23.1488	-0.000405503	-3.54594e-05	2
82.8672	23.7997	-0.000401143	-5.20258e-05	2
83.4634	24.4273	-0.000395476	-6.93322e-05	2
84.0848	25.0464	-0.000388408	-8.77512e-05	2
84.7243	25.6498	-0.000380033	-0.000107057	2
85.3815	26.238	-0.00037039	-0.000127219	2
86.0559	26.811	-0.000359515	-0.000148208	2
86.7471	27.3692	-0.000347445	-0.000169992	2
87.4547	27.9129	-0.000334217	-0.000192543	2
88.1783	28.4423	-0.00031987	-0.00021583	2
88.9175	28.9577	-0.000304439	-0.000239823	2
89.6718	29.4594	-0.000287962	-0.000264491	2
90.4409	29.9476	-0.000270476	-0.000289805	2
91.2243	30.4225	-0.000252018	-0.000315735	2
92.0217	30.8846	-0.000232626	-0.000342249	2
92.8325	31.3339	-0.000212337	-0.000369319	2
93.6565	31.7709	-0.000191187	-0.000396914	2
94.4931	32.1957	-0.000169214	-0.000425004	2
95.342	32.6086	-0.000146456	-0.000453559	2
96.2028	33.01	-0.000122948	-0.000482548	2
97.075	33.4	-9.87292e-05	-0.000511942	2
97.9582	33.7789	-7.38357e-05	-0.00054171	2
98.852	34.1471	-4.8305e-05	-0.000571822	2
99.756	34.5047	-2.21741e-05	-0.000602249	2
100.67	34.852	4.51971e-06	-0.000632959	2
101.582	35.1855	3.14236e-05	-0.000663566	2
102.514	35.5132	5.91264e-05	-0.000694752	2
103.455	35.8315	8.72812e-05	-0.000726131	2
104.404	36.1405	0.000115851	-0.000757675	2
105.36	36.4407	0.000144798	-0.000789351	2
106.324	36.7321	0.000174085	-0.000821132	2
107.295	37.0152	0.000203676	-0.000852986	2
108.272	37.2901	0.000233533	-0.000884883	2
109.255	37.5572	0.000263618	-0.000916793	2
110.244	37.8166	0.000293896	-0.000948686	2
111.238	38.0688	0.000324328	-0.000980532	2
112.237	38.3139	0.000354878	-0.0010123	2
113.24	38.5521	0.000385508	-0.00104396	2
114.247	38.7839	0.000416181	-0.00107549	2
115.258	39.0094	0.00044686	-0.00110684	2
116.272	39.2289	0.000477508	-0.001138	2
117.289	39.4427	0.000508087	-0.00116893	2
118.308	39.6511	0.000538561	-0.0011996	2
119.329	39.8542	0.000568893	-0.00122999	2
120.352	40.0525	0.000599044	-0.00126005	2
121.375	40.246	0.000628979	-0.00128977	2
122.4	40.4352	0.000658659	-0.00131911	2
123.425	40.6203	0.000688048	-0.00134804	2
124.449	40.8015	0.000717109	-0.00137653	2
125.461	40.9771	0.000745477	-0.00140423	2
126.484	41.1515	0.000773774	-0.00143176	2
127.506	41.3228	0.000801631	-0.00145876	2
128.526	41.4913	0.000829012	-0.0014852	2
129.543	41.6573	0.000855879	-0.00151105	2
130.558	41.8211	0.000882195	-0.00153628	2
131.57	41.9829	0.000907923	-0.00156086	2
132.579	42.1429	0.000933026	-0.00158477	2
133.583	42.3016	0.000957466	-0.00160796	2
134.584	42.459	0.000981207	-0.00163041	2
135.579	42.6155	0.00100421	-0.00165209	2
136.57	42.7714	0.00102644	-0.00167298	2
137.555	42.9269	0.00104786	-0.00169303	2
138.534	43.0823	0.00106843	-0.00171222	2
139.507	43.2379	0.00108811	-0.00173052	2
140.473	43.3938	0.00110688	-0.0017479	2
141.432	43.5505	0.00112468	-0.00176433	2
142.383	43.7081	0.00114149	-0.00177978	2
143.327	43.867	0.00115726	-0.00179422	2
144.261	44.0273	0.00117196	-0.00180762	2
145.188	44.1895	0.00118555	-0.00181994	2
146.104	44.3536	0.001198	-0.00183117	2
147.011	44.5201	0.00120926	-0.00184126	2
147.898	44.6871	0.0012192	-0.00185009	2
148.785	44.8589	0.001228	-0.00185785	2
149.661	45.0338	0.00123551	-0.00186438	2
150.525	45.2121	0.00124168	-0.00186966	2

124.993	2.0123	-5.41015e-07	2.47655e-07	2
124.409	3.06573	-4.649e-05	2.11991e-05	2
123.852	4.12228	-9.18177e-05	4.17019e-05	2
123.329	5.16967	-0.000135995	6.15165e-05	2
122.846	6.19602	-0.000178546	8.04349e-05	2
122.39	7.22522	-0.000220472	9.89051e-05	2
121.966	8.24528	-0.000261284	0.000116711	2
121.576	9.25621	-0.000300994	0.000133862	2
121.217	10.258	-0.000339613	0.000150364	2
120.89	11.2507	-0.000377154	0.000166227	2
120.595	12.2343	-0.000413628	0.000181458	2
120.33	13.2088	-0.000449048	0.000196066	2
120.096	14.1743	-0.000483426	0.000210059	2
119.892	15.1306	-0.000516774	0.000223444	2
119.717	16.0779	-0.000549103	0.00023623	2
119.572	17.0162	-0.000580426	0.000248425	2
119.456	17.9454	-0.000610755	0.000260038	2
119.369	18.8656	-0.000640102	0.000271075	2
119.309	19.7767	-0.000668478	0.000281546	2
119.278	20.6788	-0.000695896	0.000291458	2
119.273	21.5719	-0.000722368	0.000300819	2
119.296	22.456	-0.000747905	0.000309639	2
119.345	23.3312	-0.000772521	0.000317924	2
119.42	24.1973	-0.000796226	0.000325682	2
119.522	25.0545	-0.000819033	0.000332923	2
119.648	25.9027	-0.000840953	0.000339654	2
119.798	26.7324	-0.000861763	0.000345814	2
119.973	27.5628	-0.000881957	0.000351555	2
120.173	28.3843	-0.0009013	0.00035681	2
120.397	29.1969	-0.000919806	0.000361587	2
120.644	30.0005	-0.000937485	0.000365895	2
120.914	30.7953	-0.00095435	0.000369742	2
121.207	31.5811	-0.000970412	0.000373135	2
121.522	32.3581	-0.000985684	0.000376083	2
121.859	33.1261	-0.00100018	0.000378594	2
122.217	33.8853	-0.00101391	0.000380676	2
122.596	34.6357	-0.00102688	0.000382337	2
122.996	35.3772	-0.00103911	0.000383585	2
123.416	36.1098	-0.00105061	0.000384428	2
123.856	36.8337	-0.00106139	0.000384875	2
124.315	37.5487	-0.00107147	0.000384934	2
124.794	38.2549	-0.00108085	0.000384612	2
125.291	38.9522	-0.00108955	0.000383918	2
125.806	39.6408	-0.00109758	0.00038286	2
126.339	40.3206	-0.00110495	0.000381446	2
126.89	40.9916	-0.00111167	0.000379684	2
127.457	41.6539	-0.00111776	0.000377582	2
128.042	42.3074	-0.00112323	0.000375148	2
128.642	42.9521	-0.00112809	0.000372391	2
129.251	43.5809	-0.0011323	0.000369355	2
129.883	44.2082	-0.00113598	0.000365979	2
130.53	44.8269	-0.00113909	0.000362303	2
131.191	45.4368	-0.00114163	0.000358335	2
131.867	46.038	-0.00114362	0.000354085	2
132.557	46.6306	-0.00114508	0.00034956	2
133.26	47.2144	-0.00114601	0.000344767	2
133.976	47.7896	-0.00114642	0.000339716	2
134.706	48.3561	-0.00114633	0.000334414	2
135.447	48.9139	-0.00114575	0.000328869	2
136.2	49.4631	-0.0011447	0.00032309	2
136.965	50.0037	-0.00114317	0.000317084	2
137.741	50.5356	-0.0011412	0.000310861	2
138.527	51.0589	-0.00113878	0.000304426	2
139.324	51.5736	-0.00113593	0.00029779	2
140.131	52.0797	-0.00113266	0.00029096	2
140.948	52.5772	-0.00112898	0.000283944	2
141.773	53.0661	-0.00112491	0.00027675	2
142.608	53.5465	-0.00112046	0.000269387	2
143.45	54.0183	-0.00111564	0.000261862	2
144.301	54.4815	-0.00111046	0.000254183	2
145.159	54.9361	-0.00110493	0.000246359	2
146.025	55.3823	-0.00109907	0.000238398	2
146.897	55.8199	-0.00109289	0.000230308	2
147.765	56.2441	-0.00108647	0.000222192	2
148.65	56.6647	-0.00107968	0.000213869	2
149.54	57.0769	-0.00107261	0.000205441	2
150.435	57.4806	-0.00106526	0.000196916	2
151.335	57.8758	-0.00105765	0.000188303	2
152.239	58.2625	-0.00104979	0.000179609	2
153.148	58.6407	-0.00104169	0.000170842	2
154.06	59.0105	-0.00103336	0.000162011	2
154.975	59.3719	-0.00102482	0.000153124	2
155.893	59.7248	-0.00101608	0.000144189	2
156.814	60.0693	-0.00100714	0.000135214	2
157.736	60.4053	-0.000998031	0.000126207	2
158.661	60.733	-0.000988753	0.000117175	2
159.586	61.0523	-0.00097932	0.000108129	2
160.512	61.3631	-0.000969746	9.90741e-05	2
161.439	61.6656	-0.00096004	9.00201e-05	2
162.366	61.9597	-0.000950217	8.09747e-05	2
163.292	62.2455	-0.000940287	7.19459e-05	2
164.218	62.5228	-0.000930263	6.2942e-05	2
165.142	62.7919	-0.000920157	5.39709e-05	2
166.065	63.0526	-0.00090998	4.50409e-05	2
166.986	63.305	-0.000899745	3.616e-05	2
167.905	63.5491	-0.000889464	2.73363e-05	2
168.81	63.7821	-0.000879267	1.86782e-05	2
169.723	64.0097	-0.000868929	9.99233e-06	2
170.633	64.229	-0.000858581	1.38795e-06	2
171.538	64.4399	-0.000848235	-7.12688e-06	2

