-125.007	2.01307	5.82848e-07	-1.93024e-07	2
-125.589	3.13376	4.88324e-05	-1.58729e-05	2
-126.153	4.26024	9.39159e-05	-2.99067e-05	2
-126.691	5.37941	0.000135318	-4.21356e-05	2
-127.197	6.47849	0.000172694	-5.24833e-05	2
-127.685	7.583	0.00020698	-6.12244e-05	2
-128.147	8.68007	0.000237788	-6.82625e-05	2
-128.585	9.76967	0.000265188	-7.36318e-05	2
-128.998	10.8518	0.000289247	-7.73664e-05	2
-129.386	11.9263	0.000310033	-7.95005e-05	2
-129.751	12.9933	0.000327614	-8.00681e-05	2
-130.091	14.0526	0.00034206	-7.91034e-05	2
-130.408	15.1042	0.000353437	-7.66405e-05	2
-130.701	16.1482	0.000361814	-7.27136e-05	2
-130.97	17.1843	0.000367259	-6.73569e-05	2
-131.217	18.2127	0.000369841	-6.06043e-05	2
-131.441	19.2333	0.000369627	-5.24902e-05	2
-131.642	20.246	0.000366686	-4.30485e-05	2
-131.82	21.2508	0.000361086	-3.23135e-05	2
-131.977	22.2476	0.000352895	-2.03193e-05	2
-132.111	23.2365	0.000342181	-7.09996e-06	2
-132.223	24.2173	0.000329012	7.31033e-06	2
-132.314	25.1901	0.000313457	2.28774e-05	2
-132.384	26.1547	0.000295583	3.95673e-05	2
-132.432	27.1112	0.000275459	5.73456e-05	2
-132.459	28.0595	0.000253153	7.61784e-05	2
-132.466	28.9889	0.000229026	9.57976e-05	2
-132.452	29.9208	0.000202584	0.000116626	2
-132.418	30.8444	0.000174164	0.000138406	2
-132.363	31.7597	0.000143833	0.000161105	2
-132.289	32.6666	0.000111661	0.000184688	2
-132.195	33.565	7.77145e-05	0.000209121	2
-132.082	34.455	4.20626e-05	0.00023437	2
-131.949	35.3365	4.77323e-06	0.0002604	2
-131.797	36.2095	-3.40854e-05	0.000287179	2
-131.627	37.0738	-7.44452e-05	0.00031467	2
-131.437	37.9296	-0.000116238	0.000342841	2
-131.23	38.7767	-0.000159395	0.000371658	2
-131.004	39.615	-0.00020385	0.000401085	2
-130.76	40.4447	-0.000249532	0.000431089	2
-130.498	41.2655	-0.000296375	0.000461636	2
-130.219	42.0775	-0.00034431	0.000492692	2
-129.923	42.8807	-0.000393269	0.000524223	2
-129.609	43.675	-0.000443184	0.000556193	2
-129.278	44.4603	-0.000493987	0.00058857	2
-128.931	45.2367	-0.000545609	0.00062132	2
-128.567	46.004	-0.000597982	0.000654407	2
-128.187	46.7623	-0.000651038	0.000687798	2
-127.791	47.5114	-0.00070471	0.000721459	2
-127.384	48.243	-0.000758302	0.000754964	2
-126.956	48.974	-0.000812993	0.00078906	2
-126.513	49.6957	-0.000868096	0.000823324	2
-126.055	50.4082	-0.000923542	0.000857721	2
-125.582	51.1114	-0.000979263	0.000892218	2
-125.094	51.8052	-0.00103519	0.00092678	2
-124.592	52.4897	-0.00109126	0.000961373	2
-124.075	53.1647	-0.00114739	0.000995963	2
-123.544	53.8303	-0.00120353	0.00103052	2
-122.999	54.4864	-0.00125961	0.001065	2
-122.44	55.133	-0.00131555	0.00109937	2
-121.868	55.77	-0.00137128	0.00113361	2
-121.283	56.3974	-0.00142675	0.00116768	2
-120.684	57.0151	-0.00148188	0.00120153	2
-120.073	57.6231	-0.0015366	0.00123515	2
-119.449	58.2214	-0.00159084	0.00126848	2
-118.812	58.8099	-0.00164455	0.00130151	2
-118.164	59.3886	-0.00169764	0.0013342	2
-117.503	59.9575	-0.00175005	0.0013665	2
-116.831	60.5164	-0.00180172	0.00139839	2
-116.146	61.0655	-0.00185257	0.00142984	2
-115.451	61.6045	-0.00190253	0.0014608	2
-114.744	62.1335	-0.00195155	0.00149125	2
-114.027	62.6525	-0.00199954	0.00152116	2
-113.307	63.1556	-0.00204591	0.00155014	2
-112.568	63.6545	-0.00209167	0.00157885	2
-111.819	64.1432	-0.00213621	0.00160691	2
-111.06	64.6217	-0.00217946	0.00163428	2
-110.291	65.09	-0.00222134	0.00166093	2
-109.513	65.548	-0.0022618	0.00168683	2
-108.725	65.9956	-0.00230076	0.00171194	2
-107.927	66.4328	-0.00233816	0.00173623	2
-107.121	66.8597	-0.00237392	0.00175966	2
-106.306	67.2761	-0.00240798	0.00178221	2
-105.482	67.682	-0.00244027	0.00180383	2
-104.65	68.0774	-0.00247073	0.00182449	2
-103.81	68.4622	-0.00249928	0.00184416	2
-102.962	68.8365	-0.00252585	0.0018628	2
-102.106	69.2	-0.00255039	0.00188038	2
-101.242	69.5529	-0.00257281	0.00189687	2
-100.371	69.8951	-0.00259306	0.00191223	2
-99.4934	70.2265	-0.00261106	0.00192642	2
-98.6087	70.547	-0.00262674	0.00193942	2
-97.7172	70.8568	-0.00264004	0.00195118	2
-96.8193	71.1556	-0.00265089	0.00196168	2
-95.9151	71.4436	-0.00265923	0.00197089	2
-95.0049	71.7205	-0.00266497	0.00197875	2
-94.0995	71.9835	-0.00266804	0.00198519	2
-93.1779	72.2385	-0.00266844	0.0019903	2
-92.251	72.4825	-0.00266604	0.00199398	2
-91.3189	72.7153	-0.00266079	0.00199619	2

-75.0014	2.01019	5.19765e-07	4.07105e-08	2
-75.1364	2.88775	4.3633e-05	3.19019e-06	2
-75.2958	3.77855	8.40887e-05	5.6813e-06	2
-75.4772	4.67225	0.000121417	7.49201e-06	2
-75.6778	5.55838	0.000155291	8.63143e-06	2
-75.9014	6.4574	0.000186547	9.14456e-06	2
-76.1452	7.35888	0.000214825	9.03301e-06	2
-76.4085	8.26268	0.000240173	8.31546e-06	2
-76.6906	9.16863	0.000262641	7.01054e-06	2
-76.9909	10.0766	0.000282279	5.13693e-06	2
-77.3087	10.9865	0.000299137	2.71326e-06	2
-77.6434	11.898	0.000313264	-2.41802e-07	2
-77.9941	12.8112	0.000324709	-3.7096e-06	2
-78.3604	13.7257	0.000333524	-7.67149e-06	2
-78.7415	14.6416	0.000339757	-1.21088e-05	2
-79.1367	15.5586	0.000343457	-1.70029e-05	2
-79.5454	16.4765	0.000344676	-2.23351e-05	2
-79.9669	17.3953	0.000343462	-2.80868e-05	2
-80.4006	18.3148	0.000339864	-3.42393e-05	2
-80.8456	19.2349	0.000333934	-4.0774e-05	2
-81.3015	20.1553	0.000325719	-4.76722e-05	2
-81.7675	21.076	0.000315271	-5.49152e-05	2
-82.243	21.9968	0.000302638	-6.24845e-05	2
-82.7272	22.9175	0.000287871	-7.03612e-05	2
-83.2195	23.8381	0.000271019	-7.85269e-05	2
-83.7193	24.7583	0.000252131	-8.69628e-05	2
-84.2199	25.6674	0.000231509	-9.55491e-05	2
-84.7325	26.5865	0.000208722	-0.000104467	2
-85.2505	27.5049	0.000184048	-0.000113599	2
-85.7732	28.4223	0.000157537	-0.000122927	2
-86.3001	29.3386	0.000129238	-0.000132433	2
-86.8303	30.2537	9.92015e-05	-0.000142097	2
-87.3633	31.1674	6.7477e-05	-0.0001519	2
-87.8984	32.0796	3.41139e-05	-0.000161825	2
-88.4349	32.9901	-8.3792e-07	-0.000171853	2
-88.9721	33.8989	-3.73289e-05	-0.000181964	2
-89.5093	34.8057	-7.53092e-05	-0.000192141	2
-90.046	35.7103	-0.000114729	-0.000202364	2
-90.5814	36.6127	-0.00015554	-0.000212615	2
-91.1149	37.5128	-0.00019769	-0.000222876	2
-91.6457	38.4102	-0.000241132	-0.000233127	2
-92.1732	39.305	-0.000285814	-0.00024335	2
-92.6968	40.1969	-0.000331688	-0.000253527	2
-93.2157	41.0859	-0.000378703	-0.000263638	2
-93.7294	41.9717	-0.000426811	-0.000273665	2
-94.237	42.8542	-0.000475961	-0.00028359	2
-94.7381	43.7333	-0.000526103	-0.000293393	2
-95.2318	44.6088	-0.000577189	-0.000303056	2
-95.7175	45.4806	-0.000629168	-0.000312561	2
-96.1891	46.3386	-0.000681379	-0.000321782	2
-96.657	47.2025	-0.000734987	-0.000330916	2
-97.1149	48.0623	-0.000789339	-0.000339836	2
-97.5621	48.9178	-0.000844387	-0.000348522	2
-97.9979	49.7688	-0.000900081	-0.000356957	2
-98.4218	50.6152	-0.00095637	-0.000365122	2
-98.833	51.4568	-0.00101321	-0.000372997	2
-99.2308	52.2936	-0.00107054	-0.000380565	2
-99.6147	53.1252	-0.00112832	-0.000387807	2
-99.9838	53.9517	-0.00118649	-0.000394704	2
-100.338	54.7729	-0.00124502	-0.000401237	2
-100.675	55.5885	-0.00130384	-0.000407388	2
-100.996	56.3986	-0.00136291	-0.000413139	2
-101.3	57.2028	-0.00142217	-0.000418469	2
-101.586	58.0011	-0.00148159	-0.000423362	2
-101.853	58.7933	-0.00154111	-0.000427797	2
-102.1	59.5793	-0.00160067	-0.000431757	2
-102.328	60.3589	-0.00166024	-0.000435223	2
-102.535	61.132	-0.00171975	-0.000438176	2
-102.72	61.8985	-0.00177917	-0.000440598	2
-102.883	62.6581	-0.00183843	-0.000442469	2
-103.024	63.4107	-0.0018975	-0.000443772	2
-103.141	64.1562	-0.00195632	-0.000444487	2
-103.234	64.8945	-0.00201484	-0.000444597	2
-103.302	65.617	-0.00207234	-0.000444091	2
-103.345	66.3404	-0.00213012	-0.000442939	2
-103.362	67.0561	-0.00218746	-0.000441126	2
-103.353	67.764	-0.00224429	-0.000438632	2
-103.316	68.4639	-0.00230058	-0.000435439	2
-103.251	69.1556	-0.00235628	-0.000431529	2
-103.157	69.839	-0.00241133	-0.000426882	2
-103.034	70.514	-0.00246568	-0.000421479	2
-102.88	71.1804	-0.00251929	-0.000415303	2
-102.696	71.8381	-0.0025721	-0.000408335	2
-102.48	72.4869	-0.00262407	-0.000400556	2
-102.233	73.1267	-0.00267515	-0.000391947	2
-101.952	73.7573	-0.00272528	-0.000382489	2
-101.638	74.3786	-0.00277442	-0.000372164	2
-101.29	74.9905	-0.00282252	-0.000360954	2
-100.907	75.5927	-0.00286952	-0.00034884	2
-100.488	76.1851	-0.00291539	-0.000335802	2
-100.034	76.7677	-0.00296006	-0.000321823	2
-99.5425	77.3402	-0.00300349	-0.000306883	2
-99.0137	77.9025	-0.00304562	-0.000290965	2
-98.4467	78.4544	-0.00308642	-0.000274049	2
-97.8408	78.9959	-0.00312583	-0.000256117	2
-97.1955	79.5267	-0.00316379	-0.000237149	2
-96.5181	80.0408	-0.00319986	-0.000217365	2
-95.7922	80.55	-0.00323481	-0.000196284	2
-95.0249	81.0481	-0.00326818	-0.000174113	2
-94.2153	81.5349	-0.0032999	-0.000150832	2

-25.0007	2.01187	3.7022e-08	-1.62722e-07	2
-25.0763	3.02513	3.37001e-06	-1.41258e-05	2
-25.1815	4.03464	7.0272e-06	-2.81881e-05	2
-25.315	5.02882	1.09498e-05	-4.21862e-05	2
-25.4742	5.99678	1.50667e-05	-5.59596e-05	2
-25.6622	6.96133	1.94522e-05	-6.98277e-05	2
-25.8766	7.91141	2.40378e-05	-8.36291e-05	2
-26.1169	8.84733	2.88018e-05	-9.73631e-05	2
-26.3824	9.76936	3.37223e-05	-0.000111029	2
-26.6724	10.6778	3.87775e-05	-0.000124626	2
-26.9864	11.573	4.39457e-05	-0.000138153	2
-27.3238	12.4551	4.92049e-05	-0.000151609	2
-27.6838	13.3245	5.45334e-05	-0.000164994	2
-28.0659	14.1815	5.99094e-05	-0.000178306	2
-28.4695	15.0264	6.5311e-05	-0.000191546	2
-28.8938	15.8594	7.07164e-05	-0.000204711	2
-29.3384	16.6809	7.61039e-05	-0.000217802	2
-29.8026	17.4911	8.14515e-05	-0.000230818	2
-30.2857	18.2904	8.67375e-05	-0.000243757	2
-30.7872	19.079	9.194e-05	-0.000256619	2
-31.3063	19.8572	9.70373e-05	-0.000269403	2
-31.8425	20.6253	0.000102008	-0.000282108	2
-32.3952	21.3836	0.000106829	-0.000294734	2
-32.9637	22.1324	0.000111479	-0.00030728	2
-33.5474	22.872	0.000115938	-0.000319744	2
-34.1457	23.6026	0.000120181	-0.000332127	2
-34.7508	24.3164	0.000124144	-0.000344286	2
-35.3762	25.0301	0.000127897	-0.000356503	2
-36.0143	25.7358	0.00013137	-0.000368636	2
-36.6645	26.4338	0.000134542	-0.000380684	2
-37.3261	27.1242	0.00013739	-0.000392645	2
-37.9986	27.8075	0.000139894	-0.00040452	2
-38.6813	28.4839	0.000142031	-0.000416308	2
-39.3736	29.1537	0.000143779	-0.000428007	2
-40.0748	29.8172	0.000145117	-0.000439617	2
-40.7844	30.4747	0.000146022	-0.000451137	2
-41.5017	31.1264	0.000146474	-0.000462566	2
-42.226	31.7727	0.000146449	-0.000473903	2
-42.9568	32.4139	0.000145927	-0.000485149	2
-43.6935	33.0502	0.000144885	-0.000496301	2
-44.4353	33.682	0.000143302	-0.000507358	2
-45.1817	34.3095	0.000141156	-0.000518322	2
-45.9321	34.933	0.000138424	-0.000529189	2
-46.6858	35.5528	0.000135086	-0.00053996	2
-47.4422	36.1692	0.00013112	-0.000550634	2
-48.2007	36.7826	0.000126503	-0.00056121	2
-48.9607	37.3931	0.000121213	-0.000571686	2
-49.7215	38.0011	0.00011523	-0.000582064	2
-50.4825	38.6068	0.000108531	-0.000592341	2
-51.2343	39.2037	0.000101183	-0.0006024	2
-51.9939	39.8059	9.29957e-05	-0.000612474	2
-52.7517	40.4068	8.4027e-05	-0.000622446	2
-53.5073	41.0065	7.42554e-05	-0.000632314	2
-54.26	41.6055	6.3659e-05	-0.000642078	2
-55.0092	42.204	5.22161e-05	-0.000651736	2
-55.7541	42.8024	3.99049e-05	-0.000661288	2
-56.4943	43.4008	2.67035e-05	-0.000670733	2
-57.2291	43.9996	1.25902e-05	-0.000680071	2
-57.9579	44.5991	-2.45699e-06	-0.0006893	2
-58.6799	45.1995	-1.84598e-05	-0.00069842	2
-59.3947	45.8012	-3.544e-05	-0.00070743	2
-60.1016	46.4045	-5.34194e-05	-0.000716328	2
-60.7999	47.0096	-7.242e-05	-0.000725115	2
-61.4891	47.6169	-9.24634e-05	-0.00073379	2
-62.1685	48.2266	-0.000113571	-0.000742351	2
-62.8375	48.839	-0.000135766	-0.000750798	2
-63.4954	49.4544	-0.000159069	-0.00075913	2
-64.1416	50.0732	-0.000183502	-0.000767346	2
-64.7756	50.6955	-0.000209087	-0.000775446	2
-65.3967	51.3217	-0.000235846	-0.000783428	2
-66.0042	51.9521	-0.000263801	-0.000791292	2
-66.5976	52.5869	-0.000292972	-0.000799037	2
-67.1761	53.2265	-0.000323384	-0.000806662	2
-67.7329	53.8638	-0.000354684	-0.000814081	2
-68.2802	54.5137	-0.000387625	-0.000821466	2
-68.8108	55.1693	-0.000421869	-0.000828729	2
-69.3242	55.8308	-0.00045744	-0.000835868	2
-69.8197	56.4985	-0.000494359	-0.000842884	2
-70.2966	57.1727	-0.000532648	-0.000849775	2
-70.7543	57.8537	-0.000572328	-0.00085654	2
-71.1923	58.5418	-0.000613422	-0.00086318	2
-71.6099	59.2373	-0.000655952	-0.000869692	2
-72.0064	59.9404	-0.000699938	-0.000876076	2
-72.3813	60.6516	-0.000745404	-0.000882332	2
-72.7339	61.3709	-0.00079237	-0.000888459	2
-73.0635	62.0988	-0.000840859	-0.000894455	2
-73.3697	62.8356	-0.000890892	-0.00090032	2
-73.6517	63.5814	-0.000942492	-0.000906053	2
-73.9089	64.3367	-0.000995679	-0.000911653	2
-74.1407	65.1017	-0.00105048	-0.00091712	2
-74.3464	65.8767	-0.00110691	-0.000922453	2
-74.5255	66.662	-0.00116499	-0.000927651	2
-74.6773	67.4579	-0.00122475	-0.000932712	2
-74.8013	68.2646	-0.0012862	-0.000937637	2
-74.8966	69.0826	-0.00134938	-0.000942425	2
-74.9628	69.9119	-0.00141429	-0.000947074	2
-74.999	70.7433	-0.00148019	-0.000951533	2
-75.0054	71.5963	-0.00154863	-0.000955904	2
-74.9807	72.4617	-0.00161888	-0.000960135	2
-74.9244	73.3397	-0.00169095	-0.000964225	2

24.9976	2.0135	6.28767e-07	-3.08964e-07	2
24.7811	3.16427	5.46215e-05	-2.57138e-05	2
24.5393	4.30853	0.000109076	-4.90945e-05	2
24.2749	5.4331	0.000163361	-7.01819e-05	2
23.9917	6.52574	0.000216852	-8.88118e-05	2
23.6836	7.61218	0.000270789	-0.000105457	2
23.354	8.67994	0.000324546	-0.000119927	2
23.0034	9.72934	0.000378119	-0.000132262	2
22.6322	10.7607	0.000431506	-0.000142502	2
22.2407	11.7744	0.000484702	-0.000150686	2
21.8293	12.7708	0.000537704	-0.000156854	2
21.3985	13.7501	0.00059051	-0.000161046	2
20.9486	14.7128	0.000643114	-0.000163301	2
20.4801	15.6591	0.000695516	-0.00016366	2
19.9932	16.5894	0.000747709	-0.000162161	2
19.4884	17.504	0.000799693	-0.000158844	2
18.9661	18.4033	0.000851462	-0.00015375	2
18.4267	19.2876	0.000903013	-0.000146918	2
17.8705	20.1571	0.000954344	-0.000138387	2
17.298	21.0124	0.00100545	-0.000128197	2
16.7095	21.8536	0.00105633	-0.000116388	2
16.1054	22.6811	0.00110698	-0.000103	2
15.4862	23.4953	0.00115739	-8.80721e-05	2
14.8522	24.2964	0.00120757	-7.16442e-05	2
14.2038	25.0849	0.0012575	-5.37559e-05	2
13.5413	25.861	0.00130719	-3.44469e-05	2
12.8731	26.6164	0.00135607	-1.40025e-05	2
12.184	27.369	0.00140526	8.01348e-06	2
11.482	28.1102	0.0014542	3.13315e-05	2
10.7676	28.8404	0.00150288	5.59119e-05	2
10.0411	29.5599	0.0015513	8.17149e-05	2
9.30293	30.269	0.00159946	0.000108701	2
8.55347	30.9682	0.00164734	0.00013683	2
7.79313	31.6576	0.00169496	0.000166063	2
7.02227	32.3377	0.0017423	0.00019636	2
6.2413	33.0088	0.00178936	0.000227681	2
5.45061	33.6712	0.00183614	0.000259986	2
4.65058	34.3252	0.00188263	0.000293237	2
3.8416	34.9713	0.00192884	0.000327392	2
3.02407	35.6096	0.00197475	0.000362413	2
2.19837	36.2406	0.00202037	0.00039826	2
1.36489	36.8645	0.00206569	0.000434893	2
0.524033	37.4818	0.00211071	0.000472272	2
-0.323823	38.0928	0.00215542	0.000510358	2
-1.17829	38.6977	0.00219982	0.000549111	2
-2.03897	39.2969	0.00224391	0.000588491	2
-2.90547	39.8908	0.00228769	0.000628459	2
-3.77741	40.4796	0.00233114	0.000668975	2
-4.6544	41.0638	0.00237427	0.000709999	2
-5.52589	41.6369	0.00241659	0.000751012	2
-6.41176	42.2128	0.00245907	0.000792929	2
-7.30151	42.7849	0.00250122	0.000835236	2
-8.19475	43.3537	0.00254303	0.000877892	2
-9.09109	43.9195	0.00258451	0.000920859	2
-9.99014	44.4826	0.00262564	0.000964096	2
-10.8915	45.0433	0.00266642	0.00100756	2
-11.7948	45.602	0.00270685	0.00105122	2
-12.6997	46.159	0.00274694	0.00109503	2
-13.6057	46.7147	0.00278666	0.00113896	2
-14.5124	47.2693	0.00282603	0.00118295	2
-15.4196	47.8233	0.00286503	0.00122698	2
-16.3267	48.3769	0.00290366	0.001271	2
-17.2334	48.9304	0.00294193	0.00131497	2
-18.1393	49.4843	0.00297982	0.00135886	2
-19.0441	50.0388	0.00301733	0.00140262	2
-19.9472	50.5943	0.00305447	0.00144621	2
-20.8484	51.1512	0.00309122	0.0014896	2
-21.7472	51.7096	0.00312758	0.00153275	2
-22.6433	52.2701	0.00316356	0.0015756	2
-23.5363	52.8328	0.00319914	0.00161814	2
-24.4257	53.3982	0.00323432	0.00166031	2
-25.3112	53.9666	0.0032691	0.00170207	2
-26.1924	54.5382	0.00330348	0.00174339	2
-27.0588	55.1069	0.00333707	0.00178376	2
-27.9303	55.6862	0.00337063	0.00182408	2
-28.7963	56.2697	0.00340378	0.00186384	2
-29.6565	56.8579	0.00343652	0.001903	2
-30.5103	57.4511	0.00346883	0.00194151	2
-31.3576	58.0496	0.00350072	0.00197934	2
-32.1978	58.6537	0.00353218	0.00201645	2
-33.0306	59.2638	0.00356321	0.00205281	2
-33.8556	59.8802	0.00359381	0.00208836	2
-34.6724	60.5033	0.00362396	0.00212307	2
-35.4806	61.1333	0.00365368	0.00215689	2
-36.2798	61.7706	0.00368295	0.0021898	2
-37.0697	62.4156	0.00371178	0.00222176	2
-37.8497	63.0685	0.00374015	0.00225271	2
-38.6197	63.7298	0.00376807	0.00228262	2
-39.3791	64.3997	0.00379553	0.00231146	2
-40.1276	65.0786	0.00382252	0.00233917	2
-40.8647	65.7667	0.00384906	0.00236573	2
-41.5901	66.4645	0.00387512	0.00239109	2
-42.3035	67.1723	0.00390072	0.00241522	2
-43.0043	67.8904	0.00392583	0.00243806	2
-43.6923	68.6192	0.00395047	0.00245959	2
-44.367	69.3589	0.00397463	0.00247977	2
-45.0205	70.1012	0.00399803	0.00249834	2
-45.6677	70.8637	0.00402122	0.0025157	2
-46.3004	71.6382	0.00404392	0.00253158	2
-46.9183	72.425	0.00406612	0.00254596	2

74.9964	2.01272	7.16366e-07	9.06683e-08	2
74.6938	3.10445	6.21175e-05	7.38048e-06	2
74.404	4.20449	0.000123822	1.37386e-05	2
74.1304	5.30016	0.00018512	1.90815e-05	2
73.8757	6.37898	0.00024532	2.33724e-05	2
73.6339	7.46607	0.000305829	2.6718e-05	2
73.4077	8.54892	0.000365952	2.907e-05	2
73.1971	9.62755	0.000425695	3.04354e-05	2
73.0019	10.702	0.000485065	3.08216e-05	2
72.8219	11.7723	0.000544068	3.02357e-05	2
72.6568	12.8386	0.000602711	2.86849e-05	2
72.5066	13.9008	0.000661002	2.61764e-05	2
72.3711	14.9589	0.000718945	2.27174e-05	2
72.25	16.0131	0.000776549	1.8315e-05	2
72.1433	17.0634	0.00083382	1.29766e-05	2
72.0507	18.1098	0.000890765	6.70915e-06	2
71.9721	19.1523	0.000947389	-4.80006e-07	2
71.9072	20.191	0.0010037	-8.5837e-06	2
71.856	21.226	0.00105971	-1.75948e-05	2
71.8182	22.2572	0.00111541	-2.7506e-05	2
71.7937	23.2847	0.00117082	-3.83102e-05	2
71.7822	24.3086	0.00122595	-5.00001e-05	2
71.7837	25.3289	0.0012808	-6.25686e-05	2
71.7979	26.3456	0.00133537	-7.60086e-05	2
71.8247	27.3587	0.00138968	-9.03127e-05	2
71.8639	28.3684	0.00144372	-0.000105474	2
71.9146	29.3631	0.0014969	-0.000121296	2
71.978	30.366	0.00155045	-0.00013814	2
72.0531	31.3655	0.00160376	-0.000155819	2
72.14	32.3616	0.00165684	-0.000174327	2
72.2384	33.3545	0.0017097	-0.000193656	2
72.3482	34.3441	0.00176233	-0.000213798	2
72.4691	35.3305	0.00181475	-0.000234748	2
72.601	36.3138	0.00186696	-0.000256497	2
72.7437	37.2939	0.00191897	-0.000279038	2
72.8971	38.2709	0.00197079	-0.000302365	2
73.061	39.2449	0.00202243	-0.000326469	2
73.2352	40.2159	0.00207388	-0.000351344	2
73.4195	41.1839	0.00212517	-0.000376983	2
73.6137	42.149	0.00217628	-0.000403378	2
73.8177	43.1112	0.00222724	-0.000430523	2
74.0313	44.0705	0.00227804	-0.000458409	2
74.2544	45.027	0.0023287	-0.00048703	2
74.4867	45.9808	0.00237921	-0.000516379	2
74.7281	46.9319	0.0024296	-0.000546448	2
74.9784	47.8802	0.00247986	-0.00057723	2
75.2374	48.8259	0.00253	-0.000608719	2
75.505	49.769	0.00258002	-0.000640906	2
75.7809	50.7096	0.00262994	-0.000673785	2
76.0618	51.6368	0.00267919	-0.000706958	2
76.3539	52.5724	0.00272892	-0.000741191	2
76.6538	53.5055	0.00277856	-0.000776094	2
76.9615	54.4362	0.00282813	-0.00081166	2
77.2767	55.3645	0.00287762	-0.000847882	2
77.5991	56.2905	0.00292704	-0.000884752	2
77.9288	57.2142	0.00297641	-0.000922263	2
78.2654	58.1357	0.00302572	-0.000960409	2
78.6089	59.055	0.00307499	-0.000999182	2
78.959	59.9721	0.00312421	-0.00103857	2
79.3155	60.887	0.00317341	-0.00107858	2
79.6784	61.7999	0.00322257	-0.00111919	2
80.0473	62.7108	0.00327172	-0.0011604	2
80.4222	63.6196	0.00332086	-0.0012022	2
80.8029	64.5265	0.00336999	-0.00124458	2
81.1892	65.4314	0.00341912	-0.00128754	2
81.5808	66.3345	0.00346826	-0.00133107	2
81.9777	67.2357	0.00351741	-0.00137516	2
82.3797	68.1352	0.00356658	-0.00141981	2
82.7866	69.0328	0.00361578	-0.001465	2
83.1982	69.9287	0.00366502	-0.00151074	2
83.6143	70.823	0.00371429	-0.00155701	2
84.0348	71.7156	0.00376361	-0.0016038	2
84.4595	72.6066	0.00381299	-0.00165112	2
84.8833	73.4858	0.00386186	-0.00169839	2
85.3158	74.3738	0.00391136	-0.00174672	2
85.752	75.2602	0.00396094	-0.00179554	2
86.1917	76.1452	0.0040106	-0.00184485	2
86.6347	77.0288	0.00406035	-0.00189465	2
87.0808	77.911	0.00411019	-0.00194492	2
87.53	78.792	0.00416013	-0.00199566	2
87.9819	79.6716	0.00421018	-0.00204686	2
88.4365	80.55	0.00426034	-0.00209852	2
88.8935	81.4272	0.00431062	-0.00215062	2
89.3528	82.3032	0.00436103	-0.00220317	2
89.8142	83.1781	0.00441158	-0.00225615	2
90.2775	84.0519	0.00446226	-0.00230955	2
90.7426	84.9247	0.0045131	-0.00236337	2
91.2092	85.7965	0.00456409	-0.0024176	2
91.6773	86.6673	0.00461523	-0.00247224	2
92.1466	87.5372	0.00466655	-0.00252727	2
92.6169	88.4062	0.00471804	-0.00258269	2
93.0881	89.2744	0.00476971	-0.0026385	2
93.56	90.1417	0.00482157	-0.00269468	2
94.0325	91.0083	0.00487362	-0.00275123	2
94.5053	91.8742	0.00492588	-0.00280814	2
94.9783	92.7394	0.00497834	-0.0028654	2
95.4459	93.5941	0.00503041	-0.00292235	2
95.9187	94.458	0.0050833	-0.00298029	2
96.3912	95.3214	0.00513643	-0.00303857	2
96.8632	96.1843	0.00518978	-0.00309717	2

124.997	2.01329	-2.18967e-07	-1.95271e-07	2
124.766	3.14583	-1.96577e-05	-1.58973e-05	2
124.563	4.2712	-4.05268e-05	-2.96114e-05	2
124.39	5.37637	-6.25799e-05	-4.11795e-05	2
124.25	6.44922	-8.55166e-05	-5.05419e-05	2
124.138	7.51496	-0.000109843	-5.79534e-05	2
124.055	8.56125	-0.000135273	-6.33301e-05	2
124.002	9.58834	-0.000161777	-6.67094e-05	2
123.977	10.5965	-0.00018933	-6.81284e-05	2
123.981	11.5859	-0.000217904	-6.76244e-05	2
124.012	12.5569	-0.000247471	-6.52347e-05	2
124.071	13.5097	-0.000278004	-6.09965e-05	2
124.157	14.4446	-0.000309477	-5.49469e-05	2
124.27	15.3618	-0.000341862	-4.71233e-05	2
124.409	16.2616	-0.000375131	-3.75629e-05	2
124.573	17.1441	-0.000409257	-2.63029e-05	2
124.763	18.0098	-0.000444214	-1.33806e-05	2
124.977	18.8588	-0.000479974	1.16692e-06	2
125.216	19.6913	-0.000516509	1.73023e-05	2
125.48	20.5077	-0.000553792	3.49883e-05	2
125.766	21.3081	-0.000591797	5.41877e-05	2
126.076	22.0929	-0.000630495	7.48633e-05	2
126.409	22.8623	-0.00066986	9.69778e-05	2
126.764	23.6165	-0.000709864	0.000120494	2
127.141	24.3558	-0.00075048	0.000145375	2
127.539	25.0804	-0.000791682	0.000171583	2
127.954	25.7826	-0.000832957	0.000198757	2
128.394	26.4788	-0.00087524	0.000227494	2
128.854	27.1611	-0.000918027	0.000257446	2
129.333	27.8298	-0.00096129	0.000288577	2
129.833	28.4851	-0.001005	0.00032085	2
130.351	29.1272	-0.00104913	0.000354227	2
130.887	29.7564	-0.00109366	0.000388671	2
131.442	30.373	-0.00113856	0.000424145	2
132.014	30.9772	-0.00118379	0.000460611	2
132.604	31.5693	-0.00122934	0.000498032	2
133.21	32.1495	-0.00127517	0.000536372	2
133.833	32.718	-0.00132126	0.000575592	2
134.471	33.2752	-0.00136758	0.000615657	2
135.126	33.8212	-0.00141411	0.000656527	2
135.795	34.3563	-0.00146081	0.000698167	2
136.479	34.8809	-0.00150766	0.000740538	2
137.177	35.395	-0.00155463	0.000783604	2
137.889	35.899	-0.0016017	0.000827328	2
138.614	36.3932	-0.00164883	0.000871671	2
139.352	36.8777	-0.00169601	0.000916598	2
140.103	37.3529	-0.0017432	0.000962071	2
140.866	37.819	-0.00179037	0.00100805	2
141.641	38.2762	-0.0018375	0.0010545	2
142.418	38.7197	-0.00188402	0.00110085	2
143.214	39.16	-0.00193099	0.00114813	2
144.021	39.5922	-0.00197783	0.00119577	2
144.838	40.0166	-0.00202453	0.00124373	2
145.665	40.4334	-0.00207104	0.00129197	2
146.5	40.8428	-0.00211736	0.00134047	2
147.345	41.2451	-0.00216343	0.00138918	2
148.197	41.6406	-0.00220925	0.00143806	2
149.058	42.0295	-0.00225479	0.00148707	2
149.926	42.4121	-0.00230001	0.00153619	2
150.801	42.7885	-0.00234489	0.00158537	2
151.682	43.1591	-0.0023894	0.00163457	2
152.57	43.5242	-0.00243351	0.00168376	2
153.463	43.8839	-0.0024772	0.0017329	2
154.362	44.2385	-0.00252044	0.00178195	2
155.265	44.5883	-0.00256321	0.00183088	2
156.173	44.9336	-0.00260547	0.00187965	2
157.085	45.2745	-0.00264719	0.00192822	2
158.001	45.6113	-0.00268836	0.00197656	2
158.92	45.9443	-0.00272894	0.00202462	2
159.841	46.2738	-0.00276891	0.00207237	2
160.765	46.5999	-0.00280824	0.00211977	2
161.69	46.923	-0.0028469	0.00216679	2
162.618	47.2433	-0.00288486	0.00221339	2
163.535	47.5573	-0.00292168	0.002259	2
164.464	47.8728	-0.00295818	0.00230464	2
165.393	48.1861	-0.0029939	0.00234976	2
166.321	48.4977	-0.00302882	0.0023943	2
167.249	48.8077	-0.00306291	0.00243824	2
168.176	49.1165	-0.00309614	0.00248153	2
169.102	49.4241	-0.00312848	0.00252413	2
170.025	49.731	-0.00315991	0.00256602	2
170.946	50.0374	-0.0031904	0.00260716	2
171.865	50.3434	-0.00321993	0.00264749	2
172.78	50.6495	-0.00324845	0.002687	2
173.691	50.9557	-0.00327596	0.00272564	2
174.598	51.2624	-0.00330241	0.00276337	2
175.501	51.5698	-0.00332779	0.00280016	2
176.399	51.8782	-0.00335207	0.00283597	2
177.292	52.1878	-0.00337521	0.00287077	2
178.179	52.4989	-0.0033972	0.00290451	2
179.059	52.8117	-0.003418	0.00293715	2
179.933	53.1265	-0.00343759	0.00296867	2
180.8	53.4436	-0.00345593	0.00299902	2
181.659	53.7631	-0.00347301	0.00302817	2
182.511	54.0853	-0.0034888	0.00305608	2
183.354	54.4106	-0.00350326	0.00308271	2
184.179	54.7353	-0.00351623	0.00310774	2
185.004	55.0672	-0.00352799	0.00313172	2
185.82	55.4029	-0.00353834	0.0031543	2
186.625	55.7426	-0.00354726	0.00317547	2

