-125.001	2.01211	-7.16377e-08	1.11197e-08	2
-125.077	3.04578	-5.92116e-06	6.26614e-07	2
-125.184	4.07663	-1.123e-05	5.76601e-07	2
-125.321	5.09282	-1.59529e-05	-1.30577e-07	2
-125.484	6.08319	-2.00717e-05	-1.45645e-06	2
-125.677	7.07102	-2.37082e-05	-3.41257e-06	2
-125.897	8.04499	-2.68379e-05	-5.96769e-06	2
-126.143	9.00536	-2.94872e-05	-9.10235e-06	2
-126.416	9.9524	-3.16825e-05	-1.27971e-05	2
-126.714	10.8864	-3.34504e-05	-1.70324e-05	2
-127.036	11.8075	-3.48173e-05	-2.17889e-05	2
-127.383	12.7162	-3.58096e-05	-2.70471e-05	2
-127.752	13.6125	-3.64537e-05	-3.27875e-05	2
-128.144	14.4969	-3.67762e-05	-3.89907e-05	2
-128.558	15.3695	-3.68035e-05	-4.56371e-05	2
-128.992	16.2307	-3.6562e-05	-5.27074e-05	2
-129.448	17.0806	-3.60782e-05	-6.01821e-05	2
-129.922	17.9196	-3.53785e-05	-6.80417e-05	2
-130.416	18.7479	-3.44894e-05	-7.62667e-05	2
-130.929	19.5659	-3.34374e-05	-8.48377e-05	2
-131.459	20.3736	-3.22488e-05	-9.37352e-05	2
-132.005	21.1715	-3.09502e-05	-0.00010294	2
-132.568	21.9598	-2.9568e-05	-0.000112432	2
-133.147	22.7387	-2.81286e-05	-0.000122192	2
-133.741	23.5086	-2.66585e-05	-0.000132201	2
-134.348	24.2696	-2.51841e-05	-0.000142439	2
-134.962	25.0135	-2.37484e-05	-0.000152766	2
-135.596	25.7578	-2.23442e-05	-0.000163402	2
-136.242	26.4941	-2.10148e-05	-0.000174209	2
-136.9	27.2226	-1.97866e-05	-0.000185168	2
-137.568	27.9436	-1.86861e-05	-0.000196259	2
-138.247	28.6574	-1.77398e-05	-0.000207463	2
-138.934	29.3643	-1.69741e-05	-0.000218759	2
-139.631	30.0644	-1.64154e-05	-0.00023013	2
-140.335	30.7581	-1.60903e-05	-0.000241554	2
-141.047	31.4457	-1.60251e-05	-0.000253014	2
-141.765	32.1274	-1.62463e-05	-0.000264489	2
-142.489	32.8034	-1.67803e-05	-0.00027596	2
-143.219	33.4741	-1.76537e-05	-0.000287407	2
-143.953	34.1397	-1.88928e-05	-0.000298811	2
-144.691	34.8004	-2.05242e-05	-0.000310152	2
-145.432	35.4566	-2.25742e-05	-0.000321412	2
-146.175	36.1085	-2.50693e-05	-0.00033257	2
-146.921	36.7563	-2.8036e-05	-0.000343607	2
-147.667	37.4004	-3.15007e-05	-0.000354504	2
-148.414	38.0409	-3.54899e-05	-0.000365241	2
-149.16	38.6783	-4.003e-05	-0.000375799	2
-149.906	39.3126	-4.51475e-05	-0.000386158	2
-150.65	39.9443	-5.08688e-05	-0.000396299	2
-151.383	40.5662	-5.71437e-05	-0.00040609	2
-152.121	41.1933	-6.41443e-05	-0.000415739	2
-152.856	41.8184	-7.18278e-05	-0.000425112	2
-153.587	42.4419	-8.02206e-05	-0.000434188	2
-154.312	43.064	-8.93492e-05	-0.00044295	2
-155.032	43.685	-9.924e-05	-0.000451377	2
-155.745	44.3052	-0.00010992	-0.000459449	2
-156.451	44.9247	-0.000121414	-0.000467148	2
-157.149	45.544	-0.00013375	-0.000474454	2
-157.838	46.1632	-0.000146955	-0.000481347	2
-158.518	46.7826	-0.000161053	-0.000487808	2
-159.189	47.4025	-0.000176073	-0.000493817	2
-159.848	48.0231	-0.00019204	-0.000499356	2
-160.497	48.6447	-0.000208981	-0.000504404	2
-161.133	49.2676	-0.000226922	-0.000508942	2
-161.757	49.8921	-0.00024589	-0.000512951	2
-162.367	50.5184	-0.000265911	-0.00051641	2
-162.964	51.1467	-0.000287012	-0.000519302	2
-163.545	51.7774	-0.000309219	-0.000521605	2
-164.111	52.4107	-0.000332559	-0.000523302	2
-164.661	53.0468	-0.000357057	-0.000524372	2
-165.194	53.6861	-0.000382741	-0.000524795	2
-165.71	54.3288	-0.000409637	-0.000524553	2
-166.207	54.9751	-0.000437771	-0.000523626	2
-166.68	55.6179	-0.000466825	-0.000522017	2
-167.139	56.2724	-0.0004975	-0.00051967	2
-167.578	56.9313	-0.000529493	-0.000516579	2
-167.996	57.5949	-0.000562829	-0.000512726	2
-168.393	58.2635	-0.000597536	-0.00050809	2
-168.767	58.9374	-0.000633639	-0.000502653	2
-169.117	59.6168	-0.000671166	-0.000496395	2
-169.445	60.302	-0.000710143	-0.000489296	2
-169.747	60.9932	-0.000750595	-0.000481337	2
-170.025	61.6908	-0.00079255	-0.000472499	2
-170.277	62.3949	-0.000836035	-0.000462761	2
-170.503	63.1059	-0.000881074	-0.000452106	2
-170.701	63.8241	-0.000927696	-0.000440512	2
-170.871	64.5496	-0.000975926	-0.000427961	2
-171.013	65.2827	-0.00102579	-0.000414433	2
-171.126	66.0238	-0.00107732	-0.000399909	2
-171.209	66.7731	-0.00113053	-0.000384369	2
-171.261	67.5308	-0.00118546	-0.000367794	2
-171.282	68.2972	-0.00124213	-0.000350164	2
-171.271	69.0726	-0.00130056	-0.000331461	2
-171.227	69.8572	-0.00136079	-0.000311663	2
-171.15	70.6514	-0.00142284	-0.000290753	2
-171.038	71.4553	-0.00148674	-0.00026871	2
-170.894	72.2599	-0.00155174	-0.000245788	2
-170.713	73.084	-0.00161938	-0.000221435	2
-170.496	73.9188	-0.00168896	-0.000195891	2
-170.242	74.7643	-0.00176048	-0.000169138	2

-75.0038	2.01383	3.57282e-07	7.51189e-08	2
-75.3436	3.19109	3.07594e-05	6.87317e-06	2
-75.7088	4.35796	6.08659e-05	1.44228e-05	2
-76.095	5.50101	9.03237e-05	2.26383e-05	2
-76.4973	6.60791	0.00011881	3.14034e-05	2
-76.9244	7.7048	0.00014699	4.09114e-05	2
-77.3715	8.77908	0.000174535	5.10534e-05	2
-77.8382	9.83114	0.000201449	6.1819e-05	2
-78.3241	10.8614	0.000227734	7.31974e-05	2
-78.8289	11.8703	0.000253397	8.5178e-05	2
-79.3521	12.8581	0.000278442	9.77503e-05	2
-79.8933	13.8254	0.000302871	0.000110903	2
-80.4523	14.7725	0.000326691	0.000124627	2
-81.0285	15.6997	0.000349905	0.00013891	2
-81.6216	16.6076	0.000372517	0.000153743	2
-82.2313	17.4966	0.000394531	0.000169114	2
-82.8571	18.3669	0.000415953	0.000185012	2
-83.4986	19.2191	0.000436786	0.000201428	2
-84.1556	20.0535	0.000457034	0.000218351	2
-84.8275	20.8705	0.000476702	0.000235769	2
-85.514	21.6706	0.000495794	0.000253673	2
-86.2148	22.4541	0.000514315	0.000272052	2
-86.9294	23.2214	0.000532268	0.000290895	2
-87.6574	23.973	0.000549658	0.000310191	2
-88.3985	24.7093	0.000566489	0.00032993	2
-89.1523	25.4306	0.000582766	0.000350101	2
-89.9096	26.1293	0.000598314	0.000370455	2
-90.6875	26.8221	0.000613501	0.000391454	2
-91.4769	27.5011	0.000628146	0.000412854	2
-92.2775	28.1668	0.000642253	0.000434644	2
-93.0889	28.8196	0.000655827	0.000456813	2
-93.9106	29.4598	0.000668872	0.00047935	2
-94.7424	30.088	0.000681393	0.000502245	2
-95.5838	30.7044	0.000693393	0.000525488	2
-96.4344	31.3094	0.000704877	0.000549068	2
-97.2939	31.9036	0.000715849	0.000572973	2
-98.1619	32.4872	0.000726314	0.000597195	2
-99.0379	33.0608	0.000736275	0.000621721	2
-99.9217	33.6246	0.000745737	0.000646541	2
-100.813	34.1791	0.000754705	0.000671645	2
-101.711	34.7248	0.000763182	0.000697021	2
-102.615	35.2619	0.000771174	0.000722661	2
-103.526	35.791	0.000778683	0.000748552	2
-104.443	36.3123	0.000785715	0.000774684	2
-105.365	36.8264	0.000792273	0.000801046	2
-106.291	37.3336	0.000798362	0.000827629	2
-107.223	37.8343	0.000803987	0.00085442	2
-108.159	38.329	0.000809151	0.000881411	2
-109.099	38.8179	0.000813859	0.000908589	2
-110.031	39.2961	0.000818069	0.000935629	2
-110.977	39.775	0.000821882	0.00096315	2
-111.926	40.2495	0.000825253	0.000990826	2
-112.877	40.7198	0.000828184	0.00101865	2
-113.831	41.1866	0.00083068	0.00104661	2
-114.786	41.65	0.000832745	0.00107469	2
-115.742	42.1106	0.000834385	0.00110288	2
-116.698	42.5688	0.000835602	0.00113118	2
-117.656	43.0249	0.000836402	0.00115957	2
-118.613	43.4794	0.000836788	0.00118805	2
-119.57	43.9327	0.000836765	0.00121659	2
-120.526	44.3851	0.000836337	0.0012452	2
-121.481	44.8371	0.000835508	0.00127385	2
-122.435	45.289	0.000834284	0.00130254	2
-123.386	45.7414	0.000832667	0.00133127	2
-124.336	46.1945	0.000830662	0.00136001	2
-125.283	46.6488	0.000828274	0.00138876	2
-126.226	47.1047	0.000825506	0.0014175	2
-127.167	47.5626	0.000822364	0.00144623	2
-128.103	48.0229	0.000818851	0.00147494	2
-129.035	48.4859	0.000814972	0.00150361	2
-129.963	48.9522	0.00081073	0.00153224	2
-130.886	49.4221	0.000806131	0.00156081	2
-131.804	49.896	0.000801178	0.00158931	2
-132.705	50.3688	0.000795939	0.00161741	2
-133.611	50.8519	0.000790296	0.00164575	2
-134.51	51.3402	0.000784312	0.00167399	2
-135.402	51.8341	0.000777991	0.00170213	2
-136.287	52.334	0.000771339	0.00173014	2
-137.165	52.8404	0.000764358	0.00175802	2
-138.034	53.3535	0.000757054	0.00178576	2
-138.895	53.874	0.000749431	0.00181335	2
-139.748	54.402	0.000741492	0.00184077	2
-140.591	54.9381	0.000733243	0.00186802	2
-141.424	55.4826	0.000724687	0.00189509	2
-142.248	56.036	0.000715828	0.00192197	2
-143.061	56.5987	0.000706672	0.00194864	2
-143.864	57.1709	0.000697222	0.00197509	2
-144.655	57.7533	0.000687483	0.00200132	2
-145.435	58.3461	0.000677459	0.00202731	2
-146.204	58.9498	0.000667154	0.00205306	2
-146.96	59.5647	0.000656572	0.00207854	2
-147.703	60.1913	0.000645718	0.00210376	2
-148.433	60.83	0.000634596	0.0021287	2
-149.15	61.4812	0.00062321	0.00215335	2
-149.853	62.1452	0.000611565	0.00217769	2
-150.542	62.8225	0.000599664	0.00220173	2
-151.209	63.5055	0.000587654	0.00222518	2
-151.869	64.2105	0.000575259	0.00224856	2
-152.513	64.9299	0.000562621	0.00227161	2
-153.142	65.6643	0.000549746	0.0022943	2

-25.0048	2.01219	1.10466e-07	2.90722e-07	2
-25.4103	3.05932	1.00445e-05	2.48843e-05	2
-25.8045	4.11672	2.09617e-05	4.89481e-05	2
-26.1827	5.17221	3.27437e-05	7.22006e-05	2
-26.541	6.21371	4.52324e-05	9.43975e-05	2
-26.888	7.26546	5.87104e-05	0.000116064	2
-27.2195	8.31535	7.30294e-05	0.000136947	2
-27.5357	9.36341	8.81815e-05	0.000157054	2
-27.8369	10.4097	0.000104159	0.000176397	2
-28.1231	11.4541	0.000120953	0.000194983	2
-28.3947	12.4968	0.000138557	0.000212821	2
-28.6517	13.5377	0.000156962	0.000229922	2
-28.8943	14.5769	0.000176161	0.000246294	2
-29.1227	15.6143	0.000196145	0.000261946	2
-29.3371	16.65	0.000216906	0.000276888	2
-29.5377	17.6841	0.000238437	0.000291128	2
-29.7247	18.7165	0.00026073	0.000304676	2
-29.8981	19.7472	0.000283777	0.000317542	2
-30.0583	20.7763	0.000307569	0.000329733	2
-30.2053	21.8038	0.000332099	0.00034126	2
-30.3394	22.8297	0.000357359	0.000352131	2
-30.4608	23.854	0.000383341	0.000362356	2
-30.5696	24.8768	0.000410036	0.000371944	2
-30.6659	25.898	0.000437438	0.000380904	2
-30.7501	26.9177	0.000465538	0.000389245	2
-30.8222	27.9359	0.000494329	0.000396977	2
-30.8818	28.9409	0.000523458	0.000404029	2
-30.9305	29.9562	0.000553597	0.000410576	2
-30.9677	30.97	0.000584403	0.00041654	2
-30.9936	31.9823	0.000615867	0.000421932	2
-31.0083	32.9933	0.000647981	0.00042676	2
-31.012	34.0029	0.000680739	0.000431033	2
-31.0049	35.0111	0.00071413	0.00043476	2
-30.9873	36.0179	0.000748149	0.000437951	2
-30.9592	37.0235	0.000782786	0.000440615	2
-30.9208	38.0276	0.000818035	0.000442761	2
-30.8724	39.0305	0.000853886	0.000444399	2
-30.814	40.0321	0.000890332	0.000445536	2
-30.746	41.0325	0.000927365	0.000446183	2
-30.6684	42.0316	0.000964978	0.000446349	2
-30.5814	43.0295	0.00100316	0.000446043	2
-30.4853	44.0261	0.00104191	0.000445274	2
-30.3801	45.0216	0.00108121	0.000444051	2
-30.2662	46.0159	0.00112106	0.000442384	2
-30.1436	47.0091	0.00116145	0.000440281	2
-30.0125	48.0011	0.00120237	0.000437752	2
-29.8731	48.992	0.00124381	0.000434806	2
-29.7256	49.9818	0.00128577	0.000431452	2
-29.5702	50.9705	0.00132824	0.000427699	2
-29.409	51.9468	0.00137071	0.000423607	2
-29.2383	52.9334	0.00141416	0.000419088	2
-29.0603	53.919	0.0014581	0.000414199	2
-28.875	54.9036	0.00150251	0.000408947	2
-28.6827	55.8872	0.00154739	0.000403342	2
-28.4836	56.8699	0.00159273	0.000397394	2
-28.2778	57.8516	0.00163853	0.000391111	2
-28.0654	58.8323	0.00168476	0.000384502	2
-27.8468	59.8122	0.00173144	0.000377578	2
-27.622	60.7911	0.00177854	0.000370346	2
-27.3912	61.7692	0.00182606	0.000362816	2
-27.1547	62.7464	0.00187399	0.000354998	2
-26.9125	63.7228	0.00192233	0.0003469	2
-26.6649	64.6983	0.00197107	0.000338531	2
-26.4121	65.673	0.00202019	0.000329902	2
-26.1542	66.647	0.0020697	0.00032102	2
-25.8914	67.6202	0.00211958	0.000311895	2
-25.6239	68.5926	0.00216982	0.000302537	2
-25.3519	69.5643	0.00222042	0.000292954	2
-25.0755	70.5353	0.00227137	0.000283156	2
-24.7949	71.5057	0.00232266	0.000273152	2
-24.5103	72.4753	0.00237428	0.000262951	2
-24.222	73.4443	0.00242623	0.000252562	2
-23.9299	74.4126	0.00247849	0.000241994	2
-23.6379	75.3692	0.00253046	0.000231381	2
-23.3392	76.3363	0.00258333	0.000220485	2
-23.0373	77.3029	0.0026365	0.000209438	2
-22.7326	78.2688	0.00268995	0.000198249	2
-22.4251	79.2343	0.00274368	0.000186927	2
-22.115	80.1992	0.00279767	0.000175482	2
-21.8026	81.1636	0.00285193	0.000163921	2
-21.4879	82.1275	0.00290645	0.000152256	2
-21.1712	83.0909	0.00296121	0.000140494	2
-20.8527	84.0539	0.0030162	0.000128645	2
-20.5324	85.0164	0.00307143	0.000116719	2
-20.2107	85.9785	0.00312688	0.000104723	2
-19.8877	86.9403	0.00318254	9.26684e-05	2
-19.5635	87.9016	0.00323841	8.05632e-05	2
-19.2384	88.8626	0.00329448	6.84169e-05	2
-18.9125	89.8232	0.00335074	5.62386e-05	2
-18.586	90.7835	0.00340718	4.40374e-05	2
-18.2591	91.7435	0.00346379	3.18227e-05	2
-17.932	92.7032	0.00352057	1.96035e-05	2
-17.6047	93.6627	0.00357751	7.38894e-06	2
-17.2776	94.6219	0.0036346	-4.81169e-06	2
-16.9508	95.5809	0.00369183	-1.69893e-05	2
-16.6245	96.5396	0.0037492	-2.91346e-05	2
-16.3026	97.4871	0.00380603	-4.10997e-05	2
-15.9777	98.4455	0.00386364	-5.31537e-05	2
-15.6538	99.4037	0.00392136	-6.5148e-05	2
-15.3312	100.362	0.00397919	-7.70736e-05	2

24.998	2.01352	-4.21809e-07	2.97976e-08	2
24.8406	3.16389	-3.67434e-05	2.96398e-06	2
24.7145	4.30312	-7.35755e-05	6.674e-06	2
24.6213	5.41802	-0.00011049	1.11214e-05	2
24.561	6.4965	-0.000147054	1.62338e-05	2
24.5318	7.56394	-0.000184111	2.21215e-05	2
24.534	8.608	-0.000221231	2.87206e-05	2
24.5671	9.62899	-0.000258406	3.60223e-05	2
24.6308	10.6272	-0.000295631	4.4018e-05	2
24.7244	11.603	-0.000332898	5.26989e-05	2
24.8476	12.5567	-0.0003702	6.20564e-05	2
24.9999	13.4886	-0.000407532	7.20817e-05	2
25.1808	14.399	-0.000444887	8.27661e-05	2
25.3897	15.2883	-0.000482257	9.41011e-05	2
25.6263	16.1567	-0.000519637	0.000106078	2
25.89	17.0045	-0.000557019	0.000118687	2
26.1804	17.8322	-0.000594397	0.000131921	2
26.497	18.6399	-0.000631765	0.000145771	2
26.8393	19.4281	-0.000669115	0.000160228	2
27.2068	20.1971	-0.000706442	0.000175283	2
27.5991	20.9471	-0.000743738	0.000190927	2
28.0157	21.6784	-0.000780998	0.000207153	2
28.4561	22.3915	-0.000818213	0.00022395	2
28.9198	23.0866	-0.000855379	0.000241311	2
29.4064	23.764	-0.000892487	0.000259227	2
29.9154	24.424	-0.000929532	0.000277688	2
30.44	25.0598	-0.000966082	0.000296466	2
30.992	25.6863	-0.00100298	0.000315988	2
31.565	26.2964	-0.0010398	0.00033603	2
32.1584	26.8904	-0.00107652	0.000356583	2
32.7718	27.4686	-0.00111315	0.000377639	2
33.4048	28.0314	-0.00114968	0.000399188	2
34.0567	28.5791	-0.00118609	0.000421223	2
34.7273	29.1119	-0.00122239	0.000443735	2
35.4159	29.6303	-0.00125857	0.000466714	2
36.1221	30.1345	-0.00129462	0.000490153	2
36.8455	30.6248	-0.00133053	0.000514042	2
37.5855	31.1015	-0.0013663	0.000538373	2
38.3416	31.5651	-0.00140191	0.000563137	2
39.1135	32.0157	-0.00143738	0.000588325	2
39.9006	32.4538	-0.00147268	0.000613929	2
40.7024	32.8796	-0.00150781	0.000639939	2
41.5185	33.2934	-0.00154276	0.000666349	2
42.3484	33.6956	-0.00157753	0.000693147	2
43.1915	34.0864	-0.00161211	0.000720327	2
44.0475	34.4663	-0.0016465	0.000747879	2
44.9159	34.8355	-0.00168068	0.000775794	2
45.7961	35.1943	-0.00171466	0.000804064	2
46.6877	35.5431	-0.00174842	0.00083268	2
47.5798	35.8782	-0.00178157	0.000861298	2
48.4927	36.208	-0.00181488	0.000890577	2
49.4156	36.5286	-0.00184796	0.000920175	2
50.3479	36.8404	-0.00188079	0.000950085	2
51.2892	37.1438	-0.00191337	0.000980297	2
52.2391	37.4391	-0.0019457	0.0010108	2
53.197	37.7265	-0.00197777	0.0010416	2
54.1626	38.0064	-0.00200957	0.00107266	2
55.1352	38.2791	-0.00204109	0.001104	2
56.1144	38.5449	-0.00207233	0.00113559	2
57.0999	38.8042	-0.00210329	0.00116744	2
58.0909	39.0572	-0.00213394	0.00119953	2
59.0872	39.3043	-0.0021643	0.00123185	2
60.0882	39.5458	-0.00219435	0.00126439	2
61.0934	39.782	-0.00222408	0.00129715	2
62.1024	40.0133	-0.00225349	0.00133012	2
63.1147	40.2399	-0.00228257	0.00136329	2
64.1298	40.4622	-0.00231132	0.00139664	2
65.1472	40.6804	-0.00233973	0.00143018	2
66.1664	40.895	-0.00236779	0.00146389	2
67.1871	41.1061	-0.00239549	0.00149776	2
68.2086	41.3142	-0.00242284	0.00153179	2
69.2305	41.5196	-0.00244981	0.00156596	2
70.2524	41.7225	-0.00247641	0.00160027	2
71.2621	41.921	-0.00250233	0.00163431	2
72.2824	42.1201	-0.00252817	0.00166887	2
73.3013	42.3177	-0.00255361	0.00170354	2
74.3182	42.5141	-0.00257865	0.00173831	2
75.3327	42.7096	-0.00260328	0.00177317	2
76.3442	42.9047	-0.0026275	0.00180813	2
77.3524	43.0995	-0.0026513	0.00184315	2
78.3567	43.2944	-0.00267467	0.00187825	2
79.3566	43.4898	-0.00269761	0.0019134	2
80.3517	43.6859	-0.0027201	0.00194861	2
81.3415	43.8831	-0.00274215	0.00198385	2
82.3256	44.0817	-0.00276375	0.00201913	2
83.3033	44.2819	-0.00278488	0.00205444	2
84.2744	44.4842	-0.00280555	0.00208976	2
85.2382	44.6888	-0.00282574	0.00212509	2
86.1943	44.8961	-0.00284546	0.00216041	2
87.1422	45.1063	-0.00286468	0.00219573	2
88.0815	45.3198	-0.00288342	0.00223102	2
89.0117	45.5369	-0.00290165	0.00226629	2
89.9323	45.758	-0.00291937	0.00230152	2
90.8428	45.9832	-0.00293659	0.00233671	2
91.7427	46.2131	-0.00295328	0.00237184	2
92.6316	46.4478	-0.00296944	0.00240691	2
93.499	46.6849	-0.0029849	0.0024415	2
94.3645	46.9303	-0.003	0.00247642	2
95.2176	47.1814	-0.00301455	0.00251125	2
96.0577	47.4388	-0.00302855	0.00254599	2

74.9921	2.01317	1.23513e-07	1.13328e-07	2
74.3259	3.14079	9.83356e-06	1.00755e-05	2
73.6855	4.27116	1.78456e-05	2.05817e-05	2
73.0785	5.39113	2.40719e-05	3.15092e-05	2
72.5108	6.48802	2.85068e-05	4.27158e-05	2
71.9691	7.58737	3.12888e-05	5.44529e-05	2
71.4596	8.67637	3.23923e-05	6.65831e-05	2
70.9821	9.75505	3.18531e-05	7.90969e-05	2
70.5362	10.8234	2.9707e-05	9.19849e-05	2
70.1215	11.8815	2.599e-05	0.000105238	2
69.7376	12.9294	2.07378e-05	0.000118846	2
69.3842	13.967	1.39863e-05	0.0001328	2
69.061	14.9944	5.77141e-06	0.00014709	2
68.7676	16.0116	-3.87109e-06	0.000161708	2
68.5036	17.0186	-1.49053e-05	0.000176643	2
68.2686	18.0155	-2.72955e-05	0.000191887	2
68.0623	19.0022	-4.10056e-05	0.000207429	2
67.8844	19.9788	-5.6e-05	0.00022326	2
67.7345	20.9453	-7.22426e-05	0.000239371	2
67.6122	21.9018	-8.96978e-05	0.000255753	2
67.5172	22.8482	-0.00010833	0.000272396	2
67.4491	23.7845	-0.000128102	0.00028929	2
67.4075	24.7109	-0.00014898	0.000306427	2
67.3921	25.6272	-0.000170926	0.000323796	2
67.4026	26.5336	-0.000193906	0.000341389	2
67.4385	27.43	-0.000217883	0.000359195	2
67.4987	28.3064	-0.00024253	0.000376998	2
67.5842	29.1831	-0.000268384	0.000395201	2
67.6941	30.0499	-0.000295128	0.00041359	2
67.828	30.9068	-0.000322727	0.000432156	2
67.9856	31.7539	-0.000351144	0.000450888	2
68.1666	32.5912	-0.000380343	0.000469778	2
68.3705	33.4186	-0.00041029	0.000488815	2
68.597	34.2363	-0.000440948	0.000507992	2
68.8458	35.0442	-0.00047228	0.000527297	2
69.1164	35.8424	-0.000504252	0.000546722	2
69.4086	36.6308	-0.000536828	0.000566257	2
69.7219	37.4095	-0.000569971	0.000585892	2
70.0561	38.1786	-0.000603645	0.00060562	2
70.4106	38.9379	-0.000637816	0.000625429	2
70.7853	39.6877	-0.000672447	0.00064531	2
71.1797	40.4278	-0.000707501	0.000665255	2
71.5935	41.1583	-0.000742945	0.000685253	2
72.0263	41.8792	-0.00077874	0.000705295	2
72.4778	42.5905	-0.000814852	0.000725373	2
72.9475	43.2923	-0.000851245	0.000745475	2
73.4352	43.9846	-0.000887883	0.000765593	2
73.9405	44.6674	-0.00092473	0.000785718	2
74.463	45.3407	-0.00096175	0.00080584	2
74.996	45.997	-0.00099848	0.000825718	2
75.5516	46.6515	-0.00103574	0.000845806	2
76.1234	47.2966	-0.00107306	0.000865863	2
76.711	47.9323	-0.00111042	0.000885879	2
77.314	48.5586	-0.00114777	0.000905845	2
77.9321	49.1756	-0.00118507	0.000925752	2
78.5649	49.7832	-0.0012223	0.000945589	2
79.212	50.3815	-0.00125942	0.000965349	2
79.8731	50.9706	-0.00129639	0.00098502	2
80.5479	51.5503	-0.00133317	0.00100459	2
81.2359	52.1208	-0.00136973	0.00102406	2
81.9368	52.682	-0.00140604	0.00104341	2
82.6503	53.2341	-0.00144205	0.00106264	2
83.376	53.7769	-0.00147774	0.00108173	2
84.1135	54.3106	-0.00151306	0.00110068	2
84.8625	54.8351	-0.00154798	0.00111947	2
85.6226	55.3505	-0.00158246	0.0011381	2
86.3935	55.8567	-0.00161648	0.00115656	2
87.1748	56.3539	-0.00164998	0.00117483	2
87.9661	56.842	-0.00168294	0.00119292	2
88.7671	57.3211	-0.00171533	0.0012108	2
89.5774	57.7911	-0.00174709	0.00122847	2
90.3967	58.2521	-0.00177821	0.00124593	2
91.2245	58.7041	-0.00180864	0.00126315	2
92.051	59.1421	-0.00183801	0.00127994	2
92.8949	59.5764	-0.00186697	0.00129668	2
93.7464	60.0016	-0.00189513	0.00131316	2
94.605	60.418	-0.00192247	0.00132938	2
95.4705	60.8255	-0.00194894	0.00134531	2
96.3424	61.2241	-0.0019745	0.00136097	2
97.2203	61.6139	-0.00199913	0.00137632	2
98.1041	61.9949	-0.00202279	0.00139138	2
98.9932	62.367	-0.00204544	0.00140612	2
99.8873	62.7304	-0.00206704	0.00142053	2
100.786	63.085	-0.00208756	0.00143462	2
101.689	63.4308	-0.00210697	0.00144836	2
102.596	63.7679	-0.00212522	0.00146175	2
103.507	64.0964	-0.00214229	0.00147477	2
104.421	64.4161	-0.00215813	0.00148743	2
105.337	64.7272	-0.00217271	0.00149971	2
106.256	65.0296	-0.00218599	0.00151159	2
107.178	65.3235	-0.00219794	0.00152308	2
108.101	65.6087	-0.00220853	0.00153416	2
109.025	65.8853	-0.00221771	0.00154482	2
109.951	66.1534	-0.00222545	0.00155506	2
110.877	66.4129	-0.00223172	0.00156486	2
111.804	66.664	-0.00223648	0.00157421	2
112.72	66.9037	-0.00223966	0.00158301	2
113.646	67.1379	-0.00224131	0.00159145	2
114.572	67.3636	-0.00224133	0.00159941	2
115.496	67.5808	-0.00223971	0.00160689	2

124.997	2.01003	2.92058e-07	7.29809e-08	2
124.768	2.87482	2.40286e-05	5.91599e-06	2
124.521	3.7548	4.52942e-05	1.09711e-05	2
124.26	4.63974	6.3842e-05	1.51894e-05	2
123.989	5.51919	7.95496e-05	1.85602e-05	2
123.702	6.41338	9.28271e-05	2.11858e-05	2
123.402	7.31192	0.000103522	2.30463e-05	2
123.09	8.21461	0.000111678	2.41658e-05	2
122.768	9.12122	0.000117342	2.45682e-05	2
122.434	10.0316	0.000120559	2.42776e-05	2
122.09	10.9454	0.000121373	2.33181e-05	2
121.736	11.8626	0.00011983	2.17135e-05	2
121.373	12.7829	0.000115975	1.9488e-05	2
121.002	13.7061	0.000109852	1.66655e-05	2
120.622	14.6321	0.000101508	1.32701e-05	2
120.235	15.5605	9.09877e-05	9.32577e-06	2
119.841	16.4912	7.83354e-05	4.85655e-06	2
119.44	17.424	6.35967e-05	-1.13542e-07	2
119.033	18.3586	4.68168e-05	-5.5605e-06	2
118.621	19.295	2.80407e-05	-1.14603e-05	2
118.204	20.2328	7.31357e-06	-1.77889e-05	2
117.783	21.1718	-1.53194e-05	-2.45224e-05	2
117.358	22.112	-3.98131e-05	-3.16366e-05	2
116.929	23.053	-6.61223e-05	-3.91076e-05	2
116.498	23.9946	-9.4202e-05	-4.69114e-05	2
116.065	24.9367	-0.000124007	-5.50239e-05	2
115.635	25.8681	-0.000155121	-6.33231e-05	2
115.199	26.8105	-0.000188222	-7.19781e-05	2
114.762	27.7526	-0.000222915	-8.08702e-05	2
114.326	28.6944	-0.000259152	-8.99752e-05	2
113.889	29.6356	-0.000296889	-9.92691e-05	2
113.454	30.5761	-0.000336082	-0.000108728	2
113.021	31.5155	-0.000376684	-0.000118328	2
112.589	32.4537	-0.000418651	-0.000128044	2
112.16	33.3905	-0.000461937	-0.000137854	2
111.735	34.3257	-0.000506498	-0.000147732	2
111.313	35.2591	-0.000552289	-0.000157655	2
110.896	36.1905	-0.000599263	-0.000167599	2
110.483	37.1196	-0.000647376	-0.00017754	2
110.075	38.0463	-0.000696584	-0.000187454	2
109.674	38.9704	-0.00074684	-0.000197316	2
109.279	39.8916	-0.000798099	-0.000207103	2
108.891	40.8098	-0.000850317	-0.000216791	2
108.51	41.7247	-0.000903449	-0.000226355	2
108.138	42.6361	-0.000957448	-0.000235772	2
107.774	43.5439	-0.00101227	-0.000245018	2
107.419	44.4478	-0.00106787	-0.000254069	2
107.074	45.3477	-0.0011242	-0.0002629	2
106.739	46.2432	-0.00118123	-0.000271488	2
106.418	47.1241	-0.00123822	-0.000279714	2
106.105	48.0105	-0.00129648	-0.000287746	2
105.804	48.892	-0.00135528	-0.000295464	2
105.515	49.7684	-0.0014146	-0.000302842	2
105.239	50.6395	-0.00147437	-0.000309857	2
104.977	51.5051	-0.00153457	-0.000316484	2
104.728	52.365	-0.00159513	-0.000322701	2
104.494	53.219	-0.00165603	-0.000328482	2
104.275	54.0668	-0.0017172	-0.000333804	2
104.072	54.9083	-0.00177861	-0.000338643	2
103.884	55.7433	-0.00184022	-0.000342974	2
103.714	56.5715	-0.00190197	-0.000346775	2
103.56	57.3927	-0.00196382	-0.000350019	2
103.424	58.2068	-0.00202573	-0.000352685	2
103.307	59.0135	-0.00208765	-0.000354747	2
103.209	59.8127	-0.00214953	-0.000356182	2
103.129	60.6041	-0.00221134	-0.000356965	2
103.07	61.3875	-0.00227302	-0.000357073	2
103.031	62.1627	-0.00233453	-0.000356482	2
103.013	62.9295	-0.00239582	-0.000355167	2
103.017	63.6878	-0.00245686	-0.000353104	2
103.043	64.4372	-0.00251759	-0.00035027	2
103.091	65.1776	-0.00257797	-0.000346641	2
103.162	65.9088	-0.00263796	-0.000342192	2
103.256	66.6224	-0.00269683	-0.000336966	2
103.375	67.3347	-0.00275589	-0.000330816	2
103.519	68.0371	-0.00281443	-0.000323775	2
103.688	68.7295	-0.00287239	-0.000315818	2
103.883	69.4117	-0.00292973	-0.000306922	2
104.104	70.0835	-0.00298641	-0.000297063	2
104.352	70.7446	-0.00304237	-0.000286217	2
104.628	71.3948	-0.00309758	-0.000274359	2
104.931	72.034	-0.00315199	-0.000261466	2
105.263	72.6619	-0.00320555	-0.000247513	2
105.624	73.2783	-0.00325822	-0.000232477	2
106.015	73.8831	-0.00330996	-0.000216334	2
106.436	74.4759	-0.00336071	-0.000199059	2
106.888	75.0567	-0.00341043	-0.000180628	2
107.37	75.6252	-0.00345909	-0.000161019	2
107.885	76.1812	-0.00350663	-0.000140205	2
108.432	76.7245	-0.003553	-0.000118164	2
109.011	77.2549	-0.00359817	-9.48717e-05	2
109.624	77.7722	-0.00364209	-7.03037e-05	2
110.271	78.2761	-0.00368471	-4.4436e-05	2
110.953	78.7665	-0.00372598	-1.72448e-05	2
111.669	79.2432	-0.00376587	1.1294e-05	2
112.421	79.7059	-0.00380432	4.12045e-05	2
113.199	80.1495	-0.00384089	7.21428e-05	2
114.024	80.5839	-0.00387636	0.000104852	2
114.885	81.0038	-0.00391026	0.000139005	2
115.784	81.4089	-0.00394255	0.000174625	2

