-125.002	2.01017	5.03466e-07	4.55128e-08	2
-125.152	2.88655	4.2213e-05	3.59979e-06	2
-125.325	3.77639	8.12452e-05	6.48437e-06	2
-125.52	4.66938	0.000117146	8.67305e-06	2
-125.732	5.55505	0.000149607	1.01715e-05	2
-125.966	6.45383	0.00017943	1.10337e-05	2
-126.22	7.35529	0.000206272	1.12578e-05	2
-126.492	8.25928	0.000230182	1.08629e-05	2
-126.782	9.16565	0.00025121	9.8684e-06	2
-127.089	10.0742	0.000269406	8.29362e-06	2
-127.413	10.9849	0.00028482	6.15786e-06	2
-127.752	11.8975	0.000297502	3.48042e-06	2
-128.106	12.8118	0.000307501	2.80607e-07	2
-128.476	13.7277	0.000314869	-3.42228e-06	2
-128.859	14.6451	0.000319653	-7.60892e-06	2
-129.255	15.5638	0.000321906	-1.226e-05	2
-129.664	16.4836	0.000321675	-1.73563e-05	2
-130.085	17.4044	0.000319012	-2.28784e-05	2
-130.517	18.326	0.000313967	-2.8807e-05	2
-130.96	19.2483	0.000306588	-3.51229e-05	2
-131.412	20.1712	0.000296927	-4.18067e-05	2
-131.874	21.0944	0.000285032	-4.88391e-05	2
-132.345	22.0179	0.000270955	-5.62009e-05	2
-132.824	22.9414	0.000254744	-6.38726e-05	2
-133.31	23.8648	0.00023645	-7.18351e-05	2
-133.803	24.7879	0.000216123	-8.00689e-05	2
-134.296	25.7001	0.00019408	-8.8456e-05	2
-134.8	26.6223	0.000169858	-9.71722e-05	2
-135.309	27.5439	0.000143752	-0.000106102	2
-135.822	28.4645	0.000115812	-0.000115226	2
-136.338	29.3842	8.60872e-05	-0.000124526	2
-136.858	30.3027	5.46281e-05	-0.000133981	2
-137.379	31.2198	2.14847e-05	-0.000143572	2
-137.902	32.1355	-1.32933e-05	-0.000153281	2
-138.426	33.0496	-4.96559e-05	-0.000163088	2
-138.95	33.9619	-8.75531e-05	-0.000172973	2
-139.474	34.8722	-0.000126935	-0.000182918	2
-139.996	35.7805	-0.000167752	-0.000192902	2
-140.517	36.6865	-0.000209954	-0.000202907	2
-141.035	37.5901	-0.000253491	-0.000212914	2
-141.55	38.4911	-0.000298313	-0.000222902	2
-142.062	39.3895	-0.00034437	-0.000232853	2
-142.569	40.285	-0.000391612	-0.000242748	2
-143.071	41.1775	-0.00043999	-0.000252567	2
-143.567	42.0668	-0.000489453	-0.00026229	2
-144.057	42.9528	-0.000539951	-0.000271899	2
-144.54	43.8353	-0.000591436	-0.000281375	2
-145.015	44.7142	-0.000643856	-0.000290697	2
-145.482	45.5893	-0.000697161	-0.000299847	2
-145.935	46.4504	-0.000750676	-0.000308703	2
-146.384	47.3176	-0.000805594	-0.000317452	2
-146.822	48.1804	-0.000861249	-0.000325972	2
-147.249	49.0389	-0.000917591	-0.000334242	2
-147.665	49.8928	-0.000974569	-0.000342243	2
-148.069	50.742	-0.00103213	-0.000349956	2
-148.46	51.5864	-0.00109024	-0.000357362	2
-148.837	52.4257	-0.00114883	-0.000364442	2
-149.2	53.2599	-0.00120785	-0.000371175	2
-149.548	54.0887	-0.00126727	-0.000377543	2
-149.881	54.9121	-0.00132702	-0.000383527	2
-150.198	55.7298	-0.00138705	-0.000389106	2
-150.498	56.5418	-0.00144733	-0.000394263	2
-150.78	57.3478	-0.00150779	-0.000398977	2
-151.044	58.1477	-0.00156839	-0.000403229	2
-151.29	58.9414	-0.00162908	-0.000407	2
-151.516	59.7287	-0.0016898	-0.000410271	2
-151.722	60.5094	-0.00175052	-0.000413022	2
-151.908	61.2834	-0.00181117	-0.000415235	2
-152.072	62.0506	-0.00187171	-0.000416888	2
-152.214	62.8107	-0.00193208	-0.000417965	2
-152.334	63.5637	-0.00199225	-0.000418444	2
-152.43	64.3093	-0.00205215	-0.000418307	2
-152.502	65.0474	-0.00211174	-0.000417535	2
-152.549	65.7696	-0.0021703	-0.000416127	2
-152.571	66.4924	-0.00222912	-0.000414034	2
-152.568	67.2073	-0.00228748	-0.000411247	2
-152.538	67.9141	-0.00234533	-0.000407748	2
-152.481	68.6127	-0.00240262	-0.000403517	2
-152.396	69.3028	-0.0024593	-0.000398534	2
-152.282	69.9844	-0.00251532	-0.000392782	2
-152.139	70.6573	-0.00257063	-0.000386239	2
-151.967	71.3213	-0.00262518	-0.000378888	2
-151.764	71.9763	-0.00267892	-0.000370708	2
-151.53	72.6221	-0.0027318	-0.00036168	2
-151.263	73.2586	-0.00278376	-0.000351785	2
-150.965	73.8857	-0.00283477	-0.000341005	2
-150.633	74.503	-0.00288477	-0.000329318	2
-150.268	75.1106	-0.00293371	-0.000316707	2
-149.868	75.7083	-0.00298153	-0.000303151	2
-149.433	76.2959	-0.0030282	-0.000288632	2
-148.963	76.8732	-0.00307366	-0.00027313	2
-148.456	77.4401	-0.00311786	-0.000256627	2
-147.912	77.9965	-0.00316075	-0.000239101	2
-147.33	78.5421	-0.00320228	-0.000220535	2
-146.71	79.0769	-0.0032424	-0.000200909	2
-146.051	79.6006	-0.00328106	-0.000180203	2
-145.361	80.1074	-0.00331779	-0.000158656	2
-144.623	80.6088	-0.0033534	-0.000135747	2
-143.843	81.0987	-0.0033874	-0.000111701	2
-143.022	81.577	-0.00341975	-8.64985e-05	2

-75.0007	2.01193	3.67165e-08	-1.48248e-07	2
-75.0775	3.02994	3.34825e-06	-1.28962e-05	2
-75.184	4.04424	6.99323e-06	-2.57877e-05	2
-75.3189	5.04319	1.09128e-05	-3.8672e-05	2
-75.4796	6.01587	1.50356e-05	-5.13984e-05	2
-75.6692	6.98517	1.94354e-05	-6.42603e-05	2
-75.8852	7.93999	2.40437e-05	-7.71069e-05	2
-76.1272	8.88063	2.88384e-05	-8.99357e-05	2
-76.3945	9.80737	3.37972e-05	-0.000102744	2
-76.6863	10.7205	3.88981e-05	-0.000115529	2
-77.0022	11.6203	4.41188e-05	-0.000128288	2
-77.3414	12.5071	4.94374e-05	-0.000141019	2
-77.7033	13.3812	5.48316e-05	-0.000153718	2
-78.0874	14.2428	6.02794e-05	-0.000166383	2
-78.4929	15.0923	6.57585e-05	-0.000179012	2
-78.9192	15.9299	7.12469e-05	-0.000191602	2
-79.3657	16.7559	7.67224e-05	-0.00020415	2
-79.8318	17.5707	8.21629e-05	-0.000216653	2
-80.3168	18.3744	8.75462e-05	-0.00022911	2
-80.8201	19.1675	9.28503e-05	-0.000241516	2
-81.3411	19.9502	9.80529e-05	-0.00025387	2
-81.8791	20.7227	0.000103132	-0.000266169	2
-82.4335	21.4854	0.000108065	-0.000278409	2
-83.0037	22.2386	0.000112831	-0.00029059	2
-83.589	22.9826	0.000117407	-0.000302707	2
-84.1888	23.7175	0.00012177	-0.000314758	2
-84.7954	24.4356	0.000125854	-0.000326604	2
-85.4221	25.1536	0.00012973	-0.000338516	2
-86.0615	25.8636	0.000133327	-0.000350355	2
-86.7129	26.5657	0.000136625	-0.000362118	2
-87.3756	27.2604	0.0001396	-0.000373801	2
-88.049	27.9479	0.00014223	-0.000385402	2
-88.7324	28.6284	0.000144494	-0.000396919	2
-89.4253	29.3023	0.000146369	-0.000408349	2
-90.1271	29.9698	0.000147832	-0.00041969	2
-90.837	30.6314	0.000148863	-0.000430937	2
-91.5544	31.2871	0.000149438	-0.00044209	2
-92.2788	31.9374	0.000149536	-0.000453145	2
-93.0095	32.5825	0.000149134	-0.0004641	2
-93.7457	33.2227	0.00014821	-0.000474951	2
-94.487	33.8583	0.000146743	-0.000485697	2
-95.2327	34.4897	0.00014471	-0.000496334	2
-95.9822	35.117	0.000142088	-0.000506861	2
-96.7347	35.7405	0.000138857	-0.000517273	2
-97.4897	36.3607	0.000134993	-0.00052757	2
-98.2466	36.9777	0.000130474	-0.000537747	2
-99.0047	37.5918	0.000125279	-0.000547802	2
-99.7634	38.2034	0.000119385	-0.000557734	2
-100.522	38.8128	0.000112771	-0.000567538	2
-101.271	39.4131	0.000105502	-0.000577102	2
-102.028	40.0188	9.73875e-05	-0.000586645	2
-102.783	40.6231	8.84864e-05	-0.000596054	2
-103.535	41.2263	7.87762e-05	-0.000605325	2
-104.284	41.8286	6.82346e-05	-0.000614455	2
-105.029	42.4304	5.68395e-05	-0.000623443	2
-105.769	43.032	4.45689e-05	-0.000632285	2
-106.505	43.6336	3.14006e-05	-0.000640979	2
-107.235	44.2356	1.73124e-05	-0.000649522	2
-107.958	44.8382	2.28227e-06	-0.000657911	2
-108.674	45.4418	-1.3712e-05	-0.000666144	2
-109.383	46.0465	-3.06925e-05	-0.000674218	2
-110.084	46.6528	-4.86814e-05	-0.00068213	2
-110.775	47.2608	-6.77008e-05	-0.000689878	2
-111.457	47.871	-8.77729e-05	-0.000697459	2
-112.129	48.4835	-0.00010892	-0.000704871	2
-112.79	49.0987	-0.000131163	-0.00071211	2
-113.44	49.7168	-0.000154526	-0.000719174	2
-114.078	50.3382	-0.00017903	-0.000726061	2
-114.702	50.9632	-0.000204697	-0.000732768	2
-115.314	51.592	-0.00023155	-0.000739291	2
-115.912	52.2249	-0.000259611	-0.000745629	2
-116.495	52.8622	-0.000288901	-0.000751779	2
-117.062	53.5042	-0.000319442	-0.000757738	2
-117.608	54.1438	-0.000350885	-0.000763438	2
-118.143	54.796	-0.000383982	-0.000769009	2
-118.662	55.4538	-0.000418397	-0.000774382	2
-119.163	56.1175	-0.000454152	-0.000779553	2
-119.645	56.7873	-0.00049127	-0.000784519	2
-120.108	57.4636	-0.000529771	-0.000789279	2
-120.552	58.1466	-0.00056968	-0.00079383	2
-120.975	58.8367	-0.000611017	-0.000798168	2
-121.378	59.534	-0.000653804	-0.000802292	2
-121.758	60.239	-0.000698065	-0.000806198	2
-122.117	60.9519	-0.000743821	-0.000809883	2
-122.453	61.673	-0.000791094	-0.000813346	2
-122.765	62.4025	-0.000839906	-0.000816584	2
-123.054	63.1408	-0.000890279	-0.000819593	2
-123.317	63.8882	-0.000942237	-0.000822372	2
-123.556	64.6449	-0.0009958	-0.000824917	2
-123.768	65.4113	-0.00105099	-0.000827226	2
-123.953	66.1876	-0.00110783	-0.000829296	2
-124.112	66.9742	-0.00116634	-0.000831124	2
-124.242	67.7712	-0.00122655	-0.000832709	2
-124.344	68.5791	-0.00128848	-0.000834047	2
-124.417	69.398	-0.00135214	-0.000835135	2
-124.46	70.2284	-0.00141756	-0.000835971	2
-124.473	71.0607	-0.00148398	-0.000836548	2
-124.455	71.9145	-0.00155297	-0.000836875	2
-124.405	72.7807	-0.00162379	-0.000836941	2
-124.323	73.6593	-0.00169646	-0.000836746	2

-25.0026	2.0136	6.21476e-07	-2.64714e-07	2
-25.2381	3.17274	5.39109e-05	-2.19526e-05	2
-25.4992	4.32467	0.000107502	-4.17491e-05	2
-25.7827	5.45614	0.000160773	-5.94263e-05	2
-26.0847	6.55483	0.000213115	-7.48529e-05	2
-26.4118	7.64664	0.000265745	-8.8424e-05	2
-26.7602	8.71902	0.000318051	-9.99847e-05	2
-27.1295	9.77233	0.000370032	-0.000109572	2
-27.5194	10.8069	0.000421686	-0.000117221	2
-27.9295	11.8231	0.000473014	-0.00012297	2
-28.3593	12.8212	0.000524012	-0.000126854	2
-28.8085	13.8017	0.000574681	-0.000128911	2
-29.2767	14.7648	0.000625019	-0.000129176	2
-29.7635	15.7109	0.000675026	-0.000127687	2
-30.2685	16.6404	0.000724699	-0.000124479	2
-30.7912	17.5536	0.000774038	-0.00011959	2
-31.3315	18.4508	0.000823041	-0.000113055	2
-31.8887	19.3324	0.000871709	-0.000104912	2
-32.4626	20.1987	0.000920038	-9.51965e-05	2
-33.0527	21.0501	0.000968029	-8.39452e-05	2
-33.6587	21.887	0.00101568	-7.11948e-05	2
-34.2801	22.7096	0.00106299	-5.69816e-05	2
-34.9167	23.5183	0.00110996	-4.13423e-05	2
-35.5679	24.3136	0.00115658	-2.43133e-05	2
-36.2334	25.0956	0.00120286	-5.93118e-06	2
-36.9128	25.8648	0.0012488	1.37676e-05	2
-37.5977	26.6129	0.00129386	3.44982e-05	2
-38.3036	27.3576	0.00133911	5.67067e-05	2
-39.0222	28.0905	0.001384	8.01226e-05	2
-39.7532	28.812	0.00142855	0.00010471	2
-40.4961	29.5223	0.00147274	0.000130431	2
-41.2507	30.2219	0.00151658	0.000157251	2
-42.0163	30.9111	0.00156007	0.000185132	2
-42.7928	31.5902	0.0016032	0.000214038	2
-43.5797	32.2597	0.00164598	0.000243932	2
-44.3765	32.9197	0.0016884	0.000274778	2
-45.183	33.5707	0.00173047	0.00030654	2
-45.9987	34.2131	0.00177217	0.000339181	2
-46.8232	34.8471	0.00181351	0.000372664	2
-47.6562	35.4731	0.0018545	0.000406953	2
-48.4972	36.0915	0.00189511	0.000442012	2
-49.3458	36.7026	0.00193537	0.000477803	2
-50.2018	37.3067	0.00197526	0.000514291	2
-51.0646	37.9043	0.00201479	0.000551438	2
-51.9339	38.4956	0.00205394	0.000589209	2
-52.8093	39.0811	0.00209273	0.000627567	2
-53.6904	39.6609	0.00213115	0.000666475	2
-54.5768	40.2356	0.0021692	0.000705897	2
-55.4681	40.8054	0.00220688	0.000745797	2
-56.3537	41.3642	0.00224376	0.000785671	2
-57.2536	41.9253	0.0022807	0.000826411	2
-58.1574	42.4827	0.00231726	0.000867519	2
-59.0644	43.0365	0.00235344	0.000908959	2
-59.9745	43.5873	0.00238925	0.000950694	2
-60.8871	44.1352	0.00242468	0.000992688	2
-61.802	44.6807	0.00245973	0.0010349	2
-62.7186	45.2241	0.0024944	0.00107731	2
-63.6367	45.7658	0.00252868	0.00111986	2
-64.5557	46.3061	0.00256259	0.00116252	2
-65.4754	46.8453	0.00259611	0.00120526	2
-66.3954	47.3839	0.00262924	0.00124804	2
-67.3152	47.922	0.00266199	0.00129082	2
-68.2344	48.4602	0.00269435	0.00133357	2
-69.1527	48.9987	0.00272633	0.00137625	2
-70.0697	49.5379	0.00275791	0.00141882	2
-70.985	50.0781	0.0027891	0.00146125	2
-71.8982	50.6197	0.0028199	0.0015035	2
-72.8089	51.1631	0.00285031	0.00154553	2
-73.7167	51.7085	0.00288032	0.00158731	2
-74.6212	52.2563	0.00290993	0.00162881	2
-75.522	52.8069	0.00293915	0.00166997	2
-76.4188	53.3606	0.00296798	0.00171078	2
-77.3112	53.9178	0.0029964	0.00175119	2
-78.1885	54.4723	0.0030241	0.0017907	2
-79.0708	55.0373	0.00305173	0.00183021	2
-79.9476	55.6069	0.00307896	0.0018692	2
-80.8183	56.1813	0.00310578	0.00190766	2
-81.6826	56.761	0.00313219	0.00194553	2
-82.5401	57.3461	0.00315821	0.00198279	2
-83.3905	57.9371	0.00318381	0.00201939	2
-84.2332	58.5344	0.00320901	0.0020553	2
-85.0681	59.1382	0.00323379	0.00209049	2
-85.8945	59.749	0.00325817	0.00212491	2
-86.7122	60.3671	0.00328214	0.00215853	2
-87.5208	60.9927	0.00330569	0.00219132	2
-88.3199	61.6264	0.00332883	0.00222323	2
-89.1091	62.2683	0.00335156	0.00225424	2
-89.8879	62.9189	0.00337387	0.00228429	2
-90.6561	63.5785	0.00339576	0.00231337	2
-91.4131	64.2475	0.00341723	0.00234143	2
-92.1587	64.9261	0.00343829	0.00236843	2
-92.8925	65.6148	0.00345892	0.00239434	2
-93.6139	66.3139	0.00347914	0.00241912	2
-94.3228	67.0238	0.00349893	0.00244274	2
-95.0185	67.7447	0.00351829	0.00246516	2
-95.7009	68.4771	0.00353724	0.00248633	2
-96.3618	69.2126	0.00355554	0.00250602	2
-97.0163	69.9688	0.00357364	0.00252462	2
-97.6562	70.7374	0.0035913	0.00254189	2
-98.2811	71.5188	0.00360854	0.00255776	2

24.9961	2.01268	6.58811e-07	1.18962e-07	2
24.6726	3.1014	5.71441e-05	9.85886e-06	2
24.3617	4.19874	0.000113943	1.87294e-05	2
24.0672	5.29206	0.000170404	2.66188e-05	2
23.792	6.3689	0.00022589	3.34603e-05	2
23.5295	7.45435	0.000281697	3.94203e-05	2
23.2828	8.53589	0.000337185	4.44207e-05	2
23.0518	9.61356	0.000392359	4.84689e-05	2
22.8363	10.6874	0.000447227	5.15721e-05	2
22.636	11.7574	0.000501795	5.37375e-05	2
22.4509	12.8237	0.000556069	5.49723e-05	2
22.2808	13.8863	0.000610055	5.52838e-05	2
22.1254	14.9452	0.00066376	5.46793e-05	2
21.9847	16.0005	0.00071719	5.31659e-05	2
21.8583	17.0521	0.000770352	5.07509e-05	2
21.7462	18.1002	0.000823252	4.74416e-05	2
21.6482	19.1448	0.000875896	4.3245e-05	2
21.564	20.1858	0.000928291	3.81686e-05	2
21.4936	21.2234	0.000980442	3.22196e-05	2
21.4367	22.2576	0.00103236	2.54051e-05	2
21.3931	23.2884	0.00108404	1.77324e-05	2
21.3627	24.3159	0.0011355	9.20876e-06	2
21.3454	25.34	0.00118675	-1.58604e-07	2
21.3409	26.3609	0.00123778	-1.03625e-05	2
21.349	27.3786	0.00128861	-2.13956e-05	2
21.3696	28.3931	0.00133923	-3.32507e-05	2
21.402	29.3928	0.00138909	-4.57703e-05	2
21.4469	30.401	0.00143935	-5.92385e-05	2
21.5037	31.4062	0.00148942	-7.35071e-05	2
21.5723	32.4083	0.00153932	-8.85689e-05	2
21.6525	33.4075	0.00158906	-0.000104417	2
21.7441	34.4036	0.00163863	-0.000121043	2
21.847	35.3968	0.00168805	-0.000138441	2
21.9609	36.3872	0.00173732	-0.000156603	2
22.0857	37.3746	0.00178645	-0.000175522	2
22.2212	38.3593	0.00183545	-0.00019519	2
22.3672	39.3412	0.00188432	-0.000215602	2
22.5236	40.3203	0.00193306	-0.000236748	2
22.6901	41.2968	0.00198169	-0.000258623	2
22.8667	42.2706	0.00203021	-0.000281218	2
23.0531	43.2417	0.00207863	-0.000304527	2
23.2491	44.2103	0.00212695	-0.000328542	2
23.4546	45.1763	0.00217518	-0.000353256	2
23.6694	46.1397	0.00222333	-0.000378663	2
23.8933	47.1008	0.0022714	-0.000404753	2
24.1262	48.0593	0.00231939	-0.000431522	2
24.3678	49.0155	0.00236733	-0.00045896	2
24.618	49.9693	0.0024152	-0.000487061	2
24.8766	50.9208	0.00246302	-0.000515818	2
25.1404	51.8591	0.00251025	-0.000544882	2
25.4152	52.806	0.00255799	-0.000574921	2
25.6979	53.7508	0.00260569	-0.000605595	2
25.9883	54.6933	0.00265337	-0.000636895	2
26.2862	55.6338	0.00270103	-0.000668814	2
26.5914	56.5721	0.00274867	-0.000701346	2
26.9039	57.5084	0.00279631	-0.000734484	2
27.2233	58.4426	0.00284394	-0.000768219	2
27.5496	59.3748	0.00289158	-0.000802544	2
27.8825	60.3051	0.00293923	-0.000837453	2
28.2219	61.2335	0.0029869	-0.000872939	2
28.5675	62.16	0.00303459	-0.000908993	2
28.9193	63.0847	0.00308232	-0.000945609	2
29.277	64.0075	0.00313008	-0.000982779	2
29.6405	64.9286	0.00317788	-0.0010205	2
30.0095	65.848	0.00322574	-0.00105875	2
30.384	66.7657	0.00327364	-0.00109754	2
30.7637	67.6817	0.00332162	-0.00113686	2
31.1484	68.5961	0.00336966	-0.00117669	2
31.538	69.509	0.00341777	-0.00121704	2
31.9323	70.4203	0.00346597	-0.00125789	2
32.3311	71.3301	0.00351426	-0.00129923	2
32.7343	72.2384	0.00356263	-0.00134107	2
33.1416	73.1453	0.00361111	-0.00138339	2
33.5482	74.0405	0.00365914	-0.00142568	2
33.9633	74.9447	0.00370784	-0.00146894	2
34.382	75.8475	0.00375666	-0.00151265	2
34.8042	76.7491	0.0038056	-0.00155682	2
35.2297	77.6495	0.00385468	-0.00160143	2
35.6583	78.5487	0.00390389	-0.00164649	2
36.0898	79.4467	0.00395325	-0.00169197	2
36.5241	80.3435	0.00400277	-0.00173788	2
36.9609	81.2393	0.00405244	-0.00178421	2
37.4002	82.1341	0.00410227	-0.00183094	2
37.8417	83.0278	0.00415227	-0.00187808	2
38.2852	83.9205	0.00420245	-0.00192561	2
38.7306	84.8123	0.00425282	-0.00197353	2
39.1777	85.7033	0.00430337	-0.00202184	2
39.6263	86.5933	0.00435412	-0.00207051	2
40.0762	87.4825	0.00440507	-0.00211956	2
40.5273	88.371	0.00445624	-0.00216896	2
40.9794	89.2587	0.00450761	-0.00221871	2
41.4323	90.1456	0.00455921	-0.00226881	2
41.8858	91.0319	0.00461103	-0.00231925	2
42.3398	91.9176	0.00466309	-0.00237001	2
42.7941	92.8027	0.00471539	-0.0024211	2
43.2484	93.6872	0.00476794	-0.00247251	2
43.6975	94.561	0.00482013	-0.00252362	2
44.1515	95.4445	0.00487319	-0.00257563	2
44.6051	96.3275	0.00492651	-0.00262794	2
45.0581	97.2102	0.0049801	-0.00268053	2

74.9972	2.01335	-2.38025e-07	-1.69239e-07	2
74.7729	3.15109	-2.12849e-05	-1.36954e-05	2
74.5776	4.28097	-4.37194e-05	-2.53328e-05	2
74.4135	5.3899	-6.72775e-05	-3.49468e-05	2
74.2815	6.46576	-9.16436e-05	-4.24953e-05	2
74.1783	7.53383	-0.000117359	-4.81879e-05	2
74.105	8.58174	-0.00014412	-5.19599e-05	2
74.0612	9.60976	-0.0001719	-5.38458e-05	2
74.0465	10.6182	-0.000200675	-5.38799e-05	2
74.0605	11.6072	-0.000230417	-5.20967e-05	2
74.1027	12.5772	-0.000261101	-4.85306e-05	2
74.1726	13.5283	-0.000292701	-4.32161e-05	2
74.2699	14.4608	-0.000325191	-3.61876e-05	2
74.3941	15.3751	-0.000358544	-2.74795e-05	2
74.5448	16.2713	-0.000392735	-1.71263e-05	2
74.7215	17.1497	-0.000427738	-5.16226e-06	2
74.9238	18.0107	-0.000463526	8.37805e-06	2
75.1513	18.8544	-0.000500075	2.34602e-05	2
75.4035	19.6811	-0.000537356	4.00498e-05	2
75.68	20.4911	-0.000575346	5.81125e-05	2
75.9803	21.2847	-0.000614017	7.76137e-05	2
76.3041	22.0621	-0.000653344	9.85191e-05	2
76.6509	22.8236	-0.0006933	0.000120794	2
77.0202	23.5694	-0.00073386	0.000144405	2
77.4116	24.2999	-0.000774998	0.000169316	2
77.8247	25.0152	-0.000816687	0.000195494	2
78.254	25.7077	-0.000858413	0.000222582	2
78.7089	26.3938	-0.000901122	0.000251175	2
79.1842	27.0655	-0.000944304	0.000280933	2
79.6794	27.7232	-0.000987934	0.000311819	2
80.1942	28.367	-0.00103199	0.0003438	2
80.728	28.9974	-0.00107643	0.000376842	2
81.2805	29.6144	-0.00112125	0.000410909	2
81.8511	30.2185	-0.00116641	0.000445968	2
82.4396	30.8098	-0.00121189	0.000481984	2
83.0453	31.3886	-0.00125766	0.000518922	2
83.668	31.9553	-0.0013037	0.000556748	2
84.3071	32.51	-0.00134997	0.000595429	2
84.9622	33.053	-0.00139646	0.000634928	2
85.6329	33.5846	-0.00144314	0.000675212	2
86.3188	34.1051	-0.00148998	0.000716247	2
87.0193	34.6146	-0.00153696	0.000757998	2
87.7342	35.1136	-0.00158404	0.00080043	2
88.4629	35.6022	-0.00163121	0.000843509	2
89.205	36.0807	-0.00167843	0.000887201	2
89.9601	36.5494	-0.00172569	0.000931472	2
90.7277	37.0086	-0.00177295	0.000976286	2
91.5074	37.4584	-0.00182019	0.00102161	2
92.2988	37.8992	-0.00186739	0.00106741	2
93.0921	38.3263	-0.00191397	0.00111311	2
93.9054	38.75	-0.001961	0.00115975	2
94.729	39.1654	-0.0020079	0.00120677	2
95.5626	39.5729	-0.00205465	0.00125412	2
96.4057	39.9726	-0.00210123	0.00130177	2
97.2578	40.3649	-0.0021476	0.00134969	2
98.1186	40.75	-0.00219374	0.00139785	2
98.9875	41.1282	-0.00223963	0.00144621	2
99.8642	41.4998	-0.00228524	0.00149473	2
100.748	41.8649	-0.00233055	0.00154338	2
101.639	42.224	-0.00237552	0.00159213	2
102.536	42.5772	-0.00242013	0.00164095	2
103.44	42.9248	-0.00246436	0.00168979	2
104.349	43.2671	-0.00250818	0.00173862	2
105.263	43.6044	-0.00255156	0.00178741	2
106.181	43.9368	-0.00259448	0.00183613	2
107.104	44.2648	-0.00263691	0.00188474	2
108.031	44.5884	-0.00267883	0.0019332	2
108.961	44.9081	-0.0027202	0.00198149	2
109.895	45.2241	-0.00276101	0.00202956	2
110.83	45.5365	-0.00280123	0.00207738	2
111.768	45.8458	-0.00284083	0.00212492	2
112.708	46.1521	-0.00287978	0.00217215	2
113.648	46.4558	-0.00291807	0.00221902	2
114.579	46.7536	-0.00295523	0.00226498	2
115.521	47.0527	-0.0029921	0.00231105	2
116.462	47.35	-0.00302822	0.00235667	2
117.404	47.6456	-0.00306357	0.00240181	2
118.344	47.9399	-0.00309812	0.00244642	2
119.283	48.2331	-0.00313185	0.00249047	2
120.22	48.5255	-0.00316472	0.00253393	2
121.154	48.8174	-0.00319671	0.00257676	2
122.086	49.1089	-0.0032278	0.00261894	2
123.015	49.4004	-0.00325796	0.00266042	2
123.941	49.6922	-0.00328716	0.00270117	2
124.862	49.9844	-0.00331538	0.00274116	2
125.779	50.2775	-0.00334259	0.00278034	2
126.691	50.5715	-0.00336877	0.0028187	2
127.597	50.8669	-0.00339389	0.00285619	2
128.498	51.1638	-0.00341792	0.00289278	2
129.393	51.4626	-0.00344083	0.00292843	2
130.281	51.7635	-0.00346261	0.00296311	2
131.162	52.0667	-0.00348323	0.00299679	2
132.036	52.3725	-0.00350265	0.00302943	2
132.902	52.6813	-0.00352086	0.00306099	2
133.759	52.9931	-0.00353782	0.00309145	2
134.607	53.3085	-0.00355352	0.00312077	2
135.437	53.6238	-0.00356776	0.00314859	2
136.267	53.9467	-0.00358086	0.00317553	2
137.086	54.2738	-0.00359261	0.00320122	2
137.896	54.6053	-0.00360298	0.00322564	2

124.993	2.01313	5.39364e-07	-1.52001e-07	2
124.394	3.13883	4.5139e-05	-1.23845e-05	2
123.815	4.26976	8.67082e-05	-2.30912e-05	2
123.262	5.39276	0.000124773	-3.21513e-05	2
122.743	6.49502	0.000159019	-3.95196e-05	2
122.244	7.60215	0.000190307	-4.53985e-05	2
121.771	8.70127	0.000218286	-4.97243e-05	2
121.324	9.79234	0.000243019	-5.25282e-05	2
120.903	10.8753	0.000264572	-5.38417e-05	2
120.507	11.9502	0.00028301	-5.36959e-05	2
120.137	13.017	0.000298397	-5.21223e-05	2
119.792	14.0756	0.0003108	-4.91519e-05	2
119.471	15.126	0.000320283	-4.48163e-05	2
119.176	16.1683	0.000326911	-3.91465e-05	2
118.904	17.2022	0.000330749	-3.21739e-05	2
118.657	18.2279	0.000331863	-2.39299e-05	2
118.433	19.2453	0.000330317	-1.44456e-05	2
118.234	20.2544	0.000326176	-3.75243e-06	2
118.057	21.2552	0.000319506	8.11841e-06	2
117.904	22.2475	0.000310371	2.11356e-05	2
117.774	23.2314	0.000298837	3.52679e-05	2
117.666	24.207	0.000284969	5.04839e-05	2
117.581	25.174	0.000268831	6.67525e-05	2
117.518	26.1325	0.000250489	8.40422e-05	2
117.477	27.0826	0.000230008	0.000102322	2
117.458	28.024	0.000207453	0.00012156	2
117.46	28.9463	0.000183182	0.000141489	2
117.484	29.8707	0.000156696	0.000162541	2
117.528	30.7864	0.00012833	0.000184457	2
117.593	31.6935	9.81495e-05	0.000207208	2
117.679	32.592	6.62195e-05	0.000230761	2
117.785	33.4817	3.26051e-05	0.000255086	2
117.911	34.3626	-2.62869e-06	0.00028015	2
118.057	35.2348	-3.94168e-05	0.000305923	2
118.223	36.0982	-7.76942e-05	0.000332374	2
118.408	36.9527	-0.000117396	0.000359471	2
118.612	37.7985	-0.000158457	0.000387182	2
118.835	38.6353	-0.000200811	0.000415477	2
119.076	39.4632	-0.000244395	0.000444325	2
119.337	40.2822	-0.000289143	0.000473693	2
119.615	41.0922	-0.00033499	0.000503551	2
119.911	41.8932	-0.00038187	0.000533868	2
120.225	42.6851	-0.00042972	0.000564611	2
120.556	43.4681	-0.000478473	0.000595751	2
120.905	44.2419	-0.000528064	0.000627255	2
121.271	45.0067	-0.000578429	0.000659092	2
121.653	45.7623	-0.000629503	0.000691232	2
122.052	46.5087	-0.00068122	0.000723642	2
122.467	47.246	-0.000733516	0.000756291	2
122.893	47.9657	-0.000785715	0.00078877	2
123.34	48.6846	-0.000838967	0.000821803	2
123.803	49.3942	-0.000892603	0.000854981	2
124.28	50.0946	-0.000946558	0.000888274	2
124.773	50.7856	-0.00100077	0.000921651	2
125.281	51.4672	-0.00105517	0.000955079	2
125.803	52.1394	-0.00110969	0.000988528	2
126.34	52.8023	-0.00116427	0.00102197	2
126.891	53.4557	-0.00121884	0.00105536	2
127.456	54.0996	-0.00127334	0.00108869	2
128.034	54.734	-0.00132771	0.00112191	2
128.626	55.3589	-0.00138187	0.00115499	2
129.231	55.9742	-0.00143577	0.00118791	2
129.849	56.58	-0.00148933	0.00122063	2
130.48	57.1761	-0.0015425	0.00125312	2
131.123	57.7627	-0.00159521	0.00128534	2
131.778	58.3395	-0.00164739	0.00131728	2
132.446	58.9067	-0.00169898	0.00134889	2
133.125	59.4641	-0.00174991	0.00138015	2
133.816	60.0118	-0.00180012	0.00141102	2
134.518	60.5497	-0.00184954	0.00144148	2
135.231	61.0778	-0.00189811	0.00147149	2
135.955	61.596	-0.00194576	0.00150101	2
136.69	62.1044	-0.00199243	0.00153003	2
137.426	62.5973	-0.00203753	0.00155818	2
138.181	63.086	-0.00208205	0.00158608	2
138.946	63.5648	-0.0021254	0.00161339	2
139.72	64.0336	-0.0021675	0.00164005	2
140.504	64.4924	-0.0022083	0.00166605	2
141.297	64.9411	-0.00224773	0.00169135	2
142.099	65.3798	-0.00228571	0.00171592	2
142.909	65.8085	-0.0023222	0.00173973	2
143.728	66.227	-0.00235712	0.00176275	2
144.556	66.6353	-0.0023904	0.00178494	2
145.391	67.0335	-0.00242199	0.00180628	2
146.234	67.4215	-0.00245182	0.00182673	2
147.084	67.7993	-0.00247982	0.00184627	2
147.942	68.1668	-0.00250592	0.00186485	2
148.807	68.5241	-0.00253007	0.00188246	2
149.678	68.871	-0.0025522	0.00189905	2
150.556	69.2076	-0.00257224	0.00191461	2
151.44	69.5339	-0.00259012	0.00192909	2
152.331	69.8497	-0.00260579	0.00194246	2
153.227	70.1551	-0.00261918	0.0019547	2
154.129	70.4501	-0.00263021	0.00196576	2
155.036	70.7346	-0.00263884	0.00197563	2
155.949	71.0086	-0.00264498	0.00198427	2
156.855	71.2691	-0.00264856	0.00199158	2
157.777	71.5222	-0.00264958	0.00199768	2
158.703	71.7646	-0.00264794	0.00200245	2
159.634	71.9964	-0.00264355	0.00200587	2

