-125.001	2.01183	1.50633e-07	-4.66743e-07	2
-125.064	3.02444	1.43996e-05	-3.91858e-05	2
-125.146	4.03949	3.13907e-05	-7.55295e-05	2
-125.248	5.0453	5.09313e-05	-0.00010908	2
-125.365	6.0306	7.27121e-05	-0.000139549	2
-125.502	7.01846	9.71981e-05	-0.000167692	2
-125.657	7.99753	0.000124108	-0.00019319	2
-125.829	8.96796	0.000153401	-0.00021609	2
-126.018	9.92989	0.000185035	-0.000236444	2
-126.224	10.8835	0.000218967	-0.000254299	2
-126.446	11.8289	0.000255156	-0.000269705	2
-126.684	12.7662	0.00029356	-0.000282712	2
-126.937	13.6957	0.000334136	-0.000293368	2
-127.207	14.6174	0.000376844	-0.000301722	2
-127.491	15.5315	0.000421642	-0.000307824	2
-127.79	16.4382	0.000468486	-0.000311724	2
-128.104	17.3375	0.000517336	-0.00031347	2
-128.431	18.2298	0.00056815	-0.000313111	2
-128.773	19.115	0.000620885	-0.000310696	2
-129.128	19.9934	0.0006755	-0.000306276	2
-129.497	20.8651	0.000731953	-0.000299899	2
-129.878	21.7303	0.000790202	-0.000291614	2
-130.273	22.5891	0.000850205	-0.000281471	2
-130.679	23.4416	0.00091192	-0.000269518	2
-131.098	24.2881	0.000975306	-0.000255805	2
-131.528	25.1286	0.00104032	-0.000240382	2
-131.964	25.9538	0.00110615	-0.000223502	2
-132.417	26.7829	0.00117427	-0.000204823	2
-132.881	27.6066	0.00124391	-0.00018458	2
-133.354	28.4249	0.001315	-0.000162822	2
-133.839	29.238	0.00138751	-0.000139599	2
-134.332	30.0461	0.0014614	-0.00011496	2
-134.836	30.8493	0.00153662	-8.89539e-05	2
-135.349	31.6478	0.00161314	-6.163e-05	2
-135.87	32.4416	0.00169091	-3.30376e-05	2
-136.401	33.2311	0.00176989	-3.22594e-06	2
-136.939	34.0162	0.00185004	2.77559e-05	2
-137.486	34.7972	0.00193132	5.98586e-05	2
-138.04	35.5742	0.00201368	9.30329e-05	2
-138.602	36.3474	0.00209708	0.00012723	2
-139.171	37.1169	0.00218148	0.0001624	2
-139.747	37.8829	0.00226684	0.000198494	2
-140.329	38.6454	0.00235312	0.000235463	2
-140.917	39.4048	0.00244027	0.000273258	2
-141.511	40.161	0.00252826	0.000311829	2
-142.11	40.9144	0.00261704	0.000351127	2
-142.715	41.6649	0.00270656	0.000391103	2
-143.325	42.4128	0.0027968	0.000431708	2
-143.939	43.1582	0.0028877	0.000472893	2
-144.551	43.8928	0.00297816	0.000514126	2
-145.173	44.6337	0.00307026	0.000556317	2
-145.8	45.3726	0.0031629	0.00059894	2
-146.429	46.1096	0.00325603	0.000641947	2
-147.062	46.8448	0.00334963	0.000685288	2
-147.697	47.5785	0.00344363	0.000728913	2
-148.335	48.3108	0.00353801	0.000772775	2
-148.975	49.0418	0.00363272	0.000816823	2
-149.617	49.7716	0.00372772	0.000861008	2
-150.26	50.5004	0.00382297	0.000905281	2
-150.905	51.2285	0.00391842	0.000949593	2
-151.55	51.9558	0.00401404	0.000993895	2
-152.196	52.6826	0.00410977	0.00103814	2
-152.842	53.409	0.00420559	0.00108227	2
-153.489	54.1352	0.00430144	0.00112625	2
-154.135	54.8614	0.00439729	0.00117001	2
-154.78	55.5875	0.00449309	0.00121352	2
-155.424	56.3139	0.00458881	0.00125673	2
-156.067	57.0407	0.00468439	0.00129958	2
-156.708	57.768	0.00477981	0.00134203	2
-157.348	58.496	0.004875	0.00138402	2
-157.985	59.2248	0.00496995	0.00142551	2
-158.62	59.9545	0.00506459	0.00146645	2
-159.252	60.6854	0.0051589	0.00150679	2
-159.874	61.4092	0.00525175	0.00154603	2
-160.499	62.1427	0.00534525	0.00158503	2
-161.121	62.8778	0.0054383	0.00162328	2
-161.739	63.6147	0.00553083	0.00166073	2
-162.352	64.3534	0.00562282	0.00169733	2
-162.961	65.0942	0.00571421	0.00173305	2
-163.564	65.8371	0.00580498	0.00176781	2
-164.163	66.5823	0.00589507	0.00180158	2
-164.755	67.3301	0.00598444	0.00183431	2
-165.342	68.0804	0.00607306	0.00186595	2
-165.923	68.8335	0.00616088	0.00189644	2
-166.497	69.5896	0.00624785	0.00192575	2
-167.064	70.3487	0.00633394	0.00195381	2
-167.624	71.111	0.00641911	0.00198058	2
-168.177	71.8767	0.00650331	0.00200602	2
-168.722	72.646	0.0065865	0.00203007	2
-169.259	73.4189	0.00666863	0.00205268	2
-169.787	74.1956	0.00674968	0.0020738	2
-170.307	74.9763	0.00682959	0.00209339	2
-170.817	75.7612	0.00690832	0.0021114	2
-171.319	76.5503	0.00698584	0.00212777	2
-171.81	77.3438	0.00706209	0.00214246	2
-172.292	78.142	0.00713704	0.00215542	2
-172.758	78.9356	0.00720981	0.00216647	2
-173.22	79.7432	0.00728205	0.00217584	2
-173.67	80.5559	0.00735286	0.00218332	2
-174.109	81.3738	0.0074222	0.00218888	2

-75.0006	2.01265	7.05238e-07	-7.1173e-08	2
-75.0412	3.09607	6.169e-05	-7.05299e-06	2
-75.0664	4.18271	0.000124045	-1.58364e-05	2
-75.0759	5.26001	0.00018705	-2.63327e-05	2
-75.0698	6.31581	0.000249953	-3.8375e-05	2
-75.0483	7.37475	0.0003142	-5.22261e-05	2
-75.0116	8.42459	0.000379047	-6.77382e-05	2
-74.9598	9.4654	0.000444478	-8.4894e-05	2
-74.8931	10.4973	0.000510477	-0.000103676	2
-74.8116	11.5203	0.000577028	-0.000124067	2
-74.7156	12.5345	0.000644113	-0.00014605	2
-74.6052	13.54	0.000711717	-0.000169607	2
-74.4807	14.5369	0.000779824	-0.00019472	2
-74.3421	15.5252	0.000848417	-0.000221373	2
-74.1897	16.5051	0.000917479	-0.000249548	2
-74.0237	17.4765	0.000986995	-0.000279228	2
-73.8442	18.4397	0.00105695	-0.000310395	2
-73.6514	19.3947	0.00112732	-0.000343032	2
-73.4456	20.3415	0.0011981	-0.000377122	2
-73.2268	21.2802	0.00126926	-0.000412646	2
-72.9952	22.211	0.0013408	-0.000449589	2
-72.7511	23.1339	0.0014127	-0.000487931	2
-72.4946	24.0489	0.00148493	-0.000527657	2
-72.226	24.9562	0.00155748	-0.000568749	2
-71.9452	25.8558	0.00163034	-0.000611189	2
-71.6527	26.7479	0.00170349	-0.000654959	2
-71.352	27.6223	0.00177607	-0.000699518	2
-71.0365	28.4995	0.00184975	-0.000745884	2
-70.7096	29.3694	0.00192367	-0.000793528	2
-70.3716	30.232	0.00199782	-0.000842434	2
-70.0227	31.0874	0.00207218	-0.000892585	2
-69.663	31.9357	0.00214672	-0.000943962	2
-69.2927	32.777	0.00222144	-0.000996549	2
-68.9121	33.6114	0.00229633	-0.00105033	2
-68.5212	34.4389	0.00237135	-0.00110528	2
-68.1202	35.2596	0.0024465	-0.00116139	2
-67.7094	36.0737	0.00252177	-0.00121864	2
-67.289	36.8811	0.00259713	-0.00127702	2
-66.859	37.6819	0.00267256	-0.00133649	2
-66.4197	38.4763	0.00274806	-0.00139706	2
-65.9713	39.2643	0.0028236	-0.0014587	2
-65.5139	40.0461	0.00289917	-0.00152139	2
-65.0477	40.8216	0.00297476	-0.00158511	2
-64.5729	41.5909	0.00305034	-0.00164986	2
-64.0898	42.3543	0.0031259	-0.0017156	2
-63.5983	43.1116	0.00320142	-0.00178233	2
-63.0989	43.863	0.00327689	-0.00185002	2
-62.5915	44.6086	0.00335229	-0.00191867	2
-62.0764	45.3485	0.00342761	-0.00198824	2
-61.5599	46.0743	0.00350196	-0.00205792	2
-61.0301	46.8031	0.00357706	-0.00212929	2
-60.4931	47.5263	0.00365202	-0.00220154	2
-59.9492	48.2441	0.00372684	-0.00227466	2
-59.3984	48.9565	0.00380148	-0.00234862	2
-58.841	49.6637	0.00387595	-0.00242341	2
-58.2772	50.3658	0.00395021	-0.00249901	2
-57.7072	51.0627	0.00402426	-0.0025754	2
-57.131	51.7546	0.00409808	-0.00265257	2
-56.549	52.4416	0.00417165	-0.00273049	2
-55.9612	53.1238	0.00424495	-0.00280916	2
-55.3679	53.8011	0.00431797	-0.00288855	2
-54.7693	54.4738	0.0043907	-0.00296864	2
-54.1655	55.1418	0.00446311	-0.00304942	2
-53.5566	55.8053	0.00453519	-0.00313088	2
-52.943	56.4644	0.00460692	-0.00321298	2
-52.3248	57.1191	0.00467829	-0.00329573	2
-51.702	57.7695	0.00474928	-0.00337909	2
-51.075	58.4157	0.00481988	-0.00346305	2
-50.444	59.0577	0.00489007	-0.0035476	2
-49.809	59.6957	0.00495982	-0.00363271	2
-49.1702	60.3298	0.00502914	-0.00371838	2
-48.528	60.9599	0.00509799	-0.00380457	2
-47.8823	61.5862	0.00516636	-0.00389128	2
-47.2409	62.2017	0.00523347	-0.00397748	2
-46.5891	62.8207	0.00530084	-0.00406516	2
-45.9345	63.4361	0.00536769	-0.00415331	2
-45.2771	64.048	0.005434	-0.0042419	2
-44.6174	64.6566	0.00549975	-0.00433091	2
-43.9553	65.2617	0.00556493	-0.00442034	2
-43.2911	65.8637	0.00562952	-0.00451016	2
-42.625	66.4624	0.00569349	-0.00460036	2
-41.9571	67.0581	0.00575685	-0.00469091	2
-41.2877	67.6508	0.00581956	-0.00478181	2
-40.6169	68.2405	0.00588161	-0.00487303	2
-39.9448	68.8274	0.005943	-0.00496456	2
-39.2717	69.4115	0.00600369	-0.00505637	2
-38.5978	69.993	0.00606368	-0.00514846	2
-37.9232	70.5718	0.00612295	-0.0052408	2
-37.2481	71.1481	0.00618148	-0.00533337	2
-36.5728	71.722	0.00623925	-0.00542617	2
-35.8972	72.2934	0.00629625	-0.00551917	2
-35.2218	72.8626	0.00635247	-0.00561235	2
-34.5465	73.4296	0.00640788	-0.0057057	2
-33.8717	73.9945	0.00646247	-0.0057992	2
-33.1975	74.5573	0.00651623	-0.00589283	2
-32.524	75.1182	0.00656913	-0.00598658	2
-31.8592	75.6707	0.00662058	-0.00607935	2
-31.1879	76.2279	0.00667174	-0.00617327	2
-30.5178	76.7834	0.00672199	-0.00626726	2
-29.8492	77.3372	0.00677134	-0.00636129	2

-25.0037	2.01229	-3.00672e-07	-2.55329e-07	2
-25.3071	3.06373	-2.62635e-05	-2.12389e-05	2
-25.5865	4.1157	-5.27313e-05	-4.05319e-05	2
-25.8385	5.15599	-7.93915e-05	-5.79182e-05	2
-26.0609	6.17293	-0.000105922	-7.32693e-05	2
-26.2594	7.19028	-0.000132929	-8.69811e-05	2
-26.4314	8.19621	-0.000160092	-9.89038e-05	2
-26.5774	9.19084	-0.0001874	-0.000109077	2
-26.6976	10.1742	-0.000214839	-0.000117539	2
-26.7924	11.1465	-0.000242399	-0.000124331	2
-26.8621	12.1078	-0.000270067	-0.00012949	2
-26.9072	13.058	-0.000297831	-0.000133057	2
-26.9278	13.9975	-0.000325678	-0.000135071	2
-26.9244	14.9261	-0.000353598	-0.000135572	2
-26.8973	15.8441	-0.000381578	-0.000134597	2
-26.8468	16.7515	-0.000409605	-0.000132188	2
-26.7732	17.6485	-0.000437668	-0.000128383	2
-26.677	18.535	-0.000465754	-0.000123221	2
-26.5584	19.4112	-0.000493852	-0.000116742	2
-26.4178	20.2772	-0.00052195	-0.000108986	2
-26.2555	21.133	-0.000550035	-9.99907e-05	2
-26.0718	21.9789	-0.000578096	-8.97964e-05	2
-25.8672	22.8148	-0.00060612	-7.84423e-05	2
-25.6418	23.6408	-0.000634095	-6.59677e-05	2
-25.3961	24.4571	-0.00066201	-5.24119e-05	2
-25.1305	25.2637	-0.000689851	-3.78142e-05	2
-24.8485	26.0516	-0.00071729	-2.23989e-05	2
-24.5441	26.8392	-0.000744951	-5.84644e-06	2
-24.2206	27.6175	-0.000772503	1.16304e-05	2
-23.8785	28.3864	-0.000799934	2.99921e-05	2
-23.5181	29.1461	-0.000827232	4.91996e-05	2
-23.1397	29.8967	-0.000854386	6.92133e-05	2
-22.7437	30.6383	-0.000881382	8.99941e-05	2
-22.3304	31.3709	-0.000908209	0.000111502	2
-21.9001	32.0947	-0.000934854	0.000133699	2
-21.4531	32.8097	-0.000961307	0.000156545	2
-20.9899	33.516	-0.000987554	0.00018	2
-20.5107	34.2138	-0.00101358	0.000204026	2
-20.0159	34.9031	-0.00103938	0.000228583	2
-19.5059	35.584	-0.00106494	0.000253631	2
-18.9809	36.2566	-0.00109025	0.000279132	2
-18.4412	36.9209	-0.00111529	0.000305046	2
-17.8874	37.5772	-0.00114005	0.000331334	2
-17.3195	38.2254	-0.00116452	0.000357955	2
-16.7381	38.8657	-0.00118869	0.000384872	2
-16.1435	39.4981	-0.00121255	0.000412045	2
-15.5359	40.1228	-0.00123608	0.000439434	2
-14.9158	40.7398	-0.00125927	0.000467	2
-14.2834	41.3493	-0.00128211	0.000494704	2
-13.6465	41.9443	-0.00130434	0.000522186	2
-12.9908	42.539	-0.00132645	0.000550047	2
-12.3238	43.1263	-0.00134817	0.000577928	2
-11.646	43.7065	-0.0013695	0.00060579	2
-10.9576	44.2795	-0.00139042	0.000633593	2
-10.2589	44.8455	-0.00141091	0.000661299	2
-9.5504	45.4046	-0.00143097	0.000688867	2
-8.83233	45.9568	-0.00145058	0.000716259	2
-8.10506	46.5022	-0.00146974	0.000743436	2
-7.36891	47.041	-0.00148842	0.000770357	2
-6.62423	47.5733	-0.00150662	0.000796983	2
-5.87135	48.099	-0.00152433	0.000823276	2
-5.11062	48.6184	-0.00154153	0.000849196	2
-4.34236	49.1314	-0.00155821	0.000874703	2
-3.56693	49.6383	-0.00157436	0.000899759	2
-2.78464	50.139	-0.00158997	0.000924323	2
-1.99585	50.6338	-0.00160502	0.000948357	2
-1.20089	51.1225	-0.00161951	0.000971822	2
-0.400094	51.6055	-0.00163342	0.000994677	2
0.406197	52.0827	-0.00164673	0.00101688	2
1.21765	52.5542	-0.00165945	0.0010384	2
2.03392	53.0202	-0.00167154	0.00105919	2
2.85467	53.4807	-0.00168301	0.00107922	2
3.67957	53.9358	-0.00169385	0.00109844	2
4.49873	54.3804	-0.00170391	0.00111661	2
5.33087	54.8251	-0.00171344	0.00113411	2
6.16614	55.2647	-0.00172228	0.00115069	2
7.00422	55.6992	-0.00173045	0.0011663	2
7.84476	56.1288	-0.00173791	0.00118092	2
8.68742	56.5536	-0.00174466	0.00119449	2
9.53187	56.9736	-0.00175068	0.00120698	2
10.3778	57.3889	-0.00175597	0.00121835	2
11.2248	57.7997	-0.00176052	0.00122856	2
12.0726	58.2061	-0.0017643	0.00123757	2
12.9208	58.608	-0.00176731	0.00124535	2
13.7691	59.0056	-0.00176954	0.00125185	2
14.6172	59.3991	-0.00177097	0.00125703	2
15.4647	59.7884	-0.00177159	0.00126086	2
16.3113	60.1737	-0.0017714	0.00126329	2
17.1567	60.5551	-0.00177037	0.00126428	2
18.0004	60.9327	-0.0017685	0.00126381	2
18.8423	61.3065	-0.00176577	0.00126181	2
19.6818	61.6767	-0.00176217	0.00125827	2
20.5188	62.0432	-0.00175769	0.00125314	2
21.3528	62.4064	-0.00175232	0.00124637	2
22.1836	62.7661	-0.00174605	0.00123793	2
23.0107	63.1226	-0.00173886	0.00122779	2
23.8245	63.4718	-0.00173083	0.00121604	2
24.6435	63.822	-0.00172178	0.00120237	2
25.4578	64.1692	-0.00171178	0.00118688	2
26.2672	64.5134	-0.00170081	0.00116952	2

24.9955	2.01174	5.90576e-07	-4.45278e-07	2
24.6177	3.02199	4.94513e-05	-3.75753e-05	2
24.2459	4.04533	9.50478e-05	-7.28232e-05	2
23.8848	5.06983	0.000136861	-0.000105785	2
23.5383	6.0835	0.000174547	-0.000136162	2
23.1985	7.10972	0.000209051	-0.000164702	2
22.8695	8.13651	0.000239988	-0.000191079	2
22.5515	9.16367	0.000267428	-0.000215336	2
22.2444	10.191	0.000291444	-0.000237513	2
21.9484	11.2183	0.000312107	-0.000257653	2
21.6634	12.2454	0.00032949	-0.000275796	2
21.3896	13.2721	0.000343664	-0.000291985	2
21.1271	14.2982	0.000354701	-0.000306259	2
20.8758	15.3234	0.000362674	-0.000318662	2
20.6359	16.3477	0.000367653	-0.000329234	2
20.4075	17.3707	0.000369711	-0.000338017	2
20.1905	18.3924	0.00036892	-0.000345052	2
19.9851	19.4124	0.000365351	-0.000350381	2
19.7914	20.4307	0.000359077	-0.000354044	2
19.6094	21.447	0.00035017	-0.000356084	2
19.4391	22.4611	0.0003387	-0.000356543	2
19.2806	23.4728	0.000324741	-0.00035546	2
19.1341	24.4819	0.000308364	-0.000352878	2
18.9995	25.4882	0.00028964	-0.000348839	2
18.877	26.4916	0.000268643	-0.000343383	2
18.7665	27.4918	0.000245443	-0.000336552	2
18.6693	28.4772	0.000220416	-0.000328489	2
18.5832	29.4705	0.00019305	-0.000319047	2
18.5093	30.46	0.000163697	-0.000308355	2
18.4478	31.4456	0.000132429	-0.000296452	2
18.3987	32.4271	9.93163e-05	-0.000283381	2
18.3621	33.4042	6.44322e-05	-0.000269184	2
18.3381	34.3767	2.78481e-05	-0.000253901	2
18.3268	35.3445	-1.0364e-05	-0.000237574	2
18.3281	36.3073	-5.01323e-05	-0.000220245	2
18.3422	37.2651	-9.13848e-05	-0.000201954	2
18.3691	38.2174	-0.00013405	-0.000182744	2
18.409	39.1643	-0.000178055	-0.000162656	2
18.4618	40.1054	-0.000223329	-0.000141731	2
18.5276	41.0406	-0.0002698	-0.00012001	2
18.6065	41.9697	-0.000317396	-9.75356e-05	2
18.6987	42.8924	-0.000366044	-7.43487e-05	2
18.804	43.8087	-0.000415674	-5.04907e-05	2
18.9226	44.7182	-0.000466213	-2.60031e-05	2
19.0547	45.6208	-0.000517589	-9.2729e-07	2
19.2001	46.5163	-0.000569731	2.46953e-05	2
19.3591	47.4045	-0.000622566	5.08232e-05	2
19.5316	48.2852	-0.000676023	7.74151e-05	2
19.7177	49.1582	-0.000730029	0.000104429	2
19.9152	50.0135	-0.000783885	0.000131508	2
20.1287	50.8706	-0.000838771	0.000159239	2
20.356	51.7194	-0.000893992	0.000187269	2
20.5972	52.5598	-0.000949477	0.000215556	2
20.8524	53.3914	-0.00100515	0.000244059	2
21.1216	54.2142	-0.00106095	0.000272737	2
21.4049	55.0279	-0.00111679	0.000301547	2
21.7024	55.8324	-0.00117261	0.000330449	2
22.0141	56.6274	-0.00122833	0.000359401	2
22.3401	57.4127	-0.00128388	0.000388361	2
22.6805	58.1882	-0.00133919	0.000417289	2
23.0353	58.9536	-0.00139419	0.000446142	2
23.4046	59.7087	-0.00144881	0.00047488	2
23.7885	60.4534	-0.00150297	0.000503461	2
24.187	61.1874	-0.0015566	0.000531843	2
24.6002	61.9106	-0.00160964	0.000559986	2
25.0282	62.6228	-0.001662	0.000587847	2
25.4711	63.3237	-0.00171362	0.000615385	2
25.9288	64.0132	-0.00176442	0.000642559	2
26.4015	64.6911	-0.00181434	0.000669327	2
26.8892	65.3571	-0.0018633	0.000695648	2
27.3921	66.0111	-0.00191122	0.000721481	2
27.9101	66.6528	-0.00195805	0.000746783	2
28.4433	67.2822	-0.0020037	0.000771515	2
28.9855	67.8919	-0.0020476	0.000795359	2
29.5492	68.496	-0.0020907	0.000818831	2
30.1284	69.087	-0.00213241	0.000841608	2
30.7231	69.6649	-0.00217265	0.000863648	2
31.3333	70.2294	-0.00221137	0.00088491	2
31.9592	70.7802	-0.00224848	0.000905353	2
32.6008	71.3173	-0.00228391	0.000924934	2
33.2581	71.8403	-0.0023176	0.000943613	2
33.9313	72.3492	-0.00234946	0.000961349	2
34.6204	72.8437	-0.00237943	0.000978099	2
35.3255	73.3236	-0.00240744	0.000993822	2
36.0466	73.7887	-0.00243341	0.00100848	2
36.7838	74.2389	-0.00245727	0.00102202	2
37.5371	74.6739	-0.00247895	0.00103442	2
38.3067	75.0935	-0.00249838	0.00104562	2
39.0926	75.4975	-0.00251549	0.00105559	2
39.8949	75.8858	-0.00253019	0.00106428	2
40.7136	76.2581	-0.00254244	0.00107166	2
41.5488	76.6142	-0.00255214	0.00107768	2
42.4006	76.954	-0.00255923	0.0010823	2
43.2691	77.2773	-0.00256363	0.00108548	2
44.1542	77.5837	-0.00256529	0.00108717	2
45.0561	77.8733	-0.00256411	0.00108734	2
45.9641	78.1427	-0.0025601	0.00108598	2
46.8996	78.3979	-0.00255309	0.00108299	2
47.852	78.6357	-0.00254303	0.00107837	2
48.8214	78.8557	-0.00252987	0.00107205	2

75.0004	2.01034	3.38962e-07	7.29939e-08	2
75.0166	2.89992	2.85611e-05	5.84879e-06	2
75.0001	3.79997	5.52614e-05	1.0697e-05	2
74.9515	4.70008	8.01282e-05	1.45666e-05	2
74.8725	5.58982	0.000102934	1.74513e-05	2
74.7622	6.48981	0.000124236	1.94398e-05	2
74.6222	7.38963	0.000143785	2.0515e-05	2
74.4533	8.2892	0.00016161	2.06987e-05	2
74.2563	9.18844	0.000177738	2.00129e-05	2
74.032	10.0873	0.000192194	1.84794e-05	2
73.7813	10.9856	0.000205008	1.61201e-05	2
73.5049	11.8834	0.000216206	1.29569e-05	2
73.2038	12.7806	0.000225815	9.01159e-06	2
72.8788	13.677	0.000233863	4.30609e-06	2
72.5306	14.5727	0.000240376	-1.13775e-06	2
72.1601	15.4674	0.000245383	-7.29804e-06	2
71.7681	16.3612	0.00024891	-1.41529e-05	2
71.3555	17.254	0.000250984	-2.16805e-05	2
70.9231	18.1457	0.000251633	-2.98589e-05	2
70.4716	19.0363	0.000250884	-3.86663e-05	2
70.002	19.9255	0.000248765	-4.80808e-05	2
69.5151	20.8134	0.000245302	-5.80805e-05	2
69.0116	21.6999	0.000240522	-6.86436e-05	2
68.4925	22.5849	0.000234454	-7.97481e-05	2
67.9584	23.4684	0.000227124	-9.13723e-05	2
67.4104	24.3502	0.000218559	-0.000103494	2
66.8557	25.2202	0.000208906	-0.000115945	2
66.2822	26.0985	0.000197967	-0.000128991	2
65.6971	26.9749	0.000185875	-0.00014247	2
65.1013	27.8494	0.000172657	-0.00015636	2
64.4956	28.7218	0.000158341	-0.000170638	2
63.8808	29.5921	0.000142953	-0.000185283	2
63.2577	30.4603	0.000126521	-0.000200273	2
62.6273	31.3261	0.000109072	-0.000215585	2
61.9902	32.1897	9.06329e-05	-0.000231199	2
61.3473	33.0508	7.12316e-05	-0.000247093	2
60.6995	33.9094	5.08951e-05	-0.000263243	2
60.0476	34.7654	2.96506e-05	-0.000279629	2
59.3923	35.6188	7.52539e-06	-0.000296229	2
58.7346	36.4695	-1.54534e-05	-0.000313021	2
58.0753	37.3173	-3.92584e-05	-0.000329982	2
57.4151	38.1623	-6.38625e-05	-0.000347092	2
56.755	39.0043	-8.92384e-05	-0.000364328	2
56.0956	39.8432	-0.000115359	-0.000381668	2
55.438	40.6791	-0.000142197	-0.00039909	2
54.7828	41.5117	-0.000169724	-0.000416573	2
54.131	42.3411	-0.000197915	-0.000434095	2
53.4833	43.1672	-0.000226741	-0.000451633	2
52.8405	43.9898	-0.000256176	-0.000469167	2
52.2109	44.7995	-0.000285844	-0.000486472	2
51.5805	45.615	-0.000316407	-0.000503931	2
50.9575	46.4269	-0.000347498	-0.000521319	2
50.3428	47.2351	-0.000379088	-0.000538614	2
49.7372	48.0394	-0.00041115	-0.000555796	2
49.1416	48.8399	-0.000443658	-0.000572841	2
48.5566	49.6364	-0.000476584	-0.000589729	2
47.9833	50.4288	-0.000509901	-0.000606437	2
47.4223	51.2172	-0.000543581	-0.000622943	2
46.8746	52.0013	-0.000577597	-0.000639225	2
46.341	52.7811	-0.000611923	-0.000655262	2
45.8222	53.5566	-0.00064653	-0.000671032	2
45.3191	54.3277	-0.000681392	-0.000686513	2
44.8326	55.0942	-0.000716481	-0.000701683	2
44.3634	55.8562	-0.00075177	-0.00071652	2
43.9124	56.6135	-0.000787232	-0.000731002	2
43.4804	57.366	-0.00082284	-0.000745107	2
43.0683	58.1137	-0.000858566	-0.000758814	2
42.6768	58.8566	-0.000894383	-0.000772101	2
42.3068	59.5944	-0.000930264	-0.000784945	2
41.9592	60.3272	-0.000966182	-0.000797325	2
41.6347	61.0549	-0.00100211	-0.000809219	2
41.3342	61.7774	-0.00103802	-0.000820606	2
41.0584	62.4945	-0.00107388	-0.000831462	2
40.8111	63.1982	-0.00110926	-0.000841652	2
40.5871	63.9046	-0.00114496	-0.00085139	2
40.3905	64.6055	-0.00118052	-0.000860534	2
40.2219	65.3009	-0.00121594	-0.00086906	2
40.0822	65.9905	-0.00125117	-0.000876947	2
39.9723	66.6744	-0.0012862	-0.000884174	2
39.893	67.3525	-0.00132098	-0.000890718	2
39.8451	68.0247	-0.00135551	-0.000896557	2
39.8294	68.6908	-0.00138975	-0.000901671	2
39.8468	69.351	-0.00142367	-0.000906036	2
39.8981	70.005	-0.00145724	-0.000909631	2
39.9841	70.6527	-0.00149044	-0.000912434	2
40.1056	71.2942	-0.00152325	-0.000914423	2
40.2635	71.9293	-0.00155563	-0.000915577	2
40.4586	72.558	-0.00158755	-0.000915873	2
40.6917	73.1801	-0.001619	-0.000915289	2
40.9636	73.7957	-0.00164993	-0.000913805	2
41.2752	74.4046	-0.00168033	-0.000911397	2
41.6274	75.0067	-0.00171017	-0.000908044	2
42.0208	75.6019	-0.00173942	-0.000903724	2
42.4564	76.1903	-0.00176806	-0.000898415	2
42.935	76.7717	-0.00179604	-0.000892096	2
43.4574	77.346	-0.00182336	-0.000884744	2
44.0176	77.9066	-0.00184968	-0.000876441	2
44.6296	78.4667	-0.00187558	-0.00086697	2
45.2878	79.0194	-0.00190073	-0.000856403	2
45.9932	79.5647	-0.0019251	-0.000844715	2

124.999	2.01129	-2.38807e-07	-6.72212e-08	2
124.903	2.97473	-2.03746e-05	-5.9869e-06	2
124.78	3.93396	-3.99531e-05	-1.22545e-05	2
124.629	4.87797	-5.87601e-05	-1.88029e-05	2
124.455	5.79645	-7.6617e-05	-2.55524e-05	2
124.253	6.71104	-9.39636e-05	-3.266e-05	2
124.026	7.61126	-0.000110613	-4.0049e-05	2
123.775	8.49738	-0.000126589	-4.77197e-05	2
123.5	9.36969	-0.000141918	-5.56723e-05	2
123.201	10.2285	-0.000156623	-6.3907e-05	2
122.88	11.074	-0.00017073	-7.2424e-05	2
122.536	11.9066	-0.000184263	-8.12234e-05	2
122.171	12.7264	-0.000197247	-9.03055e-05	2
121.784	13.5339	-0.000209707	-9.96704e-05	2
121.376	14.3293	-0.000221668	-0.000109318	2
120.948	15.1128	-0.000233153	-0.00011925	2
120.501	15.8847	-0.000244189	-0.000129465	2
120.035	16.6454	-0.0002548	-0.000139963	2
119.55	17.3951	-0.00026501	-0.000150745	2
119.047	18.134	-0.000274844	-0.000161812	2
118.526	18.8625	-0.000284328	-0.000173162	2
117.989	19.5809	-0.000293485	-0.000184798	2
117.435	20.2894	-0.000302341	-0.000196717	2
116.866	20.9883	-0.00031092	-0.000208922	2
116.281	21.6779	-0.000319247	-0.000221412	2
115.681	22.3585	-0.000327347	-0.000234187	2
115.075	23.0226	-0.000335155	-0.000247096	2
114.447	23.6861	-0.000342877	-0.000260438	2
113.807	24.3414	-0.000350445	-0.000274067	2
113.154	24.9887	-0.000357885	-0.000287982	2
112.488	25.6285	-0.000365221	-0.000302183	2
111.812	26.2609	-0.000372478	-0.000316671	2
111.124	26.8863	-0.000379681	-0.000331445	2
110.426	27.5048	-0.000386855	-0.000346506	2
109.718	28.1169	-0.000394023	-0.000361854	2
109	28.7228	-0.000401212	-0.000377489	2
108.274	29.3227	-0.000408446	-0.000393412	2
107.54	29.917	-0.000415749	-0.000409623	2
106.797	30.5059	-0.000423146	-0.000426121	2
106.048	31.0897	-0.000430662	-0.000442908	2
105.292	31.6687	-0.000438322	-0.000459983	2
104.529	32.2432	-0.00044615	-0.000477346	2
103.761	32.8134	-0.000454172	-0.000494998	2
102.988	33.3797	-0.000462412	-0.000512938	2
102.211	33.9423	-0.000470894	-0.000531168	2
101.429	34.5015	-0.000479644	-0.000549687	2
100.645	35.0575	-0.000488686	-0.000568496	2
99.8569	35.6108	-0.000498045	-0.000587594	2
99.0668	36.1615	-0.000507746	-0.000606982	2
98.284	36.7036	-0.000517696	-0.000626432	2
97.4909	37.25	-0.000528149	-0.000646397	2
96.697	37.7947	-0.000539019	-0.000666653	2
95.903	38.338	-0.000550329	-0.000687199	2
95.1092	38.8802	-0.000562105	-0.000708036	2
94.3164	39.4214	-0.00057437	-0.000729164	2
93.525	39.9621	-0.00058715	-0.000750583	2
92.7355	40.5025	-0.000600469	-0.000772294	2
91.9486	41.0429	-0.000614353	-0.000794297	2
91.1647	41.5835	-0.000628826	-0.000816591	2
90.3844	42.1246	-0.000643912	-0.000839177	2
89.6082	42.6666	-0.000659637	-0.000862056	2
88.8367	43.2096	-0.000676025	-0.000885227	2
88.0704	43.7541	-0.000693101	-0.000908691	2
87.3099	44.3002	-0.000710889	-0.000932447	2
86.5556	44.8482	-0.000729416	-0.000956497	2
85.8082	45.3985	-0.000748704	-0.00098084	2
85.0681	45.9513	-0.000768779	-0.00100548	2
84.3359	46.5069	-0.000789666	-0.00103041	2
83.6122	47.0656	-0.00081139	-0.00105563	2
82.8975	47.6276	-0.000833974	-0.00108115	2
82.1923	48.1932	-0.000857445	-0.00110696	2
81.4971	48.7628	-0.000881826	-0.00113307	2
80.8126	49.3365	-0.000907143	-0.00115947	2
80.1469	49.9081	-0.000933112	-0.00118586	2
79.4851	50.491	-0.000960362	-0.00121284	2
78.8355	51.079	-0.000988622	-0.00124013	2
78.1987	51.6723	-0.00101792	-0.00126771	2
77.5751	52.2712	-0.00104827	-0.00129558	2
76.9654	52.876	-0.00107971	-0.00132375	2
76.3701	53.4869	-0.00111225	-0.00135222	2
75.7897	54.1043	-0.00114593	-0.00138098	2
75.2248	54.7284	-0.00118076	-0.00141004	2
74.6759	55.3595	-0.00121678	-0.00143939	2
74.1435	55.998	-0.00125401	-0.00146904	2
73.6282	56.6439	-0.00129247	-0.00149899	2
73.1305	57.2978	-0.00133218	-0.00152924	2
72.651	57.9598	-0.00137318	-0.00155979	2
72.1902	58.6302	-0.00141548	-0.00159063	2
71.7486	59.3093	-0.00145912	-0.00162177	2
71.3268	59.9973	-0.00150411	-0.0016532	2
70.9254	60.6947	-0.00155048	-0.00168494	2
70.5448	61.4015	-0.00159825	-0.00171697	2
70.1856	62.1182	-0.00164746	-0.00174931	2
69.8483	62.845	-0.00169812	-0.00178194	2
69.5336	63.5822	-0.00175026	-0.00181487	2
69.2418	64.3301	-0.00180391	-0.0018481	2
68.9766	65.0801	-0.00185844	-0.00188124	2
68.7322	65.85	-0.00191515	-0.00191507	2
68.5125	66.6315	-0.00197344	-0.00194919	2
68.318	67.4247	-0.00203333	-0.00198362	2

