-125	2.01028	4.57057e-07	4.33656e-08	2
-125.022	2.89485	3.85302e-05	3.36563e-06	2
-125.074	3.79086	7.45889e-05	5.91978e-06	2
-125.156	4.68791	0.000108214	7.68111e-06	2
-125.265	5.57559	0.000139096	8.66125e-06	2
-125.404	6.47444	0.000167992	8.90146e-06	2
-125.57	7.37403	0.000194566	8.40458e-06	2
-125.763	8.27428	0.000218855	7.18926e-06	2
-125.982	9.17508	0.000240896	5.27414e-06	2
-126.226	10.0763	0.000260728	2.67787e-06	2
-126.494	10.9779	0.000278388	-5.80893e-07	2
-126.786	11.8798	0.000293912	-4.48351e-06	2
-127.1	12.7818	0.000307339	-9.01132e-06	2
-127.436	13.6838	0.000318706	-1.41457e-05	2
-127.794	14.5858	0.000328051	-1.9868e-05	2
-128.171	15.4877	0.00033541	-2.61595e-05	2
-128.569	16.3893	0.000340821	-3.30016e-05	2
-128.985	17.2905	0.000344322	-4.03757e-05	2
-129.418	18.1913	0.000345951	-4.82631e-05	2
-129.869	19.0916	0.000345743	-5.66452e-05	2
-130.337	19.9912	0.000343738	-6.55033e-05	2
-130.82	20.89	0.000339972	-7.48187e-05	2
-131.318	21.788	0.000334483	-8.45729e-05	2
-131.83	22.685	0.000327309	-9.47472e-05	2
-132.355	23.581	0.000318486	-0.000105323	2
-132.892	24.4759	0.000308052	-0.000116281	2
-133.435	25.3592	0.000296192	-0.000127472	2
-133.994	26.2514	0.000282667	-0.000139136	2
-134.564	27.1422	0.000267642	-0.000151127	2
-135.143	28.0315	0.000251156	-0.000163427	2
-135.731	28.9191	0.000233246	-0.000176016	2
-136.326	29.8049	0.00021395	-0.000188876	2
-136.929	30.6889	0.000193304	-0.000201989	2
-137.537	31.5709	0.000171347	-0.000215336	2
-138.15	32.4509	0.000148115	-0.000228898	2
-138.769	33.3288	0.000123647	-0.000242656	2
-139.391	34.2043	9.79788e-05	-0.000256592	2
-140.015	35.0776	7.11489e-05	-0.000270688	2
-140.642	35.9483	4.31944e-05	-0.000284924	2
-141.271	36.8166	1.41529e-05	-0.000299282	2
-141.9	37.6821	-1.59382e-05	-0.000313743	2
-142.529	38.5449	-4.70416e-05	-0.000328289	2
-143.156	39.4049	-7.91198e-05	-0.0003429	2
-143.782	40.2619	-0.000112135	-0.000357559	2
-144.406	41.1159	-0.000146051	-0.000372247	2
-145.026	41.9666	-0.000180828	-0.000386945	2
-145.642	42.8142	-0.000216431	-0.000401634	2
-146.252	43.6584	-0.000252822	-0.000416296	2
-146.858	44.4991	-0.000289962	-0.000430911	2
-147.449	45.3267	-0.000327377	-0.000445296	2
-148.041	46.1603	-0.000365898	-0.000459765	2
-148.624	46.9901	-0.000405057	-0.000474133	2
-149.199	47.816	-0.000444817	-0.00048838	2
-149.763	48.638	-0.00048514	-0.000502488	2
-150.318	49.456	-0.00052599	-0.000516439	2
-150.861	50.2698	-0.000567327	-0.000530213	2
-151.392	51.0793	-0.000609116	-0.000543793	2
-151.91	51.8845	-0.000651319	-0.000557158	2
-152.414	52.6852	-0.000693898	-0.000570292	2
-152.904	53.4814	-0.000736815	-0.000583175	2
-153.379	54.2729	-0.000780034	-0.000595789	2
-153.838	55.0597	-0.000823516	-0.000608114	2
-154.28	55.8416	-0.000867225	-0.000620132	2
-154.705	56.6186	-0.000911123	-0.000631825	2
-155.111	57.3905	-0.000955173	-0.000643174	2
-155.498	58.1572	-0.000999337	-0.000654161	2
-155.865	58.9187	-0.00104358	-0.000664765	2
-156.211	59.6748	-0.00108786	-0.00067497	2
-156.536	60.4255	-0.00113214	-0.000684756	2
-156.838	61.1706	-0.00117638	-0.000694105	2
-157.118	61.9101	-0.00122056	-0.000702998	2
-157.373	62.6438	-0.00126462	-0.000711416	2
-157.604	63.3716	-0.00130853	-0.000719341	2
-157.807	64.0852	-0.00135176	-0.000726672	2
-157.986	64.8011	-0.00139527	-0.000733561	2
-158.138	65.5109	-0.00143852	-0.0007399	2
-158.263	66.2143	-0.00148147	-0.000745672	2
-158.358	66.9115	-0.00152409	-0.000750858	2
-158.425	67.6021	-0.00156633	-0.000755439	2
-158.461	68.2862	-0.00160817	-0.000759396	2
-158.466	68.9637	-0.00164955	-0.000762711	2
-158.439	69.6344	-0.00169046	-0.000765365	2
-158.38	70.2982	-0.00173084	-0.000767339	2
-158.287	70.9551	-0.00177066	-0.000768615	2
-158.16	71.6049	-0.00180989	-0.000769175	2
-157.999	72.2476	-0.00184848	-0.000768999	2
-157.801	72.883	-0.0018864	-0.000768069	2
-157.567	73.5111	-0.00192361	-0.000766366	2
-157.296	74.1316	-0.00196007	-0.000763871	2
-156.986	74.7447	-0.00199575	-0.000760567	2
-156.638	75.35	-0.00203061	-0.000756434	2
-156.25	75.9476	-0.00206461	-0.000751453	2
-155.821	76.5374	-0.00209771	-0.000745606	2
-155.352	77.1192	-0.00212988	-0.000738875	2
-154.84	77.6929	-0.00216108	-0.00073124	2
-154.285	78.2585	-0.00219127	-0.000722684	2
-153.694	78.8094	-0.00222008	-0.000713301	2
-153.052	79.3585	-0.00224816	-0.000702856	2
-152.364	79.8991	-0.00227511	-0.000691433	2
-151.631	80.4311	-0.0023009	-0.000679013	2

-75.0008	2.01142	-1.14411e-07	-1.44178e-07	2
-75.0798	2.98547	-9.66789e-06	-1.25444e-05	2
-75.1875	3.95559	-1.87726e-05	-2.50929e-05	2
-75.3226	4.91064	-2.73372e-05	-3.7649e-05	2
-75.4824	5.84019	-3.52952e-05	-5.00718e-05	2
-75.6703	6.76613	-4.28543e-05	-6.26536e-05	2
-75.8838	7.67786	-4.99423e-05	-7.52537e-05	2
-76.1224	8.57566	-5.65822e-05	-8.78754e-05	2
-76.3856	9.4598	-6.2797e-05	-0.000100522	2
-76.6728	10.3306	-6.86098e-05	-0.000113198	2
-76.9834	11.1883	-7.40437e-05	-0.000125906	2
-77.3168	12.0332	-7.91217e-05	-0.000138651	2
-77.6725	12.8656	-8.3867e-05	-0.000151434	2
-78.0499	13.6858	-8.83025e-05	-0.00016426	2
-78.4485	14.494	-9.24514e-05	-0.000177133	2
-78.8676	15.2905	-9.63366e-05	-0.000190056	2
-79.3068	16.0757	-9.99813e-05	-0.000203032	2
-79.7653	16.8498	-0.000103409	-0.000216066	2
-80.2428	17.6131	-0.000106641	-0.00022916	2
-80.7386	18.3658	-0.000109703	-0.000242318	2
-81.2521	19.1084	-0.000112616	-0.000255544	2
-81.7828	19.8409	-0.000115404	-0.000268841	2
-82.3301	20.5638	-0.00011809	-0.000282212	2
-82.8935	21.2773	-0.000120697	-0.000295662	2
-83.4723	21.9817	-0.000123247	-0.000309194	2
-84.0661	22.6772	-0.000125765	-0.000322811	2
-84.6671	23.3564	-0.000128244	-0.000336359	2
-85.2888	24.0353	-0.000130765	-0.000350156	2
-85.9237	24.7061	-0.000133321	-0.000364049	2
-86.5712	25.3693	-0.000135937	-0.000378042	2
-87.2309	26.0251	-0.000138635	-0.000392137	2
-87.902	26.6738	-0.000141438	-0.000406339	2
-88.5841	27.3156	-0.000144369	-0.000420651	2
-89.2766	27.9509	-0.000147452	-0.000435076	2
-89.9789	28.5799	-0.000150708	-0.000449619	2
-90.6904	29.2029	-0.000154163	-0.000464282	2
-91.4106	29.8202	-0.000157837	-0.000479069	2
-92.1389	30.4321	-0.000161755	-0.000493984	2
-92.8748	31.0389	-0.00016594	-0.00050903	2
-93.6176	31.6408	-0.000170415	-0.000524211	2
-94.3668	32.2381	-0.000175202	-0.00053953	2
-95.1219	32.8312	-0.000180325	-0.000554991	2
-95.8823	33.4202	-0.000185807	-0.000570598	2
-96.6474	34.0056	-0.000191671	-0.000586353	2
-97.4166	34.5875	-0.000197939	-0.00060226	2
-98.1894	35.1662	-0.000204636	-0.000618324	2
-98.9651	35.7421	-0.000211784	-0.000634547	2
-99.7434	36.3154	-0.000219406	-0.000650932	2
-100.523	36.8864	-0.000227526	-0.000667485	2
-101.296	37.4489	-0.000236063	-0.000684014	2
-102.078	38.0162	-0.000245239	-0.000700908	2
-102.86	38.582	-0.000254982	-0.000717979	2
-103.642	39.1467	-0.000265314	-0.000735231	2
-104.423	39.7105	-0.000276259	-0.000752667	2
-105.203	40.2737	-0.000287838	-0.000770291	2
-105.98	40.8366	-0.000300076	-0.000788106	2
-106.755	41.3994	-0.000312996	-0.000806115	2
-107.526	41.9625	-0.00032662	-0.000824323	2
-108.294	42.5262	-0.000340972	-0.000842733	2
-109.057	43.0907	-0.000356074	-0.000861348	2
-109.816	43.6562	-0.000371951	-0.000880172	2
-110.569	44.2232	-0.000388624	-0.000899208	2
-111.315	44.7918	-0.000406116	-0.00091846	2
-112.056	45.3624	-0.000424452	-0.000937932	2
-112.789	45.9353	-0.000443654	-0.000957626	2
-113.514	46.5106	-0.000463745	-0.000977548	2
-114.231	47.0888	-0.000484748	-0.000997699	2
-114.939	47.6701	-0.000506686	-0.00101808	2
-115.638	48.2547	-0.000529582	-0.00103871	2
-116.326	48.843	-0.00055346	-0.00105957	2
-117.004	49.4352	-0.000578342	-0.00108068	2
-117.671	50.0317	-0.000604252	-0.00110203	2
-118.326	50.6327	-0.000631212	-0.00112364	2
-118.962	51.2315	-0.000658917	-0.00114524	2
-119.592	51.8423	-0.000688035	-0.00116736	2
-120.208	52.4585	-0.000718272	-0.00118974	2
-120.811	53.0803	-0.000749651	-0.00121238	2
-121.399	53.708	-0.000782196	-0.00123529	2
-121.972	54.3419	-0.00081593	-0.00125848	2
-122.529	54.9824	-0.000850875	-0.00128194	2
-123.07	55.6296	-0.000887055	-0.00130568	2
-123.595	56.2839	-0.000924493	-0.0013297	2
-124.101	56.9455	-0.000963212	-0.00135401	2
-124.59	57.6148	-0.00100323	-0.00137861	2
-125.06	58.292	-0.00104458	-0.0014035	2
-125.512	58.9774	-0.00108728	-0.00142869	2
-125.943	59.6712	-0.00113136	-0.00145419	2
-126.355	60.3739	-0.00117683	-0.00147998	2
-126.745	61.0855	-0.00122371	-0.00150608	2
-127.114	61.8066	-0.00127205	-0.0015325	2
-127.462	62.5372	-0.00132184	-0.00155923	2
-127.786	63.2777	-0.00137313	-0.00158627	2
-128.088	64.0284	-0.00142592	-0.00161364	2
-128.366	64.7896	-0.00148025	-0.00164134	2
-128.62	65.5616	-0.00153614	-0.00166936	2
-128.849	66.3446	-0.00159361	-0.00169772	2
-129.051	67.1297	-0.001652	-0.00172608	2
-129.229	67.9354	-0.00171268	-0.00175511	2
-129.38	68.7531	-0.00177501	-0.00178448	2
-129.505	69.5829	-0.00183901	-0.00181419	2

-25.0009	2.01238	3.84397e-07	-4.88955e-07	2
-25.0917	3.07035	3.42647e-05	-4.10528e-05	2
-25.2047	4.12799	7.01737e-05	-7.91325e-05	2
-25.3386	5.17313	0.000107698	-0.000114291	2
-25.4911	6.19418	0.00014635	-0.000146224	2
-25.6654	7.21508	0.000186999	-0.000175725	2
-25.8596	8.2241	0.000229178	-0.000202459	2
-26.0733	9.22145	0.000272855	-0.000226477	2
-26.3061	10.2073	0.000318003	-0.000247829	2
-26.5577	11.182	0.000364593	-0.000266569	2
-26.8277	12.1455	0.000412594	-0.000282746	2
-27.1158	13.0983	0.000461979	-0.000296413	2
-27.4217	14.0404	0.000512718	-0.000307621	2
-27.745	14.972	0.000564782	-0.000316422	2
-28.0853	15.8935	0.000618143	-0.000322867	2
-28.4422	16.8049	0.00067277	-0.000327007	2
-28.8156	17.7066	0.000728636	-0.000328894	2
-29.2049	18.5986	0.000785711	-0.00032858	2
-29.6099	19.4813	0.000843966	-0.000326115	2
-30.0301	20.3547	0.000903371	-0.000321552	2
-30.4653	21.2192	0.000963899	-0.000314941	2
-30.9151	22.075	0.00102552	-0.000306335	2
-31.3791	22.9222	0.0010882	-0.000295785	2
-31.8571	23.761	0.00115192	-0.000283342	2
-32.3485	24.5917	0.00121665	-0.000269057	2
-32.8532	25.4145	0.00128235	-0.000252983	2
-33.3647	26.2202	0.00134823	-0.000235385	2
-33.8945	27.0278	0.00141579	-0.000215904	2
-34.4366	27.828	0.00148423	-0.000194788	2
-34.9904	28.6212	0.00155354	-0.000172087	2
-35.5556	29.4075	0.00162368	-0.000147852	2
-36.132	30.1871	0.00169463	-0.000122137	2
-36.7191	30.9602	0.00176634	-9.49908e-05	2
-37.3166	31.727	0.00183881	-6.64663e-05	2
-37.9242	32.4878	0.00191198	-3.66145e-05	2
-38.5414	33.2427	0.00198585	-5.48702e-06	2
-39.168	33.992	0.00206037	2.68647e-05	2
-39.8036	34.7358	0.00213552	6.03893e-05	2
-40.4479	35.4744	0.00221127	9.50352e-05	2
-41.1005	36.2079	0.0022876	0.000130751	2
-41.761	36.9366	0.00236446	0.000167485	2
-42.4291	37.6608	0.00244183	0.000205186	2
-43.1045	38.3805	0.00251969	0.000243803	2
-43.7867	39.096	0.00259801	0.000283283	2
-44.4756	39.8075	0.00267675	0.000323576	2
-45.1706	40.5152	0.00275588	0.00036463	2
-45.8715	41.2194	0.00283538	0.000406394	2
-46.5779	41.9202	0.00291522	0.000448815	2
-47.2894	42.6179	0.00299537	0.000491844	2
-47.9975	43.3046	0.00307488	0.000534923	2
-48.7183	43.9966	0.00315556	0.000579005	2
-49.4431	44.686	0.00323646	0.00062354	2
-50.1718	45.3731	0.00331755	0.000668475	2
-50.9038	46.0581	0.00339881	0.000713761	2
-51.6389	46.7412	0.00348021	0.000759345	2
-52.3767	47.4225	0.00356171	0.000805176	2
-53.1169	48.1024	0.00364329	0.000851203	2
-53.859	48.781	0.00372492	0.000897374	2
-54.6029	49.4584	0.00380656	0.000943637	2
-55.348	50.1351	0.0038882	0.000989941	2
-56.0941	50.811	0.0039698	0.00103623	2
-56.8409	51.4865	0.00405132	0.00108247	2
-57.5879	52.1617	0.00413276	0.00112859	2
-58.3348	52.8369	0.00421406	0.00117454	2
-59.0812	53.5122	0.00429522	0.00122028	2
-59.8269	54.188	0.00437618	0.00126575	2
-60.5714	54.8642	0.00445694	0.0013109	2
-61.3145	55.5413	0.00453745	0.00135568	2
-62.0557	56.2194	0.00461769	0.00140003	2
-62.7947	56.8987	0.00469764	0.00144392	2
-63.5312	57.5793	0.00477725	0.00148728	2
-64.2649	58.2616	0.0048565	0.00153006	2
-64.9952	58.9458	0.00493537	0.00157221	2
-65.7137	59.624	0.00501292	0.00161322	2
-66.4366	60.3124	0.00509093	0.00165397	2
-67.1552	61.0032	0.00516847	0.00169394	2
-67.8692	61.6966	0.0052455	0.00173308	2
-68.5782	62.393	0.005322	0.00177133	2
-69.2819	63.0923	0.00539794	0.00180865	2
-69.98	63.795	0.00547329	0.00184497	2
-70.6719	64.5012	0.00554802	0.00188026	2
-71.3575	65.211	0.00562211	0.00191446	2
-72.0364	65.9247	0.00569551	0.00194752	2
-72.7082	66.6426	0.00576821	0.00197938	2
-73.3726	67.3647	0.00584018	0.00201	2
-74.0292	68.0914	0.00591138	0.00203932	2
-74.6777	68.8228	0.00598178	0.00206729	2
-75.3177	69.5592	0.00605137	0.00209387	2
-75.9488	70.3006	0.0061201	0.00211899	2
-76.5708	71.0475	0.00618795	0.00214261	2
-77.1833	71.7999	0.00625489	0.00216468	2
-77.7859	72.5581	0.0063209	0.00218514	2
-78.3783	73.3222	0.00638593	0.00220394	2
-78.9601	74.0925	0.00644997	0.00222104	2
-79.5309	74.8692	0.00651299	0.00223638	2
-80.0905	75.6526	0.00657494	0.0022499	2
-80.6323	76.4336	0.00663513	0.00226144	2
-81.1684	77.2306	0.0066949	0.00227121	2
-81.6922	78.0349	0.00675354	0.00227902	2
-82.2034	78.8466	0.006811	0.00228481	2

24.9986	2.01273	8.28786e-07	-5.9619e-08	2
24.8823	3.1037	7.21381e-05	-5.91311e-06	2
24.7802	4.19978	0.000144341	-1.32875e-05	2
24.6935	5.2883	0.000216602	-2.21108e-05	2
24.6228	6.35694	0.000288085	-3.22449e-05	2
24.5662	7.43062	0.000360447	-4.39131e-05	2
24.5246	8.49693	0.00043285	-5.69937e-05	2
24.4978	9.55593	0.00050529	-7.14743e-05	2
24.4855	10.6077	0.00057776	-8.73427e-05	2
24.4876	11.6523	0.000650256	-0.000104587	2
24.5039	12.6897	0.00072277	-0.000123194	2
24.5344	13.7202	0.000795299	-0.000143152	2
24.5787	14.7436	0.000867835	-0.000164449	2
24.6368	15.7601	0.000940374	-0.000187072	2
24.7085	16.7697	0.00101291	-0.00021101	2
24.7935	17.7726	0.00108544	-0.000236249	2
24.8918	18.7687	0.00115795	-0.000262778	2
25.0032	19.7581	0.00123044	-0.000290584	2
25.1274	20.741	0.00130291	-0.000319656	2
25.2644	21.7173	0.00137534	-0.00034998	2
25.414	22.6871	0.00144774	-0.000381545	2
25.576	23.6505	0.00152009	-0.000414338	2
25.7501	24.6076	0.0015924	-0.000448347	2
25.9364	25.5583	0.00166465	-0.00048356	2
26.1345	26.5029	0.00173684	-0.000519964	2
26.3444	27.4412	0.00180897	-0.000557548	2
26.5632	28.3628	0.0018802	-0.000595846	2
26.7959	29.2892	0.00195218	-0.000635738	2
27.0398	30.2095	0.00202407	-0.000676772	2
27.2947	31.1239	0.00209588	-0.000718937	2
27.5605	32.0325	0.0021676	-0.00076222	2
27.8371	32.9354	0.00223921	-0.000806608	2
28.1242	33.8325	0.00231073	-0.00085209	2
28.4217	34.7239	0.00238213	-0.000898653	2
28.7294	35.6098	0.00245341	-0.000946285	2
29.0471	36.4901	0.00252458	-0.000994974	2
29.3747	37.365	0.00259561	-0.00104471	2
29.7121	38.2345	0.00266651	-0.00109547	2
30.0589	39.0986	0.00273728	-0.00114726	2
30.4152	39.9575	0.0028079	-0.00120005	2
30.7807	40.8112	0.00287837	-0.00125384	2
31.1551	41.6597	0.00294868	-0.00130861	2
31.5385	42.5031	0.00301883	-0.00136435	2
31.9306	43.3416	0.00308882	-0.00142105	2
32.3312	44.175	0.00315863	-0.0014787	2
32.7401	45.0036	0.00322826	-0.00153728	2
33.1573	45.8274	0.00329771	-0.00159678	2
33.5825	46.6464	0.00336697	-0.00165719	2
34.0155	47.4607	0.00343604	-0.0017185	2
34.4512	48.2611	0.00350411	-0.00177997	2
34.8994	49.0662	0.00357277	-0.00184303	2
35.3549	49.8669	0.00364122	-0.00190695	2
35.8176	50.6631	0.00370945	-0.00197171	2
36.2874	51.4549	0.00377745	-0.00203731	2
36.764	52.2424	0.00384523	-0.00210374	2
37.2473	53.0256	0.00391277	-0.00217097	2
37.7372	53.8047	0.00398007	-0.00223901	2
38.2333	54.5796	0.00404713	-0.00230783	2
38.7357	55.3505	0.00411393	-0.00237743	2
39.2441	56.1174	0.00418048	-0.00244778	2
39.7583	56.8803	0.00424676	-0.00251889	2
40.2782	57.6394	0.00431278	-0.00259074	2
40.8036	58.3946	0.00437852	-0.00266331	2
41.3344	59.1462	0.00444398	-0.0027366	2
41.8703	59.894	0.00450915	-0.00281058	2
42.4113	60.6382	0.00457404	-0.00288526	2
42.9571	61.3789	0.00463862	-0.00296061	2
43.5075	62.116	0.00470291	-0.00303663	2
44.0625	62.8498	0.00476688	-0.00311329	2
44.6218	63.5802	0.00483055	-0.0031906	2
45.1853	64.3073	0.00489389	-0.00326854	2
45.7527	65.0311	0.00495691	-0.00334708	2
46.324	65.7518	0.00501959	-0.00342624	2
46.8924	66.4611	0.00508123	-0.00350506	2
47.4708	67.1757	0.00514324	-0.00358538	2
48.0526	67.8873	0.0052049	-0.00366626	2
48.6375	68.5959	0.00526621	-0.00374769	2
49.2254	69.3017	0.00532716	-0.00382967	2
49.8161	70.0048	0.00538775	-0.00391217	2
50.4095	70.7051	0.00544797	-0.0039952	2
51.0054	71.4027	0.00550781	-0.00407872	2
51.6036	72.0977	0.00556727	-0.00416274	2
52.204	72.7902	0.00562634	-0.00424724	2
52.8063	73.4802	0.00568502	-0.00433221	2
53.4105	74.1678	0.0057433	-0.00441764	2
54.0163	74.8531	0.00580117	-0.0045035	2
54.6236	75.5361	0.00585864	-0.0045898	2
55.2322	76.2168	0.00591569	-0.00467652	2
55.8419	76.8955	0.00597232	-0.00476364	2
56.4527	77.572	0.00602852	-0.00485116	2
57.0642	78.2465	0.00608429	-0.00493906	2
57.6764	78.919	0.00613963	-0.00502734	2
58.2891	79.5896	0.00619451	-0.00511596	2
58.902	80.2584	0.00624895	-0.00520494	2
59.5151	80.9255	0.00630294	-0.00529424	2
60.1282	81.5908	0.00635646	-0.00538387	2
60.734	82.2468	0.00640891	-0.00547277	2
61.3466	82.9089	0.0064615	-0.005563	2
61.9585	83.5695	0.00651361	-0.00565351	2
62.5698	84.2286	0.00656524	-0.0057443	2

74.9966	2.0126	-2.22379e-07	-2.86231e-07	2
74.7186	3.08954	-1.9734e-05	-2.37462e-05	2
74.4655	4.16488	-4.02372e-05	-4.51831e-05	2
74.2404	5.22617	-6.14885e-05	-6.43549e-05	2
74.045	6.26157	-8.32099e-05	-8.11232e-05	2
73.8745	7.29532	-0.000105886	-9.59219e-05	2
73.7308	8.31542	-0.000129247	-0.000108587	2
73.6137	9.32202	-0.000153271	-0.000119164	2
73.5228	10.3153	-0.000177939	-0.000127695	2
73.4577	11.2953	-0.000203227	-0.000134226	2
73.4181	12.2622	-0.000229116	-0.0001388	2
73.4036	13.2162	-0.000255585	-0.000141462	2
73.4138	14.1573	-0.000282611	-0.000142256	2
73.4485	15.0858	-0.000310175	-0.000141225	2
73.5072	16.0018	-0.000338254	-0.000138415	2
73.5896	16.9054	-0.000366829	-0.000133868	2
73.6953	17.7967	-0.000395877	-0.000127631	2
73.824	18.6759	-0.000425377	-0.000119745	2
73.9754	19.5431	-0.000455309	-0.000110257	2
74.149	20.3985	-0.000485651	-9.92089e-05	2
74.3445	21.2422	-0.000516382	-8.66461e-05	2
74.5616	22.0744	-0.000547481	-7.26126e-05	2
74.7998	22.8951	-0.000578927	-5.71524e-05	2
75.0589	23.7045	-0.000610699	-4.03097e-05	2
75.3385	24.5028	-0.000642775	-2.21286e-05	2
75.6382	25.2901	-0.000675135	-2.65337e-06	2
75.9539	26.0577	-0.000707381	1.78267e-05	2
76.2926	26.8235	-0.000740242	3.97443e-05	2
76.6503	27.5787	-0.000773323	6.2824e-05	2
77.0268	28.3235	-0.000806604	8.70218e-05	2
77.4216	29.058	-0.000840063	0.000112294	2
77.8343	29.7823	-0.000873678	0.000138595	2
78.2648	30.4965	-0.00090743	0.000165882	2
78.7125	31.2009	-0.000941296	0.000194111	2
79.1771	31.8955	-0.000975256	0.000223236	2
79.6583	32.5805	-0.00100929	0.000253215	2
80.1557	33.2561	-0.00104337	0.000284003	2
80.6689	33.9222	-0.00107749	0.000315555	2
81.1976	34.5792	-0.00111161	0.000347829	2
81.7415	35.2272	-0.00114572	0.000380778	2
82.3002	35.8662	-0.0011798	0.00041436	2
82.8733	36.4964	-0.00121382	0.000448531	2
83.4605	37.118	-0.00124777	0.000483245	2
84.0613	37.731	-0.00128162	0.000518459	2
84.6756	38.3357	-0.00131535	0.000554128	2
85.3028	38.9322	-0.00134895	0.00059021	2
85.9427	39.5206	-0.00138239	0.000626658	2
86.5949	40.101	-0.00141564	0.00066343	2
87.259	40.6737	-0.00144869	0.000700481	2
87.9268	41.2322	-0.00148114	0.000737337	2
88.6136	41.7897	-0.00151373	0.000774811	2
89.3112	42.3398	-0.00154605	0.000812433	2
90.0193	42.8826	-0.00157809	0.000850157	2
90.7376	43.4184	-0.00160982	0.00088794	2
91.4657	43.9471	-0.00164122	0.000925738	2
92.2033	44.4691	-0.00167227	0.000963506	2
92.9499	44.9843	-0.00170295	0.0010012	2
93.7052	45.4929	-0.00173323	0.00103878	2
94.4689	45.9952	-0.00176311	0.00107619	2
95.2407	46.4911	-0.00179255	0.0011134	2
96.02	46.9809	-0.00182153	0.00115036	2
96.8067	47.4647	-0.00185004	0.00118702	2
97.6004	47.9426	-0.00187805	0.00122335	2
98.4006	48.4148	-0.00190554	0.00125929	2
99.207	48.8814	-0.00193249	0.0012948	2
100.019	49.3425	-0.00195888	0.00132985	2
100.837	49.7984	-0.00198468	0.00136438	2
101.66	50.249	-0.00200989	0.00139835	2
102.488	50.6947	-0.00203447	0.00143171	2
103.32	51.1354	-0.0020584	0.00146443	2
104.157	51.5714	-0.00208167	0.00149646	2
104.997	52.0027	-0.00210425	0.00152775	2
105.84	52.4296	-0.00212612	0.00155825	2
106.677	52.8473	-0.00214702	0.0015876	2
107.526	53.2657	-0.00216742	0.00161643	2
108.377	53.68	-0.00218705	0.00164434	2
109.231	54.0904	-0.00220588	0.0016713	2
110.086	54.497	-0.0022239	0.00169726	2
110.942	54.8999	-0.00224108	0.00172217	2
111.799	55.2994	-0.00225741	0.001746	2
112.657	55.6955	-0.00227286	0.00176869	2
113.515	56.0883	-0.00228741	0.0017902	2
114.372	56.478	-0.00230104	0.00181049	2
115.23	56.8648	-0.00231373	0.00182952	2
116.086	57.2488	-0.00232546	0.00184724	2
116.941	57.6301	-0.0023362	0.0018636	2
117.794	58.0089	-0.00234594	0.00187857	2
118.646	58.3853	-0.00235465	0.00189209	2
119.495	58.7594	-0.00236232	0.00190413	2
120.341	59.1314	-0.00236892	0.00191464	2
121.184	59.5014	-0.00237443	0.00192357	2
122.024	59.8695	-0.00237883	0.00193088	2
122.861	60.236	-0.0023821	0.00193653	2
123.693	60.6009	-0.00238421	0.00194047	2
124.52	60.9644	-0.00238516	0.00194267	2
125.343	61.3266	-0.0023849	0.00194306	2
126.152	61.6834	-0.00238346	0.00194165	2
126.964	62.0435	-0.00238077	0.00193834	2
127.77	62.4026	-0.00237682	0.00193311	2
128.57	62.7611	-0.0023716	0.00192591	2

124.995	2.01223	6.7165e-07	-4.15513e-07	2
124.557	3.06339	5.63621e-05	-3.49279e-05	2
124.13	4.12541	0.000108584	-6.74133e-05	2
123.717	5.18592	0.000156741	-9.75003e-05	2
123.324	6.2326	0.000200424	-0.000124928	2
122.942	7.28966	0.000240724	-0.000150377	2
122.574	8.34476	0.000277188	-0.000173561	2
122.222	9.39775	0.00030989	-0.000194522	2
121.884	10.4485	0.000338907	-0.000213306	2
121.562	11.4968	0.000364315	-0.000229957	2
121.254	12.5426	0.000386189	-0.000244519	2
120.962	13.5857	0.000404607	-0.000257035	2
120.684	14.626	0.000419644	-0.000267551	2
120.422	15.6632	0.000431376	-0.000276111	2
120.174	16.6974	0.000439879	-0.000282759	2
119.941	17.7282	0.000445229	-0.000287538	2
119.723	18.7556	0.000447502	-0.000290494	2
119.52	19.7794	0.000446775	-0.000291671	2
119.332	20.7995	0.000443123	-0.000291113	2
119.158	21.8157	0.000436623	-0.000288863	2
118.999	22.8278	0.000427349	-0.000284967	2
118.856	23.8358	0.00041538	-0.000279468	2
118.726	24.8395	0.00040079	-0.000272412	2
118.612	25.8387	0.000383655	-0.000263841	2
118.512	26.8333	0.000364052	-0.0002538	2
118.427	27.8231	0.000342057	-0.000242334	2
118.358	28.7967	0.000318038	-0.000229643	2
118.302	29.7766	0.000291511	-0.000215474	2
118.261	30.7512	0.00026282	-0.000200011	2
118.235	31.7206	0.00023204	-0.0001833	2
118.223	32.6844	0.000199246	-0.000165384	2
118.226	33.6425	0.000164516	-0.000146307	2
118.243	34.5949	0.000127925	-0.000126115	2
118.275	35.5413	8.95491e-05	-0.00010485	2
118.322	36.4816	4.94644e-05	-8.25569e-05	2
118.383	37.4157	7.7471e-06	-5.92806e-05	2
118.458	38.3433	-3.55269e-05	-3.5065e-05	2
118.548	39.2645	-8.02814e-05	-9.95433e-06	2
118.653	40.1789	-0.000126441	1.60072e-05	2
118.772	41.0865	-0.000173928	4.27753e-05	2
118.906	41.9871	-0.000222668	7.03057e-05	2
119.053	42.8806	-0.000272585	9.85543e-05	2
119.216	43.7668	-0.000323601	0.000127477	2
119.393	44.6455	-0.000375642	0.000157029	2
119.584	45.5167	-0.000428632	0.000187166	2
119.789	46.3802	-0.000482493	0.000217845	2
120.009	47.2358	-0.000537151	0.00024902	2
120.243	48.0833	-0.000592529	0.000280648	2
120.492	48.9227	-0.000648551	0.000312685	2
120.752	49.7443	-0.000704487	0.000344711	2
121.029	50.567	-0.000761564	0.000377428	2
121.32	51.3811	-0.000819057	0.000410422	2
121.625	52.1864	-0.000876891	0.000443647	2
121.945	52.9829	-0.00093499	0.00047706	2
122.279	53.7703	-0.000993277	0.000510617	2
122.627	54.5484	-0.00105168	0.000544272	2
122.989	55.3172	-0.00111011	0.000577983	2
123.366	56.0766	-0.00116851	0.000611705	2
123.756	56.8262	-0.00122679	0.000645392	2
124.161	57.5661	-0.00128488	0.000679003	2
124.58	58.296	-0.0013427	0.000712491	2
125.013	59.0159	-0.00140018	0.000745813	2
125.46	59.7255	-0.00145724	0.000778924	2
125.921	60.4247	-0.0015138	0.000811781	2
126.396	61.1133	-0.00156979	0.000844339	2
126.885	61.7913	-0.00162514	0.000876554	2
127.388	62.4585	-0.00167976	0.000908381	2
127.905	63.1147	-0.00173357	0.000939777	2
128.436	63.7597	-0.00178652	0.000970696	2
128.981	64.3935	-0.00183851	0.0010011	2
129.54	65.0159	-0.00188947	0.00103093	2
130.113	65.6266	-0.00193933	0.00106016	2
130.699	66.2257	-0.00198801	0.00108873	2
131.293	66.8062	-0.00203489	0.00111629	2
131.907	67.3815	-0.002081	0.00114343	2
132.535	67.9447	-0.00212569	0.00116979	2
133.177	68.4955	-0.00216891	0.00119532	2
133.833	69.0339	-0.00221056	0.00121998	2
134.503	69.5597	-0.00225058	0.00124372	2
135.186	70.0727	-0.00228889	0.00126649	2
135.883	70.5728	-0.00232541	0.00128826	2
136.594	71.0599	-0.00236006	0.00130898	2
137.319	71.5338	-0.00239278	0.0013286	2
138.057	71.9943	-0.00242348	0.00134709	2
138.809	72.4414	-0.00245208	0.00136439	2
139.575	72.8748	-0.00247852	0.00138047	2
140.354	73.2944	-0.00250272	0.00139527	2
141.147	73.7	-0.00252459	0.00140875	2
141.954	74.0916	-0.00254407	0.00142088	2
142.774	74.469	-0.00256108	0.0014316	2
143.608	74.832	-0.00257554	0.00144088	2
144.455	75.1804	-0.00258737	0.00144866	2
145.316	75.5142	-0.0025965	0.0014549	2
146.19	75.8331	-0.00260286	0.00145956	2
147.078	76.1371	-0.00260636	0.0014626	2
147.98	76.4259	-0.00260694	0.00146396	2
148.884	76.6964	-0.00260456	0.00146363	2
149.812	76.9548	-0.00259908	0.00146154	2
150.754	77.1975	-0.00259046	0.00145765	2
151.709	77.4246	-0.00257859	0.00145192	2

