-125.004	2.01138	-4.90796e-07	3.23627e-07	2
-125.368	2.9903	-4.12505e-05	2.79337e-05	2
-125.725	3.98033	-7.95942e-05	5.54232e-05	2
-126.071	4.97008	-0.000115068	8.24753e-05	2
-126.402	5.94816	-0.00014735	0.000108793	2
-126.725	6.93734	-0.000177227	0.000134996	2
-127.037	7.92622	-0.000204344	0.000160783	2
-127.338	8.91481	-0.000228738	0.00018616	2
-127.629	9.90311	-0.000250447	0.000211133	2
-127.909	10.8911	-0.000269506	0.000235712	2
-128.178	11.8788	-0.000285954	0.000259901	2
-128.437	12.8662	-0.000299827	0.000283708	2
-128.686	13.8532	-0.000311161	0.00030714	2
-128.925	14.84	-0.000319994	0.000330204	2
-129.153	15.8264	-0.000326362	0.000352907	2
-129.372	16.8125	-0.000330303	0.000375256	2
-129.581	17.7983	-0.000331853	0.000397257	2
-129.78	18.7837	-0.000331049	0.000418918	2
-129.97	19.7689	-0.000327928	0.000440245	2
-130.15	20.7537	-0.000322527	0.000461246	2
-130.321	21.7381	-0.000314883	0.000481928	2
-130.483	22.7222	-0.000305033	0.000502296	2
-130.636	23.706	-0.000293014	0.000522359	2
-130.779	24.6894	-0.000278862	0.000542123	2
-130.915	25.6724	-0.000262614	0.000561596	2
-131.041	26.6552	-0.000244308	0.000580783	2
-131.158	27.6262	-0.000224225	0.000599477	2
-131.267	28.6082	-0.000201934	0.000618118	2
-131.369	29.5898	-0.000177695	0.000636495	2
-131.462	30.5711	-0.000151545	0.000654615	2
-131.547	31.5519	-0.00012352	0.000672484	2
-131.624	32.5324	-9.36567e-05	0.00069011	2
-131.694	33.5126	-6.19929e-05	0.0007075	2
-131.756	34.4923	-2.85651e-05	0.000724659	2
-131.81	35.4717	6.58978e-06	0.000741597	2
-131.857	36.4506	4.34349e-05	0.000758318	2
-131.896	37.4292	8.19334e-05	0.000774831	2
-131.929	38.4074	0.000122048	0.000791142	2
-131.954	39.3852	0.000163743	0.000807258	2
-131.972	40.3625	0.00020698	0.000823186	2
-131.984	41.3395	0.000251723	0.000838933	2
-131.989	42.316	0.000297935	0.000854506	2
-131.988	43.2922	0.000345578	0.000869911	2
-131.98	44.2679	0.000394617	0.000885157	2
-131.965	45.2432	0.000445014	0.000900249	2
-131.945	46.2181	0.000496733	0.000915194	2
-131.919	47.1926	0.000549735	0.00093	2
-131.886	48.1666	0.000603986	0.000944674	2
-131.848	49.1402	0.000659447	0.000959222	2
-131.805	50.1022	0.000715424	0.000973486	2
-131.756	51.0749	0.000773183	0.000987805	2
-131.701	52.0472	0.000832042	0.00100202	2
-131.641	53.019	0.000891965	0.00101613	2
-131.576	53.9904	0.000952914	0.00103016	2
-131.506	54.9613	0.00101485	0.0010441	2
-131.43	55.9318	0.00107775	0.00105796	2
-131.351	56.9018	0.00114155	0.00107176	2
-131.266	57.8713	0.00120624	0.00108549	2
-131.177	58.8404	0.00127177	0.00109916	2
-131.083	59.809	0.0013381	0.00111279	2
-130.986	60.7771	0.00140521	0.00112637	2
-130.884	61.7448	0.00147304	0.00113991	2
-130.777	62.7119	0.00154157	0.00115343	2
-130.668	63.6786	0.00161076	0.00116693	2
-130.554	64.6448	0.00168056	0.00118041	2
-130.436	65.6105	0.00175095	0.00119388	2
-130.315	66.5758	0.00182189	0.00120735	2
-130.191	67.5405	0.00189334	0.00122083	2
-130.063	68.5047	0.00196526	0.00123432	2
-129.932	69.4684	0.00203762	0.00124783	2
-129.799	70.4316	0.00211038	0.00126137	2
-129.662	71.3943	0.0021835	0.00127494	2
-129.522	72.3565	0.00225695	0.00128856	2
-129.381	73.3071	0.00232983	0.00130206	2
-129.237	74.2682	0.00240382	0.00131577	2
-129.089	75.2289	0.00247802	0.00132955	2
-128.94	76.1889	0.00255239	0.00134339	2
-128.788	77.1485	0.00262691	0.00135731	2
-128.634	78.1075	0.00270154	0.00137131	2
-128.479	79.066	0.00277623	0.0013854	2
-128.321	80.024	0.00285095	0.00139958	2
-128.162	80.9814	0.00292567	0.00141387	2
-128.001	81.9382	0.00300035	0.00142827	2
-127.839	82.8945	0.00307494	0.00144279	2
-127.676	83.8503	0.00314942	0.00145743	2
-127.511	84.8054	0.00322375	0.0014722	2
-127.345	85.7601	0.00329788	0.0014871	2
-127.179	86.7141	0.00337179	0.00150216	2
-127.011	87.6676	0.00344543	0.00151736	2
-126.843	88.6205	0.00351878	0.00153272	2
-126.674	89.5729	0.00359178	0.00154825	2
-126.505	90.5246	0.00366441	0.00156395	2
-126.336	91.4758	0.00373663	0.00157983	2
-126.166	92.4264	0.0038084	0.00159589	2
-125.997	93.3764	0.00387968	0.00161215	2
-125.827	94.3258	0.00395044	0.00162861	2
-125.66	95.2637	0.00401984	0.00164508	2
-125.491	96.2119	0.00408946	0.00166195	2
-125.322	97.1596	0.00415844	0.00167905	2
-125.154	98.1066	0.00422675	0.00169638	2

-75.0008	2.01324	-5.3477e-07	1.7313e-07	2
-75.0537	3.13981	-4.57469e-05	1.45998e-05	2
-75.076	4.25522	-8.99349e-05	2.82766e-05	2
-75.0671	5.34653	-0.000132588	4.105e-05	2
-75.0283	6.4019	-0.000173264	5.28078e-05	2
-74.959	7.44618	-0.000212933	6.38428e-05	2
-74.86	8.46727	-0.000251137	7.40327e-05	2
-74.7318	9.46545	-0.000287899	8.33971e-05	2
-74.5748	10.4411	-0.000323243	9.19555e-05	2
-74.3894	11.3944	-0.000357191	9.97274e-05	2
-74.1762	12.3257	-0.000389768	0.000106732	2
-73.9355	13.2353	-0.000420997	0.00011299	2
-73.6679	14.1236	-0.000450901	0.00011852	2
-73.3738	14.9908	-0.000479504	0.000123341	2
-73.0536	15.8372	-0.000506829	0.000127474	2
-72.7078	16.6631	-0.000532899	0.000130937	2
-72.3369	17.4689	-0.000557738	0.00013375	2
-71.9413	18.2548	-0.00058137	0.000135934	2
-71.5215	19.0211	-0.000603818	0.000137506	2
-71.0779	19.7682	-0.000625105	0.000138487	2
-70.611	20.4963	-0.000645255	0.000138897	2
-70.1213	21.2058	-0.000664291	0.000138755	2
-69.6091	21.8969	-0.000682237	0.00013808	2
-69.0751	22.5699	-0.000699115	0.000136892	2
-68.5195	23.2253	-0.00071495	0.00013521	2
-67.9429	23.8631	-0.000729765	0.000133054	2
-67.3527	24.4768	-0.000743431	0.000130477	2
-66.7357	25.0809	-0.000756287	0.000127437	2
-66.099	25.6685	-0.000768193	0.000123981	2
-65.4431	26.2398	-0.000779172	0.000120129	2
-64.7684	26.7952	-0.000789249	0.000115901	2
-64.0755	27.3349	-0.000798445	0.000111315	2
-63.3647	27.8593	-0.000806786	0.000106392	2
-62.6366	28.3688	-0.000814293	0.000101151	2
-61.8915	28.8634	-0.000820991	9.56115e-05	2
-61.1299	29.3437	-0.000826903	8.9793e-05	2
-60.3524	29.8098	-0.000832052	8.37152e-05	2
-59.5593	30.2622	-0.000836462	7.73974e-05	2
-58.7511	30.701	-0.000840157	7.08593e-05	2
-57.9283	31.1266	-0.000843159	6.41204e-05	2
-57.0913	31.5393	-0.000845492	5.72002e-05	2
-56.2406	31.9394	-0.00084718	5.01182e-05	2
-55.3766	32.3273	-0.000848246	4.2894e-05	2
-54.4998	32.7031	-0.000848713	3.55471e-05	2
-53.6106	33.0672	-0.000848605	2.8097e-05	2
-52.7096	33.4199	-0.000847946	2.05633e-05	2
-51.7971	33.7616	-0.000846758	1.29654e-05	2
-50.8736	34.0924	-0.000845066	5.32294e-06	2
-49.9396	34.4128	-0.000842892	-2.34458e-06	2
-49.0065	34.7195	-0.000840293	-9.92948e-06	2
-48.0529	35.02	-0.000837231	-1.75888e-05	2
-47.0902	35.3108	-0.000833758	-2.52148e-05	2
-46.1187	35.5924	-0.000829898	-3.2788e-05	2
-45.139	35.865	-0.000825672	-4.02889e-05	2
-44.1516	36.129	-0.000821106	-4.76978e-05	2
-43.1568	36.3846	-0.000816222	-5.49954e-05	2
-42.1551	36.6321	-0.000811044	-6.2162e-05	2
-41.147	36.8718	-0.000805595	-6.91781e-05	2
-40.1329	37.1041	-0.000799899	-7.60242e-05	2
-39.1134	37.3293	-0.000793979	-8.26808e-05	2
-38.0888	37.5476	-0.000787858	-8.91283e-05	2
-37.0596	37.7594	-0.000781561	-9.53472e-05	2
-36.0262	37.9649	-0.00077511	-0.000101318	2
-34.9892	38.1644	-0.000768529	-0.000107021	2
-33.949	38.3584	-0.000761841	-0.000112437	2
-32.906	38.547	-0.00075507	-0.000117546	2
-31.8606	38.7305	-0.000748239	-0.00012233	2
-30.8135	38.9093	-0.000741371	-0.000126767	2
-29.7649	39.0837	-0.000734491	-0.000130839	2
-28.7154	39.254	-0.000727621	-0.000134526	2
-27.6654	39.4204	-0.000720785	-0.000137809	2
-26.6154	39.5834	-0.000714006	-0.000140668	2
-25.5659	39.7431	-0.000707308	-0.000143083	2
-24.5292	39.8981	-0.000700789	-0.000145016	2
-23.4819	40.0523	-0.000694322	-0.000146492	2
-22.4363	40.2042	-0.000688005	-0.000147466	2
-21.393	40.3541	-0.000681862	-0.000147919	2
-20.3524	40.5023	-0.000675917	-0.00014783	2
-19.315	40.6491	-0.000670193	-0.000147182	2
-18.2812	40.7948	-0.000664713	-0.000145954	2
-17.2515	40.9397	-0.000659502	-0.000144126	2
-16.2263	41.0841	-0.000654582	-0.000141679	2
-15.2061	41.2283	-0.000649976	-0.000138594	2
-14.1914	41.3726	-0.000645709	-0.000134851	2
-13.1826	41.5173	-0.000641804	-0.00013043	2
-12.1801	41.6627	-0.000638284	-0.000125312	2
-11.1845	41.8092	-0.000635172	-0.000119478	2
-10.1961	41.957	-0.000632493	-0.000112907	2
-9.21548	42.1064	-0.000630268	-0.000105581	2
-8.24305	42.2577	-0.000628523	-9.74798e-05	2
-7.27927	42.4113	-0.00062728	-8.85838e-05	2
-6.3246	42.5674	-0.000626563	-7.88735e-05	2
-5.37949	42.7263	-0.000626395	-6.83295e-05	2
-4.4444	42.8884	-0.000626799	-5.69322e-05	2
-3.51978	43.0539	-0.0006278	-4.4662e-05	2
-2.6061	43.2232	-0.00062942	-3.14995e-05	2
-1.71411	43.3945	-0.000631653	-1.75922e-05	2
-0.82353	43.5721	-0.000634574	-2.59721e-06	2
0.054755	43.7544	-0.000638185	1.33485e-05	2
0.920285	43.9416	-0.000642509	3.02644e-05	2

-25.0076	2.01267	-3.56645e-07	2.61905e-07	2
-25.6463	3.09705	-3.08808e-05	2.2504e-05	2
-26.2571	4.184	-6.14626e-05	4.44425e-05	2
-26.8328	5.26087	-9.17437e-05	6.58225e-05	2
-27.3677	6.31547	-0.00012138	8.64147e-05	2
-27.8746	7.37236	-0.000151059	0.000106705	2
-28.3477	8.41923	-0.000180432	0.000126457	2
-28.7872	9.4561	-0.000209499	0.000145679	2
-29.1936	10.483	-0.000238257	0.000164377	2
-29.5673	11.4999	-0.000266705	0.000182558	2
-29.9087	12.5069	-0.000294842	0.000200229	2
-30.2182	13.504	-0.000322666	0.000217397	2
-30.4962	14.4912	-0.000350175	0.000234068	2
-30.743	15.4685	-0.000377367	0.000250251	2
-30.9592	16.436	-0.000404242	0.000265952	2
-31.1451	17.3936	-0.000430798	0.000281177	2
-31.3011	18.3414	-0.000457033	0.000295935	2
-31.4276	19.2795	-0.000482946	0.000310231	2
-31.525	20.2077	-0.000508534	0.000324072	2
-31.5938	21.1262	-0.000533797	0.000337466	2
-31.6342	22.035	-0.000558733	0.00035042	2
-31.6469	22.934	-0.00058334	0.00036294	2
-31.632	23.8234	-0.000607617	0.000375033	2
-31.5901	24.7031	-0.000631562	0.000386707	2
-31.5215	25.5732	-0.000655174	0.000397969	2
-31.4267	26.4336	-0.000678451	0.000408824	2
-31.3075	27.2747	-0.000701129	0.000419163	2
-31.1617	28.116	-0.000723735	0.000429232	2
-30.9908	28.9478	-0.000746002	0.000438916	2
-30.7953	29.77	-0.000767927	0.000448223	2
-30.5756	30.5827	-0.00078951	0.000457158	2
-30.332	31.3859	-0.000810749	0.000465729	2
-30.065	32.1796	-0.000831642	0.000473943	2
-29.7749	32.9639	-0.000852187	0.000481807	2
-29.4623	33.7387	-0.000872383	0.000489327	2
-29.1274	34.5041	-0.000892229	0.000496511	2
-28.7707	35.26	-0.000911723	0.000503365	2
-28.3926	36.0066	-0.000930863	0.000509898	2
-27.9935	36.7439	-0.000949648	0.000516114	2
-27.5738	37.4718	-0.000968077	0.000522022	2
-27.1338	38.1903	-0.000986147	0.000527629	2
-26.6741	38.8996	-0.00100386	0.000532941	2
-26.195	39.5996	-0.00102121	0.000537965	2
-25.697	40.2903	-0.00103819	0.000542708	2
-25.1803	40.9718	-0.00105481	0.000547177	2
-24.6455	41.6441	-0.00107107	0.00055138	2
-24.0928	42.3072	-0.00108696	0.000555322	2
-23.5228	42.9611	-0.00110247	0.000559012	2
-22.9359	43.6059	-0.00111762	0.000562456	2
-22.3394	44.2342	-0.00113223	0.000565625	2
-21.7199	44.8608	-0.00114663	0.0005686	2
-21.0847	45.4784	-0.00116066	0.000571349	2
-20.4341	46.0868	-0.00117432	0.000573881	2
-19.7685	46.6862	-0.00118759	0.000576201	2
-19.0884	47.2765	-0.00120049	0.000578316	2
-18.3942	47.8579	-0.001213	0.000580234	2
-17.6862	48.4302	-0.00122513	0.000581962	2
-16.9649	48.9936	-0.00123687	0.000583506	2
-16.2306	49.548	-0.00124823	0.000584873	2
-15.4838	50.0935	-0.0012592	0.00058607	2
-14.7249	50.6301	-0.00126978	0.000587105	2
-13.9543	51.1578	-0.00127997	0.000587984	2
-13.1724	51.6766	-0.00128977	0.000588714	2
-12.3795	52.1866	-0.00129917	0.000589302	2
-11.5762	52.6878	-0.00130818	0.000589755	2
-10.7627	53.1801	-0.00131679	0.00059008	2
-9.93956	53.6637	-0.001325	0.000590284	2
-9.10711	54.1385	-0.00133281	0.000590374	2
-8.26576	54.6045	-0.00134022	0.000590357	2
-7.41593	55.0618	-0.00134723	0.00059024	2
-6.55801	55.5105	-0.00135383	0.000590029	2
-5.69242	55.9504	-0.00136002	0.000589732	2
-4.81955	56.3817	-0.00136581	0.000589355	2
-3.94995	56.7995	-0.00137113	0.000588912	2
-3.06381	57.2136	-0.00137609	0.000588398	2
-2.17161	57.6191	-0.00138065	0.000587825	2
-1.27374	58.016	-0.00138479	0.000587201	2
-0.370603	58.4044	-0.00138852	0.000586532	2
0.537386	58.7842	-0.00139183	0.000585826	2
1.44983	59.1555	-0.00139472	0.000585088	2
2.36632	59.5183	-0.00139719	0.000584327	2
3.28645	59.8726	-0.00139923	0.000583548	2
4.20983	60.2185	-0.00140086	0.00058276	2
5.13604	60.5559	-0.00140205	0.000581968	2
6.06468	60.885	-0.00140282	0.000581181	2
6.99536	61.2056	-0.00140317	0.000580404	2
7.92766	61.5178	-0.00140308	0.000579645	2
8.86118	61.8217	-0.00140256	0.000578911	2
9.79551	62.1173	-0.0014016	0.000578208	2
10.7303	62.4045	-0.00140022	0.000577544	2
11.665	62.6834	-0.00139839	0.000576926	2
12.5994	62.9541	-0.00139613	0.00057636	2
13.5329	63.2165	-0.00139343	0.000575853	2
14.4653	63.4707	-0.00139029	0.000575413	2
15.3961	63.7167	-0.00138671	0.000575046	2
16.3248	63.9545	-0.00138268	0.00057476	2
17.2405	64.1815	-0.00137826	0.000574562	2
18.1641	64.403	-0.00137334	0.000574456	2
19.0844	64.6165	-0.00136798	0.000574451	2
20.0011	64.8218	-0.00136216	0.000574554	2

24.997	2.00988	4.93952e-08	2.52848e-08	2
24.7359	2.86323	3.27069e-06	1.83861e-06	2
24.4632	3.73369	4.48859e-06	2.96092e-06	2
24.1822	4.6111	3.6906e-06	3.38873e-06	2
23.8968	5.48501	9.56657e-07	3.15035e-06	2
23.6008	6.37548	-3.74026e-06	2.26183e-06	2
23.2978	7.27212	-1.03428e-05	7.43892e-07	2
22.9884	8.17466	-1.88139e-05	-1.38168e-06	2
22.6729	9.08285	-2.91169e-05	-4.09312e-06	2
22.3518	9.9964	-4.12146e-05	-7.36863e-06	2
22.0256	10.9151	-5.50704e-05	-1.11864e-05	2
21.6946	11.8386	-7.06471e-05	-1.55247e-05	2
21.3594	12.7667	-8.7908e-05	-2.03618e-05	2
21.0203	13.6991	-0.000106816	-2.56758e-05	2
20.6778	14.6356	-0.000127335	-3.1445e-05	2
20.3323	15.5758	-0.000149426	-3.76475e-05	2
19.9843	16.5196	-0.000173055	-4.42617e-05	2
19.6342	17.4666	-0.000198183	-5.12657e-05	2
19.2825	18.4167	-0.000224773	-5.86377e-05	2
18.9295	19.3694	-0.000252789	-6.6356e-05	2
18.5757	20.3247	-0.000282195	-7.43988e-05	2
18.2216	21.2821	-0.000312952	-8.27442e-05	2
17.8677	22.2414	-0.000345024	-9.13706e-05	2
17.5142	23.2025	-0.000378374	-0.000100256	2
17.1617	24.1649	-0.000412966	-0.000109379	2
16.8106	25.1285	-0.000448761	-0.000118718	2
16.4654	26.0819	-0.000485293	-0.000128139	2
16.1185	27.0469	-0.000523374	-0.000137842	2
15.7742	28.0124	-0.000562549	-0.000147695	2
15.4332	28.9779	-0.000602781	-0.000157676	2
15.0957	29.9432	-0.000644033	-0.000167765	2
14.7623	30.9081	-0.000686268	-0.000177938	2
14.4333	31.8723	-0.00072945	-0.000188175	2
14.1093	32.8355	-0.000773541	-0.000198454	2
13.7906	33.7975	-0.000818505	-0.000208752	2
13.4777	34.7579	-0.000864305	-0.000219049	2
13.1711	35.7166	-0.000910903	-0.000229321	2
12.8711	36.6733	-0.000958263	-0.000239548	2
12.5782	37.6277	-0.00100635	-0.000249708	2
12.2928	38.5795	-0.00105512	-0.000259779	2
12.0155	39.5286	-0.00110454	-0.000269739	2
11.7466	40.4745	-0.00115458	-0.000279566	2
11.4865	41.417	-0.0012052	-0.000289238	2
11.2357	42.356	-0.00125635	-0.000298735	2
10.9947	43.2911	-0.00130801	-0.000308033	2
10.7639	44.222	-0.00136014	-0.000317112	2
10.5436	45.1485	-0.00141269	-0.000325949	2
10.3345	46.0703	-0.00146564	-0.000334522	2
10.1368	46.9872	-0.00151895	-0.000342811	2
9.95307	47.8885	-0.00157195	-0.000350703	2
9.77954	48.7948	-0.00162585	-0.000358359	2
9.61881	49.6953	-0.00168	-0.000365666	2
9.47132	50.5899	-0.00173436	-0.0003726	2
9.33751	51.4782	-0.00178888	-0.000379141	2
9.21782	52.36	-0.00184355	-0.000385266	2
9.11269	53.235	-0.00189831	-0.000390954	2
9.02255	54.1029	-0.00195313	-0.000396183	2
8.94784	54.9635	-0.00200797	-0.00040093	2
8.88901	55.8166	-0.00206281	-0.000405175	2
8.84649	56.6618	-0.00211759	-0.000408896	2
8.82071	57.4988	-0.00217229	-0.00041207	2
8.81212	58.3275	-0.00222686	-0.000414676	2
8.82116	59.1476	-0.00228127	-0.000416693	2
8.84826	59.9588	-0.00233548	-0.000418098	2
8.89386	60.7608	-0.00238946	-0.000418869	2
8.95841	61.5533	-0.00244317	-0.000418985	2
9.04233	62.3362	-0.00249657	-0.000418424	2
9.14607	63.1091	-0.00254963	-0.000417165	2
9.27007	63.8717	-0.0026023	-0.000415185	2
9.41476	64.6239	-0.00265456	-0.000412463	2
9.58058	65.3653	-0.00270636	-0.000408976	2
9.76798	66.0957	-0.00275767	-0.000404704	2
9.97738	66.8148	-0.00280844	-0.000399624	2
10.2064	67.5143	-0.00285808	-0.000393788	2
10.4609	68.2102	-0.00290769	-0.000387037	2
10.7387	68.894	-0.00295667	-0.000379414	2
11.0403	69.5655	-0.00300497	-0.000370896	2
11.366	70.2243	-0.00305255	-0.000361462	2
11.7164	70.8703	-0.00309938	-0.00035109	2
12.0919	71.5032	-0.00314543	-0.000339757	2
12.4928	72.1226	-0.00319065	-0.000327444	2
12.9198	72.7284	-0.00323501	-0.000314127	2
13.3731	73.3203	-0.00327847	-0.000299784	2
13.8532	73.898	-0.003321	-0.000284395	2
14.3606	74.4612	-0.00336255	-0.000267937	2
14.8957	75.0096	-0.0034031	-0.000250388	2
15.459	75.5431	-0.0034426	-0.000231727	2
16.0508	76.0614	-0.00348102	-0.000211932	2
16.6717	76.5641	-0.00351831	-0.000190981	2
17.322	77.0511	-0.00355445	-0.000168853	2
18.0022	77.522	-0.0035894	-0.000145525	2
18.7127	77.9766	-0.00362312	-0.000120975	2
19.454	78.4146	-0.00365557	-9.51829e-05	2
20.2266	78.8358	-0.00368671	-6.81258e-05	2
21.0307	79.2399	-0.00371652	-3.97821e-05	2
21.867	79.6266	-0.00374494	-1.01301e-05	2
22.7256	79.9915	-0.00377165	2.04884e-05	2
23.627	80.3429	-0.00379723	5.28068e-05	2
24.5618	80.6762	-0.00382131	8.64988e-05	2
25.5304	80.991	-0.00384388	0.000121586	2

74.9997	2.01185	-2.47048e-07	1.88797e-07	2
74.9571	3.0245	-2.09704e-05	1.56703e-05	2
74.882	4.03682	-4.09029e-05	2.98371e-05	2
74.7756	5.03715	-5.98271e-05	4.25367e-05	2
74.6403	6.01439	-7.75718e-05	5.36839e-05	2
74.4737	6.99146	-9.45791e-05	6.35738e-05	2
74.2781	7.95712	-0.000110667	7.21051e-05	2
74.054	8.91157	-0.000125865	7.93139e-05	2
73.8024	9.855	-0.000140202	8.52367e-05	2
73.524	10.7876	-0.000153709	8.99098e-05	2
73.2195	11.7096	-0.000166416	9.33694e-05	2
72.8897	12.6212	-0.000178351	9.56519e-05	2
72.5353	13.5225	-0.000189544	9.67935e-05	2
72.1572	14.4138	-0.000200026	9.68307e-05	2
71.756	15.2952	-0.000209826	9.57997e-05	2
71.3326	16.167	-0.000218973	9.37368e-05	2
70.8877	17.0293	-0.000227497	9.06784e-05	2
70.422	17.8824	-0.000235429	8.66607e-05	2
69.9363	18.7264	-0.000242796	8.172e-05	2
69.4315	19.5616	-0.000249631	7.58928e-05	2
68.9081	20.388	-0.000255961	6.92152e-05	2
68.3671	21.206	-0.000261817	6.17237e-05	2
67.8091	22.0157	-0.000267228	5.34544e-05	2
67.2349	22.8174	-0.000272224	4.44438e-05	2
66.6453	23.6111	-0.000276835	3.47282e-05	2
66.0411	24.3971	-0.000281091	2.43438e-05	2
65.4301	25.1668	-0.000284977	1.3457e-05	2
64.7989	25.9381	-0.000288613	1.85071e-06	2
64.1554	26.7023	-0.000291983	-1.03158e-05	2
63.5002	27.4596	-0.000295115	-2.30062e-05	2
62.8342	28.2101	-0.00029804	-3.61843e-05	2
62.1581	28.9542	-0.000300787	-4.98136e-05	2
61.4726	29.6919	-0.000303386	-6.38579e-05	2
60.7785	30.4234	-0.000305866	-7.82808e-05	2
60.0766	31.1491	-0.000308258	-9.30461e-05	2
59.3676	31.8689	-0.000310591	-0.000108117	2
58.6523	32.5833	-0.000312894	-0.000123458	2
57.9315	33.2922	-0.000315197	-0.000139033	2
57.2059	33.9961	-0.00031753	-0.000154804	2
56.4763	34.6949	-0.000319923	-0.000170737	2
55.7434	35.389	-0.000322405	-0.000186793	2
55.008	36.0785	-0.000325007	-0.000202938	2
54.2708	36.7636	-0.000327756	-0.000219135	2
53.5327	37.4446	-0.000330685	-0.000235347	2
52.7943	38.1215	-0.000333821	-0.000251539	2
52.0565	38.7947	-0.000337195	-0.000267673	2
51.32	39.4643	-0.000340837	-0.000283714	2
50.5855	40.1304	-0.000344775	-0.000299626	2
49.8539	40.7934	-0.00034904	-0.000315371	2
49.1342	41.4458	-0.000353607	-0.000330736	2
48.4104	42.1029	-0.00035861	-0.000346043	2
47.6917	42.7574	-0.000364029	-0.000361076	2
46.9788	43.4096	-0.000369893	-0.000375798	2
46.2726	44.0594	-0.000376232	-0.000390172	2
45.5737	44.7073	-0.000383076	-0.000404163	2
44.883	45.3533	-0.000390453	-0.000417734	2
44.2011	45.9976	-0.000398395	-0.00043085	2
43.5289	46.6405	-0.00040693	-0.000443472	2
42.8672	47.2821	-0.000416088	-0.000455566	2
42.2166	47.9227	-0.0004259	-0.000467095	2
41.5779	48.5624	-0.000436394	-0.000478022	2
40.9519	49.2015	-0.0004476	-0.000488312	2
40.3394	49.84	-0.000459549	-0.000497928	2
39.741	50.4783	-0.000472269	-0.000506833	2
39.1577	51.1165	-0.00048579	-0.000514992	2
38.5901	51.7548	-0.000500143	-0.000522368	2
38.039	52.3935	-0.000515356	-0.000528925	2
37.5051	53.0326	-0.00053146	-0.000534626	2
36.9893	53.6724	-0.000548484	-0.000539435	2
36.4922	54.3131	-0.000566457	-0.000543316	2
36.0147	54.9549	-0.00058541	-0.000546232	2
35.5574	55.598	-0.000605373	-0.000548148	2
35.1213	56.2425	-0.000626374	-0.000549026	2
34.7115	56.8813	-0.000648184	-0.00054884	2
34.3195	57.5294	-0.000671339	-0.000547548	2
33.9507	58.1795	-0.000695621	-0.000545111	2
33.6061	58.8319	-0.000721061	-0.000541491	2
33.2863	59.4867	-0.000747688	-0.000536654	2
32.9922	60.1442	-0.000775532	-0.000530561	2
32.7244	60.8046	-0.000804621	-0.000523178	2
32.4837	61.4679	-0.000834987	-0.000514468	2
32.2709	62.1345	-0.000866659	-0.000504394	2
32.0868	62.8045	-0.000899665	-0.00049292	2
31.932	63.4782	-0.000934037	-0.00048001	2
31.8075	64.1557	-0.000969804	-0.000465628	2
31.7139	64.8371	-0.00100699	-0.000449737	2
31.6519	65.5228	-0.00104564	-0.0004323	2
31.6225	66.2129	-0.00108577	-0.000413283	2
31.6262	66.9076	-0.00112741	-0.000392647	2
31.6639	67.6071	-0.0011706	-0.000370358	2
31.7364	68.3116	-0.00121535	-0.000346378	2
31.8443	69.0213	-0.00126171	-0.000320671	2
31.9885	69.7363	-0.00130971	-0.000293202	2
32.1697	70.4569	-0.00135936	-0.000263933	2
32.3887	71.1833	-0.00141071	-0.000232829	2
32.6462	71.9157	-0.00146378	-0.000199853	2
32.9394	72.6457	-0.00151795	-0.00016538	2
33.2758	73.3905	-0.00157453	-0.000128573	2
33.653	74.1418	-0.00163292	-8.97865e-05	2
34.0717	74.8999	-0.00169315	-4.89829e-05	2

124.996	2.01326	-1.23664e-07	3.55175e-07	2
124.631	3.142	-1.07599e-05	3.04981e-05	2
124.242	4.26004	-2.15254e-05	6.01918e-05	2
123.832	5.35451	-3.23014e-05	8.90947e-05	2
123.408	6.41363	-4.29686e-05	0.000116902	2
122.959	7.46243	-5.37798e-05	0.000144273	2
122.491	8.48884	-6.46159e-05	0.000170894	2
122.005	9.49328	-7.54819e-05	0.000196779	2
121.5	10.4761	-8.63826e-05	0.000221941	2
120.978	11.4378	-9.73227e-05	0.000246395	2
120.438	12.3787	-0.000108307	0.000270153	2
119.881	13.2992	-0.000119341	0.00029323	2
119.307	14.1997	-0.000130429	0.000315639	2
118.716	15.0806	-0.000141576	0.000337394	2
118.11	15.9423	-0.000152786	0.000358509	2
117.488	16.7853	-0.000164066	0.000378996	2
116.851	17.6098	-0.000175418	0.000398871	2
116.199	18.4163	-0.000186849	0.000418146	2
115.533	19.2052	-0.000198364	0.000436835	2
114.853	19.9769	-0.000209966	0.000454952	2
114.159	20.7318	-0.000221661	0.000472511	2
113.451	21.4703	-0.000233454	0.000489524	2
112.731	22.1928	-0.00024535	0.000506007	2
111.998	22.8996	-0.000257353	0.000521973	2
111.253	23.5912	-0.000269468	0.000537434	2
110.497	24.2681	-0.000281701	0.000552406	2
109.737	24.9229	-0.000293913	0.000566737	2
108.958	25.5714	-0.000306393	0.000580775	2
108.169	26.2063	-0.000319004	0.000594364	2
107.369	26.8279	-0.000331753	0.000607517	2
106.559	27.4367	-0.000344642	0.000620248	2
105.74	28.0331	-0.000357678	0.000632571	2
104.911	28.6174	-0.000370865	0.0006445	2
104.074	29.1901	-0.000384208	0.000656048	2
103.229	29.7515	-0.000397711	0.000667229	2
102.375	30.3021	-0.000411381	0.000678056	2
101.514	30.8422	-0.000425221	0.000688544	2
100.646	31.3723	-0.000439236	0.000698705	2
99.7712	31.8927	-0.000453431	0.000708554	2
98.8898	32.4038	-0.000467812	0.000718104	2
98.0023	32.9061	-0.000482382	0.000727369	2
97.1092	33.3999	-0.000497147	0.000736363	2
96.2109	33.8857	-0.000512112	0.000745099	2
95.3076	34.3638	-0.000527281	0.000753591	2
94.3998	34.8346	-0.00054266	0.000761853	2
93.4878	35.2985	-0.000558253	0.000769898	2
92.5721	35.756	-0.000574064	0.00077774	2
91.6531	36.2074	-0.0005901	0.000785392	2
90.731	36.653	-0.000606364	0.000792869	2
89.817	37.0884	-0.000622672	0.000800101	2
88.8902	37.524	-0.000639405	0.000807269	2
87.9615	37.9551	-0.000656382	0.000814303	2
87.0313	38.3821	-0.000673607	0.000821215	2
86.1	38.8054	-0.000691085	0.00082802	2
85.1681	39.2253	-0.000708821	0.000834731	2
84.2358	39.6424	-0.00072682	0.000841362	2
83.3036	40.057	-0.000745086	0.000847927	2
82.3719	40.4695	-0.000763624	0.000854439	2
81.441	40.8802	-0.00078244	0.000860912	2
80.5112	41.2897	-0.000801537	0.000867359	2
79.5831	41.6982	-0.000820922	0.000873795	2
78.657	42.1062	-0.000840598	0.000880233	2
77.7332	42.5141	-0.000860571	0.000886686	2
76.8122	42.9223	-0.000880846	0.000893169	2
75.8942	43.3311	-0.000901427	0.000899695	2
74.9798	43.741	-0.000922319	0.000906277	2
74.0693	44.1524	-0.000943527	0.00091293	2
73.163	44.5657	-0.000965056	0.000919666	2
72.2614	44.9812	-0.000986911	0.000926501	2
71.3648	45.3993	-0.0010091	0.000933446	2
70.4737	45.8206	-0.00103162	0.000940517	2
69.5883	46.2453	-0.00105448	0.000947727	2
68.7091	46.6738	-0.00107768	0.000955089	2
67.8465	47.1016	-0.00110097	0.000962529	2
66.9808	47.539	-0.00112487	0.000970235	2
66.1223	47.9815	-0.00114914	0.000978134	2
65.2716	48.4294	-0.00117377	0.00098624	2
64.4289	48.8831	-0.00119877	0.000994566	2
63.5948	49.3431	-0.00122415	0.00100313	2
62.7694	49.8097	-0.0012499	0.00101194	2
61.9534	50.2833	-0.00127604	0.00102101	2
61.1469	50.7643	-0.00130257	0.00103035	2
60.3504	51.2532	-0.00132949	0.00103999	2
59.5643	51.7503	-0.00135681	0.00104992	2
58.789	52.2561	-0.00138453	0.00106018	2
58.0248	52.7708	-0.00141266	0.00107076	2
57.2721	53.295	-0.0014412	0.00108169	2
56.5314	53.829	-0.00147016	0.00109297	2
55.8029	54.3732	-0.00149955	0.00110463	2
55.0871	54.928	-0.00152936	0.00111667	2
54.3844	55.4938	-0.0015596	0.00112911	2
53.6951	56.071	-0.00159029	0.00114196	2
53.0196	56.66	-0.00162141	0.00115524	2
52.3583	57.2612	-0.00165298	0.00116895	2
51.7116	57.875	-0.001685	0.00118312	2
51.0799	58.5019	-0.00171748	0.00119776	2
50.4705	59.1346	-0.00175004	0.0012127	2
49.8697	59.7885	-0.00178344	0.00122831	2
49.2849	60.4565	-0.00181732	0.00124442	2
48.7167	61.1391	-0.00185167	0.00126105	2

