-125.007	2.0124	-4.98898e-07	2.59109e-07	2
-125.609	3.07429	-4.29264e-05	2.21948e-05	2
-126.183	4.13913	-8.48922e-05	4.36917e-05	2
-126.722	5.19454	-0.000125906	6.44992e-05	2
-127.222	6.22855	-0.000165522	8.43983e-05	2
-127.694	7.26523	-0.00020467	0.00010386	2
-128.133	8.29251	-0.000242893	0.000122658	2
-128.539	9.31041	-0.000280199	0.0001408	2
-128.912	10.3189	-0.000316598	0.000158295	2
-129.254	11.3181	-0.000352098	0.000175152	2
-129.563	12.3079	-0.000386709	0.000191378	2
-129.842	13.2884	-0.000420438	0.000206983	2
-130.089	14.2595	-0.000453296	0.000221974	2
-130.306	15.2214	-0.00048529	0.000236361	2
-130.493	16.1739	-0.000516431	0.000250151	2
-130.65	17.1171	-0.000546726	0.000263354	2
-130.778	18.0511	-0.000576185	0.000275977	2
-130.877	18.9758	-0.000604816	0.00028803	2
-130.947	19.8913	-0.000632628	0.00029952	2
-130.99	20.7975	-0.00065963	0.000310456	2
-131.004	21.6945	-0.000685832	0.000320847	2
-130.992	22.5823	-0.000711242	0.000330701	2
-130.952	23.4609	-0.000735868	0.000340027	2
-130.886	24.3304	-0.00075972	0.000348833	2
-130.794	25.1906	-0.000782806	0.000357127	2
-130.676	26.0417	-0.000805136	0.000364918	2
-130.535	26.874	-0.000826475	0.000372133	2
-130.367	27.7069	-0.000847327	0.000378949	2
-130.175	28.5306	-0.000867449	0.000385288	2
-129.959	29.3453	-0.000886849	0.000391157	2
-129.719	30.1508	-0.000905538	0.000396565	2
-129.456	30.9473	-0.000923523	0.000401521	2
-129.17	31.7347	-0.000940813	0.000406034	2
-128.861	32.513	-0.000957418	0.000410111	2
-128.53	33.2823	-0.000973346	0.000413761	2
-128.178	34.0426	-0.000988607	0.000416993	2
-127.804	34.7938	-0.00100321	0.000419815	2
-127.409	35.536	-0.00101716	0.000422235	2
-126.994	36.2692	-0.00103047	0.000424263	2
-126.559	36.9934	-0.00104315	0.000425906	2
-126.104	37.7087	-0.0010552	0.000427173	2
-125.629	38.415	-0.00106664	0.000428073	2
-125.136	39.1123	-0.00107747	0.000428613	2
-124.625	39.8007	-0.00108771	0.000428804	2
-124.095	40.4802	-0.00109736	0.000428652	2
-123.547	41.1508	-0.00110643	0.000428166	2
-122.983	41.8124	-0.00111493	0.000427355	2
-122.401	42.4652	-0.00112286	0.000426228	2
-121.803	43.1091	-0.00113025	0.000424792	2
-121.196	43.7369	-0.00113702	0.000423079	2
-120.566	44.3632	-0.00114333	0.000421056	2
-119.921	44.9807	-0.00114912	0.00041875	2
-119.261	45.5893	-0.00115439	0.000416169	2
-118.586	46.1891	-0.00115915	0.000413323	2
-117.898	46.7801	-0.00116341	0.00041022	2
-117.196	47.3624	-0.00116718	0.000406867	2
-116.48	47.9358	-0.00117047	0.000403274	2
-115.751	48.5005	-0.00117329	0.000399449	2
-115.01	49.0565	-0.00117565	0.0003954	2
-114.257	49.6037	-0.00117754	0.000391137	2
-113.493	50.1421	-0.001179	0.000386666	2
-112.716	50.6719	-0.00118001	0.000381998	2
-111.929	51.193	-0.0011806	0.00037714	2
-111.132	51.7054	-0.00118077	0.000372101	2
-110.324	52.2091	-0.00118053	0.00036689	2
-109.507	52.7041	-0.00117988	0.000361514	2
-108.68	53.1905	-0.00117885	0.000355982	2
-107.845	53.6683	-0.00117742	0.000350304	2
-107.001	54.1374	-0.00117563	0.000344486	2
-106.149	54.5979	-0.00117347	0.000338538	2
-105.289	55.0499	-0.00117095	0.000332469	2
-104.422	55.4932	-0.00116808	0.000326286	2
-103.548	55.928	-0.00116487	0.000319998	2
-102.677	56.3493	-0.00116138	0.000313688	2
-101.791	56.767	-0.00115752	0.000307216	2
-100.899	57.1763	-0.00115335	0.000300666	2
-100.001	57.5769	-0.00114888	0.000294044	2
-99.0985	57.9691	-0.00114411	0.00028736	2
-98.1915	58.3528	-0.00113905	0.000280621	2
-97.2804	58.7279	-0.00113372	0.000273837	2
-96.3656	59.0947	-0.00112812	0.000267016	2
-95.4475	59.4529	-0.00112226	0.000260167	2
-94.5265	59.8027	-0.00111615	0.000253297	2
-93.6029	60.144	-0.00110979	0.000246415	2
-92.6773	60.477	-0.0011032	0.00023953	2
-91.7499	60.8015	-0.00109639	0.00023265	2
-90.8213	61.1176	-0.00108937	0.000225784	2
-89.8917	61.4253	-0.00108213	0.00021894	2
-88.9617	61.7247	-0.0010747	0.000212127	2
-88.0315	62.0157	-0.00106708	0.000205353	2
-87.1016	62.2983	-0.00105928	0.000198627	2
-86.1725	62.5726	-0.00105131	0.000191957	2
-85.2444	62.8386	-0.00104318	0.000185351	2
-84.3178	63.0963	-0.0010349	0.000178818	2
-83.3931	63.3456	-0.00102647	0.000172367	2
-82.4707	63.5867	-0.0010179	0.000166006	2
-81.5615	63.8169	-0.00100931	0.000159814	2
-80.6448	64.0415	-0.0010005	0.000153657	2
-79.7317	64.2579	-0.000991582	0.000147616	2
-78.8224	64.466	-0.000982564	0.000141698	2

-75.003	2.00988	1.22358e-09	-2.89765e-08	2
-75.265	2.86355	-8.38409e-07	-2.76281e-06	2
-75.5367	3.73494	-3.56486e-06	-6.00374e-06	2
-75.8147	4.61388	-8.14366e-06	-9.70587e-06	2
-76.0953	5.48986	-1.44554e-05	-1.38021e-05	2
-76.3846	6.38297	-2.26116e-05	-1.83711e-05	2
-76.679	7.28278	-3.25134e-05	-2.33506e-05	2
-76.9781	8.18901	-4.41252e-05	-2.87239e-05	2
-77.2814	9.10137	-5.74113e-05	-3.44739e-05	2
-77.5887	10.0196	-7.2336e-05	-4.05837e-05	2
-77.8994	10.9433	-8.88636e-05	-4.70365e-05	2
-78.2132	11.8724	-0.000106958	-5.38153e-05	2
-78.5297	12.8064	-0.000126585	-6.09031e-05	2
-78.8485	13.7452	-0.000147707	-6.82831e-05	2
-79.1691	14.6884	-0.000170289	-7.59383e-05	2
-79.4913	15.6357	-0.000194296	-8.38518e-05	2
-79.8144	16.5869	-0.000219691	-9.20066e-05	2
-80.1383	17.5417	-0.00024644	-0.000100386	2
-80.4624	18.4997	-0.000274506	-0.000108973	2
-80.7864	19.4608	-0.000303853	-0.00011775	2
-81.1098	20.4246	-0.000334447	-0.000126701	2
-81.4323	21.3908	-0.000366251	-0.000135809	2
-81.7535	22.3592	-0.000399229	-0.000145057	2
-82.0729	23.3294	-0.000433346	-0.000154427	2
-82.3901	24.3012	-0.000468567	-0.000163904	2
-82.7048	25.2744	-0.000504855	-0.00017347	2
-83.013	26.2373	-0.00054174	-0.000182996	2
-83.3215	27.2122	-0.000580044	-0.000192689	2
-83.6262	28.1875	-0.00061931	-0.00020242	2
-83.9267	29.163	-0.0006595	-0.000212172	2
-84.2227	30.1383	-0.00070058	-0.000221929	2
-84.5137	31.1133	-0.000742514	-0.000231674	2
-84.7994	32.0876	-0.000785266	-0.000241389	2
-85.0793	33.0609	-0.0008288	-0.000251059	2
-85.3531	34.033	-0.000873081	-0.000260665	2
-85.6202	35.0035	-0.000918073	-0.000270191	2
-85.8804	35.9722	-0.00096374	-0.000279621	2
-86.1333	36.9388	-0.00101005	-0.000288936	2
-86.3783	37.903	-0.00105696	-0.000298121	2
-86.6152	38.8645	-0.00110444	-0.000307158	2
-86.8436	39.823	-0.00115245	-0.00031603	2
-87.0629	40.7784	-0.00120096	-0.000324721	2
-87.2729	41.7302	-0.00124992	-0.000333214	2
-87.473	42.6781	-0.00129932	-0.000341491	2
-87.663	43.622	-0.0013491	-0.000349535	2
-87.8424	44.5615	-0.00139924	-0.000357331	2
-88.0109	45.4963	-0.0014497	-0.00036486	2
-88.1679	46.4262	-0.00150044	-0.000372106	2
-88.3131	47.3509	-0.00155142	-0.000379053	2
-88.4447	48.2595	-0.00160203	-0.000385607	2
-88.5653	49.1729	-0.0016534	-0.000391907	2
-88.6729	50.0802	-0.00170492	-0.000397855	2
-88.7671	50.9811	-0.00175653	-0.000403437	2
-88.8475	51.8754	-0.00180822	-0.000408633	2
-88.9137	52.7628	-0.00185994	-0.000413429	2
-88.9653	53.6429	-0.00191165	-0.000417806	2
-89.0019	54.5156	-0.00196333	-0.000421748	2
-89.023	55.3804	-0.00201493	-0.000425237	2
-89.0284	56.2372	-0.00206643	-0.000428258	2
-89.0176	57.0856	-0.00211778	-0.000430793	2
-88.9901	57.9254	-0.00216894	-0.000432824	2
-88.9457	58.7562	-0.0022199	-0.000434336	2
-88.8838	59.5779	-0.0022706	-0.000435311	2
-88.8041	60.39	-0.00232101	-0.000435733	2
-88.7062	61.1924	-0.00237109	-0.000435584	2
-88.5896	61.9847	-0.00242082	-0.000434847	2
-88.454	62.7666	-0.00247015	-0.000433506	2
-88.299	63.538	-0.00251906	-0.000431543	2
-88.1242	64.2984	-0.00256749	-0.000428942	2
-87.9291	65.0476	-0.00261543	-0.000425686	2
-87.7134	65.7853	-0.00266282	-0.000421758	2
-87.4767	66.5113	-0.00270964	-0.000417141	2
-87.2185	67.2252	-0.00275585	-0.000411817	2
-86.9419	67.9188	-0.0028009	-0.000405845	2
-86.6399	68.6079	-0.0028458	-0.000399067	2
-86.3152	69.2841	-0.00288998	-0.000391533	2
-85.9676	69.9471	-0.0029334	-0.000383225	2
-85.5964	70.5966	-0.00297604	-0.000374127	2
-85.2015	71.2324	-0.00301786	-0.000364222	2
-84.7823	71.8541	-0.00305882	-0.000353492	2
-84.3384	72.4616	-0.00309888	-0.000341921	2
-83.8695	73.0544	-0.00313802	-0.000329492	2
-83.3751	73.6323	-0.00317618	-0.000316187	2
-82.8549	74.1951	-0.00321335	-0.000301991	2
-82.3084	74.7423	-0.00324948	-0.000286886	2
-81.7352	75.2739	-0.00328454	-0.000270855	2
-81.135	75.7894	-0.00331848	-0.000253882	2
-80.5073	76.2886	-0.00335129	-0.000235948	2
-79.8518	76.7712	-0.00338291	-0.000217038	2
-79.168	77.2369	-0.00341332	-0.000197135	2
-78.4555	77.6855	-0.00344248	-0.000176221	2
-77.7139	78.1166	-0.00347035	-0.000154279	2
-76.9429	78.53	-0.00349689	-0.000131294	2
-76.142	78.9253	-0.00352208	-0.000107247	2
-75.3108	79.3024	-0.00354587	-8.21219e-05	2
-74.4489	79.6609	-0.00356824	-5.59018e-05	2
-73.5664	79.9967	-0.00358891	-2.88902e-05	2
-72.6424	80.3173	-0.00360832	-4.42256e-07	2
-71.6864	80.6186	-0.0036262	2.91514e-05	2
-70.6981	80.9001	-0.00364251	5.99076e-05	2

-25	2.01163	-2.83434e-07	2.32735e-07	2
-25.02	3.00672	-2.41157e-05	1.93795e-05	2
-25.0732	4.00288	-4.71517e-05	3.70286e-05	2
-25.1588	4.98865	-6.91364e-05	5.29875e-05	2
-25.2746	5.95303	-8.9863e-05	6.71413e-05	2
-25.4223	6.9186	-0.000109842	7.98588e-05	2
-25.6002	7.87424	-0.000128854	9.10064e-05	2
-25.8073	8.82011	-0.000146929	0.000100624	2
-26.0429	9.75636	-0.000164095	0.000108753	2
-26.3061	10.6832	-0.000180379	0.000115432	2
-26.5963	11.6007	-0.000195812	0.000120702	2
-26.9126	12.509	-0.00021042	0.000124603	2
-27.2543	13.4084	-0.000224233	0.000127176	2
-27.6204	14.2989	-0.00023728	0.000128461	2
-28.0104	15.1808	-0.000249587	0.000128497	2
-28.4232	16.0542	-0.000261185	0.000127326	2
-28.8583	16.9191	-0.000272101	0.000124987	2
-29.3147	17.7759	-0.000282364	0.000121521	2
-29.7917	18.6247	-0.000292003	0.000116967	2
-30.2885	19.4655	-0.000301045	0.000111367	2
-30.8043	20.2986	-0.00030952	0.00010476	2
-31.3384	21.1242	-0.000317456	9.71863e-05	2
-31.8898	21.9423	-0.000324881	8.86866e-05	2
-32.4579	22.7531	-0.000331823	7.9301e-05	2
-33.0419	23.5569	-0.000338312	6.90695e-05	2
-33.6409	24.3537	-0.000344376	5.80326e-05	2
-34.2471	25.1346	-0.000349979	4.63702e-05	2
-34.8737	25.9181	-0.000355282	3.38511e-05	2
-35.513	26.695	-0.000360244	2.06467e-05	2
-36.1642	27.4656	-0.000364894	6.79721e-06	2
-36.8266	28.2301	-0.000369262	-7.65705e-06	2
-37.4993	28.9885	-0.000373374	-2.26759e-05	2
-38.1815	29.7411	-0.00037726	-3.82191e-05	2
-38.8725	30.488	-0.000380948	-5.42463e-05	2
-39.5714	31.2294	-0.000384467	-7.07175e-05	2
-40.2775	31.9653	-0.000387844	-8.75923e-05	2
-40.99	32.696	-0.00039111	-0.000104831	2
-41.708	33.4217	-0.000394291	-0.000122392	2
-42.4309	34.1424	-0.000397417	-0.000140236	2
-43.1578	34.8584	-0.000400515	-0.000158323	2
-43.8879	35.5698	-0.000403615	-0.000176613	2
-44.6205	36.2767	-0.000406745	-0.000195064	2
-45.3547	36.9793	-0.000409933	-0.000213638	2
-46.0897	37.6778	-0.000413208	-0.000232294	2
-46.8248	38.3723	-0.000416599	-0.000250991	2
-47.5592	39.063	-0.000420133	-0.000269689	2
-48.2921	39.7501	-0.000423839	-0.000288349	2
-49.0227	40.4336	-0.000427746	-0.000306929	2
-49.7501	41.1138	-0.000431882	-0.00032539	2
-50.4654	41.783	-0.000436224	-0.000343482	2
-51.1844	42.457	-0.0004409	-0.000361586	2
-51.8979	43.1281	-0.000445891	-0.00037945	2
-52.6052	43.7964	-0.000451224	-0.000397035	2
-53.3054	44.4622	-0.000456928	-0.000414299	2
-53.9978	45.1256	-0.000463032	-0.000431203	2
-54.6816	45.7867	-0.000469564	-0.000447706	2
-55.356	46.4458	-0.000476553	-0.000463769	2
-56.0202	47.1028	-0.000484027	-0.000479351	2
-56.6734	47.7581	-0.000492014	-0.000494411	2
-57.3149	48.4118	-0.000500543	-0.00050891	2
-57.9438	49.064	-0.000509643	-0.000522807	2
-58.5593	49.7149	-0.000519342	-0.000536062	2
-59.1607	50.3646	-0.000529668	-0.000548635	2
-59.7471	51.0133	-0.000540649	-0.000560486	2
-60.3179	51.6611	-0.000552316	-0.000571574	2
-60.8721	52.3083	-0.000564695	-0.000581859	2
-61.409	52.9549	-0.000577815	-0.000591301	2
-61.9278	53.6012	-0.000591705	-0.000599859	2
-62.4278	54.2472	-0.000606393	-0.000607494	2
-62.9081	54.8932	-0.000621908	-0.000614166	2
-63.3679	55.5393	-0.000638278	-0.000619833	2
-63.8064	56.1856	-0.000655531	-0.000624456	2
-64.223	56.8323	-0.000673697	-0.000627994	2
-64.6123	57.4721	-0.000692578	-0.000630386	2
-64.9826	58.1201	-0.000712642	-0.000631648	2
-65.3286	58.769	-0.000733703	-0.000631706	2
-65.6494	59.4189	-0.000755789	-0.000630518	2
-65.9442	60.0699	-0.00077893	-0.000628045	2
-66.2122	60.7224	-0.000803153	-0.000624247	2
-66.4526	61.3763	-0.000828487	-0.000619083	2
-66.6648	62.0319	-0.000854961	-0.000612513	2
-66.8477	62.6892	-0.000882603	-0.000604497	2
-67.0008	63.3486	-0.000911441	-0.000594994	2
-67.1231	64.0101	-0.000941504	-0.000583965	2
-67.2139	64.6739	-0.00097282	-0.000571369	2
-67.2725	65.3401	-0.00100542	-0.000557166	2
-67.2979	66.0089	-0.00103933	-0.000541316	2
-67.2895	66.6804	-0.00107457	-0.000523778	2
-67.2463	67.3549	-0.00111119	-0.000504512	2
-67.1678	68.0324	-0.0011492	-0.000483479	2
-67.053	68.7131	-0.00118863	-0.000460637	2
-66.9011	69.3973	-0.00122952	-0.000435946	2
-66.7115	70.0849	-0.00127189	-0.000409367	2
-66.4832	70.7763	-0.00131577	-0.000380859	2
-66.2155	71.4715	-0.00136118	-0.000350381	2
-65.9076	72.1707	-0.00140817	-0.000317895	2
-65.563	72.866	-0.00145618	-0.000283767	2
-65.1729	73.5736	-0.00150636	-0.000247165	2
-64.7401	74.2857	-0.00155819	-0.000208433	2
-64.2641	75.0024	-0.0016117	-0.000167531	2

24.9961	2.01288	-3.01356e-07	4.05902e-07	2
24.6498	3.10888	-2.60309e-05	3.47124e-05	2
24.2789	4.19483	-5.16902e-05	6.82217e-05	2
23.8876	5.25822	-7.69885e-05	0.000100547	2
23.4812	6.28758	-0.000101652	0.000131357	2
23.0506	7.30724	-0.000126264	0.000161387	2
22.6008	8.30548	-0.000150546	0.000190292	2
22.1322	9.28268	-0.00017451	0.000218091	2
21.6452	10.2392	-0.000198166	0.000244804	2
21.1402	11.1755	-0.000221524	0.00027045	2
20.6176	12.0918	-0.000244595	0.00029505	2
20.0777	12.9887	-0.00026739	0.000318621	2
19.5209	13.8664	-0.000289919	0.000341185	2
18.9478	14.7253	-0.000312192	0.00036276	2
18.3585	15.5659	-0.000334221	0.000383366	2
17.7536	16.3885	-0.000356016	0.000403023	2
17.1333	17.1935	-0.000377587	0.00042175	2
16.4982	17.9812	-0.000398946	0.000439567	2
15.8485	18.7521	-0.000420101	0.000456493	2
15.1848	19.5065	-0.000441066	0.000472547	2
14.5073	20.2448	-0.000461849	0.00048775	2
13.8165	20.9674	-0.000482461	0.00050212	2
13.1127	21.6746	-0.000502913	0.000515678	2
12.3963	22.367	-0.000523216	0.000528443	2
11.6678	23.0447	-0.00054338	0.000540434	2
10.9275	23.7083	-0.000563416	0.000551672	2
10.1846	24.3506	-0.000583106	0.000562058	2
9.42201	24.9871	-0.000602918	0.000571854	2
8.64884	25.6105	-0.000622633	0.000580954	2
7.86544	26.2213	-0.000642263	0.000589378	2
7.07221	26.8197	-0.000661816	0.000597145	2
6.26953	27.4063	-0.000681305	0.000604275	2
5.4578	27.9813	-0.00070074	0.000610788	2
4.6374	28.5452	-0.000720131	0.000616703	2
3.80873	29.0983	-0.000739489	0.000622039	2
2.97217	29.641	-0.000758824	0.000626817	2
2.12812	30.1737	-0.000778147	0.000631055	2
1.27696	30.6968	-0.000797468	0.000634773	2
0.419084	31.2107	-0.000816799	0.000637991	2
-0.445117	31.7157	-0.00083615	0.000640728	2
-1.31525	32.2122	-0.000855531	0.000643004	2
-2.19094	32.7006	-0.000874953	0.000644839	2
-3.07177	33.1812	-0.000894426	0.000646251	2
-3.95738	33.6546	-0.000913961	0.00064726	2
-4.84736	34.1209	-0.000933569	0.000647887	2
-5.74132	34.5807	-0.00095326	0.00064815	2
-6.63888	35.0343	-0.000973046	0.000648068	2
-7.53965	35.4821	-0.000992935	0.000647663	2
-8.44324	35.9244	-0.00101294	0.000646952	2
-9.33882	36.3567	-0.00103284	0.000645969	2
-10.2468	36.7893	-0.0010531	0.00064471	2
-11.1565	37.2177	-0.00107351	0.000643205	2
-12.0675	37.6421	-0.00109408	0.000641472	2
-12.9793	38.063	-0.00111482	0.000639532	2
-13.8916	38.4807	-0.00113573	0.000637404	2
-14.8039	38.8957	-0.00115684	0.000635108	2
-15.716	39.3082	-0.00117814	0.000632663	2
-16.6274	39.7187	-0.00119965	0.000630088	2
-17.5377	40.1276	-0.00122138	0.000627404	2
-18.4466	40.5353	-0.00124335	0.000624629	2
-19.3536	40.942	-0.00126556	0.000621783	2
-20.2583	41.3483	-0.00128802	0.000618887	2
-21.1604	41.7545	-0.00131074	0.000615959	2
-22.0595	42.1609	-0.00133373	0.000613018	2
-22.9551	42.568	-0.00135701	0.000610085	2
-23.847	42.9761	-0.00138059	0.000607179	2
-24.7346	43.3856	-0.00140447	0.00060432	2
-25.6177	43.7969	-0.00142866	0.000601526	2
-26.4958	44.2103	-0.00145319	0.000598818	2
-27.3685	44.6263	-0.00147805	0.000596215	2
-28.2355	45.0453	-0.00150325	0.000593737	2
-29.0963	45.4676	-0.00152882	0.000591403	2
-29.9505	45.8935	-0.00155475	0.000589232	2
-30.7882	46.3186	-0.00158076	0.000587267	2
-31.6283	46.753	-0.00160746	0.00058548	2
-32.4607	47.1922	-0.00163456	0.000583915	2
-33.285	47.6367	-0.00166207	0.000582592	2
-34.1009	48.0868	-0.00169	0.00058153	2
-34.9078	48.5428	-0.00171837	0.000580749	2
-35.7055	49.0052	-0.00174718	0.000580268	2
-36.4936	49.4743	-0.00177644	0.000580107	2
-37.2716	49.9505	-0.00180616	0.000580285	2
-38.0392	50.4342	-0.00183636	0.000580821	2
-38.7959	50.9258	-0.00186704	0.000581737	2
-39.5414	51.4257	-0.00189822	0.00058305	2
-40.2754	51.9342	-0.00192991	0.00058478	2
-40.9973	52.4517	-0.00196211	0.000586948	2
-41.7069	52.9786	-0.00199484	0.000589572	2
-42.4037	53.5153	-0.00202811	0.000592672	2
-43.0873	54.0621	-0.00206193	0.000596268	2
-43.7574	54.6195	-0.0020963	0.000600378	2
-44.4135	55.1878	-0.00213125	0.000605024	2
-45.0553	55.7674	-0.00216678	0.000610224	2
-45.6824	56.3587	-0.00220289	0.000615997	2
-46.2944	56.962	-0.00223961	0.000622364	2
-46.8908	57.5778	-0.00227694	0.000629343	2
-47.4648	58.1991	-0.00231446	0.000636864	2
-48.0293	58.8408	-0.00235304	0.00064512	2
-48.5771	59.496	-0.00239226	0.000654047	2
-49.1079	60.1652	-0.00243214	0.000663665	2

74.9963	2.01108	-6.49731e-07	2.70593e-07	2
74.6805	2.96406	-5.4703e-05	2.34696e-05	2
74.3692	3.92814	-0.000105749	4.67954e-05	2
74.066	4.89225	-0.000153185	6.99802e-05	2
73.7741	5.84528	-0.000196577	9.27626e-05	2
73.4868	6.8094	-0.000236981	0.000115675	2
73.2074	7.77351	-0.00027392	0.000138455	2
72.9357	8.7376	-0.000307444	0.000161105	2
72.6718	9.70168	-0.000337601	0.000183628	2
72.4155	10.6657	-0.000364438	0.000206027	2
72.1667	11.6297	-0.000388005	0.000228304	2
71.9254	12.5937	-0.00040835	0.000250462	2
71.6915	13.5576	-0.000425522	0.000272504	2
71.4649	14.5214	-0.000439568	0.000294433	2
71.2454	15.4851	-0.000450537	0.000316252	2
71.0332	16.4488	-0.000458478	0.000337963	2
70.828	17.4124	-0.00046344	0.000359569	2
70.6297	18.3759	-0.00046547	0.000381072	2
70.4384	19.3393	-0.000464617	0.000402477	2
70.2539	20.3025	-0.000460929	0.000423785	2
70.0761	21.2656	-0.000454455	0.000444999	2
69.9049	22.2286	-0.000445244	0.000466123	2
69.7403	23.1915	-0.000433344	0.000487158	2
69.5822	24.1542	-0.000418802	0.000508108	2
69.4306	25.1168	-0.000401669	0.000528975	2
69.2852	26.0791	-0.000381991	0.000549762	2
69.1476	27.0303	-0.000360087	0.000570235	2
69.0146	27.9923	-0.000335495	0.000590872	2
68.8876	28.9541	-0.000308504	0.000611437	2
68.7667	29.9158	-0.000279162	0.000631934	2
68.6516	30.8772	-0.000247518	0.000652364	2
68.5424	31.8384	-0.000213621	0.000672732	2
68.439	32.7994	-0.000177518	0.000693039	2
68.3412	33.7601	-0.000139258	0.000713288	2
68.249	34.7206	-9.8889e-05	0.000733483	2
68.1623	35.6808	-5.64605e-05	0.000753626	2
68.081	36.6408	-1.20204e-05	0.000773719	2
68.0051	37.6005	3.43828e-05	0.000793766	2
67.9345	38.56	8.27007e-05	0.000813769	2
67.869	39.5191	0.000132885	0.000833731	2
67.8087	40.478	0.000184887	0.000853655	2
67.7533	41.4365	0.000238658	0.000873544	2
67.7029	42.3948	0.00029415	0.0008934	2
67.6574	43.3527	0.000351315	0.000913226	2
67.6166	44.3103	0.000410104	0.000933026	2
67.5805	45.2675	0.000470468	0.000952801	2
67.5491	46.2245	0.00053236	0.000972554	2
67.5222	47.181	0.00059573	0.00099229	2
67.4997	48.1372	0.000660531	0.00101201	2
67.4818	49.0821	0.000725945	0.00103149	2
67.4679	50.0375	0.000793446	0.00105118	2
67.4582	50.9926	0.000862232	0.00107087	2
67.4527	51.9472	0.000932255	0.00109056	2
67.4512	52.9015	0.00100347	0.00111024	2
67.4536	53.8554	0.00107582	0.00112992	2
67.46	54.8088	0.00114926	0.00114961	2
67.4701	55.7618	0.00122375	0.0011693	2
67.484	56.7143	0.00129923	0.001189	2
67.5015	57.6665	0.00137566	0.00120871	2
67.5225	58.6181	0.00145299	0.00122844	2
67.5471	59.5693	0.00153116	0.00124819	2
67.575	60.52	0.00161014	0.00126795	2
67.6062	61.4703	0.00168987	0.00128774	2
67.6407	62.42	0.0017703	0.00130755	2
67.6783	63.3693	0.00185139	0.0013274	2
67.7189	64.318	0.00193309	0.00134727	2
67.7626	65.2663	0.00201535	0.00136718	2
67.8091	66.214	0.00209811	0.00138713	2
67.8585	67.1612	0.00218134	0.00140711	2
67.9106	68.1078	0.00226498	0.00142714	2
67.9654	69.0539	0.00234899	0.00144721	2
68.0227	69.9994	0.00243332	0.00146733	2
68.0826	70.9444	0.00251791	0.00148751	2
68.1441	71.878	0.00260174	0.0015075	2
68.2087	72.8218	0.00268672	0.00152778	2
68.2755	73.765	0.00277183	0.00154812	2
68.3445	74.7076	0.00285701	0.00156852	2
68.4155	75.6497	0.00294222	0.00158899	2
68.4886	76.5911	0.0030274	0.00160953	2
68.5636	77.5318	0.00311252	0.00163013	2
68.6405	78.472	0.00319751	0.00165081	2
68.7191	79.4115	0.00328234	0.00167156	2
68.7994	80.3504	0.00336695	0.0016924	2
68.8813	81.2886	0.0034513	0.00171331	2
68.9647	82.2261	0.00353534	0.00173431	2
69.0496	83.1629	0.00361901	0.00175539	2
69.1358	84.0991	0.00370228	0.00177657	2
69.2232	85.0346	0.00378509	0.00179784	2
69.3119	85.9694	0.00386739	0.0018192	2
69.4017	86.9034	0.00394914	0.00184066	2
69.4925	87.8368	0.00403028	0.00186222	2
69.5843	88.7694	0.00411078	0.00188389	2
69.6769	89.7013	0.00419057	0.00190566	2
69.7703	90.6325	0.00426961	0.00192754	2
69.8644	91.5628	0.00434786	0.00194954	2
69.9592	92.4925	0.00442526	0.00197164	2
70.0533	93.4107	0.0045009	0.00199361	2
70.1491	94.3388	0.00457647	0.00201596	2
70.2452	95.2661	0.00465106	0.00203843	2
70.3416	96.1926	0.00472461	0.00206102	2

125	2.01306	-5.00556e-07	1.86524e-07	2
124.991	3.12441	-4.2496e-05	1.54836e-05	2
125.012	4.22565	-8.28854e-05	2.94803e-05	2
125.062	5.30399	-0.000121202	4.20179e-05	2
125.14	6.3477	-0.000157074	5.30045e-05	2
125.247	7.38132	-0.00019137	6.27231e-05	2
125.382	8.39289	-0.000223694	7.10654e-05	2
125.545	9.38266	-0.00025408	7.80593e-05	2
125.734	10.3509	-0.000282562	8.37324e-05	2
125.95	11.298	-0.000309175	8.81125e-05	2
126.193	12.224	-0.000333951	9.12274e-05	2
126.461	13.1295	-0.000356926	9.31048e-05	2
126.755	14.0145	-0.000378132	9.37724e-05	2
127.074	14.8794	-0.000397603	9.3258e-05	2
127.417	15.7244	-0.000415374	9.15893e-05	2
127.784	16.5499	-0.000431479	8.8794e-05	2
128.175	17.3562	-0.000445951	8.49e-05	2
128.59	18.1434	-0.000458823	7.99349e-05	2
129.027	18.9119	-0.000470131	7.39265e-05	2
129.486	19.662	-0.000479908	6.69025e-05	2
129.968	20.3939	-0.000488187	5.88906e-05	2
130.471	21.1079	-0.000495003	4.99187e-05	2
130.995	21.8043	-0.00050039	4.00144e-05	2
131.539	22.4834	-0.000504381	2.92055e-05	2
132.105	23.1454	-0.00050701	1.75197e-05	2
132.689	23.7907	-0.000508311	4.98484e-06	2
133.287	24.4123	-0.000508325	-8.21336e-06	2
133.91	25.025	-0.000507087	-2.23543e-05	2
134.551	25.6218	-0.000504622	-3.72615e-05	2
135.211	26.203	-0.000500964	-5.29072e-05	2
135.889	26.7687	-0.000496147	-6.92636e-05	2
136.583	27.3194	-0.000490205	-8.6303e-05	2
137.295	27.8552	-0.000483172	-0.000103998	2
138.023	28.3765	-0.000475082	-0.00012232	2
138.767	28.8836	-0.000465968	-0.000141242	2
139.526	29.3766	-0.000455865	-0.000160736	2
140.301	29.8559	-0.000444806	-0.000180774	2
141.09	30.3218	-0.000432826	-0.000201329	2
141.894	30.7746	-0.000419958	-0.000222372	2
142.711	31.2145	-0.000406236	-0.000243877	2
143.542	31.6418	-0.000391693	-0.000265815	2
144.386	32.0568	-0.000376365	-0.000288159	2
145.243	32.4597	-0.000360284	-0.00031088	2
146.111	32.8509	-0.000343484	-0.000333952	2
146.992	33.2306	-0.000326	-0.000357345	2
147.883	33.5991	-0.000307866	-0.000381034	2
148.786	33.9567	-0.000289114	-0.000404989	2
149.699	34.3036	-0.00026978	-0.000429184	2
150.621	34.6402	-0.000249896	-0.00045359	2
151.543	34.963	-0.000229735	-0.000477896	2
152.485	35.2798	-0.00020886	-0.000502639	2
153.435	35.5871	-0.000187538	-0.000527512	2
154.393	35.8852	-0.000165801	-0.000552485	2
155.36	36.1742	-0.000143685	-0.000577531	2
156.334	36.4546	-0.000121222	-0.000602622	2
157.315	36.7265	-9.84468e-05	-0.000627731	2
158.302	36.9903	-7.53933e-05	-0.00065283	2
159.296	37.2463	-5.20952e-05	-0.00067789	2
160.295	37.4947	-2.85864e-05	-0.000702885	2
161.3	37.7357	-4.90078e-06	-0.000727787	2
162.309	37.9698	1.89278e-05	-0.000752567	2
163.323	38.1971	4.28653e-05	-0.000777198	2
164.341	38.418	6.68781e-05	-0.000801653	2
165.363	38.6326	9.09322e-05	-0.000825903	2
166.387	38.8414	0.000114994	-0.000849921	2
167.415	39.0445	0.000139029	-0.000873679	2
168.444	39.2423	0.000163003	-0.00089715	2
169.476	39.435	0.000186884	-0.000920305	2
170.509	39.6229	0.000210636	-0.000943117	2
171.543	39.8063	0.000234227	-0.000965559	2
172.578	39.9855	0.000257621	-0.000987601	2
173.613	40.1607	0.000280786	-0.00100922	2
174.648	40.3323	0.000303688	-0.00103038	2
175.67	40.4985	0.000326033	-0.00105083	2
176.703	40.6636	0.00034831	-0.001071	2
177.734	40.8258	0.000370221	-0.00109064	2
178.763	40.9854	0.000391734	-0.00110972	2
179.79	41.1428	0.000412815	-0.0011282	2
180.814	41.2982	0.000433429	-0.00114606	2
181.835	41.4518	0.000453542	-0.00116328	2
182.852	41.604	0.000473121	-0.00117981	2
183.866	41.755	0.000492132	-0.00119565	2
184.874	41.9051	0.000510542	-0.00121075	2
185.878	42.0546	0.000528315	-0.0012251	2
186.876	42.2038	0.000545418	-0.00123866	2
187.869	42.3529	0.000561818	-0.0012514	2
188.855	42.5022	0.000577481	-0.0012633	2
189.834	42.6521	0.000592372	-0.00127434	2
190.807	42.8027	0.000606458	-0.00128447	2
191.772	42.9544	0.000619704	-0.00129368	2
192.729	43.1074	0.000632078	-0.00130193	2
193.677	43.262	0.000643545	-0.00130921	2
194.617	43.4186	0.000654071	-0.00131548	2
195.548	43.5773	0.000663622	-0.00132071	2
196.469	43.7384	0.000672165	-0.00132487	2
197.379	43.9023	0.000679666	-0.00132795	2
198.269	44.0673	0.000686022	-0.00132989	2
199.159	44.2374	0.000691349	-0.00133071	2
200.037	44.4112	0.000695533	-0.00133035	2
200.903	44.5887	0.000698538	-0.0013288	2

