-125.003	2.01004	2.87362e-08	-1.62186e-07	2
-125.264	2.87777	1.52352e-06	-1.40163e-05	2
-125.531	3.76367	1.09711e-06	-2.78408e-05	2
-125.801	4.65739	-1.24025e-06	-4.14704e-05	2
-126.071	5.54824	-5.39071e-06	-5.47487e-05	2
-126.346	6.45663	-1.14122e-05	-6.79816e-05	2
-126.624	7.37193	-1.92281e-05	-8.10105e-05	2
-126.903	8.29386	-2.87995e-05	-9.38323e-05	2
-127.183	9.2221	-4.00874e-05	-0.000106444	2
-127.465	10.1564	-5.30529e-05	-0.000118842	2
-127.747	11.0963	-6.76568e-05	-0.000131025	2
-128.03	12.0417	-8.38604e-05	-0.000142988	2
-128.312	12.9922	-0.000101624	-0.000154728	2
-128.595	13.9475	-0.00012091	-0.000166244	2
-128.877	14.9072	-0.000141679	-0.00017753	2
-129.157	15.8712	-0.000163891	-0.000188586	2
-129.437	16.8391	-0.000187507	-0.000199406	2
-129.714	17.8106	-0.000212489	-0.00020999	2
-129.99	18.7853	-0.000238799	-0.000220332	2
-130.264	19.7631	-0.000266395	-0.000230431	2
-130.534	20.7435	-0.000295241	-0.000240283	2
-130.802	21.7263	-0.000325296	-0.000249886	2
-131.066	22.7112	-0.000356522	-0.000259235	2
-131.327	23.6979	-0.00038888	-0.000268329	2
-131.584	24.686	-0.000422331	-0.000277163	2
-131.836	25.6753	-0.000456835	-0.000285736	2
-132.081	26.6541	-0.000491941	-0.00029395	2
-132.324	27.6449	-0.000528425	-0.000301992	2
-132.561	28.6359	-0.000565847	-0.000309764	2
-132.793	29.6269	-0.000604167	-0.000317261	2
-133.018	30.6175	-0.000643346	-0.000324481	2
-133.237	31.6075	-0.000683346	-0.000331421	2
-133.45	32.5965	-0.000724128	-0.000338078	2
-133.655	33.5844	-0.000765651	-0.000344448	2
-133.853	34.5706	-0.000807879	-0.000350529	2
-134.043	35.555	-0.00085077	-0.000356317	2
-134.225	36.5373	-0.000894288	-0.00036181	2
-134.399	37.5171	-0.000938392	-0.000367004	2
-134.564	38.4941	-0.000983043	-0.000371897	2
-134.72	39.4681	-0.0010282	-0.000376485	2
-134.867	40.4387	-0.00107383	-0.000380765	2
-135.003	41.4056	-0.00111989	-0.000384735	2
-135.13	42.3686	-0.00116634	-0.000388391	2
-135.246	43.3273	-0.00121315	-0.000391729	2
-135.352	44.2814	-0.00126027	-0.000394748	2
-135.446	45.2307	-0.00130766	-0.000397444	2
-135.529	46.1748	-0.00135529	-0.000399814	2
-135.6	47.1134	-0.00140311	-0.000401855	2
-135.659	48.0462	-0.0014511	-0.000403564	2
-135.705	48.9623	-0.00149865	-0.000404923	2
-135.739	49.8827	-0.00154683	-0.000405963	2
-135.759	50.7964	-0.00159505	-0.000406661	2
-135.766	51.7031	-0.00164327	-0.000407014	2
-135.76	52.6025	-0.00169146	-0.000407021	2
-135.739	53.4943	-0.00173958	-0.000406677	2
-135.704	54.3782	-0.00178757	-0.000405979	2
-135.654	55.254	-0.00183542	-0.000404925	2
-135.589	56.1212	-0.00188307	-0.000403512	2
-135.508	56.9796	-0.00193049	-0.000401736	2
-135.411	57.8289	-0.00197764	-0.000399594	2
-135.299	58.6688	-0.00202448	-0.000397084	2
-135.169	59.4989	-0.00207097	-0.000394201	2
-135.023	60.3191	-0.00211707	-0.000390944	2
-134.86	61.1289	-0.00216275	-0.00038731	2
-134.679	61.9281	-0.00220796	-0.000383294	2
-134.481	62.7164	-0.00225267	-0.000378894	2
-134.264	63.4934	-0.00229683	-0.000374108	2
-134.028	64.259	-0.00234042	-0.000368931	2
-133.774	65.0126	-0.00238338	-0.000363361	2
-133.501	65.7542	-0.00242568	-0.000357395	2
-133.207	66.4833	-0.00246728	-0.00035103	2
-132.895	67.1997	-0.00250814	-0.000344262	2
-132.561	67.903	-0.00254822	-0.00033709	2
-132.212	68.5851	-0.00258705	-0.000329598	2
-131.837	69.2616	-0.00262547	-0.00032161	2
-131.442	69.9241	-0.002663	-0.000313208	2
-131.024	70.5724	-0.0026996	-0.000304389	2
-130.585	71.2061	-0.00273522	-0.000295149	2
-130.124	71.825	-0.00276984	-0.000285485	2
-129.64	72.4287	-0.0028034	-0.000275394	2
-129.133	73.0169	-0.00283588	-0.000264875	2
-128.603	73.5894	-0.00286723	-0.000253922	2
-128.049	74.1458	-0.00289741	-0.000242533	2
-127.471	74.6858	-0.00292639	-0.000230706	2
-126.869	75.2092	-0.00295412	-0.000218437	2
-126.243	75.7156	-0.00298057	-0.000205723	2
-125.591	76.2047	-0.00300569	-0.000192561	2
-124.914	76.6763	-0.00302946	-0.000178947	2
-124.212	77.1299	-0.00305182	-0.00016488	2
-123.483	77.5654	-0.00307274	-0.000150356	2
-122.729	77.9824	-0.00309219	-0.000135371	2
-121.947	78.3805	-0.00311012	-0.000119924	2
-121.139	78.7596	-0.00312649	-0.00010401	2
-120.303	79.1193	-0.00314127	-8.76263e-05	2
-119.44	79.4593	-0.00315441	-7.07706e-05	2
-118.548	79.7793	-0.00316588	-5.34395e-05	2
-117.639	80.0757	-0.00317553	-3.58373e-05	2
-116.691	80.355	-0.00318356	-1.75517e-05	2
-115.714	80.6134	-0.00318979	1.21851e-06	2
-114.708	80.8506	-0.0031942	2.04763e-05	2

-74.9996	2.0112	-2.51896e-07	2.52174e-07	2
-74.9784	2.97048	-2.15043e-05	2.10013e-05	2
-74.9918	3.93361	-4.21919e-05	4.01327e-05	2
-75.0393	4.88948	-6.20837e-05	5.74356e-05	2
-75.119	5.82729	-8.09853e-05	7.27832e-05	2
-75.2318	6.76896	-9.93571e-05	8.65734e-05	2
-75.3763	7.70361	-0.000116996	9.8659e-05	2
-75.5516	8.63132	-0.000133923	0.000109081	2
-75.7567	9.55219	-0.000150158	0.000117882	2
-75.991	10.4663	-0.000165724	0.000125103	2
-76.2536	11.3737	-0.000180641	0.000130784	2
-76.5437	12.2746	-0.000194929	0.000134969	2
-76.8603	13.1689	-0.000208611	0.000137697	2
-77.2027	14.0568	-0.000221707	0.000139011	2
-77.5701	14.9383	-0.000234237	0.000138952	2
-77.9616	15.8136	-0.000246224	0.000137562	2
-78.3763	16.6827	-0.000257688	0.000134881	2
-78.8135	17.5457	-0.000268649	0.000130952	2
-79.2723	18.4028	-0.00027913	0.000125815	2
-79.7518	19.2539	-0.000289151	0.000119513	2
-80.2513	20.0991	-0.000298732	0.000112086	2
-80.77	20.9386	-0.000307896	0.000103577	2
-81.3068	21.7724	-0.000316663	9.40262e-05	2
-81.8612	22.6007	-0.000325053	8.34755e-05	2
-82.4321	23.4234	-0.000333089	7.19662e-05	2
-83.0188	24.2408	-0.00034079	5.95398e-05	2
-83.6134	25.0434	-0.000348096	4.63956e-05	2
-84.229	25.8503	-0.000355196	3.22689e-05	2
-84.8578	26.6519	-0.000362024	1.73489e-05	2
-85.4991	27.4484	-0.000368603	1.67724e-06	2
-86.152	28.24	-0.000374952	-1.47047e-05	2
-86.8156	29.0266	-0.000381093	-3.17555e-05	2
-87.4892	29.8084	-0.000387047	-4.94337e-05	2
-88.1719	30.5855	-0.000392834	-6.76979e-05	2
-88.8629	31.3579	-0.000398476	-8.65065e-05	2
-89.5613	32.1257	-0.000403994	-0.000105818	2
-90.2664	32.889	-0.000409409	-0.000125591	2
-90.9771	33.6479	-0.000414742	-0.000145785	2
-91.6929	34.4025	-0.000420013	-0.000166357	2
-92.4127	35.1529	-0.000425244	-0.000187266	2
-93.1358	35.8991	-0.000430456	-0.000208471	2
-93.8613	36.6412	-0.00043567	-0.000229931	2
-94.5884	37.3793	-0.000440906	-0.000251603	2
-95.3163	38.1135	-0.000446187	-0.000273447	2
-96.0441	38.8439	-0.000451532	-0.000295421	2
-96.771	39.5706	-0.000456962	-0.000317483	2
-97.4962	40.2936	-0.0004625	-0.000339593	2
-98.2188	41.013	-0.000468165	-0.000361708	2
-98.938	41.729	-0.00047398	-0.000383787	2
-99.6448	42.4334	-0.000479894	-0.000405537	2
-100.355	43.1426	-0.000486066	-0.000427422	2
-101.059	43.8487	-0.00049245	-0.000449147	2
-101.756	44.5515	-0.000499067	-0.000470672	2
-102.446	45.2514	-0.000505937	-0.000491953	2
-103.127	45.9482	-0.000513081	-0.000512951	2
-103.799	46.6421	-0.000520521	-0.000533623	2
-104.461	47.3333	-0.000528278	-0.000553928	2
-105.113	48.0217	-0.000536372	-0.000573825	2
-105.752	48.7074	-0.000544825	-0.000593272	2
-106.379	49.3906	-0.000553658	-0.000612228	2
-106.992	50.0713	-0.000562891	-0.000630651	2
-107.591	50.7496	-0.000572545	-0.0006485	2
-108.176	51.4256	-0.000582642	-0.000665734	2
-108.744	52.0994	-0.000593203	-0.00068231	2
-109.295	52.7711	-0.000604248	-0.000698188	2
-109.829	53.4407	-0.000615799	-0.000713325	2
-110.345	54.1083	-0.000627876	-0.000727682	2
-110.841	54.774	-0.000640501	-0.000741215	2
-111.317	55.4379	-0.000653694	-0.000753884	2
-111.772	56.1001	-0.000667477	-0.000765648	2
-112.206	56.7607	-0.000681871	-0.000776464	2
-112.617	57.4197	-0.000696896	-0.000786292	2
-113.004	58.0772	-0.000712573	-0.000795089	2
-113.363	58.7258	-0.000728733	-0.000802733	2
-113.702	59.3807	-0.00074577	-0.000809359	2
-114.014	60.0344	-0.000763524	-0.000814831	2
-114.3	60.6869	-0.000782013	-0.000819107	2
-114.559	61.3384	-0.00080126	-0.000822147	2
-114.788	61.9889	-0.000821285	-0.000823909	2
-114.989	62.6385	-0.000842109	-0.00082435	2
-115.16	63.2873	-0.000863754	-0.000823431	2
-115.299	63.9354	-0.00088624	-0.000821108	2
-115.407	64.5829	-0.000909588	-0.000817342	2
-115.482	65.2299	-0.00093382	-0.00081209	2
-115.524	65.8763	-0.000958956	-0.000805311	2
-115.532	66.5224	-0.000985017	-0.000796964	2
-115.504	67.1683	-0.00101203	-0.000787006	2
-115.441	67.8139	-0.00104	-0.000775398	2
-115.341	68.4593	-0.00106896	-0.000762096	2
-115.203	69.1048	-0.00109894	-0.00074706	2
-115.027	69.7503	-0.00112994	-0.000730249	2
-114.812	70.3959	-0.00116199	-0.00071162	2
-114.556	71.0417	-0.00119512	-0.000691133	2
-114.26	71.6878	-0.00122934	-0.000668745	2
-113.922	72.3343	-0.00126468	-0.000644417	2
-113.541	72.9813	-0.00130115	-0.000618105	2
-113.122	73.6214	-0.00133833	-0.000590106	2
-112.654	74.2695	-0.00137712	-0.000559728	2
-112.141	74.9183	-0.00141711	-0.000527243	2
-111.582	75.568	-0.00145832	-0.00049261	2

-25.0032	2.01216	-5.02109e-07	3.88064e-07	2
-25.2876	3.04799	-4.32179e-05	3.302e-05	2
-25.597	4.07547	-8.55071e-05	6.45542e-05	2
-25.928	5.08278	-0.000126887	9.4625e-05	2
-26.2759	6.05903	-0.000166918	0.000122934	2
-26.6483	7.02727	-0.00020655	0.000150161	2
-27.0411	7.97636	-0.000245331	0.000175991	2
-27.4536	8.90665	-0.000283283	0.000200447	2
-27.8856	9.81848	-0.000320425	0.000223551	2
-28.3366	10.7122	-0.000356776	0.000245325	2
-28.8061	11.5882	-0.000392356	0.000265791	2
-29.2939	12.4467	-0.000427186	0.000284972	2
-29.7993	13.2881	-0.000461285	0.000302891	2
-30.3222	14.1128	-0.000494672	0.000319568	2
-30.8619	14.9211	-0.000527368	0.000335028	2
-31.4181	15.7133	-0.000559392	0.000349292	2
-31.9904	16.4899	-0.000590764	0.000362381	2
-32.5784	17.251	-0.000621505	0.00037432	2
-33.1816	17.9971	-0.000651632	0.00038513	2
-33.7997	18.7286	-0.000681168	0.000394832	2
-34.4322	19.4456	-0.000710131	0.000403451	2
-35.0787	20.1487	-0.00073854	0.000411007	2
-35.7387	20.8381	-0.000766417	0.000417524	2
-36.412	21.5143	-0.00079378	0.000423023	2
-37.0979	22.1774	-0.00082065	0.000427527	2
-37.7962	22.8279	-0.000847046	0.000431058	2
-38.4982	23.4588	-0.000872692	0.000433614	2
-39.2198	24.0852	-0.000898205	0.000435276	2
-39.9525	24.7	-0.000923303	0.000436033	2
-40.6958	25.3036	-0.000948007	0.000435906	2
-41.4494	25.8962	-0.000972335	0.000434917	2
-42.2129	26.4782	-0.000996308	0.000433089	2
-42.9857	27.05	-0.00101995	0.000430444	2
-43.7676	27.6119	-0.00104327	0.000427004	2
-44.558	28.1643	-0.00106629	0.000422792	2
-45.3566	28.7074	-0.00108904	0.00041783	2
-46.163	29.2417	-0.00111154	0.000412141	2
-46.9767	29.7674	-0.0011338	0.000405746	2
-47.7973	30.285	-0.00115584	0.000398667	2
-48.6244	30.7947	-0.00117768	0.000390929	2
-49.4576	31.297	-0.00119935	0.000382551	2
-50.2964	31.792	-0.00122086	0.000373558	2
-51.1405	32.2803	-0.00124223	0.00036397	2
-51.9895	32.7621	-0.00126348	0.000353811	2
-52.8428	33.2378	-0.00128464	0.000343103	2
-53.7002	33.7077	-0.00130572	0.000331868	2
-54.5611	34.1722	-0.00132674	0.000320129	2
-55.4252	34.6315	-0.00134772	0.000307907	2
-56.2921	35.0861	-0.00136868	0.000295225	2
-57.1513	35.5312	-0.0013894	0.000282259	2
-58.0223	35.9773	-0.00141039	0.000268728	2
-58.8949	36.4198	-0.00143141	0.000254805	2
-59.7686	36.8588	-0.00145249	0.00024051	2
-60.6429	37.2949	-0.00147366	0.000225867	2
-61.5175	37.7282	-0.00149492	0.000210897	2
-62.392	38.1591	-0.00151631	0.000195624	2
-63.2658	38.588	-0.00153783	0.000180068	2
-64.1387	39.0153	-0.00155951	0.000164253	2
-65.0101	39.4412	-0.00158137	0.000148201	2
-65.8797	39.8662	-0.00160343	0.000131935	2
-66.7471	40.2905	-0.00162571	0.000115475	2
-67.6117	40.7144	-0.00164823	9.88458e-05	2
-68.4734	41.1385	-0.001671	8.20684e-05	2
-69.3315	41.5629	-0.00169406	6.51654e-05	2
-70.1857	41.988	-0.00171741	4.81592e-05	2
-71.0355	42.4142	-0.00174108	3.10719e-05	2
-71.8806	42.8418	-0.00176508	1.3926e-05	2
-72.7206	43.2712	-0.00178944	-3.25617e-06	2
-73.5549	43.7026	-0.00181418	-2.04524e-05	2
-74.3833	44.1365	-0.00183932	-3.76404e-05	2
-75.2052	44.5732	-0.00186487	-5.47978e-05	2
-76.0203	45.013	-0.00189086	-7.19022e-05	2
-76.8282	45.4562	-0.0019173	-8.89315e-05	2
-77.6192	45.8982	-0.00194391	-0.000105669	2
-78.4114	46.3493	-0.00197132	-0.000122483	2
-79.1951	46.805	-0.00199925	-0.000139154	2
-79.9699	47.2655	-0.00202771	-0.000155662	2
-80.7354	47.7311	-0.00205672	-0.000171982	2
-81.4911	48.2023	-0.00208631	-0.000188094	2
-82.2367	48.6794	-0.00211649	-0.000203975	2
-82.9716	49.1626	-0.00214729	-0.000219603	2
-83.6956	49.6524	-0.00217872	-0.000234954	2
-84.4082	50.1491	-0.00221081	-0.000250008	2
-85.1089	50.653	-0.00224357	-0.000264741	2
-85.7974	51.1645	-0.00227702	-0.000279132	2
-86.4732	51.6839	-0.00231119	-0.000293158	2
-87.1359	52.2116	-0.00234609	-0.000306796	2
-87.7851	52.7478	-0.00238174	-0.000320025	2
-88.4205	53.293	-0.00241816	-0.000332821	2
-89.0414	53.8475	-0.00245538	-0.000345164	2
-89.6477	54.4116	-0.0024934	-0.00035703	2
-90.2387	54.9857	-0.00253226	-0.000368397	2
-90.8142	55.5701	-0.00257198	-0.000379243	2
-91.3737	56.1652	-0.00261256	-0.000389546	2
-91.9168	56.7713	-0.00265403	-0.000399283	2
-92.443	57.3887	-0.00269642	-0.000408431	2
-92.9463	58.0105	-0.00273923	-0.000416875	2
-93.4378	58.6515	-0.00278349	-0.000424788	2
-93.9112	59.3048	-0.00282871	-0.000432046	2
-94.3662	59.9709	-0.00287493	-0.000438627	2

24.9975	2.01075	-7.28997e-07	9.53051e-08	2
24.7852	2.93486	-6.11856e-05	8.58985e-06	2
24.5713	3.86938	-0.000117886	1.77771e-05	2
24.3585	4.80357	-0.000170165	2.75525e-05	2
24.1491	5.72669	-0.000217557	3.77844e-05	2
23.9382	6.66021	-0.000261227	4.87017e-05	2
23.7284	7.59337	-0.000300661	6.01795e-05	2
23.5196	8.52619	-0.000335923	7.22083e-05	2
23.3119	9.45865	-0.000367073	8.4779e-05	2
23.1053	10.3908	-0.000394176	9.78824e-05	2
22.8998	11.3225	-0.000417293	0.000111509	2
22.6954	12.2539	-0.000436487	0.00012565	2
22.4921	13.1849	-0.00045182	0.000140295	2
22.29	14.1155	-0.000463355	0.000155436	2
22.089	15.0458	-0.000471154	0.000171063	2
21.8893	15.9757	-0.00047528	0.000187167	2
21.6907	16.9052	-0.000475795	0.000203739	2
21.4934	17.8343	-0.000472762	0.000220769	2
21.2973	18.763	-0.000466244	0.000238249	2
21.1025	19.6914	-0.000456302	0.000256168	2
20.9089	20.6193	-0.000443	0.000274517	2
20.7166	21.5468	-0.000426399	0.000293289	2
20.5256	22.474	-0.000406563	0.000312472	2
20.336	23.4007	-0.000383553	0.000332057	2
20.1477	24.327	-0.000357433	0.000352037	2
19.9607	25.2529	-0.000328264	0.0003724	2
19.7772	26.1677	-0.000296496	0.000392898	2
19.593	27.0928	-0.000261452	0.000413998	2
19.4102	28.0174	-0.000223546	0.000435455	2
19.2289	28.9416	-0.000182842	0.000457258	2
19.0489	29.8654	-0.0001394	0.0004794	2
18.8704	30.7887	-9.32851e-05	0.00050187	2
18.6934	31.7116	-4.45584e-05	0.00052466	2
18.5179	32.6341	6.71739e-06	0.00054776	2
18.3439	33.5561	6.04797e-05	0.000571161	2
18.1714	34.4776	0.000116666	0.000594853	2
18.0005	35.3987	0.000175214	0.000618827	2
17.8311	36.3194	0.000236061	0.000643075	2
17.6633	37.2395	0.000299144	0.000667586	2
17.4971	38.1592	0.000364402	0.000692352	2
17.3325	39.0785	0.000431771	0.000717363	2
17.1696	39.9973	0.000501189	0.00074261	2
17.0082	40.9155	0.000572593	0.000768084	2
16.8486	41.8333	0.000645922	0.000793775	2
16.6906	42.7507	0.000721112	0.000819674	2
16.5343	43.6675	0.000798102	0.000845772	2
16.3797	44.5839	0.000876827	0.00087206	2
16.2269	45.4997	0.000957227	0.000898528	2
16.0758	46.4151	0.00103924	0.000925166	2
15.9282	47.3194	0.00112183	0.000951658	2
15.7806	48.2337	0.00120686	0.000978609	2
15.6348	49.1476	0.00129332	0.0010057	2
15.4908	50.0609	0.00138113	0.00103293	2
15.3487	50.9737	0.00147025	0.00106029	2
15.2084	51.886	0.00156061	0.00108776	2
15.07	52.7978	0.00165214	0.00111533	2
14.9335	53.709	0.00174478	0.001143	2
14.7989	54.6197	0.00183847	0.00117076	2
14.6661	55.5299	0.00193315	0.0011986	2
14.5353	56.4395	0.00202876	0.00122651	2
14.4065	57.3486	0.00212522	0.00125447	2
14.2796	58.2572	0.00222249	0.00128249	2
14.1548	59.1652	0.00232049	0.00131055	2
14.0319	60.0726	0.00241917	0.00133864	2
13.911	60.9795	0.00251846	0.00136676	2
13.7922	61.8858	0.00261831	0.00139488	2
13.6754	62.7916	0.00271863	0.00142301	2
13.5607	63.6968	0.00281939	0.00145114	2
13.4481	64.6014	0.0029205	0.00147925	2
13.3376	65.5055	0.00302192	0.00150734	2
13.2292	66.4089	0.00312357	0.0015354	2
13.1229	67.3118	0.0032254	0.00156341	2
13.0188	68.2141	0.00332734	0.00159137	2
12.918	69.1055	0.00342816	0.00161895	2
12.8182	70.0066	0.00353014	0.00164678	2
12.7207	70.9071	0.00363205	0.00167454	2
12.6253	71.8071	0.00373381	0.0017022	2
12.5322	72.7064	0.00383538	0.00172977	2
12.4414	73.6051	0.00393669	0.00175723	2
12.3528	74.5032	0.00403767	0.00178457	2
12.2665	75.4007	0.00413827	0.00181179	2
12.1825	76.2976	0.00423841	0.00183887	2
12.1009	77.1939	0.00433805	0.00186581	2
12.0215	78.0895	0.00443711	0.0018926	2
11.9446	78.9845	0.00453553	0.00191922	2
11.87	79.8789	0.00463326	0.00194567	2
11.7978	80.7726	0.00473022	0.00197194	2
11.728	81.6657	0.00482636	0.00199802	2
11.6606	82.5582	0.00492161	0.0020239	2
11.5957	83.45	0.00501591	0.00204957	2
11.5333	84.3411	0.00510921	0.00207502	2
11.4733	85.2316	0.00520142	0.00210025	2
11.4158	86.1215	0.0052925	0.00212524	2
11.3608	87.0107	0.00538238	0.00214998	2
11.3084	87.8992	0.005471	0.00217447	2
11.2585	88.787	0.0055583	0.00219869	2
11.2116	89.664	0.00564323	0.00222236	2
11.1668	90.5505	0.0057277	0.00224603	2
11.1246	91.4363	0.00581067	0.00226941	2
11.0851	92.3215	0.00589206	0.00229248	2

75.0005	2.01276	-3.01144e-07	1.456e-07	2
75.0524	3.09982	-2.49063e-05	1.16057e-05	2
75.1302	4.17968	-4.72255e-05	2.10866e-05	2
75.2332	5.23982	-6.70019e-05	2.84776e-05	2
75.3593	6.26861	-8.40952e-05	3.37637e-05	2
75.5111	7.29018	-9.89469e-05	3.71023e-05	2
75.6869	8.2927	-0.000111388	3.84549e-05	2
75.8864	9.27637	-0.000121464	3.78564e-05	2
76.1092	10.2414	-0.000129218	3.53414e-05	2
76.355	11.1881	-0.000134694	3.09449e-05	2
76.6233	12.1166	-0.000137938	2.47017e-05	2
76.9139	13.0271	-0.000138993	1.66464e-05	2
77.2264	13.92	-0.000137904	6.81394e-06	2
77.5605	14.7953	-0.000134716	-4.76094e-06	2
77.9156	15.6533	-0.000129471	-1.80434e-05	2
78.2917	16.4943	-0.000122216	-3.29987e-05	2
78.6881	17.3184	-0.000112993	-4.95921e-05	2
79.1047	18.126	-0.000101848	-6.77886e-05	2
79.541	18.9171	-8.88252e-05	-8.75536e-05	2
79.9967	19.6921	-7.39683e-05	-0.000108852	2
80.4714	20.4511	-5.7322e-05	-0.00013165	2
80.9647	21.1944	-3.89306e-05	-0.000155911	2
81.4764	21.9223	-1.88384e-05	-0.000181602	2
82.006	22.6348	2.9102e-06	-0.000208688	2
82.5533	23.3323	2.62709e-05	-0.000237133	2
83.1177	24.0149	5.11993e-05	-0.000266903	2
83.6923	24.6754	7.73386e-05	-0.000297598	2
84.29	25.3292	0.000105253	-0.0003299	2
84.9038	25.9688	0.000134602	-0.000363422	2
85.5335	26.5945	0.000165342	-0.00039813	2
86.1786	27.2065	0.000197429	-0.000433989	2
86.8388	27.805	0.000230818	-0.000470965	2
87.5137	28.3902	0.000265464	-0.000509023	2
88.2031	28.9624	0.000301324	-0.000548128	2
88.9064	29.5217	0.000338354	-0.000588245	2
89.6234	30.0685	0.000376508	-0.000629339	2
90.3538	30.6028	0.000415742	-0.000671376	2
91.097	31.125	0.000456013	-0.00071432	2
91.8529	31.6352	0.000497275	-0.000758138	2
92.621	32.1338	0.000539485	-0.000802794	2
93.401	32.6208	0.000582598	-0.000848253	2
94.1925	33.0965	0.000626569	-0.000894481	2
94.9951	33.5613	0.000671355	-0.000941443	2
95.8086	34.0151	0.000716911	-0.000989103	2
96.6325	34.4584	0.000763193	-0.00103743	2
97.4665	34.8913	0.000810156	-0.00108638	2
98.3102	35.3141	0.000857756	-0.00113593	2
99.1633	35.7269	0.000905949	-0.00118604	2
100.025	36.1299	0.00095469	-0.00123667	2
100.886	36.5191	0.00100337	-0.00128721	2
101.765	36.9035	0.00105307	-0.00133878	2
102.652	37.2789	0.00110318	-0.00139078	2
103.547	37.6455	0.00115367	-0.00144316	2
104.448	38.0034	0.00120448	-0.0014959	2
105.357	38.353	0.00125558	-0.00154895	2
106.272	38.6944	0.00130691	-0.00160228	2
107.194	39.0279	0.00135844	-0.00165586	2
108.121	39.3537	0.00141012	-0.00170965	2
109.053	39.672	0.0014619	-0.00176362	2
109.991	39.983	0.00151375	-0.00181773	2
110.933	40.287	0.00156561	-0.00187195	2
111.88	40.5842	0.00161745	-0.00192624	2
112.831	40.8747	0.00166921	-0.00198057	2
113.785	41.1589	0.00172085	-0.00203491	2
114.743	41.4369	0.00177234	-0.00208921	2
115.704	41.709	0.00182362	-0.00214345	2
116.667	41.9754	0.00187465	-0.00219759	2
117.632	42.2363	0.00192539	-0.00225159	2
118.6	42.492	0.00197578	-0.00230542	2
119.569	42.7426	0.0020258	-0.00235905	2
120.539	42.9884	0.00207539	-0.00241243	2
121.51	43.2296	0.00212451	-0.00246554	2
122.481	43.4664	0.00217311	-0.00251835	2
123.441	43.6964	0.00222061	-0.0025702	2
124.412	43.9252	0.00226805	-0.00262229	2
125.383	44.1503	0.00231485	-0.00267396	2
126.352	44.3719	0.00236096	-0.00272518	2
127.32	44.5902	0.00240632	-0.00277591	2
128.287	44.8055	0.00245091	-0.00282613	2
129.251	45.018	0.00249468	-0.0028758	2
130.213	45.2278	0.00253757	-0.00292488	2
131.172	45.4354	0.00257955	-0.00297334	2
132.128	45.6407	0.00262057	-0.00302114	2
133.081	45.8442	0.00266059	-0.00306825	2
134.029	46.0459	0.00269956	-0.00311463	2
134.974	46.2462	0.00273744	-0.00316025	2
135.914	46.4452	0.00277418	-0.00320507	2
136.849	46.6431	0.00280974	-0.00324907	2
137.778	46.8403	0.00284408	-0.00329219	2
138.703	47.0368	0.00287715	-0.00333442	2
139.621	47.233	0.00290891	-0.00337571	2
140.532	47.4291	0.00293931	-0.00341603	2
141.438	47.6252	0.00296831	-0.00345535	2
142.336	47.8216	0.00299586	-0.00349363	2
143.226	48.0186	0.00302192	-0.00353083	2
144.109	48.2163	0.00304644	-0.00356692	2
144.974	48.4126	0.00306914	-0.00360147	2
145.84	48.6125	0.00309048	-0.00363526	2
146.697	48.8137	0.00311015	-0.00366783	2
147.545	49.0166	0.00312812	-0.00369915	2

124.994	2.01201	-6.20842e-07	1.68897e-07	2
124.478	3.04094	-5.32345e-05	1.4465e-05	2
123.988	4.07353	-0.000104905	2.84685e-05	2
123.53	5.09778	-0.00015503	4.20132e-05	2
123.109	6.10206	-0.000203078	5.49542e-05	2
122.714	7.10971	-0.000250183	6.75952e-05	2
122.35	8.10903	-0.000295796	7.97858e-05	2
122.017	9.1	-0.000339934	9.15289e-05	2
121.715	10.0826	-0.000382617	0.000102827	2
121.442	11.0569	-0.000423862	0.000113684	2
121.199	12.0229	-0.000463686	0.000124101	2
120.985	12.9805	-0.000502108	0.000134082	2
120.799	13.9298	-0.000539146	0.00014363	2
120.643	14.8708	-0.000574818	0.000152747	2
120.514	15.8034	-0.000609141	0.000161435	2
120.413	16.7277	-0.000642134	0.000169699	2
120.34	17.6436	-0.000673815	0.000177541	2
120.293	18.5512	-0.000704201	0.000184963	2
120.273	19.4505	-0.000733311	0.000191968	2
120.279	20.3415	-0.000761163	0.00019856	2
120.311	21.2241	-0.000787774	0.000204741	2
120.368	22.0985	-0.000813162	0.000210513	2
120.451	22.9645	-0.000837346	0.00021588	2
120.558	23.8221	-0.000860343	0.000220844	2
120.689	24.6715	-0.000882172	0.000225408	2
120.845	25.5125	-0.00090285	0.000229575	2
121.021	26.3357	-0.000922177	0.000233307	2
121.223	27.1602	-0.00094062	0.000236693	2
121.448	27.9763	-0.000957967	0.00023969	2
121.695	28.7842	-0.000974234	0.000242302	2
121.965	29.5837	-0.00098944	0.00024453	2
122.256	30.3749	-0.0010036	0.000246379	2
122.568	31.1578	-0.00101674	0.000247849	2
122.901	31.9324	-0.00102887	0.000248946	2
123.255	32.6987	-0.00104001	0.00024967	2
123.629	33.4567	-0.00105018	0.000250025	2
124.023	34.2063	-0.0010594	0.000250014	2
124.436	34.9477	-0.00106768	0.00024964	2
124.869	35.6808	-0.00107505	0.000248905	2
125.32	36.4055	-0.00108151	0.000247812	2
125.79	37.1219	-0.0010871	0.000246364	2
126.277	37.8301	-0.00109182	0.000244564	2
126.782	38.5299	-0.00109569	0.000242415	2
127.304	39.2214	-0.00109874	0.000239919	2
127.844	39.9047	-0.00110098	0.000237079	2
128.399	40.5796	-0.00110243	0.000233898	2
128.971	41.2462	-0.0011031	0.000230379	2
129.558	41.9046	-0.00110302	0.000226525	2
130.161	42.5546	-0.0011022	0.000222338	2
130.771	43.189	-0.00110068	0.000217875	2
131.404	43.8226	-0.00109844	0.000213035	2
132.05	44.4478	-0.00109553	0.000207871	2
132.71	45.0648	-0.00109194	0.000202386	2
133.384	45.6735	-0.00108771	0.000196581	2
134.07	46.2739	-0.00108285	0.000190462	2
134.77	46.866	-0.00107738	0.000184029	2
135.482	47.4498	-0.00107131	0.000177286	2
136.206	48.0253	-0.00106466	0.000170235	2
136.941	48.5925	-0.00105746	0.000162881	2
137.688	49.1515	-0.00104972	0.000155224	2
138.445	49.7022	-0.00104145	0.000147268	2
139.213	50.2445	-0.00103269	0.000139016	2
139.991	50.7787	-0.00102343	0.000130471	2
140.779	51.3045	-0.00101371	0.000121636	2
141.576	51.822	-0.00100353	0.000112512	2
142.382	52.3313	-0.000992926	0.000103104	2
143.196	52.8323	-0.000981905	9.34136e-05	2
144.019	53.3251	-0.000970487	8.34439e-05	2
144.85	53.8095	-0.000958691	7.31976e-05	2
145.688	54.2857	-0.000946534	6.26776e-05	2
146.534	54.7536	-0.000934035	5.18868e-05	2
147.386	55.2132	-0.000921211	4.08278e-05	2
148.244	55.6646	-0.000908081	2.95035e-05	2
149.099	56.1027	-0.000894817	1.80514e-05	2
149.968	56.5376	-0.00088113	6.20792e-06	2
150.844	56.9643	-0.00086719	-5.89248e-06	2
151.724	57.3827	-0.000853015	-1.8247e-05	2
152.608	57.7928	-0.000838623	-3.08528e-05	2
153.497	58.1947	-0.000824032	-4.37071e-05	2
154.389	58.5883	-0.00080926	-5.68072e-05	2
155.285	58.9736	-0.000794325	-7.01501e-05	2
156.183	59.3507	-0.000779244	-8.37331e-05	2
157.085	59.7195	-0.000764037	-9.75534e-05	2
157.988	60.0801	-0.00074872	-0.000111608	2
158.894	60.4324	-0.000733311	-0.000125895	2
159.8	60.7765	-0.00071783	-0.00014041	2
160.708	61.1123	-0.000702293	-0.000155151	2
161.617	61.4399	-0.000686719	-0.000170116	2
162.526	61.7592	-0.000671125	-0.000185301	2
163.435	62.0702	-0.00065553	-0.000200704	2
164.344	62.373	-0.000639951	-0.000216321	2
165.252	62.6676	-0.000624407	-0.000232151	2
166.159	62.9539	-0.000608915	-0.00024819	2
167.064	63.232	-0.000593494	-0.000264435	2
167.967	63.5018	-0.000578161	-0.000280884	2
168.869	63.7634	-0.000562934	-0.000297534	2
169.757	64.0138	-0.000548005	-0.000314187	2
170.652	64.259	-0.000533043	-0.000331228	2
171.544	64.496	-0.000518241	-0.000348461	2
172.433	64.7247	-0.000503618	-0.000365884	2

