-125.003	2.01001	2.691e-07	7.31284e-08	2
-125.237	2.8736	2.20616e-05	5.92557e-06	2
-125.488	3.75254	4.14208e-05	1.09839e-05	2
-125.753	4.63661	5.81222e-05	1.51991e-05	2
-126.027	5.51536	7.20628e-05	1.85612e-05	2
-126.317	6.40901	8.36108e-05	2.11722e-05	2
-126.618	7.30717	9.26335e-05	2.30126e-05	2
-126.931	8.20963	9.91755e-05	2.41068e-05	2
-127.255	9.11617	0.000103281	2.44789e-05	2
-127.589	10.0266	0.000104994	2.41532e-05	2
-127.933	10.9406	0.00010436	2.3154e-05	2
-128.287	11.8582	0.000101423	2.15056e-05	2
-128.648	12.7789	9.62261e-05	1.92321e-05	2
-129.019	13.7027	8.88152e-05	1.63578e-05	2
-129.396	14.6294	7.92342e-05	1.2907e-05	2
-129.781	15.5586	6.75275e-05	8.904e-06	2
-130.173	16.4902	5.37394e-05	4.37296e-06	2
-130.57	17.424	3.79145e-05	-6.61851e-07	2
-130.974	18.3598	2.00969e-05	-6.17616e-06	2
-131.382	19.2974	3.31289e-07	-1.21457e-05	2
-131.794	20.2365	-2.13381e-05	-1.85463e-05	2
-132.211	21.177	-4.48669e-05	-2.53536e-05	2
-132.631	22.1186	-7.02106e-05	-3.25434e-05	2
-133.054	23.0611	-9.73249e-05	-4.00914e-05	2
-133.479	24.0044	-0.000126165	-4.79735e-05	2
-133.906	24.9481	-0.000156688	-5.61652e-05	2
-134.33	25.8813	-0.000188469	-6.45435e-05	2
-134.759	26.8254	-0.000222203	-7.32791e-05	2
-135.188	27.7694	-0.000257487	-8.2252e-05	2
-135.617	28.7131	-0.000294275	-9.14378e-05	2
-136.046	29.6562	-0.000332524	-0.000100812	2
-136.473	30.5986	-0.000372189	-0.000110352	2
-136.898	31.54	-0.000413225	-0.000120031	2
-137.321	32.4802	-0.000455589	-0.000129826	2
-137.741	33.4191	-0.000499235	-0.000139713	2
-138.157	34.3563	-0.00054412	-0.000149668	2
-138.569	35.2918	-0.000590199	-0.000159666	2
-138.977	36.2252	-0.000637427	-0.000169682	2
-139.38	37.1564	-0.00068576	-0.000179694	2
-139.777	38.0851	-0.000735155	-0.000189676	2
-140.168	39.0112	-0.000785565	-0.000199604	2
-140.553	39.9345	-0.000836948	-0.000209454	2
-140.93	40.8546	-0.000889259	-0.000219202	2
-141.3	41.7715	-0.000942452	-0.000228823	2
-141.661	42.6849	-0.000996485	-0.000238294	2
-142.014	43.5946	-0.00105131	-0.000247589	2
-142.357	44.5004	-0.00110689	-0.000256685	2
-142.691	45.4021	-0.00116317	-0.000265558	2
-143.014	46.2994	-0.00122012	-0.000274183	2
-143.323	47.1819	-0.00127701	-0.000282441	2
-143.624	48.07	-0.00133514	-0.000290501	2
-143.913	48.9531	-0.00139379	-0.000298241	2
-144.19	49.8311	-0.00145293	-0.000305636	2
-144.453	50.7036	-0.00151251	-0.000312662	2
-144.703	51.5706	-0.00157249	-0.000319296	2
-144.939	52.4318	-0.00163282	-0.000325512	2
-145.161	53.2869	-0.00169345	-0.000331286	2
-145.367	54.1359	-0.00175434	-0.000336595	2
-145.558	54.9783	-0.00181546	-0.000341413	2
-145.733	55.8142	-0.00187674	-0.000345718	2
-145.891	56.6432	-0.00193816	-0.000349483	2
-146.032	57.4651	-0.00199966	-0.000352686	2
-146.155	58.2797	-0.0020612	-0.000355302	2
-146.259	59.0869	-0.00212274	-0.000357307	2
-146.345	59.8863	-0.00218423	-0.000358675	2
-146.412	60.6779	-0.00224562	-0.000359385	2
-146.458	61.4613	-0.00230688	-0.00035941	2
-146.485	62.2364	-0.00236796	-0.000358726	2
-146.49	63.0029	-0.00242881	-0.00035731	2
-146.474	63.7607	-0.00248939	-0.000355138	2
-146.436	64.5095	-0.00254965	-0.000352184	2
-146.375	65.2492	-0.00260956	-0.000348425	2
-146.291	65.9795	-0.00266906	-0.000343836	2
-146.185	66.6919	-0.00272744	-0.000338461	2
-146.054	67.4029	-0.00278601	-0.00033215	2
-145.898	68.1039	-0.00284404	-0.000324938	2
-145.717	68.7947	-0.00290149	-0.000316799	2
-145.511	69.475	-0.00295831	-0.000307709	2
-145.278	70.1447	-0.00301447	-0.000297645	2
-145.018	70.8035	-0.00306991	-0.000286581	2
-144.731	71.4513	-0.0031246	-0.000274495	2
-144.417	72.0878	-0.00317848	-0.00026136	2
-144.074	72.7128	-0.00323151	-0.000247154	2
-143.702	73.3261	-0.00328366	-0.000231852	2
-143.3	73.9275	-0.00333487	-0.000215429	2
-142.869	74.5168	-0.00338509	-0.000197862	2
-142.407	75.0938	-0.0034343	-0.000179126	2
-141.915	75.6582	-0.00348243	-0.000159196	2
-141.39	76.2098	-0.00352945	-0.00013805	2
-140.834	76.7486	-0.00357531	-0.000115661	2
-140.245	77.2741	-0.00361997	-9.20072e-05	2
-139.623	77.7863	-0.00366339	-6.7063e-05	2
-138.968	78.2848	-0.00370551	-4.08043e-05	2
-138.278	78.7696	-0.0037463	-1.3207e-05	2
-137.553	79.2404	-0.00378571	1.57532e-05	2
-136.793	79.6969	-0.00382369	4.61005e-05	2
-136.007	80.134	-0.0038598	7.7486e-05	2
-135.176	80.5617	-0.00389482	0.000110664	2
-134.308	80.9744	-0.00392828	0.000145301	2
-133.402	81.3722	-0.00396014	0.000181422	2

-75.0007	2.0121	-8.72365e-08	2.79293e-08	2
-75.0757	3.0455	-7.25762e-06	2.05152e-06	2
-75.1816	4.07622	-1.38614e-05	3.35156e-06	2
-75.3169	5.09243	-1.98383e-05	3.92122e-06	2
-75.479	6.08295	-2.51568e-05	3.78718e-06	2
-75.671	7.07107	-2.9967e-05	2.96722e-06	2
-75.8903	8.04547	-3.42308e-05	1.47997e-06	2
-76.1364	9.00639	-3.7975e-05	-6.53468e-07	2
-76.4084	9.95411	-4.12264e-05	-3.41198e-06	2
-76.7058	10.8889	-4.40121e-05	-6.77447e-06	2
-77.0279	11.811	-4.6359e-05	-1.07198e-05	2
-77.3738	12.7206	-4.82938e-05	-1.52269e-05	2
-77.743	13.6181	-4.98436e-05	-2.02747e-05	2
-78.1348	14.5037	-5.10352e-05	-2.58419e-05	2
-78.5483	15.3777	-5.18955e-05	-3.19077e-05	2
-78.9831	16.2403	-5.24515e-05	-3.84507e-05	2
-79.4383	17.0917	-5.27301e-05	-4.545e-05	2
-79.9132	17.9323	-5.27581e-05	-5.28844e-05	2
-80.4073	18.7623	-5.25624e-05	-6.07327e-05	2
-80.9197	19.582	-5.217e-05	-6.8974e-05	2
-81.4497	20.3916	-5.16078e-05	-7.75871e-05	2
-81.9968	21.1914	-5.09027e-05	-8.65508e-05	2
-82.5601	21.9817	-5.00815e-05	-9.58442e-05	2
-83.139	22.7626	-4.91712e-05	-0.000105446	2
-83.7328	23.5346	-4.81987e-05	-0.000115335	2
-84.3409	24.2978	-4.71909e-05	-0.00012549	2
-84.9552	25.0438	-4.61862e-05	-0.00013577	2
-85.5893	25.7903	-4.51881e-05	-0.000146392	2
-86.2357	26.5289	-4.42351e-05	-0.000157218	2
-86.8934	27.2597	-4.33541e-05	-0.000168225	2
-87.5619	27.9831	-4.2572e-05	-0.000179393	2
-88.2404	28.6992	-4.19157e-05	-0.000190701	2
-88.9282	29.4085	-4.14121e-05	-0.000202128	2
-89.6247	30.111	-4.10881e-05	-0.000213653	2
-90.3291	30.8072	-4.09707e-05	-0.000225254	2
-91.0408	31.4971	-4.10866e-05	-0.000236911	2
-91.759	32.1812	-4.14629e-05	-0.000248601	2
-92.4832	32.8597	-4.21265e-05	-0.000260305	2
-93.2124	33.5328	-4.31041e-05	-0.000272002	2
-93.9462	34.2008	-4.44228e-05	-0.000283669	2
-94.6837	34.864	-4.61095e-05	-0.000295286	2
-95.4243	35.5225	-4.8191e-05	-0.000306832	2
-96.1673	36.1768	-5.06942e-05	-0.000318285	2
-96.912	36.827	-5.36462e-05	-0.000329625	2
-97.6577	37.4734	-5.70736e-05	-0.00034083	2
-98.4037	38.1162	-6.10036e-05	-0.00035188	2
-99.1493	38.7558	-6.54629e-05	-0.000362753	2
-99.8938	39.3924	-7.04785e-05	-0.000373429	2
-100.637	40.0262	-7.60773e-05	-0.000383885	2
-101.368	40.6502	-8.22112e-05	-0.000393985	2
-102.105	41.2794	-8.90496e-05	-0.000403943	2
-102.839	41.9065	-9.65516e-05	-0.000413619	2
-103.567	42.5319	-0.000104744	-0.000422992	2
-104.291	43.1559	-0.000113654	-0.000432041	2
-105.008	43.7787	-0.000123308	-0.000440744	2
-105.719	44.4006	-0.000133733	-0.000449081	2
-106.423	45.0218	-0.000144957	-0.00045703	2
-107.118	45.6426	-0.000157005	-0.00046457	2
-107.805	46.2632	-0.000169906	-0.000471681	2
-108.482	46.884	-0.000183685	-0.000478341	2
-109.149	47.5052	-0.00019837	-0.000484528	2
-109.806	48.127	-0.000213988	-0.000490223	2
-110.451	48.7497	-0.000230565	-0.000495403	2
-111.083	49.3736	-0.000248128	-0.000500048	2
-111.703	49.9989	-0.000266705	-0.000504137	2
-112.309	50.6259	-0.000286322	-0.000507648	2
-112.901	51.2548	-0.000307007	-0.00051056	2
-113.478	51.886	-0.000328785	-0.000512853	2
-114.039	52.5196	-0.000351684	-0.000514505	2
-114.584	53.156	-0.000375731	-0.000515494	2
-115.112	53.7953	-0.000400953	-0.000515801	2
-115.622	54.4379	-0.000427377	-0.000515404	2
-116.113	55.0841	-0.000455029	-0.000514281	2
-116.581	55.7265	-0.000483597	-0.000512437	2
-117.033	56.3804	-0.000513773	-0.000509809	2
-117.466	57.0386	-0.000545257	-0.000506393	2
-117.876	57.7014	-0.000578077	-0.000502168	2
-118.266	58.369	-0.00061226	-0.000497111	2
-118.632	59.0417	-0.000647832	-0.000491203	2
-118.975	59.7197	-0.000684821	-0.000484422	2
-119.294	60.4034	-0.000723254	-0.000476748	2
-119.589	61.0929	-0.000763157	-0.000468158	2
-119.858	61.7885	-0.000804558	-0.000458632	2
-120.1	62.4905	-0.000847482	-0.000448149	2
-120.316	63.1992	-0.000891958	-0.000436687	2
-120.505	63.9148	-0.000938012	-0.000424226	2
-120.665	64.6376	-0.00098567	-0.000410745	2
-120.797	65.3678	-0.00103496	-0.000396221	2
-120.899	66.1057	-0.00108591	-0.000380635	2
-120.97	66.8516	-0.00113855	-0.000363966	2
-121.011	67.6057	-0.00119289	-0.000346191	2
-121.02	68.3683	-0.00124898	-0.00032729	2
-120.997	69.1396	-0.00130683	-0.000307242	2
-120.94	69.9199	-0.00136648	-0.000286025	2
-120.85	70.7096	-0.00142795	-0.000263619	2
-120.726	71.5087	-0.00149126	-0.000240003	2
-120.568	72.3083	-0.00155569	-0.000215447	2
-120.373	73.1271	-0.00162275	-0.000189361	2
-120.141	73.9563	-0.00169175	-0.000162001	2
-119.872	74.796	-0.0017627	-0.000133346	2

-25.0039	2.01381	3.19843e-07	1.05005e-07	2
-25.3498	3.18938	2.75143e-05	9.40255e-06	2
-25.7209	4.35442	5.43999e-05	1.93401e-05	2
-26.113	5.49551	8.06607e-05	2.98046e-05	2
-26.5209	6.60035	0.00010601	4.06584e-05	2
-26.9536	7.69503	0.00013104	5.2146e-05	2
-27.4062	8.76698	0.000155458	6.41359e-05	2
-27.8782	9.81661	0.000179266	7.66199e-05	2
-28.3693	10.8443	0.00020247	8.95896e-05	2
-28.8792	11.8505	0.000225073	0.000103037	2
-29.4073	12.8356	0.000247079	0.000116954	2
-29.9534	13.8	0.000268493	0.000131332	2
-30.517	14.744	0.000289317	0.000146163	2
-31.0978	15.6682	0.000309556	0.000161439	2
-31.6953	16.5729	0.000329214	0.000177151	2
-32.3093	17.4585	0.000348296	0.000193291	2
-32.9393	18.3254	0.000366804	0.000209852	2
-33.5849	19.1741	0.000384743	0.000226825	2
-34.2458	20.0049	0.000402117	0.000244201	2
-34.9216	20.8182	0.000418931	0.000261973	2
-35.6118	21.6145	0.000435187	0.000280132	2
-36.3162	22.3942	0.00045089	0.00029867	2
-37.0342	23.1575	0.000466043	0.000317579	2
-37.7656	23.9051	0.000480652	0.00033685	2
-38.51	24.6372	0.00049472	0.000356476	2
-39.2669	25.3543	0.00050825	0.000376448	2
-40.0272	26.0488	0.000521101	0.000396523	2
-40.808	26.7372	0.000533575	0.000417159	2
-41.6002	27.4118	0.000545523	0.000438116	2
-42.4035	28.0729	0.000556951	0.000459387	2
-43.2174	28.7211	0.000567861	0.000480963	2
-44.0417	29.3567	0.000578257	0.000502836	2
-44.8758	29.9801	0.000588145	0.000524998	2
-45.7194	30.5917	0.000597526	0.000547441	2
-46.5722	31.1919	0.000606407	0.000570155	2
-47.4337	31.7811	0.00061479	0.000593134	2
-48.3036	32.3598	0.00062268	0.000616369	2
-49.1815	32.9283	0.00063008	0.000639851	2
-50.0669	33.487	0.000636995	0.000663573	2
-50.9596	34.0364	0.000643428	0.000687526	2
-51.8592	34.5768	0.000649384	0.000711702	2
-52.7651	35.1087	0.000654866	0.000736093	2
-53.6772	35.6325	0.000659878	0.00076069	2
-54.5949	36.1485	0.000664425	0.000785486	2
-55.518	36.6572	0.000668511	0.000810472	2
-56.4459	37.1589	0.000672139	0.00083564	2
-57.3784	37.6542	0.000675313	0.000860981	2
-58.3151	38.1433	0.000678038	0.000886488	2
-59.2555	38.6267	0.000680316	0.000912153	2
-60.1885	39.0994	0.000682135	0.000937669	2
-61.1353	39.5727	0.00068354	0.000963621	2
-62.0847	40.0415	0.00068451	0.000989707	2
-63.0364	40.5062	0.000685051	0.00101592	2
-63.9899	40.9672	0.000685166	0.00104224	2
-64.9449	41.4249	0.00068486	0.00106868	2
-65.901	41.8798	0.000684135	0.00109521	2
-66.8579	42.3322	0.000682997	0.00112184	2
-67.815	42.7825	0.000681449	0.00114855	2
-68.7721	43.2312	0.000679495	0.00117533	2
-69.7288	43.6786	0.000677138	0.00120218	2
-70.6847	44.1252	0.000674384	0.00122909	2
-71.6393	44.5714	0.000671236	0.00125605	2
-72.5924	45.0175	0.000667698	0.00128306	2
-73.5435	45.464	0.000663775	0.0013101	2
-74.4923	45.9112	0.000659469	0.00133716	2
-75.4383	46.3597	0.000654785	0.00136424	2
-76.3812	46.8097	0.000649726	0.00139133	2
-77.3207	47.2617	0.000644298	0.00141842	2
-78.2562	47.7161	0.000638504	0.00144551	2
-79.1875	48.1734	0.000632348	0.00147258	2
-80.1141	48.6338	0.000625833	0.00149962	2
-81.0357	49.0979	0.000618965	0.00152664	2
-81.9519	49.5659	0.000611746	0.00155361	2
-82.8519	50.033	0.00060427	0.00158023	2
-83.7562	50.5102	0.000596367	0.0016071	2
-84.654	50.9928	0.000588125	0.00163391	2
-85.5448	51.4809	0.000579549	0.00166064	2
-86.4283	51.9751	0.000570643	0.0016873	2
-87.3041	52.4757	0.000561411	0.00171386	2
-88.1718	52.9832	0.000551856	0.00174033	2
-89.031	53.498	0.000541983	0.00176669	2
-89.8814	54.0204	0.000531795	0.00179294	2
-90.7225	54.5509	0.000521297	0.00181907	2
-91.5541	55.0898	0.000510493	0.00184506	2
-92.3756	55.6377	0.000499386	0.00187092	2
-93.1867	56.1948	0.000487981	0.00189663	2
-93.9871	56.7616	0.000476281	0.00192219	2
-94.7764	57.3385	0.000464291	0.00194758	2
-95.5541	57.926	0.000452014	0.0019728	2
-96.3199	58.5243	0.000439455	0.00199785	2
-97.0733	59.134	0.000426617	0.0020227	2
-97.8142	59.7553	0.000413505	0.00204736	2
-98.5419	60.3888	0.000400122	0.00207182	2
-99.2562	61.0349	0.000386472	0.00209606	2
-99.9567	61.6938	0.00037256	0.00212009	2
-100.643	62.3661	0.000358389	0.00214388	2
-101.307	63.0442	0.00034413	0.00216717	2
-101.964	63.7443	0.000329457	0.00219048	2
-102.605	64.4588	0.000314537	0.00221354	2
-103.231	65.1884	0.000299374	0.00223635	2

24.9952	2.01212	5.44654e-08	3.01372e-07	2
24.5881	3.054	5.25183e-06	2.58196e-05	2
24.1921	4.10624	1.15356e-05	5.08365e-05	2
23.8119	5.15674	1.88412e-05	7.506e-05	2
23.4514	6.19347	2.70573e-05	9.82343e-05	2
23.102	7.24057	3.6365e-05	0.000120908	2
22.7679	8.28597	4.66644e-05	0.000142815	2
22.4489	9.3297	5.79455e-05	0.000163967	2
22.1448	10.3718	7.01982e-05	0.000184371	2
21.8554	11.4122	8.34124e-05	0.000204038	2
21.5805	12.451	9.75781e-05	0.000222976	2
21.32	13.4882	0.000112685	0.000241195	2
21.0737	14.5238	0.000128723	0.000258704	2
20.8414	15.5579	0.000145683	0.000275513	2
20.6229	16.5903	0.000163554	0.00029163	2
20.4181	17.6213	0.000182325	0.000307065	2
20.2267	18.6507	0.000201988	0.000321828	2
20.0487	19.6786	0.000222532	0.000335927	2
19.8838	20.705	0.000243946	0.000349373	2
19.7318	21.7299	0.000266221	0.000362173	2
19.5926	22.7534	0.000289347	0.000374338	2
19.466	23.7754	0.000313314	0.000385877	2
19.3519	24.796	0.000338111	0.000396799	2
19.2499	25.8152	0.000363728	0.000407113	2
19.16	26.833	0.000390156	0.000416829	2
19.082	27.8494	0.000417385	0.000425956	2
19.0165	28.8528	0.000445077	0.000434408	2
18.9616	29.8666	0.000473866	0.000442392	2
18.9181	30.879	0.000503426	0.000449814	2
18.8857	31.8901	0.000533746	0.000456684	2
18.8644	32.8999	0.000564816	0.000463012	2
18.8539	33.9084	0.000596626	0.000468806	2
18.854	34.9156	0.000629166	0.000474076	2
18.8646	35.9217	0.000662426	0.000478832	2
18.8855	36.9264	0.000696395	0.000483082	2
18.9165	37.93	0.000731064	0.000486836	2
18.9575	38.9324	0.000766423	0.000490103	2
19.0082	39.9336	0.000802461	0.000492892	2
19.0685	40.9336	0.000839168	0.000495214	2
19.1383	41.9325	0.000876535	0.000497076	2
19.2172	42.9303	0.000914551	0.000498489	2
19.3052	43.9269	0.000953207	0.000499461	2
19.4021	44.9224	0.000992491	0.000500002	2
19.5077	45.9169	0.0010324	0.000500122	2
19.6219	46.9103	0.00107291	0.000499829	2
19.7443	47.9027	0.00111402	0.000499132	2
19.875	48.894	0.00115572	0.000498042	2
20.0136	49.8843	0.001198	0.000496568	2
20.1601	50.8736	0.00124085	0.000494718	2
20.3123	51.8506	0.00128375	0.000492529	2
20.4738	52.8379	0.0013277	0.000489961	2
20.6426	53.8244	0.00137219	0.000487045	2
20.8184	54.8099	0.0014172	0.00048379	2
21.0012	55.7944	0.00146274	0.000480207	2
21.1908	56.7781	0.00150878	0.000476304	2
21.3869	57.7609	0.00155532	0.000472091	2
21.5895	58.7428	0.00160235	0.000467577	2
21.7983	59.7239	0.00164985	0.000462771	2
22.0131	60.7041	0.00169783	0.000457683	2
22.2338	61.6836	0.00174626	0.000452321	2
22.4601	62.6622	0.00179514	0.000446696	2
22.6921	63.64	0.00184446	0.000440816	2
22.9293	64.6171	0.00189421	0.000434691	2
23.1717	65.5934	0.00194437	0.00042833	2
23.4191	66.569	0.00199494	0.000421743	2
23.6713	67.5438	0.00204591	0.000414938	2
23.9281	68.518	0.00209727	0.000407924	2
24.1894	69.4915	0.002149	0.000400713	2
24.455	70.4643	0.0022011	0.000393311	2
24.7247	71.4364	0.00225356	0.00038573	2
24.9983	72.408	0.00230637	0.000377978	2
25.2756	73.3789	0.00235951	0.000370064	2
25.5566	74.3491	0.00241298	0.000361997	2
25.8376	75.3077	0.00246614	0.000353883	2
26.1251	76.2769	0.00252023	0.000345542	2
26.4156	77.2454	0.00257462	0.000337076	2
26.709	78.2135	0.00262929	0.000328495	2
27.0051	79.181	0.00268424	0.000319808	2
27.3037	80.1481	0.00273946	0.000311025	2
27.6046	81.1146	0.00279493	0.000302154	2
27.9077	82.0807	0.00285065	0.000293205	2
28.2128	83.0463	0.00290661	0.000284187	2
28.5197	84.0114	0.00296279	0.00027511	2
28.8282	84.9762	0.00301919	0.000265983	2
29.1381	85.9405	0.00307579	0.000256815	2
29.4493	86.9045	0.00313259	0.000247616	2
29.7617	87.8681	0.00318958	0.000238394	2
30.0749	88.8313	0.00324674	0.000229159	2
30.3889	89.7942	0.00330407	0.000219921	2
30.7034	90.7567	0.00336155	0.000210688	2
31.0183	91.719	0.00341918	0.000201471	2
31.3334	92.681	0.00347695	0.000192277	2
31.6486	93.6427	0.00353484	0.000183117	2
31.9636	94.6041	0.00359285	0.000174	2
32.2783	95.5653	0.00365096	0.000164935	2
32.5925	96.5262	0.00370916	0.000155932	2
32.9025	97.476	0.00376679	0.000147102	2
33.2151	98.4365	0.00382515	0.000138248	2
33.5268	99.3969	0.00388359	0.000129483	2
33.8373	100.357	0.00394207	0.000120817	2

74.9981	2.01351	-4.38395e-07	4.66228e-08	2
74.8484	3.16312	-3.8119e-05	4.35628e-06	2
74.7302	4.30144	-7.61917e-05	9.31568e-06	2
74.6449	5.41529	-0.000114214	1.48721e-05	2
74.5924	6.49259	-0.000151746	2.09454e-05	2
74.571	7.55871	-0.000189656	2.76708e-05	2
74.5811	8.60131	-0.000227503	3.4975e-05	2
74.6221	9.62071	-0.000265283	4.28519e-05	2
74.6936	10.6172	-0.000302991	5.12953e-05	2
74.7952	11.5912	-0.000340625	6.02991e-05	2
74.9262	12.5429	-0.000378178	6.98573e-05	2
75.0864	13.4726	-0.000415648	7.99636e-05	2
75.275	14.3808	-0.00045303	9.06121e-05	2
75.4918	15.2677	-0.00049032	0.000101797	2
75.7362	16.1336	-0.000527513	0.000113511	2
76.0078	16.9788	-0.000564606	0.000125749	2
76.306	17.8038	-0.000601594	0.000138505	2
76.6304	18.6087	-0.000638473	0.000151773	2
76.9805	19.3939	-0.000675239	0.000165545	2
77.3558	20.1598	-0.000711887	0.000179818	2
77.7558	20.9066	-0.000748415	0.000194583	2
78.1802	21.6346	-0.000784816	0.000209836	2
78.6283	22.3443	-0.000821088	0.00022557	2
79.0997	23.0358	-0.000857225	0.000241778	2
79.594	23.7096	-0.000893224	0.000258456	2
80.1106	24.3659	-0.000929081	0.000275596	2
80.6427	24.9978	-0.000964382	0.000292988	2
81.2024	25.6204	-0.000999943	0.00031103	2
81.7829	26.2264	-0.00103535	0.000329516	2
82.3839	26.8163	-0.0010706	0.000348441	2
83.0049	27.3903	-0.00110568	0.000367798	2
83.6453	27.9488	-0.0011406	0.000387582	2
84.3048	28.492	-0.00117534	0.000407785	2
84.9827	29.0203	-0.00120991	0.000428402	2
85.6788	29.534	-0.0012443	0.000449427	2
86.3924	30.0335	-0.0012785	0.000470854	2
87.1231	30.519	-0.00131252	0.000492677	2
87.8704	30.9909	-0.00134634	0.000514888	2
88.6338	31.4495	-0.00137997	0.000537484	2
89.4129	31.895	-0.00141339	0.000560456	2
90.2072	32.3279	-0.00144661	0.0005838	2
91.0162	32.7485	-0.00147963	0.000607509	2
91.8394	33.157	-0.00151242	0.000631576	2
92.6763	33.5538	-0.001545	0.000655997	2
93.5265	33.9392	-0.00157736	0.000680764	2
94.3895	34.3136	-0.00160949	0.000705872	2
95.2648	34.6771	-0.00164139	0.000731314	2
96.1519	35.0303	-0.00167306	0.000757085	2
97.0504	35.3733	-0.00170449	0.000783178	2
97.9493	35.7027	-0.00173532	0.000809282	2
98.8689	36.0266	-0.00176626	0.000835998	2
99.7984	36.3412	-0.00179695	0.000863018	2
100.737	36.6471	-0.00182738	0.000890336	2
101.685	36.9444	-0.00185755	0.000917945	2
102.642	37.2335	-0.00188747	0.000945841	2
103.606	37.5147	-0.00191711	0.000974016	2
104.578	37.7883	-0.00194648	0.00100246	2
105.557	38.0547	-0.00197557	0.00103118	2
106.543	38.3142	-0.00200439	0.00106016	2
107.534	38.5671	-0.00203292	0.00108939	2
108.532	38.8136	-0.00206116	0.00111887	2
109.534	39.0542	-0.0020891	0.0011486	2
110.541	39.2892	-0.00211675	0.00117856	2
111.552	39.5188	-0.0021441	0.00120875	2
112.567	39.7434	-0.00217115	0.00123917	2
113.585	39.9632	-0.00219788	0.0012698	2
114.606	40.1788	-0.0022243	0.00130065	2
115.629	40.3902	-0.0022504	0.0013317	2
116.654	40.5979	-0.00227618	0.00136296	2
117.68	40.8023	-0.00230163	0.00139441	2
118.708	41.0035	-0.00232675	0.00142604	2
119.735	41.2019	-0.00235154	0.00145786	2
120.762	41.3978	-0.00237598	0.00148985	2
121.777	41.5895	-0.00239981	0.00152165	2
122.803	41.7815	-0.00242357	0.00155397	2
123.827	41.972	-0.00244698	0.00158646	2
124.849	42.1613	-0.00247003	0.00161909	2
125.868	42.3498	-0.00249273	0.00165187	2
126.884	42.5377	-0.00251505	0.00168479	2
127.897	42.7254	-0.00253701	0.00171784	2
128.906	42.9131	-0.0025586	0.00175102	2
129.911	43.1013	-0.00257981	0.00178432	2
130.911	43.2902	-0.00260064	0.00181773	2
131.905	43.4802	-0.00262109	0.00185126	2
132.893	43.6715	-0.00264114	0.00188488	2
133.875	43.8645	-0.0026608	0.00191861	2
134.851	44.0595	-0.00268007	0.00195242	2
135.819	44.2568	-0.00269893	0.00198632	2
136.779	44.4568	-0.00271739	0.00202029	2
137.731	44.6597	-0.00273543	0.00205434	2
138.674	44.866	-0.00275306	0.00208845	2
139.608	45.0758	-0.00277027	0.00212262	2
140.532	45.2895	-0.00278706	0.00215685	2
141.446	45.5075	-0.00280343	0.00219112	2
142.349	45.7301	-0.00281936	0.00222544	2
143.241	45.9575	-0.00283485	0.00225979	2
144.112	46.1874	-0.00284974	0.00229378	2
144.981	46.4255	-0.00286436	0.00232818	2
145.837	46.6694	-0.00287853	0.0023626	2
146.68	46.9194	-0.00289224	0.00239703	2

124.992	2.01315	8.02617e-08	1.33212e-07	2
124.324	3.1385	6.16364e-06	1.17506e-05	2
123.682	4.2665	1.06917e-05	2.3822e-05	2
123.074	5.38402	1.36171e-05	3.62068e-05	2
122.506	6.47841	1.49657e-05	4.87498e-05	2
121.964	7.57516	1.48014e-05	6.17352e-05	2
121.455	8.6615	1.31324e-05	7.50115e-05	2
120.978	9.73744	9.99146e-06	8.85709e-05	2
120.532	10.803	5.41142e-06	0.000102406	2
120.119	11.8583	-5.74927e-07	0.000116509	2
119.736	12.9032	-7.93479e-06	0.000130873	2
119.385	13.9378	-1.66354e-05	0.00014549	2
119.063	14.9621	-2.66438e-05	0.000160353	2
118.772	15.9762	-3.79274e-05	0.000175453	2
118.51	16.98	-5.04533e-05	0.000190784	2
118.278	17.9736	-6.41886e-05	0.000206338	2
118.075	18.9571	-7.91007e-05	0.000222107	2
117.9	19.9304	-9.51567e-05	0.000238084	2
117.754	20.8935	-0.000112324	0.000254261	2
117.635	21.8465	-0.000130569	0.00027063	2
117.544	22.7894	-0.00014986	0.000287185	2
117.48	23.7222	-0.000170163	0.000303918	2
117.443	24.645	-0.000191447	0.00032082	2
117.432	25.5577	-0.000213677	0.000337885	2
117.448	26.4604	-0.000236822	0.000355105	2
117.489	27.3532	-0.000260848	0.000372473	2
117.554	28.2259	-0.000285432	0.000389778	2
117.645	29.0988	-0.000311114	0.000407416	2
117.76	29.9618	-0.000337579	0.000425179	2
117.9	30.8149	-0.000364794	0.000443059	2
118.064	31.6581	-0.000392728	0.000461049	2
118.251	32.4915	-0.000421346	0.000479141	2
118.461	33.3151	-0.000450617	0.000497328	2
118.694	34.1288	-0.000480507	0.000515602	2
118.949	34.9328	-0.000510984	0.000533955	2
119.226	35.7269	-0.000542014	0.000552381	2
119.525	36.5114	-0.000573566	0.000570871	2
119.845	37.2861	-0.000605606	0.000589418	2
120.186	38.0511	-0.000638101	0.000608014	2
120.548	38.8064	-0.000671018	0.000626652	2
120.93	39.5521	-0.000704326	0.000645325	2
121.332	40.2881	-0.000737991	0.000664024	2
121.753	41.0146	-0.000771979	0.000682742	2
122.193	41.7314	-0.00080626	0.000701472	2
122.652	42.4387	-0.000840798	0.000720206	2
123.129	43.1364	-0.000875563	0.000738937	2
123.624	43.8246	-0.000910521	0.000757657	2
124.137	44.5034	-0.000945638	0.000776358	2
124.667	45.1726	-0.000980883	0.000795033	2
125.208	45.8248	-0.00101582	0.00081346	2
125.771	46.4753	-0.00105122	0.000832061	2
126.35	47.1163	-0.00108665	0.000850613	2
126.945	47.748	-0.00112207	0.000869109	2
127.556	48.3703	-0.00115747	0.000887541	2
128.182	48.9832	-0.00119279	0.000905902	2
128.822	49.5869	-0.00122801	0.000924185	2
129.477	50.1812	-0.00126309	0.00094238	2
130.146	50.7662	-0.00129801	0.000960482	2
130.828	51.342	-0.00133273	0.000978483	2
131.523	51.9086	-0.00136721	0.000996374	2
132.232	52.4659	-0.00140143	0.00101415	2
132.952	53.0141	-0.00143535	0.0010318	2
133.685	53.5531	-0.00146894	0.00104932	2
134.43	54.0829	-0.00150216	0.0010667	2
135.186	54.6037	-0.00153499	0.00108393	2
135.953	55.1153	-0.00156738	0.00110101	2
136.731	55.6178	-0.00159932	0.00111793	2
137.519	56.1113	-0.00163076	0.00113468	2
138.317	56.5958	-0.00166167	0.00115125	2
139.125	57.0713	-0.00169202	0.00116763	2
139.942	57.5377	-0.00172177	0.00118383	2
140.767	57.9952	-0.0017509	0.00119982	2
141.601	58.4438	-0.00177937	0.00121561	2
142.434	58.8784	-0.00180683	0.001231	2
143.284	59.3093	-0.00183389	0.00124636	2
144.141	59.7312	-0.0018602	0.00126148	2
145.005	60.1443	-0.00188571	0.00127637	2
145.876	60.5486	-0.0019104	0.00129101	2
146.753	60.9441	-0.00193423	0.0013054	2
147.636	61.3307	-0.00195717	0.00131953	2
148.524	61.7087	-0.0019792	0.00133339	2
149.418	62.0778	-0.00200027	0.00134698	2
150.317	62.4383	-0.00202035	0.00136028	2
151.219	62.79	-0.00203941	0.0013733	2
152.126	63.1331	-0.00205742	0.00138601	2
153.037	63.4675	-0.00207434	0.00139842	2
153.951	63.7933	-0.00209015	0.00141052	2
154.868	64.1105	-0.0021048	0.0014223	2
155.788	64.4191	-0.00211827	0.00143375	2
156.71	64.7191	-0.00213052	0.00144487	2
157.633	65.0106	-0.00214153	0.00145564	2
158.559	65.2935	-0.00215125	0.00146607	2
159.485	65.568	-0.00215965	0.00147613	2
160.412	65.834	-0.00216671	0.00148583	2
161.34	66.0915	-0.00217239	0.00149515	2
162.267	66.3406	-0.00217665	0.0015041	2
163.184	66.5786	-0.00217944	0.00151256	2
164.111	66.811	-0.0021808	0.00152073	2
165.036	67.035	-0.00218064	0.00152849	2
165.96	67.2507	-0.00217894	0.00153584	2

