-125.002	2.01349	-3.14077e-07	-8.10633e-08	2
-125.201	3.16182	-2.77243e-05	-6.27752e-06	2
-125.369	4.30048	-5.6244e-05	-1.10029e-05	2
-125.506	5.41629	-8.55399e-05	-1.42002e-05	2
-125.609	6.4971	-0.000115243	-1.58824e-05	2
-125.682	7.56835	-0.000146024	-1.61123e-05	2
-125.724	8.61762	-0.000177524	-1.48857e-05	2
-125.736	9.64522	-0.000209722	-1.22266e-05	2
-125.718	10.6514	-0.000242599	-8.1591e-06	2
-125.67	11.6366	-0.000276136	-2.70704e-06	2
-125.594	12.6009	-0.000310314	4.10555e-06	2
-125.488	13.5448	-0.000345112	1.22547e-05	2
-125.355	14.4685	-0.000380513	2.17164e-05	2
-125.193	15.3723	-0.000416495	3.24667e-05	2
-125.005	16.2565	-0.00045304	4.44816e-05	2
-124.79	17.1214	-0.000490128	5.77372e-05	2
-124.548	17.9672	-0.000527741	7.22094e-05	2
-124.281	18.7944	-0.000565857	8.78743e-05	2
-123.988	19.6032	-0.000604459	0.000104708	2
-123.67	20.3938	-0.000643527	0.000122686	2
-123.328	21.1666	-0.00068304	0.000141785	2
-122.962	21.9219	-0.000722981	0.000161981	2
-122.572	22.66	-0.000763329	0.000183249	2
-122.159	23.3811	-0.000804065	0.000205567	2
-121.724	24.0856	-0.000845169	0.000228909	2
-121.266	24.7738	-0.000886623	0.000253252	2
-120.792	25.4383	-0.000927924	0.000278275	2
-120.292	26.0948	-0.000970015	0.000304537	2
-119.771	26.7359	-0.0010124	0.000331728	2
-119.229	27.3619	-0.00105505	0.000359824	2
-118.668	27.9729	-0.00109795	0.000388802	2
-118.087	28.5695	-0.00114109	0.000418637	2
-117.487	29.1517	-0.00118445	0.000449304	2
-116.869	29.72	-0.00122799	0.000480782	2
-116.233	30.2746	-0.00127171	0.000513044	2
-115.579	30.8158	-0.00131559	0.000546068	2
-114.908	31.344	-0.0013596	0.000579829	2
-114.22	31.8593	-0.00140373	0.000614303	2
-113.516	32.3622	-0.00144795	0.000649467	2
-112.797	32.8529	-0.00149225	0.000685296	2
-112.062	33.3317	-0.00153661	0.000721767	2
-111.312	33.7988	-0.00158101	0.000758855	2
-110.548	34.2547	-0.00162543	0.000796536	2
-109.77	34.6996	-0.00166985	0.000834787	2
-108.979	35.1337	-0.00171425	0.000873584	2
-108.174	35.5575	-0.00175861	0.000912902	2
-107.358	35.9711	-0.00180291	0.000952717	2
-106.529	36.3749	-0.00184714	0.000993006	2
-105.688	36.7692	-0.00189126	0.00103374	2
-104.846	37.1498	-0.00193477	0.00107443	2
-103.984	37.5261	-0.00197864	0.00111599	2
-103.112	37.8936	-0.00202236	0.00115793	2
-102.23	38.2529	-0.00206591	0.00120023	2
-101.338	38.604	-0.00210926	0.00124285	2
-100.438	38.9475	-0.0021524	0.00128578	2
-99.5292	39.2834	-0.00219531	0.00132899	2
-98.6126	39.6123	-0.00223796	0.00137246	2
-97.6885	39.9342	-0.00228034	0.00141616	2
-96.7575	40.2496	-0.00232243	0.00146007	2
-95.8199	40.5587	-0.00236421	0.00150417	2
-94.8762	40.8619	-0.00240566	0.00154843	2
-93.9269	41.1593	-0.00244676	0.00159283	2
-92.9725	41.4514	-0.0024875	0.00163735	2
-92.0134	41.7384	-0.00252784	0.00168195	2
-91.05	42.0207	-0.00256778	0.00172662	2
-90.0829	42.2984	-0.00260728	0.00177133	2
-89.1124	42.5719	-0.00264635	0.00181606	2
-88.1391	42.8416	-0.00268494	0.00186079	2
-87.1634	43.1076	-0.00272305	0.00190548	2
-86.1858	43.3703	-0.00276066	0.00195012	2
-85.2066	43.63	-0.00279774	0.00199468	2
-84.2265	43.887	-0.00283428	0.00203914	2
-83.2458	44.1416	-0.00287026	0.00208348	2
-82.2763	44.3912	-0.00290525	0.00212716	2
-81.2959	44.6419	-0.00294005	0.00217117	2
-80.3163	44.891	-0.00297423	0.00221499	2
-79.338	45.1389	-0.00300776	0.00225859	2
-78.3614	45.3859	-0.00304064	0.00230194	2
-77.387	45.6322	-0.00307284	0.00234502	2
-76.4153	45.8781	-0.00310434	0.00238781	2
-75.4467	46.1241	-0.00313512	0.00243028	2
-74.4817	46.3702	-0.00316517	0.00247241	2
-73.5207	46.6169	-0.00319446	0.00251417	2
-72.5643	46.8645	-0.00322297	0.00255554	2
-71.6128	47.1132	-0.00325068	0.00259651	2
-70.6667	47.3633	-0.00327758	0.00263703	2
-69.7265	47.6151	-0.00330365	0.00267709	2
-68.7927	47.869	-0.00332886	0.00271667	2
-67.8656	48.1252	-0.0033532	0.00275574	2
-66.9458	48.384	-0.00337665	0.00279428	2
-66.0338	48.6458	-0.00339918	0.00283226	2
-65.1299	48.9107	-0.00342078	0.00286966	2
-64.2347	49.1792	-0.00344143	0.00290645	2
-63.3486	49.4514	-0.00346111	0.00294261	2
-62.472	49.7277	-0.0034798	0.00297812	2
-61.6055	50.0085	-0.00349748	0.00301296	2
-60.7592	50.2906	-0.00351395	0.0030467	2
-59.914	50.581	-0.00352957	0.00308012	2
-59.0801	50.8766	-0.00354412	0.00311279	2
-58.2582	51.1779	-0.00355758	0.00314468	2

-75.0076	2.01323	3.74065e-07	-2.69044e-08	2
-75.6473	3.14639	3.11012e-05	-1.77305e-06	2
-76.264	4.28336	5.93194e-05	-2.41203e-06	2
-76.8502	5.41092	8.4708e-05	-1.93861e-06	2
-77.4002	6.51627	0.000107076	-3.98576e-07	2
-77.927	7.62512	0.000126997	2.22239e-06	2
-78.4244	8.72456	0.000144247	5.89093e-06	2
-78.8925	9.81459	0.000158882	1.05853e-05	2
-79.3319	10.8952	0.000170953	1.62839e-05	2
-79.7426	11.9664	0.000180514	2.2965e-05	2
-80.1251	13.0282	0.000187619	3.06069e-05	2
-80.4796	14.0806	0.000192322	3.9188e-05	2
-80.8065	15.1236	0.000194675	4.86864e-05	2
-81.106	16.1572	0.000194732	5.90806e-05	2
-81.3785	17.1814	0.000192547	7.03488e-05	2
-81.6242	18.1961	0.000188173	8.24693e-05	2
-81.8434	19.2015	0.000181663	9.54205e-05	2
-82.0365	20.1974	0.000173071	0.000109181	2
-82.2038	21.184	0.00016245	0.000123728	2
-82.3455	22.1611	0.000149854	0.000139041	2
-82.4619	23.1289	0.000135336	0.000155098	2
-82.5534	24.0872	0.00011895	0.000171877	2
-82.6203	25.0362	0.000100749	0.000189357	2
-82.6628	25.9757	8.07856e-05	0.000207515	2
-82.6812	26.9058	5.91144e-05	0.000226331	2
-82.676	27.8265	3.57885e-05	0.000245782	2
-82.6477	28.7274	1.11568e-05	0.000265613	2
-82.5961	29.6295	-1.53008e-05	0.000286263	2
-82.5216	30.5221	-4.32533e-05	0.000307484	2
-82.4246	31.4053	-7.26475e-05	0.000329253	2
-82.3054	32.2791	-0.00010343	0.00035155	2
-82.1642	33.1436	-0.000135547	0.000374353	2
-82.0014	33.9986	-0.000168945	0.000397639	2
-81.8173	34.8442	-0.000203572	0.000421388	2
-81.6121	35.6805	-0.000239372	0.000445577	2
-81.3861	36.5073	-0.000276294	0.000470184	2
-81.1398	37.3247	-0.000314283	0.000495189	2
-80.8733	38.1328	-0.000353287	0.000520569	2
-80.5869	38.9314	-0.000393251	0.000546303	2
-80.2811	39.7206	-0.000434123	0.000572369	2
-79.956	40.5005	-0.000475848	0.000598746	2
-79.612	41.2709	-0.000518374	0.000625411	2
-79.2493	42.032	-0.000561646	0.000652342	2
-78.8683	42.7837	-0.000605613	0.000679519	2
-78.4693	43.5259	-0.000650219	0.00070692	2
-78.0525	44.2588	-0.000695412	0.000734523	2
-77.6184	44.9823	-0.000741139	0.000762305	2
-77.1671	45.6964	-0.000787345	0.000790246	2
-76.699	46.4011	-0.000833978	0.000818324	2
-76.22	47.0884	-0.000880441	0.000846193	2
-75.7193	47.7744	-0.000927763	0.000874478	2
-75.2027	48.4511	-0.000975351	0.000902836	2
-74.6705	49.1183	-0.00102315	0.000931244	2
-74.123	49.7761	-0.00107111	0.00095968	2
-73.5604	50.4246	-0.00111918	0.000988123	2
-72.9831	51.0636	-0.0011673	0.00101655	2
-72.3914	51.6933	-0.00121542	0.00104494	2
-71.7856	52.3136	-0.00126349	0.00107328	2
-71.166	52.9245	-0.00131145	0.00110153	2
-70.5328	53.526	-0.00135925	0.00112968	2
-69.8865	54.1181	-0.00140683	0.00115771	2
-69.2272	54.7008	-0.00145415	0.0011856	2
-68.5553	55.2742	-0.00150115	0.00121332	2
-67.8711	55.8381	-0.00154777	0.00124084	2
-67.1749	56.3927	-0.00159396	0.00126816	2
-66.467	56.9379	-0.00163967	0.00129525	2
-65.7476	57.4737	-0.00168485	0.00132209	2
-65.0172	58.0001	-0.00172944	0.00134864	2
-64.276	58.5171	-0.00177339	0.00137491	2
-63.5242	59.0248	-0.00181664	0.00140085	2
-62.7623	59.523	-0.00185914	0.00142645	2
-61.9904	60.0119	-0.00190084	0.0014517	2
-61.209	60.4914	-0.00194169	0.00147655	2
-60.4274	60.9561	-0.00198118	0.00150073	2
-59.6277	61.417	-0.00202016	0.00152476	2
-58.8193	61.8684	-0.00205813	0.00154834	2
-58.0026	62.3105	-0.00209504	0.00157146	2
-57.1777	62.7432	-0.00213082	0.00159408	2
-56.3451	63.1665	-0.00216543	0.00161618	2
-55.5049	63.5804	-0.0021988	0.00163776	2
-54.6576	63.985	-0.0022309	0.00165877	2
-53.8033	64.3801	-0.00226166	0.00167921	2
-52.9425	64.7659	-0.00229103	0.00169905	2
-52.0754	65.1423	-0.00231896	0.00171826	2
-51.2023	65.5094	-0.00234539	0.00173683	2
-50.3234	65.867	-0.00237027	0.00175474	2
-49.4392	66.2153	-0.00239355	0.00177196	2
-48.5499	66.5542	-0.00241517	0.00178847	2
-47.6559	66.8837	-0.00243509	0.00180425	2
-46.7573	67.2039	-0.00245324	0.00181928	2
-45.8545	67.5146	-0.00246957	0.00183353	2
-44.9479	67.816	-0.00248404	0.00184699	2
-44.0377	68.1081	-0.00249658	0.00185963	2
-43.1242	68.3907	-0.00250714	0.00187143	2
-42.2077	68.664	-0.00251568	0.00188238	2
-41.2885	68.9279	-0.00252213	0.00189244	2
-40.3776	69.1795	-0.0025264	0.00190149	2
-39.454	69.4248	-0.00252855	0.00190974	2
-38.5286	69.6607	-0.00252846	0.00191703	2
-37.6017	69.8872	-0.00252607	0.00192336	2

-25.0021	2.01011	4.25341e-07	6.13412e-08	2
-25.1936	2.88198	3.54696e-05	4.94183e-06	2
-25.4055	3.76805	6.78658e-05	9.0991e-06	2
-25.6352	4.65804	9.72375e-05	1.24934e-05	2
-25.8791	5.54149	0.000123347	1.512e-05	2
-26.1423	6.43876	0.00014685	1.70615e-05	2
-26.4216	7.33943	0.000167474	1.83045e-05	2
-26.7161	8.24331	0.000185269	1.88709e-05	2
-27.0255	9.15024	0.000200284	1.87821e-05	2
-27.349	10.06	0.000212567	1.80599e-05	2
-27.6861	10.9725	0.000222167	1.67257e-05	2
-28.0362	11.8875	0.000229134	1.48013e-05	2
-28.3986	12.8049	0.000233516	1.23082e-05	2
-28.7728	13.7244	0.000235362	9.26815e-06	2
-29.1582	14.6459	0.00023472	5.70265e-06	2
-29.5542	15.5692	0.000231641	1.63334e-06	2
-29.9601	16.4942	0.000226173	-2.91814e-06	2
-30.3754	17.4206	0.000218364	-7.93019e-06	2
-30.7995	18.3483	0.000208264	-1.33812e-05	2
-31.2318	19.2771	0.000195921	-1.92495e-05	2
-31.6716	20.2068	0.000181385	-2.55136e-05	2
-32.1184	21.1373	0.000164704	-3.21517e-05	2
-32.5715	22.0684	0.000145927	-3.91423e-05	2
-33.0305	22.9999	0.000125104	-4.64638e-05	2
-33.4946	23.9316	0.000102282	-5.40946e-05	2
-33.9633	24.8634	7.75121e-05	-6.2013e-05	2
-34.4305	25.7843	5.11589e-05	-7.01018e-05	2
-34.9064	26.7157	2.26583e-05	-7.8528e-05	2
-35.3852	27.6466	-7.6451e-06	-8.71771e-05	2
-35.8662	28.5768	-3.97024e-05	-9.60277e-05	2
-36.3487	29.5062	-7.34648e-05	-0.000105058	2
-36.8322	30.4346	-0.000108883	-0.000114247	2
-37.3161	31.3619	-0.000145909	-0.000123572	2
-37.7997	32.2877	-0.000184493	-0.000133012	2
-38.2826	33.2121	-0.000224586	-0.000142545	2
-38.764	34.1348	-0.00026614	-0.00015215	2
-39.2434	35.0555	-0.000309105	-0.000161805	2
-39.7202	35.9743	-0.000353433	-0.000171489	2
-40.1937	36.8908	-0.000399074	-0.00018118	2
-40.6635	37.8049	-0.00044598	-0.000190855	2
-41.1288	38.7164	-0.000494103	-0.000200495	2
-41.5891	39.6251	-0.000543392	-0.000210076	2
-42.0437	40.5309	-0.000593799	-0.000219578	2
-42.4922	41.4336	-0.000645276	-0.000228979	2
-42.9338	42.333	-0.000697772	-0.000238257	2
-43.368	43.229	-0.00075124	-0.00024739	2
-43.7942	44.1213	-0.000805631	-0.000256357	2
-44.2118	45.0098	-0.000860895	-0.000265137	2
-44.6201	45.8943	-0.000916983	-0.000273707	2
-45.0141	46.7646	-0.000973189	-0.000281952	2
-45.4023	47.6407	-0.00103077	-0.000290042	2
-45.7795	48.5122	-0.00108903	-0.000297858	2
-46.1451	49.3791	-0.00114792	-0.000305379	2
-46.4985	50.2411	-0.0012074	-0.000312582	2
-46.8391	51.098	-0.0012674	-0.000319447	2
-47.1662	51.9497	-0.00132788	-0.000325951	2
-47.4793	52.7961	-0.0013888	-0.000332073	2
-47.7779	53.6368	-0.00145011	-0.000337792	2
-48.0612	54.4719	-0.00151175	-0.000343085	2
-48.3287	55.301	-0.00157368	-0.000347932	2
-48.5797	56.1239	-0.00163584	-0.00035231	2
-48.8138	56.9407	-0.0016982	-0.000356198	2
-49.0302	57.7509	-0.0017607	-0.000359575	2
-49.2285	58.5546	-0.00182328	-0.000362418	2
-49.4079	59.3514	-0.00188591	-0.000364706	2
-49.5679	60.1413	-0.00194854	-0.000366418	2
-49.7079	60.924	-0.0020111	-0.000367531	2
-49.8272	61.6994	-0.00207357	-0.000368025	2
-49.9254	62.4673	-0.00213588	-0.000367877	2
-50.0017	63.2275	-0.00219799	-0.000367067	2
-50.0557	63.9799	-0.00225985	-0.000365572	2
-50.0866	64.7242	-0.0023214	-0.00036337	2
-50.0939	65.4603	-0.00238261	-0.000360441	2
-50.0773	66.1797	-0.00244273	-0.000356809	2
-50.0359	66.8989	-0.0025031	-0.000352368	2
-49.969	67.6095	-0.00256298	-0.000347135	2
-49.8761	68.3111	-0.00262231	-0.000341087	2
-49.7567	69.0036	-0.00268105	-0.000334204	2
-49.61	69.6869	-0.00273915	-0.000326464	2
-49.4355	70.3607	-0.00279655	-0.000317845	2
-49.2326	71.0249	-0.00285322	-0.000308325	2
-49.0007	71.6794	-0.0029091	-0.000297883	2
-48.7392	72.3238	-0.00296414	-0.000286497	2
-48.4475	72.9581	-0.0030183	-0.000274146	2
-48.125	73.5821	-0.00307152	-0.000260808	2
-47.771	74.1957	-0.00312376	-0.000246462	2
-47.3851	74.7985	-0.00317496	-0.000231085	2
-46.9665	75.3905	-0.00322508	-0.000214656	2
-46.5148	75.9715	-0.00327407	-0.000197154	2
-46.0292	76.5413	-0.00332189	-0.000178557	2
-45.5092	77.0997	-0.00336847	-0.000158843	2
-44.9542	77.6465	-0.00341378	-0.000137991	2
-44.3637	78.1817	-0.00345775	-0.000115978	2
-43.7369	78.7049	-0.00350036	-9.27847e-05	2
-43.0732	79.2161	-0.00354154	-6.83878e-05	2
-42.3722	79.715	-0.00358125	-4.27661e-05	2
-41.6419	80.1959	-0.003619	-1.6214e-05	2
-40.8647	80.6699	-0.00365563	1.19073e-05	2
-40.0483	81.1312	-0.00369064	4.13181e-05	2
-39.1921	81.5795	-0.00372399	7.20398e-05	2

24.9992	2.01206	7.32815e-09	-8.63761e-08	2
24.92	3.04111	8.39772e-07	-7.64313e-06	2
24.8106	4.06671	2.07296e-06	-1.55397e-05	2
24.6724	5.07708	3.67582e-06	-2.36802e-05	2
24.5082	6.06115	5.60035e-06	-3.19574e-05	2
24.3148	7.04208	7.86779e-06	-4.05543e-05	2
24.0946	8.00863	1.0434e-05	-4.93664e-05	2
23.8483	8.96108	1.32751e-05	-5.83841e-05	2
23.5765	9.89972	1.63676e-05	-6.75979e-05	2
23.2799	10.8248	1.96876e-05	-7.69981e-05	2
22.9591	11.7367	2.32113e-05	-8.65752e-05	2
22.6148	12.6356	2.69151e-05	-9.63195e-05	2
22.2477	13.5219	3.07752e-05	-0.000106222	2
21.8584	14.3957	3.47679e-05	-0.000116272	2
21.4476	15.2575	3.88695e-05	-0.00012646	2
21.0159	16.1074	4.30561e-05	-0.000136778	2
20.564	16.9458	4.73041e-05	-0.000147215	2
20.0925	17.7729	5.15898e-05	-0.000157761	2
19.6021	18.5891	5.58893e-05	-0.000168408	2
19.0935	19.3945	6.0179e-05	-0.000179145	2
18.5673	20.1896	6.4435e-05	-0.000189964	2
18.0242	20.9746	6.86338e-05	-0.000200853	2
17.4648	21.7497	7.27515e-05	-0.000211805	2
16.8898	22.5153	7.67644e-05	-0.000222808	2
16.2998	23.2717	8.06488e-05	-0.000233855	2
15.6955	24.019	8.43809e-05	-0.000244934	2
15.0848	24.7492	8.78972e-05	-0.000255909	2
14.4541	25.4796	9.1256e-05	-0.000267026	2
13.811	26.2018	9.43916e-05	-0.000278147	2
13.1562	26.9162	9.72802e-05	-0.000289262	2
12.4905	27.623	9.98982e-05	-0.000300363	2
11.8143	28.3225	0.000102222	-0.000311439	2
11.1285	29.0151	0.000104227	-0.000322482	2
10.4336	29.7009	0.00010589	-0.000333481	2
9.73033	30.3803	0.000107188	-0.000344427	2
9.01933	31.0536	0.000108097	-0.00035531	2
8.30124	31.721	0.000108592	-0.00036612	2
7.57675	32.3829	0.000108651	-0.000376849	2
6.84649	33.0395	0.000108249	-0.000387486	2
6.11113	33.6911	0.000107362	-0.000398022	2
5.37132	34.3379	0.000105968	-0.000408448	2
4.62773	34.9804	0.000104041	-0.000418753	2
3.881	35.6186	0.00010156	-0.000428928	2
3.13181	36.2531	9.84985e-05	-0.000438964	2
2.38079	36.8839	9.48345e-05	-0.000448851	2
1.62862	37.5115	9.05436e-05	-0.000458579	2
0.87595	38.136	8.56023e-05	-0.000468139	2
0.123433	38.7578	7.99868e-05	-0.000477521	2
-0.628269	39.3772	7.36733e-05	-0.000486716	2
-1.36989	39.9873	6.67232e-05	-0.000495611	2
-2.11802	40.6027	5.89513e-05	-0.000504405	2
-2.86337	41.2165	5.04105e-05	-0.000512982	2
-3.60529	41.829	4.10771e-05	-0.000521334	2
-4.34311	42.4404	3.09272e-05	-0.000529451	2
-5.07619	43.0511	1.99373e-05	-0.000537323	2
-5.80385	43.6614	8.08356e-06	-0.00054494	2
-6.52545	44.2715	-4.65778e-06	-0.000552294	2
-7.24033	44.8817	-1.83105e-05	-0.000559374	2
-7.94783	45.4923	-3.28982e-05	-0.00056617	2
-8.64729	46.1036	-4.84447e-05	-0.000572674	2
-9.33806	46.7158	-6.49738e-05	-0.000578876	2
-10.0195	47.3293	-8.25091e-05	-0.000584765	2
-10.6909	47.9444	-0.000101074	-0.000590333	2
-11.3516	48.5612	-0.000120693	-0.00059557	2
-12.001	49.1802	-0.00014139	-0.000600467	2
-12.6385	49.8016	-0.000163188	-0.000605013	2
-13.2633	50.4256	-0.000186111	-0.000609199	2
-13.8748	51.0526	-0.000210182	-0.000613015	2
-14.4723	51.6829	-0.000235426	-0.000616453	2
-15.0552	52.3166	-0.000261866	-0.000619502	2
-15.6229	52.9542	-0.000289526	-0.000622152	2
-16.1746	53.5959	-0.000318429	-0.000624395	2
-16.7098	54.2419	-0.0003486	-0.000626221	2
-17.2219	54.8851	-0.000379693	-0.000627605	2
-17.7221	55.5408	-0.000412455	-0.000628572	2
-18.2038	56.2016	-0.000446555	-0.000629093	2
-18.6662	56.868	-0.000482017	-0.000629158	2
-19.1089	57.5401	-0.000518865	-0.000628758	2
-19.5309	58.2184	-0.000557122	-0.000627883	2
-19.9319	58.903	-0.000596813	-0.000626524	2
-20.3109	59.5942	-0.000637961	-0.00062467	2
-20.6675	60.2924	-0.000680589	-0.000622313	2
-21.001	60.9978	-0.000724722	-0.000619443	2
-21.3106	61.7108	-0.000770383	-0.00061605	2
-21.5958	62.4315	-0.000817596	-0.000612125	2
-21.8558	63.1603	-0.000866385	-0.000607658	2
-22.0901	63.8974	-0.000916773	-0.000602639	2
-22.2979	64.6432	-0.000968785	-0.000597059	2
-22.4787	65.3979	-0.00102244	-0.000590908	2
-22.6317	66.1618	-0.00107777	-0.000584177	2
-22.7562	66.9353	-0.0011348	-0.000576856	2
-22.8518	67.7185	-0.00119354	-0.000568936	2
-22.9176	68.5117	-0.00125402	-0.000560406	2
-22.953	69.3153	-0.00131627	-0.000551258	2
-22.9573	70.1296	-0.00138031	-0.000541482	2
-22.93	70.9548	-0.00144616	-0.000531068	2
-22.8712	71.7814	-0.00151306	-0.000520137	2
-22.7789	72.6292	-0.00158258	-0.000508426	2
-22.653	73.4886	-0.001654	-0.000496048	2
-22.4927	74.3602	-0.00172731	-0.000482995	2

74.9968	2.0138	5.4368e-07	-1.15244e-07	2
74.7073	3.18959	4.69943e-05	-9.26102e-06	2
74.3922	4.35638	9.33722e-05	-1.69907e-05	2
74.0551	5.50077	0.000139137	-2.32145e-05	2
73.7007	6.61034	0.000183776	-2.79116e-05	2
73.321	7.71128	0.000228332	-3.12164e-05	2
72.9206	8.79095	0.000272285	-3.30914e-05	2
72.4998	9.84972	0.000315638	-3.35619e-05	2
72.0589	10.888	0.000358395	-3.26534e-05	2
71.5984	11.9061	0.000400559	-3.03914e-05	2
71.1186	12.9045	0.000442134	-2.68012e-05	2
70.6199	13.8835	0.000483123	-2.19083e-05	2
70.1028	14.8434	0.000523529	-1.57382e-05	2
69.5676	15.7848	0.000563356	-8.31618e-06	2
69.0147	16.708	0.000602608	3.32182e-07	2
68.4445	17.6133	0.000641287	1.01815e-05	2
67.8574	18.5011	0.000679397	2.12063e-05	2
67.2537	19.3718	0.000716941	3.33812e-05	2
66.6339	20.2258	0.000753923	4.66808e-05	2
65.9983	21.0635	0.000790347	6.10795e-05	2
65.3474	21.8852	0.000826215	7.6552e-05	2
64.6815	22.6913	0.000861531	9.30728e-05	2
64.0011	23.4823	0.000896299	0.000110617	2
63.3064	24.2584	0.000930521	0.000129158	2
62.5979	25.0201	0.000964202	0.000148671	2
61.876	25.7678	0.000997344	0.000169131	2
61.1496	26.4934	0.00102958	0.000190261	2
60.4022	27.2143	0.00106166	0.000212527	2
59.6425	27.9222	0.00109321	0.000235664	2
58.871	28.6176	0.00112424	0.000259646	2
58.088	29.3008	0.00115475	0.000284448	2
57.2939	29.9723	0.00118474	0.000310044	2
56.4891	30.6323	0.00121421	0.000336409	2
55.674	31.2814	0.00124318	0.000363517	2
54.849	31.9198	0.00127163	0.000391344	2
54.0144	32.5479	0.00129958	0.000419862	2
53.1708	33.1662	0.00132703	0.000449048	2
52.3183	33.775	0.00135399	0.000478875	2
51.4575	34.3747	0.00138045	0.000509319	2
50.5887	34.9656	0.00140641	0.000540353	2
49.7124	35.5482	0.00143189	0.000571953	2
48.8288	36.1228	0.00145689	0.000604092	2
47.9385	36.6898	0.0014814	0.000636746	2
47.0417	37.2496	0.00150544	0.000669889	2
46.1389	37.8026	0.00152901	0.000703496	2
45.2304	38.3491	0.0015521	0.00073754	2
44.3168	38.8895	0.00157473	0.000771998	2
43.3982	39.4243	0.00159689	0.000806842	2
42.4752	39.9537	0.00161859	0.000842049	2
41.5588	40.4722	0.0016396	0.000877181	2
40.628	40.9922	0.00166039	0.000913031	2
39.694	41.5081	0.00168074	0.000949167	2
38.757	42.0201	0.00170064	0.000985564	2
37.8175	42.5287	0.0017201	0.0010222	2
36.8758	43.0343	0.00173912	0.00105904	2
35.9324	43.5372	0.0017577	0.00109606	2
34.9877	44.0379	0.00177585	0.00113324	2
34.0419	44.5366	0.00179356	0.00117056	2
33.0956	45.0339	0.00181086	0.00120799	2
32.1491	45.53	0.00182772	0.00124549	2
31.2028	46.0254	0.00184417	0.00128306	2
30.2571	46.5203	0.00186021	0.00132065	2
29.3123	47.0153	0.00187583	0.00135825	2
28.3689	47.5107	0.00189104	0.00139583	2
27.4273	48.0068	0.00190584	0.00143337	2
26.4878	48.5041	0.00192025	0.00147084	2
25.5508	49.0029	0.00193425	0.00150821	2
24.6168	49.5036	0.00194786	0.00154546	2
23.686	50.0067	0.00196108	0.00158256	2
22.759	50.5123	0.0019739	0.00161949	2
21.836	51.021	0.00198634	0.00165622	2
20.9175	51.5332	0.0019984	0.00169273	2
20.0039	52.0492	0.00201008	0.00172899	2
19.106	52.5633	0.00202126	0.00176457	2
18.2032	53.088	0.0020322	0.00180026	2
17.3064	53.6176	0.00204277	0.00183563	2
16.4161	54.1525	0.00205297	0.00187065	2
15.5326	54.6931	0.00206281	0.00190529	2
14.6562	55.2398	0.00207229	0.00193953	2
13.7875	55.793	0.00208142	0.00197335	2
12.9267	56.3531	0.0020902	0.00200671	2
12.0743	56.9203	0.00209863	0.0020396	2
11.2306	57.4952	0.00210671	0.00207199	2
10.3961	58.078	0.00211446	0.00210384	2
9.57109	58.6692	0.00212186	0.00213515	2
8.75602	59.2692	0.00212893	0.00216587	2
7.95125	59.8783	0.00213567	0.00219599	2
7.15719	60.4969	0.00214208	0.00222548	2
6.37421	61.1253	0.00214817	0.00225432	2
5.60271	61.7641	0.00215393	0.00228248	2
4.84307	62.4135	0.00215938	0.00230992	2
4.09569	63.0739	0.00216451	0.00233664	2
3.36095	63.7457	0.00216934	0.0023626	2
2.63925	64.4294	0.00217385	0.00238778	2
1.93097	65.1251	0.00217806	0.00241215	2
1.2365	65.8335	0.00218198	0.00243569	2
0.563963	66.5464	0.00218555	0.00245812	2
-0.101888	67.2808	0.00218887	0.00247992	2
-0.752764	68.0289	0.00219191	0.00250082	2
-1.38828	68.7911	0.00219465	0.00252078	2

124.996	2.01251	4.38014e-07	2.04529e-07	2
124.621	3.08682	3.81342e-05	1.73423e-05	2
124.259	4.17059	7.63247e-05	3.37761e-05	2
123.913	5.25135	0.000114574	4.93092e-05	2
123.588	6.31675	0.000152443	6.37864e-05	2
123.274	7.39161	0.000190816	7.75524e-05	2
122.977	8.46354	0.000229254	9.04416e-05	2
122.696	9.53257	0.00026776	0.000102462	2
122.43	10.5987	0.000306337	0.000113622	2
122.179	11.6621	0.000344986	0.000123928	2
121.944	12.7226	0.000383711	0.00013339	2
121.724	13.7803	0.000422513	0.000142015	2
121.519	14.8353	0.000461394	0.000149812	2
121.329	15.8876	0.000500358	0.000156787	2
121.153	16.9372	0.000539407	0.00016295	2
120.991	17.9842	0.000578542	0.000168307	2
120.844	19.0285	0.000617767	0.000172868	2
120.711	20.0702	0.000657083	0.000176639	2
120.591	21.1093	0.000696493	0.00017963	2
120.485	22.1459	0.000735999	0.000181848	2
120.393	23.18	0.000775604	0.0001833	2
120.314	24.2115	0.00081531	0.000183996	2
120.247	25.2407	0.00085512	0.000183942	2
120.194	26.2674	0.000895035	0.000183148	2
120.154	27.2917	0.000935059	0.00018162	2
120.126	28.3137	0.000975192	0.000179368	2
120.11	29.3216	0.00101498	0.000176436	2
120.107	30.339	0.00105534	0.000172765	2
120.115	31.354	0.00109581	0.000168393	2
120.135	32.3668	0.00113641	0.000163328	2
120.167	33.3775	0.00117713	0.000157577	2
120.211	34.3859	0.00121798	0.000151149	2
120.265	35.3921	0.00125895	0.000144052	2
120.331	36.3963	0.00130005	0.000136294	2
120.407	37.3983	0.00134128	0.000127882	2
120.495	38.3983	0.00138265	0.000118824	2
120.593	39.3962	0.00142415	0.00010913	2
120.701	40.3921	0.00146579	9.88057e-05	2
120.819	41.386	0.00150758	8.78602e-05	2
120.948	42.378	0.0015495	7.63012e-05	2
121.086	43.3681	0.00159157	6.41368e-05	2
121.233	44.3562	0.00163379	5.1375e-05	2
121.391	45.3425	0.00167617	3.80236e-05	2
121.557	46.327	0.00171869	2.40907e-05	2
121.733	47.3097	0.00176137	9.58427e-06	2
121.917	48.2905	0.0018042	-5.4877e-06	2
122.111	49.2697	0.0018472	-2.11172e-05	2
122.312	50.2471	0.00189036	-3.72963e-05	2
122.522	51.2229	0.00193368	-5.40171e-05	2
122.738	52.1858	0.00197667	-7.10701e-05	2
122.964	53.1582	0.00202033	-8.88441e-05	2
123.198	54.1291	0.00206416	-0.000107136	2
123.44	55.0984	0.00210816	-0.000125937	2
123.689	56.0662	0.00215234	-0.000145241	2
123.945	57.0325	0.0021967	-0.000165038	2
124.209	57.9972	0.00224124	-0.000185321	2
124.479	58.9606	0.00228597	-0.000206081	2
124.756	59.9225	0.00233088	-0.000227312	2
125.04	60.883	0.00237597	-0.000249004	2
125.33	61.8422	0.00242126	-0.000271151	2
125.626	62.8	0.00246674	-0.000293743	2
125.928	63.7565	0.00251242	-0.000316773	2
126.236	64.7118	0.00255829	-0.000340233	2
126.55	65.6658	0.00260437	-0.000364115	2
126.869	66.6186	0.00265065	-0.000388411	2
127.193	67.5702	0.00269713	-0.000413113	2
127.522	68.5206	0.00274382	-0.000438214	2
127.857	69.4699	0.00279071	-0.000463704	2
128.196	70.4182	0.00283782	-0.000489576	2
128.539	71.3653	0.00288515	-0.000515822	2
128.887	72.3115	0.00293269	-0.000542434	2
129.239	73.2566	0.00298045	-0.000569405	2
129.595	74.2007	0.00302843	-0.000596725	2
129.951	75.1331	0.00307608	-0.000624068	2
130.314	76.0753	0.0031245	-0.000652061	2
130.681	77.0167	0.00317316	-0.00068038	2
131.051	77.9573	0.00322205	-0.000709018	2
131.424	78.897	0.00327117	-0.000737966	2
131.801	79.8359	0.00332052	-0.000767216	2
132.179	80.774	0.00337011	-0.000796761	2
132.561	81.7114	0.00341995	-0.000826592	2
132.945	82.6481	0.00347002	-0.000856701	2
133.33	83.584	0.00352034	-0.000887081	2
133.718	84.5194	0.00357091	-0.000917723	2
134.108	85.4541	0.00362173	-0.000948619	2
134.5	86.3882	0.0036728	-0.000979762	2
134.892	87.3218	0.00372412	-0.00101114	2
135.286	88.2548	0.0037757	-0.00104276	2
135.682	89.1873	0.00382754	-0.00107459	2
136.078	90.1193	0.00387964	-0.00110664	2
136.474	91.0509	0.003932	-0.00113889	2
136.872	91.9821	0.00398463	-0.00117135	2
137.269	92.9128	0.00403753	-0.00120399	2
137.667	93.8432	0.00409069	-0.00123682	2
138.065	94.7733	0.00414414	-0.00126982	2
138.463	95.7031	0.00419785	-0.00130299	2
138.855	96.622	0.00425123	-0.00133593	2
139.252	97.5512	0.0043055	-0.00136941	2
139.648	98.4803	0.00436005	-0.00140303	2
140.043	99.4092	0.00441489	-0.00143678	2

