-125	2.01282	-3.67347e-07	1.6248e-07	2
-124.96	3.10526	-3.06936e-05	1.31313e-05	2
-124.893	4.18966	-5.8855e-05	2.42527e-05	2
-124.8	5.25344	-8.4527e-05	3.33983e-05	2
-124.683	6.28496	-0.000107499	4.053e-05	2
-124.539	7.30844	-0.000128348	4.58472e-05	2
-124.37	8.31201	-0.000146836	4.929e-05	2
-124.176	9.29592	-0.000163005	5.08921e-05	2
-123.958	10.2604	-0.000176898	5.06875e-05	2
-123.716	11.2057	-0.000188558	4.87101e-05	2
-123.451	12.132	-0.000198028	4.49938e-05	2
-123.162	13.0396	-0.00020535	3.95726e-05	2
-122.85	13.9287	-0.000210568	3.24804e-05	2
-122.516	14.7995	-0.000213723	2.3751e-05	2
-122.16	15.6524	-0.00021486	1.34184e-05	2
-121.782	16.4875	-0.000214021	1.5166e-06	2
-121.383	17.305	-0.000211248	-1.19206e-05	2
-120.963	18.1053	-0.000206585	-2.68593e-05	2
-120.523	18.8885	-0.000200074	-4.32654e-05	2
-120.062	19.6549	-0.000191758	-6.11052e-05	2
-119.582	20.4047	-0.00018168	-8.03447e-05	2
-119.082	21.1381	-0.000169882	-0.00010095	2
-118.562	21.8555	-0.000156408	-0.000122887	2
-118.025	22.5569	-0.0001413	-0.000146122	2
-117.469	23.2428	-0.000124601	-0.000170621	2
-116.895	23.9133	-0.000106354	-0.00019635	2
-116.31	24.5611	-8.68368e-05	-0.00022296	2
-115.702	25.2017	-6.56384e-05	-0.000251034	2
-115.076	25.8276	-4.30198e-05	-0.000280237	2
-114.435	26.439	-1.90238e-05	-0.000310536	2
-113.777	27.0362	6.30678e-06	-0.000341895	2
-113.104	27.6195	3.29292e-05	-0.00037428	2
-112.415	28.189	6.08006e-05	-0.00040766	2
-111.711	28.745	8.98782e-05	-0.000441998	2
-110.993	29.2878	0.000120119	-0.000477261	2
-110.261	29.8176	0.000151481	-0.000513416	2
-109.515	30.3345	0.00018392	-0.000550428	2
-108.756	30.839	0.000217394	-0.000588264	2
-107.983	31.3311	0.000251861	-0.000626889	2
-107.198	31.8112	0.000287277	-0.00066627	2
-106.4	32.2794	0.000323599	-0.000706373	2
-105.591	32.736	0.000360785	-0.000747163	2
-104.77	33.1813	0.000398792	-0.000788608	2
-103.938	33.6155	0.000437577	-0.000830672	2
-103.096	34.0388	0.000477098	-0.000873322	2
-102.242	34.4515	0.000517311	-0.000916525	2
-101.379	34.8537	0.000558173	-0.000960246	2
-100.506	35.2458	0.000599643	-0.00100445	2
-99.6244	35.628	0.000641677	-0.00104911	2
-98.7437	35.9962	0.00068374	-0.00109366	2
-97.8443	36.3593	0.000726768	-0.00113911	2
-96.9369	36.7132	0.000770233	-0.00118491	2
-96.0216	37.0582	0.00081409	-0.00123102	2
-95.099	37.3943	0.000858299	-0.00127742	2
-94.1693	37.722	0.000902815	-0.00132406	2
-93.233	38.0414	0.000947596	-0.00137092	2
-92.2905	38.3528	0.000992599	-0.00141795	2
-91.3421	38.6564	0.00103778	-0.00146513	2
-90.3882	38.9525	0.0010831	-0.00151243	2
-89.4292	39.2412	0.00112851	-0.0015598	2
-88.4654	39.5229	0.00117398	-0.00160721	2
-87.4973	39.7977	0.00121945	-0.00165464	2
-86.5251	40.0659	0.00126489	-0.00170204	2
-85.5494	40.3278	0.00131025	-0.00174938	2
-84.5704	40.5835	0.00135548	-0.00179663	2
-83.5886	40.8333	0.00140056	-0.00184376	2
-82.6042	41.0775	0.00144543	-0.00189072	2
-81.6178	41.3163	0.00149005	-0.00193749	2
-80.6296	41.5499	0.00153438	-0.00198404	2
-79.6401	41.7785	0.00157838	-0.00203032	2
-78.6496	42.0025	0.001622	-0.0020763	2
-77.6585	42.222	0.0016652	-0.00212196	2
-76.6672	42.4373	0.00170793	-0.00216726	2
-75.6874	42.6462	0.00174968	-0.00221164	2
-74.6967	42.8537	0.00179137	-0.00225611	2
-73.7069	43.0578	0.00183247	-0.00230012	2
-72.7185	43.2586	0.00187293	-0.00234363	2
-71.7316	43.4563	0.00191272	-0.0023866	2
-70.7468	43.6513	0.00195179	-0.00242901	2
-69.7645	43.8437	0.00199009	-0.00247082	2
-68.7849	44.0338	0.0020276	-0.00251199	2
-67.8084	44.2217	0.00206425	-0.0025525	2
-66.8355	44.4079	0.00210001	-0.00259231	2
-65.8665	44.5924	0.00213485	-0.00263138	2
-64.9018	44.7755	0.0021687	-0.00266967	2
-63.9418	44.9575	0.00220154	-0.00270717	2
-62.9868	45.1386	0.00223331	-0.00274383	2
-62.0372	45.3191	0.00226398	-0.00277961	2
-61.0935	45.4991	0.00229351	-0.00281449	2
-60.1559	45.6789	0.00232184	-0.00284844	2
-59.2248	45.8588	0.00234894	-0.0028814	2
-58.3007	46.039	0.00237477	-0.00291336	2
-57.3839	46.2197	0.00239927	-0.00294428	2
-56.4748	46.4012	0.00242242	-0.00297413	2
-55.5737	46.5837	0.00244416	-0.00300286	2
-54.6811	46.7674	0.00246446	-0.00303046	2
-53.8074	46.9505	0.00248305	-0.00305657	2
-52.9327	47.1374	0.00250034	-0.00308179	2
-52.0675	47.3262	0.00251606	-0.00310577	2
-51.2122	47.5172	0.00253016	-0.00312846	2

-75.0065	2.01209	-6.06343e-07	2.00295e-07	2
-75.5456	3.04789	-5.20118e-05	1.71399e-05	2
-76.0579	4.08721	-0.000102538	3.3705e-05	2
-76.5374	5.11796	-0.000151594	4.97004e-05	2
-76.9795	6.12844	-0.000198659	6.49571e-05	2
-77.3948	7.14215	-0.000244845	7.98351e-05	2
-77.7783	8.14729	-0.000289611	9.41589e-05	2
-78.1306	9.14388	-0.000332976	0.000107934	2
-78.4519	10.1319	-0.000374956	0.000121164	2
-78.7427	11.1114	-0.000415568	0.000133856	2
-79.0032	12.0823	-0.000454828	0.000146015	2
-79.234	13.0447	-0.000492755	0.000157645	2
-79.4353	13.9985	-0.000529364	0.000168752	2
-79.6077	14.9438	-0.000564672	0.000179341	2
-79.7513	15.8805	-0.000598697	0.000189417	2
-79.8667	16.8087	-0.000631455	0.000198985	2
-79.9542	17.7284	-0.000662964	0.00020805	2
-80.0142	18.6395	-0.000693239	0.000216618	2
-80.0471	19.5421	-0.000722299	0.000224694	2
-80.0533	20.4362	-0.00075016	0.000232282	2
-80.0331	21.3217	-0.000776838	0.000239389	2
-79.9869	22.1988	-0.000802351	0.000246019	2
-79.9151	23.0673	-0.000826715	0.000252177	2
-79.8181	23.9273	-0.000849948	0.000257869	2
-79.6963	24.7788	-0.000872066	0.0002631	2
-79.55	25.6218	-0.000893087	0.000267874	2
-79.3818	26.4467	-0.000912803	0.00027215	2
-79.188	27.2728	-0.000931691	0.000276033	2
-78.971	28.0903	-0.000949531	0.000279475	2
-78.731	28.8994	-0.000966341	0.000282481	2
-78.4685	29.7	-0.000982138	0.000285057	2
-78.1839	30.4921	-0.000996938	0.000287208	2
-77.8774	31.2757	-0.00101076	0.000288939	2
-77.5496	32.0508	-0.00102362	0.000290254	2
-77.2008	32.8174	-0.00103553	0.00029116	2
-76.8313	33.5755	-0.00104651	0.000291662	2
-76.4416	34.3252	-0.00105658	0.000291764	2
-76.032	35.0664	-0.00106575	0.000291472	2
-75.603	35.7991	-0.00107405	0.000290791	2
-75.1548	36.5234	-0.00108149	0.000289725	2
-74.688	37.2392	-0.00108808	0.000288282	2
-74.2028	37.9465	-0.00109384	0.000286464	2
-73.6996	38.6453	-0.00109879	0.000284278	2
-73.1789	39.3358	-0.00110295	0.000281729	2
-72.641	40.0177	-0.00110633	0.000278821	2
-72.0863	40.6912	-0.00110895	0.000275561	2
-71.5152	41.3563	-0.00111083	0.000271953	2
-70.928	42.0129	-0.00111198	0.000268002	2
-70.3252	42.661	-0.00111242	0.000263714	2
-69.7143	43.2934	-0.00111218	0.000259148	2
-69.0814	43.9248	-0.00111126	0.000254204	2
-68.4341	44.5478	-0.00110968	0.000248938	2
-67.7726	45.1623	-0.00110746	0.000243355	2
-67.0974	45.7684	-0.00110462	0.000237461	2
-66.4088	46.366	-0.00110117	0.00023126	2
-65.7072	46.9553	-0.00109712	0.000224757	2
-64.9931	47.5361	-0.0010925	0.000217959	2
-64.2667	48.1085	-0.00108733	0.000210869	2
-63.5284	48.6725	-0.00108161	0.000203493	2
-62.7787	49.228	-0.00107537	0.000195837	2
-62.018	49.7752	-0.00106862	0.000187905	2
-61.2465	50.314	-0.00106138	0.000179702	2
-60.4647	50.8443	-0.00105367	0.000171234	2
-59.673	51.3663	-0.0010455	0.000162507	2
-58.8718	51.8798	-0.00103689	0.000153524	2
-58.0614	52.385	-0.00102786	0.000144291	2
-57.2422	52.8818	-0.00101843	0.000134814	2
-56.4146	53.3701	-0.0010086	0.000125098	2
-55.579	53.8501	-0.000998409	0.000115147	2
-54.7358	54.3218	-0.000987859	0.000104967	2
-53.8853	54.785	-0.00097697	9.45631e-05	2
-53.028	55.2399	-0.00096576	8.39404e-05	2
-52.1641	55.6863	-0.000954246	7.31041e-05	2
-51.3042	56.1195	-0.000942582	6.21874e-05	2
-50.4286	56.5493	-0.000930513	5.09416e-05	2
-49.5477	56.9708	-0.000918191	3.94977e-05	2
-48.6618	57.3839	-0.000905631	2.78606e-05	2
-47.7713	57.7886	-0.000892852	1.60357e-05	2
-46.8767	58.185	-0.000879869	4.02811e-06	2
-45.9782	58.5731	-0.0008667	-8.15706e-06	2
-45.0762	58.9528	-0.000853362	-2.05146e-05	2
-44.1713	59.3241	-0.000839872	-3.30394e-05	2
-43.2636	59.6871	-0.000826246	-4.57263e-05	2
-42.3537	60.0418	-0.000812501	-5.857e-05	2
-41.4419	60.3881	-0.000798655	-7.15655e-05	2
-40.5285	60.7261	-0.000784724	-8.47076e-05	2
-39.614	61.0557	-0.000770724	-9.79911e-05	2
-38.6988	61.377	-0.000756674	-0.000111411	2
-37.7832	61.69	-0.00074259	-0.000124962	2
-36.8676	61.9947	-0.000728488	-0.000138639	2
-35.9524	62.291	-0.000714386	-0.000152436	2
-35.0379	62.579	-0.0007003	-0.000166349	2
-34.1246	62.8587	-0.000686248	-0.000180373	2
-33.2129	63.1301	-0.000672246	-0.000194502	2
-32.3031	63.3932	-0.000658311	-0.000208731	2
-31.3955	63.6479	-0.000644461	-0.000223055	2
-30.5011	63.8916	-0.000630868	-0.000237302	2
-29.5993	64.1299	-0.000617235	-0.0002518	2
-28.7009	64.3598	-0.000603736	-0.000266377	2
-27.8064	64.5815	-0.000590389	-0.000281028	2

-25.003	2.00998	8.20547e-09	-1.25843e-07	2
-25.2635	2.87235	-2.32236e-07	-1.09511e-05	2
-25.5313	3.75286	-2.35386e-06	-2.1903e-05	2
-25.8029	4.64124	-6.32738e-06	-3.28488e-05	2
-26.0749	5.52685	-1.20386e-05	-4.36559e-05	2
-26.3532	6.42999	-1.95833e-05	-5.45685e-05	2
-26.6344	7.3401	-2.88679e-05	-6.54539e-05	2
-26.918	8.25688	-3.98548e-05	-7.6305e-05	2
-27.2037	9.18003	-5.25067e-05	-8.71148e-05	2
-27.4912	10.1092	-6.67861e-05	-9.78763e-05	2
-27.7801	11.0442	-8.26554e-05	-0.000108582	2
-28.0701	11.9847	-0.000100077	-0.000119226	2
-28.3608	12.9303	-0.000119014	-0.0001298	2
-28.6518	13.8808	-0.000139428	-0.000140297	2
-28.9427	14.8359	-0.000161283	-0.000150711	2
-29.2334	15.7952	-0.00018454	-0.000161035	2
-29.5233	16.7585	-0.000209162	-0.00017126	2
-29.8121	17.7255	-0.000235111	-0.000181381	2
-30.0995	18.6958	-0.000262351	-0.00019139	2
-30.3852	19.6692	-0.000290843	-0.00020128	2
-30.6687	20.6453	-0.000320551	-0.000211044	2
-30.9497	21.624	-0.000351436	-0.000220676	2
-31.2278	22.6048	-0.000383461	-0.000230167	2
-31.5028	23.5874	-0.00041659	-0.000239511	2
-31.7742	24.5716	-0.000450783	-0.000248701	2
-32.0417	25.5571	-0.000486004	-0.000257731	2
-32.3019	26.5322	-0.000521794	-0.000266491	2
-32.5606	27.5193	-0.000558947	-0.000275178	2
-32.8143	28.5068	-0.000597016	-0.000283684	2
-33.0627	29.4943	-0.000635963	-0.000292	2
-33.3054	30.4816	-0.000675752	-0.00030012	2
-33.542	31.4684	-0.000716343	-0.000308037	2
-33.7723	32.4543	-0.0007577	-0.000315743	2
-33.9959	33.4391	-0.000799786	-0.000323232	2
-34.2123	34.4224	-0.000842562	-0.000330496	2
-34.4214	35.404	-0.000885992	-0.000337529	2
-34.6226	36.3836	-0.000930038	-0.000344323	2
-34.8156	37.3608	-0.000974662	-0.000350871	2
-35.0001	38.3354	-0.00101983	-0.000357167	2
-35.1758	39.3071	-0.0010655	-0.000363203	2
-35.3423	40.2755	-0.00111163	-0.000368973	2
-35.4991	41.2404	-0.00115819	-0.000374468	2
-35.6461	42.2014	-0.00120515	-0.000379683	2
-35.7828	43.1583	-0.00125245	-0.00038461	2
-35.9088	44.1108	-0.00130008	-0.000389241	2
-36.0238	45.0585	-0.00134798	-0.000393571	2
-36.1275	46.0011	-0.00139612	-0.000397592	2
-36.2195	46.9385	-0.00144447	-0.000401296	2
-36.2994	47.8702	-0.00149298	-0.000404678	2
-36.3662	48.7853	-0.00154106	-0.000407696	2
-36.4211	49.7049	-0.0015898	-0.000410414	2
-36.4629	50.6179	-0.00163858	-0.000412787	2
-36.4912	51.5241	-0.00168739	-0.00041481	2
-36.5057	52.4231	-0.00173617	-0.000416474	2
-36.5061	53.3147	-0.00178489	-0.000417772	2
-36.4918	54.1986	-0.00183352	-0.000418699	2
-36.4627	55.0744	-0.00188201	-0.000419245	2
-36.4184	55.9419	-0.00193034	-0.000419406	2
-36.3584	56.8007	-0.00197845	-0.000419172	2
-36.2826	57.6506	-0.00202632	-0.000418538	2
-36.1904	58.4913	-0.00207391	-0.000417497	2
-36.0815	59.3224	-0.00212117	-0.00041604	2
-35.9556	60.1436	-0.00216808	-0.000414162	2
-35.8124	60.9547	-0.00221459	-0.000411856	2
-35.6514	61.7554	-0.00226067	-0.000409113	2
-35.4724	62.5453	-0.00230628	-0.000405927	2
-35.2749	63.3242	-0.00235138	-0.000402292	2
-35.0587	64.0917	-0.00239593	-0.000398199	2
-34.8233	64.8476	-0.0024399	-0.000393642	2
-34.5684	65.5915	-0.00248325	-0.000388615	2
-34.2937	66.3232	-0.00252595	-0.000383109	2
-33.9987	67.0423	-0.00256794	-0.000377118	2
-33.6832	67.7486	-0.00260921	-0.000370635	2
-33.3508	68.4339	-0.00264924	-0.000363735	2
-32.9934	69.1137	-0.00268893	-0.000356252	2
-32.6143	69.7798	-0.00272778	-0.000348256	2
-32.2133	70.4318	-0.00276575	-0.000339739	2
-31.79	71.0695	-0.0028028	-0.000330695	2
-31.344	71.6926	-0.00283889	-0.000321117	2
-30.8749	72.3007	-0.00287399	-0.000310996	2
-30.3825	72.8935	-0.00290805	-0.000300328	2
-29.8663	73.4708	-0.00294104	-0.000289104	2
-29.326	74.0323	-0.00297293	-0.000277317	2
-28.7612	74.5776	-0.00300367	-0.00026496	2
-28.1717	75.1064	-0.00303323	-0.000252027	2
-27.557	75.6185	-0.00306156	-0.00023851	2
-26.9167	76.1136	-0.00308865	-0.000224402	2
-26.2507	76.5913	-0.00311443	-0.000209697	2
-25.5583	77.0513	-0.00313889	-0.000194386	2
-24.8394	77.4934	-0.00316197	-0.000178463	2
-24.0936	77.9172	-0.00318365	-0.000161922	2
-23.3205	78.3225	-0.00320388	-0.000144754	2
-22.5197	78.7089	-0.00322263	-0.000126953	2
-21.691	79.0762	-0.00323986	-0.000108512	2
-20.8339	79.424	-0.00325554	-8.94239e-05	2
-19.948	79.7521	-0.00326961	-6.96814e-05	2
-19.0439	80.0567	-0.00328193	-4.95159e-05	2
-18.0999	80.3445	-0.00329272	-2.84515e-05	2
-17.1262	80.6118	-0.00330181	-6.7117e-06	2
-16.1224	80.8581	-0.00330916	1.57105e-05	2

25.0003	2.01131	-2.7203e-07	2.54101e-07	2
25.0118	2.97967	-2.32012e-05	2.11703e-05	2
24.989	3.95117	-4.54763e-05	4.04734e-05	2
24.9325	4.91461	-6.68489e-05	5.79514e-05	2
24.8443	5.85915	-8.71118e-05	7.34754e-05	2
24.7232	6.80687	-0.00010676	8.7448e-05	2
24.5708	7.74682	-0.000125575	9.97203e-05	2
24.3879	8.67912	-0.000143582	0.000110334	2
24.1754	9.60387	-0.000160804	0.000119331	2
23.9342	10.5212	-0.000177264	0.000126753	2
23.6649	11.4311	-0.000192986	0.000132643	2
23.3685	12.3338	-0.000207994	0.00013704	2
23.0457	13.2294	-0.00022231	0.000139989	2
22.6975	14.1179	-0.000235959	0.000141529	2
22.3246	14.9995	-0.000248964	0.000141704	2
21.9278	15.8742	-0.000261349	0.000140555	2
21.508	16.7422	-0.000273137	0.000138124	2
21.0659	17.6036	-0.000284351	0.000134452	2
20.6025	18.4584	-0.000295015	0.000129582	2
20.1186	19.3069	-0.000305153	0.000123555	2
19.6149	20.149	-0.000314789	0.000116412	2
19.0923	20.9848	-0.000323945	0.000108197	2
18.5516	21.8146	-0.000332645	9.89503e-05	2
17.9937	22.6383	-0.000340913	8.87141e-05	2
17.4193	23.4561	-0.000348772	7.753e-05	2
16.8293	24.2681	-0.000356246	6.54401e-05	2
16.2315	25.0651	-0.000363279	5.26396e-05	2
15.6129	25.8659	-0.000370057	3.88724e-05	2
14.9812	26.6611	-0.000376521	2.43242e-05	2
14.3372	27.4509	-0.000382692	9.03681e-06	2
13.6816	28.2354	-0.000388597	-6.94796e-06	2
13.0154	29.0147	-0.000394257	-2.35883e-05	2
12.3393	29.7889	-0.000399696	-4.08424e-05	2
11.6542	30.5581	-0.000404938	-5.86684e-05	2
10.9609	31.3224	-0.000410006	-7.70246e-05	2
10.2602	32.082	-0.000414924	-9.58692e-05	2
9.55296	32.8368	-0.000419716	-0.00011516	2
8.83999	33.587	-0.000424404	-0.000134856	2
8.12212	34.3328	-0.000429013	-0.000154915	2
7.40018	35.0741	-0.000433566	-0.000175294	2
6.67497	35.8112	-0.000438086	-0.000195953	2
5.94734	36.5441	-0.000442597	-0.00021685	2
5.2181	37.2729	-0.000447123	-0.000237942	2
4.48808	37.9978	-0.000451687	-0.000259188	2
3.7581	38.7187	-0.000456312	-0.000280546	2
3.02898	39.4359	-0.000461023	-0.000301975	2
2.30156	40.1494	-0.000465842	-0.000323431	2
1.57666	40.8594	-0.000470794	-0.000344875	2
0.855089	41.5659	-0.000475901	-0.000366263	2
0.145906	42.261	-0.000481125	-0.00038731	2
-0.56657	42.9609	-0.000486612	-0.000408464	2
-1.27324	43.6576	-0.000492325	-0.000429439	2
-1.97329	44.3513	-0.000498287	-0.000450191	2
-2.66588	45.042	-0.000504522	-0.000470679	2
-3.35019	45.7299	-0.000511054	-0.000490862	2
-4.02541	46.415	-0.000517907	-0.000510698	2
-4.6907	47.0975	-0.000525102	-0.000530144	2
-5.34524	47.7774	-0.000532665	-0.000549159	2
-5.9882	48.4549	-0.000540619	-0.000567702	2
-6.61877	49.13	-0.000548987	-0.00058573	2
-7.23611	49.8029	-0.000557793	-0.000603201	2
-7.83941	50.4737	-0.00056706	-0.000620074	2
-8.42784	51.1424	-0.000576812	-0.000636308	2
-9.00057	51.8092	-0.000587072	-0.000651859	2
-9.55678	52.4742	-0.000597864	-0.000666687	2
-10.0956	53.1374	-0.000609212	-0.000680749	2
-10.6163	53.799	-0.000621138	-0.000694004	2
-11.118	54.4591	-0.000633667	-0.00070641	2
-11.5999	55.1177	-0.000646822	-0.000717925	2
-12.0612	55.7751	-0.000660627	-0.000728508	2
-12.5009	56.4312	-0.000675104	-0.000738115	2
-12.9184	57.0862	-0.000690279	-0.000746707	2
-13.3128	57.7402	-0.000706173	-0.00075424	2
-13.6791	58.3858	-0.000722615	-0.000760606	2
-14.0251	59.038	-0.000740012	-0.000765911	2
-14.3454	59.6896	-0.000758198	-0.000770034	2
-14.6394	60.3406	-0.000777199	-0.000772931	2
-14.9061	60.991	-0.000797037	-0.000774561	2
-15.1448	61.6411	-0.000817736	-0.000774883	2
-15.3547	62.2908	-0.00083932	-0.000773855	2
-15.5348	62.9404	-0.000861811	-0.000771434	2
-15.6844	63.5898	-0.000885235	-0.00076758	2
-15.8026	64.2393	-0.000909613	-0.00076225	2
-15.8887	64.8889	-0.00093497	-0.000755402	2
-15.9417	65.5387	-0.000961329	-0.000746995	2
-15.961	66.1888	-0.000988714	-0.000736987	2
-15.9456	66.8393	-0.00101715	-0.000725336	2
-15.8947	67.4903	-0.00104666	-0.000712	2
-15.8075	68.142	-0.00107726	-0.000696938	2
-15.6832	68.7943	-0.00110898	-0.000680107	2
-15.521	69.4475	-0.00114185	-0.000661466	2
-15.32	70.1017	-0.00117588	-0.000640972	2
-15.0794	70.7568	-0.00121111	-0.000618585	2
-14.7984	71.4131	-0.00124754	-0.000594263	2
-14.4762	72.0706	-0.00128522	-0.000567963	2
-14.1118	72.7295	-0.00132416	-0.000539644	2
-13.7095	73.3822	-0.00136391	-0.000509624	2
-13.2591	74.044	-0.00140542	-0.000477166	2
-12.7642	74.7075	-0.00144826	-0.000442563	2
-12.2239	75.3726	-0.00149246	-0.000405774	2

74.9966	2.01234	-4.67817e-07	4.0461e-07	2
74.6943	3.06269	-4.02924e-05	3.44693e-05	2
74.367	4.10423	-7.97718e-05	6.74732e-05	2
74.0186	5.12497	-0.000118456	9.9034e-05	2
73.6538	6.11388	-0.000155931	0.000128836	2
73.2646	7.09431	-0.000193086	0.000157594	2
72.8555	8.05499	-0.000229499	0.000184976	2
72.4269	8.99628	-0.000265188	0.000211005	2
71.9792	9.91853	-0.00030017	0.000235704	2
71.5128	10.8221	-0.000334463	0.000259094	2
71.0282	11.7073	-0.000368084	0.000281198	2
70.5257	12.5746	-0.000401052	0.000302038	2
70.0057	13.4242	-0.000433384	0.000321638	2
69.4687	14.2565	-0.000465099	0.00034002	2
68.9151	15.0719	-0.000496213	0.000357205	2
68.3452	15.8707	-0.000526744	0.000373217	2
67.7595	16.6533	-0.000556711	0.000388079	2
67.1584	17.4201	-0.000586131	0.000401812	2
66.5424	18.1713	-0.000615021	0.000414439	2
65.9117	18.9074	-0.0006434	0.000425982	2
65.2668	19.6286	-0.000671285	0.000436465	2
64.6082	20.3354	-0.000698695	0.000445909	2
63.9362	21.0281	-0.000725645	0.000454337	2
63.2512	21.707	-0.000752156	0.000461772	2
62.5537	22.3725	-0.000778244	0.000468236	2
61.844	23.025	-0.000803926	0.000473751	2
61.131	23.6575	-0.000828933	0.000478293	2
60.3984	24.285	-0.000853863	0.000481989	2
59.6549	24.9006	-0.000878441	0.000484804	2
58.9009	25.5045	-0.000902685	0.00048676	2
58.1368	26.0972	-0.000926613	0.00048788	2
57.363	26.6789	-0.000950242	0.000488186	2
56.5799	27.25	-0.000973589	0.000487701	2
55.7879	27.8109	-0.000996674	0.000486447	2
54.9875	28.3619	-0.00101951	0.000484446	2
54.179	28.9033	-0.00104212	0.000481722	2
53.3629	29.4356	-0.00106453	0.000478297	2
52.5395	29.9591	-0.00108674	0.000474192	2
51.7093	30.4741	-0.00110877	0.000469431	2
50.8727	30.9809	-0.00113065	0.000464037	2
50.03	31.48	-0.00115239	0.000458031	2
49.1818	31.9717	-0.00117401	0.000451436	2
48.3283	32.4563	-0.00119552	0.000444275	2
47.4701	32.9342	-0.00121695	0.00043657	2
46.6075	33.4058	-0.00123831	0.000428343	2
45.7409	33.8713	-0.00125962	0.000419618	2
44.8707	34.3312	-0.0012809	0.000410416	2
43.9974	34.7858	-0.00130216	0.00040076	2
43.1214	35.2355	-0.00132343	0.000390673	2
42.2531	35.6754	-0.00134447	0.0003803	2
41.3728	36.1163	-0.0013658	0.000369422	2
40.491	36.5533	-0.00138718	0.000358179	2
39.6081	36.9867	-0.00140864	0.000346595	2
38.7244	37.4169	-0.00143018	0.000334691	2
37.8405	37.8443	-0.00145184	0.000322491	2
36.9567	38.2692	-0.00147362	0.000310017	2
36.0734	38.692	-0.00149555	0.00029729	2
35.191	39.113	-0.00151764	0.000284335	2
34.3099	39.5325	-0.00153991	0.000271173	2
33.4306	39.951	-0.00156238	0.000257826	2
32.5535	40.3688	-0.00158507	0.000244318	2
31.6789	40.7861	-0.00160799	0.00023067	2
30.8073	41.2035	-0.00163116	0.000216905	2
29.9391	41.6212	-0.0016546	0.000203046	2
29.0746	42.0396	-0.00167832	0.000189116	2
28.2144	42.4591	-0.00170235	0.000175136	2
27.3588	42.8799	-0.00172671	0.000161129	2
26.5081	43.3024	-0.0017514	0.000147118	2
25.6629	43.7271	-0.00177645	0.000133124	2
24.8236	44.1542	-0.00180188	0.000119172	2
23.9905	44.5841	-0.0018277	0.000105283	2
23.164	45.0172	-0.00185393	9.14788e-05	2
22.3446	45.4538	-0.00188059	7.77831e-05	2
21.5419	45.8891	-0.00190738	6.4373e-05	2
20.7378	46.3337	-0.00193495	5.09591e-05	2
19.9419	46.7828	-0.001963	3.77205e-05	2
19.1547	47.2369	-0.00199154	2.46796e-05	2
18.3766	47.6962	-0.00202061	1.18591e-05	2
17.608	48.1611	-0.00205021	-7.18655e-07	2
16.8493	48.6321	-0.00208036	-1.30311e-05	2
16.1009	49.1093	-0.00211109	-2.50559e-05	2
15.3633	49.5932	-0.0021424	-3.67703e-05	2
14.6368	50.0841	-0.00217432	-4.8152e-05	2
13.9219	50.5824	-0.00220686	-5.91785e-05	2
13.2189	51.0884	-0.00224004	-6.98273e-05	2
12.5283	51.6026	-0.00227388	-8.00758e-05	2
11.8505	52.1251	-0.0023084	-8.99016e-05	2
11.1858	52.6565	-0.00234362	-9.92823e-05	2
10.5348	53.1969	-0.00237955	-0.000108195	2
9.89772	53.7469	-0.00241621	-0.000116618	2
9.27507	54.3067	-0.00245361	-0.000124528	2
8.66724	54.8767	-0.00249178	-0.000131903	2
8.07464	55.4573	-0.00253074	-0.00013872	2
7.49768	56.0488	-0.0025705	-0.000144957	2
6.93676	56.6515	-0.00261107	-0.000150592	2
6.39229	57.2658	-0.00265249	-0.000155601	2
5.87065	57.8849	-0.00269427	-0.000159916	2
5.36011	58.5233	-0.0027374	-0.000163616	2
4.86725	59.1744	-0.00278142	-0.000166623	2
4.39248	59.8386	-0.00282635	-0.000168915	2

124.997	2.0108	-7.34172e-07	1.47001e-07	2
124.758	2.93957	-6.17036e-05	1.29838e-05	2
124.52	3.87901	-0.000119058	2.63579e-05	2
124.284	4.81834	-0.000172122	4.01165e-05	2
124.054	5.74674	-0.000220419	5.40891e-05	2
123.823	6.68579	-0.000265132	6.85951e-05	2
123.596	7.6247	-0.000305734	8.34684e-05	2
123.372	8.56346	-0.000342286	9.87031e-05	2
123.15	9.50206	-0.000374848	0.000114294	2
122.931	10.4405	-0.000403478	0.000130234	2
122.715	11.3788	-0.000428238	0.000146518	2
122.502	12.3168	-0.000449187	0.000163141	2
122.292	13.2547	-0.000466386	0.000180097	2
122.084	14.1924	-0.000479893	0.00019738	2
121.879	15.1299	-0.00048977	0.000214983	2
121.677	16.0672	-0.000496075	0.000232902	2
121.478	17.0043	-0.00049887	0.000251131	2
121.282	17.9412	-0.000498213	0.000269663	2
121.088	18.8778	-0.000494165	0.000288493	2
120.897	19.8142	-0.000486786	0.000307616	2
120.708	20.7504	-0.000476136	0.000327025	2
120.523	21.6863	-0.000462274	0.000346715	2
120.34	22.6219	-0.000445261	0.00036668	2
120.159	23.5573	-0.000425156	0.000386914	2
119.982	24.4924	-0.00040202	0.000407412	2
119.807	25.4273	-0.000375912	0.000428167	2
119.636	26.3511	-0.000347243	0.000448931	2
119.467	27.2854	-0.000315404	0.000470182	2
119.3	28.2193	-0.000280772	0.000491673	2
119.135	29.153	-0.000243409	0.000513398	2
118.973	30.0864	-0.000203372	0.000535353	2
118.814	31.0194	-0.000160723	0.00055753	2
118.658	31.9522	-0.000115521	0.000579925	2
118.504	32.8846	-6.78266e-05	0.000602532	2
118.352	33.8166	-1.76991e-05	0.000625344	2
118.203	34.7483	3.48014e-05	0.000648357	2
118.057	35.6797	8.96148e-05	0.000671563	2
117.913	36.6107	0.000146681	0.000694959	2
117.772	37.5413	0.000205941	0.000718537	2
117.634	38.4716	0.000267334	0.000742292	2
117.497	39.4015	0.000330799	0.000766218	2
117.364	40.331	0.000396279	0.00079031	2
117.233	41.2601	0.000463711	0.000814561	2
117.104	42.1888	0.000533037	0.000838967	2
116.978	43.1171	0.000604197	0.00086352	2
116.854	44.045	0.00067713	0.000888216	2
116.733	44.9724	0.000751777	0.000913049	2
116.614	45.8995	0.000828077	0.000938012	2
116.498	46.8261	0.000905971	0.000963101	2
116.385	47.7416	0.000984477	0.000988018	2
116.274	48.6673	0.00106536	0.00101334	2
116.165	49.5926	0.00114766	0.00103877	2
116.058	50.5174	0.00123132	0.0010643	2
115.954	51.4417	0.00131627	0.00108992	2
115.852	52.3656	0.00140245	0.00111564	2
115.753	53.289	0.00148981	0.00114144	2
115.655	54.2118	0.00157828	0.00116732	2
115.561	55.1342	0.00166781	0.00119328	2
115.468	56.0561	0.00175833	0.0012193	2
115.378	56.9775	0.00184979	0.00124538	2
115.29	57.8984	0.00194213	0.00127152	2
115.205	58.8187	0.00203527	0.00129771	2
115.122	59.7385	0.00212918	0.00132394	2
115.041	60.6578	0.00222378	0.00135021	2
114.962	61.5765	0.00231901	0.00137652	2
114.886	62.4947	0.00241482	0.00140285	2
114.812	63.4123	0.00251115	0.00142921	2
114.74	64.3294	0.00260793	0.00145558	2
114.671	65.2459	0.00270511	0.00148195	2
114.604	66.1618	0.00280262	0.00150834	2
114.539	67.0771	0.00290041	0.00153472	2
114.476	67.9918	0.00299841	0.00156109	2
114.415	68.9059	0.00309658	0.00158745	2
114.358	69.8089	0.0031937	0.00161349	2
114.302	70.7219	0.00329199	0.00163981	2
114.247	71.6342	0.00339026	0.0016661	2
114.196	72.5458	0.00348845	0.00169235	2
114.146	73.4569	0.00358649	0.00171856	2
114.098	74.3673	0.00368433	0.00174472	2
114.053	75.277	0.00378191	0.00177082	2
114.01	76.1861	0.00387916	0.00179687	2
113.969	77.0945	0.00397603	0.00182285	2
113.93	78.0023	0.00407246	0.00184876	2
113.893	78.9094	0.00416839	0.0018746	2
113.858	79.8158	0.00426375	0.00190035	2
113.825	80.7215	0.00435849	0.00192602	2
113.795	81.6265	0.00445255	0.00195159	2
113.766	82.5308	0.00454586	0.00197706	2
113.74	83.4344	0.00463837	0.00200242	2
113.715	84.3373	0.00473002	0.00202768	2
113.693	85.2395	0.00482075	0.00205281	2
113.672	86.1409	0.0049105	0.00207783	2
113.654	87.0417	0.0049992	0.00210272	2
113.638	87.9416	0.0050868	0.00212747	2
113.623	88.8408	0.00517324	0.00215208	2
113.611	89.7393	0.00525846	0.00217654	2
113.601	90.6266	0.00534144	0.00220058	2
113.592	91.5236	0.00542405	0.00222474	2
113.586	92.4197	0.00550526	0.00224873	2
113.581	93.3151	0.005585	0.00227256	2

