-125	2.01178	-2.63464e-07	2.06583e-07	2
-125.035	3.01877	-2.23849e-05	1.71729e-05	2
-125.103	4.02589	-4.37038e-05	3.27529e-05	2
-125.203	5.02155	-6.39864e-05	4.67778e-05	2
-125.332	5.99468	-8.30461e-05	5.91502e-05	2
-125.492	6.96809	-0.000101355	7.01955e-05	2
-125.682	7.93058	-0.000118716	7.97992e-05	2
-125.9	8.88234	-0.000135159	8.7999e-05	2
-126.147	9.82354	-0.000150712	9.48329e-05	2
-126.42	10.7544	-0.000165405	0.000100339	2
-126.72	11.675	-0.000179268	0.000104555	2
-127.046	12.5857	-0.000192329	0.000107519	2
-127.396	13.4865	-0.00020462	0.000109269	2
-127.77	14.3776	-0.000216169	0.000109842	2
-128.168	15.2594	-0.000227005	0.000109277	2
-128.588	16.1318	-0.000237159	0.000107612	2
-129.029	16.9951	-0.000246659	0.000104884	2
-129.492	17.8496	-0.000255535	0.000101132	2
-129.975	18.6953	-0.000263817	9.63933e-05	2
-130.478	19.5324	-0.000271534	9.07058e-05	2
-130.998	20.3612	-0.000278716	8.41075e-05	2
-131.537	21.1818	-0.000285391	7.66364e-05	2
-132.093	21.9944	-0.00029159	6.83303e-05	2
-132.666	22.7992	-0.000297342	5.92273e-05	2
-133.253	23.5963	-0.000302677	4.93652e-05	2
-133.856	24.386	-0.000307624	3.87819e-05	2
-134.466	25.1595	-0.000312161	2.76487e-05	2
-135.095	25.9349	-0.000316424	1.57442e-05	2
-135.738	26.7034	-0.000320387	3.23183e-06	2
-136.392	27.4652	-0.00032408	-9.85039e-06	2
-137.057	28.2205	-0.000327531	-2.34646e-05	2
-137.732	28.9693	-0.000330772	-3.75727e-05	2
-138.416	29.712	-0.00033383	-5.2137e-05	2
-139.109	30.4487	-0.000336736	-6.71195e-05	2
-139.81	31.1796	-0.000339519	-8.24822e-05	2
-140.518	31.9049	-0.000342209	-9.81872e-05	2
-141.233	32.6247	-0.000344835	-0.000114197	2
-141.953	33.3392	-0.000347426	-0.000130473	2
-142.677	34.0486	-0.000350013	-0.000146977	2
-143.406	34.7532	-0.000352624	-0.000163672	2
-144.138	35.453	-0.000355288	-0.00018052	2
-144.873	36.1483	-0.000358037	-0.000197482	2
-145.609	36.8392	-0.000360898	-0.000214522	2
-146.346	37.526	-0.000363902	-0.0002316	2
-147.083	38.2087	-0.000367078	-0.000248679	2
-147.82	38.8877	-0.000370455	-0.000265722	2
-148.555	39.563	-0.000374064	-0.000282689	2
-149.288	40.2349	-0.000377932	-0.000299544	2
-150.018	40.9035	-0.000382091	-0.000316248	2
-150.737	41.5614	-0.000386516	-0.000332575	2
-151.459	42.2241	-0.000391338	-0.000348867	2
-152.176	42.884	-0.000396539	-0.000364894	2
-152.886	43.5415	-0.000402148	-0.00038062	2
-153.59	44.1965	-0.000408193	-0.000396006	2
-154.287	44.8494	-0.000414705	-0.000411014	2
-154.975	45.5003	-0.000421713	-0.000425606	2
-155.654	46.1494	-0.000429247	-0.000439745	2
-156.324	46.7969	-0.000437335	-0.000453392	2
-156.982	47.443	-0.000446008	-0.000466509	2
-157.63	48.0877	-0.000455295	-0.000479059	2
-158.265	48.7314	-0.000465226	-0.000491004	2
-158.887	49.3742	-0.000475829	-0.000502305	2
-159.495	50.0163	-0.000487135	-0.000512925	2
-160.089	50.6579	-0.000499172	-0.000522826	2
-160.668	51.2991	-0.000511972	-0.00053197	2
-161.231	51.9402	-0.000525562	-0.000540319	2
-161.777	52.5812	-0.000539972	-0.000547835	2
-162.305	53.2225	-0.000555233	-0.00055448	2
-162.815	53.8642	-0.000571372	-0.000560216	2
-163.306	54.5064	-0.000588421	-0.000565006	2
-163.777	55.1494	-0.000606408	-0.000568811	2
-164.228	55.7932	-0.000625363	-0.000571593	2
-164.657	56.4382	-0.000645315	-0.000573315	2
-165.059	57.0771	-0.000666047	-0.000573938	2
-165.443	57.7249	-0.00068807	-0.000573439	2
-165.804	58.3743	-0.000711178	-0.000571766	2
-166.14	59.0255	-0.000735401	-0.000568881	2
-166.45	59.6788	-0.000760769	-0.000564746	2
-166.735	60.3343	-0.000787311	-0.000559324	2
-166.993	60.9921	-0.000815056	-0.000552576	2
-167.223	61.6525	-0.000844034	-0.000544465	2
-167.425	62.3157	-0.000874275	-0.000534952	2
-167.598	62.9818	-0.000905807	-0.000524001	2
-167.741	63.651	-0.000938661	-0.000511572	2
-167.853	64.3236	-0.000972865	-0.000497627	2
-167.934	64.9996	-0.00100845	-0.00048213	2
-167.983	65.6792	-0.00104544	-0.000465042	2
-167.999	66.3627	-0.00108388	-0.000446325	2
-167.981	67.0503	-0.00112378	-0.000425941	2
-167.928	67.742	-0.00116518	-0.000403852	2
-167.841	68.4381	-0.00120811	-0.000380021	2
-167.717	69.1388	-0.0012526	-0.000354409	2
-167.556	69.8443	-0.00129867	-0.000326978	2
-167.358	70.5547	-0.00134636	-0.000297691	2
-167.122	71.2702	-0.0013957	-0.00026651	2
-166.846	71.991	-0.00144671	-0.000233396	2
-166.534	72.7089	-0.00149881	-0.000198726	2
-166.178	73.4408	-0.00155324	-0.000161658	2
-165.781	74.1786	-0.00160943	-0.000122543	2
-165.342	74.9224	-0.00166741	-8.13449e-05	2

-75.0041	2.01314	-1.88987e-07	3.77765e-07	2
-75.3642	3.13101	-1.6378e-05	3.23854e-05	2
-75.749	4.23837	-3.26313e-05	6.38101e-05	2
-76.1539	5.32247	-4.87667e-05	9.429e-05	2
-76.5737	6.37163	-6.46074e-05	0.000123507	2
-77.0177	7.41064	-8.05286e-05	0.000152156	2
-77.4807	8.42756	-9.63521e-05	0.000179908	2
-77.9624	9.42279	-0.000112085	0.000206779	2
-78.4624	10.3967	-0.000127734	0.000232786	2
-78.9803	11.3497	-0.000143305	0.000257944	2
-79.5156	12.2822	-0.000158807	0.000282269	2
-80.0682	13.1946	-0.000174244	0.000305778	2
-80.6374	14.0872	-0.000189625	0.000328487	2
-81.223	14.9605	-0.000204956	0.000350411	2
-81.8246	15.8148	-0.000220244	0.000371566	2
-82.4418	16.6506	-0.000235496	0.000391969	2
-83.0742	17.4682	-0.000250717	0.000411636	2
-83.7214	18.2681	-0.000265917	0.000430583	2
-84.383	19.0505	-0.0002811	0.000448825	2
-85.0587	19.816	-0.000296274	0.000466379	2
-85.7481	20.5649	-0.000311446	0.000483261	2
-86.4508	21.2976	-0.000326622	0.000499487	2
-87.1663	22.0144	-0.000341809	0.000515073	2
-87.8944	22.7159	-0.000357015	0.000530035	2
-88.6346	23.4023	-0.000372245	0.000544389	2
-89.3865	24.0741	-0.000387508	0.000558151	2
-90.141	24.7241	-0.000402632	0.000571189	2
-90.9152	25.368	-0.000417977	0.000583821	2
-91.7	25.9984	-0.000433375	0.00059591	2
-92.495	26.6157	-0.000448831	0.000607471	2
-93.2998	27.2204	-0.000464353	0.00061852	2
-94.114	27.8128	-0.000479947	0.000629073	2
-94.9374	28.3932	-0.00049562	0.000639147	2
-95.7694	28.9622	-0.00051138	0.000648756	2
-96.6097	29.5201	-0.000527232	0.000657919	2
-97.4579	30.0672	-0.000543184	0.000666649	2
-98.3136	30.6041	-0.000559242	0.000674964	2
-99.1765	31.131	-0.000575414	0.000682879	2
-100.046	31.6484	-0.000591705	0.000690411	2
-100.922	32.1566	-0.000608124	0.000697576	2
-101.804	32.6561	-0.000624676	0.000704389	2
-102.692	33.1472	-0.000641369	0.000710867	2
-103.585	33.6303	-0.000658208	0.000717025	2
-104.482	34.1059	-0.000675202	0.000722881	2
-105.384	34.5743	-0.000692357	0.000728449	2
-106.291	35.0359	-0.000709679	0.000733746	2
-107.2	35.4911	-0.000727176	0.000738788	2
-108.114	35.9403	-0.000744854	0.000743591	2
-109.03	36.3839	-0.000762721	0.00074817	2
-109.938	36.8173	-0.000780573	0.000752494	2
-110.858	37.2509	-0.000798833	0.000756678	2
-111.781	37.68	-0.000817302	0.000760687	2
-112.705	38.1051	-0.000835986	0.000764537	2
-113.63	38.5266	-0.000854892	0.000768244	2
-114.555	38.9448	-0.000874027	0.000771825	2
-115.481	39.3601	-0.000893398	0.000775294	2
-116.407	39.7729	-0.00091301	0.000778668	2
-117.332	40.1837	-0.000932873	0.000781964	2
-118.256	40.5928	-0.000952991	0.000785197	2
-119.179	41.0005	-0.000973372	0.000788384	2
-120.1	41.4074	-0.000994022	0.000791539	2
-121.019	41.8137	-0.00101495	0.000794681	2
-121.935	42.2199	-0.00103616	0.000797823	2
-122.849	42.6264	-0.00105766	0.000800983	2
-123.76	43.0336	-0.00107946	0.000804177	2
-124.666	43.4418	-0.00110156	0.000807421	2
-125.569	43.8514	-0.00112397	0.00081073	2
-126.468	44.2629	-0.0011467	0.00081412	2
-127.362	44.6766	-0.00116975	0.000817609	2
-128.25	45.0929	-0.00119313	0.000821211	2
-129.133	45.5123	-0.00121685	0.000824943	2
-130.011	45.935	-0.00124092	0.000828821	2
-130.881	46.3616	-0.00126534	0.000832861	2
-131.736	46.7874	-0.00128983	0.00083703	2
-132.593	47.2227	-0.00131496	0.000841439	2
-133.443	47.6629	-0.00134047	0.000846059	2
-134.285	48.1086	-0.00136635	0.000850905	2
-135.118	48.5599	-0.00139262	0.000855992	2
-135.943	49.0175	-0.00141929	0.000861338	2
-136.759	49.4815	-0.00144635	0.000866957	2
-137.566	49.9525	-0.00147382	0.000872867	2
-138.363	50.4309	-0.0015017	0.000879083	2
-139.15	50.9169	-0.00152999	0.000885622	2
-139.926	51.4111	-0.00155872	0.000892498	2
-140.692	51.9138	-0.00158788	0.000899729	2
-141.446	52.4254	-0.00161747	0.00090733	2
-142.188	52.9462	-0.00164752	0.000915318	2
-142.919	53.4768	-0.00167802	0.000923708	2
-143.637	54.0174	-0.00170897	0.000932517	2
-144.342	54.5685	-0.0017404	0.00094176	2
-145.034	55.1304	-0.00177229	0.000951454	2
-145.712	55.7036	-0.00180467	0.000961614	2
-146.376	56.2884	-0.00183754	0.000972257	2
-147.026	56.8853	-0.0018709	0.000983399	2
-147.661	57.4946	-0.00190476	0.000995056	2
-148.281	58.1167	-0.00193912	0.00100724	2
-148.879	58.7447	-0.0019736	0.00101983	2
-149.468	59.3935	-0.002009	0.00103312	2
-150.04	60.0563	-0.00204493	0.00104699	2
-150.596	60.7334	-0.00208139	0.00106145	2

-25.0041	2.01127	-5.54608e-07	3.09609e-07	2
-25.353	2.98064	-4.66633e-05	2.67609e-05	2
-25.6955	3.96114	-9.01418e-05	5.31714e-05	2
-26.0277	4.9415	-0.000130477	7.92372e-05	2
-26.346	5.91044	-0.000167298	0.00010467	2
-26.6579	6.8905	-0.000201504	0.000130068	2
-26.9599	7.87039	-0.000232689	0.000155137	2
-27.2519	8.85012	-0.000260894	0.000179885	2
-27.5342	9.82969	-0.000286161	0.000204317	2
-27.8068	10.8091	-0.00030853	0.000228438	2
-28.0699	11.7883	-0.000328042	0.000252255	2
-28.3234	12.7673	-0.000344739	0.000275773	2
-28.5677	13.7461	-0.000358662	0.000298997	2
-28.8027	14.7247	-0.000369852	0.000321934	2
-29.0286	15.7031	-0.00037835	0.00034459	2
-29.2455	16.6814	-0.000384197	0.000366969	2
-29.4535	17.6593	-0.000387434	0.000389078	2
-29.6527	18.6371	-0.000388102	0.000410922	2
-29.8433	19.6147	-0.000386243	0.000432508	2
-30.0253	20.592	-0.000381897	0.00045384	2
-30.1988	21.569	-0.000375105	0.000474925	2
-30.364	22.5459	-0.00036591	0.000495768	2
-30.521	23.5224	-0.000354351	0.000516375	2
-30.6698	24.4988	-0.00034047	0.000536752	2
-30.8106	25.4748	-0.000324308	0.000556905	2
-30.9436	26.4506	-0.000305906	0.000576839	2
-31.0673	27.4149	-0.000285554	0.000596334	2
-31.1849	28.3902	-0.00026282	0.00061585	2
-31.2949	29.3651	-0.000237969	0.000635164	2
-31.3974	30.3398	-0.000211042	0.000654282	2
-31.4926	31.3142	-0.00018208	0.00067321	2
-31.5806	32.2883	-0.000151125	0.000691953	2
-31.6614	33.262	-0.000118216	0.000710518	2
-31.7353	34.2355	-8.33966e-05	0.00072891	2
-31.8022	35.2086	-4.67062e-05	0.000747134	2
-31.8624	36.1815	-8.18647e-06	0.000765197	2
-31.9158	37.1539	3.21215e-05	0.000783104	2
-31.9627	38.1261	7.41767e-05	0.000800861	2
-32.0032	39.0979	0.000117938	0.000818473	2
-32.0373	40.0694	0.000163364	0.000835947	2
-32.0651	41.0405	0.000210414	0.000853288	2
-32.0869	42.0113	0.000259047	0.000870501	2
-32.1026	42.9817	0.000309222	0.000887593	2
-32.1124	43.9517	0.000360897	0.00090457	2
-32.1165	44.9214	0.000414031	0.000921436	2
-32.1148	45.8907	0.000468584	0.000938198	2
-32.1076	46.8596	0.000524514	0.000954861	2
-32.095	47.8281	0.000581781	0.000971432	2
-32.0769	48.7962	0.000640342	0.000987915	2
-32.054	49.7528	0.000699463	0.00100413	2
-32.0257	50.7201	0.000760477	0.00102046	2
-31.9923	51.687	0.000822664	0.00103671	2
-31.9541	52.6535	0.000885982	0.00105291	2
-31.9111	53.6195	0.000950389	0.00106904	2
-31.8634	54.5851	0.00101585	0.00108512	2
-31.8111	55.5503	0.00108231	0.00110116	2
-31.7543	56.5151	0.00114974	0.00111715	2
-31.6932	57.4794	0.0012181	0.00113311	2
-31.6279	58.4432	0.00128734	0.00114903	2
-31.5584	59.4066	0.00135742	0.00116494	2
-31.485	60.3695	0.00142831	0.00118082	2
-31.4076	61.332	0.00149996	0.00119669	2
-31.3264	62.294	0.00157233	0.00121256	2
-31.2415	63.2555	0.00164538	0.00122842	2
-31.1531	64.2165	0.00171906	0.00124429	2
-31.0612	65.177	0.00179334	0.00126017	2
-30.966	66.1371	0.00186818	0.00127606	2
-30.8675	67.0966	0.00194353	0.00129198	2
-30.7659	68.0556	0.00201936	0.00130792	2
-30.6612	69.0141	0.00209562	0.0013239	2
-30.5537	69.9721	0.00217227	0.00133991	2
-30.4433	70.9295	0.00224927	0.00135597	2
-30.3303	71.8865	0.00232657	0.00137208	2
-30.216	72.8319	0.00240326	0.00138806	2
-30.098	73.7877	0.00248106	0.00140429	2
-29.9776	74.743	0.00255905	0.00142058	2
-29.855	75.6978	0.00263718	0.00143695	2
-29.7302	76.652	0.00271542	0.0014534	2
-29.6034	77.6056	0.00279372	0.00146993	2
-29.4747	78.5587	0.00287204	0.00148655	2
-29.3442	79.5111	0.00295034	0.00150327	2
-29.2121	80.463	0.00302858	0.00152008	2
-29.0783	81.4144	0.00310672	0.00153701	2
-28.9431	82.3651	0.00318472	0.00155405	2
-28.8065	83.3152	0.00326253	0.00157121	2
-28.6687	84.2647	0.00334012	0.00158849	2
-28.5297	85.2136	0.00341745	0.0016059	2
-28.3897	86.1619	0.00349446	0.00162345	2
-28.2488	87.1096	0.00357113	0.00164114	2
-28.1071	88.0566	0.00364741	0.00165898	2
-27.9647	89.003	0.00372326	0.00167697	2
-27.8218	89.9488	0.00379864	0.00169512	2
-27.6783	90.894	0.0038735	0.00171344	2
-27.5345	91.8384	0.00394782	0.00173192	2
-27.3905	92.7823	0.00402153	0.00175059	2
-27.2463	93.7254	0.00409461	0.00176943	2
-27.1038	94.6571	0.00416619	0.00178824	2
-26.9597	95.599	0.00423788	0.00180747	2
-26.8158	96.5401	0.00430882	0.00182689	2
-26.6721	97.4806	0.00437896	0.00184651	2

24.9994	2.01318	-5.2937e-07	1.81131e-07	2
24.9623	3.13455	-4.51726e-05	1.51908e-05	2
24.9556	4.24505	-8.85778e-05	2.9248e-05	2
24.9793	5.33181	-0.000130243	4.21945e-05	2
25.0323	6.38303	-0.000169745	5.39228e-05	2
25.1154	7.42345	-0.000208032	6.4728e-05	2
25.2276	8.441	-0.000244659	7.44903e-05	2
25.3685	9.43599	-0.000279656	8.32323e-05	2
25.5377	10.4087	-0.000313049	9.0977e-05	2
25.7347	11.3594	-0.000344866	9.77468e-05	2
25.959	12.2885	-0.000375133	0.000103565	2
26.2103	13.1962	-0.00040388	0.000108453	2
26.488	14.0827	-0.000431132	0.000112435	2
26.7917	14.9485	-0.000456917	0.000115532	2
27.121	15.7938	-0.000481262	0.000117769	2
27.4755	16.6189	-0.000504196	0.000119167	2
27.8546	17.424	-0.000525744	0.000119749	2
28.2579	18.2096	-0.000545935	0.000119539	2
28.685	18.9758	-0.000564796	0.000118557	2
29.1355	19.723	-0.000582355	0.000116828	2
29.6088	20.4515	-0.000598638	0.000114375	2
30.1046	21.1615	-0.000613672	0.000111218	2
30.6223	21.8534	-0.000627487	0.000107383	2
31.1616	22.5275	-0.000640108	0.00010289	2
31.722	23.184	-0.000651563	9.77635e-05	2
32.303	23.8233	-0.000661879	9.20254e-05	2
32.8973	24.4385	-0.000670984	8.57746e-05	2
33.518	25.0443	-0.000679118	7.88882e-05	2
34.1581	25.6338	-0.000686195	7.14583e-05	2
34.817	26.2072	-0.000692242	6.35074e-05	2
35.4943	26.7648	-0.000697287	5.50585e-05	2
36.1896	27.307	-0.000701357	4.61341e-05	2
36.9024	27.8339	-0.00070448	3.67571e-05	2
37.6323	28.346	-0.000706683	2.695e-05	2
38.3788	28.8434	-0.000707993	1.67356e-05	2
39.1415	29.3266	-0.000708438	6.13667e-06	2
39.9199	29.7957	-0.000708045	-4.82415e-06	2
40.7135	30.2512	-0.000706841	-1.61241e-05	2
41.522	30.6932	-0.000704854	-2.77406e-05	2
42.3449	31.1221	-0.000702111	-3.96508e-05	2
43.1817	31.5382	-0.000698639	-5.1832e-05	2
44.032	31.9417	-0.000694466	-6.42615e-05	2
44.8953	32.333	-0.000689619	-7.69167e-05	2
45.7713	32.7124	-0.000684126	-8.97747e-05	2
46.6593	33.0802	-0.000678014	-0.000102813	2
47.5591	33.4366	-0.00067131	-0.000116009	2
48.4701	33.7819	-0.000664041	-0.000129339	2
49.3919	34.1165	-0.000656236	-0.000142782	2
50.324	34.4406	-0.00064792	-0.000156314	2
51.2552	34.751	-0.000639226	-0.000169756	2
52.2066	35.0552	-0.000629979	-0.000183398	2
53.167	35.3498	-0.000620303	-0.000197061	2
54.136	35.6351	-0.000610227	-0.000210724	2
55.1131	35.9115	-0.000599778	-0.000224362	2
56.0979	36.1791	-0.000588982	-0.000237954	2
57.0898	36.4384	-0.000577868	-0.000251477	2
58.0886	36.6895	-0.000566463	-0.000264907	2
59.0937	36.9329	-0.000554794	-0.000278223	2
60.1046	37.1687	-0.000542889	-0.000291401	2
61.121	37.3973	-0.000530775	-0.000304419	2
62.1424	37.619	-0.000518479	-0.000317254	2
63.1683	37.8341	-0.000506028	-0.000329883	2
64.1983	38.0429	-0.00049345	-0.000342284	2
65.2319	38.2456	-0.000480773	-0.000354434	2
66.2687	38.4425	-0.000468023	-0.000366311	2
67.3083	38.6341	-0.000455229	-0.000377891	2
68.3501	38.8205	-0.000442416	-0.000389151	2
69.3938	39.002	-0.000429614	-0.00040007	2
70.4389	39.179	-0.000416849	-0.000410625	2
71.485	39.3517	-0.000404148	-0.000420792	2
72.5315	39.5204	-0.000391539	-0.000430549	2
73.5781	39.6855	-0.000379049	-0.000439873	2
74.6243	39.8472	-0.000366705	-0.000448742	2
75.6577	40.004	-0.000354674	-0.000457039	2
76.7018	40.1599	-0.000342704	-0.000464934	2
77.7442	40.3132	-0.000330961	-0.000472307	2
78.7844	40.4644	-0.000319474	-0.000479133	2
79.822	40.6137	-0.00030827	-0.000485391	2
80.8565	40.7613	-0.000297377	-0.000491058	2
81.8874	40.9077	-0.000286821	-0.00049611	2
82.9144	41.053	-0.00027663	-0.000500525	2
83.937	41.1976	-0.000266832	-0.000504281	2
84.9547	41.3418	-0.000257453	-0.000507355	2
85.9672	41.4859	-0.000248522	-0.000509723	2
86.9738	41.6301	-0.000240065	-0.000511364	2
87.9742	41.7748	-0.00023211	-0.000512255	2
88.968	41.9202	-0.000224684	-0.000512372	2
89.9547	42.0667	-0.000217814	-0.000511694	2
90.9338	42.2145	-0.000211529	-0.000510197	2
91.905	42.364	-0.000205855	-0.000507859	2
92.8676	42.5154	-0.000200819	-0.000504657	2
93.8214	42.6691	-0.000196449	-0.000500568	2
94.7658	42.8253	-0.000192773	-0.00049557	2
95.7005	42.9843	-0.000189818	-0.00048964	2
96.6249	43.1464	-0.00018761	-0.000482755	2
97.5386	43.3119	-0.000186178	-0.000474893	2
98.4309	43.4792	-0.000185551	-0.000466138	2
99.322	43.6524	-0.000185742	-0.000456264	2
100.201	43.8299	-0.000186791	-0.000445345	2
101.068	44.012	-0.000188723	-0.000433358	2

74.9925	2.01257	-4.1182e-07	2.65346e-07	2
74.3654	3.08905	-3.55542e-05	2.27694e-05	2
73.7662	4.16821	-7.05556e-05	4.4905e-05	2
73.202	5.2375	-0.000105006	6.64149e-05	2
72.6783	6.28481	-0.000138523	8.70702e-05	2
72.1824	7.33453	-0.000171887	0.000107359	2
71.7203	8.37443	-0.000204707	0.000127046	2
71.2916	9.40453	-0.000236987	0.000146138	2
70.8959	10.4248	-0.000268729	0.000164644	2
70.5328	11.4354	-0.000299935	0.000182571	2
70.2018	12.4362	-0.000330609	0.000199927	2
69.9025	13.4273	-0.000360751	0.000216721	2
69.6346	14.4087	-0.000390365	0.00023296	2
69.3977	15.3804	-0.000419453	0.000248651	2
69.1913	16.3424	-0.000448018	0.000263804	2
69.0151	17.2947	-0.000476062	0.000278425	2
68.8686	18.2375	-0.000503588	0.000292523	2
68.7514	19.1706	-0.000530598	0.000306105	2
68.6632	20.094	-0.000557095	0.000319179	2
68.6035	21.008	-0.00058308	0.000331754	2
68.5719	21.9123	-0.000608557	0.000343837	2
68.5681	22.8071	-0.000633528	0.000355436	2
68.5915	23.6924	-0.000657995	0.000366559	2
68.6419	24.5681	-0.000681961	0.000377213	2
68.7188	25.4344	-0.000705429	0.000387407	2
68.8218	26.2912	-0.0007284	0.000397149	2
68.9488	27.1288	-0.000750622	0.000406341	2
69.1025	27.9668	-0.000772614	0.000415207	2
69.2811	28.7954	-0.000794117	0.000423643	2
69.4842	29.6146	-0.000815134	0.000431658	2
69.7114	30.4244	-0.000835667	0.000439261	2
69.9623	31.2248	-0.000855718	0.000446458	2
70.2364	32.0159	-0.000875291	0.000453257	2
70.5335	32.7976	-0.000894387	0.000459667	2
70.853	33.57	-0.000913009	0.000465695	2
71.1946	34.3331	-0.00093116	0.00047135	2
71.5578	35.087	-0.000948841	0.000476639	2
71.9424	35.8315	-0.000966056	0.00048157	2
72.3477	36.5669	-0.000982807	0.00048615	2
72.7736	37.293	-0.000999096	0.000490389	2
73.2195	38.0099	-0.00101493	0.000494293	2
73.685	38.7176	-0.0010303	0.00049787	2
74.1698	39.4161	-0.00104522	0.000501129	2
74.6734	40.1055	-0.00105969	0.000504078	2
75.1955	40.7858	-0.0010737	0.000506723	2
75.7356	41.4569	-0.00108727	0.000509074	2
76.2933	42.1189	-0.0011004	0.000511138	2
76.8683	42.7719	-0.00111308	0.000512922	2
77.4601	43.4158	-0.00112533	0.000514435	2
78.0612	44.0433	-0.001137	0.000515672	2
78.6852	44.6693	-0.00114838	0.00051667	2
79.3249	45.2862	-0.00115933	0.000517419	2
79.9798	45.8941	-0.00116985	0.000517929	2
80.6494	46.493	-0.00117994	0.000518206	2
81.3335	47.083	-0.0011896	0.00051826	2
82.0316	47.664	-0.00119884	0.000518097	2
82.7433	48.2361	-0.00120767	0.000517726	2
83.4682	48.7993	-0.00121607	0.000517155	2
84.2058	49.3537	-0.00122406	0.000516391	2
84.9559	49.8991	-0.00123164	0.000515443	2
85.7179	50.4357	-0.00123881	0.000514317	2
86.4915	50.9635	-0.00124557	0.000513023	2
87.2763	51.4825	-0.00125193	0.000511568	2
88.0718	51.9926	-0.00125788	0.00050996	2
88.8778	52.494	-0.00126344	0.000508206	2
89.6936	52.9866	-0.00126859	0.000506315	2
90.5191	53.4705	-0.00127335	0.000504294	2
91.3537	53.9457	-0.00127772	0.000502152	2
92.197	54.4121	-0.0012817	0.000499897	2
93.0487	54.8699	-0.00128529	0.000497535	2
93.9084	55.319	-0.0012885	0.000495075	2
94.7756	55.7594	-0.00129132	0.000492526	2
95.6499	56.1913	-0.00129376	0.000489894	2
96.5208	56.6096	-0.0012958	0.000487219	2
97.4081	57.0243	-0.0012975	0.000484447	2
98.3013	57.4304	-0.00129882	0.000481617	2
99.2001	57.828	-0.00129977	0.000478736	2
100.104	58.217	-0.00130035	0.000475812	2
101.013	58.5974	-0.00130057	0.000472853	2
101.926	58.9694	-0.00130042	0.000469866	2
102.842	59.3329	-0.00129991	0.000466861	2
103.763	59.6879	-0.00129905	0.000463844	2
104.686	60.0344	-0.00129783	0.000460824	2
105.612	60.3725	-0.00129625	0.000457808	2
106.541	60.7022	-0.00129433	0.000454805	2
107.471	61.0235	-0.00129206	0.000451821	2
108.403	61.3364	-0.00128944	0.000448866	2
109.336	61.6409	-0.00128647	0.000445947	2
110.269	61.9371	-0.00128317	0.000443071	2
111.203	62.2249	-0.00127953	0.000440248	2
112.137	62.5045	-0.00127555	0.000437483	2
113.07	62.7757	-0.00127124	0.000434787	2
114.002	63.0387	-0.0012666	0.000432166	2
114.933	63.2934	-0.00126163	0.000429628	2
115.863	63.5399	-0.00125634	0.000427181	2
116.79	63.7781	-0.00125072	0.000424833	2
117.703	64.0055	-0.00124485	0.000422617	2
118.625	64.2275	-0.00123859	0.000420489	2
119.543	64.4413	-0.00123202	0.000418484	2
120.458	64.6469	-0.00122513	0.00041661	2

124.997	2.00987	2.76993e-08	8.52772e-09	2
124.735	2.86283	1.41884e-06	4.16027e-07	2
124.462	3.73312	8.56661e-07	1.86201e-07	2
124.182	4.6106	-1.65028e-06	-6.69119e-07	2
123.898	5.4848	-6.00426e-06	-2.10942e-06	2
123.604	6.37578	-1.22706e-05	-4.14804e-06	2
123.303	7.27314	-2.03734e-05	-6.75131e-06	2
122.997	8.17661	-3.02763e-05	-9.89887e-06	2
122.686	9.08592	-4.19431e-05	-1.35704e-05	2
122.369	10.0008	-5.53375e-05	-1.77454e-05	2
122.048	10.9209	-7.04233e-05	-2.24037e-05	2
121.723	11.8461	-8.71642e-05	-2.75248e-05	2
121.394	12.7761	-0.000105524	-3.30884e-05	2
121.061	13.7105	-0.000125466	-3.90741e-05	2
120.726	14.6491	-0.000146955	-4.54617e-05	2
120.389	15.5916	-0.000169954	-5.22306e-05	2
120.049	16.5378	-0.000194426	-5.93606e-05	2
119.708	17.4874	-0.000220336	-6.68312e-05	2
119.366	18.4401	-0.000247648	-7.46222e-05	2
119.023	19.3957	-0.000276324	-8.27132e-05	2
118.68	20.3538	-0.000306329	-9.10838e-05	2
118.337	21.3142	-0.000337627	-9.97136e-05	2
117.994	22.2767	-0.000370181	-0.000108582	2
117.652	23.2409	-0.000403955	-0.00011767	2
117.312	24.2066	-0.000438912	-0.000126955	2
116.974	25.1735	-0.000475018	-0.000136418	2
116.642	26.1302	-0.0005118	-0.000145928	2
116.308	27.0987	-0.000550079	-0.000155684	2
115.978	28.0676	-0.000589398	-0.000165557	2
115.651	29.0366	-0.000629719	-0.000175527	2
115.328	30.0055	-0.000671006	-0.000185573	2
115.009	30.974	-0.000713225	-0.000195676	2
114.696	31.9418	-0.000756337	-0.000205813	2
114.387	32.9086	-0.000800307	-0.000215966	2
114.084	33.8742	-0.000845098	-0.000226114	2
113.788	34.8383	-0.000890675	-0.000236236	2
113.497	35.8006	-0.000937001	-0.000246312	2
113.214	36.7608	-0.00098404	-0.000256322	2
112.938	37.7188	-0.00103176	-0.000266245	2
112.67	38.6741	-0.00108011	-0.000276061	2
112.41	39.6266	-0.00112907	-0.00028575	2
112.159	40.5759	-0.0011786	-0.000295291	2
111.916	41.5218	-0.00122866	-0.000304664	2
111.683	42.4641	-0.00127921	-0.000313849	2
111.461	43.4024	-0.00133022	-0.000322825	2
111.248	44.3365	-0.00138166	-0.000331572	2
111.046	45.266	-0.00143348	-0.000340069	2
110.856	46.1908	-0.00148565	-0.000348297	2
110.677	47.1106	-0.00153814	-0.000356234	2
110.511	48.0146	-0.0015903	-0.000363775	2
110.357	48.9235	-0.0016433	-0.000371074	2
110.215	49.8266	-0.00169651	-0.000378023	2
110.087	50.7235	-0.00174989	-0.0003846	2
109.972	51.6141	-0.0018034	-0.000390785	2
109.871	52.498	-0.001857	-0.000396559	2
109.785	53.3749	-0.00191067	-0.000401899	2
109.714	54.2447	-0.00196436	-0.000406787	2
109.659	55.1069	-0.00201804	-0.000411202	2
109.619	55.9614	-0.00207168	-0.000415123	2
109.596	56.8078	-0.00212522	-0.00041853	2
109.589	57.646	-0.00217865	-0.000421403	2
109.599	58.4756	-0.00223192	-0.000423721	2
109.627	59.2963	-0.002285	-0.000425464	2
109.673	60.1079	-0.00233785	-0.000426611	2
109.738	60.9101	-0.00239043	-0.000427143	2
109.821	61.7027	-0.00244271	-0.000427039	2
109.924	62.4853	-0.00249465	-0.000426279	2
110.046	63.2577	-0.00254621	-0.000424841	2
110.188	64.0197	-0.00259737	-0.000422707	2
110.351	64.7709	-0.00264808	-0.000419855	2
110.535	65.511	-0.0026983	-0.000416264	2
110.74	66.2399	-0.00274801	-0.000411916	2
110.967	66.9572	-0.00279716	-0.000406789	2
111.213	67.6547	-0.00284516	-0.000400936	2
111.485	68.3482	-0.0028931	-0.0003942	2
111.78	69.0293	-0.00294037	-0.000386625	2
112.098	69.6978	-0.00298694	-0.00037819	2
112.44	70.3533	-0.00303278	-0.000368875	2
112.807	70.9957	-0.00307784	-0.000358659	2
113.198	71.6246	-0.00312209	-0.000347523	2
113.615	72.2397	-0.0031655	-0.000335445	2
114.057	72.8408	-0.00320803	-0.000322405	2
114.526	73.4277	-0.00324963	-0.000308384	2
115.02	74	-0.00329029	-0.00029336	2
115.542	74.5575	-0.00332995	-0.000277314	2
116.091	75.0998	-0.00336859	-0.000260224	2
116.668	75.6268	-0.00340616	-0.000242071	2
117.273	76.1382	-0.00344263	-0.000222834	2
117.907	76.6336	-0.00347797	-0.000202493	2
118.569	77.1129	-0.00351214	-0.000181028	2
119.262	77.5757	-0.0035451	-0.000158418	2
119.984	78.0217	-0.00357681	-0.000134642	2
120.736	78.4508	-0.00360724	-0.000109681	2
121.519	78.8626	-0.00363636	-8.35143e-05	2
122.334	79.2568	-0.00366412	-5.6121e-05	2
123.18	79.6332	-0.0036905	-2.7481e-05	2
124.047	79.9875	-0.00371517	2.07488e-06	2
124.957	80.3277	-0.00373867	3.32543e-05	2
125.9	80.6493	-0.00376067	6.57412e-05	2
126.877	80.9519	-0.00378115	9.9556e-05	2

