-125.001	2.01274	5.04797e-07	-4.69061e-07	2
-125.122	3.10097	4.4435e-05	-3.93464e-05	2
-125.266	4.18699	8.99037e-05	-7.57684e-05	2
-125.432	5.25831	0.000136385	-0.000109317	2
-125.617	6.3031	0.000183309	-0.000139704	2
-125.825	7.34591	0.000231744	-0.000167688	2
-126.054	8.37475	0.000281131	-0.000192948	2
-126.304	9.38987	0.000331449	-0.000215536	2
-126.573	10.3915	0.000382678	-0.000235503	2
-126.862	11.3799	0.000434796	-0.000252897	2
-127.171	12.3554	0.000487784	-0.000267771	2
-127.498	13.3181	0.000541622	-0.000280175	2
-127.844	14.2683	0.000596287	-0.000290158	2
-128.208	15.2062	0.00065176	-0.000297772	2
-128.59	16.1322	0.000708021	-0.000303067	2
-128.99	17.0464	0.000765048	-0.000306094	2
-129.406	17.9492	0.000822822	-0.000306902	2
-129.84	18.8406	0.000881321	-0.000305544	2
-130.289	19.7211	0.000940525	-0.000302068	2
-130.755	20.5908	0.00100041	-0.000296526	2
-131.236	21.4499	0.00106097	-0.000288967	2
-131.732	22.2988	0.00112216	-0.000279444	2
-132.244	23.1377	0.00118398	-0.000268005	2
-132.77	23.9668	0.0012464	-0.000254702	2
-133.31	24.7864	0.0013094	-0.000239585	2
-133.864	25.5967	0.00137297	-0.000222705	2
-134.424	26.3887	0.00143633	-0.000204335	2
-135.004	27.1813	0.00150095	-0.000184098	2
-135.597	27.9653	0.00156607	-0.000162248	2
-136.202	28.741	0.00163167	-0.000138836	2
-136.819	29.5086	0.00169773	-0.000113913	2
-137.448	30.2685	0.00176422	-8.75289e-05	2
-138.087	31.0208	0.00183113	-5.97341e-05	2
-138.738	31.7657	0.00189844	-3.05792e-05	2
-139.399	32.5036	0.00196613	-1.1487e-07	2
-140.07	33.2347	0.00203417	3.16086e-05	2
-140.751	33.9592	0.00210255	6.45405e-05	2
-141.441	34.6773	0.00217124	9.86306e-05	2
-142.141	35.3894	0.00224022	0.000133828	2
-142.848	36.0957	0.00230948	0.000170083	2
-143.565	36.7963	0.002379	0.000207344	2
-144.288	37.4916	0.00244874	0.000245561	2
-145.02	38.1818	0.0025187	0.000284684	2
-145.759	38.8672	0.00258885	0.000324662	2
-146.504	39.5479	0.00265917	0.000365444	2
-147.256	40.2243	0.00272964	0.000406981	2
-148.014	40.8966	0.00280024	0.000449221	2
-148.777	41.5651	0.00287095	0.000492114	2
-149.546	42.2299	0.00294174	0.00053561	2
-150.311	42.8837	0.00301179	0.000579148	2
-151.089	43.542	0.00308271	0.000623692	2
-151.872	44.1975	0.00315365	0.000668687	2
-152.658	44.8503	0.0032246	0.000714084	2
-153.448	45.5008	0.00329553	0.000759831	2
-154.241	46.1491	0.00336643	0.000805878	2
-155.037	46.7955	0.00343727	0.000852176	2
-155.835	47.4402	0.00350804	0.000898672	2
-156.635	48.0836	0.00357871	0.000945317	2
-157.436	48.7257	0.00364927	0.00099206	2
-158.239	49.367	0.00371969	0.00103885	2
-159.043	50.0076	0.00378995	0.00108564	2
-159.847	50.6478	0.00386003	0.00113237	2
-160.651	51.2879	0.00392992	0.001179	2
-161.456	51.928	0.00399958	0.00122548	2
-162.259	52.5684	0.00406901	0.00127175	2
-163.062	53.2094	0.00413817	0.00131777	2
-163.863	53.8512	0.00420706	0.00136348	2
-164.663	54.4941	0.00427564	0.00140883	2
-165.46	55.1383	0.0043439	0.00145378	2
-166.256	55.784	0.00441181	0.00149827	2
-167.048	56.4315	0.00447937	0.00154225	2
-167.837	57.0811	0.00454654	0.00158567	2
-168.623	57.733	0.0046133	0.00162849	2
-169.396	58.3799	0.00467889	0.00167016	2
-170.173	59.0371	0.00474479	0.00171162	2
-170.946	59.6973	0.00481022	0.00175231	2
-171.714	60.3608	0.00487517	0.00179219	2
-172.476	61.0278	0.00493961	0.00183122	2
-173.233	61.6985	0.00500353	0.00186933	2
-173.984	62.3733	0.00506689	0.00190648	2
-174.728	63.0524	0.00512969	0.00194262	2
-175.465	63.736	0.0051919	0.00197769	2
-176.195	64.4243	0.0052535	0.00201166	2
-176.918	65.1176	0.00531447	0.00204445	2
-177.633	65.8162	0.00537479	0.00207604	2
-178.339	66.5203	0.00543444	0.00210636	2
-179.036	67.2301	0.00549339	0.00213536	2
-179.725	67.9459	0.00555163	0.002163	2
-180.404	68.6679	0.00560914	0.00218922	2
-181.073	69.3965	0.0056659	0.00221398	2
-181.732	70.1317	0.00572188	0.00223722	2
-182.381	70.874	0.00577707	0.00225889	2
-183.019	71.6234	0.00583145	0.00227894	2
-183.645	72.3803	0.00588498	0.00229732	2
-184.26	73.1449	0.00593766	0.00231399	2
-184.863	73.9175	0.00598947	0.00232888	2
-185.446	74.6893	0.00603979	0.00234181	2
-186.024	75.4785	0.00608979	0.00235304	2
-186.589	76.2763	0.00613886	0.00236234	2
-187.14	77.0831	0.00618696	0.00236968	2

-75.0021	2.01277	8.5632e-07	-3.21071e-08	2
-75.1735	3.10733	7.43846e-05	-3.43986e-06	2
-75.3313	4.20809	0.000148536	-8.18137e-06	2
-75.4737	5.30232	0.000222455	-1.42148e-05	2
-75.5993	6.37762	0.000295295	-2.1439e-05	2
-75.7113	7.45905	0.000368752	-3.00124e-05	2
-75.8084	8.53412	0.000441976	-3.98485e-05	2
-75.8906	9.60289	0.000514967	-5.09376e-05	2
-75.9581	10.6654	0.000587727	-6.32699e-05	2
-76.0112	11.7217	0.000660255	-7.68357e-05	2
-76.0499	12.7719	0.000732552	-9.16252e-05	2
-76.0745	13.8161	0.000804617	-0.000107629	2
-76.085	14.8542	0.000876451	-0.000124836	2
-76.0817	15.8863	0.000948054	-0.000143239	2
-76.0648	16.9125	0.00101943	-0.000162825	2
-76.0344	17.9328	0.00109057	-0.000183587	2
-75.9906	18.9474	0.00116148	-0.000205514	2
-75.9337	19.9562	0.00123216	-0.000228597	2
-75.8637	20.9593	0.00130261	-0.000252825	2
-75.7809	21.9568	0.00137283	-0.000278189	2
-75.6855	22.9487	0.00144282	-0.000304679	2
-75.5775	23.935	0.00151258	-0.000332286	2
-75.4572	24.9159	0.00158211	-0.000360999	2
-75.3248	25.8914	0.00165141	-0.000390809	2
-75.1803	26.8615	0.00172049	-0.000421706	2
-75.024	27.8263	0.00178933	-0.000453681	2
-74.858	28.7749	0.00185716	-0.000486338	2
-74.6786	29.7293	0.00192555	-0.000520426	2
-74.4879	30.6786	0.00199371	-0.000555562	2
-74.2861	31.6228	0.00206164	-0.000591737	2
-74.0732	32.5619	0.00212935	-0.00062894	2
-73.8494	33.4961	0.00219682	-0.000667163	2
-73.615	34.4254	0.00226407	-0.000706395	2
-73.3701	35.3498	0.00233109	-0.000746626	2
-73.1148	36.2694	0.00239789	-0.000787847	2
-72.8493	37.1843	0.00246446	-0.000830048	2
-72.5739	38.0944	0.0025308	-0.000873219	2
-72.2885	38.9999	0.00259691	-0.00091735	2
-71.9935	39.9008	0.0026628	-0.000962432	2
-71.689	40.7972	0.00272846	-0.00100846	2
-71.3751	41.6892	0.00279389	-0.00105541	2
-71.052	42.5767	0.0028591	-0.00110329	2
-70.72	43.4598	0.00292408	-0.00115207	2
-70.379	44.3386	0.00298884	-0.00120176	2
-70.0294	45.2132	0.00305337	-0.00125234	2
-69.6712	46.0835	0.00311768	-0.00130381	2
-69.3047	46.9498	0.00318176	-0.00135614	2
-68.93	47.8119	0.00324561	-0.00140934	2
-68.5473	48.67	0.00330924	-0.0014634	2
-68.1613	49.5143	0.00337192	-0.00151766	2
-67.7631	50.3646	0.00343511	-0.00157337	2
-67.3574	51.2109	0.00349807	-0.00162992	2
-66.9443	52.0535	0.0035608	-0.00168728	2
-66.524	52.8923	0.00362331	-0.00174544	2
-66.0967	53.7274	0.0036856	-0.0018044	2
-65.6626	54.5589	0.00374767	-0.00186414	2
-65.2217	55.3867	0.00380951	-0.00192466	2
-64.7743	56.2111	0.00387113	-0.00198594	2
-64.3206	57.0319	0.00393252	-0.00204798	2
-63.8606	57.8493	0.00399369	-0.00211076	2
-63.3946	58.6634	0.00405464	-0.00217428	2
-62.9228	59.4741	0.00411537	-0.00223853	2
-62.4452	60.2816	0.00417588	-0.00230349	2
-61.9621	61.0859	0.00423616	-0.00236916	2
-61.4737	61.887	0.00429622	-0.00243553	2
-60.98	62.685	0.00435606	-0.00250259	2
-60.4813	63.48	0.00441568	-0.00257032	2
-59.9777	64.272	0.00447507	-0.00263872	2
-59.4695	65.0611	0.00453425	-0.00270778	2
-58.9566	65.8473	0.0045932	-0.00277749	2
-58.4394	66.6307	0.00465193	-0.00284783	2
-57.918	67.4113	0.00471044	-0.00291881	2
-57.3926	68.1893	0.00476874	-0.0029904	2
-56.8694	68.9556	0.00482614	-0.00306177	2
-56.3364	69.7284	0.00488399	-0.00313457	2
-55.7999	70.4985	0.00494163	-0.00320795	2
-55.26	71.2662	0.00499904	-0.00328192	2
-54.7168	72.0315	0.00505624	-0.00335645	2
-54.1707	72.7943	0.00511321	-0.00343155	2
-53.6216	73.5549	0.00516997	-0.0035072	2
-53.0698	74.3132	0.0052265	-0.00358339	2
-52.5155	75.0693	0.00528282	-0.00366011	2
-51.9588	75.8232	0.00533892	-0.00373735	2
-51.3999	76.575	0.0053948	-0.00381511	2
-50.8389	77.3248	0.00545046	-0.00389336	2
-50.2761	78.0726	0.0055059	-0.00397211	2
-49.7115	78.8185	0.00556113	-0.00405134	2
-49.1454	79.5625	0.00561613	-0.00413105	2
-48.5779	80.3046	0.00567092	-0.00421122	2
-48.0091	81.0451	0.0057255	-0.00429184	2
-47.4393	81.7837	0.00577985	-0.0043729	2
-46.8686	82.5208	0.00583399	-0.0044544	2
-46.2972	83.2562	0.00588791	-0.00453632	2
-45.7253	83.9901	0.00594161	-0.00461866	2
-45.1529	84.7225	0.0059951	-0.0047014	2
-44.5804	85.4535	0.00604837	-0.00478454	2
-44.0143	86.1747	0.00610082	-0.0048671	2
-43.4418	86.903	0.00615366	-0.00495099	2
-42.8695	87.63	0.00620629	-0.00503525	2
-42.2977	88.3558	0.0062587	-0.00511986	2

-25.0032	2.01282	-1.93621e-07	-2.82382e-07	2
-25.2674	3.10749	-1.73702e-05	-2.33557e-05	2
-25.5059	4.19899	-3.57862e-05	-4.42898e-05	2
-25.7157	5.27467	-5.52226e-05	-6.28473e-05	2
-25.8953	6.3226	-7.54135e-05	-7.88995e-05	2
-26.0492	7.36732	-9.68033e-05	-9.28642e-05	2
-26.1756	8.39674	-0.000119137	-0.000104586	2
-26.2749	9.41102	-0.00014239	-0.000114111	2
-26.3474	10.4103	-0.000166537	-0.000121482	2
-26.3935	11.3949	-0.000191551	-0.000126745	2
-26.4136	12.3648	-0.000217409	-0.000129946	2
-26.408	13.3203	-0.000244083	-0.000131127	2
-26.3771	14.2615	-0.000271549	-0.000130336	2
-26.3214	15.1886	-0.000299781	-0.000127615	2
-26.2411	16.1017	-0.000328754	-0.000123011	2
-26.1366	17.0012	-0.000358443	-0.000116568	2
-26.0084	17.887	-0.000388821	-0.000108331	2
-25.8568	18.7595	-0.000419864	-9.8345e-05	2
-25.6821	19.6187	-0.000451546	-8.66544e-05	2
-25.4848	20.4648	-0.000483842	-7.33043e-05	2
-25.2652	21.2981	-0.000516726	-5.83395e-05	2
-25.0236	22.1186	-0.000550173	-4.1805e-05	2
-24.7606	22.9266	-0.000584157	-2.37456e-05	2
-24.4764	23.7222	-0.000618653	-4.20604e-06	2
-24.1714	24.5056	-0.000653636	1.67687e-05	2
-23.846	25.277	-0.000689079	3.91338e-05	2
-23.5046	26.0279	-0.000724543	6.25644e-05	2
-23.1397	26.7759	-0.000760828	8.75609e-05	2
-22.7555	27.5124	-0.000797498	0.000113814	2
-22.3524	28.2376	-0.000834527	0.000141278	2
-21.9307	28.9516	-0.000871891	0.000169909	2
-21.4909	29.6546	-0.000909563	0.000199662	2
-21.0333	30.3468	-0.000947518	0.000230491	2
-20.5582	31.0283	-0.000985731	0.000262353	2
-20.0661	31.6994	-0.00102418	0.000295201	2
-19.5574	32.3602	-0.00106283	0.000328992	2
-19.0323	33.0108	-0.00110166	0.000363681	2
-18.4913	33.6515	-0.00114065	0.000399222	2
-17.9347	34.2824	-0.00117977	0.000435571	2
-17.363	34.9037	-0.001219	0.000472682	2
-16.7765	35.5156	-0.00125831	0.000510512	2
-16.1755	36.1182	-0.00129767	0.000549015	2
-15.5605	36.7117	-0.00133706	0.000588146	2
-14.9318	37.2963	-0.00137645	0.000627861	2
-14.2898	37.8721	-0.00141582	0.000668114	2
-13.6349	38.4394	-0.00145514	0.000708861	2
-12.9674	38.9983	-0.00149439	0.000750057	2
-12.2877	39.5489	-0.00153354	0.000791657	2
-11.5962	40.0915	-0.00157257	0.000833616	2
-10.9015	40.6201	-0.00161101	0.000875402	2
-10.1876	41.1472	-0.00164971	0.000917943	2
-9.46307	41.6668	-0.00168822	0.000960708	2
-8.7282	42.179	-0.0017265	0.00100365	2
-7.9834	42.684	-0.00176453	0.00104673	2
-7.22903	43.182	-0.00180229	0.00108991	2
-6.46547	43.6731	-0.00183974	0.00113312	2
-5.69308	44.1576	-0.00187687	0.00117634	2
-4.91225	44.6355	-0.00191364	0.00121952	2
-4.12335	45.1072	-0.00195004	0.0012626	2
-3.32675	45.5726	-0.00198603	0.00130555	2
-2.52283	46.0321	-0.00202159	0.00134832	2
-1.71196	46.4858	-0.00205671	0.00139087	2
-0.894522	46.9338	-0.00209134	0.00143316	2
-0.0708804	47.3764	-0.00212546	0.00147512	2
0.758587	47.8137	-0.00215906	0.00151673	2
1.59351	48.2459	-0.0021921	0.00155794	2
2.4335	48.6731	-0.00222455	0.0015987	2
3.2782	49.0956	-0.00225641	0.00163897	2
4.12723	49.5134	-0.00228763	0.0016787	2
4.98021	49.9268	-0.00231819	0.00171784	2
5.83677	50.336	-0.00234807	0.00175636	2
6.69653	50.7411	-0.00237724	0.00179421	2
7.55913	51.1422	-0.00240567	0.00183134	2
8.41423	51.5351	-0.00243303	0.0018673	2
9.28135	51.929	-0.00245994	0.00190287	2
10.1502	52.3195	-0.00248603	0.00193759	2
11.0203	52.7068	-0.00251128	0.00197142	2
11.8915	53.0911	-0.00253568	0.0020043	2
12.7632	53.4725	-0.00255919	0.0020362	2
13.6351	53.8511	-0.00258178	0.00206707	2
14.5069	54.2273	-0.00260344	0.00209687	2
15.3782	54.601	-0.00262414	0.00212554	2
16.2485	54.9726	-0.00264385	0.00215305	2
17.1176	55.3422	-0.00266255	0.00217935	2
17.985	55.71	-0.0026802	0.00220439	2
18.8503	56.076	-0.0026968	0.00222814	2
19.7133	56.4406	-0.0027123	0.00225054	2
20.5735	56.8039	-0.00272669	0.00227155	2
21.4305	57.166	-0.00273993	0.00229113	2
22.2841	57.5272	-0.00275201	0.00230923	2
23.1337	57.8875	-0.0027629	0.00232581	2
23.979	58.2472	-0.00277258	0.00234081	2
24.8197	58.6065	-0.00278101	0.00235421	2
25.6554	58.9654	-0.00278817	0.00236594	2
26.4856	59.3243	-0.00279404	0.00237597	2
27.3101	59.6832	-0.00279859	0.00238426	2
28.1191	60.0382	-0.00280177	0.00239068	2
28.931	60.3978	-0.00280362	0.00239536	2
29.736	60.7579	-0.00280408	0.00239815	2
30.5338	61.1188	-0.00280311	0.00239901	2

24.9943	2.01253	6.88714e-07	-3.71007e-07	2
24.5138	3.08851	5.78202e-05	-3.10818e-05	2
24.046	4.17381	0.000111446	-5.97732e-05	2
23.5963	5.25579	0.000160955	-8.61176e-05	2
23.1696	6.32196	0.000205923	-0.000109895	2
22.7559	7.39701	0.000247472	-0.000131703	2
22.3602	8.46839	0.000285131	-0.000151294	2
21.9824	9.53599	0.000318978	-0.000168711	2
21.6224	10.5997	0.00034909	-0.000184	2
21.2802	11.6594	0.000375542	-0.000197203	2
20.9556	12.715	0.000398411	-0.000208365	2
20.6487	13.7664	0.000417774	-0.000217528	2
20.3593	14.8134	0.000433707	-0.000224736	2
20.0873	15.8559	0.000446287	-0.000230033	2
19.8327	16.8939	0.00045559	-0.000233463	2
19.5954	17.9271	0.000461693	-0.000235068	2
19.3754	18.9556	0.000464671	-0.000234894	2
19.1725	19.9791	0.000464603	-0.000232983	2
18.9866	20.9977	0.000461563	-0.00022938	2
18.8178	22.011	0.00045563	-0.000224127	2
18.6659	23.0191	0.000446878	-0.000217268	2
18.5308	24.0218	0.000435385	-0.000208847	2
18.4126	25.019	0.000421227	-0.000198908	2
18.311	26.0106	0.000404481	-0.000187495	2
18.226	26.9965	0.000385223	-0.00017465	2
18.1576	27.9766	0.00036353	-0.000160417	2
18.1062	28.9395	0.000339767	-0.000145028	2
18.0704	29.9076	0.000313458	-0.000128166	2
18.051	30.8695	0.000284943	-0.000110047	2
18.0479	31.8251	0.000254297	-9.07149e-05	2
18.0609	32.7743	0.000221598	-7.02128e-05	2
18.09	33.717	0.000186921	-4.85845e-05	2
18.1352	34.6531	0.000150344	-2.58737e-05	2
18.1963	35.5824	0.000111943	-2.12387e-06	2
18.2732	36.5048	7.17934e-05	2.26212e-05	2
18.366	37.4203	2.99729e-05	4.8318e-05	2
18.4744	38.3286	-1.34422e-05	7.49228e-05	2
18.5986	39.2297	-5.83756e-05	0.000102392	2
18.7383	40.1236	-0.000104751	0.000130682	2
18.8935	41.0099	-0.000152491	0.000159749	2
19.0641	41.8888	-0.00020152	0.00018955	2
19.25	42.7599	-0.000251761	0.00022004	2
19.4512	43.6233	-0.000303138	0.000251177	2
19.6677	44.4787	-0.000355575	0.000282916	2
19.8992	45.3262	-0.000408993	0.000315215	2
20.1458	46.1655	-0.000463319	0.000348028	2
20.4073	46.9966	-0.000518473	0.000381314	2
20.6838	47.8193	-0.000574381	0.000415027	2
20.975	48.6336	-0.000630966	0.000449125	2
21.2774	49.43	-0.000687491	0.000483166	2
21.5979	50.2271	-0.000745194	0.000517899	2
21.933	51.0154	-0.000803345	0.000552886	2
22.2826	51.7947	-0.000861868	0.000588083	2
22.6467	52.565	-0.000920686	0.000623447	2
23.0251	53.3261	-0.000979722	0.000658935	2
23.4178	54.078	-0.0010389	0.000694502	2
23.8247	54.8205	-0.00109815	0.000730104	2
24.2458	55.5534	-0.00115738	0.000765699	2
24.6809	56.2768	-0.00121652	0.000801243	2
25.13	56.9904	-0.00127551	0.000836692	2
25.5931	57.6942	-0.00133425	0.000872002	2
26.07	58.388	-0.00139267	0.000907129	2
26.5606	59.0718	-0.0014507	0.000942031	2
27.0649	59.7453	-0.00150827	0.000976664	2
27.5829	60.4086	-0.00156528	0.00101098	2
28.1143	61.0614	-0.00162167	0.00104495	2
28.6593	61.7037	-0.00167736	0.00107851	2
29.2176	62.3354	-0.00173228	0.00111163	2
29.7893	62.9563	-0.00178635	0.00114426	2
30.3741	63.5663	-0.00183948	0.00117635	2
30.9722	64.1654	-0.00189161	0.00120788	2
31.5833	64.7533	-0.00194266	0.00123878	2
32.2075	65.33	-0.00199255	0.00126903	2
32.8371	65.889	-0.00204065	0.00129823	2
33.4869	66.443	-0.00208801	0.00132703	2
34.1495	66.9855	-0.00213398	0.00135503	2
34.8248	67.5164	-0.00217849	0.0013822	2
35.5127	68.0354	-0.00222146	0.00140849	2
36.2132	68.5425	-0.00226281	0.00143385	2
36.9262	69.0376	-0.00230247	0.00145825	2
37.6515	69.5206	-0.00234036	0.00148164	2
38.3892	69.9914	-0.0023764	0.00150397	2
39.1392	70.4497	-0.00241052	0.0015252	2
39.9014	70.8956	-0.00244265	0.0015453	2
40.6756	71.3289	-0.00247269	0.0015642	2
41.4619	71.7495	-0.00250059	0.00158188	2
42.2602	72.1573	-0.00252625	0.00159829	2
43.0703	72.5521	-0.00254961	0.00161338	2
43.8922	72.9339	-0.00257059	0.00162711	2
44.7259	73.3025	-0.00258911	0.00163943	2
45.5712	73.6579	-0.0026051	0.00165031	2
46.4281	73.9998	-0.00261847	0.0016597	2
47.2966	74.3282	-0.00262916	0.00166756	2
48.1764	74.6431	-0.00263709	0.00167383	2
49.0676	74.9441	-0.00264217	0.00167849	2
49.9701	75.2314	-0.00264434	0.00168148	2
50.8732	75.5015	-0.00264353	0.00168276	2
51.7979	75.7609	-0.00263967	0.0016823	2
52.7336	76.006	-0.00263267	0.00168006	2
53.6804	76.2369	-0.00262244	0.00167597	2

74.9996	2.01025	5.08758e-07	3.34821e-08	2
74.9473	2.89265	4.28673e-05	2.54623e-06	2
74.8659	3.78703	8.29414e-05	4.36218e-06	2
74.7568	4.68303	0.000120265	5.46541e-06	2
74.6223	5.57022	0.000154499	5.87271e-06	2
74.4601	6.4691	0.00018648	5.61095e-06	2
74.2724	7.36927	0.00021584	4.68904e-06	2
74.0599	8.27061	0.00024262	3.12454e-06	2
73.8233	9.173	0.000266863	9.35031e-07	2
73.5635	10.0763	0.000288612	-1.86189e-06	2
73.2812	10.9805	0.000307909	-5.24866e-06	2
72.9772	11.8854	0.000324799	-9.20768e-06	2
72.6521	12.7908	0.000339323	-1.37214e-05	2
72.3068	13.6968	0.000351525	-1.87722e-05	2
71.9421	14.6031	0.000361446	-2.43425e-05	2
71.5586	15.5097	0.000369131	-3.04147e-05	2
71.1572	16.4164	0.000374622	-3.69713e-05	2
70.7386	17.3231	0.000377961	-4.39946e-05	2
70.3036	18.2298	0.000379191	-5.14671e-05	2
69.8529	19.1362	0.000378356	-5.93713e-05	2
69.3872	20.0424	0.000375498	-6.76894e-05	2
68.9075	20.9481	0.00037066	-7.6404e-05	2
68.4143	21.8533	0.000363885	-8.54975e-05	2
67.9085	22.7578	0.000355215	-9.49522e-05	2
67.3908	23.6615	0.000344694	-0.000104751	2
66.862	24.5644	0.000332364	-0.000114875	2
66.3291	25.4559	0.00031844	-0.000125187	2
65.7805	26.3567	0.00030264	-0.000135907	2
65.223	27.2563	0.00028516	-0.000146902	2
64.6574	28.1545	0.000266042	-0.000158152	2
64.0845	29.0512	0.000245328	-0.000169641	2
63.505	29.9464	0.000223062	-0.00018135	2
62.9197	30.8399	0.000199287	-0.000193263	2
62.3294	31.7317	0.000174045	-0.000205361	2
61.7348	32.6215	0.000147379	-0.000217628	2
61.1366	33.5093	0.000119333	-0.000230045	2
60.5357	34.3949	8.99476e-05	-0.000242595	2
59.9327	35.2783	5.92672e-05	-0.00025526	2
59.3285	36.1594	2.73343e-05	-0.000268023	2
58.7238	37.038	-5.80835e-06	-0.000280866	2
58.1194	37.914	-4.01179e-05	-0.000293772	2
57.516	38.7872	-7.55515e-05	-0.000306723	2
56.9144	39.6577	-0.000112066	-0.000319701	2
56.3153	40.5252	-0.00014962	-0.000332689	2
55.7195	41.3897	-0.000188169	-0.000345669	2
55.1278	42.251	-0.00022767	-0.000358624	2
54.5409	43.1091	-0.000268082	-0.000371537	2
53.9596	43.9637	-0.000309361	-0.000384388	2
53.3847	44.8149	-0.000351464	-0.000397162	2
52.8233	45.6527	-0.000393851	-0.000409694	2
52.2632	46.4966	-0.000437466	-0.00042226	2
51.7117	47.3366	-0.000481778	-0.000434696	2
51.1696	48.1726	-0.000526743	-0.000446983	2
50.6376	49.0046	-0.000572318	-0.000459105	2
50.1165	49.8324	-0.000618461	-0.000471043	2
49.607	50.6559	-0.00066513	-0.00048278	2
49.1099	51.475	-0.000712281	-0.000494298	2
48.6261	52.2896	-0.000759871	-0.000505581	2
48.1561	53.0995	-0.000807857	-0.00051661	2
47.7008	53.9047	-0.000856198	-0.000527367	2
47.261	54.705	-0.000904849	-0.000537836	2
46.8373	55.5004	-0.000953768	-0.000547999	2
46.4307	56.2906	-0.00100291	-0.000557837	2
46.0417	57.0756	-0.00105224	-0.000567334	2
45.6713	57.8553	-0.00110171	-0.000576471	2
45.32	58.6296	-0.00115127	-0.000585232	2
44.9888	59.3983	-0.00120089	-0.000593598	2
44.6784	60.1613	-0.00125052	-0.000601553	2
44.3894	60.9186	-0.00130011	-0.000609078	2
44.1227	61.67	-0.00134964	-0.000616156	2
43.8791	62.4154	-0.00139904	-0.000622769	2
43.6593	63.1546	-0.00144829	-0.0006289	2
43.464	63.8876	-0.00149733	-0.000634531	2
43.2958	64.606	-0.00154557	-0.000639589	2
43.1517	65.3263	-0.00159408	-0.000644174	2
43.0343	66.04	-0.00164226	-0.000648207	2
42.9445	66.747	-0.00169006	-0.00065167	2
42.8831	67.4472	-0.00173745	-0.000654545	2
42.8507	68.1405	-0.00178438	-0.000656815	2
42.8483	68.8268	-0.00183081	-0.000658462	2
42.8764	69.5059	-0.0018767	-0.00065947	2
42.936	70.1778	-0.00192199	-0.000659819	2
43.0277	70.8423	-0.00196666	-0.000659493	2
43.1522	71.4993	-0.00201065	-0.000658473	2
43.3105	72.1487	-0.00205392	-0.000656743	2
43.5031	72.7904	-0.00209644	-0.000654285	2
43.731	73.4242	-0.00213815	-0.000651082	2
43.9947	74.0502	-0.00217902	-0.000647114	2
44.2952	74.668	-0.002219	-0.000642366	2
44.6332	75.2777	-0.00225805	-0.00063682	2
45.0093	75.8792	-0.00229613	-0.000630457	2
45.4244	76.4722	-0.00233319	-0.000623261	2
45.8793	77.0567	-0.00236919	-0.000615213	2
46.3746	77.6326	-0.00240409	-0.000606296	2
46.9112	78.1997	-0.00243785	-0.000596493	2
47.4899	78.758	-0.00247042	-0.000585787	2
48.1039	79.3011	-0.0025014	-0.000574297	2
48.7683	79.8414	-0.00253148	-0.00056174	2
49.477	80.3726	-0.00256025	-0.000548227	2
50.2307	80.8944	-0.00258765	-0.000533739	2

124.999	2.01154	-4.55107e-08	-1.73753e-07	2
124.925	2.99609	-3.73969e-06	-1.50621e-05	2
124.822	3.97679	-7.04948e-06	-3.0017e-05	2
124.691	4.94238	-9.95149e-06	-4.48688e-05	2
124.535	5.88231	-1.24411e-05	-5.94526e-05	2
124.351	6.81872	-1.4598e-05	-7.41115e-05	2
124.141	7.74088	-1.64134e-05	-8.86796e-05	2
123.905	8.64908	-1.79093e-05	-0.000103161	2
123.645	9.54361	-1.91078e-05	-0.00011756	2
123.36	10.4247	-2.00313e-05	-0.00013188	2
123.052	11.2928	-2.07016e-05	-0.000146126	2
122.721	12.148	-2.11411e-05	-0.000160301	2
122.367	12.9907	-2.13719e-05	-0.000174411	2
121.991	13.8212	-2.1416e-05	-0.000188458	2
121.594	14.6397	-2.12957e-05	-0.000202447	2
121.176	15.4465	-2.1033e-05	-0.000216383	2
120.738	16.242	-2.06502e-05	-0.000230268	2
120.281	17.0264	-2.01693e-05	-0.000244108	2
119.804	17.7999	-1.96125e-05	-0.000257907	2
119.309	18.563	-1.9002e-05	-0.000271668	2
118.796	19.3158	-1.83599e-05	-0.000285396	2
118.266	20.0587	-1.77083e-05	-0.000299094	2
117.72	20.7919	-1.70693e-05	-0.000312768	2
117.157	21.5157	-1.64652e-05	-0.00032642	2
116.579	22.2305	-1.5918e-05	-0.000340056	2
115.986	22.9365	-1.545e-05	-0.000353679	2
115.386	23.626	-1.50867e-05	-0.000367136	2
114.765	24.3153	-1.48417e-05	-0.000380746	2
114.131	24.9967	-1.4742e-05	-0.000394355	2
113.484	25.6704	-1.48096e-05	-0.000407968	2
112.826	26.3368	-1.50668e-05	-0.000421588	2
112.156	26.996	-1.55358e-05	-0.000435221	2
111.475	27.6485	-1.62385e-05	-0.000448869	2
110.784	28.2945	-1.71972e-05	-0.000462537	2
110.084	28.9343	-1.84341e-05	-0.00047623	2
109.374	29.5681	-1.99712e-05	-0.00048995	2
108.656	30.1963	-2.18307e-05	-0.000503703	2
107.93	30.8192	-2.40347e-05	-0.000517493	2
107.196	31.4369	-2.66054e-05	-0.000531323	2
106.456	32.0499	-2.9565e-05	-0.000545198	2
105.71	32.6584	-3.29355e-05	-0.000559122	2
104.959	33.2627	-3.67392e-05	-0.000573099	2
104.202	33.863	-4.0998e-05	-0.000587132	2
103.441	34.4597	-4.57343e-05	-0.000601227	2
102.676	35.0531	-5.09701e-05	-0.000615387	2
101.908	35.6434	-5.67276e-05	-0.000629617	2
101.137	36.2309	-6.30289e-05	-0.00064392	2
100.365	36.8159	-6.98962e-05	-0.0006583	2
99.5903	37.3988	-7.73516e-05	-0.000672762	2
98.8242	37.973	-8.53209e-05	-0.000687143	2
98.0488	38.5523	-9.40116e-05	-0.000701779	2
97.2738	39.1303	-0.000103356	-0.00071651	2
96.4996	39.7072	-0.000113378	-0.000731339	2
95.7268	40.2833	-0.000124098	-0.00074627	2
94.9561	40.8589	-0.000135538	-0.000761307	2
94.1881	41.4344	-0.000147722	-0.000776455	2
93.4232	42.0099	-0.00016067	-0.000791717	2
92.6621	42.5858	-0.000174405	-0.000807098	2
91.9054	43.1624	-0.00018895	-0.000822602	2
91.1537	43.7399	-0.000204326	-0.000838232	2
90.4075	44.3187	-0.000220556	-0.000853994	2
89.6675	44.8989	-0.000237661	-0.00086989	2
88.9341	45.481	-0.000255665	-0.000885926	2
88.2081	46.0652	-0.000274588	-0.000902105	2
87.4899	46.6518	-0.000294453	-0.000918431	2
86.7802	47.241	-0.000315283	-0.000934909	2
86.0796	47.8332	-0.000337099	-0.000951542	2
85.3886	48.4287	-0.000359923	-0.000968335	2
84.7078	49.0277	-0.000383779	-0.000985292	2
84.0378	49.6304	-0.000408687	-0.00100242	2
83.3792	50.2373	-0.00043467	-0.00101971	2
82.7326	50.8486	-0.00046175	-0.00103719	2
82.0985	51.4646	-0.000489949	-0.00105484	2
81.4847	52.0784	-0.000518946	-0.00107247	2
80.8773	52.7045	-0.000549437	-0.0010905	2
80.2843	53.3362	-0.000581113	-0.00110871	2
79.7061	53.9736	-0.000613997	-0.00112713	2
79.1434	54.6172	-0.000648111	-0.00114574	2
78.5967	55.2672	-0.000683476	-0.00116456	2
78.0667	55.9239	-0.000720115	-0.00118359	2
77.554	56.5876	-0.000758051	-0.00120283	2
77.059	57.2585	-0.000797304	-0.00122228	2
76.5824	57.9369	-0.000837899	-0.00124196	2
76.1248	58.6232	-0.000879855	-0.00126187	2
75.6867	59.3176	-0.000923197	-0.001282	2
75.2688	60.0204	-0.000967945	-0.00130237	2
74.8717	60.7319	-0.00101412	-0.00132298	2
74.4958	61.4523	-0.00106175	-0.00134382	2
74.1419	62.1821	-0.00111085	-0.00136492	2
73.8104	62.9214	-0.00116145	-0.00138626	2
73.502	63.6705	-0.00121356	-0.00140786	2
73.2172	64.4297	-0.00126722	-0.00142971	2
72.9567	65.1994	-0.00132243	-0.00145183	2
72.721	65.9798	-0.00137923	-0.00147422	2
72.5107	66.7711	-0.00143764	-0.00149687	2
72.3263	67.5737	-0.00149767	-0.0015198	2
72.1703	68.3785	-0.00155864	-0.00154274	2
72.0394	69.2044	-0.00162198	-0.00156623	2
71.9362	70.0424	-0.00168701	-0.00159001	2
71.8613	70.8928	-0.00175376	-0.00161407	2

