-125.004	2.01361	1.04622e-07	2.47504e-07	2
-125.37	3.1721	8.9094e-06	2.14429e-05	2
-125.761	4.31966	1.74294e-05	4.27062e-05	2
-126.172	5.44309	2.55607e-05	6.37936e-05	2
-126.599	6.53028	3.32172e-05	8.44694e-05	2
-127.049	7.60694	4.05777e-05	0.000105218	2
-127.519	8.66068	4.75516e-05	0.000125802	2
-128.008	9.69191	5.41397e-05	0.000146225	2
-128.516	10.7011	6.03427e-05	0.000166491	2
-129.041	11.6885	6.61612e-05	0.000186603	2
-129.585	12.6547	7.15961e-05	0.000206565	2
-130.145	13.6	7.6648e-05	0.00022638	2
-130.723	14.5248	8.13176e-05	0.000246054	2
-131.318	15.4296	8.56057e-05	0.000265588	2
-131.928	16.3147	8.9513e-05	0.000284988	2
-132.555	17.1805	9.30401e-05	0.000304256	2
-133.197	18.0276	9.61879e-05	0.000323397	2
-133.854	18.8562	9.8957e-05	0.000342414	2
-134.525	19.6668	0.000101348	0.00036131	2
-135.211	20.4598	0.000103362	0.00038009	2
-135.911	21.2356	0.000104999	0.000398758	2
-136.625	21.9945	0.000106261	0.000417316	2
-137.352	22.7371	0.000107147	0.000435769	2
-138.092	23.4638	0.000107659	0.000454121	2
-138.844	24.1748	0.000107798	0.000472375	2
-139.608	24.8707	0.000107563	0.000490534	2
-140.375	25.5441	0.000106966	0.000508396	2
-141.162	26.211	0.000105992	0.000526379	2
-141.96	26.864	0.000104647	0.00054428	2
-142.768	27.5034	0.000102932	0.000562101	2
-143.587	28.1298	0.000100848	0.000579846	2
-144.415	28.7434	9.83947e-05	0.000597519	2
-145.253	29.3447	9.55738e-05	0.000615125	2
-146.1	29.934	9.23857e-05	0.000632665	2
-146.955	30.5119	8.88311e-05	0.000650145	2
-147.819	31.0787	8.49107e-05	0.000667569	2
-148.691	31.6348	8.06253e-05	0.000684938	2
-149.57	32.1807	7.59755e-05	0.000702258	2
-150.456	32.7166	7.0962e-05	0.000719533	2
-151.349	33.2432	6.55856e-05	0.000736765	2
-152.249	33.7606	5.98471e-05	0.000753958	2
-153.154	34.2694	5.3747e-05	0.000771117	2
-154.065	34.77	4.72861e-05	0.000788245	2
-154.981	35.2628	4.04652e-05	0.000805346	2
-155.902	35.7481	3.3285e-05	0.000822423	2
-156.828	36.2264	2.57461e-05	0.00083948	2
-157.757	36.6981	1.78493e-05	0.000856521	2
-158.691	37.1636	9.59534e-06	0.00087355	2
-159.627	37.6234	9.84886e-07	0.00089057	2
-160.556	38.0725	-7.87625e-06	0.000907389	2
-161.498	38.5219	-1.71934e-05	0.000924403	2
-162.443	38.9668	-2.68649e-05	0.000941419	2
-163.389	39.4075	-3.68901e-05	0.000958441	2
-164.336	39.8444	-4.72681e-05	0.000975473	2
-165.285	40.278	-5.79983e-05	0.000992519	2
-166.234	40.7087	-6.908e-05	0.00100958	2
-167.184	41.1368	-8.05124e-05	0.00102667	2
-168.133	41.5628	-9.22949e-05	0.00104377	2
-169.082	41.9871	-0.000104427	0.00106091	2
-170.03	42.4101	-0.000116907	0.00107808	2
-170.977	42.8322	-0.000129735	0.00109529	2
-171.922	43.2538	-0.000142911	0.00111253	2
-172.866	43.6753	-0.000156433	0.00112982	2
-173.807	44.0971	-0.0001703	0.00114715	2
-174.745	44.5197	-0.000184513	0.00116454	2
-175.68	44.9434	-0.00019907	0.00118198	2
-176.611	45.3686	-0.000213971	0.00119948	2
-177.539	45.7958	-0.000229214	0.00121704	2
-178.462	46.2254	-0.0002448	0.00123466	2
-179.381	46.6577	-0.000260727	0.00125236	2
-180.295	47.0932	-0.000276994	0.00127012	2
-181.203	47.5323	-0.000293602	0.00128797	2
-182.106	47.9754	-0.000310549	0.00130589	2
-182.992	48.4178	-0.000327634	0.0013237	2
-183.882	48.87	-0.000345254	0.00134179	2
-184.764	49.3275	-0.000363211	0.00135998	2
-185.64	49.7906	-0.000381504	0.00137826	2
-186.508	50.2597	-0.000400133	0.00139665	2
-187.368	50.7352	-0.000419097	0.00141513	2
-188.219	51.2176	-0.000438395	0.00143372	2
-189.062	51.7073	-0.000458027	0.00145242	2
-189.895	52.2046	-0.000477991	0.00147124	2
-190.719	52.71	-0.000498288	0.00149017	2
-191.533	53.2238	-0.000518916	0.00150922	2
-192.336	53.7465	-0.000539875	0.0015284	2
-193.129	54.2786	-0.000561164	0.00154771	2
-193.911	54.8203	-0.000582782	0.00156715	2
-194.681	55.3721	-0.000604728	0.00158673	2
-195.439	55.9345	-0.000627003	0.00160644	2
-196.185	56.5078	-0.000649605	0.0016263	2
-196.919	57.0924	-0.000672533	0.00164631	2
-197.639	57.6887	-0.000695786	0.00166647	2
-198.346	58.2972	-0.000719365	0.00168678	2
-199.04	58.9182	-0.000743268	0.00170725	2
-199.719	59.5522	-0.000767494	0.00172789	2
-200.383	60.1996	-0.000792044	0.00174869	2
-201.026	60.8531	-0.000816627	0.00176941	2
-201.66	61.5283	-0.000841816	0.00179055	2
-202.279	62.218	-0.000867326	0.00181187	2
-202.882	62.9228	-0.000893156	0.00183337	2

-75.0047	2.01177	-2.33688e-07	3.35296e-07	2
-75.404	3.02346	-1.93648e-05	2.88351e-05	2
-75.7936	4.04598	-3.67903e-05	5.69971e-05	2
-76.1691	5.06758	-5.22991e-05	8.44952e-05	2
-76.5265	6.07653	-6.57681e-05	0.000111034	2
-76.8743	7.0963	-7.75331e-05	0.000137239	2
-77.2084	8.11517	-8.74493e-05	0.000162807	2
-77.529	9.13313	-9.55394e-05	0.000187748	2
-77.8362	10.1502	-0.000101826	0.000212071	2
-78.1302	11.1664	-0.000106332	0.000235784	2
-78.4112	12.1817	-0.00010908	0.000258898	2
-78.6793	13.1961	-0.000110093	0.000281421	2
-78.9346	14.2096	-0.000109394	0.000303362	2
-79.1774	15.2223	-0.000107004	0.00032473	2
-79.4077	16.2341	-0.000102948	0.000345535	2
-79.6258	17.2451	-9.72471e-05	0.000365786	2
-79.8318	18.2552	-8.99246e-05	0.000385492	2
-80.0259	19.2645	-8.10031e-05	0.000404662	2
-80.2081	20.2729	-7.05054e-05	0.000423305	2
-80.3788	21.2805	-5.84542e-05	0.000441431	2
-80.538	22.2873	-4.48721e-05	0.000459048	2
-80.6859	23.2933	-2.9782e-05	0.000476165	2
-80.8227	24.2984	-1.32064e-05	0.000492793	2
-80.9484	25.3028	4.83179e-06	0.000508939	2
-81.0634	26.3063	2.431e-05	0.000524614	2
-81.1677	27.3091	4.52054e-05	0.000539826	2
-81.2605	28.2996	6.72313e-05	0.000554417	2
-81.344	29.3008	9.08775e-05	0.000568736	2
-81.4174	30.3012	0.000115873	0.00058262	2
-81.4807	31.3009	0.000142195	0.000596077	2
-81.5342	32.2998	0.000169821	0.000609117	2
-81.5779	33.2979	0.000198729	0.00062175	2
-81.6121	34.2953	0.000228895	0.000633984	2
-81.637	35.292	0.000260297	0.000645828	2
-81.6525	36.2879	0.000292911	0.000657291	2
-81.659	37.2831	0.000326717	0.000668383	2
-81.6566	38.2776	0.00036169	0.000679114	2
-81.6454	39.2713	0.000397807	0.000689491	2
-81.6257	40.2643	0.000435048	0.000699524	2
-81.5975	41.2567	0.000473387	0.000709222	2
-81.561	42.2483	0.000512804	0.000718595	2
-81.5164	43.2392	0.000553274	0.000727652	2
-81.4638	44.2295	0.000594776	0.000736401	2
-81.4034	45.219	0.000637287	0.000744852	2
-81.3354	46.2079	0.000680784	0.000753015	2
-81.2599	47.1961	0.000725244	0.000760897	2
-81.177	48.1837	0.000770644	0.000768509	2
-81.087	49.1706	0.000816963	0.000775859	2
-80.99	50.1568	0.000864176	0.000782957	2
-80.8874	51.1311	0.000911705	0.000789735	2
-80.7769	52.116	0.000960631	0.000796358	2
-80.6599	53.1004	0.00101038	0.000802756	2
-80.5366	54.0841	0.00106094	0.000808939	2
-80.407	55.0672	0.00111228	0.000814915	2
-80.2713	56.0496	0.00116438	0.000820693	2
-80.1298	57.0315	0.00121722	0.000826283	2
-79.9825	58.0128	0.00127076	0.000831694	2
-79.8297	58.9934	0.001325	0.000836934	2
-79.6714	59.9735	0.00137991	0.000842014	2
-79.5078	60.953	0.00143547	0.000846942	2
-79.3392	61.9319	0.00149164	0.000851727	2
-79.1656	62.9102	0.00154842	0.000856379	2
-78.9873	63.888	0.00160577	0.000860906	2
-78.8043	64.8652	0.00166368	0.000865318	2
-78.6169	65.8419	0.00172212	0.000869625	2
-78.4251	66.818	0.00178107	0.000873834	2
-78.2292	67.7936	0.00184051	0.000877956	2
-78.0293	68.7686	0.00190041	0.000881999	2
-77.8256	69.7431	0.00196075	0.000885972	2
-77.6182	70.7171	0.00202151	0.000889885	2
-77.4073	71.6906	0.00208267	0.000893748	2
-77.1931	72.6635	0.0021442	0.000897568	2
-76.9756	73.636	0.00220607	0.000901355	2
-76.7577	74.5968	0.00226756	0.000905076	2
-76.5344	75.5682	0.00233007	0.000908825	2
-76.3084	76.5392	0.00239286	0.000912569	2
-76.0798	77.5097	0.00245591	0.000916317	2
-75.8488	78.4798	0.0025192	0.000920077	2
-75.6156	79.4493	0.0025827	0.000923859	2
-75.3803	80.4184	0.00264639	0.000927673	2
-75.1431	81.3871	0.00271026	0.000931527	2
-74.9041	82.3553	0.00277426	0.00093543	2
-74.6635	83.323	0.0028384	0.000939392	2
-74.4214	84.2903	0.00290263	0.000943421	2
-74.1781	85.2572	0.00296694	0.000947528	2
-73.9337	86.2237	0.0030313	0.00095172	2
-73.6883	87.1897	0.0030957	0.000956008	2
-73.442	88.1553	0.00316011	0.0009604	2
-73.1952	89.1206	0.00322451	0.000964905	2
-72.9478	90.0854	0.00328887	0.000969534	2
-72.7001	91.0498	0.00335317	0.000974294	2
-72.4523	92.0138	0.00341739	0.000979195	2
-72.2044	92.9775	0.0034815	0.000984246	2
-71.9567	93.9408	0.00354549	0.000989456	2
-71.7092	94.9037	0.00360934	0.000994834	2
-71.4623	95.8662	0.003673	0.00100039	2
-71.2188	96.8174	0.00373575	0.00100607	2
-70.9732	97.7792	0.00379901	0.001012	2
-70.7286	98.7407	0.00386203	0.00101814	2
-70.4851	99.7019	0.00392479	0.0010245	2

-25.0014	2.01342	-5.09247e-07	1.23192e-07	2
-25.1059	3.15465	-4.39074e-05	1.06341e-05	2
-25.179	4.28426	-8.70175e-05	2.1104e-05	2
-25.2196	5.38914	-0.00012934	3.14169e-05	2
-25.2284	6.45735	-0.000170411	4.14641e-05	2
-25.2059	7.51402	-0.000211194	5.14865e-05	2
-25.1525	8.54693	-0.000251218	6.13736e-05	2
-25.0686	9.55638	-0.000290492	7.11327e-05	2
-24.9546	10.5427	-0.000329024	8.07712e-05	2
-24.8111	11.5062	-0.000366826	9.02962e-05	2
-24.6384	12.4472	-0.000403905	9.9715e-05	2
-24.4372	13.3661	-0.000440272	0.000109035	2
-24.2078	14.263	-0.000475935	0.000118263	2
-23.9507	15.1385	-0.000510905	0.000127407	2
-23.6664	15.9927	-0.00054519	0.000136474	2
-23.3555	16.826	-0.0005788	0.000145472	2
-23.0183	17.6387	-0.000611745	0.000154406	2
-22.6553	18.4312	-0.000644033	0.000163286	2
-22.2671	19.2037	-0.000675675	0.000172117	2
-21.854	19.9566	-0.00070668	0.000180908	2
-21.4166	20.6902	-0.000737056	0.000189665	2
-20.9554	21.4048	-0.000766814	0.000198396	2
-20.4707	22.1007	-0.000795964	0.000207109	2
-19.9632	22.7783	-0.000824513	0.000215809	2
-19.4332	23.4378	-0.000852472	0.000224505	2
-18.8813	24.0796	-0.00087985	0.000233205	2
-18.3146	24.6969	-0.000906352	0.000241814	2
-17.7205	25.3044	-0.000932604	0.000250541	2
-17.1058	25.8952	-0.000958302	0.000259292	2
-16.471	26.4695	-0.000983458	0.000268075	2
-15.8167	27.0277	-0.00100808	0.000276898	2
-15.1433	27.5701	-0.00103218	0.000285767	2
-14.4512	28.097	-0.00105576	0.00029469	2
-13.741	28.6087	-0.00107883	0.000303674	2
-13.0131	29.1055	-0.00110141	0.000312726	2
-12.268	29.5878	-0.00112351	0.000321854	2
-11.5062	30.0559	-0.00114512	0.000331064	2
-10.7281	30.5101	-0.00116627	0.000340365	2
-9.93423	30.9507	-0.00118696	0.000349763	2
-9.12509	31.3781	-0.0012072	0.000359266	2
-8.30112	31.7925	-0.001227	0.00036888	2
-7.46281	32.1943	-0.00124637	0.000378614	2
-6.61062	32.5838	-0.00126532	0.000388475	2
-5.74504	32.9613	-0.00128386	0.000398469	2
-4.86654	33.3271	-0.001302	0.000408604	2
-3.9756	33.6816	-0.00131974	0.000418888	2
-3.07269	34.025	-0.0013371	0.000429327	2
-2.15829	34.3578	-0.00135408	0.000439929	2
-1.23287	34.6801	-0.00137071	0.000450701	2
-0.307735	34.9888	-0.00138679	0.000461523	2
0.638172	35.2915	-0.00140271	0.000472655	2
1.59367	35.5846	-0.0014183	0.000483979	2
2.55829	35.8687	-0.00143356	0.000495502	2
3.53155	36.1439	-0.00144851	0.000507232	2
4.51298	36.4107	-0.00146314	0.000519175	2
5.50209	36.6692	-0.00147748	0.000531339	2
6.49842	36.92	-0.00149153	0.000543731	2
7.50149	37.1632	-0.0015053	0.000556359	2
8.51082	37.3992	-0.0015188	0.000569229	2
9.52594	37.6283	-0.00153204	0.00058235	2
10.5464	37.8508	-0.00154502	0.000595728	2
11.5716	38.067	-0.00155777	0.00060937	2
12.6013	38.2773	-0.00157028	0.000623284	2
13.6348	38.482	-0.00158256	0.000637478	2
14.6717	38.6814	-0.00159464	0.000651958	2
15.7115	38.8758	-0.00160651	0.000666731	2
16.7538	39.0656	-0.00161818	0.000681806	2
17.7981	39.251	-0.00162967	0.000697189	2
18.8439	39.4324	-0.00164098	0.000712887	2
19.8907	39.61	-0.00165213	0.000728908	2
20.9381	39.7843	-0.00166312	0.000745259	2
21.9855	39.9555	-0.00167396	0.000761947	2
23.0326	40.1239	-0.00168466	0.00077898	2
24.0667	40.288	-0.00169511	0.000796163	2
25.1116	40.4519	-0.00170557	0.000813903	2
26.1546	40.6141	-0.00171591	0.000832009	2
27.1953	40.7747	-0.00172615	0.000850489	2
28.2333	40.9341	-0.0017363	0.000869349	2
29.268	41.0928	-0.00174637	0.000888598	2
30.2989	41.2508	-0.00175637	0.000908242	2
31.3257	41.4087	-0.0017663	0.000928289	2
32.3478	41.5667	-0.00177618	0.000948745	2
33.3648	41.7251	-0.00178601	0.000969619	2
34.3761	41.8843	-0.00179581	0.000990918	2
35.3813	42.0445	-0.00180559	0.00101265	2
36.3799	42.2061	-0.00181534	0.00103482	2
37.3715	42.3694	-0.00182509	0.00105743	2
38.3556	42.5347	-0.00183485	0.0010805	2
39.3316	42.7024	-0.00184461	0.00110403	2
40.2992	42.8727	-0.0018544	0.00112803	2
41.2578	43.046	-0.00186421	0.0011525	2
42.2069	43.2226	-0.00187407	0.00117746	2
43.1462	43.4028	-0.00188398	0.00120291	2
44.075	43.587	-0.00189394	0.00122885	2
44.9931	43.7754	-0.00190398	0.0012553	2
45.8997	43.9683	-0.00191409	0.00128226	2
46.7844	44.1639	-0.00192417	0.00130942	2
47.6671	44.3668	-0.00193447	0.00133742	2
48.537	44.5753	-0.00194487	0.00136595	2
49.3937	44.7897	-0.00195538	0.00139502	2

24.9921	2.01295	-1.45875e-07	2.17814e-07	2
24.3281	3.12129	-1.3017e-05	1.88525e-05	2
23.6915	4.23202	-2.66824e-05	3.75091e-05	2
23.0898	5.33222	-4.09793e-05	5.59707e-05	2
22.5291	6.40945	-5.57163e-05	7.40298e-05	2
21.9958	7.48877	-7.12193e-05	9.21074e-05	2
21.4963	8.55764	-8.73039e-05	0.000109994	2
21.0301	9.61608	-0.000103953	0.000127689	2
20.597	10.6641	-0.000121151	0.000145196	2
20.1965	11.7018	-0.000138879	0.000162515	2
19.8281	12.7291	-0.000157122	0.000179647	2
19.4916	13.746	-0.000175863	0.000196593	2
19.1865	14.7527	-0.000195085	0.000213355	2
18.9125	15.7491	-0.000214771	0.000229933	2
18.669	16.7352	-0.000234905	0.000246329	2
18.4559	17.7111	-0.000255469	0.000262544	2
18.2725	18.6768	-0.000276448	0.000278579	2
18.1186	19.6324	-0.000297823	0.000294436	2
17.9938	20.5778	-0.000319579	0.000310114	2
17.8976	21.513	-0.000341699	0.000325616	2
17.8297	22.4382	-0.000364166	0.000340943	2
17.7897	23.3533	-0.000386963	0.000356096	2
17.7771	24.2583	-0.000410073	0.000371075	2
17.7917	25.1533	-0.000433481	0.000385883	2
17.8329	26.0383	-0.000457168	0.00040052	2
17.9005	26.9134	-0.000481118	0.000414987	2
17.9927	27.7686	-0.000505036	0.000429122	2
18.1114	28.6239	-0.00052946	0.000443256	2
18.2552	29.4693	-0.000554097	0.000457223	2
18.4237	30.3048	-0.00057893	0.000471025	2
18.6166	31.1305	-0.000603944	0.000484663	2
18.8334	31.9464	-0.00062912	0.000498139	2
19.0738	32.7525	-0.000654442	0.000511453	2
19.3373	33.5488	-0.000679894	0.000524606	2
19.6236	34.3354	-0.000705458	0.0005376	2
19.9323	35.1122	-0.000731118	0.000550436	2
20.2629	35.8794	-0.000756858	0.000563115	2
20.6151	36.6369	-0.000782659	0.000575638	2
20.9885	37.3848	-0.000808507	0.000588007	2
21.3827	38.123	-0.000834383	0.000600222	2
21.7974	38.8517	-0.000860271	0.000612284	2
22.232	39.5708	-0.000886155	0.000624196	2
22.6862	40.2803	-0.000912017	0.000635957	2
23.1597	40.9804	-0.000937842	0.000647569	2
23.6519	41.671	-0.000963611	0.000659033	2
24.1627	42.3521	-0.000989309	0.000670351	2
24.6914	43.0237	-0.00101492	0.000681523	2
25.2378	43.686	-0.00104042	0.000692551	2
25.8015	44.3389	-0.0010658	0.000703436	2
26.3752	44.9751	-0.00109076	0.000714056	2
26.972	45.6094	-0.00111585	0.000724659	2
27.5849	46.2344	-0.00114077	0.000735122	2
28.2134	46.8501	-0.0011655	0.000745447	2
28.8573	47.4566	-0.00119002	0.000755634	2
29.516	48.0538	-0.00121432	0.000765685	2
30.1892	48.6418	-0.00123838	0.000775601	2
30.8766	49.2207	-0.00126219	0.000785383	2
31.5776	49.7904	-0.00128573	0.000795031	2
32.292	50.3509	-0.00130897	0.000804549	2
33.0193	50.9024	-0.00133191	0.000813935	2
33.7592	51.4448	-0.00135453	0.000823192	2
34.5112	51.9781	-0.0013768	0.000832321	2
35.2749	52.5024	-0.00139873	0.000841322	2
36.05	53.0177	-0.00142027	0.000850198	2
36.836	53.5241	-0.00144143	0.000858948	2
37.6326	54.0215	-0.00146218	0.000867575	2
38.4394	54.5099	-0.00148251	0.00087608	2
39.256	54.9895	-0.0015024	0.000884462	2
40.0819	55.4602	-0.00152183	0.000892725	2
40.9168	55.9221	-0.00154079	0.000900869	2
41.7604	56.3751	-0.00155926	0.000908894	2
42.6121	56.8193	-0.00157722	0.000916803	2
43.4716	57.2548	-0.00159466	0.000924596	2
44.3286	57.6767	-0.00161136	0.000932187	2
45.2025	58.0948	-0.00162771	0.000939753	2
46.083	58.5042	-0.00164348	0.000947207	2
46.9698	58.905	-0.00165866	0.00095455	2
47.8624	59.2971	-0.00167323	0.000961784	2
48.7605	59.6806	-0.00168718	0.000968908	2
49.6636	60.0555	-0.00170049	0.000975925	2
50.5714	60.4218	-0.00171314	0.000982835	2
51.4835	60.7796	-0.00172512	0.000989639	2
52.3994	61.1289	-0.00173641	0.00099634	2
53.3189	61.4697	-0.00174699	0.00100294	2
54.2414	61.802	-0.00175684	0.00100943	2
55.1666	62.1259	-0.00176595	0.00101583	2
56.0941	62.4414	-0.00177431	0.00102212	2
57.0235	62.7485	-0.00178189	0.00102832	2
57.9545	63.0472	-0.00178867	0.00103442	2
58.8866	63.3376	-0.00179465	0.00104042	2
59.8194	63.6197	-0.00179981	0.00104633	2
60.7525	63.8935	-0.00180412	0.00105214	2
61.6856	64.1591	-0.00180757	0.00105787	2
62.6182	64.4164	-0.00181015	0.0010635	2
63.55	64.6655	-0.00181184	0.00106904	2
64.4805	64.9065	-0.00181261	0.00107449	2
65.3987	65.1366	-0.00181247	0.00107979	2
66.3256	65.3614	-0.00181139	0.00108506	2
67.2501	65.578	-0.00180936	0.00109025	2
68.1718	65.7865	-0.00180634	0.00109536	2

74.9971	2.00993	1.48927e-07	6.20413e-08	2
74.7443	2.86738	1.17761e-05	4.96855e-06	2
74.4774	3.74107	2.11903e-05	9.08521e-06	2
74.1997	4.62082	2.8283e-05	1.23743e-05	2
73.9152	5.4962	3.3052e-05	1.48361e-05	2
73.6177	6.38732	3.56479e-05	1.6552e-05	2
73.3109	7.28379	3.60427e-05	1.75132e-05	2
72.9953	8.18539	3.42766e-05	1.77439e-05	2
72.6714	9.09187	3.039e-05	1.72687e-05	2
72.3397	10.003	2.4423e-05	1.61117e-05	2
72.0006	10.9185	1.6416e-05	1.42974e-05	2
71.6547	11.8382	6.40924e-06	1.18502e-05	2
71.3023	12.7619	-5.55695e-06	8.79439e-06	2
70.9441	13.6892	-1.94423e-05	5.15432e-06	2
70.5805	14.62	-3.52066e-05	9.54363e-07	2
70.2119	15.554	-5.28094e-05	-3.78112e-06	2
69.8389	16.491	-7.22105e-05	-9.02777e-06	2
69.4619	17.4308	-9.33697e-05	-1.47612e-05	2
69.0815	18.373	-0.000116247	-2.09571e-05	2
68.698	19.3175	-0.000140801	-2.75911e-05	2
68.3121	20.2641	-0.000166993	-3.46389e-05	2
67.924	21.2124	-0.000194781	-4.2076e-05	2
67.5345	22.1623	-0.000224126	-4.98781e-05	2
67.1439	23.1135	-0.000254987	-5.80209e-05	2
66.7526	24.0658	-0.000287325	-6.648e-05	2
66.3613	25.019	-0.000321098	-7.52311e-05	2
65.9749	25.9617	-0.000355854	-8.41446e-05	2
65.5848	26.9158	-0.000392363	-9.34038e-05	2
65.196	27.8701	-0.000430186	-0.000102882	2
64.8091	28.8242	-0.000469285	-0.000112555	2
64.4245	29.778	-0.000509619	-0.000122399	2
64.0426	30.7312	-0.000551147	-0.000132388	2
63.6641	31.6836	-0.000593829	-0.0001425	2
63.2893	32.635	-0.000637625	-0.000152709	2
62.9187	33.585	-0.000682495	-0.00016299	2
62.5528	34.5335	-0.000728398	-0.000173321	2
62.1922	35.4803	-0.000775295	-0.000183675	2
61.8372	36.425	-0.000823144	-0.00019403	2
61.4884	37.3675	-0.000871905	-0.00020436	2
61.1462	38.3076	-0.000921539	-0.000214641	2
60.8112	39.2448	-0.000972005	-0.000224849	2
60.4838	40.1792	-0.00102326	-0.00023496	2
60.1645	41.1103	-0.00107527	-0.000244949	2
59.8538	42.0381	-0.00112799	-0.000254791	2
59.5521	42.9621	-0.00118138	-0.000264463	2
59.26	43.8822	-0.0012354	-0.00027394	2
58.9779	44.7982	-0.00129001	-0.000283198	2
58.7063	45.7098	-0.00134517	-0.000292212	2
58.4458	46.6168	-0.00140085	-0.000300958	2
58.1995	47.5086	-0.00145634	-0.000309317	2
57.9622	48.4057	-0.0015129	-0.000317457	2
57.7373	49.2975	-0.00156986	-0.000325257	2
57.5254	50.1837	-0.00162716	-0.000332692	2
57.3269	51.0641	-0.00168477	-0.000339737	2
57.1423	51.9384	-0.00174265	-0.000346369	2
56.972	52.8065	-0.00180076	-0.000352562	2
56.8166	53.668	-0.00185905	-0.000358292	2
56.6765	54.5228	-0.0019175	-0.000363536	2
56.5523	55.3706	-0.00197605	-0.000368268	2
56.4443	56.2112	-0.00203466	-0.000372464	2
56.3531	57.0443	-0.00209331	-0.000376101	2
56.2792	57.8697	-0.00215194	-0.000379153	2
56.2231	58.6871	-0.00221052	-0.000381596	2
56.1851	59.4964	-0.002269	-0.000383407	2
56.1659	60.2972	-0.00232735	-0.000384559	2
56.1659	61.0894	-0.00238552	-0.00038503	2
56.1856	61.8727	-0.00244348	-0.000384795	2
56.2254	62.6468	-0.00250118	-0.000383829	2
56.2858	63.4116	-0.00255859	-0.000382108	2
56.3674	64.1668	-0.00261566	-0.000379609	2
56.4707	64.9121	-0.00267236	-0.000376305	2
56.596	65.6473	-0.00272863	-0.000372173	2
56.7438	66.3723	-0.00278446	-0.000367189	2
56.9127	67.0785	-0.00283915	-0.000361401	2
57.1069	67.7821	-0.00289394	-0.00035465	2
57.3251	68.4748	-0.00294816	-0.000346974	2
57.5678	69.1562	-0.00300176	-0.000338348	2
57.8356	69.8261	-0.0030547	-0.000328749	2
58.1287	70.4842	-0.00310695	-0.000318151	2
58.4479	71.1304	-0.00315845	-0.00030653	2
58.7934	71.7643	-0.00320918	-0.000293863	2
59.1659	72.3858	-0.00325909	-0.000280124	2
59.5658	72.9945	-0.00330814	-0.00026529	2
59.9936	73.5904	-0.00335629	-0.000249336	2
60.4497	74.173	-0.0034035	-0.000232237	2
60.9346	74.7423	-0.00344973	-0.00021397	2
61.449	75.2979	-0.00349494	-0.00019451	2
61.9931	75.8397	-0.00353909	-0.000173832	2
62.5675	76.3673	-0.00358213	-0.000151912	2
63.1727	76.8805	-0.00362404	-0.000128727	2
63.8091	77.3792	-0.00366477	-0.00010425	2
64.4773	77.863	-0.00370427	-7.84592e-05	2
65.1777	78.3317	-0.00374251	-5.13288e-05	2
65.9109	78.7852	-0.00377945	-2.28349e-05	2
66.6772	79.2231	-0.00381505	7.04694e-06	2
67.4772	79.6452	-0.00384926	3.83411e-05	2
68.3016	80.0467	-0.00388169	7.06874e-05	2
69.17	80.4367	-0.00391303	0.000104862	2
70.0735	80.8102	-0.00394287	0.000140522	2
71.0126	81.167	-0.00397117	0.000177692	2

124.999	2.01202	-1.722e-07	1.14171e-07	2
124.936	3.03911	-1.45416e-05	9.35721e-06	2
124.842	4.06449	-2.82125e-05	1.75692e-05	2
124.717	5.07639	-4.10416e-05	2.46654e-05	2
124.564	6.06364	-5.29243e-05	3.06121e-05	2
124.381	7.04941	-6.41655e-05	3.55767e-05	2
124.17	8.02239	-7.46515e-05	3.95132e-05	2
123.932	8.98282	-8.44112e-05	4.24511e-05	2
123.666	9.93093	-9.34734e-05	4.44197e-05	2
123.375	10.8669	-0.000101867	4.54483e-05	2
123.059	11.7911	-0.000109621	4.55664e-05	2
122.718	12.7036	-0.000116765	4.48034e-05	2
122.353	13.6048	-0.000123327	4.31885e-05	2
121.965	14.4948	-0.000129336	4.07512e-05	2
121.555	15.3739	-0.000134822	3.75208e-05	2
121.124	16.2422	-0.000139813	3.35268e-05	2
120.671	17.1002	-0.000144337	2.87985e-05	2
120.198	17.9479	-0.000148425	2.33652e-05	2
119.706	18.7856	-0.000152105	1.72564e-05	2
119.195	19.6135	-0.000155406	1.05014e-05	2
118.667	20.432	-0.000158357	3.12964e-06	2
118.121	21.2411	-0.000160986	-4.82958e-06	2
117.558	22.0412	-0.000163323	-1.33469e-05	2
116.98	22.8325	-0.000165397	-2.23928e-05	2
116.387	23.6152	-0.000167237	-3.19381e-05	2
115.779	24.3895	-0.000168871	-4.19533e-05	2
115.165	25.1469	-0.000170313	-5.22865e-05	2
114.531	25.9053	-0.000171624	-6.31488e-05	2
113.885	26.6561	-0.000172817	-7.43934e-05	2
113.227	27.3994	-0.000173919	-8.59906e-05	2
112.559	28.1355	-0.000174961	-9.79113e-05	2
111.88	28.8647	-0.00017597	-0.000110126	2
111.193	29.5871	-0.000176976	-0.000122605	2
110.497	30.3031	-0.000178008	-0.00013532	2
109.793	31.0128	-0.000179095	-0.000148241	2
109.082	31.7165	-0.000180265	-0.000161338	2
108.364	32.4143	-0.000181548	-0.000174582	2
107.641	33.1067	-0.000182972	-0.000187944	2
106.914	33.7937	-0.000184567	-0.000201394	2
106.181	34.4756	-0.000186361	-0.000214904	2
105.446	35.1526	-0.000188383	-0.000228443	2
104.708	35.825	-0.000190663	-0.000241982	2
103.968	36.4931	-0.000193229	-0.000255492	2
103.226	37.1569	-0.00019611	-0.000268944	2
102.484	37.8169	-0.000199335	-0.000282308	2
101.742	38.4732	-0.000202933	-0.000295554	2
101.001	39.126	-0.000206933	-0.000308655	2
100.262	39.7755	-0.000211364	-0.000321579	2
99.5253	40.4221	-0.000216255	-0.000334297	2
98.7999	41.0586	-0.000221569	-0.000346639	2
98.0698	41.6999	-0.000227461	-0.000358863	2
97.3443	42.3389	-0.000233898	-0.000370793	2
96.6241	42.9759	-0.000240911	-0.0003824	2
95.9098	43.6111	-0.000248528	-0.000393656	2
95.2023	44.2446	-0.000256777	-0.00040453	2
94.5022	44.8768	-0.00026569	-0.000414994	2
93.8103	45.5079	-0.000275293	-0.000425018	2
93.1272	46.1381	-0.000285616	-0.000434572	2
92.4538	46.7676	-0.000296687	-0.000443628	2
91.7907	47.3967	-0.000308537	-0.000452155	2
91.1387	48.0256	-0.000321194	-0.000460125	2
90.4985	48.6545	-0.000334686	-0.000467508	2
89.8709	49.2837	-0.000349043	-0.000474275	2
89.2564	49.9134	-0.000364293	-0.000480396	2
88.656	50.5439	-0.000380466	-0.000485842	2
88.0703	51.1753	-0.00039759	-0.000490584	2
87.5	51.808	-0.000415695	-0.000494592	2
86.9458	52.442	-0.000434809	-0.000497837	2
86.4085	53.0778	-0.000454962	-0.00050029	2
85.8889	53.7155	-0.000476181	-0.00050192	2
85.3875	54.3553	-0.000498497	-0.0005027	2
84.9053	54.9974	-0.000521938	-0.000502598	2
84.4428	55.6422	-0.000546533	-0.000501587	2
84.0058	56.2824	-0.000572007	-0.000499664	2
83.5849	56.933	-0.000598983	-0.000496756	2
83.1858	57.587	-0.000627199	-0.00049285	2
82.8095	58.2445	-0.000656685	-0.000487917	2
82.4566	58.9058	-0.000687469	-0.000481928	2
82.1279	59.571	-0.00071958	-0.000474852	2
81.8239	60.2405	-0.000753048	-0.000466661	2
81.5456	60.9145	-0.000787901	-0.000457326	2
81.2936	61.5932	-0.000824168	-0.000446816	2
81.0687	62.2768	-0.000861878	-0.000435104	2
80.8715	62.9656	-0.00090106	-0.000422158	2
80.7028	63.6598	-0.000941743	-0.00040795	2
80.5634	64.3597	-0.000983956	-0.000392451	2
80.4538	65.0654	-0.00102773	-0.00037563	2
80.375	65.7772	-0.00107309	-0.00035746	2
80.3276	66.4954	-0.00112006	-0.00033791	2
80.3123	67.2201	-0.00116869	-0.000316951	2
80.3298	67.9516	-0.00121898	-0.000294553	2
80.3809	68.6902	-0.00127098	-0.000270688	2
80.4664	69.436	-0.00132472	-0.000245325	2
80.5868	70.1894	-0.00138021	-0.000218436	2
80.7431	70.9504	-0.00143749	-0.000189991	2
80.9358	71.7195	-0.0014966	-0.000159961	2
81.1628	72.4878	-0.00155684	-0.000128689	2
81.4303	73.2734	-0.00161965	-9.5419e-05	2
81.7363	74.0676	-0.00168436	-6.0476e-05	2
82.0818	74.8708	-0.00175101	-2.38307e-05	2

