-125.003	2.01068	2.72488e-07	-3.58051e-07	2
-125.289	2.93194	2.23308e-05	-3.04566e-05	2
-125.577	3.87012	4.19138e-05	-5.95239e-05	2
-125.861	4.81426	5.8803e-05	-8.72236e-05	2
-126.141	5.75314	7.29032e-05	-0.000113282	2
-126.42	6.70831	8.45956e-05	-0.000138327	2
-126.697	7.6686	9.37551e-05	-0.00016207	2
-126.97	8.63373	0.000100435	-0.000184531	2
-127.24	9.60343	0.00010469	-0.000205734	2
-127.506	10.5774	0.000106574	-0.0002257	2
-127.768	11.5554	0.00010614	-0.00024445	2
-128.026	12.5371	0.000103442	-0.000262006	2
-128.28	13.5223	9.85342e-05	-0.00027839	2
-128.529	14.5106	9.14703e-05	-0.000293625	2
-128.773	15.5018	8.23042e-05	-0.00030773	2
-129.012	16.4956	7.10896e-05	-0.000320729	2
-129.246	17.4917	5.78804e-05	-0.000332644	2
-129.474	18.4898	4.27305e-05	-0.000343495	2
-129.697	19.4897	2.56936e-05	-0.000353304	2
-129.914	20.4911	6.82367e-06	-0.000362094	2
-130.124	21.4937	-1.38255e-05	-0.000369886	2
-130.328	22.4972	-3.62001e-05	-0.000376702	2
-130.525	23.5014	-6.02462e-05	-0.000382564	2
-130.716	24.5059	-8.59101e-05	-0.000387493	2
-130.899	25.5104	-0.000113138	-0.000391511	2
-131.075	26.5148	-0.000141876	-0.000394641	2
-131.241	27.5072	-0.000171715	-0.000396881	2
-131.402	28.5103	-0.000203295	-0.000398307	2
-131.554	29.5124	-0.000236225	-0.000398909	2
-131.699	30.5132	-0.00027045	-0.000398709	2
-131.835	31.5123	-0.000305917	-0.000397728	2
-131.962	32.5096	-0.000342571	-0.000395988	2
-132.08	33.5048	-0.000380359	-0.000393512	2
-132.189	34.4974	-0.000419227	-0.00039032	2
-132.289	35.4874	-0.000459121	-0.000386434	2
-132.379	36.4743	-0.000499987	-0.000381877	2
-132.459	37.458	-0.000541772	-0.000376671	2
-132.529	38.4381	-0.000584422	-0.000370835	2
-132.588	39.4143	-0.000627882	-0.000364394	2
-132.638	40.3865	-0.000672099	-0.000357368	2
-132.676	41.3542	-0.00071702	-0.000349778	2
-132.704	42.3172	-0.000762589	-0.000341648	2
-132.72	43.2753	-0.000808754	-0.000332998	2
-132.724	44.2281	-0.000855461	-0.000323851	2
-132.718	45.1754	-0.000902655	-0.000314228	2
-132.699	46.1168	-0.000950284	-0.000304151	2
-132.668	47.0522	-0.000998292	-0.000293641	2
-132.624	47.9812	-0.00104663	-0.000282721	2
-132.569	48.9036	-0.00109523	-0.000271412	2
-132.501	49.8085	-0.0011435	-0.000259872	2
-132.419	50.7168	-0.00119249	-0.000247855	2
-132.324	51.6176	-0.00124159	-0.000235513	2
-132.216	52.5107	-0.00129074	-0.00022287	2
-132.093	53.3957	-0.00133991	-0.000209946	2
-131.957	54.2723	-0.00138902	-0.000196764	2
-131.807	55.1404	-0.00143803	-0.000183346	2
-131.642	55.9996	-0.00148688	-0.000169712	2
-131.463	56.8495	-0.00153551	-0.000155885	2
-131.269	57.6901	-0.00158389	-0.000141886	2
-131.059	58.5209	-0.00163194	-0.000127738	2
-130.835	59.3417	-0.00167962	-0.000113462	2
-130.595	60.1522	-0.00172688	-9.90795e-05	2
-130.339	60.9521	-0.00177365	-8.46128e-05	2
-130.067	61.7412	-0.00181989	-7.00834e-05	2
-129.778	62.5191	-0.00186554	-5.55131e-05	2
-129.474	63.2856	-0.00191055	-4.09237e-05	2
-129.152	64.0405	-0.00195486	-2.63369e-05	2
-128.814	64.7833	-0.00199843	-1.17744e-05	2
-128.458	65.5139	-0.00204118	2.74183e-06	2
-128.086	66.2319	-0.00208309	1.71902e-05	2
-127.695	66.9372	-0.00212408	3.15489e-05	2
-127.287	67.6293	-0.0021641	4.57962e-05	2
-126.86	68.3081	-0.00220311	5.99103e-05	2
-126.421	68.9656	-0.00224061	7.37099e-05	2
-125.958	69.6169	-0.00227743	8.74945e-05	2
-125.476	70.254	-0.00231307	0.000101081	2
-124.976	70.8767	-0.00234747	0.000114447	2
-124.456	71.4845	-0.00238059	0.000127572	2
-123.916	72.0773	-0.00241237	0.000140433	2
-123.357	72.6547	-0.00244275	0.000153009	2
-122.779	73.2165	-0.00247168	0.000165278	2
-122.18	73.7624	-0.00249911	0.000177218	2
-121.56	74.2922	-0.00252498	0.000188807	2
-120.92	74.8055	-0.00254924	0.000200025	2
-120.26	75.302	-0.00257184	0.000210848	2
-119.578	75.7815	-0.00259272	0.000221255	2
-118.875	76.2437	-0.00261182	0.000231225	2
-118.151	76.6884	-0.0026291	0.000240735	2
-117.404	77.1151	-0.0026445	0.000249764	2
-116.636	77.5238	-0.00265797	0.000258291	2
-115.846	77.914	-0.00266945	0.000266293	2
-115.033	78.2855	-0.00267889	0.000273748	2
-114.198	78.638	-0.00268623	0.000280635	2
-113.34	78.9712	-0.00269142	0.000286933	2
-112.459	79.2849	-0.00269441	0.000292618	2
-111.554	79.5788	-0.00269515	0.000297671	2
-110.637	79.8496	-0.0026936	0.000302021	2
-109.685	80.1032	-0.00268969	0.000305749	2
-108.71	80.3362	-0.00268336	0.000308778	2
-107.71	80.5482	-0.00267455	0.000311088	2

-74.9992	2.01066	-1.14903e-08	1.80637e-07	2
-74.948	2.92588	-1.13324e-06	1.49301e-05	2
-74.9317	3.84863	-2.53682e-06	2.82935e-05	2
-74.9503	4.76825	-4.21086e-06	4.01237e-05	2
-75.0021	5.67421	-6.13159e-06	5.03437e-05	2
-75.0875	6.58757	-8.34379e-06	5.92244e-05	2
-75.2052	7.49778	-1.08268e-05	6.66718e-05	2
-75.3544	8.40482	-1.35808e-05	7.27194e-05	2
-75.5342	9.30869	-1.66058e-05	7.74008e-05	2
-75.7437	10.2094	-1.99019e-05	8.07492e-05	2
-75.982	11.1069	-2.34694e-05	8.27983e-05	2
-76.2484	12.0012	-2.73083e-05	8.35814e-05	2
-76.5419	12.8923	-3.14187e-05	8.3132e-05	2
-76.8617	13.7802	-3.58007e-05	8.14837e-05	2
-77.2069	14.6649	-4.04545e-05	7.86698e-05	2
-77.5766	15.5463	-4.53802e-05	7.47238e-05	2
-77.9701	16.4245	-5.05779e-05	6.96792e-05	2
-78.3864	17.2995	-5.60477e-05	6.35694e-05	2
-78.8246	18.1712	-6.17897e-05	5.6428e-05	2
-79.284	19.0397	-6.78041e-05	4.82883e-05	2
-79.7636	19.9049	-7.4091e-05	3.91839e-05	2
-80.2627	20.7668	-8.06504e-05	2.91481e-05	2
-80.7802	21.6255	-8.74826e-05	1.82145e-05	2
-81.3154	22.4809	-9.45876e-05	6.41658e-06	2
-81.8674	23.3329	-0.000101966	-6.21228e-06	2
-82.4354	24.1817	-0.000109617	-1.96386e-05	2
-83.0116	25.0175	-0.000117448	-3.36616e-05	2
-83.6087	25.8596	-0.000125643	-4.85742e-05	2
-84.2192	26.6985	-0.00013411	-6.41842e-05	2
-84.8422	27.534	-0.000142852	-8.04582e-05	2
-85.4768	28.3662	-0.000151867	-9.73628e-05	2
-86.1222	29.195	-0.000161155	-0.000114864	2
-86.7775	30.0205	-0.000170718	-0.00013293	2
-87.4419	30.8427	-0.000180555	-0.000151525	2
-88.1145	31.6614	-0.000190665	-0.000170617	2
-88.7944	32.4768	-0.000201051	-0.000190172	2
-89.4808	33.2888	-0.00021171	-0.000210157	2
-90.1728	34.0973	-0.000222644	-0.000230538	2
-90.8696	34.9025	-0.000233852	-0.000251282	2
-91.5702	35.7043	-0.000245336	-0.000272355	2
-92.2739	36.5027	-0.000257094	-0.000293724	2
-92.9798	37.2976	-0.000269127	-0.000315356	2
-93.6869	38.0891	-0.000281435	-0.000337217	2
-94.3945	38.8772	-0.000294018	-0.000359273	2
-95.1017	39.6618	-0.000306877	-0.000381491	2
-95.8076	40.443	-0.000320011	-0.000403837	2
-96.5114	41.2207	-0.000333421	-0.000426279	2
-97.2122	41.9949	-0.000347106	-0.000448782	2
-97.9091	42.7657	-0.000361067	-0.000471314	2
-98.5934	43.5242	-0.000375139	-0.000493581	2
-99.28	44.288	-0.000389649	-0.000516069	2
-99.9603	45.0483	-0.000404435	-0.000538486	2
-100.633	45.8051	-0.000419497	-0.000560797	2
-101.298	46.5584	-0.000434836	-0.000582969	2
-101.954	47.3082	-0.000450451	-0.000604969	2
-102.6	48.0544	-0.000466343	-0.000626763	2
-103.235	48.7971	-0.000482511	-0.000648318	2
-103.858	49.5363	-0.000498956	-0.000669601	2
-104.469	50.2719	-0.000515679	-0.000690577	2
-105.067	51.0039	-0.000532678	-0.000711214	2
-105.651	51.7324	-0.000549955	-0.000731478	2
-106.219	52.4573	-0.000567509	-0.000751335	2
-106.772	53.1786	-0.00058534	-0.000770753	2
-107.307	53.8964	-0.000603449	-0.000789697	2
-107.826	54.6105	-0.000621836	-0.000808134	2
-108.325	55.321	-0.000640501	-0.000826031	2
-108.805	56.0279	-0.000659443	-0.000843354	2
-109.266	56.7312	-0.000678663	-0.00086007	2
-109.705	57.4308	-0.000698162	-0.000876145	2
-110.122	58.1268	-0.000717939	-0.000891546	2
-110.516	58.8192	-0.000737994	-0.000906239	2
-110.886	59.5079	-0.000758328	-0.000920192	2
-111.232	60.193	-0.000778941	-0.000933369	2
-111.55	60.8666	-0.00079959	-0.000945601	2
-111.844	61.5443	-0.000820757	-0.000957139	2
-112.112	62.2184	-0.000842203	-0.000967803	2
-112.351	62.8888	-0.000863928	-0.000977558	2
-112.562	63.5554	-0.000885932	-0.000986372	2
-112.743	64.2184	-0.000908216	-0.000994211	2
-112.894	64.8777	-0.000930779	-0.00100104	2
-113.013	65.5332	-0.000953621	-0.00100683	2
-113.1	66.185	-0.000976744	-0.00101154	2
-113.154	66.8331	-0.00100015	-0.00101515	2
-113.174	67.4774	-0.00102383	-0.00101761	2
-113.158	68.118	-0.00104779	-0.0010189	2
-113.108	68.7548	-0.00107203	-0.00101897	2
-113.02	69.3879	-0.00109655	-0.00101781	2
-112.895	70.0171	-0.00112136	-0.00101537	2
-112.732	70.6426	-0.00114644	-0.00101161	2
-112.53	71.2643	-0.00117181	-0.00100652	2
-112.288	71.8822	-0.00119745	-0.00100005	2
-112.004	72.4963	-0.00122338	-0.000992169	2
-111.679	73.1066	-0.00124958	-0.000982845	2
-111.312	73.7131	-0.00127607	-0.000972043	2
-110.901	74.3157	-0.00130284	-0.000959732	2
-110.445	74.9145	-0.00132989	-0.000945876	2
-109.951	75.5027	-0.00135691	-0.00093063	2
-109.405	76.0938	-0.00138452	-0.000913605	2
-108.812	76.6811	-0.00141241	-0.000894937	2
-108.171	77.2646	-0.00144058	-0.000874591	2

-25.0019	2.01144	-4.95338e-07	1.91171e-07	2
-25.179	2.98654	-4.25063e-05	1.60842e-05	2
-25.3826	3.95582	-8.38402e-05	3.10693e-05	2
-25.6103	4.90814	-0.000124028	4.49686e-05	2
-25.8586	5.83315	-0.000162653	5.76541e-05	2
-26.1329	6.75264	-0.000200639	6.94342e-05	2
-26.4298	7.65606	-0.000237558	8.01686e-05	2
-26.7489	8.54371	-0.000273435	8.98707e-05	2
-27.0898	9.41589	-0.000308296	9.8554e-05	2
-27.452	10.2729	-0.000342168	0.000106232	2
-27.8349	11.115	-0.000375078	0.000112918	2
-28.2382	11.9426	-0.00040705	0.000118625	2
-28.6613	12.7558	-0.000438113	0.000123367	2
-29.1037	13.5551	-0.00046829	0.000127157	2
-29.5651	14.3407	-0.00049761	0.000130008	2
-30.0449	15.1129	-0.000526098	0.000131935	2
-30.5427	15.872	-0.00055378	0.00013295	2
-31.0579	16.6183	-0.000580683	0.000133067	2
-31.5901	17.3522	-0.000606832	0.000132299	2
-32.1389	18.0738	-0.000632255	0.00013066	2
-32.7037	18.7835	-0.000656977	0.000128163	2
-33.2841	19.4816	-0.000681024	0.000124822	2
-33.8796	20.1684	-0.000704423	0.000120649	2
-34.4898	20.8442	-0.0007272	0.000115658	2
-35.1141	21.5093	-0.000749381	0.000109864	2
-35.7521	22.164	-0.000770992	0.000103278	2
-36.3957	22.8012	-0.000791821	9.60039e-05	2
-37.0595	23.436	-0.000812377	8.78855e-05	2
-37.7355	24.0613	-0.000832442	7.90162e-05	2
-38.4234	24.6774	-0.000852042	6.94095e-05	2
-39.1226	25.2846	-0.000871204	5.90788e-05	2
-39.8326	25.8831	-0.000889952	4.80376e-05	2
-40.553	26.4733	-0.000908314	3.62992e-05	2
-41.2833	27.0554	-0.000926316	2.3877e-05	2
-42.023	27.6298	-0.000943984	1.07845e-05	2
-42.7717	28.1968	-0.000961344	-2.96493e-06	2
-43.5288	28.7566	-0.000978423	-1.73579e-05	2
-44.294	29.3096	-0.000995246	-3.2381e-05	2
-45.0667	29.856	-0.00101184	-4.80208e-05	2
-45.8464	30.3962	-0.00102823	-6.42639e-05	2
-46.6328	30.9304	-0.00104445	-8.10969e-05	2
-47.4252	31.459	-0.00106051	-9.85063e-05	2
-48.2233	31.9822	-0.00107645	-0.000116479	2
-49.0265	32.5003	-0.00109229	-0.000135001	2
-49.8344	33.0137	-0.00110806	-0.000154059	2
-50.6465	33.5226	-0.00112379	-0.000173641	2
-51.4624	34.0273	-0.00113949	-0.000193731	2
-52.2815	34.5282	-0.0011552	-0.000214318	2
-53.1034	35.0254	-0.00117095	-0.000235387	2
-53.9182	35.5138	-0.00118657	-0.000256676	2
-54.7443	36.0048	-0.00120246	-0.000278665	2
-55.5717	36.4932	-0.00121846	-0.000301096	2
-56.4	36.9792	-0.0012346	-0.000323957	2
-57.2288	37.4631	-0.0012509	-0.000347233	2
-58.0575	37.9452	-0.00126739	-0.000370912	2
-58.8857	38.4258	-0.0012841	-0.00039498	2
-59.7129	38.9052	-0.00130105	-0.000419423	2
-60.5386	39.3837	-0.00131827	-0.000444228	2
-61.3624	39.8616	-0.00133579	-0.000469382	2
-62.1838	40.3392	-0.00135362	-0.000494871	2
-63.0023	40.8168	-0.00137181	-0.000520682	2
-63.8174	41.2947	-0.00139037	-0.000546801	2
-64.6287	41.7731	-0.00140932	-0.000573215	2
-65.4357	42.2525	-0.00142871	-0.000599911	2
-66.2378	42.733	-0.00144854	-0.000626875	2
-67.0348	43.215	-0.00146886	-0.000654094	2
-67.8259	43.6988	-0.00148967	-0.000681554	2
-68.6109	44.1847	-0.00151102	-0.000709242	2
-69.3892	44.6729	-0.00153293	-0.000737145	2
-70.1604	45.1638	-0.00155542	-0.000765249	2
-70.9239	45.6577	-0.00157852	-0.00079354	2
-71.6793	46.1548	-0.00160226	-0.000822006	2
-72.4261	46.6555	-0.00162666	-0.000850633	2
-73.1555	47.1542	-0.00165145	-0.000879076	2
-73.8838	47.6629	-0.00167724	-0.000907983	2
-74.6022	48.176	-0.00170377	-0.00093701	2
-75.3101	48.6939	-0.00173107	-0.000966146	2
-76.0071	49.2168	-0.00175917	-0.000995375	2
-76.6926	49.745	-0.00178808	-0.00102468	2
-77.3663	50.2789	-0.00181783	-0.00105406	2
-78.0276	50.8187	-0.00184846	-0.00108349	2
-78.676	51.3648	-0.00187999	-0.00111296	2
-79.3112	51.9174	-0.00191244	-0.00114246	2
-79.9325	52.4768	-0.00194584	-0.00117197	2
-80.5396	53.0434	-0.00198022	-0.00120148	2
-81.132	53.6174	-0.0020156	-0.00123098	2
-81.7091	54.1991	-0.002052	-0.00126045	2
-82.2706	54.7888	-0.00208947	-0.00128989	2
-82.8159	55.3869	-0.00212801	-0.00131926	2
-83.3446	55.9935	-0.00216766	-0.00134858	2
-83.8562	56.6091	-0.00220845	-0.00137781	2
-84.3503	57.2339	-0.0022504	-0.00140694	2
-84.8262	57.8682	-0.00229353	-0.00143597	2
-85.2837	58.5123	-0.00233787	-0.00146488	2
-85.7221	59.1665	-0.00238346	-0.00149366	2
-86.1411	59.8311	-0.0024303	-0.00152229	2
-86.5356	60.4986	-0.00247788	-0.00155043	2
-86.9145	61.1848	-0.00252732	-0.00157872	2
-87.2724	61.8823	-0.00257811	-0.00160683	2
-87.609	62.5913	-0.00263026	-0.00163474	2

24.999	2.0109	-4.31635e-07	-2.26862e-07	2
24.9083	2.94687	-3.54196e-05	-1.88102e-05	2
24.8068	3.89047	-6.6566e-05	-3.57662e-05	2
24.6955	4.83085	-9.35024e-05	-5.08994e-05	2
24.5762	5.7573	-0.000116053	-6.4098e-05	2
24.4461	6.69141	-0.000134805	-7.57e-05	2
24.3068	7.62242	-0.000149536	-8.55733e-05	2
24.1586	8.55039	-0.000160308	-9.37492e-05	2
24.0014	9.47537	-0.000167184	-0.000100259	2
23.8356	10.3974	-0.000170229	-0.000105135	2
23.6613	11.3165	-0.000169503	-0.000108407	2
23.4786	12.2327	-0.000165072	-0.000110109	2
23.2878	13.1462	-0.000156998	-0.00011027	2
23.0889	14.0568	-0.000145343	-0.000108922	2
22.8823	14.9647	-0.000130171	-0.000106097	2
22.668	15.87	-0.000111546	-0.000101827	2
22.4462	16.7726	-8.95289e-05	-9.61419e-05	2
22.2172	17.6726	-6.41844e-05	-8.90743e-05	2
21.981	18.57	-3.55752e-05	-8.06554e-05	2
21.7379	19.465	-3.76422e-06	-7.09165e-05	2
21.4879	20.3575	3.11854e-05	-5.98891e-05	2
21.2314	21.2476	6.92106e-05	-4.76047e-05	2
20.9684	22.1353	0.000110248	-3.40948e-05	2
20.6992	23.0207	0.000154236	-1.93907e-05	2
20.4239	23.9038	0.000201109	-3.52402e-06	2
20.1426	24.7846	0.000250806	1.34739e-05	2
19.859	25.6532	0.000302645	3.13574e-05	2
19.5665	26.5298	0.000357769	5.05113e-05	2
19.2686	27.4042	0.000415527	7.07024e-05	2
18.9654	28.2766	0.000475858	9.18993e-05	2
18.6572	29.147	0.000538697	0.000114071	2
18.3441	30.0154	0.000603982	0.000137185	2
18.0263	30.8819	0.000671649	0.00016121	2
17.704	31.7466	0.000741636	0.000186115	2
17.3773	32.6093	0.000813879	0.000211869	2
17.0464	33.4704	0.000888316	0.00023844	2
16.7115	34.3296	0.000964883	0.000265797	2
16.3727	35.1872	0.00104352	0.000293908	2
16.0302	36.0431	0.00112416	0.000322741	2
15.6843	36.8974	0.00120674	0.000352266	2
15.335	37.7502	0.00129119	0.000382451	2
14.9825	38.6014	0.00137747	0.000413263	2
14.6271	39.4511	0.00146549	0.000444673	2
14.2688	40.2995	0.00155521	0.000476648	2
13.9079	41.1464	0.00164654	0.000509158	2
13.5446	41.992	0.00173945	0.000542169	2
13.1789	42.8364	0.00183385	0.000575652	2
12.8111	43.6794	0.00192969	0.000609575	2
12.4414	44.5213	0.0020269	0.000643905	2
12.0741	45.3524	0.00212428	0.000678212	2
11.701	46.192	0.00222404	0.000713261	2
11.3265	47.0305	0.00232498	0.000748624	2
10.9507	47.8681	0.00242704	0.00078427	2
10.5738	48.7046	0.00253016	0.000820167	2
10.1959	49.5402	0.00263428	0.000856284	2
9.81737	50.3749	0.00273933	0.00089259	2
9.43823	51.2088	0.00284525	0.000929052	2
9.05869	52.0419	0.00295198	0.00096564	2
8.67892	52.8742	0.00305945	0.00100232	2
8.2991	53.7058	0.0031676	0.00103907	2
7.91939	54.5368	0.00327637	0.00107584	2
7.53997	55.3671	0.0033857	0.00111262	2
7.16102	56.1969	0.00349551	0.00114936	2
6.78269	57.0261	0.00360575	0.00118604	2
6.40518	57.8549	0.00371636	0.00122263	2
6.02865	58.6832	0.00382727	0.00125909	2
5.65326	59.5111	0.00393842	0.00129539	2
5.27921	60.3387	0.00404975	0.0013315	2
4.90665	61.1659	0.00416118	0.00136739	2
4.53576	61.9929	0.00427267	0.00140303	2
4.16671	62.8197	0.00438415	0.00143839	2
3.79968	63.6463	0.00449555	0.00147343	2
3.43484	64.4728	0.00460681	0.00150813	2
3.07651	65.2897	0.00471659	0.00154206	2
2.71653	66.1161	0.00482738	0.00157597	2
2.35925	66.9425	0.00493785	0.00160944	2
2.00485	67.769	0.00504793	0.00164245	2
1.6535	68.5955	0.00515755	0.00167494	2
1.30537	69.4222	0.00526666	0.00170691	2
0.960631	70.2491	0.00537518	0.00173831	2
0.619462	71.0762	0.00548307	0.00176911	2
0.282031	71.9036	0.00559024	0.00179928	2
-0.0514872	72.7313	0.00569665	0.00182879	2
-0.380922	73.5594	0.00580222	0.00185761	2
-0.706099	74.3878	0.0059069	0.00188571	2
-1.02685	75.2168	0.00601063	0.00191305	2
-1.34299	76.0463	0.00611333	0.0019396	2
-1.65436	76.8763	0.00621494	0.00196534	2
-1.96079	77.7069	0.00631541	0.00199023	2
-2.26209	78.5381	0.00641467	0.00201423	2
-2.55811	79.37	0.00651265	0.00203733	2
-2.84865	80.2027	0.0066093	0.00205948	2
-3.13356	81.0361	0.00670454	0.00208066	2
-3.41266	81.8704	0.00679833	0.00210083	2
-3.68578	82.7055	0.00689058	0.00211996	2
-3.95274	83.5415	0.00698125	0.00213803	2
-4.21041	84.3688	0.00706925	0.0021548	2
-4.46462	85.2068	0.00715658	0.00217064	2
-4.71216	86.0458	0.00724212	0.00218532	2
-4.95285	86.8859	0.00732582	0.00219881	2

75.0006	2.01256	1.9261e-07	1.60566e-08	2
75.0637	3.08509	1.78062e-05	2.81209e-07	2
75.1469	4.15563	3.77091e-05	-1.67478e-06	2
75.2495	5.21177	5.96696e-05	-5.83752e-06	2
75.3696	6.24175	8.33616e-05	-1.20914e-05	2
75.5098	7.26968	0.000109297	-2.05518e-05	2
75.6686	8.28363	0.000137173	-3.11279e-05	2
75.8457	9.28374	0.000166951	-4.37893e-05	2
76.0409	10.2701	0.000198591	-5.85055e-05	2
76.2538	11.243	0.000232054	-7.52461e-05	2
76.4844	12.2025	0.000267301	-9.39806e-05	2
76.7322	13.1486	0.000304292	-0.000114679	2
76.997	14.0817	0.000342989	-0.00013731	2
77.2787	15.0017	0.000383353	-0.000161843	2
77.5769	15.9089	0.000425344	-0.000188249	2
77.8914	16.8035	0.000468923	-0.000216496	2
78.222	17.6854	0.000514051	-0.000246554	2
78.5683	18.5549	0.000560688	-0.000278394	2
78.9301	19.4122	0.000608797	-0.000311983	2
79.3073	20.2573	0.000658336	-0.000347292	2
79.6994	21.0904	0.000709269	-0.000384291	2
80.1064	21.9116	0.000761554	-0.000422949	2
80.5278	22.7211	0.000815153	-0.000463235	2
80.9635	23.5191	0.000870027	-0.000505119	2
81.4133	24.3056	0.000926137	-0.000548571	2
81.8768	25.0809	0.000983444	-0.000593559	2
82.3482	25.8362	0.00104123	-0.000639512	2
82.8384	26.5894	0.0011008	-0.000687467	2
83.3415	27.3318	0.00116145	-0.000736868	2
83.8574	28.0634	0.00122314	-0.000787684	2
84.3857	28.7844	0.00128583	-0.000839886	2
84.9264	29.495	0.00134948	-0.000893442	2
85.479	30.1953	0.00141405	-0.000948323	2
86.0434	30.8854	0.00147951	-0.0010045	2
86.6192	31.5655	0.00154582	-0.00106194	2
87.2063	32.2357	0.00161292	-0.00112061	2
87.8044	32.8962	0.0016808	-0.00118048	2
88.4132	33.5471	0.0017494	-0.00124153	2
89.0325	34.1886	0.00181869	-0.00130371	2
89.6621	34.8207	0.00188863	-0.00136701	2
90.3016	35.4437	0.00195918	-0.00143139	2
90.9508	36.0576	0.0020303	-0.00149682	2
91.6095	36.6627	0.00210195	-0.00156327	2
92.2774	37.259	0.00217409	-0.0016307	2
92.9542	37.8467	0.00224668	-0.0016991	2
93.6398	38.4259	0.00231969	-0.00176843	2
94.3339	38.9968	0.00239308	-0.00183865	2
95.0361	39.5596	0.0024668	-0.00190974	2
95.7463	40.1143	0.00254081	-0.00198167	2
96.4559	40.6548	0.00261423	-0.00205356	2
97.1812	41.194	0.00268872	-0.00212706	2
97.9136	41.7255	0.00276338	-0.00220131	2
98.653	42.2495	0.00283819	-0.00227627	2
99.3991	42.7662	0.0029131	-0.00235192	2
100.152	43.2758	0.00298807	-0.00242822	2
100.91	43.7782	0.00306306	-0.00250515	2
101.675	44.2738	0.00313804	-0.00258267	2
102.445	44.7626	0.00321296	-0.00266075	2
103.221	45.2448	0.00328779	-0.00273937	2
104.002	45.7205	0.00336248	-0.00281849	2
104.788	46.1898	0.003437	-0.00289808	2
105.578	46.653	0.0035113	-0.00297811	2
106.373	47.1101	0.00358536	-0.00305856	2
107.173	47.5612	0.00365912	-0.00313938	2
107.976	48.0066	0.00373256	-0.00322055	2
108.782	48.4464	0.00380562	-0.00330205	2
109.592	48.8807	0.00387828	-0.00338383	2
110.406	49.3096	0.00395049	-0.00346587	2
111.222	49.7333	0.00402221	-0.00354814	2
112.04	50.1519	0.00409341	-0.00363061	2
112.862	50.5656	0.00416405	-0.00371325	2
113.685	50.9746	0.00423408	-0.00379602	2
114.51	51.3788	0.00430346	-0.0038789	2
115.328	51.7741	0.00437138	-0.0039609	2
116.156	52.1695	0.00443937	-0.0040439	2
116.985	52.5608	0.0045066	-0.00412691	2
117.815	52.9479	0.00457304	-0.00420991	2
118.646	53.3312	0.00463863	-0.00429287	2
119.477	53.7106	0.00470335	-0.00437574	2
120.309	54.0864	0.00476715	-0.00445852	2
121.14	54.4586	0.00482999	-0.00454115	2
121.971	54.8275	0.00489184	-0.00462362	2
122.801	55.1932	0.00495265	-0.00470589	2
123.631	55.5557	0.00501239	-0.00478793	2
124.459	55.9154	0.00507102	-0.00486972	2
125.286	56.2722	0.0051285	-0.00495121	2
126.111	56.6263	0.00518478	-0.00503239	2
126.934	56.978	0.00523984	-0.00511321	2
127.755	57.3272	0.00529363	-0.00519366	2
128.574	57.6742	0.0053461	-0.00527369	2
129.39	58.0191	0.00539723	-0.00535328	2
130.203	58.3621	0.00544698	-0.00543241	2
131.013	58.7032	0.0054953	-0.00551102	2
131.819	59.0426	0.00554215	-0.00558911	2
132.622	59.3806	0.0055875	-0.00566663	2
133.421	59.7171	0.00563131	-0.00574356	2
134.207	60.0485	0.00567305	-0.00581899	2
134.997	60.3827	0.00571367	-0.00589465	2
135.783	60.7159	0.00575264	-0.00596962	2
136.564	61.0483	0.0057899	-0.00604388	2

124.995	2.01187	-5.34731e-07	-5.74853e-08	2
124.601	3.02832	-4.59487e-05	-4.68548e-06	2
124.231	4.04821	-9.0745e-05	-8.74376e-06	2
123.89	5.05971	-0.000134399	-1.21923e-05	2
123.58	6.05134	-0.00017644	-1.50192e-05	2
123.295	7.04617	-0.000217854	-1.73075e-05	2
123.037	8.03266	-0.000258157	-1.90385e-05	2
122.807	9.01081	-0.00029736	-2.02297e-05	2
122.604	9.98064	-0.000335472	-2.08986e-05	2
122.428	10.9422	-0.000372504	-2.10627e-05	2
122.277	11.8954	-0.000408467	-2.07396e-05	2
122.153	12.8404	-0.000443371	-1.99468e-05	2
122.055	13.7771	-0.000477226	-1.87019e-05	2
121.982	14.7056	-0.000510043	-1.70222e-05	2
121.934	15.6259	-0.000541832	-1.49254e-05	2
121.91	16.538	-0.000572602	-1.2429e-05	2
121.911	17.4419	-0.000602366	-9.55051e-06	2
121.936	18.3376	-0.000631133	-6.30743e-06	2
121.984	19.2252	-0.000658913	-2.7173e-06	2
122.056	20.1047	-0.000685717	1.20237e-06	2
122.151	20.976	-0.000711555	5.43404e-06	2
122.269	21.8393	-0.000736438	9.96021e-06	2
122.409	22.6944	-0.000760376	1.47633e-05	2
122.57	23.5415	-0.000783379	1.98259e-05	2
122.754	24.3806	-0.000805458	2.51304e-05	2
122.958	25.2116	-0.000826623	3.06593e-05	2
123.181	26.0252	-0.000846656	3.6328e-05	2
123.428	26.8403	-0.000866034	4.2251e-05	2
123.694	27.6474	-0.00088453	4.83461e-05	2
123.98	28.4466	-0.000902153	5.45957e-05	2
124.286	29.2378	-0.000918913	6.09823e-05	2
124.612	30.0211	-0.000934822	6.74883e-05	2
124.956	30.7965	-0.000949889	7.40963e-05	2
125.319	31.5639	-0.000964126	8.07887e-05	2
125.7	32.3235	-0.000977541	8.7548e-05	2
126.099	33.0753	-0.000990146	9.43567e-05	2
126.515	33.8192	-0.00100195	0.000101197	2
126.949	34.5553	-0.00101297	0.000108052	2
127.4	35.2835	-0.0010232	0.000114904	2
127.868	36.004	-0.00103267	0.000121735	2
128.351	36.7167	-0.00104138	0.000128527	2
128.851	37.4216	-0.00104934	0.000135264	2
129.366	38.1188	-0.00105656	0.000141928	2
129.897	38.8083	-0.00106306	0.000148501	2
130.442	39.49	-0.00106884	0.000154966	2
131.002	40.1641	-0.00107391	0.000161304	2
131.577	40.8305	-0.00107829	0.0001675	2
132.165	41.4892	-0.00108198	0.000173534	2
132.766	42.1403	-0.00108499	0.00017939	2
133.374	42.7764	-0.00108732	0.000184987	2
134.002	43.4124	-0.00108902	0.000190436	2
134.642	44.0407	-0.00109008	0.000195654	2
135.295	44.6615	-0.0010905	0.000200624	2
135.959	45.2748	-0.0010903	0.000205329	2
136.635	45.8804	-0.00108949	0.00020975	2
137.322	46.4786	-0.00108807	0.00021387	2
138.02	47.0693	-0.00108606	0.000217672	2
138.729	47.6524	-0.00108347	0.000221137	2
139.448	48.2281	-0.00108031	0.00022425	2
140.176	48.7964	-0.00107658	0.000226991	2
140.915	49.3572	-0.00107231	0.000229344	2
141.662	49.9106	-0.00106749	0.000231291	2
142.418	50.4566	-0.00106214	0.000232815	2
143.183	50.9952	-0.00105627	0.000233897	2
143.956	51.5264	-0.0010499	0.000234521	2
144.737	52.0503	-0.00104302	0.000234669	2
145.525	52.5668	-0.00103566	0.000234323	2
146.321	53.076	-0.00102781	0.000233466	2
147.124	53.578	-0.0010195	0.00023208	2
147.932	54.0726	-0.00101073	0.000230148	2
148.748	54.5599	-0.00100151	0.000227653	2
149.569	55.0401	-0.000991859	0.000224576	2
150.395	55.5129	-0.000981778	0.000220901	2
151.217	55.9733	-0.000971404	0.000216662	2
152.053	56.4318	-0.000960505	0.000211744	2
152.894	56.8832	-0.000949211	0.000206174	2
153.739	57.3274	-0.000937531	0.000199936	2
154.588	57.7644	-0.000925477	0.000193012	2
155.441	58.1943	-0.000913057	0.000185385	2
156.296	58.6171	-0.000900284	0.000177036	2
157.155	59.0328	-0.000887167	0.000167948	2
158.015	59.4414	-0.000873716	0.000158104	2
158.878	59.843	-0.000859942	0.000147487	2
159.743	60.2374	-0.000845856	0.000136078	2
160.609	60.6249	-0.000831467	0.00012386	2
161.477	61.0054	-0.000816786	0.000110816	2
162.345	61.3788	-0.000801823	9.6928e-05	2
163.213	61.7453	-0.000786589	8.21788e-05	2
164.082	62.1048	-0.000771095	6.65506e-05	2
164.951	62.4573	-0.00075535	5.0026e-05	2
165.819	62.803	-0.000739365	3.25874e-05	2
166.686	63.1417	-0.00072315	1.42174e-05	2
167.552	63.4735	-0.000706715	-5.10154e-06	2
168.416	63.7985	-0.000690072	-2.5387e-05	2
169.279	64.1165	-0.00067323	-4.66566e-05	2
170.139	64.4278	-0.0006562	-6.89276e-05	2
170.987	64.7287	-0.00063919	-9.19442e-05	2
171.841	65.0264	-0.000621817	-0.000116259	2
172.693	65.3173	-0.000604285	-0.000141628	2
173.541	65.6014	-0.000586608	-0.000168068	2

