-125.005	2.01185	-5.84508e-07	1.34031e-08	2
-125.433	3.02711	-5.01526e-05	1.29166e-06	2
-125.836	4.04611	-9.88994e-05	2.83033e-06	2
-126.21	5.05701	-0.000146255	4.60533e-06	2
-126.55	6.04833	-0.000191714	6.58173e-06	2
-126.866	7.04313	-0.000236348	8.79491e-06	2
-127.153	8.02984	-0.000279634	1.12125e-05	2
-127.412	9.00848	-0.000321588	1.38237e-05	2
-127.643	9.97905	-0.000362225	1.6618e-05	2
-127.847	10.9416	-0.000401559	1.95846e-05	2
-128.023	11.896	-0.000439604	2.27128e-05	2
-128.173	12.8424	-0.000476376	2.5992e-05	2
-128.296	13.7808	-0.00051189	2.94114e-05	2
-128.393	14.7111	-0.000546159	3.29604e-05	2
-128.464	15.6334	-0.0005792	3.66283e-05	2
-128.509	16.5477	-0.000611025	4.04044e-05	2
-128.53	17.4539	-0.000641651	4.4278e-05	2
-128.526	18.3522	-0.000671092	4.82383e-05	2
-128.497	19.2424	-0.000699363	5.22749e-05	2
-128.444	20.1247	-0.000726477	5.63768e-05	2
-128.368	20.999	-0.000752451	6.05335e-05	2
-128.268	21.8653	-0.000777299	6.47343e-05	2
-128.145	22.7236	-0.000801035	6.89684e-05	2
-127.999	23.574	-0.000823674	7.32252e-05	2
-127.831	24.4164	-0.000845232	7.74941e-05	2
-127.641	25.2508	-0.000865722	8.17642e-05	2
-127.432	26.0679	-0.000884942	8.59761e-05	2
-127.199	26.8865	-0.000903353	9.02171e-05	2
-126.946	27.6972	-0.000920741	9.44274e-05	2
-126.671	28.5	-0.00093712	9.85964e-05	2
-126.376	29.2949	-0.000952506	0.000102713	2
-126.062	30.0819	-0.000966912	0.000106768	2
-125.728	30.861	-0.000980354	0.000110749	2
-125.374	31.6322	-0.000992846	0.000114646	2
-125.002	32.3954	-0.0010044	0.000118448	2
-124.611	33.1509	-0.00101504	0.000122144	2
-124.202	33.8984	-0.00102477	0.000125725	2
-123.775	34.6381	-0.00103361	0.000129179	2
-123.33	35.3699	-0.00104158	0.000132495	2
-122.869	36.0938	-0.00104868	0.000135663	2
-122.39	36.8099	-0.00105494	0.000138672	2
-121.895	37.5182	-0.00106036	0.000141511	2
-121.384	38.2186	-0.00106497	0.00014417	2
-120.857	38.9112	-0.00106877	0.000146639	2
-120.315	39.596	-0.00107179	0.000148905	2
-119.757	40.273	-0.00107403	0.00015096	2
-119.185	40.9421	-0.00107552	0.000152791	2
-118.598	41.6035	-0.00107626	0.000154389	2
-117.998	42.2571	-0.00107627	0.000155742	2
-117.39	42.8955	-0.00107558	0.000156829	2
-116.763	43.5336	-0.00107419	0.000157664	2
-116.122	44.1639	-0.00107211	0.000158223	2
-115.469	44.7865	-0.00106936	0.000158495	2
-114.803	45.4013	-0.00106596	0.00015847	2
-114.125	46.0084	-0.00106191	0.000158136	2
-113.436	46.6077	-0.00105724	0.000157482	2
-112.735	47.1993	-0.00105196	0.000156499	2
-112.023	47.7831	-0.00104608	0.000155176	2
-111.301	48.3593	-0.00103962	0.000153502	2
-110.568	48.9277	-0.0010326	0.000151465	2
-109.826	49.4884	-0.00102502	0.000149056	2
-109.074	50.0414	-0.0010169	0.000146264	2
-108.312	50.5867	-0.00100826	0.000143078	2
-107.542	51.1244	-0.00099911	0.000139487	2
-106.763	51.6543	-0.000989467	0.000135481	2
-105.976	52.1766	-0.000979346	0.000131049	2
-105.181	52.6912	-0.000968761	0.000126181	2
-104.379	53.1981	-0.000957726	0.000120865	2
-103.569	53.6975	-0.000946257	0.000115091	2
-102.753	54.1891	-0.000934367	0.000108848	2
-101.93	54.6731	-0.000922073	0.000102126	2
-101.101	55.1495	-0.000909388	9.4914e-05	2
-100.267	55.6183	-0.000896327	8.7201e-05	2
-99.436	56.0742	-0.000883061	7.9074e-05	2
-98.5908	56.5278	-0.000869297	7.03334e-05	2
-97.7408	56.9738	-0.000855201	6.10601e-05	2
-96.8864	57.4122	-0.000840787	5.12434e-05	2
-96.028	57.8431	-0.000826072	4.08725e-05	2
-95.1658	58.2663	-0.000811069	2.99369e-05	2
-94.3003	58.682	-0.000795792	1.84257e-05	2
-93.4317	59.0901	-0.000780258	6.32841e-06	2
-92.5604	59.4906	-0.00076448	-6.36577e-06	2
-91.6869	59.8836	-0.000748474	-1.96675e-05	2
-90.8113	60.2691	-0.000732253	-3.35875e-05	2
-89.934	60.647	-0.000715833	-4.81364e-05	2
-89.0555	61.0173	-0.000699229	-6.33249e-05	2
-88.176	61.3802	-0.000682454	-7.91637e-05	2
-87.2959	61.7355	-0.000665525	-9.56635e-05	2
-86.4156	62.0833	-0.000648455	-0.000112835	2
-85.5353	62.4236	-0.000631259	-0.000130689	2
-84.6555	62.7564	-0.000613953	-0.000149236	2
-83.7764	63.0817	-0.00059655	-0.000168486	2
-82.8984	63.3995	-0.000579066	-0.000188451	2
-82.0219	63.7099	-0.000561514	-0.000209142	2
-81.1472	64.0128	-0.000543911	-0.000230568	2
-80.2747	64.3082	-0.00052627	-0.00025274	2
-79.4146	64.5929	-0.00050881	-0.000275402	2
-78.5474	64.8734	-0.000491139	-0.000299091	2
-77.6833	65.1466	-0.000473474	-0.000323558	2
-76.8228	65.4123	-0.000455831	-0.000348814	2

-75.0032	2.01044	1.83643e-07	-3.05964e-07	2
-75.2763	2.91199	1.47506e-05	-2.61021e-05	2
-75.5524	3.83108	2.70523e-05	-5.11682e-05	2
-75.8279	4.75697	3.69537e-05	-7.52128e-05	2
-76.0994	5.67862	4.44298e-05	-9.79911e-05	2
-76.373	6.61718	4.97026e-05	-0.000120047	2
-76.6453	7.56166	5.27204e-05	-0.000141125	2
-76.9161	8.51177	5.35317e-05	-0.000161239	2
-77.1849	9.46723	5.21853e-05	-0.000180403	2
-77.4516	10.4277	4.87296e-05	-0.000198632	2
-77.7159	11.393	4.32134e-05	-0.000215941	2
-77.9776	12.3627	3.56852e-05	-0.000232343	2
-78.2364	13.3366	2.61937e-05	-0.000247854	2
-78.492	14.3144	1.47874e-05	-0.000262487	2
-78.7441	15.2957	1.51503e-06	-0.000276258	2
-78.9925	16.2804	-1.35749e-05	-0.00028918	2
-79.237	17.268	-3.04337e-05	-0.000301268	2
-79.4772	18.2583	-4.90128e-05	-0.000312536	2
-79.7129	19.2511	-6.92636e-05	-0.000323	2
-79.9438	20.246	-9.11374e-05	-0.000332673	2
-80.1698	21.2427	-0.000114586	-0.000341569	2
-80.3904	22.2409	-0.00013956	-0.000349704	2
-80.6054	23.2403	-0.000166011	-0.000357092	2
-80.8147	24.2407	-0.000193891	-0.000363746	2
-81.0178	25.2418	-0.000223151	-0.000369683	2
-81.2146	26.2432	-0.000253742	-0.000374915	2
-81.4027	27.2331	-0.000285243	-0.000379409	2
-81.5861	28.2344	-0.000318337	-0.000383285	2
-81.7623	29.2351	-0.000352618	-0.000386499	2
-81.9311	30.235	-0.000388036	-0.000389067	2
-82.0923	31.2338	-0.000424543	-0.000391003	2
-82.2456	32.2313	-0.00046209	-0.000392322	2
-82.3906	33.227	-0.000500628	-0.000393038	2
-82.5272	34.2207	-0.00054011	-0.000393165	2
-82.655	35.2122	-0.000580486	-0.000392717	2
-82.7739	36.2011	-0.000621708	-0.000391711	2
-82.8835	37.1871	-0.000663728	-0.000390158	2
-82.9836	38.1699	-0.000706495	-0.000388075	2
-83.074	39.1493	-0.000749963	-0.000385476	2
-83.1542	40.125	-0.000794082	-0.000382374	2
-83.2242	41.0966	-0.000838804	-0.000378785	2
-83.2836	42.0639	-0.00088408	-0.000374723	2
-83.3321	43.0266	-0.000929862	-0.000370203	2
-83.3696	43.9844	-0.0009761	-0.000365238	2
-83.3957	44.9369	-0.00102275	-0.000359843	2
-83.4101	45.884	-0.00106975	-0.000354033	2
-83.4127	46.8252	-0.00111707	-0.000347822	2
-83.4031	47.7604	-0.00116465	-0.000341225	2
-83.3811	48.6892	-0.00121244	-0.000334256	2
-83.3468	49.6007	-0.00125985	-0.000327015	2
-83.2993	50.5159	-0.00130793	-0.000319349	2
-83.2386	51.4239	-0.00135607	-0.000311355	2
-83.1644	52.3243	-0.00140423	-0.000303045	2
-83.0765	53.2168	-0.00145237	-0.000294436	2
-82.9745	54.1012	-0.00150042	-0.000285542	2
-82.8583	54.9772	-0.00154836	-0.000276376	2
-82.7276	55.8445	-0.00159611	-0.000266954	2
-82.582	56.7027	-0.00164365	-0.000257289	2
-82.4214	57.5516	-0.00169091	-0.000247397	2
-82.2455	58.391	-0.00173785	-0.000237292	2
-82.054	59.2204	-0.00178442	-0.000226987	2
-81.8466	60.0396	-0.00183058	-0.000216499	2
-81.6232	60.8484	-0.00187627	-0.00020584	2
-81.3833	61.6463	-0.00192144	-0.000195026	2
-81.1268	62.4332	-0.00196605	-0.000184071	2
-80.8534	63.2088	-0.00201005	-0.000172989	2
-80.5628	63.9726	-0.00205339	-0.000161795	2
-80.2547	64.7246	-0.00209602	-0.000150503	2
-79.929	65.4643	-0.00213789	-0.000139128	2
-79.5853	66.1914	-0.00217895	-0.000127684	2
-79.2234	66.9057	-0.00221916	-0.000116185	2
-78.843	67.6069	-0.00225847	-0.000104647	2
-78.4438	68.2947	-0.00229682	-9.3083e-05	2
-78.0305	68.9611	-0.00233375	-8.16411e-05	2
-77.5932	69.6213	-0.00237007	-7.00693e-05	2
-77.1364	70.2672	-0.00240528	-5.85151e-05	2
-76.6598	70.8986	-0.00243935	-4.6993e-05	2
-76.1631	71.5151	-0.00247223	-3.55175e-05	2
-75.646	72.1163	-0.00250386	-2.41029e-05	2
-75.1084	72.7022	-0.00253421	-1.27636e-05	2
-74.5499	73.2722	-0.00256321	-1.51425e-06	2
-73.9702	73.8263	-0.00259082	9.63086e-06	2
-73.3692	74.3639	-0.00261699	2.06572e-05	2
-72.7465	74.885	-0.00264168	3.15505e-05	2
-72.1019	75.3891	-0.00266483	4.22961e-05	2
-71.435	75.876	-0.0026864	5.28796e-05	2
-70.7458	76.3453	-0.00270633	6.32867e-05	2
-70.0338	76.7969	-0.00272459	7.35029e-05	2
-69.2988	77.2303	-0.00274111	8.35136e-05	2
-68.5406	77.6454	-0.00275586	9.33046e-05	2
-67.7589	78.0417	-0.00276878	0.000102861	2
-66.9534	78.4191	-0.00277983	0.000112169	2
-66.1238	78.7772	-0.00278895	0.000121214	2
-65.27	79.1157	-0.0027961	0.000129981	2
-64.3916	79.4344	-0.00280122	0.000138457	2
-63.4884	79.7329	-0.00280428	0.000146625	2
-62.5709	80.0078	-0.00280522	0.000154385	2
-61.6175	80.2654	-0.00280402	0.000161901	2
-60.6385	80.5019	-0.0028006	0.000169068	2
-59.6336	80.7171	-0.00279492	0.000175871	2

-24.9992	2.0108	-1.00653e-07	2.09553e-07	2
-24.9515	2.93727	-8.69446e-06	1.73784e-05	2
-24.9388	3.87027	-1.72676e-05	3.30558e-05	2
-24.961	4.799	-2.57267e-05	4.70687e-05	2
-25.0165	5.71289	-3.39835e-05	5.93206e-05	2
-25.1056	6.6332	-4.22372e-05	7.01326e-05	2
-25.2271	7.5493	-5.03985e-05	7.93896e-05	2
-25.3801	8.4612	-5.84745e-05	8.71281e-05	2
-25.5638	9.36893	-6.64726e-05	9.33847e-05	2
-25.7773	10.2725	-7.44e-05	9.81961e-05	2
-26.0197	11.1719	-8.22639e-05	0.000101599	2
-26.2902	12.0672	-9.00715e-05	0.000103629	2
-26.5879	12.9584	-9.78301e-05	0.000104324	2
-26.912	13.8455	-0.000105547	0.000103721	2
-27.2615	14.7286	-0.000113229	0.000101854	2
-27.6358	15.6075	-0.000120884	9.87624e-05	2
-28.0338	16.4825	-0.000128519	9.44814e-05	2
-28.4547	17.3534	-0.000136141	8.90478e-05	2
-28.8977	18.2203	-0.000143758	8.24983e-05	2
-29.3618	19.0832	-0.000151376	7.48694e-05	2
-29.8464	19.9421	-0.000159003	6.61977e-05	2
-30.3504	20.7971	-0.000166646	5.65198e-05	2
-30.8731	21.6482	-0.000174312	4.58724e-05	2
-31.4135	22.4953	-0.00018201	3.42919e-05	2
-31.9708	23.3385	-0.000189745	2.1815e-05	2
-32.5442	24.1779	-0.000197525	8.47836e-06	2
-33.1259	25.0038	-0.000205267	-5.51425e-06	2
-33.7287	25.8354	-0.000213158	-2.0452e-05	2
-34.3449	26.6632	-0.000221116	-3.61401e-05	2
-34.9738	27.4872	-0.000229148	-5.25422e-05	2
-35.6144	28.3075	-0.000237261	-6.96215e-05	2
-36.266	29.1239	-0.000245462	-8.73415e-05	2
-36.9276	29.9365	-0.000253759	-0.000105666	2
-37.5984	30.7454	-0.000262159	-0.000124557	2
-38.2775	31.5506	-0.000270669	-0.00014398	2
-38.9641	32.3521	-0.000279297	-0.000163897	2
-39.6573	33.1498	-0.000288049	-0.000184271	2
-40.3563	33.9439	-0.000296933	-0.000205067	2
-41.0601	34.7343	-0.000305956	-0.000226247	2
-41.768	35.5211	-0.000315126	-0.000247775	2
-42.4791	36.3042	-0.000324449	-0.000269615	2
-43.1925	37.0837	-0.000333932	-0.000291729	2
-43.9074	37.8596	-0.000343584	-0.000314082	2
-44.6228	38.632	-0.000353411	-0.000336636	2
-45.338	39.4007	-0.000363421	-0.000359355	2
-46.0521	40.166	-0.00037362	-0.000382203	2
-46.7642	40.9277	-0.000384017	-0.000405142	2
-47.4735	41.6859	-0.000394617	-0.000428137	2
-48.1791	42.4406	-0.00040543	-0.00045115	2
-48.8721	43.1832	-0.000416332	-0.000473881	2
-49.5678	43.931	-0.000427587	-0.000496823	2
-50.2573	44.6753	-0.000439074	-0.000519674	2
-50.9396	45.4163	-0.000450801	-0.000542397	2
-51.6139	46.1538	-0.000462777	-0.000564957	2
-52.2794	46.8879	-0.000475007	-0.000587316	2
-52.9352	47.6187	-0.000487499	-0.000609438	2
-53.5805	48.3461	-0.00050026	-0.000631286	2
-54.2144	49.0701	-0.000513298	-0.000652825	2
-54.8359	49.7908	-0.00052662	-0.000674016	2
-55.4444	50.5083	-0.000540232	-0.000694824	2
-56.0388	51.2224	-0.000554143	-0.000715211	2
-56.6185	51.9333	-0.00056836	-0.000735143	2
-57.1824	52.6409	-0.000582889	-0.000754581	2
-57.7297	53.3452	-0.000597738	-0.000773489	2
-58.2596	54.0464	-0.000612914	-0.00079183	2
-58.7713	54.7443	-0.000628425	-0.000809569	2
-59.2637	55.4391	-0.000644277	-0.000826668	2
-59.7362	56.1306	-0.000660479	-0.000843091	2
-60.1879	56.8191	-0.000677036	-0.000858801	2
-60.6178	57.5044	-0.000693957	-0.000873762	2
-61.0251	58.1865	-0.000711249	-0.000887937	2
-61.409	58.8656	-0.000728918	-0.000901289	2
-61.7686	59.5416	-0.000746972	-0.000913782	2
-62.0993	60.2068	-0.000765205	-0.000925252	2
-62.4081	60.8767	-0.000784047	-0.000935928	2
-62.69	61.5436	-0.000803295	-0.000945635	2
-62.9441	62.2074	-0.000822958	-0.000954338	2
-63.1697	62.8683	-0.000843042	-0.000961999	2
-63.3658	63.5261	-0.000863554	-0.000968581	2
-63.5317	64.181	-0.000884502	-0.000974049	2
-63.6663	64.833	-0.000905892	-0.000978365	2
-63.769	65.482	-0.000927733	-0.000981493	2
-63.8388	66.1281	-0.000950032	-0.000983397	2
-63.8748	66.7713	-0.000972795	-0.000984039	2
-63.8763	67.4116	-0.00099603	-0.000983384	2
-63.8423	68.0491	-0.00101974	-0.000981394	2
-63.772	68.6837	-0.00104394	-0.000978033	2
-63.6645	69.3155	-0.00106864	-0.000973264	2
-63.519	69.9445	-0.00109383	-0.000967052	2
-63.3347	70.5706	-0.00111954	-0.000959358	2
-63.1105	71.194	-0.00114575	-0.000950148	2
-62.8458	71.8147	-0.00117249	-0.000939383	2
-62.5396	72.4326	-0.00119977	-0.000927028	2
-62.1911	73.0477	-0.00122757	-0.000913045	2
-61.7994	73.6602	-0.00125592	-0.000897399	2
-61.3636	74.27	-0.00128483	-0.000880053	2
-60.8888	74.8701	-0.00131395	-0.000861199	2
-60.3629	75.4745	-0.00134397	-0.000840362	2
-59.7904	76.0764	-0.00137456	-0.000817716	2
-59.1705	76.6755	-0.00140574	-0.000793224	2

24.9977	2.0116	-5.29673e-07	2.62418e-07	2
24.7899	3.00005	-4.54932e-05	2.21901e-05	2
24.556	3.98199	-8.98127e-05	4.30959e-05	2
24.2989	4.94616	-0.000132984	6.27346e-05	2
24.0222	5.88205	-0.000174555	8.09189e-05	2
23.7201	6.81176	-0.000215517	9.80885e-05	2
23.396	7.7246	-0.000255406	0.000114042	2
23.0505	8.62088	-0.000294248	0.000128796	2
22.6839	9.50092	-0.000332067	0.000142369	2
22.2968	10.365	-0.000368889	0.000154776	2
21.8896	11.2135	-0.00040474	0.000166036	2
21.4627	12.0466	-0.000439643	0.000176164	2
21.0166	12.8647	-0.000473625	0.000185179	2
20.5517	13.6681	-0.000506711	0.000193097	2
20.0686	14.4571	-0.000538926	0.000199936	2
19.5677	15.232	-0.000570295	0.000205712	2
19.0494	15.9932	-0.000600844	0.000210442	2
18.5141	16.7408	-0.000630597	0.000214144	2
17.9624	17.4753	-0.000659581	0.000216834	2
17.3947	18.197	-0.00068782	0.000218531	2
16.8114	18.906	-0.00071534	0.00021925	2
16.213	19.6029	-0.000742165	0.000219008	2
15.6	20.2878	-0.000768322	0.000217824	2
14.9728	20.9611	-0.000793835	0.000215713	2
14.3319	21.623	-0.000818729	0.000212694	2
13.6777	22.274	-0.000843031	0.000208782	2
13.0184	22.9069	-0.000866495	0.000204056	2
12.3392	23.5369	-0.000889692	0.000198421	2
11.6481	24.1568	-0.000912372	0.000191946	2
10.9455	24.7669	-0.000934559	0.000184646	2
10.2318	25.3676	-0.000956279	0.00017654	2
9.5077	25.959	-0.000977557	0.000167644	2
8.77346	26.5417	-0.000998419	0.000157976	2
8.02959	27.1157	-0.00101889	0.000147551	2
7.27654	27.6816	-0.00103899	0.000136388	2
6.51477	28.2395	-0.00105876	0.000124504	2
5.74473	28.7898	-0.0010782	0.000111915	2
4.96689	29.3327	-0.00109736	9.86388e-05	2
4.18169	29.8687	-0.00111625	8.46922e-05	2
3.38959	30.398	-0.00113491	7.00923e-05	2
2.59105	30.9209	-0.00115334	5.48563e-05	2
1.78652	31.4377	-0.00117159	3.9001e-05	2
0.97646	31.9487	-0.00118968	2.25438e-05	2
0.161324	32.4543	-0.00120762	5.50145e-06	2
-0.658431	32.9547	-0.00122545	-1.21088e-05	2
-1.48235	33.4503	-0.0012432	-3.027e-05	2
-2.30998	33.9413	-0.00126088	-4.89649e-05	2
-3.14086	34.4281	-0.00127852	-6.81766e-05	2
-3.97453	34.911	-0.00129615	-8.78881e-05	2
-4.80093	35.3847	-0.00131359	-0.000107847	2
-5.63881	35.8607	-0.00133127	-0.000128502	2
-6.47813	36.3337	-0.00134902	-0.000149605	2
-7.31843	36.804	-0.00136685	-0.00017114	2
-8.15925	37.2719	-0.0013848	-0.000193089	2
-9.00014	37.7378	-0.00140288	-0.000215436	2
-9.84064	38.2019	-0.00142113	-0.000238163	2
-10.6803	38.6645	-0.00143956	-0.000261254	2
-11.5186	39.1259	-0.00145822	-0.000284691	2
-12.3552	39.5866	-0.00147711	-0.000308457	2
-13.1896	40.0466	-0.00149626	-0.000332535	2
-14.0214	40.5065	-0.00151571	-0.000356909	2
-14.85	40.9664	-0.00153547	-0.00038156	2
-15.675	41.4268	-0.00155558	-0.000406473	2
-16.496	41.8878	-0.00157605	-0.00043163	2
-17.3125	42.3498	-0.00159691	-0.000457013	2
-18.124	42.8132	-0.00161818	-0.000482607	2
-18.9302	43.2782	-0.0016399	-0.000508393	2
-19.7305	43.7451	-0.00166209	-0.000534354	2
-20.5244	44.2142	-0.00168476	-0.000560475	2
-21.3116	44.6859	-0.00170796	-0.000586737	2
-22.0916	45.1605	-0.0017317	-0.000613123	2
-22.8639	45.6382	-0.00175601	-0.000639617	2
-23.6281	46.1194	-0.00178091	-0.000666201	2
-24.375	46.5988	-0.00180613	-0.000692552	2
-25.1217	47.0878	-0.00183228	-0.000719265	2
-25.8588	47.5812	-0.0018591	-0.000746018	2
-26.586	48.0793	-0.00188662	-0.000772793	2
-27.3028	48.5824	-0.00191486	-0.000799573	2
-28.0087	49.0908	-0.00194384	-0.000826342	2
-28.7033	49.6049	-0.00197359	-0.000853081	2
-29.3861	50.1249	-0.00200414	-0.000879775	2
-30.0567	50.6512	-0.0020355	-0.000906405	2
-30.7146	51.184	-0.00206772	-0.000932956	2
-31.3593	51.7236	-0.0021008	-0.000959409	2
-31.9904	52.2705	-0.00213478	-0.000985749	2
-32.6075	52.8248	-0.00216968	-0.00101196	2
-33.2101	53.3869	-0.00220553	-0.00103802	2
-33.7977	53.957	-0.00224235	-0.00106391	2
-34.3699	54.5356	-0.00228016	-0.00108962	2
-34.9262	55.1229	-0.002319	-0.00111513	2
-35.4662	55.7192	-0.00235889	-0.00114043	2
-35.9894	56.3249	-0.00239985	-0.00116549	2
-36.4953	56.9402	-0.0024419	-0.0011903	2
-36.9836	57.5654	-0.00248508	-0.00121485	2
-37.4537	58.2009	-0.00252941	-0.00123911	2
-37.9051	58.8469	-0.00257492	-0.00126306	2
-38.3327	59.4962	-0.00262107	-0.00128643	2
-38.7458	60.1641	-0.00266899	-0.00130974	2
-39.1389	60.8436	-0.00271815	-0.00133269	2
-39.5116	61.5348	-0.00276859	-0.00135527	2

74.9987	2.01078	-5.59694e-07	-1.32477e-07	2
74.8794	2.93643	-4.64467e-05	-1.07831e-05	2
74.752	3.87077	-8.83912e-05	-2.00807e-05	2
74.6179	4.80305	-0.000125899	-2.79175e-05	2
74.479	5.7226	-0.000158678	-3.4253e-05	2
74.332	6.65084	-0.000187557	-3.9259e-05	2
74.1788	7.57708	-0.000212194	-4.28785e-05	2
74.0194	8.50137	-0.000232655	-4.51364e-05	2
73.854	9.42371	-0.000249004	-4.60576e-05	2
73.6827	10.3441	-0.000261308	-4.56668e-05	2
73.5056	11.2627	-0.000269631	-4.3989e-05	2
73.3229	12.1793	-0.000274039	-4.10489e-05	2
73.1346	13.0942	-0.000274598	-3.68715e-05	2
72.941	14.0072	-0.000271371	-3.14816e-05	2
72.7421	14.9184	-0.000264425	-2.49039e-05	2
72.538	15.8278	-0.000253826	-1.71635e-05	2
72.329	16.7356	-0.000239638	-8.28508e-06	2
72.1151	17.6416	-0.000221926	1.70647e-06	2
71.8964	18.5459	-0.000200757	1.27863e-05	2
71.6731	19.4485	-0.000176194	2.49295e-05	2
71.4452	20.3495	-0.000148305	3.81114e-05	2
71.2131	21.2489	-0.000117153	5.23069e-05	2
70.9766	22.1467	-8.28048e-05	6.74914e-05	2
70.7361	23.0429	-4.5325e-05	8.36399e-05	2
70.4915	23.9376	-4.77904e-06	0.000100728	2
70.2431	24.8308	3.87677e-05	0.00011873	2
69.9939	25.7123	8.46993e-05	0.000137399	2
69.7382	26.6025	0.000134019	0.000157145	2
69.479	27.4913	0.000186145	0.000177732	2
69.2164	28.3787	0.000241011	0.000199133	2
68.9506	29.2647	0.000298551	0.000221325	2
68.6817	30.1493	0.000358702	0.000244283	2
68.4099	31.0326	0.000421397	0.000267981	2
68.1352	31.9146	0.000486571	0.000292395	2
67.8577	32.7953	0.000554159	0.0003175	2
67.5777	33.6747	0.000624095	0.000343271	2
67.2952	34.5529	0.000696314	0.000369684	2
67.0104	35.4299	0.000770751	0.000396712	2
66.7233	36.3057	0.000847341	0.000424333	2
66.4342	37.1803	0.000926018	0.00045252	2
66.1431	38.0538	0.00100672	0.000481249	2
65.8502	38.9262	0.00108937	0.000510495	2
65.5556	39.7974	0.00117392	0.000540234	2
65.2594	40.6677	0.00126029	0.000570439	2
64.9618	41.5368	0.00134842	0.000601087	2
64.6629	42.405	0.00143825	0.000632153	2
64.3627	43.2722	0.00152971	0.000663612	2
64.0615	44.1384	0.00162274	0.000695438	2
63.7593	45.0037	0.00171726	0.000727608	2
63.4599	45.8581	0.0018121	0.00075972	2
63.1562	46.7216	0.00190941	0.000792498	2
62.852	47.5843	0.00200803	0.000825545	2
62.5474	48.4461	0.00210788	0.000858836	2
62.2425	49.307	0.00220891	0.000892346	2
61.9374	50.1672	0.00231104	0.00092605	2
61.6322	51.0267	0.00241422	0.000959924	2
61.3272	51.8853	0.00251838	0.000993942	2
61.0223	52.7433	0.00262345	0.00102808	2
60.7177	53.6006	0.00272936	0.00106231	2
60.4137	54.4572	0.00283606	0.00109662	2
60.1102	55.3132	0.00294347	0.00113096	2
59.8074	56.1686	0.00305154	0.00116533	2
59.5055	57.0234	0.00316019	0.0011997	2
59.2045	57.8777	0.00326936	0.00123403	2
58.9046	58.7314	0.00337898	0.00126831	2
58.606	59.5845	0.003489	0.00130251	2
58.3087	60.4372	0.00359934	0.00133661	2
58.0129	61.2895	0.00370994	0.00137058	2
57.7187	62.1413	0.00382073	0.00140439	2
57.4262	62.9927	0.00393166	0.00143803	2
57.1356	63.8437	0.00404264	0.00147146	2
56.847	64.6943	0.00415362	0.00150467	2
56.5605	65.5446	0.00426454	0.00153762	2
56.2795	66.3849	0.00437405	0.00156992	2
55.9975	67.2346	0.00448464	0.0016023	2
55.7181	68.0841	0.00459496	0.00163435	2
55.4413	68.9333	0.00470496	0.00166604	2
55.1672	69.7823	0.00481457	0.00169736	2
54.8961	70.6311	0.00492371	0.00172828	2
54.6279	71.4798	0.00503234	0.00175877	2
54.3628	72.3283	0.00514037	0.00178881	2
54.101	73.1767	0.00524775	0.00181837	2
53.8426	74.0251	0.00535441	0.00184743	2
53.5878	74.8733	0.00546028	0.00187597	2
53.3365	75.7216	0.00556531	0.00190395	2
53.089	76.5698	0.00566941	0.00193136	2
52.8454	77.4181	0.00577254	0.00195817	2
52.6059	78.2663	0.00587462	0.00198435	2
52.3705	79.1147	0.00597559	0.00200988	2
52.1393	79.9631	0.00607539	0.00203474	2
51.9126	80.8117	0.00617394	0.0020589	2
51.6904	81.6604	0.00627118	0.00208233	2
51.4729	82.5093	0.00636705	0.00210501	2
51.2601	83.3583	0.00646148	0.00212692	2
51.0523	84.2076	0.00655441	0.00214803	2
50.8495	85.0571	0.00664577	0.00216832	2
50.6541	85.8971	0.00673447	0.00218753	2
50.4617	86.7472	0.00682252	0.00220611	2
50.2747	87.5976	0.0069088	0.00222378	2
50.0933	88.4483	0.00699326	0.00224053	2

125.001	2.01258	3.31611e-08	5.59954e-08	2
125.071	3.08649	4.06942e-06	3.73066e-06	2
125.164	4.15683	1.05068e-05	5.17482e-06	2
125.277	5.21121	1.92691e-05	4.36556e-06	2
125.409	6.23792	3.01737e-05	1.38326e-06	2
125.563	7.26102	4.34317e-05	-3.80868e-06	2
125.738	8.26863	5.88864e-05	-1.11552e-05	2
125.931	9.26092	7.64949e-05	-2.06233e-05	2
126.145	10.238	9.62142e-05	-3.21798e-05	2
126.377	11.2002	0.000118001	-4.57917e-05	2
126.628	12.1475	0.000141814	-6.14259e-05	2
126.898	13.0801	0.000167608	-7.90493e-05	2
127.187	13.9983	0.000195341	-9.86289e-05	2
127.493	14.9021	0.000224971	-0.000120132	2
127.817	15.7917	0.000256454	-0.000143524	2
128.159	16.6673	0.000289747	-0.000168774	2
128.517	17.5291	0.000324807	-0.000195848	2
128.893	18.3772	0.000361592	-0.000224712	2
129.286	19.2118	0.000400059	-0.000255334	2
129.694	20.033	0.000440164	-0.000287681	2
130.119	20.841	0.000481865	-0.000321719	2
130.56	21.636	0.000525118	-0.000357416	2
131.016	22.4182	0.000569882	-0.000394739	2
131.487	23.1876	0.000616112	-0.000433653	2
131.974	23.9445	0.000663766	-0.000474127	2
132.475	24.6891	0.000712802	-0.000516128	2
132.984	25.4131	0.000762589	-0.000559113	2
133.513	26.1335	0.000814243	-0.00060405	2
134.056	26.842	0.000867149	-0.000650414	2
134.613	27.5389	0.000921266	-0.000698173	2
135.183	28.2241	0.000976549	-0.000747293	2
135.766	28.898	0.00103296	-0.000797741	2
136.362	29.5607	0.00109045	-0.000849485	2
136.97	30.2123	0.00114897	-0.00090249	2
137.59	30.853	0.00120849	-0.000956725	2
138.222	31.4829	0.00126897	-0.00101216	2
138.866	32.1023	0.00133035	-0.00106875	2
139.521	32.7113	0.0013926	-0.00112647	2
140.187	33.3101	0.00145567	-0.00118529	2
140.864	33.8987	0.00151953	-0.00124517	2
141.551	34.4775	0.00158412	-0.00130609	2
142.248	35.0465	0.0016494	-0.001368	2
142.956	35.6059	0.00171534	-0.00143088	2
143.672	36.1559	0.00178189	-0.00149468	2
144.399	36.6966	0.001849	-0.00155939	2
145.134	37.2283	0.00191664	-0.00162496	2
145.878	37.751	0.00198475	-0.00169136	2
146.63	38.2649	0.0020533	-0.00175856	2
147.391	38.7703	0.00212225	-0.00182653	2
148.15	39.2615	0.00219075	-0.00189444	2
148.927	39.7502	0.00226035	-0.00196383	2
149.71	40.2308	0.00233022	-0.00203389	2
150.501	40.7035	0.00240031	-0.00210458	2
151.298	41.1683	0.00247058	-0.00217588	2
152.102	41.6256	0.00254099	-0.00224774	2
152.912	42.0754	0.00261149	-0.00232014	2
153.728	42.5179	0.00268205	-0.00239304	2
154.549	42.9532	0.00275261	-0.00246641	2
155.376	43.3816	0.00282314	-0.00254021	2
156.209	43.8032	0.00289359	-0.00261442	2
157.046	44.2182	0.00296392	-0.002689	2
157.887	44.6267	0.00303408	-0.00276391	2
158.733	45.0288	0.00310404	-0.00283913	2
159.583	45.4249	0.00317375	-0.00291461	2
160.436	45.8149	0.00324317	-0.00299034	2
161.293	46.1991	0.00331226	-0.00306626	2
162.153	46.5777	0.00338096	-0.00314236	2
163.016	46.9508	0.00344925	-0.0032186	2
163.881	47.3185	0.00351707	-0.00329494	2
164.749	47.6811	0.00358438	-0.00337135	2
165.618	48.0387	0.00365114	-0.00344781	2
166.49	48.3915	0.00371731	-0.00352427	2
167.363	48.7395	0.00378285	-0.0036007	2
168.226	49.0792	0.00384696	-0.00367619	2
169.101	49.4185	0.00391111	-0.00375247	2
169.977	49.7535	0.00397449	-0.00382862	2
170.853	50.0846	0.00403706	-0.00390461	2
171.728	50.4118	0.00409878	-0.00398042	2
172.604	50.7354	0.00415961	-0.00405599	2
173.479	51.0554	0.00421951	-0.00413131	2
174.353	51.372	0.00427842	-0.00420633	2
175.226	51.6855	0.00433632	-0.00428103	2
176.098	51.9959	0.00439315	-0.00435538	2
176.968	52.3034	0.00444887	-0.00442933	2
177.836	52.6082	0.00450344	-0.00450286	2
178.702	52.9105	0.00455682	-0.00457593	2
179.565	53.2104	0.00460897	-0.00464851	2
180.426	53.5081	0.00465983	-0.00472057	2
181.284	53.8038	0.00470937	-0.00479207	2
182.138	54.0975	0.00475755	-0.00486299	2
182.988	54.3896	0.00480432	-0.00493328	2
183.835	54.68	0.00484964	-0.00500292	2
184.678	54.9691	0.00489346	-0.00507186	2
185.516	55.2569	0.00493575	-0.00514009	2
186.349	55.5437	0.00497646	-0.00520756	2
187.177	55.8296	0.00501554	-0.00527425	2
187.99	56.1114	0.00505254	-0.00533936	2
188.808	56.396	0.00508828	-0.00540438	2
189.619	56.6801	0.00512226	-0.00546851	2
190.425	56.964	0.00515445	-0.00553173	2

