-125.004	2.01202	-4.18771e-07	-1.73448e-07	2
-125.347	3.04066	-3.61776e-05	-1.44217e-05	2
-125.665	4.07165	-7.18382e-05	-2.75109e-05	2
-125.957	5.09303	-0.000106982	-3.92972e-05	2
-126.218	6.09325	-0.000141212	-4.96965e-05	2
-126.455	7.09564	-0.000175326	-5.89801e-05	2
-126.665	8.08855	-0.000208923	-6.70494e-05	2
-126.849	9.07203	-0.000242001	-7.39339e-05	2
-127.008	10.0461	-0.00027456	-7.96634e-05	2
-127.14	11.0109	-0.000306601	-8.42674e-05	2
-127.247	11.9663	-0.000338123	-8.77756e-05	2
-127.33	12.9126	-0.000369125	-9.02175e-05	2
-127.387	13.8496	-0.000399608	-9.16229e-05	2
-127.421	14.7775	-0.000429572	-9.20213e-05	2
-127.43	15.6963	-0.000459016	-9.14424e-05	2
-127.415	16.606	-0.000487939	-8.99158e-05	2
-127.378	17.5067	-0.000516342	-8.74711e-05	2
-127.317	18.3984	-0.000544225	-8.4138e-05	2
-127.233	19.2813	-0.000571586	-7.9946e-05	2
-127.128	20.1552	-0.000598426	-7.49248e-05	2
-127	21.0204	-0.000624745	-6.9104e-05	2
-126.85	21.8768	-0.000650543	-6.25133e-05	2
-126.679	22.7244	-0.000675818	-5.51823e-05	2
-126.487	23.5634	-0.000700572	-4.71405e-05	2
-126.275	24.3937	-0.000724803	-3.84177e-05	2
-126.042	25.2155	-0.000748511	-2.90434e-05	2
-125.792	26.0194	-0.000771433	-1.91656e-05	2
-125.519	26.8242	-0.000794102	-8.58389e-06	2
-125.227	27.6206	-0.000816247	2.56072e-06	2
-124.916	28.4086	-0.000837868	1.42386e-05	2
-124.586	29.1882	-0.000858966	2.64202e-05	2
-124.238	29.9595	-0.00087954	3.90758e-05	2
-123.872	30.7226	-0.000899589	5.21758e-05	2
-123.488	31.4774	-0.000919114	6.56907e-05	2
-123.086	32.2241	-0.000938114	7.95907e-05	2
-122.668	32.9627	-0.000956589	9.38462e-05	2
-122.232	33.6932	-0.000974539	0.000108428	2
-121.781	34.4157	-0.000991963	0.000123305	2
-121.313	35.1302	-0.00100886	0.00013845	2
-120.829	35.8368	-0.00102523	0.000153831	2
-120.33	36.5355	-0.00104108	0.00016942	2
-119.816	37.2264	-0.0010564	0.000185187	2
-119.287	37.9094	-0.00107119	0.000201102	2
-118.744	38.5848	-0.00108546	0.000217135	2
-118.187	39.2524	-0.0010992	0.000233257	2
-117.615	39.9124	-0.00111241	0.000249439	2
-117.031	40.5648	-0.00112509	0.00026565	2
-116.433	41.2097	-0.00113725	0.000281862	2
-115.822	41.847	-0.00114888	0.000298043	2
-115.206	42.4697	-0.00115985	0.000313981	2
-114.571	43.0922	-0.00117043	0.000330016	2
-113.924	43.7074	-0.00118047	0.000345933	2
-113.266	44.3153	-0.00118999	0.000361702	2
-112.596	44.9159	-0.00119898	0.000377293	2
-111.916	45.5093	-0.00120744	0.000392678	2
-111.225	46.0955	-0.00121537	0.000407826	2
-110.524	46.6746	-0.00122277	0.000422708	2
-109.813	47.2466	-0.00122964	0.000437294	2
-109.093	47.8115	-0.00123597	0.000451554	2
-108.363	48.3695	-0.00124178	0.000465459	2
-107.625	48.9205	-0.00124706	0.00047898	2
-106.878	49.4646	-0.0012518	0.000492086	2
-106.123	50.0019	-0.00125601	0.000504748	2
-105.36	50.5324	-0.0012597	0.000516937	2
-104.589	51.0561	-0.00126284	0.000528622	2
-103.811	51.5731	-0.00126546	0.000539775	2
-103.027	52.0835	-0.00126755	0.000550365	2
-102.236	52.5872	-0.0012691	0.000560362	2
-101.438	53.0844	-0.00127011	0.000569738	2
-100.635	53.5751	-0.0012706	0.000578463	2
-99.8262	54.0593	-0.00127055	0.000586507	2
-99.0122	54.537	-0.00126997	0.00059384	2
-98.1933	55.0084	-0.00126885	0.000600433	2
-97.3793	55.4682	-0.00126722	0.000606193	2
-96.5516	55.927	-0.00126504	0.000611226	2
-95.72	56.3796	-0.00126233	0.00061543	2
-94.8849	56.826	-0.00125908	0.000618776	2
-94.0465	57.2663	-0.00125529	0.000621234	2
-93.2052	57.7005	-0.00125097	0.000622774	2
-92.3612	58.1286	-0.00124612	0.000623366	2
-91.5151	58.5507	-0.00124073	0.000622982	2
-90.667	58.9669	-0.0012348	0.000621591	2
-89.8173	59.3771	-0.00122833	0.000619164	2
-88.9663	59.7815	-0.00122133	0.000615672	2
-88.1144	60.1801	-0.0012138	0.000611084	2
-87.2618	60.5729	-0.00120572	0.00060537	2
-86.409	60.96	-0.00119711	0.000598503	2
-85.5563	61.3414	-0.00118796	0.000590451	2
-84.7039	61.7172	-0.00117827	0.000581185	2
-83.8522	62.0874	-0.00116804	0.000570675	2
-83.0016	62.4521	-0.00115728	0.000558892	2
-82.1523	62.8112	-0.00114597	0.000545807	2
-81.3047	63.165	-0.00113413	0.000531389	2
-80.4591	63.5133	-0.00112175	0.000515609	2
-79.6159	63.8564	-0.00110882	0.000498438	2
-78.7754	64.1941	-0.00109536	0.000479845	2
-77.9475	64.5227	-0.00108153	0.00046004	2
-77.1133	64.8501	-0.00106699	0.000438533	2
-76.2828	65.1722	-0.00105192	0.000415516	2
-75.4562	65.4893	-0.0010363	0.000390959	2

-75.0038	2.01118	4.43015e-07	-4.25672e-07	2
-75.327	2.97467	3.6873e-05	-3.60578e-05	2
-75.6481	3.95345	7.04106e-05	-7.01637e-05	2
-75.9631	4.93608	0.000100677	-0.000102351	2
-76.2682	5.91097	0.000127442	-0.000132316	2
-76.5705	6.90053	0.000151391	-0.000160788	2
-76.8662	7.89323	0.000172259	-0.000187442	2
-77.1551	8.8888	0.000190109	-0.00021231	2
-77.4372	9.887	0.000205005	-0.000235427	2
-77.7122	10.8876	0.00021701	-0.000256826	2
-77.98	11.8903	0.000226189	-0.000276541	2
-78.2404	12.895	0.000232604	-0.000294604	2
-78.4934	13.9013	0.00023632	-0.000311049	2
-78.7386	14.909	0.0002374	-0.000325911	2
-78.9761	15.9178	0.000235907	-0.000339221	2
-79.2056	16.9276	0.000231906	-0.000351014	2
-79.4269	17.938	0.000225461	-0.000361323	2
-79.64	18.9489	0.000216633	-0.000370182	2
-79.8447	19.96	0.000205488	-0.000377624	2
-80.0408	20.971	0.000192089	-0.000383682	2
-80.2281	21.9817	0.0001765	-0.00038839	2
-80.4066	22.9918	0.000158784	-0.000391782	2
-80.576	24.0012	0.000139005	-0.00039389	2
-80.7362	25.0095	0.000117227	-0.000394749	2
-80.887	26.0165	9.35123e-05	-0.000394391	2
-81.0284	27.022	6.79259e-05	-0.000392851	2
-81.1586	28.0142	4.0856e-05	-0.000390198	2
-81.2807	29.0159	1.1736e-05	-0.000386406	2
-81.3927	30.0154	-1.90658e-05	-0.00038153	2
-81.4947	31.0123	-5.1486e-05	-0.000375605	2
-81.5863	32.0065	-8.54607e-05	-0.000368664	2
-81.6676	32.9977	-0.000120926	-0.00036074	2
-81.7383	33.9856	-0.000157819	-0.000351868	2
-81.7982	34.9701	-0.000196076	-0.00034208	2
-81.8473	35.9508	-0.000235633	-0.00033141	2
-81.8853	36.9276	-0.000276425	-0.000319891	2
-81.9122	37.9001	-0.000318391	-0.000307557	2
-81.9277	38.8682	-0.000361466	-0.000294442	2
-81.9318	39.8315	-0.000405586	-0.000280578	2
-81.9241	40.7899	-0.000450688	-0.000265999	2
-81.9047	41.7431	-0.000496708	-0.00025074	2
-81.8734	42.6908	-0.000543582	-0.000234832	2
-81.8299	43.6328	-0.000591247	-0.00021831	2
-81.7742	44.5689	-0.00063964	-0.000201206	2
-81.706	45.4989	-0.000688696	-0.000183556	2
-81.6253	46.4224	-0.000738352	-0.000165391	2
-81.5319	47.3392	-0.000788544	-0.000146745	2
-81.4256	48.2491	-0.000839208	-0.000127653	2
-81.3063	49.1518	-0.000890281	-0.000108147	2
-81.1754	50.0369	-0.000941107	-8.84908e-05	2
-81.0297	50.9246	-0.000992805	-6.82614e-05	2
-80.8706	51.8045	-0.00104472	-4.77182e-05	2
-80.6978	52.6762	-0.00109679	-2.68947e-05	2
-80.5112	53.5396	-0.00114895	-5.82451e-06	2
-80.3107	54.3943	-0.00120114	1.54591e-05	2
-80.0961	55.2401	-0.0012533	3.69225e-05	2
-79.8673	56.0768	-0.00130535	5.85325e-05	2
-79.624	56.9042	-0.00135725	8.02553e-05	2
-79.3662	57.7219	-0.00140891	0.000102058	2
-79.0937	58.5298	-0.00146028	0.000123906	2
-78.8063	59.3276	-0.0015113	0.000145767	2
-78.5039	60.1151	-0.00156191	0.000167608	2
-78.1863	60.8919	-0.00161203	0.000189394	2
-77.8535	61.6579	-0.0016616	0.000211092	2
-77.5051	62.4129	-0.00171057	0.000232669	2
-77.1411	63.1565	-0.00175887	0.000254091	2
-76.7614	63.8885	-0.00180642	0.000275325	2
-76.3657	64.6087	-0.00185318	0.000296338	2
-75.9539	65.3169	-0.00189908	0.000317095	2
-75.5259	66.0127	-0.00194405	0.000337564	2
-75.0814	66.6961	-0.00198802	0.000357712	2
-74.6205	67.3666	-0.00203095	0.000377503	2
-74.1428	68.024	-0.00207275	0.000396906	2
-73.6541	68.6609	-0.00211292	0.000415671	2
-73.1428	69.2917	-0.00215231	0.000434201	2
-72.6143	69.9088	-0.0021904	0.000452243	2
-72.0685	70.5118	-0.00222711	0.000469762	2
-71.5053	71.1005	-0.00226239	0.000486725	2
-70.9244	71.6748	-0.00229617	0.000503099	2
-70.3258	72.2343	-0.00232838	0.000518851	2
-69.7092	72.7788	-0.00235897	0.000533946	2
-69.0746	73.3081	-0.00238787	0.000548352	2
-68.4217	73.8219	-0.00241502	0.000562035	2
-67.7504	74.3199	-0.00244035	0.000574961	2
-67.0607	74.802	-0.00246379	0.000587098	2
-66.3522	75.2678	-0.0024853	0.00059841	2
-65.6249	75.7172	-0.00250479	0.000608867	2
-64.8786	76.1499	-0.00252221	0.000618432	2
-64.1131	76.5656	-0.0025375	0.000627074	2
-63.3283	76.9641	-0.00255059	0.000634759	2
-62.5241	77.3451	-0.00256141	0.000641453	2
-61.7003	77.7085	-0.00256991	0.000647123	2
-60.8567	78.0539	-0.00257602	0.000651736	2
-59.9932	78.3812	-0.00257967	0.000655257	2
-59.1096	78.69	-0.00258081	0.000657654	2
-58.2058	78.9802	-0.00257937	0.000658893	2
-57.2924	79.2484	-0.00257534	0.000658947	2
-56.3479	79.5007	-0.00256857	0.000657784	2
-55.3828	79.7336	-0.00255903	0.000655363	2
-54.3968	79.9468	-0.00254666	0.00065165	2

-24.9993	2.01047	1.67601e-07	1.23382e-07	2
-24.9561	2.90993	1.40511e-05	1.00929e-05	2
-24.9471	3.81856	2.70385e-05	1.89061e-05	2
-24.9721	4.72582	3.8976e-05	2.6467e-05	2
-25.0295	5.62128	4.97579e-05	3.27369e-05	2
-25.1198	6.52571	5.96485e-05	3.78887e-05	2
-25.2415	7.42865	6.85303e-05	4.18697e-05	2
-25.3939	8.33005	7.64171e-05	4.47074e-05	2
-25.5761	9.22985	8.33224e-05	4.6429e-05	2
-25.7872	10.128	8.92602e-05	4.70618e-05	2
-26.0264	11.0245	9.42441e-05	4.66332e-05	2
-26.2929	11.9193	9.82879e-05	4.51704e-05	2
-26.5857	12.8123	0.000101405	4.27007e-05	2
-26.9041	13.7034	0.00010361	3.92516e-05	2
-27.2472	14.5928	0.000104916	3.48501e-05	2
-27.614	15.4801	0.000105337	2.95238e-05	2
-28.0039	16.3656	0.000104886	2.32999e-05	2
-28.4159	17.249	0.000103577	1.62057e-05	2
-28.8492	18.1304	0.000101425	8.26844e-06	2
-29.3028	19.0097	9.84426e-05	-4.84451e-07	2
-29.7761	19.8868	9.46436e-05	-1.00257e-05	2
-30.268	20.7618	9.00419e-05	-2.0328e-05	2
-30.7778	21.6345	8.46512e-05	-3.13641e-05	2
-31.3046	22.5049	7.84853e-05	-4.31066e-05	2
-31.8476	23.373	7.15579e-05	-5.55282e-05	2
-32.4058	24.2387	6.38827e-05	-6.86016e-05	2
-32.9718	25.0921	5.55743e-05	-8.21386e-05	2
-33.558	25.953	4.64531e-05	-9.64271e-05	2
-34.1569	26.8113	3.66252e-05	-0.000111286	2
-34.7677	27.6671	2.61043e-05	-0.000126687	2
-35.3895	28.5203	1.49042e-05	-0.000142604	2
-36.0215	29.3708	3.03869e-06	-0.00015901	2
-36.6629	30.2186	-9.47857e-06	-0.000175876	2
-37.3127	31.0637	-2.26338e-05	-0.000193176	2
-37.9702	31.906	-3.64133e-05	-0.000210882	2
-38.6345	32.7454	-5.08033e-05	-0.000228967	2
-39.3046	33.582	-6.579e-05	-0.000247405	2
-39.9799	34.4156	-8.13598e-05	-0.000266166	2
-40.6594	35.2463	-9.74988e-05	-0.000285224	2
-41.3422	36.0739	-0.000114193	-0.000304553	2
-42.0276	36.8985	-0.00013143	-0.000324124	2
-42.7146	37.7199	-0.000149194	-0.00034391	2
-43.4024	38.5382	-0.000167473	-0.000363883	2
-44.0902	39.3533	-0.000186252	-0.000384018	2
-44.7771	40.1651	-0.000205518	-0.000404285	2
-45.4622	40.9736	-0.000225258	-0.000424659	2
-46.1447	41.7788	-0.000245456	-0.000445111	2
-46.8238	42.5805	-0.0002661	-0.000465614	2
-47.4986	43.3789	-0.000287177	-0.000486142	2
-48.1605	44.1646	-0.000308421	-0.00050643	2
-48.8242	44.9559	-0.000330315	-0.000526924	2
-49.481	45.7437	-0.0003526	-0.000547361	2
-50.1301	46.5278	-0.000375262	-0.000567712	2
-50.7706	47.3083	-0.000398287	-0.000587951	2
-51.4018	48.085	-0.000421662	-0.000608051	2
-52.0226	48.858	-0.000445373	-0.000627984	2
-52.6323	49.6272	-0.000469405	-0.000647722	2
-53.2301	50.3925	-0.000493746	-0.00066724	2
-53.815	51.1539	-0.000518382	-0.000686508	2
-54.3862	51.9114	-0.000543299	-0.0007055	2
-54.943	52.6648	-0.000568482	-0.000724189	2
-55.4843	53.4143	-0.00059392	-0.000742547	2
-56.0094	54.1596	-0.000619596	-0.000760547	2
-56.5173	54.9008	-0.000645499	-0.000778162	2
-57.0074	55.6378	-0.000671614	-0.000795364	2
-57.4786	56.3706	-0.000697927	-0.000812126	2
-57.9302	57.0991	-0.000724425	-0.000828421	2
-58.3613	57.8233	-0.000751094	-0.000844221	2
-58.771	58.5431	-0.00077792	-0.0008595	2
-59.1586	59.2585	-0.00080489	-0.000874229	2
-59.523	59.9694	-0.000831989	-0.000888381	2
-59.8635	60.6759	-0.000859204	-0.00090193	2
-60.1793	61.3777	-0.000886522	-0.000914848	2
-60.4663	62.067	-0.000913613	-0.00092697	2
-60.7303	62.7597	-0.000941093	-0.000938551	2
-60.9669	63.4477	-0.000968634	-0.00094942	2
-61.1754	64.131	-0.000996223	-0.000959549	2
-61.3549	64.8095	-0.00102384	-0.00096891	2
-61.5045	65.4831	-0.00105149	-0.000977477	2
-61.6234	66.1519	-0.00107914	-0.000985222	2
-61.7106	66.8157	-0.00110678	-0.000992117	2
-61.7655	67.4746	-0.0011344	-0.000998136	2
-61.787	68.1285	-0.00116198	-0.00100325	2
-61.7745	68.7773	-0.00118952	-0.00100743	2
-61.7269	69.421	-0.00121699	-0.00101066	2
-61.6435	70.0595	-0.00124439	-0.0010129	2
-61.5233	70.6928	-0.0012717	-0.00101412	2
-61.3656	71.3209	-0.0012989	-0.00101431	2
-61.1696	71.9437	-0.00132599	-0.00101343	2
-60.9342	72.5611	-0.00135294	-0.00101145	2
-60.6588	73.1732	-0.00137975	-0.00100835	2
-60.3423	73.7798	-0.0014064	-0.0010041	2
-59.9841	74.381	-0.00143288	-0.000998675	2
-59.5832	74.9766	-0.00145917	-0.000992044	2
-59.1388	75.5667	-0.00148527	-0.000984181	2
-58.65	76.1511	-0.00151115	-0.00097506	2
-58.1223	76.7232	-0.0015365	-0.000964779	2
-57.5427	77.2964	-0.00156192	-0.000953073	2
-56.9162	77.8637	-0.00158708	-0.000940027	2
-56.2419	78.4253	-0.00161197	-0.000925612	2

24.9986	2.01128	-3.83494e-07	5.46748e-08	2
24.8695	2.97348	-3.28421e-05	4.41407e-06	2
24.7129	3.93085	-6.46456e-05	8.13896e-06	2
24.5309	4.8724	-9.54368e-05	1.11808e-05	2
24.3264	5.78785	-0.000124905	1.35223e-05	2
24.0951	6.69878	-0.000153761	1.52241e-05	2
23.8399	7.59474	-0.000181683	1.62611e-05	2
23.5612	8.47601	-0.000208698	1.66395e-05	2
23.2596	9.34288	-0.000234831	1.63654e-05	2
22.9355	10.1956	-0.000260109	1.54449e-05	2
22.5894	11.0346	-0.000284558	1.38842e-05	2
22.2219	11.8599	-0.000308205	1.16893e-05	2
21.8335	12.672	-0.000331075	8.86638e-06	2
21.4246	13.4712	-0.000353194	5.4216e-06	2
20.9958	14.2576	-0.00037459	1.36106e-06	2
20.5476	15.0317	-0.000395288	-3.30911e-06	2
20.0805	15.7936	-0.000415314	-8.5828e-06	2
19.595	16.5437	-0.000434695	-1.44539e-05	2
19.0916	17.2822	-0.000453457	-2.09162e-05	2
18.5709	18.0095	-0.000471626	-2.79637e-05	2
18.0332	18.7257	-0.000489229	-3.55902e-05	2
17.4792	19.4313	-0.000506291	-4.37896e-05	2
16.9093	20.1265	-0.000522839	-5.25557e-05	2
16.3241	20.8116	-0.000538899	-6.18825e-05	2
15.7241	21.4868	-0.000554498	-7.17638e-05	2
15.1097	22.1524	-0.000569661	-8.21935e-05	2
14.4887	22.8013	-0.000584248	-9.30363e-05	2
13.8473	23.4488	-0.000598623	-0.000104538	2
13.1931	24.0876	-0.000612642	-0.00011657	2
12.5266	24.718	-0.000626329	-0.000129126	2
11.8482	25.3402	-0.000639712	-0.0001422	2
11.1586	25.9546	-0.000652817	-0.000155786	2
10.4582	26.5614	-0.00066567	-0.000169877	2
9.74744	27.161	-0.000678297	-0.000184468	2
9.02696	27.7536	-0.000690724	-0.000199552	2
8.29721	28.3394	-0.000702978	-0.000215123	2
7.5587	28.9188	-0.000715085	-0.000231175	2
6.81193	29.4921	-0.000727071	-0.000247703	2
6.05743	30.0596	-0.000738963	-0.000264699	2
5.29568	30.6214	-0.000750786	-0.000282158	2
4.52721	31.178	-0.000762567	-0.000300073	2
3.75251	31.7296	-0.000774332	-0.000318439	2
2.9721	32.2765	-0.000786107	-0.00033725	2
2.18648	32.8189	-0.000797919	-0.000356498	2
1.39617	33.3572	-0.000809794	-0.000376179	2
0.60166	33.8917	-0.000821758	-0.000396285	2
-0.196533	34.4225	-0.000833837	-0.000416812	2
-0.997902	34.9501	-0.000846057	-0.000437752	2
-1.80194	35.4747	-0.000858445	-0.0004591	2
-2.59886	35.9906	-0.000870882	-0.000480597	2
-3.4067	36.5101	-0.000883681	-0.000502737	2
-4.21569	37.0274	-0.000896727	-0.000525267	2
-5.02532	37.5428	-0.000910046	-0.000548179	2
-5.8351	38.0567	-0.000923662	-0.000571469	2
-6.6445	38.5692	-0.000937604	-0.00059513	2
-7.45302	39.0808	-0.000951897	-0.000619155	2
-8.26016	39.5916	-0.000966567	-0.000643539	2
-9.06541	40.102	-0.000981641	-0.000668276	2
-9.86825	40.6122	-0.000997145	-0.000693359	2
-10.6682	41.1226	-0.0010131	-0.000718782	2
-11.4647	41.6334	-0.00102955	-0.00074454	2
-12.2573	42.1449	-0.0010465	-0.000770626	2
-13.0455	42.6573	-0.00106398	-0.000797033	2
-13.8287	43.1711	-0.00108203	-0.000823757	2
-14.6065	43.6864	-0.00110066	-0.00085079	2
-15.3783	44.2035	-0.00111991	-0.000878127	2
-16.1437	44.7228	-0.00113979	-0.000905761	2
-16.9021	45.2444	-0.00116035	-0.000933686	2
-17.653	45.7688	-0.00118159	-0.000961897	2
-18.396	46.2961	-0.00120355	-0.000990387	2
-19.1304	46.8267	-0.00122626	-0.00101915	2
-19.8559	47.3609	-0.00124974	-0.00104818	2
-20.5718	47.8989	-0.00127402	-0.00107747	2
-21.2697	48.4348	-0.00129882	-0.00110667	2
-21.9652	48.9812	-0.00132476	-0.00113646	2
-22.6497	49.5324	-0.00135158	-0.0011665	2
-23.3227	50.0885	-0.00137929	-0.00119676	2
-23.9837	50.6499	-0.00140794	-0.00122726	2
-24.6321	51.2168	-0.00143753	-0.00125799	2
-25.2674	51.7896	-0.00146811	-0.00128893	2
-25.8892	52.3685	-0.0014997	-0.00132008	2
-26.4969	52.9537	-0.00153232	-0.00135144	2
-27.0901	53.5457	-0.00156599	-0.001383	2
-27.6681	54.1446	-0.00160076	-0.00141475	2
-28.2306	54.7508	-0.00163663	-0.00144669	2
-28.777	55.3645	-0.00167364	-0.00147881	2
-29.3067	55.986	-0.00171182	-0.0015111	2
-29.8194	56.6157	-0.00175119	-0.00154357	2
-30.3144	57.2537	-0.00179177	-0.00157619	2
-30.7913	57.9004	-0.0018336	-0.00160898	2
-31.2496	58.5561	-0.00187669	-0.00164191	2
-31.6887	59.221	-0.00192108	-0.00167499	2
-32.1082	59.8955	-0.0019668	-0.00170821	2
-32.5075	60.5798	-0.00201386	-0.00174155	2
-32.8861	61.2741	-0.00206229	-0.00177503	2
-33.2436	61.9789	-0.00211213	-0.00180862	2
-33.5757	62.6861	-0.00216279	-0.00184194	2
-33.8895	63.4124	-0.00221549	-0.00187576	2
-34.1807	64.1499	-0.00226966	-0.00190967	2
-34.4487	64.8989	-0.00232534	-0.00194369	2

74.9994	2.01129	-1.48297e-07	-3.73963e-07	2
74.9384	2.97917	-1.11236e-05	-3.13134e-05	2
74.8619	3.95231	-1.86857e-05	-6.01834e-05	2
74.7708	4.91953	-2.27407e-05	-8.66522e-05	2
74.6665	5.8699	-2.33556e-05	-0.000110498	2
74.5469	6.8256	-2.05989e-05	-0.000132317	2
74.4134	7.77565	-1.44981e-05	-0.00015186	2
74.2662	8.72014	-5.10777e-06	-0.00016917	2
74.1055	9.65916	7.51756e-06	-0.000184288	2
73.9317	10.5928	2.33234e-05	-0.000197257	2
73.745	11.5212	4.22551e-05	-0.000208118	2
73.5456	12.4443	6.42582e-05	-0.000216914	2
73.3337	13.3624	8.92781e-05	-0.000223687	2
73.1097	14.2755	0.00011726	-0.000228479	2
72.8737	15.1836	0.00014815	-0.000231332	2
72.626	16.0869	0.000181894	-0.000232287	2
72.3669	16.9855	0.000218436	-0.000231388	2
72.0966	17.8794	0.000257722	-0.000228676	2
71.8153	18.7688	0.000299698	-0.000224192	2
71.5234	19.6538	0.000344309	-0.00021798	2
71.2209	20.5343	0.0003915	-0.000210082	2
70.9083	21.4106	0.000441218	-0.000200538	2
70.5857	22.2828	0.000493406	-0.000189392	2
70.2534	23.1508	0.000548012	-0.000176686	2
69.9117	24.0148	0.000604981	-0.00016246	2
69.5607	24.8749	0.000664257	-0.000146759	2
69.205	25.7214	0.000725067	-0.000129828	2
68.8365	26.5741	0.00078877	-0.000111315	2
68.4595	27.4231	0.000854619	-9.14518e-05	2
68.0742	28.2686	0.000922557	-7.02797e-05	2
67.681	29.1106	0.000992532	-4.7841e-05	2
67.2801	29.9492	0.00106449	-2.41778e-05	2
66.8717	30.7847	0.00113837	6.68044e-07	2
66.4561	31.6169	0.00121413	2.66543e-05	2
66.0334	32.4461	0.0012917	5.3739e-05	2
65.6041	33.2722	0.00137103	8.188e-05	2
65.1682	34.0955	0.00145208	0.000111035	2
64.7262	34.916	0.00153478	0.000141163	2
64.2781	35.7338	0.00161907	0.000172221	2
63.8243	36.5489	0.00170492	0.000204166	2
63.365	37.3615	0.00179225	0.000236958	2
62.9004	38.1717	0.00188102	0.000270554	2
62.4309	38.9796	0.00197117	0.000304912	2
61.9566	39.7852	0.00206265	0.00033999	2
61.4778	40.5886	0.0021554	0.000375745	2
60.9947	41.39	0.00224937	0.000412136	2
60.5076	42.1894	0.0023445	0.000449121	2
60.0168	42.9869	0.00244074	0.000486658	2
59.5225	43.7827	0.00253803	0.000524704	2
59.0307	44.5676	0.00263519	0.000562773	2
58.5301	45.36	0.00273442	0.000601707	2
58.0267	46.151	0.00283454	0.000641026	2
57.5209	46.9405	0.00293549	0.000680686	2
57.0128	47.7287	0.00303723	0.000720646	2
56.5026	48.5156	0.0031397	0.000760863	2
55.9907	49.3014	0.00324283	0.000801297	2
55.4772	50.0861	0.00334659	0.000841904	2
54.9625	50.8699	0.00345091	0.000882642	2
54.4467	51.6528	0.00355574	0.00092347	2
53.9302	52.435	0.00366103	0.000964345	2
53.4131	53.2164	0.00376671	0.00100523	2
52.8957	53.9972	0.00387275	0.00104607	2
52.3783	54.7776	0.00397907	0.00108684	2
51.8611	55.5575	0.00408563	0.00112748	2
51.3443	56.3371	0.00419237	0.00116796	2
50.8283	57.1165	0.00429924	0.00120824	2
50.3132	57.8958	0.00440618	0.00124827	2
49.7993	58.675	0.00451315	0.00128801	2
49.2869	59.4543	0.00462007	0.00132742	2
48.7761	60.2337	0.00472691	0.00136645	2
48.2673	61.0133	0.0048336	0.00140507	2
47.7607	61.7933	0.00494009	0.00144324	2
47.2565	62.5736	0.00504633	0.0014809	2
46.7608	63.3456	0.00515104	0.0015176	2
46.2622	64.127	0.00525661	0.00155415	2
45.7668	64.9092	0.00536176	0.00159007	2
45.2749	65.6922	0.00546644	0.00162532	2
44.7866	66.476	0.0055706	0.00165987	2
44.3022	67.2608	0.00567417	0.00169366	2
43.8221	68.0467	0.00577711	0.00172666	2
43.3463	68.8337	0.00587936	0.00175883	2
42.8752	69.622	0.00598086	0.00179011	2
42.409	70.4116	0.00608157	0.00182048	2
41.948	71.2026	0.00618142	0.00184989	2
41.4924	71.9951	0.00628037	0.00187829	2
41.0425	72.7893	0.00637835	0.00190565	2
40.5985	73.5852	0.00647532	0.00193192	2
40.1606	74.3828	0.00657121	0.00195706	2
39.7292	75.1824	0.00666598	0.00198103	2
39.3044	75.9839	0.00675957	0.00200378	2
38.8865	76.7875	0.00685192	0.00202528	2
38.4758	77.5933	0.00694298	0.00204548	2
38.0724	78.4013	0.0070327	0.00206434	2
37.6767	79.2117	0.00712102	0.00208182	2
37.2889	80.0245	0.00720789	0.00209787	2
36.9093	80.8399	0.00729325	0.00211246	2
36.5422	81.6484	0.00737609	0.0021254	2
36.1795	82.4691	0.00745829	0.00213695	2
35.8256	83.2925	0.00753882	0.0021469	2
35.4809	84.1189	0.00761762	0.00215522	2

125	2.01258	4.75535e-07	-4.36426e-08	2
125.025	3.08819	4.20849e-05	-4.806e-06	2
125.068	4.16457	8.55939e-05	-1.16376e-05	2
125.128	5.22923	0.000130498	-2.04708e-05	2
125.203	6.27026	0.000176229	-3.1146e-05	2
125.296	7.31197	0.000223822	-4.38875e-05	2
125.406	8.34229	0.000272725	-5.85584e-05	2
125.532	9.36132	0.000322907	-7.51346e-05	2
125.673	10.3692	0.000374341	-9.35919e-05	2
125.831	11.366	0.000426997	-0.000113906	2
126.005	12.3518	0.000480847	-0.000136053	2
126.193	13.3268	0.000535861	-0.000160009	2
126.397	14.291	0.000592012	-0.00018575	2
126.616	15.2446	0.00064927	-0.000213251	2
126.85	16.1876	0.000707606	-0.000242488	2
127.099	17.1202	0.000766991	-0.000273437	2
127.362	18.0425	0.000827397	-0.000306075	2
127.639	18.9546	0.000888794	-0.000340376	2
127.93	19.8566	0.000951155	-0.000376318	2
128.234	20.7485	0.00101445	-0.000413875	2
128.553	21.6306	0.00107865	-0.000453023	2
128.884	22.5029	0.00114372	-0.000493739	2
129.229	23.3655	0.00120965	-0.000535998	2
129.587	24.2185	0.00127639	-0.000579776	2
129.957	25.062	0.00134392	-0.000625049	2
130.34	25.8962	0.00141221	-0.000671794	2
130.73	26.7117	0.00148044	-0.000719422	2
131.138	27.5276	0.00155016	-0.000769019	2
131.557	28.3344	0.00162056	-0.000820015	2
131.987	29.1323	0.0016916	-0.000872386	2
132.43	29.9214	0.00176325	-0.000926107	2
132.883	30.7017	0.0018355	-0.000981154	2
133.347	31.4734	0.0019083	-0.0010375	2
133.823	32.2366	0.00198164	-0.00109513	2
134.309	32.9914	0.00205548	-0.00115401	2
134.805	33.7379	0.00212979	-0.00121412	2
135.311	34.4762	0.00220454	-0.00127544	2
135.828	35.2065	0.00227971	-0.00133794	2
136.354	35.9287	0.00235526	-0.0014016	2
136.89	36.6431	0.00243117	-0.00146638	2
137.436	37.3497	0.00250742	-0.00153228	2
137.99	38.0486	0.00258396	-0.00159927	2
138.553	38.74	0.00266077	-0.00166731	2
139.126	39.4239	0.00273782	-0.00173639	2
139.706	40.1005	0.00281508	-0.00180648	2
140.295	40.7699	0.00289253	-0.00187757	2
140.892	41.4321	0.00297014	-0.00194961	2
141.498	42.0873	0.00304787	-0.0020226	2
142.11	42.7356	0.0031257	-0.0020965	2
142.723	43.3698	0.0032027	-0.00217043	2
143.351	44.0046	0.00328064	-0.00224608	2
143.985	44.6329	0.00335859	-0.00232258	2
144.627	45.2547	0.00343652	-0.00239989	2
145.275	45.8701	0.00351441	-0.00247801	2
145.929	46.4792	0.00359222	-0.00255689	2
146.59	47.0822	0.00366993	-0.00263652	2
147.257	47.679	0.0037475	-0.00271687	2
147.929	48.27	0.00382491	-0.00279793	2
148.607	48.8551	0.00390214	-0.00287966	2
149.291	49.4344	0.00397914	-0.00296203	2
149.98	50.0081	0.00405589	-0.00304504	2
150.674	50.5763	0.00413237	-0.00312865	2
151.372	51.139	0.00420854	-0.00321283	2
152.075	51.6964	0.00428438	-0.00329758	2
152.783	52.2487	0.00435985	-0.00338285	2
153.494	52.7958	0.00443493	-0.00346862	2
154.21	53.3379	0.00450959	-0.00355488	2
154.929	53.8751	0.0045838	-0.0036416	2
155.652	54.4075	0.00465753	-0.00372875	2
156.378	54.9353	0.00473075	-0.00381631	2
157.107	55.4585	0.00480344	-0.00390426	2
157.84	55.9772	0.00487556	-0.00399256	2
158.574	56.4916	0.00494708	-0.00408121	2
159.303	56.9959	0.00501717	-0.00416914	2
160.043	57.5019	0.00508743	-0.00425838	2
160.784	58.0039	0.00515701	-0.00434789	2
161.528	58.5019	0.00522588	-0.00443764	2
162.273	58.9961	0.00529401	-0.0045276	2
163.019	59.4866	0.00536137	-0.00461776	2
163.767	59.9735	0.00542793	-0.00470809	2
164.516	60.4569	0.00549368	-0.00479856	2
165.266	60.9369	0.00555856	-0.00488915	2
166.016	61.4135	0.00562257	-0.00497983	2
166.766	61.887	0.00568566	-0.00507059	2
167.517	62.3575	0.00574781	-0.0051614	2
168.268	62.8249	0.005809	-0.00525223	2
169.018	63.2895	0.00586918	-0.00534306	2
169.768	63.7513	0.00592834	-0.00543386	2
170.518	64.2104	0.00598645	-0.00552462	2
171.266	64.667	0.00604347	-0.0056153	2
172.014	65.1212	0.00609937	-0.00570589	2
172.76	65.573	0.00615414	-0.00579635	2
173.504	66.0226	0.00620773	-0.00588667	2
174.247	66.4701	0.00626012	-0.00597682	2
174.989	66.9156	0.00631128	-0.00606678	2
175.727	67.3591	0.00636119	-0.00615652	2
176.456	67.7958	0.00640926	-0.00624499	2
177.19	68.2359	0.00645658	-0.00633423	2
177.921	68.6744	0.00650255	-0.00642317	2
178.649	69.1114	0.00654716	-0.0065118	2

