-125	2.01025	5.06426e-07	3.38348e-08	2
-125.051	2.89276	4.26728e-05	2.5751e-06	2
-125.13	3.78722	8.25689e-05	4.41625e-06	2
-125.238	4.68328	0.000119731	5.54108e-06	2
-125.371	5.57048	0.00015382	5.96621e-06	2
-125.531	6.46936	0.000185672	5.71898e-06	2
-125.718	7.36949	0.000214917	4.80807e-06	2
-125.929	8.27075	0.000241597	3.25111e-06	2
-126.165	9.17305	0.000265755	1.06572e-06	2
-126.424	10.0762	0.000287434	-1.73049e-06	2
-126.705	10.9803	0.000306676	-5.11989e-06	2
-127.008	11.8849	0.000323524	-9.08487e-06	2
-127.333	12.7902	0.000338021	-1.36078e-05	2
-127.677	13.6959	0.000350208	-1.86711e-05	2
-128.042	14.602	0.000360128	-2.42571e-05	2
-128.425	15.5083	0.000367825	-3.03482e-05	2
-128.826	16.4147	0.00037334	-3.69268e-05	2
-129.244	17.3211	0.000376716	-4.39752e-05	2
-129.679	18.2275	0.000377995	-5.14759e-05	2
-130.13	19.1336	0.000377221	-5.94112e-05	2
-130.596	20.0393	0.000374435	-6.77636e-05	2
-131.076	20.9447	0.000369681	-7.65153e-05	2
-131.569	21.8494	0.000363	-8.56488e-05	2
-132.076	22.7535	0.000354436	-9.51464e-05	2
-132.594	23.6568	0.00034403	-0.000104991	2
-133.123	24.5592	0.000331826	-0.000115164	2
-133.657	25.4503	0.000318036	-0.000125526	2
-134.206	26.3506	0.000302382	-0.000136301	2
-134.764	27.2496	0.000285056	-0.000147352	2
-135.331	28.1473	0.000266101	-0.000158661	2
-135.904	29.0436	0.00024556	-0.000170212	2
-136.485	29.9382	0.000223475	-0.000181986	2
-137.071	30.8312	0.000199889	-0.000193966	2
-137.663	31.7224	0.000174844	-0.000206134	2
-138.259	32.6117	0.000148383	-0.000218473	2
-138.858	33.4989	0.000120548	-0.000230964	2
-139.46	34.384	9.13819e-05	-0.000243591	2
-140.065	35.2668	6.09274e-05	-0.000256336	2
-140.67	36.1473	2.92268e-05	-0.00026918	2
-141.276	37.0253	-3.67715e-06	-0.000282107	2
-141.882	37.9007	-3.77421e-05	-0.000295099	2
-142.487	38.7734	-7.29254e-05	-0.000308138	2
-143.091	39.6433	-0.000109185	-0.000321207	2
-143.691	40.5102	-0.000146477	-0.000334288	2
-144.289	41.3741	-0.00018476	-0.000347363	2
-144.882	42.2348	-0.000223992	-0.000360414	2
-145.471	43.0923	-0.000264129	-0.000373425	2
-146.054	43.9464	-0.000305129	-0.000386378	2
-146.631	44.797	-0.000346949	-0.000399254	2
-147.194	45.6342	-0.000389054	-0.00041189	2
-147.756	46.4775	-0.00043238	-0.000424563	2
-148.31	47.317	-0.0004764	-0.000437107	2
-148.854	48.1525	-0.00052107	-0.000449504	2
-149.388	48.9839	-0.000566349	-0.000461738	2
-149.911	49.8112	-0.000612193	-0.000473789	2
-150.423	50.6342	-0.000658561	-0.000485642	2
-150.922	51.4527	-0.000705409	-0.000497278	2
-151.408	52.2668	-0.000752696	-0.000508679	2
-151.88	53.0762	-0.000800378	-0.000519828	2
-152.338	53.8809	-0.000848413	-0.000530707	2
-152.78	54.6807	-0.000896759	-0.000541299	2
-153.205	55.4756	-0.000945373	-0.000551586	2
-153.614	56.2654	-0.000994212	-0.000561551	2
-154.005	57.05	-0.00104323	-0.000571175	2
-154.378	57.8293	-0.0010924	-0.000580442	2
-154.732	58.6031	-0.00114166	-0.000589333	2
-155.065	59.3715	-0.00119097	-0.000597831	2
-155.378	60.1342	-0.0012403	-0.000605918	2
-155.669	60.8911	-0.0012896	-0.000613577	2
-155.938	61.6422	-0.00133882	-0.00062079	2
-156.184	62.3872	-0.00138793	-0.00062754	2
-156.406	63.1262	-0.00143689	-0.000633808	2
-156.603	63.859	-0.00148564	-0.000639578	2
-156.773	64.5771	-0.0015336	-0.000644774	2
-156.92	65.2971	-0.00158183	-0.000649499	2
-157.039	66.0107	-0.00162973	-0.000653674	2
-157.131	66.7175	-0.00167726	-0.000657279	2
-157.195	67.4176	-0.00172438	-0.000660297	2
-157.229	68.1108	-0.00177105	-0.000662711	2
-157.234	68.797	-0.00181721	-0.000664503	2
-157.208	69.4761	-0.00186284	-0.000665656	2
-157.15	70.1479	-0.00190789	-0.000666152	2
-157.061	70.8124	-0.00195231	-0.000665973	2
-156.938	71.4695	-0.00199606	-0.000665101	2
-156.782	72.119	-0.0020391	-0.00066352	2
-156.591	72.7608	-0.0020814	-0.000661211	2
-156.365	73.3948	-0.00212289	-0.000658156	2
-156.103	74.0209	-0.00216355	-0.000654339	2
-155.804	74.639	-0.00220333	-0.000649742	2
-155.468	75.2489	-0.00224218	-0.000644346	2
-155.094	75.8506	-0.00228007	-0.000638134	2
-154.68	76.4439	-0.00231695	-0.00063109	2
-154.227	77.0288	-0.00235278	-0.000623194	2
-153.733	77.6051	-0.00238752	-0.00061443	2
-153.198	78.1727	-0.00242112	-0.000604779	2
-152.621	78.7314	-0.00245355	-0.000594225	2
-152.008	79.275	-0.0024844	-0.000582887	2
-151.345	79.8159	-0.00251435	-0.000570483	2
-150.638	80.3477	-0.002543	-0.000557123	2
-149.885	80.8702	-0.00257031	-0.000542788	2

-75.0007	2.01153	-4.91004e-08	-1.72551e-07	2
-75.0749	2.99541	-4.04855e-06	-1.49599e-05	2
-75.1781	3.97544	-7.66026e-06	-2.98172e-05	2
-75.3091	4.94037	-1.08573e-05	-4.4576e-05	2
-75.4652	5.87964	-1.36318e-05	-5.90723e-05	2
-75.6495	6.81539	-1.60702e-05	-7.36475e-05	2
-75.8598	7.7369	-1.81602e-05	-8.81364e-05	2
-76.0955	8.64445	-1.99241e-05	-0.000102543	2
-76.356	9.53833	-2.1384e-05	-0.000116872	2
-76.6407	10.4188	-2.25621e-05	-0.000131127	2
-76.949	11.2862	-2.34806e-05	-0.000145313	2
-77.2805	12.1408	-2.41616e-05	-0.000159432	2
-77.6344	12.9829	-2.46275e-05	-0.00017349	2
-78.0101	13.8127	-2.49002e-05	-0.000187491	2
-78.4072	14.6306	-2.50021e-05	-0.000201439	2
-78.825	15.4368	-2.49554e-05	-0.000215337	2
-79.263	16.2317	-2.47821e-05	-0.00022919	2
-79.7205	17.0154	-2.45046e-05	-0.000243003	2
-80.197	17.7884	-2.41449e-05	-0.000256778	2
-80.6919	18.5508	-2.37253e-05	-0.000270521	2
-81.2046	19.303	-2.32679e-05	-0.000284235	2
-81.7345	20.0453	-2.2795e-05	-0.000297925	2
-82.281	20.7779	-2.23287e-05	-0.000311595	2
-82.8437	21.5011	-2.18913e-05	-0.000325248	2
-83.4217	22.2152	-2.15048e-05	-0.000338889	2
-84.0147	22.9206	-2.11916e-05	-0.000352522	2
-84.615	23.6095	-2.09755e-05	-0.000365995	2
-85.2358	24.2982	-2.08737e-05	-0.000379624	2
-85.8698	24.9789	-2.09114e-05	-0.000393258	2
-86.5164	25.6521	-2.11108e-05	-0.0004069	2
-87.175	26.3178	-2.1494e-05	-0.000420555	2
-87.8449	26.9765	-2.20833e-05	-0.000434227	2
-88.5257	27.6284	-2.29009e-05	-0.000447919	2
-89.2167	28.2737	-2.39688e-05	-0.000461636	2
-89.9174	28.9129	-2.53094e-05	-0.000475382	2
-90.6271	29.5461	-2.69448e-05	-0.000489161	2
-91.3453	30.1737	-2.88972e-05	-0.000502977	2
-92.0715	30.7959	-3.11887e-05	-0.000516835	2
-92.8049	31.413	-3.38416e-05	-0.000530738	2
-93.5451	32.0254	-3.68781e-05	-0.000544691	2
-94.2914	32.6332	-4.03203e-05	-0.000558697	2
-95.0433	33.2369	-4.41904e-05	-0.000572762	2
-95.8001	33.8366	-4.85107e-05	-0.000586888	2
-96.5614	34.4327	-5.33032e-05	-0.00060108	2
-97.3265	35.0254	-5.85902e-05	-0.000615343	2
-98.0948	35.615	-6.43939e-05	-0.000629679	2
-98.8658	36.2019	-7.07364e-05	-0.000644094	2
-99.6388	36.7863	-7.764e-05	-0.000658592	2
-100.413	37.3685	-8.51268e-05	-0.000673176	2
-101.18	37.9421	-9.31225e-05	-0.000687682	2
-101.956	38.5207	-0.000101835	-0.00070245	2
-102.731	39.098	-0.000111197	-0.000717318	2
-103.506	39.6742	-0.000121231	-0.000732289	2
-104.279	40.2497	-0.000131958	-0.000747366	2
-105.05	40.8246	-0.000143402	-0.000762555	2
-105.819	41.3994	-0.000155584	-0.00077786	2
-106.584	41.9742	-0.000168527	-0.000793284	2
-107.346	42.5495	-0.000182252	-0.000808831	2
-108.103	43.1253	-0.000196782	-0.000824507	2
-108.856	43.7021	-0.000212139	-0.000840314	2
-109.603	44.2802	-0.000228345	-0.000856257	2
-110.343	44.8597	-0.000245423	-0.00087234	2
-111.078	45.4411	-0.000263394	-0.000888567	2
-111.804	46.0246	-0.000282281	-0.000904943	2
-112.523	46.6104	-0.000302106	-0.000921471	2
-113.234	47.1989	-0.000322891	-0.000938156	2
-113.936	47.7903	-0.000344658	-0.000955001	2
-114.628	48.385	-0.00036743	-0.000972011	2
-115.31	48.9832	-0.000391229	-0.00098919	2
-115.981	49.5852	-0.000416077	-0.00100654	2
-116.641	50.1914	-0.000441995	-0.00102407	2
-117.288	50.8019	-0.000469007	-0.00104178	2
-117.924	51.417	-0.000497135	-0.00105968	2
-118.539	52.03	-0.000526057	-0.00107755	2
-119.148	52.6553	-0.000556468	-0.00109583	2
-119.742	53.2861	-0.000588061	-0.0011143	2
-120.322	53.9228	-0.000620858	-0.00113298	2
-120.886	54.5655	-0.000654882	-0.00115186	2
-121.434	55.2147	-0.000690153	-0.00117095	2
-121.966	55.8705	-0.000726695	-0.00119026	2
-122.48	56.5333	-0.00076453	-0.00120978	2
-122.977	57.2033	-0.00080368	-0.00122953	2
-123.455	57.8808	-0.000844166	-0.0012495	2
-123.915	58.5662	-0.000886012	-0.00126971	2
-124.355	59.2597	-0.00092924	-0.00129015	2
-124.775	59.9616	-0.000973871	-0.00131082	2
-125.174	60.6721	-0.00101993	-0.00133174	2
-125.552	61.3917	-0.00106743	-0.00135291	2
-125.908	62.1204	-0.00111641	-0.00137433	2
-126.242	62.8587	-0.00116687	-0.001396	2
-126.553	63.6069	-0.00121886	-0.00141793	2
-126.84	64.3652	-0.00127238	-0.00144013	2
-127.103	65.1338	-0.00132745	-0.0014626	2
-127.341	65.9132	-0.00138411	-0.00148533	2
-127.554	66.7035	-0.00144237	-0.00150834	2
-127.741	67.5051	-0.00150226	-0.00153163	2
-127.9	68.3088	-0.00156308	-0.00155494	2
-128.034	69.1336	-0.00162627	-0.0015788	2
-128.14	69.9706	-0.00169114	-0.00160295	2
-128.218	70.8199	-0.00175774	-0.0016274	2

-25.0013	2.01272	4.99207e-07	-4.70844e-07	2
-25.1199	3.09936	4.39645e-05	-3.94988e-05	2
-25.2621	4.18388	8.89945e-05	-7.60677e-05	2
-25.4261	5.25382	0.000135069	-0.000109757	2
-25.6093	6.29736	0.00018162	-0.00014028	2
-25.8156	7.33902	0.000229709	-0.000168394	2
-26.0426	8.36683	0.000278779	-0.000193781	2
-26.29	9.38102	0.000328811	-0.00021649	2
-26.5574	10.3818	0.000379782	-0.000236572	2
-26.8445	11.3695	0.000431671	-0.000254078	2
-27.1508	12.3444	0.000484459	-0.000269059	2
-27.476	13.3066	0.000538123	-0.000281564	2
-27.8197	14.2564	0.000592643	-0.000291645	2
-28.1816	15.194	0.000647997	-0.000299352	2
-28.5613	16.1198	0.000704165	-0.000304737	2
-28.9584	17.0339	0.000761126	-0.000307848	2
-29.3726	17.9365	0.000818859	-0.000308737	2
-29.8035	18.8281	0.000877343	-0.000307455	2
-30.2507	19.7086	0.000936556	-0.000304053	2
-30.7138	20.5786	0.000996478	-0.00029858	2
-31.1926	21.438	0.00105709	-0.000291087	2
-31.6866	22.2873	0.00111836	-0.000281626	2
-32.1954	23.1267	0.00118029	-0.000270246	2
-32.7187	23.9563	0.00124283	-0.000256998	2
-33.2561	24.7765	0.00130598	-0.000241933	2
-33.8073	25.5875	0.00136972	-0.000225102	2
-34.3653	26.3803	0.00143327	-0.000206777	2
-34.9427	27.1737	0.0014981	-0.000186583	2
-35.5328	27.9586	0.00156345	-0.000164774	2
-36.1352	28.7352	0.0016293	-0.0001414	2
-36.7495	29.5039	0.00169562	-0.000116512	2
-37.3753	30.2648	0.00176241	-9.01606e-05	2
-38.0123	31.0183	0.00182963	-6.23961e-05	2
-38.6602	31.7644	0.00189726	-3.32693e-05	2
-39.3184	32.5035	0.00196529	-2.83073e-06	2
-39.9868	33.2359	0.00203369	2.88689e-05	2
-40.6649	33.9618	0.00210245	6.17791e-05	2
-41.3523	34.6813	0.00217153	9.58492e-05	2
-42.0487	35.3948	0.00224092	0.000131029	2
-42.7537	36.1026	0.00231061	0.000167267	2
-43.4669	36.8048	0.00238056	0.000204513	2
-44.1881	37.5016	0.00245076	0.000242717	2
-44.9167	38.1934	0.00252118	0.000281827	2
-45.6524	38.8804	0.00259181	0.000321794	2
-46.395	39.5629	0.00266263	0.000362566	2
-47.1439	40.241	0.0027336	0.000404094	2
-47.8989	40.915	0.00280472	0.000446326	2
-48.6595	41.5852	0.00287596	0.000489212	2
-49.4254	42.2518	0.0029473	0.000532701	2
-50.1874	42.9074	0.0030179	0.000576234	2
-50.9628	43.5676	0.00308938	0.000620772	2
-51.7424	44.2249	0.00316089	0.000665763	2
-52.5258	44.8795	0.00323242	0.000711155	2
-53.3127	45.5319	0.00330394	0.000756898	2
-54.1027	46.182	0.00337544	0.000802941	2
-54.8954	46.8303	0.0034469	0.000849233	2
-55.6905	47.477	0.00351828	0.000895725	2
-56.4876	48.1222	0.00358958	0.000942365	2
-57.2863	48.7664	0.00366076	0.000989103	2
-58.0862	49.4096	0.00373182	0.00103589	2
-58.8871	50.0521	0.00380272	0.00108267	2
-59.6885	50.6942	0.00387346	0.0011294	2
-60.49	51.3361	0.00394399	0.00117602	2
-61.2913	51.9781	0.00401432	0.00122249	2
-62.0921	52.6205	0.0040844	0.00126875	2
-62.8919	53.2634	0.00415423	0.00131476	2
-63.6904	53.907	0.00422379	0.00136045	2
-64.4872	54.5518	0.00429304	0.0014058	2
-65.282	55.1978	0.00436198	0.00145073	2
-66.0743	55.8454	0.00443057	0.0014952	2
-66.8639	56.4947	0.0044988	0.00153917	2
-67.6503	57.1461	0.00456665	0.00158257	2
-68.4332	57.7997	0.0046341	0.00162537	2
-69.2033	58.4483	0.00470035	0.00166702	2
-69.9781	59.1072	0.00476693	0.00170845	2
-70.7483	59.769	0.00483305	0.00174911	2
-71.5135	60.4342	0.00489867	0.00178897	2
-72.2733	61.1028	0.00496379	0.00182796	2
-73.0275	61.7751	0.00502838	0.00186604	2
-73.7755	62.4514	0.00509242	0.00190315	2
-74.5171	63.132	0.00515589	0.00193925	2
-75.2519	63.817	0.00521876	0.00197429	2
-75.9794	64.5067	0.00528102	0.0020082	2
-76.6994	65.2014	0.00534265	0.00204095	2
-77.4115	65.9013	0.00540362	0.00207249	2
-78.1153	66.6066	0.00546391	0.00210275	2
-78.8105	67.3176	0.00552351	0.0021317	2
-79.4966	68.0345	0.00558239	0.00215928	2
-80.1733	68.7576	0.00564053	0.00218544	2
-80.8402	69.4872	0.00569791	0.00221013	2
-81.497	70.2234	0.00575451	0.00223329	2
-82.1434	70.9665	0.0058103	0.00225489	2
-82.7788	71.7168	0.00586528	0.00227486	2
-83.403	72.4744	0.0059194	0.00229316	2
-84.0156	73.2397	0.00597267	0.00230974	2
-84.6163	74.0129	0.00602504	0.00232454	2
-85.1979	74.7852	0.00607593	0.00233738	2
-85.7736	75.5748	0.00612648	0.00234851	2
-86.3363	76.3731	0.00617608	0.00235771	2
-86.8856	77.1802	0.00622471	0.00236493	2

24.998	2.01276	8.56052e-07	-3.39776e-08	2
24.8296	3.10719	7.4368e-05	-3.60659e-06	2
24.6748	4.20774	0.000148516	-8.52285e-06	2
24.5355	5.30172	0.000222445	-1.47389e-05	2
24.4128	6.37672	0.000295307	-2.21513e-05	2
24.3038	7.4578	0.000368798	-3.09227e-05	2
24.2098	8.53246	0.000442069	-4.09644e-05	2
24.1305	9.60077	0.000515119	-5.22665e-05	2
24.066	10.6628	0.000587949	-6.48191e-05	2
24.0159	11.7186	0.000660559	-7.86125e-05	2
23.9801	12.7681	0.000732948	-9.36367e-05	2
23.9585	13.8116	0.000805117	-0.000109882	2
23.9509	14.849	0.000877065	-0.000127338	2
23.9571	15.8803	0.000948792	-0.000145995	2
23.977	16.9057	0.0010203	-0.000165844	2
24.0104	17.9252	0.00109158	-0.000186874	2
24.0571	18.9389	0.00116265	-0.000209076	2
24.1169	19.9467	0.00123349	-0.00023244	2
24.1897	20.9488	0.00130411	-0.000256955	2
24.2754	21.9453	0.00137451	-0.000282613	2
24.3737	22.9361	0.00144469	-0.000309402	2
24.4845	23.9213	0.00151465	-0.000337314	2
24.6077	24.901	0.00158438	-0.000366338	2
24.743	25.8752	0.00165389	-0.000396465	2
24.8903	26.8441	0.00172319	-0.000427684	2
25.0494	27.8076	0.00179225	-0.000459986	2
25.2182	28.7548	0.00186031	-0.000492972	2
25.4004	29.7078	0.00192894	-0.000527397	2
25.5939	30.6556	0.00199734	-0.000562877	2
25.7985	31.5983	0.00206553	-0.000599399	2
26.0142	32.536	0.00213349	-0.000636955	2
26.2407	33.4686	0.00220123	-0.000675535	2
26.4779	34.3962	0.00226874	-0.000715129	2
26.7256	35.319	0.00233603	-0.000755726	2
26.9836	36.2369	0.0024031	-0.000797318	2
27.2518	37.15	0.00246995	-0.000839893	2
27.53	38.0584	0.00253657	-0.000883443	2
27.8181	38.9621	0.00260297	-0.000927958	2
28.1158	39.8612	0.00266915	-0.000973427	2
28.423	40.7557	0.0027351	-0.00101984	2
28.7396	41.6456	0.00280083	-0.00106719	2
29.0653	42.5312	0.00286634	-0.00111546	2
29.4001	43.4123	0.00293162	-0.00116465	2
29.7437	44.2891	0.00299668	-0.00121475	2
30.096	45.1615	0.00306152	-0.00126573	2
30.4568	46.0298	0.00312613	-0.00131761	2
30.8259	46.8939	0.00319051	-0.00137036	2
31.2032	47.7538	0.00325468	-0.00142398	2
31.5886	48.6097	0.00331861	-0.00147845	2
31.9772	49.4518	0.0033816	-0.00153313	2
32.378	50.2997	0.00344509	-0.00158927	2
32.7863	51.1438	0.00350836	-0.00164624	2
33.2019	51.984	0.0035714	-0.00170403	2
33.6247	52.8204	0.00363422	-0.00176262	2
34.0546	53.6531	0.00369681	-0.00182201	2
34.4913	54.4821	0.00375918	-0.00188219	2
34.9347	55.3074	0.00382132	-0.00194315	2
35.3846	56.1292	0.00388324	-0.00200487	2
35.8409	56.9475	0.00394494	-0.00206735	2
36.3034	57.7624	0.0040064	-0.00213057	2
36.7719	58.5738	0.00406765	-0.00219454	2
37.2462	59.3819	0.00412866	-0.00225923	2
37.7263	60.1867	0.00418945	-0.00232464	2
38.2118	60.9883	0.00425002	-0.00239076	2
38.7028	61.7867	0.00431036	-0.00245757	2
39.1989	62.5819	0.00437047	-0.00252508	2
39.7	63.3742	0.00443036	-0.00259326	2
40.2061	64.1633	0.00449002	-0.00266211	2
40.7168	64.9496	0.00454946	-0.00273162	2
41.232	65.7329	0.00460866	-0.00280178	2
41.7516	66.5134	0.00466765	-0.00287258	2
42.2754	67.2911	0.0047264	-0.002944	2
42.8033	68.0661	0.00478493	-0.00301605	2
43.3288	68.8296	0.00484257	-0.00308786	2
43.8642	69.5993	0.00490064	-0.00316111	2
44.4031	70.3664	0.0049585	-0.00323495	2
44.9454	71.1311	0.00501612	-0.00330936	2
45.4908	71.8933	0.00507352	-0.00338435	2
46.0393	72.653	0.00513069	-0.0034599	2
46.5907	73.4105	0.00518763	-0.00353599	2
47.1448	74.1656	0.00524434	-0.00361263	2
47.7015	74.9186	0.00530083	-0.0036898	2
48.2605	75.6693	0.00535709	-0.00376748	2
48.8217	76.418	0.00541313	-0.00384568	2
49.3849	77.1645	0.00546893	-0.00392438	2
49.9501	77.9091	0.00552451	-0.00400357	2
50.5169	78.6517	0.00557986	-0.00408324	2
51.0853	79.3924	0.00563498	-0.00416338	2
51.655	80.1313	0.00568987	-0.00424399	2
52.226	80.8684	0.00574453	-0.00432504	2
52.798	81.6037	0.00579897	-0.00440654	2
53.3709	82.3374	0.00585318	-0.00448847	2
53.9446	83.0695	0.00590715	-0.00457082	2
54.5187	83.8	0.0059609	-0.00465358	2
55.0933	84.529	0.00601443	-0.00473674	2
55.668	85.2566	0.00606772	-0.0048203	2
56.2362	85.9744	0.00612017	-0.00490327	2
56.8109	86.6992	0.00617301	-0.00498758	2
57.3854	87.4228	0.00622562	-0.00507225	2
57.9593	88.1451	0.006278	-0.00515727	2

74.9968	2.01281	-1.94617e-07	-2.8309e-07	2
74.7318	3.10654	-1.74508e-05	-2.34188e-05	2
74.4926	4.19717	-3.59352e-05	-4.44192e-05	2
74.2821	5.27209	-5.54278e-05	-6.30461e-05	2
74.1016	6.31936	-7.56625e-05	-7.917e-05	2
73.9468	7.36351	-9.70851e-05	-9.32103e-05	2
73.8195	8.39244	-0.00011944	-0.000105011	2
73.7192	9.40633	-0.000142703	-0.000114618	2
73.6458	10.4053	-0.000166849	-0.000122074	2
73.5986	11.3897	-0.000191851	-0.000127426	2
73.5775	12.3594	-0.000217685	-0.000130718	2
73.582	13.3149	-0.000244326	-0.000131994	2
73.6117	14.2561	-0.000271748	-0.000131301	2
73.6663	15.1833	-0.000299926	-0.000128682	2
73.7454	16.0967	-0.000328834	-0.000124183	2
73.8487	16.9964	-0.000358449	-0.000117848	2
73.9757	17.8825	-0.000388744	-0.000109723	2
74.126	18.7554	-0.000419693	-9.98511e-05	2
74.2994	19.6151	-0.000451273	-8.82788e-05	2
74.4954	20.4618	-0.000483457	-7.50503e-05	2
74.7137	21.2956	-0.000516221	-6.02106e-05	2
74.9538	22.1168	-0.000549538	-4.38046e-05	2
75.2155	22.9256	-0.000583384	-2.58771e-05	2
75.4983	23.722	-0.000617734	-6.47307e-06	2
75.8019	24.5063	-0.000652563	1.43627e-05	2
76.1258	25.2786	-0.000687844	3.65854e-05	2
76.4657	26.0304	-0.00072314	5.98717e-05	2
76.8292	26.7795	-0.000759247	8.47188e-05	2
77.2118	27.517	-0.000795732	0.000110819	2
77.6134	28.2433	-0.000832569	0.000138126	2
78.0336	28.9585	-0.000869733	0.000166597	2
78.4719	29.6627	-0.000907199	0.000196186	2
78.9279	30.3562	-0.000944942	0.000226848	2
79.4014	31.039	-0.000982936	0.000258538	2
79.8919	31.7114	-0.00102116	0.000291212	2
80.3991	32.3736	-0.00105958	0.000324825	2
80.9226	33.0256	-0.00109817	0.000359331	2
81.462	33.6678	-0.00113692	0.000394686	2
82.017	34.3002	-0.00117579	0.000430845	2
82.5871	34.923	-0.00121476	0.000467763	2
83.172	35.5364	-0.00125381	0.000505396	2
83.7714	36.1406	-0.00129291	0.000543698	2
84.3848	36.7357	-0.00133203	0.000582624	2
85.0119	37.3219	-0.00137115	0.00062213	2
85.6522	37.8994	-0.00141024	0.000662171	2
86.3056	38.4683	-0.00144928	0.000702702	2
86.9715	39.0289	-0.00148824	0.000743678	2
87.6495	39.5813	-0.0015271	0.000785054	2
88.3394	40.1256	-0.00156584	0.000826785	2
89.0326	40.6559	-0.00160398	0.000868341	2
89.7449	41.1847	-0.00164238	0.000910646	2
90.4679	41.706	-0.00168059	0.000953171	2
91.2012	42.22	-0.00171856	0.000995873	2
91.9444	42.7267	-0.00175628	0.00103871	2
92.6973	43.2265	-0.00179373	0.00108163	2
93.4593	43.7194	-0.00183087	0.00112459	2
94.2302	44.2056	-0.00186768	0.00116754	2
95.0095	44.6853	-0.00190413	0.00121045	2
95.7969	45.1587	-0.00194021	0.00125327	2
96.592	45.626	-0.00197588	0.00129595	2
97.3945	46.0872	-0.00201112	0.00133845	2
98.2039	46.5426	-0.0020459	0.00138072	2
99.02	46.9924	-0.00208021	0.00142271	2
99.8422	47.4367	-0.00211401	0.00146439	2
100.67	47.8757	-0.00214728	0.00150571	2
101.504	48.3095	-0.00217999	0.00154662	2
102.343	48.7384	-0.00221212	0.00158708	2
103.186	49.1625	-0.00224364	0.00162704	2
104.034	49.582	-0.00227453	0.00166646	2
104.885	49.997	-0.00230477	0.00170529	2
105.741	50.4077	-0.00233432	0.00174349	2
106.599	50.8143	-0.00236316	0.00178102	2
107.461	51.217	-0.00239127	0.00181782	2
108.315	51.6114	-0.00241831	0.00185345	2
109.181	52.0068	-0.00244489	0.00188868	2
110.049	52.3987	-0.00247066	0.00192306	2
110.918	52.7874	-0.0024956	0.00195655	2
111.788	53.1729	-0.00251967	0.00198908	2
112.659	53.5556	-0.00254286	0.00202063	2
113.53	53.9355	-0.00256515	0.00205114	2
114.401	54.3129	-0.00258649	0.00208057	2
115.271	54.6878	-0.00260688	0.00210888	2
116.14	55.0606	-0.00262628	0.00213601	2
117.009	55.4312	-0.00264467	0.00216194	2
117.875	55.8	-0.00266203	0.0021866	2
118.74	56.167	-0.00267832	0.00220996	2
119.603	56.5325	-0.00269353	0.00223197	2
120.462	56.8966	-0.00270763	0.00225259	2
121.319	57.2595	-0.00272059	0.00227177	2
122.172	57.6214	-0.00273238	0.00228946	2
123.021	57.9824	-0.002743	0.00230563	2
123.866	58.3427	-0.00275239	0.00232022	2
124.706	58.7025	-0.00276055	0.0023332	2
125.541	59.062	-0.00276745	0.00234451	2
126.372	59.4212	-0.00277306	0.00235412	2
127.196	59.7805	-0.00277735	0.00236197	2
128.005	60.1358	-0.00278028	0.00236796	2
128.817	60.4955	-0.00278189	0.00237219	2
129.622	60.8557	-0.00278211	0.00237454	2
130.419	61.2166	-0.00278091	0.00237495	2

124.994	2.01251	6.88642e-07	-3.73885e-07	2
124.516	3.08723	5.78137e-05	-3.13294e-05	2
124.051	4.17135	0.000111433	-6.02629e-05	2
123.603	5.25225	0.000160935	-8.6844e-05	2
123.178	6.31744	0.000205895	-0.000110851	2
122.766	7.39158	0.000247436	-0.000132884	2
122.372	8.46215	0.000285088	-0.000152696	2
121.995	9.52904	0.000318927	-0.00017033	2
121.637	10.5921	0.00034903	-0.00018583	2
121.296	11.6513	0.000375474	-0.000199239	2
120.972	12.7064	0.000398335	-0.000210602	2
120.666	13.7574	0.000417689	-0.000219961	2
120.377	14.8041	0.000433614	-0.000227361	2
120.106	15.8464	0.000446185	-0.000232846	2
119.851	16.8842	0.000455479	-0.000236458	2
119.614	17.9174	0.000461573	-0.000238243	2
119.394	18.9459	0.000464543	-0.000238243	2
119.192	19.9695	0.000464466	-0.000236502	2
119.006	20.9882	0.000461419	-0.000233064	2
118.836	22.0017	0.000455477	-0.000227973	2
118.684	23.0101	0.000446717	-0.000221272	2
118.549	24.0132	0.000435216	-0.000213005	2
118.43	25.0108	0.000421051	-0.000203216	2
118.328	26.0029	0.000404297	-0.000191949	2
118.242	26.9893	0.000385033	-0.000179247	2
118.173	27.9699	0.000363333	-0.000165154	2
118.12	28.9334	0.000339564	-0.000149898	2
118.083	29.9022	0.000313249	-0.000133169	2
118.063	30.8649	0.000284728	-0.000115179	2
118.058	31.8213	0.000254078	-9.5973e-05	2
118.07	32.7714	0.000221374	-7.55937e-05	2
118.098	33.7149	0.000186693	-5.40851e-05	2
118.141	34.6519	0.000150112	-3.1491e-05	2
118.201	35.5822	0.000111708	-7.85509e-06	2
118.276	36.5056	7.15563e-05	1.67789e-05	2
118.367	37.4221	2.97341e-05	4.23673e-05	2
118.474	38.3316	-1.36821e-05	6.88664e-05	2
118.596	39.2338	-5.86159e-05	9.62324e-05	2
118.734	40.1288	-0.000104991	0.000124422	2
118.887	41.0164	-0.00015273	0.00015339	2
119.056	41.8964	-0.000201757	0.000183095	2
119.24	42.7688	-0.000251996	0.000213492	2
119.439	43.6334	-0.000303369	0.000244537	2
119.653	44.4902	-0.000355801	0.000276186	2
119.882	45.339	-0.000409215	0.000308397	2
120.127	46.1796	-0.000463534	0.000341125	2
120.386	47.0121	-0.000518682	0.000374326	2
120.66	47.8362	-0.000574582	0.000407957	2
120.949	48.6518	-0.000631157	0.000441974	2
121.249	49.4497	-0.000687672	0.000475937	2
121.567	50.2482	-0.000745364	0.000510592	2
121.9	51.0379	-0.000803503	0.000545502	2
122.247	51.8187	-0.000862012	0.000580625	2
122.609	52.5904	-0.000920816	0.000615915	2
122.985	53.353	-0.000979837	0.000651329	2
123.375	54.1063	-0.001039	0.000686824	2
123.78	54.8502	-0.00109822	0.000722356	2
124.198	55.5847	-0.00115744	0.000757881	2
124.631	56.3095	-0.00121656	0.000793355	2
125.078	57.0245	-0.00127552	0.000828736	2
125.538	57.7298	-0.00133424	0.000863978	2
126.013	58.425	-0.00139264	0.000899038	2
126.501	59.1102	-0.00145065	0.000933873	2
127.003	59.7852	-0.00150818	0.000968439	2
127.519	60.4499	-0.00156517	0.00100269	2
128.048	61.1041	-0.00162153	0.00103659	2
128.591	61.7478	-0.00167719	0.00107008	2
129.147	62.3808	-0.00173207	0.00110314	2
129.716	63.003	-0.0017861	0.0011357	2
130.299	63.6144	-0.0018392	0.00116773	2
130.895	64.2147	-0.00189129	0.00119919	2
131.504	64.8039	-0.0019423	0.00123003	2
132.126	65.3819	-0.00199215	0.00126021	2
132.753	65.942	-0.00204021	0.00128934	2
133.401	66.4972	-0.00208752	0.00131807	2
134.062	67.0409	-0.00213344	0.001346	2
134.735	67.5728	-0.0021779	0.0013731	2
135.422	68.093	-0.00222082	0.00139932	2
136.12	68.6011	-0.00226212	0.00142461	2
136.832	69.0972	-0.00230172	0.00144894	2
137.556	69.5812	-0.00233956	0.00147225	2
138.292	70.0528	-0.00237554	0.00149451	2
139.04	70.5121	-0.0024096	0.00151567	2
139.801	70.9588	-0.00244166	0.00153569	2
140.574	71.3928	-0.00247164	0.00155451	2
141.359	71.8142	-0.00249947	0.00157211	2
142.157	72.2226	-0.00252507	0.00158844	2
142.966	72.618	-0.00254835	0.00160344	2
143.787	73.0004	-0.00256926	0.00161709	2
144.62	73.3695	-0.00258771	0.00162933	2
145.464	73.7253	-0.00260361	0.00164012	2
146.321	74.0676	-0.00261691	0.00164942	2
147.189	74.3964	-0.00262752	0.00165718	2
148.068	74.7115	-0.00263536	0.00166336	2
148.959	75.0127	-0.00264035	0.00166792	2
149.862	75.3001	-0.00264243	0.00167081	2
150.765	75.5703	-0.00264154	0.00167199	2
151.69	75.8296	-0.00263758	0.00167143	2
152.626	76.0747	-0.00263048	0.00166908	2
153.573	76.3054	-0.00262015	0.00166488	2

