-125.001	2.01127	-3.6739e-07	3.90314e-08	2
-125.126	2.97292	-3.14532e-05	3.07829e-06	2
-125.278	3.92983	-6.18924e-05	5.51782e-06	2
-125.455	4.87101	-9.13437e-05	7.32387e-06	2
-125.655	5.7862	-0.000119511	8.49176e-06	2
-125.882	6.69696	-0.000147076	9.05388e-06	2
-126.133	7.59285	-0.000173731	8.99833e-06	2
-126.408	8.47414	-0.000199502	8.3304e-06	2
-126.706	9.34112	-0.000224415	7.05539e-06	2
-127.026	10.1941	-0.000248497	5.17859e-06	2
-127.369	11.0333	-0.000271774	2.70527e-06	2
-127.733	11.8591	-0.000294272	-3.59256e-07	2
-128.118	12.6717	-0.000316016	-4.00972e-06	2
-128.524	13.4714	-0.000337034	-8.24082e-06	2
-128.949	14.2585	-0.000357351	-1.30473e-05	2
-129.394	15.0333	-0.000376993	-1.84238e-05	2
-129.859	15.796	-0.000395986	-2.43651e-05	2
-130.341	16.5471	-0.000414357	-3.08658e-05	2
-130.842	17.2866	-0.000432131	-3.79208e-05	2
-131.36	18.015	-0.000449336	-4.55247e-05	2
-131.895	18.7324	-0.000465996	-5.36721e-05	2
-132.447	19.4393	-0.000482138	-6.2358e-05	2
-133.014	20.1358	-0.000497788	-7.15768e-05	2
-133.597	20.8223	-0.000512973	-8.13234e-05	2
-134.195	21.499	-0.000527718	-9.15925e-05	2
-134.807	22.1663	-0.000542049	-0.000102379	2
-135.426	22.8168	-0.000555835	-0.000113544	2
-136.065	23.466	-0.000569421	-0.000125343	2
-136.717	24.1067	-0.000582673	-0.000137643	2
-137.382	24.7389	-0.000595614	-0.00015044	2
-138.058	25.3632	-0.000608273	-0.000163727	2
-138.746	25.9796	-0.000620674	-0.000177499	2
-139.444	26.5886	-0.000632845	-0.000191752	2
-140.153	27.1903	-0.000644811	-0.00020648	2
-140.872	27.7851	-0.000656598	-0.000221677	2
-141.6	28.3733	-0.000668232	-0.000237339	2
-142.337	28.9552	-0.00067974	-0.00025346	2
-143.082	29.531	-0.000691147	-0.000270034	2
-143.834	30.1009	-0.00070248	-0.000287057	2
-144.594	30.6654	-0.000713765	-0.000304523	2
-145.361	31.2247	-0.000725028	-0.000322428	2
-146.134	31.779	-0.000736295	-0.000340764	2
-146.913	32.3287	-0.000747592	-0.000359528	2
-147.697	32.8741	-0.000758945	-0.000378714	2
-148.485	33.4153	-0.000770381	-0.000398317	2
-149.278	33.9528	-0.000781926	-0.000418331	2
-150.074	34.4867	-0.000793605	-0.000438752	2
-150.874	35.0174	-0.000805445	-0.000459573	2
-151.676	35.5452	-0.000817472	-0.00048079	2
-152.471	36.0643	-0.00082957	-0.000502146	2
-153.277	36.5871	-0.000842046	-0.000524134	2
-154.084	37.1077	-0.000854788	-0.000546501	2
-154.892	37.6266	-0.00086782	-0.000569243	2
-155.7	38.144	-0.00088117	-0.000592355	2
-156.507	38.6601	-0.000894862	-0.00061583	2
-157.313	39.1752	-0.000908925	-0.000639663	2
-158.118	39.6897	-0.000923383	-0.00066385	2
-158.921	40.2038	-0.000938262	-0.000688386	2
-159.722	40.7178	-0.00095359	-0.000713263	2
-160.519	41.2319	-0.000969391	-0.000738479	2
-161.314	41.7465	-0.000985693	-0.000764026	2
-162.104	42.2619	-0.00100252	-0.0007899	2
-162.889	42.7783	-0.0010199	-0.000816096	2
-163.67	43.2961	-0.00103786	-0.000842609	2
-164.445	43.8154	-0.00105642	-0.000869432	2
-165.214	44.3366	-0.00107562	-0.000896561	2
-165.976	44.86	-0.00109547	-0.00092399	2
-166.731	45.3858	-0.001116	-0.000951715	2
-167.479	45.9144	-0.00113724	-0.000979729	2
-168.219	46.446	-0.00115922	-0.00100803	2
-168.95	46.9809	-0.00118196	-0.00103661	2
-169.672	47.5194	-0.00120548	-0.00106546	2
-170.384	48.0618	-0.00122982	-0.00109458	2
-171.078	48.602	-0.00125471	-0.00112362	2
-171.77	49.153	-0.00128074	-0.00115326	2
-172.45	49.7086	-0.00130767	-0.00118316	2
-173.119	50.2693	-0.00133551	-0.0012133	2
-173.776	50.8352	-0.0013643	-0.00124368	2
-174.42	51.4068	-0.00139406	-0.0012743	2
-175.05	51.9842	-0.00142481	-0.00130515	2
-175.667	52.5677	-0.00145659	-0.00133623	2
-176.27	53.1577	-0.00148941	-0.00136753	2
-176.858	53.7544	-0.00152331	-0.00139904	2
-177.431	54.358	-0.00155831	-0.00143077	2
-177.988	54.969	-0.00159444	-0.0014627	2
-178.529	55.5875	-0.00163171	-0.00149483	2
-179.053	56.2139	-0.00167017	-0.00152715	2
-179.56	56.8484	-0.00170983	-0.00155967	2
-180.049	57.4914	-0.00175073	-0.00159237	2
-180.519	58.143	-0.00179288	-0.00162524	2
-180.971	58.8036	-0.00183631	-0.00165829	2
-181.404	59.4735	-0.00188105	-0.00169151	2
-181.816	60.153	-0.00192713	-0.0017249	2
-182.208	60.8423	-0.00197457	-0.00175844	2
-182.58	61.5417	-0.0020234	-0.00179213	2
-182.93	62.2515	-0.00207365	-0.00182597	2
-183.254	62.9637	-0.00212473	-0.00185956	2
-183.56	63.6951	-0.00217786	-0.00189368	2
-183.843	64.4377	-0.00223248	-0.00192792	2
-184.103	65.1919	-0.00228862	-0.0019623	2

-75.0006	2.01135	-1.12654e-07	-3.88196e-07	2
-75.0601	2.98395	-8.07463e-06	-3.25222e-05	2
-75.1357	3.96152	-1.26919e-05	-6.25423e-05	2
-75.2265	4.93279	-1.39051e-05	-9.01034e-05	2
-75.3309	5.88681	-1.18107e-05	-0.000114973	2
-75.4511	6.84586	-6.41285e-06	-0.000137772	2
-75.5857	7.79891	2.23011e-06	-0.000158242	2
-75.7345	8.74606	1.4065e-05	-0.000176424	2
-75.8972	9.68741	2.90385e-05	-0.000192362	2
-76.0735	10.6231	4.70974e-05	-0.0002061	2
-76.2633	11.5531	6.81886e-05	-0.000217679	2
-76.4661	12.4776	9.22589e-05	-0.000227145	2
-76.6819	13.3968	0.000119255	-0.000234538	2
-76.9103	14.3106	0.000149124	-0.000239904	2
-77.151	15.2192	0.000181812	-0.000243284	2
-77.4039	16.1227	0.000217266	-0.000244722	2
-77.6686	17.0212	0.000255433	-0.000244261	2
-77.9449	17.9147	0.00029626	-0.000241944	2
-78.2326	18.8035	0.000339693	-0.000237815	2
-78.5314	19.6875	0.00038568	-0.000231916	2
-78.841	20.5669	0.000434167	-0.00022429	2
-79.1611	21.4418	0.000485101	-0.000214981	2
-79.4916	22.3123	0.000538428	-0.000204032	2
-79.8322	23.1784	0.000594096	-0.000191485	2
-80.1826	24.0403	0.000652051	-0.000177385	2
-80.5425	24.8981	0.00071224	-0.000161773	2
-80.9074	25.7421	0.000773881	-0.000144899	2
-81.2855	26.5919	0.000838355	-0.000126411	2
-81.6725	27.4379	0.000904903	-0.000106541	2
-82.068	28.2802	0.000973473	-8.53323e-05	2
-82.4717	29.1189	0.00104401	-6.28277e-05	2
-82.8835	29.954	0.00111647	-3.90704e-05	2
-83.303	30.7857	0.00119078	-1.41035e-05	2
-83.73	31.614	0.00126691	1.20299e-05	2
-84.1643	32.4391	0.00134479	3.92866e-05	2
-84.6056	33.261	0.00142437	6.76235e-05	2
-85.0536	34.0799	0.0015056	9.69976e-05	2
-85.5081	34.8959	0.00158843	0.000127366	2
-85.9688	35.709	0.00167281	0.000158685	2
-86.4355	36.5193	0.00175867	0.000190911	2
-86.9079	37.327	0.00184596	0.000224003	2
-87.3858	38.1321	0.00193465	0.000257916	2
-87.8688	38.9348	0.00202466	0.000292607	2
-88.3568	39.7351	0.00211594	0.000328033	2
-88.8495	40.5331	0.00220846	0.000364152	2
-89.3467	41.329	0.00230214	0.00040092	2
-89.848	42.1229	0.00239694	0.000438294	2
-90.3532	42.9147	0.0024928	0.00047623	2
-90.8621	43.7047	0.00258967	0.000514687	2
-91.3685	44.4839	0.00268637	0.000553169	2
-91.8839	45.2705	0.0027851	0.000592531	2
-92.4022	46.0555	0.00288467	0.000632283	2
-92.9232	46.839	0.00298505	0.000672384	2
-93.4465	47.6212	0.00308617	0.000712788	2
-93.972	48.402	0.00318798	0.000753455	2
-94.4993	49.1817	0.00329043	0.000794339	2
-95.0283	49.9604	0.00339347	0.000835399	2
-95.5586	50.738	0.00349704	0.000876591	2
-96.0901	51.5147	0.00360109	0.000917872	2
-96.6223	52.2907	0.00370556	0.000959199	2
-97.1552	53.066	0.00381041	0.00100053	2
-97.6884	53.8407	0.00391558	0.00104182	2
-98.2217	54.6149	0.00402101	0.00108302	2
-98.7549	55.3887	0.00412666	0.0011241	2
-99.2876	56.1622	0.00423247	0.00116501	2
-99.8196	56.9355	0.00433838	0.00120571	2
-100.351	57.7087	0.00444434	0.00124615	2
-100.88	58.4819	0.00455031	0.00128629	2
-101.409	59.2553	0.00465622	0.00132609	2
-101.936	60.0288	0.00476203	0.00136551	2
-102.46	60.8026	0.00486768	0.00140449	2
-102.983	61.5768	0.00497312	0.00144301	2
-103.503	62.3515	0.00507829	0.00148101	2
-104.014	63.1179	0.00518193	0.00151802	2
-104.529	63.8939	0.00528642	0.00155487	2
-105.04	64.6706	0.00539048	0.00159108	2
-105.547	65.4483	0.00549406	0.00162659	2
-106.051	66.2269	0.0055971	0.00166138	2
-106.551	67.0067	0.00569957	0.0016954	2
-107.046	67.7876	0.0058014	0.0017286	2
-107.537	68.5697	0.00590253	0.00176094	2
-108.024	69.3533	0.00600292	0.00179238	2
-108.505	70.1383	0.00610252	0.00182287	2
-108.981	70.9249	0.00620126	0.00185237	2
-109.451	71.7132	0.0062991	0.00188085	2
-109.916	72.5033	0.00639599	0.00190825	2
-110.374	73.2952	0.00649186	0.00193453	2
-110.826	74.0891	0.00658667	0.00195965	2
-111.272	74.8851	0.00668036	0.00198356	2
-111.711	75.6832	0.00677288	0.00200623	2
-112.142	76.4836	0.00686418	0.00202761	2
-112.567	77.2863	0.00695421	0.00204765	2
-112.983	78.0915	0.0070429	0.00206632	2
-113.392	78.8993	0.00713021	0.00208357	2
-113.793	79.7097	0.00721609	0.00209936	2
-114.185	80.5229	0.00730048	0.00211364	2
-114.565	81.3296	0.00738238	0.00212623	2
-114.94	82.1485	0.00746364	0.00213739	2
-115.306	82.9705	0.00754326	0.00214691	2
-115.662	83.7957	0.00762118	0.00215476	2

-24.9999	2.01258	5.06404e-07	-4.88628e-08	2
-24.9812	3.08894	4.47262e-05	-5.24398e-06	2
-24.9454	4.16638	9.07878e-05	-1.24814e-05	2
-24.8926	5.2324	0.000138157	-2.1689e-05	2
-24.824	6.27505	0.000186241	-3.27042e-05	2
-24.7383	7.3187	0.00023613	-4.57601e-05	2
-24.6362	8.35124	0.000287246	-6.07165e-05	2
-24.5181	9.37278	0.00033956	-7.755e-05	2
-24.3841	10.3834	0.000393045	-9.62372e-05	2
-24.2344	11.3833	0.000447673	-0.000116755	2
-24.0692	12.3724	0.000503419	-0.00013908	2
-23.8888	13.351	0.000560253	-0.000163188	2
-23.6934	14.3191	0.000618148	-0.000189058	2
-23.483	15.2768	0.000677078	-0.000216664	2
-23.2581	16.2243	0.000737014	-0.000245984	2
-23.0186	17.1615	0.000797929	-0.000276995	2
-22.765	18.0887	0.000859796	-0.000309673	2
-22.4973	19.006	0.000922587	-0.000343995	2
-22.2158	19.9133	0.000986276	-0.000379937	2
-21.9206	20.8109	0.00105083	-0.000417476	2
-21.6121	21.6988	0.00111623	-0.00045659	2
-21.2903	22.5772	0.00118245	-0.000497254	2
-20.9555	23.4462	0.00124945	-0.000539445	2
-20.6079	24.3057	0.00131721	-0.00058314	2
-20.2477	25.1561	0.0013857	-0.000628316	2
-19.8751	25.9973	0.0014549	-0.000674949	2
-19.4949	26.8199	0.00152397	-0.000722456	2
-19.0982	27.6432	0.00159449	-0.000771917	2
-18.6898	28.4577	0.00166563	-0.000822767	2
-18.2698	29.2634	0.00173737	-0.00087498	2
-17.8385	30.0605	0.00180967	-0.000928534	2
-17.3959	30.8491	0.00188252	-0.000983406	2
-16.9424	31.6292	0.00195588	-0.00103957	2
-16.4782	32.4011	0.00202972	-0.00109701	2
-16.0034	33.1647	0.00210402	-0.00115569	2
-15.5182	33.9202	0.00217876	-0.0012156	2
-15.0229	34.6677	0.00225389	-0.00127671	2
-14.5177	35.4073	0.0023294	-0.001339	2
-14.0027	36.139	0.00240527	-0.00140244	2
-13.4782	36.8631	0.00248145	-0.00146702	2
-12.9443	37.5796	0.00255792	-0.0015327	2
-12.4014	38.2885	0.00263467	-0.00159946	2
-11.8495	38.9901	0.00271165	-0.00166729	2
-11.2889	39.6844	0.00278884	-0.00173615	2
-10.7198	40.3715	0.00286622	-0.00180603	2
-10.1424	41.0515	0.00294375	-0.0018769	2
-9.55693	41.7245	0.00302141	-0.00194874	2
-8.96355	42.3907	0.00309918	-0.00202152	2
-8.36247	43.05	0.00317702	-0.00209522	2
-7.76096	43.6953	0.003254	-0.00216896	2
-7.14521	44.3415	0.00333191	-0.00224443	2
-6.52238	44.9812	0.00340981	-0.00232074	2
-5.89268	45.6146	0.00348767	-0.00239789	2
-5.25632	46.2417	0.00356547	-0.00247584	2
-4.6135	46.8626	0.00364317	-0.00255457	2
-3.96442	47.4775	0.00372077	-0.00263405	2
-3.30929	48.0864	0.00379821	-0.00271428	2
-2.64831	48.6895	0.00387549	-0.00279521	2
-1.98169	49.2868	0.00395256	-0.00287684	2
-1.30964	49.8785	0.00402941	-0.00295912	2
-0.632348	50.4647	0.004106	-0.00304205	2
0.0499683	51.0454	0.00418231	-0.0031256	2
0.737107	51.6208	0.00425831	-0.00320974	2
1.42886	52.1909	0.00433398	-0.00329446	2
2.12503	52.7559	0.00440928	-0.00337972	2
2.82541	53.3159	0.00448418	-0.00346551	2
3.52979	53.8709	0.00455867	-0.00355179	2
4.23797	54.4212	0.00463272	-0.00363856	2
4.94974	54.9667	0.00470628	-0.00372578	2
5.66491	55.5076	0.00477935	-0.00381344	2
6.38325	56.044	0.00485189	-0.0039015	2
7.10458	56.576	0.00492387	-0.00398994	2
7.82868	57.1037	0.00499527	-0.00407875	2
8.54698	57.6211	0.00506524	-0.00416687	2
9.27599	58.1406	0.0051354	-0.00425633	2
10.0072	58.656	0.00520489	-0.00434608	2
10.7403	59.1675	0.00527368	-0.0044361	2
11.4752	59.6753	0.00534176	-0.00452636	2
12.2116	60.1793	0.00540909	-0.00461684	2
12.9494	60.6798	0.00547564	-0.00470753	2
13.6883	61.1767	0.00554139	-0.00479839	2
14.4281	61.6703	0.00560631	-0.0048894	2
15.1687	62.1607	0.00567037	-0.00498054	2
15.9098	62.6478	0.00573354	-0.00507178	2
16.6512	63.1319	0.00579581	-0.00516311	2
17.3928	63.613	0.00585713	-0.00525449	2
18.1342	64.0912	0.00591749	-0.00534592	2
18.8754	64.5667	0.00597685	-0.00543735	2
19.616	65.0395	0.00603518	-0.00552877	2
20.356	65.5098	0.00609247	-0.00562016	2
21.095	65.9776	0.00614868	-0.00571148	2
21.8329	66.4431	0.00620379	-0.00580273	2
22.5695	66.9063	0.00625776	-0.00589388	2
23.3046	67.3673	0.00631058	-0.00598489	2
24.0379	67.8264	0.00636221	-0.00607575	2
24.7694	68.2835	0.00641262	-0.00616644	2
25.4903	68.7335	0.00646123	-0.0062559	2
26.2172	69.187	0.00650915	-0.00634617	2
26.9416	69.6389	0.00655577	-0.0064362	2
27.6633	70.0893	0.00660107	-0.00652596	2

24.9959	2.01204	-4.03822e-07	-1.85593e-07	2
24.6588	3.04296	-3.49202e-05	-1.54373e-05	2
24.3454	4.07604	-6.941e-05	-2.946e-05	2
24.0596	5.09929	-0.000103468	-4.20993e-05	2
23.8039	6.10118	-0.000136707	-5.32638e-05	2
23.5719	7.10505	-0.0001699	-6.32439e-05	2
23.3665	8.09925	-0.000202656	-7.1933e-05	2
23.1873	9.08383	-0.000234973	-7.93622e-05	2
23.0341	10.0588	-0.00026685	-8.55624e-05	2
22.9064	11.0243	-0.000298284	-9.05645e-05	2
22.8039	11.9804	-0.000329275	-9.43996e-05	2
22.7264	12.927	-0.00035982	-9.70986e-05	2
22.6735	13.8643	-0.000389918	-9.86926e-05	2
22.6448	14.7922	-0.000419566	-9.92124e-05	2
22.6401	15.7109	-0.000448765	-9.86891e-05	2
22.6589	16.6204	-0.000477511	-9.71536e-05	2
22.7011	17.5207	-0.000505803	-9.4637e-05	2
22.7661	18.4119	-0.00053364	-9.11702e-05	2
22.8538	19.2941	-0.000561019	-8.67841e-05	2
22.9638	20.1673	-0.000587939	-8.15098e-05	2
23.0957	21.0315	-0.000614399	-7.53782e-05	2
23.2492	21.8869	-0.000640397	-6.84204e-05	2
23.4241	22.7333	-0.000665931	-6.06672e-05	2
23.6199	23.571	-0.000690999	-5.21497e-05	2
23.8363	24.4	-0.000715599	-4.28989e-05	2
24.073	25.2203	-0.000739731	-3.29456e-05	2
24.3267	26.0226	-0.000763123	-2.24468e-05	2
24.6028	26.8257	-0.000786317	-1.1189e-05	2
24.8982	27.6204	-0.000809038	6.7871e-07	2
25.2126	28.4065	-0.000831283	1.31252e-05	2
25.5457	29.1842	-0.00085305	2.61195e-05	2
25.8971	29.9535	-0.000874339	3.96307e-05	2
26.2665	30.7144	-0.000895147	5.36278e-05	2
26.6536	31.4671	-0.000915472	6.80798e-05	2
27.058	32.2116	-0.000935314	8.29557e-05	2
27.4794	32.9479	-0.00095467	9.82245e-05	2
27.9175	33.6761	-0.000973539	0.000113855	2
28.372	34.3962	-0.000991918	0.000129817	2
28.8424	35.1083	-0.00100981	0.000146079	2
29.3286	35.8124	-0.0010272	0.00016261	2
29.8301	36.5086	-0.00104411	0.000179379	2
30.3467	37.197	-0.00106051	0.000196355	2
30.8779	37.8775	-0.00107642	0.000213507	2
31.4235	38.5503	-0.00109183	0.000230804	2
31.9832	39.2154	-0.00110674	0.000248216	2
32.5565	39.8728	-0.00112115	0.00026571	2
33.1433	40.5226	-0.00113506	0.000283257	2
33.7431	41.1648	-0.00114845	0.000300825	2
34.3556	41.7996	-0.00116134	0.000318383	2
34.9733	42.4197	-0.00117359	0.0003357	2
35.6101	43.0397	-0.00118546	0.000353147	2
36.2587	43.6523	-0.00119683	0.000370491	2
36.9186	44.2576	-0.00120768	0.000387702	2
37.5897	44.8557	-0.00121801	0.000404749	2
38.2715	45.4466	-0.00122783	0.000421601	2
38.9637	46.0304	-0.00123713	0.000438226	2
39.666	46.6071	-0.0012459	0.000454594	2
40.3781	47.1767	-0.00125416	0.000470674	2
41.0996	47.7393	-0.00126189	0.000486435	2
41.8301	48.295	-0.00126909	0.000501845	2
42.5695	48.8439	-0.00127577	0.000516875	2
43.3173	49.3859	-0.00128192	0.000531492	2
44.0732	49.9211	-0.00128754	0.000545666	2
44.8369	50.4496	-0.00129262	0.000559366	2
45.608	50.9714	-0.00129717	0.000572561	2
46.3862	51.4866	-0.00130119	0.00058522	2
47.1713	51.9952	-0.00130467	0.000597312	2
47.9628	52.4973	-0.00130761	0.000608806	2
48.7604	52.9929	-0.00131	0.000619672	2
49.5638	53.4821	-0.00131186	0.000629877	2
50.3727	53.9649	-0.00131317	0.000639391	2
51.1867	54.4414	-0.00131394	0.000648183	2
52.0056	54.9117	-0.00131416	0.000656223	2
52.8194	55.3704	-0.00131383	0.000663399	2
53.6468	55.8284	-0.00131296	0.00066985	2
54.4781	56.2803	-0.00131153	0.000675454	2
55.3128	56.726	-0.00130955	0.000680183	2
56.1508	57.1658	-0.00130701	0.000684004	2
56.9915	57.5997	-0.00130391	0.000686886	2
57.8348	58.0276	-0.00130026	0.0006888	2
58.6802	58.4497	-0.00129604	0.000689713	2
59.5275	58.866	-0.00129127	0.000689594	2
60.3763	59.2765	-0.00128592	0.000688413	2
61.2262	59.6813	-0.00128002	0.000686139	2
62.0771	60.0805	-0.00127354	0.000682741	2
62.9284	60.4741	-0.0012665	0.000678188	2
63.78	60.8622	-0.00125888	0.000672448	2
64.6314	61.2447	-0.00125069	0.000665491	2
65.4824	61.6219	-0.00124193	0.000657286	2
66.3326	61.9936	-0.00123259	0.000647802	2
67.1816	62.36	-0.00122268	0.000637007	2
68.0292	62.7212	-0.00121218	0.000624872	2
68.875	63.0771	-0.00120111	0.000611365	2
69.7188	63.4278	-0.00118945	0.000596454	2
70.56	63.7734	-0.00117721	0.000580109	2
71.3985	64.1139	-0.00116438	0.0005623	2
72.2243	64.4456	-0.00115112	0.000543225	2
73.0563	64.7762	-0.00113712	0.00052241	2
73.8846	65.1018	-0.00112253	0.000500037	2
74.7087	65.4226	-0.00110735	0.000476076	2

74.9961	2.01124	4.6291e-07	-4.3085e-07	2
74.6671	2.98026	3.8569e-05	-3.64796e-05	2
74.3408	3.96432	7.37332e-05	-7.09501e-05	2
74.0211	4.95193	0.000105557	-0.000103446	2
73.7117	5.93145	0.000133796	-0.000133662	2
73.4056	6.92542	0.000159171	-0.000162335	2
73.1066	7.92223	0.000181399	-0.000189137	2
72.8148	8.92164	0.000200546	-0.000214102	2
72.5303	9.92341	0.000216676	-0.000237266	2
72.2534	10.9273	0.000229853	-0.000258663	2
71.9841	11.9331	0.000240143	-0.000278328	2
71.7226	12.9405	0.000247611	-0.000296296	2
71.469	13.9493	0.00025232	-0.0003126	2
71.2235	14.9593	0.000254337	-0.000327276	2
70.9862	15.9701	0.000253725	-0.000340358	2
70.7573	16.9817	0.00025055	-0.000351881	2
70.5368	17.9937	0.000244876	-0.00036188	2
70.3251	19.006	0.000236768	-0.00037039	2
70.1221	20.0181	0.000226291	-0.000377444	2
69.928	21.03	0.00021351	-0.000383078	2
69.743	22.0414	0.000198489	-0.000387326	2
69.5673	23.0521	0.000181293	-0.000390223	2
69.4009	24.0617	0.000161987	-0.000391803	2
69.244	25.0701	0.000140636	-0.000392102	2
69.0967	26.077	0.000117304	-0.000391154	2
68.9593	27.0822	9.2057e-05	-0.000388993	2
68.8332	28.0739	6.52804e-05	-0.000385699	2
68.7156	29.075	3.64161e-05	-0.00038123	2
68.6083	30.0737	5.82958e-06	-0.000375653	2
68.5114	31.0697	-2.64142e-05	-0.000369001	2
68.4249	32.0627	-6.02507e-05	-0.000361309	2
68.3491	33.0526	-9.56149e-05	-0.000352612	2
68.2841	34.0392	-0.000132442	-0.000342946	2
68.23	35.022	-0.000170668	-0.000332343	2
68.187	36.0011	-0.000210227	-0.00032084	2
68.1553	36.976	-0.000251054	-0.00030847	2
68.1349	37.9465	-0.000293086	-0.000295268	2
68.126	38.9125	-0.000336256	-0.00028127	2
68.1288	39.8736	-0.000380501	-0.000266509	2
68.1434	40.8297	-0.000425756	-0.000251021	2
68.1699	41.7805	-0.000471955	-0.000234839	2
68.2085	42.7257	-0.000519035	-0.000217999	2
68.2593	43.6651	-0.00056693	-0.000200535	2
68.3225	44.5985	-0.000615575	-0.000182482	2
68.3982	45.5256	-0.000664906	-0.000163875	2
68.4866	46.4463	-0.000714857	-0.000144748	2
68.5878	47.3601	-0.000765365	-0.000125136	2
68.7019	48.267	-0.000816364	-0.000105073	2
68.8291	49.1667	-0.00086779	-8.45947e-05	2
68.9678	50.0486	-0.000918981	-6.39768e-05	2
69.1215	50.9332	-0.000971063	-4.27743e-05	2
69.2887	51.8098	-0.00102338	-2.12596e-05	2
69.4695	52.6783	-0.00107586	5.3268e-07	2
69.6641	53.5383	-0.00112845	2.25679e-05	2
69.8727	54.3897	-0.00118107	4.48115e-05	2
70.0954	55.2321	-0.00123367	6.72287e-05	2
70.3323	56.0655	-0.00128618	8.97849e-05	2
70.5836	56.8894	-0.00133853	0.000112446	2
70.8494	57.7037	-0.00139066	0.000135176	2
71.1298	58.5081	-0.00144251	0.000157941	2
71.4251	59.3025	-0.001494	0.000180707	2
71.7353	60.0865	-0.00154509	0.000203438	2
72.0607	60.8599	-0.00159569	0.000226101	2
72.4012	61.6225	-0.00164575	0.000248659	2
72.7571	62.3741	-0.0016952	0.00027108	2
73.1286	63.1143	-0.00174397	0.000293328	2
73.5157	63.843	-0.00179201	0.000315368	2
73.9187	64.56	-0.00183924	0.000337166	2
74.3375	65.2649	-0.0018856	0.000358687	2
74.7725	65.9575	-0.00193104	0.000379897	2
75.2237	66.6377	-0.00197547	0.00040076	2
75.6913	67.3051	-0.00201884	0.000421243	2
76.1755	67.9595	-0.00206108	0.00044131	2
76.6704	68.5935	-0.00210167	0.000460704	2
77.1878	69.2214	-0.00214148	0.000479843	2
77.7222	69.8356	-0.00217997	0.000498462	2
78.2737	70.4359	-0.00221707	0.000516527	2
78.8424	71.022	-0.00225272	0.000534004	2
79.4285	71.5937	-0.00228686	0.000550858	2
80.0321	72.1507	-0.00231942	0.000567055	2
80.6534	72.6929	-0.00235033	0.000582559	2
81.2925	73.2199	-0.00237953	0.000597336	2
81.9496	73.7315	-0.00240696	0.000611351	2
82.6248	74.2276	-0.00243255	0.000624571	2
83.3182	74.7078	-0.00245624	0.000636959	2
84.03	75.1718	-0.00247795	0.000648482	2
84.7603	75.6196	-0.00249764	0.000659104	2
85.5093	76.0508	-0.00251522	0.000668792	2
86.2771	76.4652	-0.00253064	0.00067751	2
87.0639	76.8625	-0.00254384	0.000685224	2
87.8698	77.2425	-0.00255474	0.000691899	2
88.695	77.605	-0.00256328	0.000697501	2
89.5395	77.9497	-0.00256941	0.000701995	2
90.4035	78.2765	-0.00257304	0.000705345	2
91.2873	78.5849	-0.00257412	0.000707519	2
92.1909	78.8749	-0.00257259	0.00070848	2
93.1037	79.1432	-0.00256844	0.000708205	2
94.0471	79.3957	-0.00256151	0.000706653	2
95.0107	79.629	-0.00255177	0.000703785	2
95.9948	79.8428	-0.00253916	0.000699567	2

125.001	2.01045	1.89464e-07	1.16641e-07	2
125.042	2.90842	1.59038e-05	9.52418e-06	2
125.048	3.81573	3.06452e-05	1.78044e-05	2
125.021	4.72187	4.42396e-05	2.48672e-05	2
124.962	5.6164	5.65656e-05	3.06783e-05	2
124.87	6.52007	6.79251e-05	3.53993e-05	2
124.747	7.42242	7.81837e-05	3.89823e-05	2
124.594	8.32341	8.73569e-05	4.14539e-05	2
124.41	9.22298	9.54602e-05	4.28408e-05	2
124.198	10.1211	0.000102509	4.31694e-05	2
123.958	11.0177	0.000108518	4.24664e-05	2
123.691	11.9127	0.000113504	4.07584e-05	2
123.397	12.8061	0.000117482	3.8072e-05	2
123.079	13.6978	0.000120466	3.44337e-05	2
122.735	14.5878	0.000122474	2.98701e-05	2
122.368	15.476	0.000123519	2.44079e-05	2
121.978	16.3624	0.000123618	1.80735e-05	2
121.567	17.2469	0.000122786	1.08936e-05	2
121.134	18.1295	0.000121038	2.89475e-06	2
120.68	19.0102	0.000118389	-5.89643e-06	2
120.208	19.8888	0.000114856	-1.54534e-05	2
119.717	20.7653	0.000110454	-2.57495e-05	2
119.208	21.6397	0.000105197	-3.67582e-05	2
118.682	22.5119	9.91026e-05	-4.8453e-05	2
118.14	23.382	9.21845e-05	-6.08071e-05	2
117.583	24.2497	8.44589e-05	-7.37942e-05	2
117.018	25.1052	7.60433e-05	-8.72278e-05	2
116.433	25.9682	6.67575e-05	-0.000101394	2
115.836	26.8288	5.67101e-05	-0.000116114	2
115.227	27.687	4.59165e-05	-0.000131361	2
114.607	28.5426	3.43924e-05	-0.000147108	2
113.977	29.3956	2.21529e-05	-0.000163328	2
113.337	30.246	9.21365e-06	-0.000179996	2
112.689	31.0938	-4.40999e-06	-0.000197084	2
112.034	31.9388	-1.87026e-05	-0.000214565	2
111.372	32.781	-3.36487e-05	-0.000232415	2
110.704	33.6204	-4.92329e-05	-0.000250605	2
110.031	34.4569	-6.54398e-05	-0.000269109	2
109.354	35.2904	-8.22539e-05	-0.0002879	2
108.674	36.121	-9.96598e-05	-0.000306953	2
107.992	36.9486	-0.000117642	-0.00032624	2
107.307	37.773	-0.000136185	-0.000345734	2
106.622	38.5944	-0.000155274	-0.00036541	2
105.938	39.4125	-0.000174893	-0.000385241	2
105.254	40.2274	-0.000195026	-0.000405199	2
104.572	41.039	-0.000215659	-0.000425259	2
103.892	41.8473	-0.000236775	-0.000445394	2
103.217	42.6522	-0.00025836	-0.000465577	2
102.545	43.4537	-0.000280398	-0.000485782	2
101.887	44.2425	-0.000302612	-0.00050575	2
101.226	45.037	-0.000325504	-0.000525919	2
100.573	45.8279	-0.000348804	-0.00054603	2
99.9275	46.6151	-0.000372494	-0.000566057	2
99.2906	47.3987	-0.000396561	-0.000585973	2
98.6631	48.1785	-0.000420988	-0.000605751	2
98.046	48.9545	-0.00044576	-0.000625366	2
97.4401	49.7267	-0.000470862	-0.000644789	2
96.8461	50.495	-0.000496278	-0.000663996	2
96.2651	51.2594	-0.000521992	-0.000682958	2
95.6978	52.0197	-0.00054799	-0.00070165	2
95.145	52.7761	-0.000574256	-0.000720045	2
94.6077	53.5283	-0.000600775	-0.000738117	2
94.0867	54.2764	-0.000627531	-0.000755838	2
93.5827	55.0202	-0.000654508	-0.000773183	2
93.0968	55.7599	-0.000681691	-0.000790124	2
92.6297	56.4952	-0.000709065	-0.000806635	2
92.1823	57.2262	-0.000736615	-0.00082269	2
91.7554	57.9528	-0.000764324	-0.000838261	2
91.3498	58.675	-0.000792178	-0.000853323	2
90.9666	59.3926	-0.00082016	-0.000867849	2
90.6063	60.1057	-0.000848257	-0.000881812	2
90.2701	60.8143	-0.000876451	-0.000895185	2
89.9586	61.5181	-0.000904729	-0.000907942	2
89.6759	62.2093	-0.000932747	-0.000919921	2
89.4162	62.9037	-0.000961143	-0.000931374	2
89.1838	63.5934	-0.000989576	-0.000942132	2
88.9796	64.2782	-0.00101803	-0.000952168	2
88.8045	64.9581	-0.00104649	-0.000961455	2
88.6592	65.6331	-0.00107494	-0.000969967	2
88.5447	66.303	-0.00110336	-0.000977676	2
88.4617	66.968	-0.00113175	-0.000984558	2
88.4112	67.6278	-0.00116008	-0.000990585	2
88.3939	68.2824	-0.00118833	-0.000995729	2
88.4108	68.9319	-0.0012165	-0.000999966	2
88.4626	69.576	-0.00124457	-0.00100327	2
88.5503	70.2149	-0.00127252	-0.00100561	2
88.6747	70.8485	-0.00130034	-0.00100696	2
88.8366	71.4766	-0.00132801	-0.0010073	2
89.0369	72.0993	-0.00135551	-0.0010066	2
89.2764	72.7164	-0.00138284	-0.00100483	2
89.556	73.328	-0.00140997	-0.00100196	2
89.8765	73.934	-0.00143689	-0.000997976	2
90.2389	74.5343	-0.00146358	-0.000992843	2
90.6438	75.129	-0.00149003	-0.000986536	2
91.0923	75.7178	-0.00151623	-0.000979028	2
91.5851	76.3009	-0.00154215	-0.000970293	2
92.1166	76.8715	-0.0015675	-0.000960427	2
92.7001	77.4429	-0.00159284	-0.000949173	2
93.3305	78.0082	-0.00161786	-0.000936612	2
94.0086	78.5676	-0.00164254	-0.000922718	2

