-125.002	2.01071	-6.94692e-07	1.71803e-08	2
-125.179	2.93164	-5.81504e-05	1.9464e-06	2
-125.359	3.86249	-0.000111715	4.79706e-06	2
-125.541	4.79256	-0.000160758	8.53742e-06	2
-125.722	5.71117	-0.000204858	1.30949e-05	2
-125.908	6.63969	-0.000245104	1.85611e-05	2
-126.095	7.56744	-0.000281022	2.48734e-05	2
-126.283	8.49443	-0.000312678	3.20173e-05	2
-126.473	9.42065	-0.000340137	3.99781e-05	2
-126.664	10.3461	-0.000363462	4.87413e-05	2
-126.857	11.2708	-0.00038272	5.82923e-05	2
-127.051	12.1948	-0.000397975	6.86166e-05	2
-127.246	13.118	-0.000409291	7.96995e-05	2
-127.442	14.0404	-0.000416734	9.15265e-05	2
-127.639	14.9621	-0.000420368	0.000104083	2
-127.838	15.8831	-0.000420259	0.000117354	2
-128.037	16.8033	-0.000416471	0.000131326	2
-128.238	17.7228	-0.000409068	0.000145984	2
-128.439	18.6416	-0.000398117	0.000161312	2
-128.641	19.5596	-0.000383681	0.000177298	2
-128.844	20.477	-0.000365826	0.000193925	2
-129.048	21.3936	-0.000344616	0.00021118	2
-129.252	22.3095	-0.000320116	0.000229048	2
-129.457	23.2246	-0.000292391	0.000247514	2
-129.663	24.1391	-0.000261507	0.000266563	2
-129.869	25.0529	-0.000227526	0.000286182	2
-130.073	25.9555	-0.000190958	0.000306121	2
-130.28	26.8679	-0.000151016	0.000326828	2
-130.487	27.7795	-0.000108172	0.000348061	2
-130.695	28.6905	-6.24911e-05	0.000369805	2
-130.903	29.6009	-1.40386e-05	0.000392045	2
-131.11	30.5105	3.71208e-05	0.000414767	2
-131.319	31.4195	9.09224e-05	0.000437957	2
-131.527	32.3277	0.000147301	0.000461599	2
-131.735	33.2353	0.000206193	0.000485679	2
-131.943	34.1423	0.000267531	0.000510183	2
-132.151	35.0486	0.000331253	0.000535096	2
-132.359	35.9542	0.000397293	0.000560403	2
-132.566	36.8591	0.000465585	0.00058609	2
-132.774	37.7634	0.000536066	0.000612142	2
-132.981	38.6671	0.00060867	0.000638545	2
-133.187	39.5701	0.000683333	0.000665284	2
-133.394	40.4725	0.00075999	0.000692344	2
-133.599	41.3742	0.000838575	0.000719712	2
-133.804	42.2753	0.000919024	0.000747371	2
-134.009	43.1757	0.00100127	0.000775309	2
-134.213	44.0756	0.00108526	0.000803509	2
-134.416	44.9748	0.00117091	0.000831958	2
-134.618	45.8734	0.00125816	0.000860642	2
-134.818	46.761	0.00134593	0.000889211	2
-135.018	47.6584	0.00143619	0.000918316	2
-135.218	48.5551	0.00152785	0.000947612	2
-135.417	49.4513	0.00162087	0.000977084	2
-135.615	50.3468	0.00171516	0.00100672	2
-135.811	51.2417	0.00181067	0.0010365	2
-136.007	52.1361	0.00190733	0.00106641	2
-136.201	53.0298	0.00200508	0.00109644	2
-136.394	53.923	0.00210385	0.00112657	2
-136.586	54.8156	0.00220357	0.00115679	2
-136.776	55.7075	0.00230419	0.00118709	2
-136.965	56.599	0.00240564	0.00121744	2
-137.152	57.4898	0.00250784	0.00124784	2
-137.338	58.3801	0.00261075	0.00127827	2
-137.522	59.2698	0.00271429	0.00130871	2
-137.705	60.1589	0.0028184	0.00133916	2
-137.886	61.0475	0.002923	0.00136959	2
-138.065	61.9355	0.00302805	0.00139999	2
-138.242	62.823	0.00313347	0.00143035	2
-138.417	63.7099	0.0032392	0.00146066	2
-138.591	64.5962	0.00334518	0.00149089	2
-138.762	65.4821	0.00345133	0.00152103	2
-138.932	66.3674	0.00355759	0.00155107	2
-139.099	67.2521	0.00366391	0.001581	2
-139.262	68.1262	0.00376899	0.00161046	2
-139.425	69.0099	0.00387521	0.00164011	2
-139.586	69.893	0.00398128	0.00166961	2
-139.744	70.7757	0.00408715	0.00169893	2
-139.9	71.6578	0.00419274	0.00172806	2
-140.053	72.5395	0.00429799	0.00175699	2
-140.204	73.4206	0.00440284	0.00178571	2
-140.353	74.3012	0.00450722	0.00181419	2
-140.499	75.1813	0.00461107	0.00184242	2
-140.642	76.0609	0.00471431	0.00187039	2
-140.782	76.94	0.0048169	0.00189809	2
-140.92	77.8186	0.00491875	0.0019255	2
-141.055	78.6967	0.00501982	0.0019526	2
-141.187	79.5743	0.00512002	0.00197938	2
-141.316	80.4515	0.0052193	0.00200583	2
-141.442	81.3282	0.0053176	0.00203193	2
-141.565	82.2044	0.00541484	0.00205766	2
-141.685	83.0801	0.00551096	0.00208302	2
-141.802	83.9554	0.00560591	0.00210799	2
-141.915	84.8302	0.0056996	0.00213254	2
-142.025	85.7045	0.00579199	0.00215668	2
-142.132	86.5784	0.00588299	0.00218038	2
-142.236	87.4518	0.00597256	0.00220363	2
-142.335	88.3148	0.00605962	0.00222616	2
-142.431	89.1873	0.00614612	0.00224847	2
-142.525	90.0594	0.00623099	0.00227028	2
-142.614	90.9311	0.00631416	0.00229159	2

-74.9994	2.01268	-1.94314e-07	1.16932e-07	2
-74.9353	3.09353	-1.56122e-05	9.05811e-06	2
-74.8466	4.16844	-2.86378e-05	1.58836e-05	2
-74.7344	5.22492	-3.91222e-05	2.05115e-05	2
-74.6007	6.25134	-4.70326e-05	2.29607e-05	2
-74.4427	7.27179	-5.25978e-05	2.33228e-05	2
-74.2621	8.2744	-5.57567e-05	2.15922e-05	2
-74.0593	9.2594	-5.65544e-05	1.78038e-05	2
-73.8345	10.227	-5.50363e-05	1.19927e-05	2
-73.5882	11.1773	-5.12473e-05	4.19401e-06	2
-73.3206	12.1107	-4.52328e-05	-5.5573e-06	2
-73.0321	13.0272	-3.70378e-05	-1.72261e-05	2
-72.7231	13.9271	-2.67076e-05	-3.07774e-05	2
-72.3937	14.8106	-1.42874e-05	-4.61761e-05	2
-72.0445	15.6779	1.77783e-07	-6.33872e-05	2
-71.6757	16.5292	1.66426e-05	-8.23755e-05	2
-71.2876	17.3647	3.5062e-05	-0.000103106	2
-70.8805	18.1845	5.53908e-05	-0.000125544	2
-70.4549	18.989	7.75837e-05	-0.000149654	2
-70.011	19.7782	0.000101596	-0.000175401	2
-69.5491	20.5525	0.000127381	-0.00020275	2
-69.0697	21.3119	0.000154896	-0.000231666	2
-68.5729	22.0568	0.000184094	-0.000262114	2
-68.0592	22.7872	0.00021493	-0.000294058	2
-67.5289	23.5035	0.000247359	-0.000327465	2
-66.9823	24.2057	0.000281336	-0.000362298	2
-66.4263	24.8863	0.0003164	-0.000398099	2
-65.8483	25.5614	0.000353321	-0.000435665	2
-65.255	26.223	0.000391655	-0.000474553	2
-64.6467	26.8714	0.000431357	-0.000514728	2
-64.0237	27.5069	0.000472381	-0.000556155	2
-63.3865	28.1295	0.000514683	-0.000598798	2
-62.7353	28.7396	0.000558217	-0.000642624	2
-62.0704	29.3373	0.000602938	-0.000687596	2
-61.3922	29.9228	0.000648801	-0.000733679	2
-60.701	30.4963	0.000695761	-0.000780839	2
-59.9971	31.058	0.000743772	-0.000829041	2
-59.281	31.6082	0.000792789	-0.000878249	2
-58.5528	32.1469	0.000842768	-0.000928429	2
-57.8129	32.6745	0.000893663	-0.000979545	2
-57.0618	33.1912	0.000945428	-0.00103156	2
-56.2996	33.697	0.000998019	-0.00108445	2
-55.5267	34.1923	0.00105139	-0.00113816	2
-54.7435	34.6772	0.0011055	-0.00119267	2
-53.9502	35.1519	0.00116029	-0.00124794	2
-53.1473	35.6166	0.00121574	-0.00130394	2
-52.335	36.0716	0.00127178	-0.00136063	2
-51.5137	36.517	0.00132837	-0.00141797	2
-50.6837	36.9531	0.00138548	-0.00147594	2
-49.855	37.3751	0.00144239	-0.00153381	2
-49.0087	37.7931	0.00150037	-0.00159291	2
-48.1547	38.2024	0.00155873	-0.00165252	2
-47.2933	38.6031	0.00161742	-0.00171261	2
-46.4249	38.9954	0.00167639	-0.00177315	2
-45.5497	39.3796	0.0017356	-0.0018341	2
-44.6682	39.7558	0.001795	-0.00189543	2
-43.7806	40.1243	0.00185456	-0.00195709	2
-42.8872	40.4852	0.00191421	-0.00201907	2
-41.9885	40.8388	0.00197393	-0.00208131	2
-41.0847	41.1852	0.00203366	-0.00214379	2
-40.1762	41.5246	0.00209335	-0.00220646	2
-39.2632	41.8573	0.00215297	-0.00226931	2
-38.3462	42.1835	0.00221246	-0.00233228	2
-37.4255	42.5033	0.00227179	-0.00239535	2
-36.5013	42.817	0.00233091	-0.00245848	2
-35.5741	43.1247	0.00238976	-0.00252164	2
-34.6441	43.4267	0.00244832	-0.00258479	2
-33.7116	43.7231	0.00250652	-0.00264789	2
-32.7771	44.0142	0.00256433	-0.00271091	2
-31.8408	44.3002	0.00262171	-0.00277381	2
-30.9031	44.5812	0.0026786	-0.00283657	2
-29.9643	44.8575	0.00273495	-0.00289914	2
-29.0247	45.1293	0.00279074	-0.00296149	2
-28.0955	45.3937	0.00284528	-0.00302288	2
-27.1554	45.657	0.00289978	-0.00308468	2
-26.2155	45.9164	0.00295358	-0.00314617	2
-25.2761	46.1721	0.00300663	-0.00320729	2
-24.3376	46.4242	0.00305887	-0.00326802	2
-23.4003	46.6731	0.00311027	-0.00332832	2
-22.4646	46.9188	0.00316079	-0.00338815	2
-21.5307	47.1615	0.00321036	-0.00344749	2
-20.599	47.4016	0.00325896	-0.00350629	2
-19.6699	47.6391	0.00330653	-0.00356451	2
-18.7436	47.8743	0.00335302	-0.00362214	2
-17.8205	48.1074	0.00339841	-0.00367912	2
-16.9009	48.3386	0.00344263	-0.00373543	2
-15.9851	48.568	0.00348564	-0.00379102	2
-15.0736	48.796	0.00352741	-0.00384587	2
-14.1665	49.0226	0.00356788	-0.00389994	2
-13.2643	49.2481	0.003607	-0.0039532	2
-12.3673	49.4727	0.00364474	-0.0040056	2
-11.4758	49.6966	0.00368105	-0.00405712	2
-10.5901	49.92	0.00371587	-0.00410772	2
-9.71055	50.1431	0.00374918	-0.00415736	2
-8.83751	50.3661	0.00378092	-0.00420601	2
-7.97129	50.5891	0.00381105	-0.00425363	2
-7.12206	50.8099	0.0038392	-0.00429967	2
-6.2704	51.0338	0.00386598	-0.00434515	2
-5.42654	51.2584	0.00389102	-0.00438949	2
-4.59083	51.4838	0.00391426	-0.00443268	2

-25.0058	2.01192	-6.23766e-07	1.18214e-07	2
-25.49	3.03344	-5.34767e-05	1.01603e-05	2
-25.9484	4.05876	-0.000105365	2.0068e-05	2
-26.3756	5.07595	-0.000155683	2.9722e-05	2
-26.7675	6.07347	-0.000203897	3.90142e-05	2
-27.1337	7.0745	-0.000251146	4.81594e-05	2
-27.4697	8.06741	-0.000296879	5.70469e-05	2
-27.7759	9.0522	-0.000341115	6.56753e-05	2
-28.0526	10.0289	-0.00038387	7.40432e-05	2
-28.3003	10.9974	-0.000425163	8.21493e-05	2
-28.5193	11.9578	-0.000465013	8.99924e-05	2
-28.71	12.9101	-0.000503437	9.7571e-05	2
-28.8727	13.8543	-0.000540454	0.000104884	2
-29.0078	14.7903	-0.000576081	0.00011193	2
-29.1157	15.7183	-0.000610337	0.000118707	2
-29.1966	16.6381	-0.00064324	0.000125215	2
-29.2511	17.5498	-0.000674808	0.000131452	2
-29.2794	18.4534	-0.000705059	0.000137416	2
-29.2819	19.3488	-0.000734011	0.000143107	2
-29.259	20.2362	-0.000761683	0.000148522	2
-29.211	21.1154	-0.000788092	0.000153662	2
-29.1383	21.9865	-0.000813257	0.000158523	2
-29.0413	22.8495	-0.000837195	0.000163106	2
-28.9203	23.7044	-0.000859925	0.000167408	2
-28.7757	24.5512	-0.000881465	0.000171429	2
-28.6079	25.3898	-0.000901832	0.000175166	2
-28.4195	26.2109	-0.000920832	0.000178582	2
-28.2065	27.0334	-0.000938923	0.000181753	2
-27.9713	27.8478	-0.000955896	0.000184637	2
-27.7144	28.6541	-0.00097177	0.000187233	2
-27.436	29.4523	-0.000986562	0.000189539	2
-27.1366	30.2424	-0.00100029	0.000191554	2
-26.8165	31.0243	-0.00101297	0.000193278	2
-26.476	31.7982	-0.00102463	0.000194707	2
-26.1155	32.564	-0.00103527	0.000195842	2
-25.7355	33.3216	-0.00104493	0.00019668	2
-25.3362	34.0712	-0.00105361	0.000197221	2
-24.918	34.8126	-0.00106134	0.000197464	2
-24.4812	35.5459	-0.00106813	0.000197405	2
-24.0264	36.2712	-0.001074	0.000197046	2
-23.5537	36.9883	-0.00107897	0.000196384	2
-23.0636	37.6973	-0.00108306	0.000195417	2
-22.5564	38.3982	-0.00108629	0.000194145	2
-22.0325	39.091	-0.00108867	0.000192566	2
-21.4923	39.7758	-0.00109022	0.000190679	2
-20.9361	40.4524	-0.00109096	0.000188483	2
-20.3643	41.1209	-0.00109091	0.000185975	2
-19.7773	41.7813	-0.00109008	0.000183156	2
-19.1753	42.4336	-0.0010885	0.000180023	2
-18.5661	43.0705	-0.00108621	0.000176617	2
-17.9356	43.7067	-0.00108318	0.000172857	2
-17.2913	44.3348	-0.00107945	0.00016878	2
-16.6337	44.9548	-0.00107504	0.000164384	2
-15.9629	45.5667	-0.00106996	0.000159668	2
-15.2794	46.1705	-0.00106423	0.00015463	2
-14.5836	46.7663	-0.00105788	0.00014927	2
-13.8758	47.3539	-0.00105091	0.000143586	2
-13.1564	47.9334	-0.00104335	0.000137576	2
-12.4257	48.5049	-0.00103522	0.00013124	2
-11.6842	49.0682	-0.00102653	0.000124576	2
-10.9321	49.6235	-0.0010173	0.000117582	2
-10.1699	50.1707	-0.00100755	0.000110258	2
-9.39781	50.7098	-0.000997295	0.000102602	2
-8.61634	51.2408	-0.000986559	9.46124e-05	2
-7.82579	51.7637	-0.000975357	8.62883e-05	2
-7.02653	52.2785	-0.000963707	7.76283e-05	2
-6.21893	52.7852	-0.000951628	6.8631e-05	2
-5.40335	53.2838	-0.000939136	5.9295e-05	2
-4.58015	53.7744	-0.000926251	4.96192e-05	2
-3.74969	54.2568	-0.00091299	3.96021e-05	2
-2.91235	54.7312	-0.000899373	2.92424e-05	2
-2.06848	55.1975	-0.000885415	1.85389e-05	2
-1.21845	55.6557	-0.000871137	7.49008e-06	2
-0.372484	56.1007	-0.000856725	-3.77231e-06	2
0.488722	56.5428	-0.000841862	-1.55115e-05	2
1.355	56.9769	-0.000826732	-2.75999e-05	2
2.226	57.4028	-0.000811353	-4.00388e-05	2
3.10134	57.8207	-0.000795744	-5.28296e-05	2
3.98067	58.2305	-0.000779921	-6.59735e-05	2
4.86362	58.6322	-0.000763904	-7.94719e-05	2
5.74983	59.0259	-0.000747711	-9.33261e-05	2
6.63893	59.4115	-0.000731359	-0.000107537	2
7.53057	59.7889	-0.000714867	-0.000122107	2
8.42437	60.1583	-0.000698253	-0.000137037	2
9.31997	60.5197	-0.000681535	-0.000152328	2
10.217	60.8729	-0.000664732	-0.000167981	2
11.1151	61.2181	-0.00064786	-0.000183998	2
12.014	61.5552	-0.000630939	-0.00020038	2
12.9131	61.8842	-0.000613986	-0.000217128	2
13.8123	62.2052	-0.00059702	-0.000234244	2
14.7111	62.518	-0.000580058	-0.000251729	2
15.6091	62.8228	-0.000563119	-0.000269585	2
16.5061	63.1196	-0.000546222	-0.000287812	2
17.4016	63.4082	-0.000529383	-0.000306413	2
18.2952	63.6888	-0.000512621	-0.000325387	2
19.1866	63.9613	-0.000495955	-0.000344738	2
20.0653	64.2228	-0.000479591	-0.000364236	2
20.9513	64.4793	-0.000463168	-0.000384338	2
21.834	64.7277	-0.000446894	-0.000404819	2
22.7131	64.968	-0.000430788	-0.000425681	2

24.997	2.01016	7.17955e-08	-2.14619e-07	2
24.7342	2.88766	5.20247e-06	-1.8432e-05	2
24.4663	3.78325	8.3209e-06	-3.63808e-05	2
24.1965	4.68645	9.39709e-06	-5.38493e-05	2
23.9283	5.58647	8.49466e-06	-7.0648e-05	2
23.6557	6.50393	5.63405e-06	-8.71705e-05	2
23.3822	7.42811	8.56116e-07	-0.000103222	2
23.1081	8.3587	-5.79733e-06	-0.000118804	2
22.8337	9.2954	-1.42845e-05	-0.000133922	2
22.5593	10.2379	-2.45636e-05	-0.000148577	2
22.2852	11.1859	-3.65928e-05	-0.000162773	2
22.0117	12.1391	-5.03302e-05	-0.000176513	2
21.7392	13.0973	-6.57343e-05	-0.000189799	2
21.468	14.06	-8.2763e-05	-0.000202635	2
21.1983	15.027	-0.000101375	-0.000215023	2
20.9306	15.998	-0.000121527	-0.000226967	2
20.665	16.9727	-0.000143179	-0.00023847	2
20.4019	17.9508	-0.000166289	-0.000249534	2
20.1417	18.9319	-0.000190814	-0.000260163	2
19.8846	19.9159	-0.000216713	-0.000270359	2
19.631	20.9023	-0.000243944	-0.000280126	2
19.3812	21.8909	-0.000272466	-0.000289467	2
19.1354	22.8814	-0.000302236	-0.000298384	2
18.894	23.8735	-0.000333212	-0.00030688	2
18.6574	24.8668	-0.000365354	-0.00031496	2
18.4257	25.8611	-0.000398619	-0.000322624	2
18.202	26.8446	-0.000432564	-0.000329796	2
17.9813	27.8399	-0.000467938	-0.000336646	2
17.7665	28.8352	-0.000504309	-0.00034309	2
17.558	29.8304	-0.000541638	-0.000349131	2
17.3561	30.8249	-0.00057988	-0.000354773	2
17.1611	31.8187	-0.000618996	-0.000360018	2
16.9733	32.8113	-0.000658942	-0.000364869	2
16.793	33.8024	-0.000699678	-0.00036933	2
16.6206	34.7918	-0.000741161	-0.000373404	2
16.4563	35.7791	-0.00078335	-0.000377092	2
16.3004	36.764	-0.000826202	-0.0003804	2
16.1534	37.7463	-0.000869676	-0.000383328	2
16.0154	38.7257	-0.00091373	-0.000385881	2
15.8869	39.7017	-0.000958323	-0.000388061	2
15.768	40.6742	-0.00100341	-0.000389872	2
15.6592	41.6428	-0.00104896	-0.000391316	2
15.5608	42.6073	-0.00109491	-0.000392396	2
15.473	43.5673	-0.00114124	-0.000393116	2
15.3961	44.5224	-0.0011879	-0.000393478	2
15.3306	45.4725	-0.00123484	-0.000393485	2
15.2766	46.4172	-0.00128203	-0.00039314	2
15.2346	47.3563	-0.00132943	-0.000392447	2
15.2047	48.2893	-0.00137699	-0.000391408	2
15.1876	49.2054	-0.00142411	-0.000390044	2
15.183	50.1256	-0.00147187	-0.000388327	2
15.1915	51.039	-0.00151966	-0.000386272	2
15.2136	51.9451	-0.00156745	-0.000383884	2
15.2494	52.8437	-0.00161519	-0.000381165	2
15.2993	53.7345	-0.00166284	-0.000378118	2
15.3637	54.6172	-0.00171037	-0.000374747	2
15.4427	55.4915	-0.00175772	-0.000371053	2
15.5368	56.3571	-0.00180485	-0.000367041	2
15.6463	57.2137	-0.00185174	-0.000362713	2
15.7714	58.0609	-0.00189832	-0.000358072	2
15.9125	58.8985	-0.00194457	-0.000353121	2
16.0698	59.7263	-0.00199043	-0.000347863	2
16.2438	60.5437	-0.00203587	-0.000342302	2
16.4347	61.3507	-0.00208085	-0.000336439	2
16.6428	62.1468	-0.00212532	-0.000330278	2
16.8685	62.9318	-0.00216925	-0.000323823	2
17.1121	63.7053	-0.00221258	-0.000317076	2
17.3738	64.4672	-0.00225528	-0.000310039	2
17.6539	65.2169	-0.00229731	-0.000302717	2
17.9529	65.9544	-0.00233863	-0.000295112	2
18.271	66.6791	-0.00237918	-0.000287227	2
18.6085	67.391	-0.00241894	-0.000279065	2
18.9658	68.0895	-0.00245786	-0.000270629	2
19.3386	68.7668	-0.00249546	-0.000262023	2
19.736	69.4381	-0.00253258	-0.000253051	2
20.1541	70.0953	-0.00256874	-0.000243814	2
20.5932	70.738	-0.00260389	-0.000234315	2
21.0536	71.3659	-0.00263799	-0.000224556	2
21.5356	71.9788	-0.00267099	-0.000214542	2
22.0395	72.5763	-0.00270287	-0.000204275	2
22.5656	73.1581	-0.00273357	-0.000193757	2
23.1143	73.724	-0.00276306	-0.000182992	2
23.6859	74.2736	-0.00279128	-0.000171984	2
24.2807	74.8066	-0.00281821	-0.000160734	2
24.8989	75.3228	-0.00284379	-0.000149246	2
25.5409	75.8217	-0.00286799	-0.000137523	2
26.2071	76.3032	-0.00289077	-0.000125567	2
26.8977	76.7668	-0.00291208	-0.000113383	2
27.613	77.2124	-0.00293188	-0.000100972	2
28.3534	77.6396	-0.00295013	-8.83383e-05	2
29.1192	78.0481	-0.00296678	-7.54843e-05	2
29.9106	78.4376	-0.00298181	-6.2413e-05	2
30.7281	78.8078	-0.00299515	-4.91276e-05	2
31.5718	79.1584	-0.00300678	-3.56309e-05	2
32.4422	79.489	-0.00301665	-2.1926e-05	2
33.3395	79.7995	-0.00302471	-8.01591e-06	2
34.2533	80.0862	-0.00303088	5.93311e-06	2
35.2051	80.3556	-0.00303523	2.02425e-05	2
36.1847	80.6039	-0.00303767	3.47481e-05	2
37.1926	80.8307	-0.00303813	4.94471e-05	2

75.0006	2.01105	-2.10166e-07	2.42678e-07	2
75.0337	2.95789	-1.79753e-05	2.01903e-05	2
75.0319	3.90955	-3.53363e-05	3.85406e-05	2
74.9957	4.85506	-5.20997e-05	5.5091e-05	2
74.9267	5.78371	-6.80993e-05	6.97218e-05	2
74.8243	6.71715	-8.3724e-05	8.28131e-05	2
74.6899	7.64461	-9.88011e-05	9.4225e-05	2
74.5243	8.56614	-0.000113347	0.000103998	2
74.3284	9.48182	-0.000127379	0.000112172	2
74.103	10.3917	-0.000140914	0.000118787	2
73.849	11.2958	-0.000153968	0.000123884	2
73.5672	12.1942	-0.000166558	0.000127503	2
73.2585	13.0871	-0.0001787	0.000129684	2
72.9236	13.9743	-0.000190413	0.000130468	2
72.5636	14.856	-0.000201711	0.000129894	2
72.1791	15.7323	-0.000212613	0.000128004	2
71.7711	16.6032	-0.000223134	0.000124837	2
71.3404	17.4688	-0.000233291	0.000120434	2
70.8878	18.329	-0.000243102	0.000114834	2
70.4142	19.1841	-0.000252583	0.000108079	2
69.9204	20.034	-0.00026175	0.000100209	2
69.4074	20.8789	-0.000270621	9.12626e-05	2
68.8758	21.7187	-0.000279211	8.12817e-05	2
68.3266	22.5535	-0.000287539	7.03061e-05	2
67.7606	23.3834	-0.00029562	5.83761e-05	2
67.1787	24.2084	-0.000303472	4.55319e-05	2
66.5886	25.0192	-0.000311023	3.19764e-05	2
65.9774	25.8348	-0.000318468	1.74342e-05	2
65.3529	26.6457	-0.000325732	2.09819e-06	2
64.7158	27.4519	-0.000332834	-1.39913e-05	2
64.067	28.2536	-0.00033979	-3.0794e-05	2
63.4073	29.0508	-0.000346616	-4.82696e-05	2
62.7375	29.8435	-0.000353329	-6.63778e-05	2
62.0586	30.6318	-0.000359946	-8.50785e-05	2
61.3713	31.4159	-0.000366484	-0.000104331	2
60.6765	32.1956	-0.00037296	-0.000124096	2
59.9751	32.9711	-0.000379389	-0.000144332	2
59.2679	33.7425	-0.000385789	-0.000164999	2
58.5557	34.5098	-0.000392178	-0.000186057	2
57.8394	35.2731	-0.00039857	-0.000207467	2
57.1199	36.0324	-0.000404983	-0.000229186	2
56.3979	36.7878	-0.000411435	-0.000251176	2
55.6743	37.5393	-0.000417941	-0.000273395	2
54.95	38.287	-0.000424518	-0.000295804	2
54.2259	39.031	-0.000431183	-0.000318363	2
53.5027	39.7714	-0.000437953	-0.00034103	2
52.7812	40.5081	-0.000444845	-0.000363766	2
52.0625	41.2412	-0.000451874	-0.000386531	2
51.3472	41.9708	-0.000459059	-0.000409284	2
50.6445	42.6887	-0.00046633	-0.000431724	2
49.9387	43.4116	-0.000473872	-0.000454334	2
49.2389	44.1311	-0.00048162	-0.000476811	2
48.546	44.8474	-0.000489589	-0.000499117	2
47.8608	45.5605	-0.000497797	-0.000521209	2
47.1842	46.2704	-0.000506259	-0.000543048	2
46.517	46.9772	-0.000514994	-0.000564595	2
45.86	47.681	-0.000524017	-0.000585807	2
45.2142	48.3819	-0.000533346	-0.000606646	2
44.5803	49.0798	-0.000542997	-0.000627071	2
43.9591	49.7749	-0.000552986	-0.000647041	2
43.3516	50.4672	-0.000563331	-0.000666517	2
42.7586	51.1567	-0.000574049	-0.000685457	2
42.1809	51.8436	-0.000585155	-0.000703823	2
41.6194	52.5279	-0.000596668	-0.000721573	2
41.0749	53.2096	-0.000608602	-0.000738667	2
40.5483	53.8888	-0.000620976	-0.000755065	2
40.0404	54.5656	-0.000633806	-0.000770727	2
39.552	55.24	-0.000647109	-0.000785612	2
39.084	55.9121	-0.000660901	-0.00079968	2
38.6373	56.5819	-0.000675199	-0.000812891	2
38.2127	57.2495	-0.00069002	-0.000825205	2
37.811	57.915	-0.00070538	-0.000836581	2
37.4331	58.5784	-0.000721297	-0.000846979	2
37.0837	59.2322	-0.000737595	-0.000856257	2
36.7556	59.8917	-0.000754668	-0.00086459	2
36.4538	60.5492	-0.000772347	-0.000871825	2
36.1792	61.2049	-0.000790649	-0.000877922	2
35.9325	61.8588	-0.000809592	-0.00088284	2
35.7147	62.511	-0.00082919	-0.000886538	2
35.5267	63.1615	-0.000849463	-0.000888977	2
35.3691	63.8104	-0.000870425	-0.000890116	2
35.2429	64.4577	-0.000892094	-0.000889915	2
35.149	65.1036	-0.000914486	-0.000888334	2
35.0881	65.748	-0.000937619	-0.000885332	2
35.0611	66.3911	-0.000961508	-0.00088087	2
35.0689	67.0328	-0.000986171	-0.000874906	2
35.1124	67.6733	-0.00101162	-0.000867401	2
35.1923	68.3126	-0.00103789	-0.000858314	2
35.3094	68.9507	-0.00106497	-0.000847605	2
35.4648	69.5878	-0.0010929	-0.000835234	2
35.6591	70.2239	-0.00112168	-0.00082116	2
35.8933	70.859	-0.00115134	-0.000805343	2
36.1681	71.4932	-0.00118188	-0.000787744	2
36.4845	72.1265	-0.00121334	-0.000768321	2
36.8433	72.7591	-0.00124572	-0.000747034	2
37.2453	73.3909	-0.00127904	-0.000723844	2
37.6859	74.0149	-0.00131292	-0.000699009	2
38.1764	74.6455	-0.00134816	-0.000671913	2
38.7126	75.2755	-0.00138439	-0.000642792	2
39.2954	75.9051	-0.00142163	-0.000611607	2

124.997	2.01194	-5.31344e-07	3.5298e-07	2
124.74	3.02872	-4.56974e-05	2.998e-05	2
124.457	4.03782	-9.03382e-05	5.84985e-05	2
124.152	5.02766	-0.000133945	8.55768e-05	2
123.829	5.98749	-0.000176055	0.000110949	2
123.482	6.93996	-0.000217671	0.000135226	2
123.113	7.87415	-0.000258318	0.000158127	2
122.724	8.79037	-0.000298021	0.000179671	2
122.316	9.68896	-0.000336799	0.000199881	2
121.887	10.5702	-0.000374677	0.000218778	2
121.44	11.4345	-0.000411676	0.000236382	2
120.974	12.2822	-0.000447818	0.000252715	2
120.49	13.1136	-0.000483125	0.000267799	2
119.988	13.9289	-0.000517621	0.000281654	2
119.468	14.7286	-0.000551326	0.000294301	2
118.932	15.513	-0.000584264	0.000305762	2
118.379	16.2823	-0.000616457	0.000316057	2
117.81	17.037	-0.000647926	0.000325209	2
117.226	17.7774	-0.000678694	0.000333238	2
116.626	18.5037	-0.000708784	0.000340166	2
116.011	19.2164	-0.000738217	0.000346013	2
115.382	19.9157	-0.000767016	0.000350801	2
114.739	20.602	-0.000795203	0.00035455	2
114.083	21.2756	-0.000822801	0.000357283	2
113.413	21.9368	-0.000849831	0.00035902	2
112.731	22.586	-0.000876316	0.000359783	2
112.045	23.2163	-0.000901982	0.0003596	2
111.339	23.8425	-0.000927449	0.000358488	2
110.622	24.4577	-0.000952437	0.000356464	2
109.893	25.0622	-0.000976968	0.000353551	2
109.155	25.6562	-0.00100107	0.000349768	2
108.406	26.2402	-0.00102475	0.000345138	2
107.647	26.8145	-0.00104805	0.000339682	2
106.879	27.3794	-0.00107097	0.00033342	2
106.103	27.9352	-0.00109356	0.000326374	2
105.318	28.4822	-0.00111582	0.000318565	2
104.525	29.0209	-0.00113778	0.000310014	2
103.725	29.5514	-0.00115946	0.000300743	2
102.918	30.0742	-0.00118088	0.000290772	2
102.104	30.5896	-0.00120207	0.000280124	2
101.284	31.0978	-0.00122305	0.000268818	2
100.458	31.5993	-0.00124384	0.000256876	2
99.6265	32.0944	-0.00126446	0.000244319	2
98.7903	32.5833	-0.00128494	0.000231169	2
97.9497	33.0665	-0.00130529	0.000217447	2
97.1049	33.5442	-0.00132555	0.000203174	2
96.2566	34.0168	-0.00134572	0.00018837	2
95.405	34.4846	-0.00136584	0.000173058	2
94.5507	34.9479	-0.00138593	0.000157258	2
93.7039	35.4018	-0.00140577	0.000141182	2
92.8454	35.8573	-0.00142586	0.000124475	2
91.9854	36.3092	-0.00144597	0.000107345	2
91.1243	36.758	-0.00146614	8.98107e-05	2
90.2626	37.204	-0.00148639	7.18949e-05	2
89.4008	37.6475	-0.00150674	5.36184e-05	2
88.5391	38.0888	-0.00152721	3.50023e-05	2
87.6781	38.5283	-0.00154783	1.60678e-05	2
86.8183	38.9663	-0.00156861	-3.16392e-06	2
85.9599	39.4031	-0.00158958	-2.26717e-05	2
85.1035	39.839	-0.00161076	-4.24343e-05	2
84.2495	40.2745	-0.00163217	-6.24305e-05	2
83.3983	40.7097	-0.00165384	-8.26393e-05	2
82.5503	41.1451	-0.00167578	-0.000103039	2
81.7061	41.581	-0.00169803	-0.00012361	2
80.8659	42.0177	-0.00172059	-0.000144329	2
80.0302	42.4555	-0.00174351	-0.000165176	2
79.1996	42.8947	-0.00176678	-0.000186129	2
78.3743	43.3358	-0.00179045	-0.000207168	2
77.5548	43.779	-0.00181453	-0.000228271	2
76.7416	44.2246	-0.00183904	-0.000249417	2
75.9351	44.673	-0.001864	-0.000270585	2
75.1357	45.1245	-0.00188944	-0.000291754	2
74.3438	45.5794	-0.00191539	-0.000312902	2
73.5689	46.0328	-0.00194155	-0.000333766	2
72.7933	46.4956	-0.00196855	-0.000354811	2
72.0265	46.9627	-0.00199612	-0.000375772	2
71.269	47.4347	-0.00202428	-0.000396627	2
70.5211	47.9117	-0.00205305	-0.000417357	2
69.7834	48.3941	-0.00208245	-0.000437939	2
69.0563	48.8822	-0.00211251	-0.000458353	2
68.3401	49.3764	-0.00214324	-0.000478577	2
67.6353	49.877	-0.00217468	-0.00049859	2
66.9423	50.3844	-0.00220683	-0.000518371	2
66.2616	50.8987	-0.00223973	-0.000537899	2
65.5936	51.4205	-0.0022734	-0.000557152	2
64.9387	51.95	-0.00230786	-0.00057611	2
64.2974	52.4875	-0.00234313	-0.000594751	2
63.6701	53.0334	-0.00237923	-0.000613054	2
63.0572	53.588	-0.00241618	-0.000630998	2
62.4591	54.1517	-0.00245402	-0.000648561	2
61.8762	54.7247	-0.00249275	-0.000665724	2
61.3091	55.3073	-0.00253241	-0.000682463	2
60.7581	55.9	-0.00257301	-0.000698758	2
60.2237	56.5031	-0.00261458	-0.000714589	2
59.7063	57.1168	-0.00265714	-0.000729933	2
59.2063	57.7415	-0.00270071	-0.00074477	2
58.7296	58.3702	-0.00274479	-0.000758916	2
58.2655	59.0178	-0.00279044	-0.000772681	2
57.8201	59.6774	-0.00283716	-0.000785875	2
57.3938	60.3493	-0.00288498	-0.000798478	2

