-125.007	2.0132	4.55993e-07	-8.43224e-08	2
-125.63	3.14433	3.80582e-05	-6.63895e-06	2
-126.232	4.27987	7.28918e-05	-1.18849e-05	2
-126.804	5.4066	0.00010456	-1.57641e-05	2
-127.341	6.51171	0.000132811	-1.82812e-05	2
-127.857	7.6209	0.00015836	-1.95206e-05	2
-128.345	8.72126	0.000180921	-1.94717e-05	2
-128.804	9.81276	0.000200552	-1.81608e-05	2
-129.237	10.8954	0.000217313	-1.56142e-05	2
-129.642	11.9692	0.000231263	-1.1858e-05	2
-130.02	13.0341	0.000242462	-6.91852e-06	2
-130.371	14.09	0.000250967	-8.22041e-07	2
-130.696	15.1371	0.000256839	6.4052e-06	2
-130.994	16.1753	0.000260137	1.4737e-05	2
-131.267	17.2045	0.000260919	2.4147e-05	2
-131.514	18.2248	0.000259245	3.4609e-05	2
-131.736	19.2362	0.000255175	4.60968e-05	2
-131.933	20.2386	0.000248767	5.8584e-05	2
-132.105	21.232	0.00024008	7.20445e-05	2
-132.252	22.2164	0.000229175	8.6452e-05	2
-132.376	23.1918	0.000216109	0.00010178	2
-132.475	24.1582	0.000200942	0.000118003	2
-132.55	25.1156	0.000183734	0.000135094	2
-132.602	26.064	0.000164543	0.000153027	2
-132.631	27.0033	0.000143428	0.000171775	2
-132.637	27.9336	0.00012045	0.000191314	2
-132.621	28.8443	9.5961e-05	0.000211377	2
-132.582	29.7565	6.94513e-05	0.000232407	2
-132.522	30.6596	4.12544e-05	0.000254148	2
-132.439	31.5537	1.14292e-05	0.000276574	2
-132.335	32.4386	-1.99649e-05	0.000299658	2
-132.21	33.3144	-5.28688e-05	0.000323375	2
-132.064	34.1811	-8.72233e-05	0.000347697	2
-131.897	35.0387	-0.000122969	0.000372599	2
-131.709	35.887	-0.000160047	0.000398055	2
-131.502	36.7263	-0.000198399	0.000424038	2
-131.274	37.5563	-0.000237964	0.000450522	2
-131.027	38.3771	-0.000278684	0.00047748	2
-130.761	39.1888	-0.000320499	0.000504887	2
-130.476	39.9912	-0.000363351	0.000532717	2
-130.172	40.7844	-0.00040718	0.000560942	2
-129.849	41.5684	-0.000451926	0.000589537	2
-129.508	42.3432	-0.000497532	0.000618475	2
-129.149	43.1086	-0.000543937	0.000647731	2
-128.773	43.8648	-0.000591083	0.000677277	2
-128.379	44.6118	-0.00063891	0.000707089	2
-127.967	45.3494	-0.000687359	0.000737138	2
-127.539	46.0777	-0.000736371	0.0007674	2
-127.095	46.7968	-0.000785887	0.000797848	2
-126.639	47.4984	-0.000835271	0.000828103	2
-126.163	48.1988	-0.000885612	0.000858843	2
-125.67	48.8899	-0.00093628	0.00088969	2
-125.162	49.5717	-0.000987217	0.000920618	2
-124.639	50.2441	-0.00103836	0.000951601	2
-124.1	50.9071	-0.00108966	0.000982613	2
-123.548	51.5607	-0.00114104	0.00101363	2
-122.98	52.2049	-0.00119245	0.00104462	2
-122.399	52.8397	-0.00124384	0.00107556	2
-121.803	53.4651	-0.00129514	0.00110642	2
-121.194	54.081	-0.00134629	0.00113718	2
-120.572	54.6875	-0.00139724	0.00116782	2
-119.937	55.2845	-0.00144792	0.0011983	2
-119.289	55.872	-0.00149828	0.00122859	2
-118.628	56.4501	-0.00154826	0.00125868	2
-117.956	57.0187	-0.00159779	0.00128854	2
-117.271	57.5777	-0.00164682	0.00131813	2
-116.574	58.1273	-0.00169529	0.00134744	2
-115.867	58.6673	-0.00174314	0.00137644	2
-115.148	59.1978	-0.00179031	0.00140509	2
-114.418	59.7187	-0.00183674	0.00143338	2
-113.677	60.23	-0.00188238	0.00146129	2
-112.927	60.7318	-0.00192715	0.00148877	2
-112.166	61.224	-0.00197101	0.00151581	2
-111.405	61.7011	-0.00201341	0.00154207	2
-110.625	62.1742	-0.00205528	0.00156815	2
-109.836	62.6377	-0.00209605	0.00159371	2
-109.038	63.0916	-0.00213567	0.00161872	2
-108.231	63.5358	-0.00217408	0.00164315	2
-107.416	63.9704	-0.00221122	0.00166698	2
-106.593	64.3952	-0.00224703	0.00169019	2
-105.762	64.8105	-0.00228145	0.00171274	2
-104.923	65.216	-0.00231442	0.00173461	2
-104.077	65.6118	-0.00234589	0.00175578	2
-103.224	65.998	-0.00237579	0.00177621	2
-102.364	66.3744	-0.00240406	0.00179588	2
-101.498	66.741	-0.00243065	0.00181477	2
-100.626	67.0979	-0.0024555	0.00183285	2
-99.7472	67.4451	-0.00247854	0.00185009	2
-98.8632	67.7825	-0.00249972	0.00186647	2
-97.9738	68.1101	-0.00251898	0.00188196	2
-97.0793	68.428	-0.00253626	0.00189653	2
-96.1799	68.736	-0.0025515	0.00191016	2
-95.276	69.0342	-0.00256464	0.00192282	2
-94.3678	69.3226	-0.00257562	0.00193448	2
-93.4555	69.6012	-0.00258438	0.00194513	2
-92.5396	69.8699	-0.00259087	0.00195472	2
-91.6307	70.1259	-0.00259499	0.00196315	2
-90.708	70.375	-0.00259678	0.00197059	2
-89.7825	70.6142	-0.00259611	0.0019769	2
-88.8543	70.8435	-0.00259293	0.00198206	2

-75.0019	2.01014	4.65925e-07	5.41763e-08	2
-75.1753	2.88425	3.89657e-05	4.33569e-06	2
-75.3706	3.77221	7.47882e-05	7.92091e-06	2
-75.585	4.66374	0.000107517	1.07762e-05	2
-75.8154	5.54835	0.000136878	1.29013e-05	2
-76.0663	6.44645	0.000163604	1.43661e-05	2
-76.3347	7.34762	0.000187384	1.51623e-05	2
-76.6198	8.25168	0.000208269	1.53104e-05	2
-76.921	9.15848	0.000226308	1.4831e-05	2
-77.2378	10.0678	0.000241551	1.37446e-05	2
-77.5695	10.9796	0.000254048	1.20718e-05	2
-77.9154	11.8936	0.000263848	9.83292e-06	2
-78.275	12.8096	0.000271002	7.04868e-06	2
-78.6477	13.7276	0.000275558	3.73954e-06	2
-79.0327	14.6473	0.000277566	-7.3953e-08	2
-79.4295	15.5686	0.000277076	-4.37128e-06	2
-79.8375	16.4913	0.000274138	-9.1319e-06	2
-80.256	17.4152	0.000268802	-1.43353e-05	2
-80.6844	18.3402	0.000261116	-1.99609e-05	2
-81.1221	19.2661	0.000251131	-2.59883e-05	2
-81.5685	20.1927	0.000238897	-3.23968e-05	2
-82.0229	21.1199	0.000224462	-3.9166e-05	2
-82.4847	22.0476	0.000207878	-4.62754e-05	2
-82.9533	22.9755	0.000189192	-5.37043e-05	2
-83.4281	23.9034	0.000168456	-6.14323e-05	2
-83.9084	24.8313	0.000145719	-6.94388e-05	2
-84.388	25.7483	0.000121324	-7.7607e-05	2
-84.8774	26.6755	9.4755e-05	-8.61064e-05	2
-85.3706	27.6021	6.63329e-05	-9.4823e-05	2
-85.8667	28.528	3.61076e-05	-0.000103736	2
-86.3653	29.453	4.12884e-06	-0.000112826	2
-86.8657	30.3769	-2.95537e-05	-0.000122071	2
-87.3673	31.2996	-6.48904e-05	-0.000131451	2
-87.8695	32.2209	-0.000101831	-0.000140945	2
-88.3715	33.1406	-0.000140327	-0.000150534	2
-88.8729	34.0585	-0.000180328	-0.000160196	2
-89.3729	34.9746	-0.000221785	-0.000169911	2
-89.871	35.8885	-0.000264647	-0.000179659	2
-90.3666	36.8003	-0.000308865	-0.000189418	2
-90.8589	37.7096	-0.00035439	-0.000199169	2
-91.3474	38.6164	-0.000401171	-0.00020889	2
-91.8315	39.5205	-0.00044916	-0.000218562	2
-92.3106	40.4216	-0.000498305	-0.000228164	2
-92.7839	41.3197	-0.000548559	-0.000237675	2
-93.2509	42.2145	-0.000599871	-0.000247075	2
-93.711	43.106	-0.000652191	-0.000256343	2
-94.1635	43.9939	-0.000705469	-0.000265458	2
-94.6079	44.8781	-0.000759657	-0.000274401	2
-95.0434	45.7584	-0.000814704	-0.00028315	2
-95.4646	46.6246	-0.000869915	-0.000291589	2
-95.8808	47.4966	-0.000926523	-0.000299893	2
-96.2863	48.3643	-0.000983842	-0.000307942	2
-96.6805	49.2274	-0.00104182	-0.000315715	2
-97.0627	50.0858	-0.00110042	-0.000323193	2
-97.4324	50.9393	-0.00115957	-0.000330355	2
-97.789	51.7878	-0.00121924	-0.00033718	2
-98.1317	52.6311	-0.00127936	-0.000343647	2
-98.4601	53.469	-0.00133991	-0.000349737	2
-98.7734	54.3013	-0.00140081	-0.000355428	2
-99.071	55.1279	-0.00146203	-0.0003607	2
-99.3523	55.9487	-0.00152351	-0.000365532	2
-99.6167	56.7634	-0.00158521	-0.000369905	2
-99.8636	57.5719	-0.00164707	-0.000373797	2
-100.092	58.374	-0.00170904	-0.000377187	2
-100.302	59.1696	-0.00177109	-0.000380057	2
-100.493	59.9585	-0.00183314	-0.000382384	2
-100.663	60.7405	-0.00189516	-0.000384148	2
-100.813	61.5155	-0.0019571	-0.000385329	2
-100.942	62.2833	-0.00201891	-0.000385907	2
-101.048	63.0437	-0.00208053	-0.00038586	2
-101.132	63.7966	-0.00214192	-0.000385169	2
-101.193	64.5418	-0.00220303	-0.000383812	2
-101.23	65.2791	-0.0022638	-0.000381769	2
-101.243	66.0001	-0.0023235	-0.000379056	2
-101.231	66.7213	-0.00238347	-0.000375588	2
-101.193	67.4341	-0.00244295	-0.000371373	2
-101.129	68.1385	-0.00250191	-0.000366391	2
-101.039	68.8341	-0.00256028	-0.00036062	2
-100.92	69.5209	-0.00261803	-0.000354041	2
-100.774	70.1986	-0.00267509	-0.000346632	2
-100.599	70.8672	-0.00273143	-0.000338373	2
-100.394	71.5264	-0.00278699	-0.000329244	2
-100.159	72.1761	-0.00284172	-0.000319224	2
-99.894	72.8161	-0.00289557	-0.000308293	2
-99.5974	73.4463	-0.0029485	-0.000296429	2
-99.269	74.0665	-0.00300044	-0.000283613	2
-98.908	74.6764	-0.00305136	-0.000269825	2
-98.5139	75.2761	-0.00310121	-0.000255042	2
-98.0861	75.8652	-0.00314992	-0.000239246	2
-97.6239	76.4437	-0.00319747	-0.000222415	2
-97.1266	77.0113	-0.00324378	-0.000204528	2
-96.5937	77.5679	-0.00328882	-0.000185567	2
-96.0246	78.1133	-0.00333254	-0.000165508	2
-95.4186	78.6474	-0.00337488	-0.000144334	2
-94.7751	79.17	-0.00341579	-0.000122022	2
-94.0934	79.6809	-0.00345523	-9.85517e-05	2
-93.3815	80.1743	-0.00349272	-7.41937e-05	2
-92.6222	80.6615	-0.00352909	-4.83606e-05	2
-91.8229	81.1366	-0.00356383	-2.13084e-05	2
-90.9829	81.5993	-0.00359689	6.98351e-06	2

-25.0007	2.01201	2.57487e-08	-1.17658e-07	2
-25.0792	3.03671	2.41434e-06	-1.02985e-05	2
-25.1876	4.05782	5.16598e-06	-2.07188e-05	2
-25.3246	5.0636	8.232e-06	-3.12547e-05	2
-25.4875	6.04306	1.15494e-05	-4.1777e-05	2
-25.6795	7.01925	1.51725e-05	-5.25243e-05	2
-25.8981	7.98098	1.90417e-05	-6.33687e-05	2
-26.1427	8.92854	2.31339e-05	-7.43038e-05	2
-26.4126	9.86223	2.74263e-05	-8.53236e-05	2
-26.7073	10.7823	3.1896e-05	-9.64218e-05	2
-27.0261	11.6891	3.65201e-05	-0.000107592	2
-27.3682	12.5829	4.12757e-05	-0.000118829	2
-27.7332	13.4639	4.61398e-05	-0.000130125	2
-28.1203	14.3325	5.10897e-05	-0.000141475	2
-28.5289	15.189	5.61024e-05	-0.000152872	2
-28.9583	16.0336	6.1155e-05	-0.00016431	2
-29.4079	16.8666	6.62246e-05	-0.000175783	2
-29.8771	17.6884	7.12883e-05	-0.000187285	2
-30.3652	18.4991	7.63233e-05	-0.00019881	2
-30.8715	19.2991	8.13066e-05	-0.000210351	2
-31.3954	20.0888	8.62153e-05	-0.000221902	2
-31.9364	20.8682	9.10266e-05	-0.000233457	2
-32.4936	21.6379	9.57175e-05	-0.000245009	2
-33.0665	22.3979	0.000100265	-0.000256553	2
-33.6544	23.1488	0.000104647	-0.000268083	2
-34.2567	23.8906	0.000108839	-0.000279591	2
-34.8656	24.6153	0.000112775	-0.000290941	2
-35.4946	25.3402	0.000116524	-0.000302389	2
-36.1361	26.0569	0.000120015	-0.000313798	2
-36.7893	26.7658	0.000123226	-0.000325162	2
-37.4537	27.4671	0.000126133	-0.000336473	2
-38.1287	28.1612	0.000128714	-0.000347726	2
-38.8135	28.8483	0.000130947	-0.000358915	2
-39.5075	29.5287	0.000132807	-0.000370034	2
-40.2101	30.2028	0.000134272	-0.000381076	2
-40.9206	30.8708	0.00013532	-0.000392035	2
-41.6384	31.5329	0.000135927	-0.000402904	2
-42.3629	32.1895	0.000136071	-0.000413679	2
-43.0933	32.8409	0.000135728	-0.000424352	2
-43.8291	33.4873	0.000134876	-0.000434917	2
-44.5696	34.1291	0.000133492	-0.000445368	2
-45.3141	34.7665	0.000131552	-0.000455699	2
-46.062	35.3998	0.000129035	-0.000465903	2
-46.8127	36.0293	0.000125916	-0.000475975	2
-47.5656	36.6553	0.000122174	-0.000485908	2
-48.3199	37.2781	0.000117785	-0.000495697	2
-49.075	37.898	0.000112727	-0.000505333	2
-49.8303	38.5152	0.000106976	-0.000514813	2
-50.5851	39.13	0.00010051	-0.000524129	2
-51.3302	39.7358	9.33925e-05	-0.000533171	2
-52.0821	40.3468	8.54357e-05	-0.000542143	2
-52.8317	40.9564	7.66951e-05	-0.000550933	2
-53.5783	41.5647	6.71478e-05	-0.000559534	2
-54.3211	42.1721	5.67709e-05	-0.000567941	2
-55.0596	42.7789	4.55416e-05	-0.000576147	2
-55.7931	43.3854	3.34368e-05	-0.000584146	2
-56.521	43.9918	2.04338e-05	-0.000591932	2
-57.2427	44.5984	6.50962e-06	-0.000599498	2
-57.9574	45.2056	-8.35862e-06	-0.000606839	2
-58.6645	45.8136	-2.41938e-05	-0.000613948	2
-59.3634	46.4226	-4.10189e-05	-0.000620819	2
-60.0535	47.0331	-5.88567e-05	-0.000627445	2
-60.7341	47.6452	-7.77301e-05	-0.000633821	2
-61.4045	48.2593	-9.76621e-05	-0.000639941	2
-62.0641	48.8757	-0.000118676	-0.000645797	2
-62.7123	49.4946	-0.000140793	-0.000651385	2
-63.3484	50.1163	-0.000164038	-0.000656697	2
-63.9717	50.7412	-0.000188433	-0.000661727	2
-64.5817	51.3694	-0.000214002	-0.00066647	2
-65.1777	52.0014	-0.000240766	-0.000670919	2
-65.759	52.6373	-0.000268748	-0.000675068	2
-66.3249	53.2775	-0.000297973	-0.00067891	2
-66.8749	53.9223	-0.000328462	-0.00068244	2
-67.4023	54.5644	-0.000359866	-0.000685616	2
-67.9186	55.219	-0.000392938	-0.000688506	2
-68.417	55.8791	-0.000427343	-0.000691065	2
-68.8969	56.545	-0.000463104	-0.000693286	2
-69.3577	57.2168	-0.000500243	-0.000695164	2
-69.7985	57.8949	-0.000538785	-0.000696693	2
-70.2189	58.5795	-0.00057875	-0.000697865	2
-70.6182	59.2711	-0.000620164	-0.000698675	2
-70.9957	59.9697	-0.000663048	-0.000699117	2
-71.3508	60.6758	-0.000707425	-0.000699184	2
-71.6829	61.3897	-0.000753318	-0.00069887	2
-71.9912	62.1115	-0.00080075	-0.00069817	2
-72.2752	62.8417	-0.000849745	-0.000697076	2
-72.5341	63.5804	-0.000900324	-0.000695583	2
-72.7675	64.3281	-0.000952511	-0.000693684	2
-72.9745	65.0849	-0.00100633	-0.000691374	2
-73.1546	65.8511	-0.0010618	-0.000688645	2
-73.3071	66.6271	-0.00111895	-0.000685492	2
-73.4314	67.4131	-0.00117779	-0.000681909	2
-73.5268	68.2095	-0.00123836	-0.000677889	2
-73.5927	69.0164	-0.00130068	-0.000673426	2
-73.6284	69.8343	-0.00136476	-0.000668514	2
-73.6333	70.6633	-0.00143063	-0.000663147	2
-73.6072	71.4941	-0.00149753	-0.000657388	2
-73.5489	72.3462	-0.00156704	-0.000651098	2
-73.4579	73.2104	-0.0016384	-0.000644333	2
-73.3335	74.0869	-0.00171164	-0.000637088	2

24.997	2.01373	5.89191e-07	-1.85877e-07	2
24.7313	3.18358	5.10062e-05	-1.52561e-05	2
24.4399	4.34519	0.000101501	-2.86807e-05	2
24.1263	5.4852	0.000151485	-4.03047e-05	2
23.7948	6.59123	0.000200396	-5.00555e-05	2
23.4381	7.68937	0.000249372	-5.81902e-05	2
23.0603	8.767	0.000297843	-6.4616e-05	2
22.6618	9.82449	0.000345812	-6.93638e-05	2
22.2431	10.8622	0.000393279	-7.24642e-05	2
21.8044	11.8805	0.000440247	-7.3948e-05	2
21.3462	12.8798	0.000486717	-7.38459e-05	2
20.8688	13.8604	0.000532692	-7.21886e-05	2
20.3727	14.8226	0.000578172	-6.90068e-05	2
19.8583	15.767	0.00062316	-6.43314e-05	2
19.3259	16.6937	0.000667658	-5.81929e-05	2
18.7759	17.6033	0.000711666	-5.06222e-05	2
18.2088	18.496	0.000755188	-4.165e-05	2
17.6249	19.3722	0.000798225	-3.13071e-05	2
17.0245	20.2323	0.000840777	-1.9624e-05	2
16.4082	21.0767	0.000882849	-6.63164e-06	2
15.7762	21.9057	0.00092444	7.63933e-06	2
15.1291	22.7197	0.000965553	2.31582e-05	2
14.467	23.519	0.00100619	3.98941e-05	2
13.7906	24.3041	0.00104635	5.78165e-05	2
13.1001	25.0752	0.00108604	7.68945e-05	2
12.3959	25.8328	0.00112526	9.70975e-05	2
11.6867	26.5688	0.00116356	0.000118144	2
10.9565	27.3005	0.00120185	0.000140492	2
10.2138	28.0198	0.00123967	0.000163874	2
9.45904	28.7271	0.00127702	0.000188258	2
8.69252	29.4226	0.00131392	0.000213614	2
7.91468	30.1067	0.00135035	0.000239911	2
7.12589	30.7799	0.00138632	0.000267117	2
6.32657	31.4424	0.00142184	0.000295204	2
5.51708	32.0947	0.0014569	0.000324139	2
4.69783	32.7372	0.00149151	0.000353892	2
3.86921	33.3701	0.00152566	0.000384432	2
3.0316	33.9938	0.00155937	0.000415729	2
2.1854	34.6088	0.00159263	0.000447751	2
1.33099	35.2153	0.00162544	0.000480469	2
0.468778	35.8138	0.0016578	0.000513851	2
-0.400861	36.4046	0.00168973	0.000547866	2
-1.27753	36.9881	0.00172121	0.000582485	2
-2.16084	37.5646	0.00175225	0.000617675	2
-3.05041	38.1345	0.00178285	0.000653407	2
-3.94583	38.6982	0.00181302	0.00068965	2
-4.84672	39.2561	0.00184275	0.000726373	2
-5.7527	39.8085	0.00187206	0.000763545	2
-6.66336	40.3557	0.00190093	0.000801135	2
-7.56778	40.892	0.00192904	0.000838674	2
-8.4866	41.4302	0.00195706	0.000877006	2
-9.40895	41.9643	0.00198466	0.000915663	2
-10.3344	42.4948	0.00201183	0.000954617	2
-11.2627	43.022	0.00203857	0.000993836	2
-12.1932	43.5462	0.0020649	0.00103329	2
-13.1258	44.0679	0.00209081	0.00107295	2
-14.0599	44.5874	0.0021163	0.00111278	2
-14.9951	45.1051	0.00214138	0.00115275	2
-15.9312	45.6213	0.00216605	0.00119283	2
-16.8677	46.1364	0.0021903	0.001233	2
-17.8041	46.6508	0.00221414	0.00127321	2
-18.7402	47.1649	0.00223758	0.00131345	2
-19.6756	47.6789	0.00226061	0.00135367	2
-20.6097	48.1933	0.00228323	0.00139385	2
-21.5423	48.7084	0.00230545	0.00143396	2
-22.473	49.2247	0.00232728	0.00147396	2
-23.4013	49.7424	0.0023487	0.00151383	2
-24.3269	50.262	0.00236972	0.00155354	2
-25.2494	50.7837	0.00239035	0.00159305	2
-26.1684	51.308	0.00241059	0.00163233	2
-27.0834	51.8353	0.00243043	0.00167135	2
-27.9942	52.3659	0.00244989	0.00171009	2
-28.9004	52.9001	0.00246895	0.00174851	2
-29.7911	53.4322	0.00248742	0.00178614	2
-30.6867	53.9748	0.00250571	0.00182384	2
-31.5765	54.5222	0.00252363	0.00186112	2
-32.4601	55.0747	0.00254116	0.00189796	2
-33.3371	55.6327	0.00255831	0.00193433	2
-34.207	56.1966	0.00257509	0.0019702	2
-35.0695	56.7667	0.00259149	0.00200553	2
-35.9243	57.3434	0.00260751	0.0020403	2
-36.7708	57.9271	0.00262316	0.00207448	2
-37.6088	58.5181	0.00263844	0.00210803	2
-38.4378	59.1168	0.00265335	0.00214092	2
-39.2574	59.7235	0.0026679	0.00217312	2
-40.0673	60.3387	0.00268208	0.00220461	2
-40.8671	60.9627	0.00269589	0.00223535	2
-41.6563	61.5958	0.00270934	0.00226531	2
-42.4346	62.2385	0.00272243	0.00229446	2
-43.2016	62.8911	0.00273517	0.00232277	2
-43.9569	63.5539	0.00274754	0.00235021	2
-44.7001	64.2274	0.00275956	0.00237674	2
-45.4308	64.9118	0.00277123	0.00240234	2
-46.1486	65.6076	0.00278255	0.00242698	2
-46.8532	66.3152	0.00279351	0.00245063	2
-47.5441	67.0348	0.00280413	0.00247324	2
-48.2133	67.7584	0.00281429	0.00249457	2
-48.8759	68.5032	0.00282422	0.00251506	2
-49.5237	69.2611	0.00283381	0.00253443	2
-50.1563	70.0326	0.00284306	0.00255265	2

74.9958	2.0126	5.46808e-07	1.65932e-07	2
74.6421	3.09448	4.74906e-05	1.39681e-05	2
74.3009	4.18546	9.48191e-05	2.69944e-05	2
73.9762	5.27297	0.00014199	3.90864e-05	2
73.6713	6.34462	0.000188469	5.01285e-05	2
73.3789	7.42536	0.000235341	6.03851e-05	2
73.1024	8.50273	0.00028207	6.973e-05	2
72.8418	9.57677	0.000328661	7.81706e-05	2
72.5968	10.6475	0.000375117	8.57147e-05	2
72.3672	11.715	0.000421445	9.23697e-05	2
72.1528	12.7793	0.000467649	9.81431e-05	2
71.9536	13.8403	0.000513733	0.000103043	2
71.7692	14.8982	0.000559702	0.000107076	2
71.5995	15.953	0.000605562	0.00011025	2
71.4444	17.0047	0.000651316	0.000112573	2
71.3036	18.0533	0.000696969	0.000114052	2
71.177	19.0988	0.000742527	0.000114695	2
71.0644	20.1414	0.000787994	0.00011451	2
70.9656	21.1811	0.000833375	0.000113503	2
70.8805	22.2177	0.000878674	0.000111683	2
70.8087	23.2515	0.000923897	0.000109056	2
70.7503	24.2825	0.000969048	0.000105632	2
70.7049	25.3106	0.00101413	0.000101416	2
70.6725	26.3359	0.00105915	9.64172e-05	2
70.6528	27.3584	0.00110411	9.06426e-05	2
70.6456	28.3782	0.00114903	8.40997e-05	2
70.6507	29.3837	0.00119337	7.68845e-05	2
70.668	30.3982	0.00123819	6.88365e-05	2
70.6972	31.41	0.00128297	6.00428e-05	2
70.7383	32.4193	0.00132772	5.05111e-05	2
70.7911	33.426	0.00137243	4.02488e-05	2
70.8553	34.4302	0.00141713	2.92636e-05	2
70.9308	35.4318	0.0014618	1.75629e-05	2
71.0175	36.431	0.00150646	5.15434e-06	2
71.115	37.4278	0.0015511	-7.95454e-06	2
71.2233	38.4222	0.00159574	-2.17562e-05	2
71.3422	39.4142	0.00164039	-3.6243e-05	2
71.4715	40.4039	0.00168503	-5.14076e-05	2
71.611	41.3913	0.00172968	-6.72422e-05	2
71.7605	42.3764	0.00177435	-8.37394e-05	2
71.9199	43.3593	0.00181904	-0.000100892	2
72.0889	44.34	0.00186374	-0.000118691	2
72.2674	45.3185	0.00190848	-0.000137131	2
72.4553	46.2949	0.00195325	-0.000156203	2
72.6523	47.2693	0.00199805	-0.000175899	2
72.8582	48.2415	0.0020429	-0.000196213	2
73.0729	49.2117	0.00208779	-0.000217137	2
73.2961	50.1799	0.00213274	-0.000238663	2
73.5278	51.1462	0.00217774	-0.000260783	2
73.7649	52.0994	0.00222229	-0.000283226	2
74.0128	53.0619	0.00226741	-0.000306506	2
74.2686	54.0224	0.00231261	-0.000330358	2
74.532	54.9812	0.00235788	-0.000354775	2
74.8029	55.9381	0.00240324	-0.000379748	2
75.0812	56.8933	0.00244867	-0.000405271	2
75.3666	57.8468	0.0024942	-0.000431336	2
75.659	58.7985	0.00253982	-0.000457935	2
75.9582	59.7486	0.00258554	-0.000485061	2
76.264	60.6971	0.00263137	-0.000512705	2
76.5763	61.644	0.0026773	-0.000540862	2
76.8947	62.5893	0.00272334	-0.000569522	2
77.2193	63.533	0.00276951	-0.000598679	2
77.5497	64.4753	0.00281579	-0.000628324	2
77.8859	65.4161	0.0028622	-0.000658452	2
78.2275	66.3555	0.00290875	-0.000689052	2
78.5746	67.2935	0.00295543	-0.00072012	2
78.9267	68.2301	0.00300226	-0.000751646	2
79.2839	69.1653	0.00304923	-0.000783623	2
79.6459	70.0993	0.00309635	-0.000816043	2
80.0125	71.032	0.00314362	-0.0008489	2
80.3836	71.9635	0.00319106	-0.000882185	2
80.7589	72.8938	0.00323866	-0.000915891	2
81.1384	73.8229	0.00328644	-0.000950011	2
81.5173	74.7403	0.00333383	-0.000984137	2
81.9043	75.6672	0.00338196	-0.00101906	2
82.2948	76.593	0.00343027	-0.00105437	2
82.6888	77.5178	0.00347877	-0.00109006	2
83.0859	78.4416	0.00352746	-0.00112613	2
83.486	79.3644	0.00357635	-0.00116256	2
83.889	80.2864	0.00362545	-0.00119936	2
84.2946	81.2074	0.00367475	-0.00123651	2
84.7027	82.1275	0.00372426	-0.00127401	2
85.113	83.0468	0.003774	-0.00131184	2
85.5255	83.9653	0.00382395	-0.00135001	2
85.9399	84.8831	0.00387413	-0.00138849	2
86.3561	85.8001	0.00392455	-0.0014273	2
86.7738	86.7164	0.0039752	-0.00146641	2
87.1929	87.632	0.00402609	-0.00150582	2
87.6132	88.5471	0.00407723	-0.00154552	2
88.0345	89.4615	0.00412862	-0.00158551	2
88.4567	90.3753	0.00418026	-0.00162578	2
88.8796	91.2886	0.00423217	-0.00166631	2
89.3029	92.2015	0.00428434	-0.00170711	2
89.7266	93.1138	0.00433678	-0.00174816	2
90.1504	94.0257	0.00438949	-0.00178946	2
90.5741	94.9373	0.00444249	-0.001831	2
90.9927	95.8379	0.00449515	-0.00187229	2
91.4158	96.7488	0.00454871	-0.00191429	2
91.8383	97.6593	0.00460257	-0.0019565	2
92.26	98.5695	0.00465672	-0.00199892	2

124.997	2.01344	-2.76605e-07	-1.22537e-07	2
124.786	3.15792	-2.45598e-05	-9.75933e-06	2
124.605	4.29351	-5.01061e-05	-1.77142e-05	2
124.455	5.40704	-7.66161e-05	-2.38937e-05	2
124.338	6.48638	-0.000103746	-2.82858e-05	2
124.251	7.5569	-0.000132104	-3.10213e-05	2
124.194	8.60622	-0.000161357	-3.20683e-05	2
124.167	9.63462	-0.000191483	-3.14559e-05	2
124.169	10.6424	-0.000222457	-2.92131e-05	2
124.201	11.6298	-0.000254258	-2.5369e-05	2
124.262	12.5971	-0.000286862	-1.99527e-05	2
124.35	13.5447	-0.000320247	-1.29932e-05	2
124.467	14.4727	-0.000354389	-4.51962e-06	2
124.611	15.3815	-0.000389266	5.43901e-06	2
124.782	16.2714	-0.000424855	1.68536e-05	2
124.98	17.1426	-0.000461132	2.96951e-05	2
125.203	17.9955	-0.000498075	4.39345e-05	2
125.452	18.8302	-0.000535661	5.95426e-05	2
125.726	19.6472	-0.000573867	7.64904e-05	2
126.025	20.4466	-0.00061267	9.47488e-05	2
126.348	21.2289	-0.000652047	0.000114289	2
126.695	21.9941	-0.000691975	0.000135081	2
127.065	22.7427	-0.000732431	0.000157097	2
127.458	23.4749	-0.000773393	0.000180307	2
127.874	24.191	-0.000814837	0.000204683	2
128.311	24.8913	-0.00085674	0.000230195	2
128.765	25.5682	-0.000898591	0.000256502	2
129.244	26.2379	-0.00094134	0.000284186	2
129.745	26.8926	-0.000984479	0.000312921	2
130.265	27.5326	-0.00102799	0.000342675	2
130.806	28.1582	-0.00107184	0.000373421	2
131.365	28.7696	-0.00111601	0.000405129	2
131.944	29.3673	-0.00116049	0.000437769	2
132.541	29.9513	-0.00120524	0.000471314	2
133.155	30.5221	-0.00125024	0.000505734	2
133.788	31.08	-0.00129548	0.000541	2
134.437	31.6251	-0.00134092	0.000577083	2
135.103	32.1578	-0.00138654	0.000613953	2
135.785	32.6783	-0.00143233	0.000651582	2
136.482	33.187	-0.00147826	0.000689941	2
137.195	33.6842	-0.0015243	0.000729	2
137.923	34.17	-0.00157043	0.00076873	2
138.665	34.6448	-0.00161664	0.000809104	2
139.421	35.109	-0.00166289	0.00085009	2
140.19	35.5627	-0.00170916	0.000891661	2
140.973	36.0062	-0.00175544	0.000933787	2
141.767	36.4398	-0.00180169	0.000976439	2
142.574	36.8639	-0.0018479	0.00101959	2
143.393	37.2787	-0.00189404	0.0010632	2
144.213	37.6798	-0.00193957	0.00110675	2
145.053	38.0769	-0.0019855	0.00115121	2
145.904	38.4656	-0.00203131	0.00119606	2
146.765	38.8461	-0.00207695	0.00124125	2
147.634	39.2187	-0.00212241	0.00128677	2
148.513	39.5837	-0.00216767	0.00133258	2
149.401	39.9413	-0.0022127	0.00137866	2
150.296	40.292	-0.00225747	0.00142497	2
151.199	40.6359	-0.00230198	0.00147149	2
152.109	40.9733	-0.00234618	0.00151818	2
153.026	41.3045	-0.00239007	0.00156503	2
153.949	41.6298	-0.00243361	0.00161199	2
154.878	41.9495	-0.00247679	0.00165905	2
155.812	42.2638	-0.00251958	0.00170617	2
156.751	42.5731	-0.00256196	0.00175331	2
157.694	42.8777	-0.00260391	0.00180047	2
158.642	43.1777	-0.00264539	0.00184759	2
159.593	43.4736	-0.0026864	0.00189466	2
160.547	43.7655	-0.0027269	0.00194165	2
161.503	44.0538	-0.00276688	0.00198853	2
162.462	44.3387	-0.00280631	0.00203526	2
163.423	44.6205	-0.00284517	0.00208182	2
164.385	44.8996	-0.00288343	0.00212818	2
165.348	45.1762	-0.00292107	0.00217431	2
166.3	45.4474	-0.00295765	0.00221966	2
167.263	45.7198	-0.002994	0.00226525	2
168.226	45.9906	-0.00302966	0.00231052	2
169.187	46.26	-0.00306461	0.00235545	2
170.148	46.5283	-0.00309883	0.00240001	2
171.106	46.7959	-0.00313229	0.00244416	2
172.062	47.0628	-0.00316498	0.00248788	2
173.015	47.3296	-0.00319686	0.00253113	2
173.966	47.5964	-0.00322793	0.0025739	2
174.912	47.8635	-0.00325814	0.00261614	2
175.854	48.1313	-0.00328748	0.00265784	2
176.792	48.3999	-0.00331593	0.00269896	2
177.725	48.6697	-0.00334347	0.00273948	2
178.653	48.941	-0.00337007	0.00277935	2
179.574	49.214	-0.0033957	0.00281857	2
180.489	49.4891	-0.00342035	0.00285708	2
181.397	49.7664	-0.003444	0.00289488	2
182.299	50.0464	-0.00346661	0.00293192	2
183.192	50.3292	-0.00348817	0.00296818	2
184.077	50.6152	-0.00350865	0.00300364	2
184.954	50.9047	-0.00352804	0.00303825	2
185.821	51.1979	-0.0035463	0.00307199	2
186.679	51.4951	-0.00356342	0.00310484	2
187.518	51.7931	-0.00357919	0.0031364	2
188.356	52.0991	-0.00359397	0.00316737	2
189.183	52.41	-0.00360752	0.00319736	2
189.998	52.726	-0.00361985	0.00322634	2

