-125	2.01028	4.58399e-07	4.30719e-08	2
-125.022	2.8948	3.86431e-05	3.34113e-06	2
-125.075	3.79076	7.48071e-05	5.87291e-06	2
-125.157	4.68779	0.00010853	7.61396e-06	2
-125.268	5.57545	0.000139502	8.57606e-06	2
-125.407	6.47429	0.000168481	8.80004e-06	2
-125.574	7.3739	0.000195131	8.28892e-06	2
-125.767	8.27417	0.000219489	7.06131e-06	2
-125.986	9.175	0.000241593	5.13583e-06	2
-126.23	10.0763	0.000261481	2.53111e-06	2
-126.499	10.9779	0.00027919	-7.34254e-07	2
-126.791	11.8799	0.000294757	-4.64163e-06	2
-127.105	12.7819	0.00030822	-9.17242e-06	2
-127.442	13.6841	0.000319617	-1.4308e-05	2
-127.799	14.5861	0.000328985	-2.00297e-05	2
-128.177	15.4881	0.000336363	-2.6319e-05	2
-128.574	16.3898	0.000341786	-3.31572e-05	2
-128.99	17.2912	0.000345294	-4.05258e-05	2
-129.424	18.1921	0.000346923	-4.8406e-05	2
-129.875	19.0925	0.000346711	-5.67794e-05	2
-130.342	19.9922	0.000344696	-6.56272e-05	2
-130.825	20.8912	0.000340915	-7.49308e-05	2
-131.323	21.7894	0.000335406	-8.46717e-05	2
-131.835	22.6866	0.000328207	-9.48313e-05	2
-132.36	23.5827	0.000319354	-0.000105391	2
-132.897	24.4777	0.000308886	-0.000116332	2
-133.439	25.3612	0.000296987	-0.000127503	2
-133.999	26.2537	0.000283418	-0.000139147	2
-134.569	27.1446	0.000268346	-0.000151117	2
-135.147	28.0341	0.000251808	-0.000163394	2
-135.735	28.9219	0.000233842	-0.00017596	2
-136.33	29.8079	0.000214485	-0.000188795	2
-136.932	30.6921	0.000193776	-0.000201881	2
-137.54	31.5744	0.000171751	-0.000215201	2
-138.153	32.4546	0.000148448	-0.000228734	2
-138.771	33.3326	0.000123905	-0.000242463	2
-139.392	34.2084	9.81593e-05	-0.000256368	2
-140.017	35.0819	7.12484e-05	-0.000270432	2
-140.643	35.9529	4.321e-05	-0.000284636	2
-141.271	36.8213	1.40816e-05	-0.00029896	2
-141.9	37.6871	-1.60993e-05	-0.000313387	2
-142.528	38.5502	-4.7295e-05	-0.000327897	2
-143.155	39.4104	-7.9468e-05	-0.000342473	2
-143.78	40.2676	-0.000112581	-0.000357095	2
-144.403	41.1218	-0.000146596	-0.000371745	2
-145.023	41.9728	-0.000181475	-0.000386404	2
-145.638	42.8206	-0.000217182	-0.000401054	2
-146.248	43.665	-0.000253678	-0.000415676	2
-146.853	44.506	-0.000290926	-0.000430251	2
-147.444	45.3338	-0.000328448	-0.000444595	2
-148.035	46.1676	-0.00036708	-0.000459023	2
-148.618	46.9977	-0.000406351	-0.000473348	2
-149.192	47.8238	-0.000446224	-0.000487552	2
-149.756	48.6461	-0.000486662	-0.000501617	2
-150.309	49.4642	-0.000527627	-0.000515524	2
-150.852	50.2783	-0.000569081	-0.000529254	2
-151.382	51.088	-0.000610987	-0.000542789	2
-151.899	51.8934	-0.000653307	-0.00055611	2
-152.403	52.6944	-0.000696004	-0.000569199	2
-152.893	53.4907	-0.00073904	-0.000582036	2
-153.367	54.2825	-0.000782377	-0.000594604	2
-153.825	55.0694	-0.000825979	-0.000606883	2
-154.266	55.8515	-0.000869807	-0.000618855	2
-154.69	56.6287	-0.000913824	-0.000630502	2
-155.095	57.4007	-0.000957992	-0.000641804	2
-155.482	58.1677	-0.00100227	-0.000652744	2
-155.848	58.9293	-0.00104663	-0.000663302	2
-156.194	59.6856	-0.00109103	-0.00067346	2
-156.518	60.4364	-0.00113543	-0.0006832	2
-156.819	61.1817	-0.00117979	-0.000692502	2
-157.098	61.9213	-0.00122407	-0.000701348	2
-157.353	62.6551	-0.00126825	-0.000709719	2
-157.583	63.3831	-0.00131228	-0.000717598	2
-157.785	64.0968	-0.00135561	-0.000724883	2
-157.964	64.8128	-0.00139923	-0.000731725	2
-158.115	65.5227	-0.00144259	-0.000738019	2
-158.239	66.2263	-0.00148564	-0.000743745	2
-158.334	66.9235	-0.00152836	-0.000748886	2
-158.4	67.6142	-0.00157071	-0.000753421	2
-158.435	68.2984	-0.00161264	-0.000757334	2
-158.439	68.9759	-0.00165413	-0.000760604	2
-158.412	69.6466	-0.00169513	-0.000763214	2
-158.352	70.3105	-0.0017356	-0.000765145	2
-158.259	70.9674	-0.00177551	-0.000766379	2
-158.131	71.6172	-0.00181483	-0.000766895	2
-157.969	72.2599	-0.0018535	-0.000766677	2
-157.771	72.8953	-0.0018915	-0.000765706	2
-157.536	73.5233	-0.00192879	-0.000763962	2
-157.264	74.1438	-0.00196533	-0.000761427	2
-156.954	74.7568	-0.00200108	-0.000758083	2
-156.606	75.3621	-0.002036	-0.000753911	2
-156.217	75.9596	-0.00207007	-0.000748892	2
-155.788	76.5493	-0.00210323	-0.000743008	2
-155.318	77.131	-0.00213546	-0.000736241	2
-154.805	77.7046	-0.00216671	-0.00072857	2
-154.25	78.27	-0.00219694	-0.000719979	2
-153.658	78.8208	-0.0022258	-0.000710562	2
-153.016	79.3697	-0.00225391	-0.000700084	2
-152.328	79.9101	-0.0022809	-0.000688629	2
-151.594	80.4419	-0.00230672	-0.000676178	2

-75.0008	2.01142	-1.12805e-07	-1.44997e-07	2
-75.0796	2.98567	-9.52968e-06	-1.26141e-05	2
-75.1872	3.95599	-1.84993e-05	-2.52292e-05	2
-75.3221	4.91124	-2.69318e-05	-3.7849e-05	2
-75.4819	5.84099	-3.47622e-05	-5.03318e-05	2
-75.6696	6.76714	-4.21954e-05	-6.29714e-05	2
-75.883	7.67907	-4.91603e-05	-7.56263e-05	2
-76.1215	8.57707	-5.56802e-05	-8.83e-05	2
-76.3846	9.46142	-6.17779e-05	-0.000100996	2
-76.6717	10.3324	-6.74766e-05	-0.000113718	2
-76.9822	11.1903	-7.27993e-05	-0.00012647	2
-77.3155	12.0354	-7.7769e-05	-0.000139254	2
-77.6712	12.868	-8.24088e-05	-0.000152076	2
-78.0485	13.6884	-8.67417e-05	-0.000164937	2
-78.447	14.4968	-9.07907e-05	-0.000177842	2
-78.8661	15.2936	-9.4579e-05	-0.000190795	2
-79.3052	16.079	-9.81295e-05	-0.000203798	2
-79.7637	16.8533	-0.000101465	-0.000216856	2
-80.2411	17.6168	-0.000104609	-0.000229972	2
-80.7369	18.3697	-0.000107585	-0.000243149	2
-81.2503	19.1124	-0.000110415	-0.000256392	2
-81.781	19.8452	-0.000113122	-0.000269703	2
-82.3283	20.5683	-0.00011573	-0.000283086	2
-82.8916	21.282	-0.000118261	-0.000296546	2
-83.4704	21.9866	-0.000120739	-0.000310084	2
-84.0641	22.6824	-0.000123187	-0.000323706	2
-84.665	23.3618	-0.000125599	-0.000337255	2
-85.2867	24.0409	-0.000128054	-0.000351052	2
-85.9216	24.712	-0.000130548	-0.000364943	2
-86.5691	25.3754	-0.000133104	-0.00037893	2
-87.2287	26.0314	-0.000135744	-0.000393018	2
-87.8998	26.6803	-0.000138492	-0.000407211	2
-88.5818	27.3224	-0.00014137	-0.000421511	2
-89.2742	27.9579	-0.000144402	-0.000435922	2
-89.9765	28.5871	-0.000147611	-0.000450449	2
-90.6879	29.2103	-0.00015102	-0.000465094	2
-91.4081	29.8279	-0.000154651	-0.000479861	2
-92.1363	30.44	-0.000158528	-0.000494753	2
-92.8721	31.047	-0.000162674	-0.000509775	2
-93.6149	31.6492	-0.000167112	-0.000524929	2
-94.3641	32.2468	-0.000171865	-0.00054022	2
-95.1191	32.8401	-0.000176957	-0.00055565	2
-95.8793	33.4294	-0.000182409	-0.000571224	2
-96.6443	34.0149	-0.000188245	-0.000586944	2
-97.4134	34.5971	-0.000194488	-0.000602816	2
-98.1861	35.1761	-0.000201162	-0.000618841	2
-98.9618	35.7523	-0.000208288	-0.000635024	2
-99.7399	36.3258	-0.000215891	-0.000651368	2
-100.52	36.8971	-0.000223994	-0.000667876	2
-101.292	37.4598	-0.000232516	-0.000684361	2
-102.074	38.0274	-0.00024168	-0.000701208	2
-102.856	38.5935	-0.000251412	-0.00071823	2
-103.638	39.1585	-0.000261735	-0.000735431	2
-104.419	39.7225	-0.000272672	-0.000752815	2
-105.198	40.286	-0.000284246	-0.000770385	2
-105.975	40.8492	-0.000296481	-0.000788144	2
-106.75	41.4123	-0.0003094	-0.000806096	2
-107.521	41.9757	-0.000323024	-0.000824246	2
-108.289	42.5397	-0.000337378	-0.000842595	2
-109.052	43.1044	-0.000352485	-0.000861149	2
-109.81	43.6703	-0.000368367	-0.000879909	2
-110.562	44.2376	-0.000385048	-0.000898881	2
-111.309	44.8065	-0.00040255	-0.000918067	2
-112.049	45.3774	-0.000420897	-0.000937472	2
-112.782	45.9506	-0.000440112	-0.000957098	2
-113.507	46.5263	-0.000460218	-0.000976949	2
-114.223	47.1048	-0.000481237	-0.000997029	2
-114.931	47.6863	-0.000503193	-0.00101734	2
-115.629	48.2713	-0.000526109	-0.00103789	2
-116.317	48.8599	-0.000550008	-0.00105868	2
-116.995	49.4525	-0.000574913	-0.00107971	2
-117.661	50.0493	-0.000600847	-0.00110098	2
-118.316	50.6507	-0.000627833	-0.00112251	2
-118.951	51.2498	-0.000655565	-0.00114404	2
-119.581	51.861	-0.000684711	-0.00116608	2
-120.197	52.4775	-0.000714979	-0.00118837	2
-120.799	53.0997	-0.00074639	-0.00121093	2
-121.387	53.7278	-0.000778968	-0.00123376	2
-121.959	54.3621	-0.000812736	-0.00125686	2
-122.516	55.0029	-0.000847718	-0.00128023	2
-123.056	55.6505	-0.000883935	-0.00130389	2
-123.58	56.3052	-0.000921412	-0.00132782	2
-124.086	56.9672	-0.00096017	-0.00135204	2
-124.574	57.6368	-0.00100023	-0.00137655	2
-125.044	58.3144	-0.00104163	-0.00140136	2
-125.494	59.0002	-0.00108437	-0.00142646	2
-125.925	59.6945	-0.00112849	-0.00145186	2
-126.336	60.3975	-0.001174	-0.00147756	2
-126.726	61.1096	-0.00122094	-0.00150357	2
-127.094	61.8311	-0.00126932	-0.00152989	2
-127.44	62.5621	-0.00131916	-0.00155652	2
-127.764	63.3031	-0.0013705	-0.00158347	2
-128.065	64.0542	-0.00142335	-0.00161075	2
-128.342	64.8159	-0.00147773	-0.00163835	2
-128.595	65.5883	-0.00153367	-0.00166627	2
-128.824	66.3717	-0.0015912	-0.00169453	2
-129.024	67.1573	-0.00164964	-0.00172279	2
-129.201	67.9635	-0.00171038	-0.00175172	2
-129.352	68.7816	-0.00177276	-0.001781	2
-129.476	69.6119	-0.00183683	-0.00181061	2

-25.0009	2.01238	3.87286e-07	-4.88824e-07	2
-25.0923	3.07101	3.45094e-05	-4.10413e-05	2
-25.2058	4.12926	7.06499e-05	-7.91095e-05	2
-25.3403	5.17496	0.000108392	-0.000114256	2
-25.4934	6.19652	0.000147247	-0.000146177	2
-25.6684	7.21789	0.00018809	-0.000175667	2
-25.8633	8.22734	0.000230449	-0.000202389	2
-26.0776	9.22507	0.000274294	-0.000226394	2
-26.3112	10.2113	0.000319598	-0.000247734	2
-26.5635	11.1862	0.000366331	-0.000266461	2
-26.8343	12.1501	0.000414465	-0.000282626	2
-27.1232	13.103	0.00046397	-0.00029628	2
-27.4299	14.0453	0.000514818	-0.000307476	2
-27.754	14.9771	0.00056698	-0.000316263	2
-28.0952	15.8987	0.000620427	-0.000322695	2
-28.453	16.8102	0.00067513	-0.000326822	2
-28.8272	17.7118	0.00073106	-0.000328695	2
-29.2175	18.6039	0.000788189	-0.000328368	2
-29.6234	19.4865	0.000846488	-0.000325889	2
-30.0446	20.3599	0.000905928	-0.000321312	2
-30.4808	21.2243	0.000966479	-0.000314688	2
-30.9315	22.0799	0.00102811	-0.000306068	2
-31.3966	22.9269	0.0010908	-0.000295503	2
-31.8755	23.7655	0.00115452	-0.000283046	2
-32.368	24.596	0.00121923	-0.000268747	2
-32.8737	25.4185	0.00128491	-0.000252659	2
-33.3863	26.2239	0.00135075	-0.000235046	2
-33.9172	27.0312	0.00141827	-0.000215551	2
-34.4603	27.8312	0.00148667	-0.000194419	2
-35.0152	28.624	0.00155592	-0.000171704	2
-35.5816	29.4099	0.00162599	-0.000147454	2
-36.1591	30.189	0.00169686	-0.000121724	2
-36.7474	30.9617	0.0017685	-9.45624e-05	2
-37.346	31.7281	0.00184087	-6.60225e-05	2
-37.9548	32.4884	0.00191395	-3.61552e-05	2
-38.5732	33.2428	0.00198771	-5.01215e-06	2
-39.201	33.9915	0.00206213	2.73553e-05	2
-39.8378	34.7348	0.00213716	6.08957e-05	2
-40.4833	35.4728	0.00221279	9.55575e-05	2
-41.1371	36.2058	0.00228898	0.000131289	2
-41.7988	36.934	0.0023657	0.00016804	2
-42.4682	37.6575	0.00244293	0.000205757	2
-43.1448	38.3766	0.00252064	0.00024439	2
-43.8283	39.0914	0.0025988	0.000283887	2
-44.5184	39.8023	0.00267738	0.000324196	2
-45.2147	40.5094	0.00275635	0.000365267	2
-45.9169	41.2129	0.00283568	0.000407047	2
-46.6245	41.913	0.00291534	0.000449486	2
-47.3374	42.61	0.00299531	0.000492531	2
-48.0467	43.296	0.00307463	0.000535628	2
-48.7688	43.9873	0.00315512	0.000579727	2
-49.4949	44.676	0.00323583	0.000624279	2
-50.2248	45.3624	0.00331672	0.000669232	2
-50.9582	46.0467	0.00339778	0.000714535	2
-51.6946	46.729	0.00347897	0.000760137	2
-52.4337	47.4096	0.00356026	0.000805986	2
-53.1751	48.0888	0.00364162	0.00085203	2
-53.9186	48.7666	0.00372303	0.000898219	2
-54.6638	49.4433	0.00380446	0.0009445	2
-55.4102	50.1192	0.00388587	0.000990822	2
-56.1576	50.7944	0.00396724	0.00103713	2
-56.9057	51.4692	0.00404855	0.00108338	2
-57.654	52.1436	0.00412975	0.00112952	2
-58.4022	52.8181	0.00421082	0.00117549	2
-59.1499	53.4927	0.00429174	0.00122125	2
-59.8969	54.1677	0.00437247	0.00126674	2
-60.6427	54.8433	0.00445299	0.00131191	2
-61.3871	55.5196	0.00453326	0.00135671	2
-62.1296	56.197	0.00461326	0.00140108	2
-62.8699	56.8756	0.00469296	0.00144499	2
-63.6076	57.5555	0.00477233	0.00148836	2
-64.3425	58.2371	0.00485134	0.00153117	2
-65.0742	58.9206	0.00492997	0.00157334	2
-65.7939	59.5982	0.00500728	0.00161436	2
-66.518	60.2859	0.00508505	0.00165513	2
-67.2379	60.9761	0.00516234	0.00169512	2
-67.9531	61.6689	0.00523913	0.00173428	2
-68.6634	62.3646	0.00531539	0.00177255	2
-69.3683	63.0634	0.00539108	0.00180989	2
-70.0675	63.7655	0.00546619	0.00184624	2
-70.7606	64.4711	0.00554068	0.00188155	2
-71.4474	65.1804	0.00561453	0.00191577	2
-72.1275	65.8936	0.00568769	0.00194884	2
-72.8005	66.6109	0.00576016	0.00198073	2
-73.466	67.3326	0.00583189	0.00201137	2
-74.1237	68.0588	0.00590285	0.00204071	2
-74.7733	68.7897	0.00597303	0.0020687	2
-75.4144	69.5256	0.00604238	0.0020953	2
-76.0467	70.2667	0.00611089	0.00212044	2
-76.6698	71.0132	0.00617852	0.00214408	2
-77.2833	71.7652	0.00624524	0.00216617	2
-77.887	72.5231	0.00631102	0.00218665	2
-78.4804	73.2869	0.00637585	0.00220548	2
-79.0632	74.057	0.00643967	0.00222259	2
-79.6351	74.8335	0.00650248	0.00223795	2
-80.1956	75.6166	0.00656423	0.0022515	2
-80.7383	76.3974	0.00662422	0.00226306	2
-81.2754	77.1943	0.0066838	0.00227285	2
-81.8002	77.9984	0.00674224	0.00228068	2
-82.3123	78.81	0.00679952	0.00228649	2

24.9985	2.01273	8.29851e-07	-5.91981e-08	2
24.8811	3.1038	7.22271e-05	-5.87469e-06	2
24.7779	4.19999	0.000144511	-1.32071e-05	2
24.69	5.28866	0.000216847	-2.19849e-05	2
24.6182	6.35746	0.000288397	-3.20705e-05	2
24.5605	7.43132	0.000360819	-4.36863e-05	2
24.5177	8.49784	0.000433276	-5.67111e-05	2
24.4897	9.55707	0.000505763	-7.11327e-05	2
24.4762	10.6091	0.000578274	-8.69389e-05	2
24.4772	11.6539	0.000650804	-0.000104117	2
24.4924	12.6917	0.000723346	-0.000122656	2
24.5216	13.7224	0.000795897	-0.000142543	2
24.5648	14.7462	0.000868449	-0.000163765	2
24.6218	15.7631	0.000940998	-0.000186311	2
24.6923	16.7731	0.00101354	-0.000210168	2
24.7762	17.7764	0.00108606	-0.000235324	2
24.8733	18.7729	0.00115857	-0.000261767	2
24.9835	19.7628	0.00123105	-0.000289485	2
25.1066	20.7461	0.0013035	-0.000318465	2
25.2424	21.7229	0.00137591	-0.000348696	2
25.3908	22.6932	0.00144828	-0.000380165	2
25.5516	23.6571	0.0015206	-0.000412859	2
25.7247	24.6147	0.00159287	-0.000446767	2
25.9098	25.566	0.00166508	-0.000481877	2
26.1067	26.5112	0.00173723	-0.000518176	2
26.3154	27.4501	0.00180931	-0.000555651	2
26.5331	28.3724	0.00188049	-0.000593841	2
26.7646	29.2993	0.00195241	-0.000633621	2
27.0074	30.2203	0.00202424	-0.000674542	2
27.2612	31.1354	0.00209599	-0.000716591	2
27.5259	32.0447	0.00216764	-0.000759756	2
27.8013	32.9483	0.00223918	-0.000804025	2
28.0872	33.8461	0.00231062	-0.000849386	2
28.3836	34.7383	0.00238194	-0.000895826	2
28.6901	35.6249	0.00245315	-0.000943333	2
29.0067	36.506	0.00252423	-0.000991896	2
29.3332	37.3817	0.00259518	-0.0010415	2
29.6694	38.252	0.00266599	-0.00109214	2
30.0152	39.117	0.00273667	-0.00114379	2
30.3703	39.9767	0.00280719	-0.00119645	2
30.7346	40.8312	0.00287756	-0.00125011	2
31.108	41.6806	0.00294778	-0.00130474	2
31.4902	42.5249	0.00301783	-0.00136035	2
31.8812	43.3643	0.00308772	-0.00141691	2
32.2806	44.1987	0.00315743	-0.00147442	2
32.6885	45.0282	0.00322696	-0.00153287	2
33.1045	45.8529	0.0032963	-0.00159223	2
33.5286	46.6729	0.00336546	-0.0016525	2
33.9606	47.4882	0.00343441	-0.00171367	2
34.3951	48.2895	0.00350238	-0.001775	2
34.8422	49.0957	0.00357093	-0.00183791	2
35.2967	49.8973	0.00363927	-0.00190169	2
35.7583	50.6946	0.00370739	-0.00196631	2
36.227	51.4875	0.00377528	-0.00203177	2
36.7025	52.276	0.00384295	-0.00209805	2
37.1848	53.0603	0.00391038	-0.00216514	2
37.6735	53.8405	0.00397757	-0.00223303	2
38.1686	54.6165	0.00404452	-0.00230171	2
38.6699	55.3885	0.00411121	-0.00237116	2
39.1772	56.1565	0.00417765	-0.00244137	2
39.6904	56.9206	0.00424382	-0.00251233	2
40.2092	57.6808	0.00430973	-0.00258403	2
40.7336	58.4372	0.00437536	-0.00265646	2
41.2633	59.1899	0.00444072	-0.0027296	2
41.7982	59.9389	0.00450579	-0.00280344	2
42.3381	60.6843	0.00457057	-0.00287797	2
42.8829	61.4262	0.00463505	-0.00295318	2
43.4323	62.1646	0.00469924	-0.00302905	2
43.9863	62.8995	0.00476311	-0.00310558	2
44.5446	63.6312	0.00482668	-0.00318274	2
45.107	64.3595	0.00488992	-0.00326053	2
45.6735	65.0846	0.00495285	-0.00333894	2
46.2438	65.8066	0.00501544	-0.00341795	2
46.8111	66.5172	0.00507699	-0.00349664	2
47.3885	67.233	0.00513892	-0.00357681	2
47.9693	67.9459	0.0052005	-0.00365756	2
48.5532	68.6558	0.00526173	-0.00373885	2
49.1402	69.363	0.0053226	-0.00382069	2
49.7299	70.0673	0.00538311	-0.00390306	2
50.3224	70.7689	0.00544326	-0.00398595	2
50.9173	71.4679	0.00550303	-0.00406935	2
51.5146	72.1642	0.00556243	-0.00415323	2
52.114	72.8581	0.00562144	-0.0042376	2
52.7154	73.5495	0.00568006	-0.00432244	2
53.3186	74.2384	0.00573829	-0.00440774	2
53.9235	74.9251	0.00579611	-0.00449348	2
54.5299	75.6094	0.00585353	-0.00457965	2
55.1376	76.2916	0.00591054	-0.00466625	2
55.7464	76.9716	0.00596714	-0.00475325	2
56.3563	77.6495	0.00602331	-0.00484065	2
56.9669	78.3254	0.00607905	-0.00492843	2
57.5782	78.9994	0.00613436	-0.00501659	2
58.19	79.6714	0.00618923	-0.0051051	2
58.8021	80.3416	0.00624366	-0.00519397	2
59.4143	81.0101	0.00629764	-0.00528316	2
60.0265	81.6768	0.00635116	-0.00537268	2
60.6315	82.3343	0.00640361	-0.00546148	2
61.2432	82.9978	0.00645621	-0.0055516	2
61.8544	83.6599	0.00650834	-0.00564201	2
62.4648	84.3205	0.00655999	-0.0057327	2

74.9966	2.01261	-2.21555e-07	-2.86354e-07	2
74.7189	3.08992	-1.96658e-05	-2.37552e-05	2
74.4662	4.1656	-4.01075e-05	-4.51975e-05	2
74.2414	5.2272	-6.1304e-05	-6.43712e-05	2
74.0464	6.26287	-8.29779e-05	-8.1138e-05	2
73.8762	7.29685	-0.000105612	-9.59318e-05	2
73.7329	8.31716	-0.000128938	-0.000108589	2
73.6162	9.32393	-0.000152933	-0.000119154	2
73.5256	10.3173	-0.000177578	-0.00012767	2
73.4609	11.2974	-0.00020285	-0.000134183	2
73.4217	12.2644	-0.000228729	-0.000138735	2
73.4076	13.2184	-0.000255192	-0.000141373	2
73.4183	14.1596	-0.00028222	-0.000142138	2
73.4534	15.0881	-0.00030979	-0.000141077	2
73.5126	16.004	-0.000337882	-0.000138232	2
73.5954	16.9075	-0.000366473	-0.000133649	2
73.7016	17.7987	-0.000395544	-0.000127371	2
73.8308	18.6778	-0.000425073	-0.000119442	2
73.9827	19.5449	-0.000455038	-0.000109908	2
74.1567	20.4001	-0.000485418	-9.8811e-05	2
74.3528	21.2436	-0.000516192	-8.61964e-05	2
74.5703	22.0755	-0.000547339	-7.21082e-05	2
74.8091	22.896	-0.000578838	-5.65905e-05	2
75.0687	23.7052	-0.000610667	-3.96875e-05	2
75.3488	24.5032	-0.000642805	-2.14435e-05	2
75.649	25.2901	-0.000675231	-1.90259e-06	2
75.9652	26.0574	-0.000707546	1.8645e-05	2
76.3044	26.8228	-0.000740482	4.06335e-05	2
76.6627	27.5777	-0.000773641	6.37867e-05	2
77.0397	28.3221	-0.000807004	8.80605e-05	2
77.435	29.0562	-0.000840549	0.000113411	2
77.8483	29.78	-0.000874254	0.000139793	2
78.2793	30.4939	-0.000908099	0.000167164	2
78.7275	31.1978	-0.000942062	0.000195478	2
79.1927	31.892	-0.000976122	0.000224692	2
79.6744	32.5765	-0.00101026	0.000254761	2
80.1724	33.2515	-0.00104445	0.000285642	2
80.6862	33.9172	-0.00107867	0.000317289	2
81.2154	34.5737	-0.00111291	0.00034966	2
81.7599	35.2211	-0.00114713	0.000382709	2
82.3191	35.8595	-0.00118133	0.000416392	2
82.8927	36.4892	-0.00121547	0.000450666	2
83.4804	37.1102	-0.00124955	0.000485486	2
84.0819	37.7227	-0.00128352	0.000520808	2
84.6966	38.3269	-0.00131739	0.000556587	2
85.3244	38.9228	-0.00135111	0.00059278	2
85.9648	39.5106	-0.00138468	0.000629342	2
86.6175	40.0904	-0.00141807	0.000666229	2
87.2822	40.6624	-0.00145126	0.000703397	2
87.9505	41.2204	-0.00148385	0.000740371	2
88.6378	41.7773	-0.00151657	0.000777966	2
89.336	42.3268	-0.00154904	0.000815711	2
90.0446	42.869	-0.00158121	0.000853559	2
90.7634	43.4042	-0.00161309	0.000891469	2
91.492	43.9323	-0.00164463	0.000929394	2
92.23	44.4536	-0.00167583	0.000967291	2
92.9772	44.9682	-0.00170665	0.00100512	2
93.733	45.4763	-0.00173709	0.00104283	2
94.4972	45.9779	-0.00176711	0.00108037	2
95.2694	46.4732	-0.0017967	0.00111772	2
96.0492	46.9625	-0.00182583	0.00115481	2
96.8364	47.4457	-0.00185449	0.00119161	2
97.6304	47.923	-0.00188265	0.00122808	2
98.4311	48.3946	-0.00191029	0.00126416	2
99.238	48.8606	-0.0019374	0.00129982	2
100.051	49.3212	-0.00196394	0.001335	2
100.869	49.7765	-0.0019899	0.00136968	2
101.692	50.2266	-0.00201525	0.00140379	2
102.521	50.6717	-0.00203998	0.0014373	2
103.353	51.1119	-0.00206407	0.00147017	2
104.19	51.5474	-0.00208748	0.00150234	2
105.03	51.9782	-0.00211021	0.00153378	2
105.874	52.4046	-0.00213223	0.00156444	2
106.711	52.8219	-0.00215328	0.00159394	2
107.561	53.2398	-0.00217383	0.00162292	2
108.413	53.6536	-0.0021936	0.00165099	2
109.266	54.0636	-0.00221257	0.0016781	2
110.122	54.4698	-0.00223074	0.00170421	2
110.978	54.8723	-0.00224806	0.00172928	2
111.835	55.2714	-0.00226453	0.00175326	2
112.693	55.6671	-0.00228012	0.00177611	2
113.551	56.0596	-0.0022948	0.00179778	2
114.409	56.449	-0.00230857	0.00181823	2
115.267	56.8355	-0.00232139	0.00183742	2
116.123	57.2192	-0.00233325	0.00185529	2
116.978	57.6003	-0.00234412	0.00187181	2
117.832	57.9788	-0.00235399	0.00188694	2
118.683	58.3549	-0.00236283	0.00190062	2
119.532	58.7288	-0.00237062	0.00191282	2
120.379	59.1007	-0.00237734	0.00192349	2
121.222	59.4705	-0.00238296	0.00193258	2
122.063	59.8386	-0.00238748	0.00194006	2
122.899	60.2049	-0.00239086	0.00194587	2
123.731	60.5698	-0.00239308	0.00194998	2
124.559	60.9332	-0.00239413	0.00195233	2
125.382	61.2954	-0.00239398	0.00195289	2
126.19	61.6523	-0.00239263	0.00195163	2
127.002	62.0124	-0.00239004	0.00194849	2
127.808	62.3716	-0.00238618	0.00194342	2
128.608	62.7302	-0.00238104	0.00193638	2

124.995	2.01224	6.72343e-07	-4.1477e-07	2
124.556	3.06395	5.64212e-05	-3.48633e-05	2
124.128	4.12649	0.000108699	-6.72841e-05	2
123.715	5.18748	0.000156911	-9.73066e-05	2
123.321	6.2346	0.000200646	-0.00012467	2
122.938	7.29206	0.000240996	-0.000150055	2
122.57	8.34753	0.000277507	-0.000173174	2
122.217	9.40086	0.000310254	-0.000194071	2
121.879	10.4519	0.000339314	-0.000212791	2
121.556	11.5005	0.000364763	-0.000229378	2
121.248	12.5465	0.000386677	-0.000243875	2
120.955	13.5898	0.000405131	-0.000256328	2
120.678	14.6303	0.000420203	-0.00026678	2
120.415	15.6676	0.000431967	-0.000275275	2
120.167	16.7019	0.000440501	-0.000281859	2
119.934	17.7328	0.000445879	-0.000286575	2
119.716	18.7602	0.00044818	-0.000289468	2
119.513	19.7841	0.000447477	-0.000290581	2
119.324	20.8041	0.000443848	-0.000289959	2
119.151	21.8203	0.000437368	-0.000287646	2
118.993	22.8324	0.000428114	-0.000283687	2
118.849	23.8403	0.000416162	-0.000278126	2
118.72	24.8438	0.000401587	-0.000271006	2
118.606	25.8429	0.000384467	-0.000262373	2
118.506	26.8373	0.000364876	-0.000252271	2
118.422	27.8269	0.000342891	-0.000240743	2
118.353	28.8003	0.000318881	-0.00022799	2
118.297	29.78	0.000292362	-0.000213759	2
118.257	30.7544	0.000263676	-0.000198235	2
118.231	31.7235	0.000232899	-0.000181463	2
118.22	32.687	0.000200109	-0.000163486	2
118.223	33.6449	0.000165379	-0.000144348	2
118.241	34.5969	0.000128788	-0.000124095	2
118.274	35.543	9.041e-05	-0.00010277	2
118.321	36.4829	5.0322e-05	-8.04171e-05	2
118.382	37.4166	8.60006e-06	-5.70811e-05	2
118.459	38.3439	-3.46799e-05	-3.28061e-05	2
118.55	39.2646	-7.94418e-05	-7.63632e-06	2
118.655	40.1786	-0.00012561	1.8384e-05	2
118.775	41.0858	-0.000173107	4.52106e-05	2
118.909	41.986	-0.000221858	7.27992e-05	2
119.058	42.879	-0.000271787	0.000101106	2
119.221	43.7647	-0.000322817	0.000130086	2
119.399	44.643	-0.000374873	0.000159695	2
119.591	45.5137	-0.000427878	0.000189889	2
119.797	46.3767	-0.000481756	0.000220624	2
120.018	47.2318	-0.000536431	0.000251856	2
120.253	48.0788	-0.000591828	0.00028354	2
120.502	48.9177	-0.000647869	0.000315632	2
120.763	49.7388	-0.000703826	0.000347712	2
121.041	50.561	-0.000760925	0.000380484	2
121.333	51.3745	-0.00081844	0.000413532	2
121.639	52.1793	-0.000876298	0.000446811	2
121.96	52.9752	-0.000934421	0.000480277	2
122.295	53.7621	-0.000992733	0.000513887	2
122.644	54.5397	-0.00105116	0.000547595	2
123.007	55.308	-0.00110962	0.000581358	2
123.384	56.0667	-0.00116805	0.000615131	2
123.776	56.8159	-0.00122635	0.00064887	2
124.181	57.5552	-0.00128447	0.000682531	2
124.601	58.2846	-0.00134232	0.000716069	2
125.035	59.0039	-0.00139983	0.000749441	2
125.483	59.713	-0.00145692	0.000782602	2
125.945	60.4117	-0.00151351	0.000815507	2
126.421	61.0998	-0.00156954	0.000848114	2
126.911	61.7773	-0.00162491	0.000880376	2
127.415	62.4439	-0.00167956	0.00091225	2
127.933	63.0996	-0.00173341	0.000943693	2
128.464	63.7442	-0.00178639	0.000974659	2
129.01	64.3775	-0.00183841	0.0010051	2
129.57	64.9993	-0.00188941	0.00103498	2
130.144	65.6096	-0.0019393	0.00106425	2
130.731	66.2082	-0.00198801	0.00109287	2
131.325	66.7883	-0.00203493	0.00112048	2
131.941	67.3632	-0.00208107	0.00114766	2
132.569	67.9259	-0.0021258	0.00117406	2
133.212	68.4764	-0.00216905	0.00119963	2
133.869	69.0144	-0.00221074	0.00122433	2
134.539	69.5398	-0.00225079	0.00124811	2
135.223	70.0524	-0.00228914	0.00127092	2
135.921	70.5522	-0.00232569	0.00129273	2
136.632	71.0389	-0.00236038	0.00131349	2
137.357	71.5125	-0.00239313	0.00133315	2
138.096	71.9727	-0.00242386	0.00135167	2
138.848	72.4195	-0.00245251	0.00136901	2
139.614	72.8526	-0.00247898	0.00138512	2
140.394	73.272	-0.00250321	0.00139996	2
141.187	73.6775	-0.00252512	0.00141348	2
141.994	74.0689	-0.00254463	0.00142564	2
142.815	74.446	-0.00256167	0.0014364	2
143.649	74.8089	-0.00257616	0.0014457	2
144.496	75.1572	-0.00258803	0.00145351	2
145.357	75.4908	-0.0025972	0.00145979	2
146.232	75.8097	-0.00260359	0.00146448	2
147.12	76.1136	-0.00260712	0.00146754	2
148.021	76.4024	-0.00260773	0.00146894	2
148.926	76.673	-0.00260538	0.00146863	2
149.854	76.9313	-0.00259994	0.00146657	2
150.795	77.1742	-0.00259134	0.00146271	2
151.75	77.4013	-0.0025795	0.001457	2

