-125.003	2.01	1.55839e-08	-1.4063e-07	2
-125.264	2.87442	3.98979e-07	-1.21987e-05	2
-125.531	3.75699	-1.11271e-06	-2.43208e-05	2
-125.802	4.64743	-4.49701e-06	-3.63608e-05	2
-126.073	5.53507	-9.64563e-06	-4.81763e-05	2
-126.35	6.44025	-1.66406e-05	-6.00369e-05	2
-126.63	7.35238	-2.53945e-05	-7.17991e-05	2
-126.911	8.27117	-3.58693e-05	-8.34575e-05	2
-127.195	9.19632	-4.80269e-05	-9.50066e-05	2
-127.48	10.1275	-6.18294e-05	-0.000106441	2
-127.766	11.0645	-7.72385e-05	-0.000117756	2
-128.053	12.0069	-9.42164e-05	-0.000128944	2
-128.34	12.9545	-0.000112725	-0.000140002	2
-128.627	13.9069	-0.000132726	-0.000150924	2
-128.914	14.8638	-0.000154182	-0.000161703	2
-129.201	15.825	-0.000177054	-0.000172335	2
-129.487	16.7902	-0.000201305	-0.000182815	2
-129.771	17.759	-0.000226896	-0.000193136	2
-130.053	18.7311	-0.00025379	-0.000203294	2
-130.334	19.7063	-0.000281948	-0.000213282	2
-130.612	20.6842	-0.000311332	-0.000223096	2
-130.888	21.6645	-0.000341905	-0.00023273	2
-131.16	22.647	-0.000373627	-0.000242179	2
-131.429	23.6314	-0.000406462	-0.000251437	2
-131.694	24.6172	-0.000440371	-0.000260498	2
-131.956	25.6043	-0.000475317	-0.000269358	2
-132.209	26.5809	-0.000510841	-0.000277913	2
-132.461	27.5696	-0.000547734	-0.000286355	2
-132.708	28.5585	-0.000585549	-0.00029458	2
-132.95	29.5475	-0.000624248	-0.000302581	2
-133.185	30.5362	-0.000663793	-0.000310353	2
-133.415	31.5244	-0.000704147	-0.000317891	2
-133.638	32.5116	-0.000745271	-0.00032519	2
-133.854	33.4977	-0.000787127	-0.000332243	2
-134.063	34.4823	-0.000829678	-0.000339045	2
-134.264	35.4652	-0.000872884	-0.000345592	2
-134.457	36.4459	-0.000916709	-0.000351877	2
-134.642	37.4243	-0.000961113	-0.000357895	2
-134.819	38.3999	-0.00100606	-0.000363641	2
-134.986	39.3726	-0.00105151	-0.000369109	2
-135.145	40.342	-0.00109743	-0.000374293	2
-135.293	41.3078	-0.00114377	-0.000379189	2
-135.432	42.2697	-0.0011905	-0.000383791	2
-135.56	43.2275	-0.00123759	-0.000388093	2
-135.677	44.1807	-0.00128499	-0.000392091	2
-135.784	45.1291	-0.00133266	-0.000395777	2
-135.879	46.0725	-0.00138058	-0.000399148	2
-135.962	47.0104	-0.00142869	-0.000402198	2
-136.034	47.9426	-0.00147696	-0.000404921	2
-136.092	48.8582	-0.0015248	-0.000407286	2
-136.138	49.7782	-0.00157328	-0.000409343	2
-136.171	50.6916	-0.00162181	-0.000411057	2
-136.191	51.5981	-0.00167035	-0.000412422	2
-136.196	52.4974	-0.00171887	-0.000413433	2
-136.188	53.3892	-0.00176731	-0.000414085	2
-136.165	54.2732	-0.00181565	-0.000414373	2
-136.127	55.149	-0.00186385	-0.00041429	2
-136.074	56.0165	-0.00191187	-0.000413831	2
-136.006	56.8752	-0.00195967	-0.000412992	2
-135.922	57.725	-0.00200721	-0.000411766	2
-135.821	58.5654	-0.00205446	-0.000410147	2
-135.704	59.3962	-0.00210137	-0.000408132	2
-135.569	60.217	-0.00214792	-0.000405713	2
-135.418	61.0277	-0.00219405	-0.000402886	2
-135.249	61.8278	-0.00223974	-0.000399646	2
-135.061	62.6171	-0.00228495	-0.000395986	2
-134.856	63.3953	-0.00232963	-0.000391902	2
-134.632	64.1621	-0.00237375	-0.000387387	2
-134.389	64.9171	-0.00241727	-0.000382438	2
-134.126	65.6601	-0.00246016	-0.000377047	2
-133.844	66.3908	-0.00250237	-0.000371209	2
-133.541	67.1088	-0.00254387	-0.00036492	2
-133.218	67.8139	-0.00258461	-0.000358174	2
-132.879	68.4979	-0.00262411	-0.000351051	2
-132.514	69.1764	-0.00266325	-0.000343379	2
-132.128	69.841	-0.00270153	-0.000335234	2
-131.721	70.4915	-0.0027389	-0.000326609	2
-131.291	71.1276	-0.00277533	-0.000317501	2
-130.838	71.7489	-0.00281078	-0.000307902	2
-130.363	72.3552	-0.00284522	-0.000297808	2
-129.865	72.9461	-0.0028786	-0.000287214	2
-129.342	73.5214	-0.00291089	-0.000276113	2
-128.797	74.0808	-0.00294204	-0.000264501	2
-128.226	74.6239	-0.00297203	-0.000252372	2
-127.632	75.1505	-0.00300081	-0.00023972	2
-127.012	75.6602	-0.00302834	-0.00022654	2
-126.367	76.1527	-0.00305459	-0.000212827	2
-125.696	76.6278	-0.00307952	-0.000198575	2
-125	77.0852	-0.0031031	-0.000183779	2
-124.277	77.5245	-0.00312527	-0.000168433	2
-123.527	77.9454	-0.00314601	-0.000152533	2
-122.75	78.3477	-0.00316527	-0.000136071	2
-121.946	78.731	-0.00318302	-0.000119044	2
-121.115	79.095	-0.00319923	-0.000101445	2
-120.255	79.4395	-0.00321384	-8.3269e-05	2
-119.367	79.7641	-0.00322683	-6.45109e-05	2
-118.46	80.0652	-0.00323804	-4.53908e-05	2
-117.515	80.3494	-0.00324768	-2.54586e-05	2
-116.539	80.6129	-0.00325559	-4.92779e-06	2
-115.534	80.8552	-0.00326171	1.6207e-05	2

-74.9996	2.01126	-2.64737e-07	2.53824e-07	2
-74.9841	2.97588	-2.25875e-05	2.11444e-05	2
-75.0029	3.94393	-4.42903e-05	4.0418e-05	2
-75.0556	4.90424	-6.51309e-05	5.78625e-05	2
-75.1403	5.84601	-8.49068e-05	7.33498e-05	2
-75.2579	6.79122	-0.0001041	8.72812e-05	2
-75.407	7.72899	-0.000122499	9.95082e-05	2
-75.5867	8.65939	-0.000140125	0.000110073	2
-75.7961	9.58253	-0.000157002	0.000119016	2
-76.0345	10.4985	-0.000173151	0.00012638	2
-76.3009	11.4074	-0.000188596	0.000132207	2
-76.5947	12.3093	-0.000203359	0.000136538	2
-76.9149	13.2044	-0.000217462	0.000139414	2
-77.2607	14.0926	-0.000230929	0.000140878	2
-77.6313	14.9742	-0.000243781	0.000140972	2
-78.0259	15.8491	-0.000256041	0.000139737	2
-78.4436	16.7176	-0.000267732	0.000137214	2
-78.8836	17.5796	-0.000278876	0.000133446	2
-79.3451	18.4353	-0.000289495	0.000128473	2
-79.8273	19.2848	-0.000299613	0.000122339	2
-80.3292	20.1282	-0.000309252	0.000115084	2
-80.8502	20.9656	-0.000318434	0.000106751	2
-81.3893	21.797	-0.000327183	9.73807e-05	2
-81.9458	22.6225	-0.000335519	8.7015e-05	2
-82.5187	23.4424	-0.000343467	7.56957e-05	2
-83.1074	24.2565	-0.000351048	6.34645e-05	2
-83.7039	25.0559	-0.000358204	5.05186e-05	2
-84.3212	25.8591	-0.000365123	3.65982e-05	2
-84.9518	26.6569	-0.000371743	2.18905e-05	2
-85.5947	27.4495	-0.000378087	6.4373e-06	2
-86.2492	28.2369	-0.000384177	-9.71967e-06	2
-86.9144	29.0192	-0.000390035	-2.65387e-05	2
-87.5895	29.7965	-0.000395684	-4.39781e-05	2
-88.2736	30.5689	-0.000401147	-6.19962e-05	2
-88.966	31.3365	-0.000406446	-8.05512e-05	2
-89.6658	32.0994	-0.000411604	-9.96015e-05	2
-90.3722	32.8577	-0.000416643	-0.000119105	2
-91.0843	33.6115	-0.000421585	-0.000139021	2
-91.8013	34.3609	-0.000426454	-0.000159306	2
-92.5224	35.1059	-0.000431272	-0.000179921	2
-93.2468	35.8467	-0.000436062	-0.000200821	2
-93.9736	36.5834	-0.000440845	-0.000221967	2
-94.702	37.316	-0.000445645	-0.000243316	2
-95.4312	38.0446	-0.000450483	-0.000264826	2
-96.1603	38.7695	-0.000455384	-0.000286457	2
-96.8885	39.4905	-0.000460368	-0.000308165	2
-97.6151	40.2079	-0.000465459	-0.00032991	2
-98.3391	40.9217	-0.00047068	-0.00035165	2
-99.0597	41.6321	-0.000476052	-0.000373342	2
-99.7679	42.3309	-0.000481533	-0.000394698	2
-100.479	43.0347	-0.000487274	-0.000416173	2
-101.185	43.7352	-0.000493234	-0.000437477	2
-101.884	44.4326	-0.000499435	-0.000458567	2
-102.575	45.127	-0.000505901	-0.000479402	2
-103.259	45.8186	-0.000512654	-0.00049994	2
-103.933	46.5073	-0.000519715	-0.000520139	2
-104.597	47.1933	-0.000527109	-0.000539959	2
-105.25	47.8766	-0.000534857	-0.000559356	2
-105.891	48.5575	-0.000542981	-0.00057829	2
-106.52	49.2359	-0.000551506	-0.000596718	2
-107.136	49.9119	-0.000560452	-0.0006146	2
-107.738	50.5857	-0.000569842	-0.000631892	2
-108.324	51.2574	-0.0005797	-0.000648554	2
-108.895	51.927	-0.000590048	-0.000664544	2
-109.449	52.5947	-0.000600907	-0.00067982	2
-109.986	53.2605	-0.000612301	-0.00069434	2
-110.505	53.9245	-0.000624253	-0.000708063	2
-111.004	54.5868	-0.000636784	-0.000720947	2
-111.484	55.2476	-0.000649917	-0.00073295	2
-111.943	55.9069	-0.000663676	-0.000744031	2
-112.38	56.5648	-0.000678082	-0.000754147	2
-112.795	57.2213	-0.000693157	-0.000763258	2
-113.186	57.8767	-0.000708925	-0.000771321	2
-113.55	58.5235	-0.000725215	-0.000778221	2
-113.892	59.1768	-0.000742427	-0.000784076	2
-114.21	59.8291	-0.000760399	-0.00078876	2
-114.5	60.4806	-0.000779154	-0.000792229	2
-114.763	61.1314	-0.000798713	-0.000794443	2
-114.998	61.7816	-0.0008191	-0.00079536	2
-115.204	62.4312	-0.000840337	-0.000794937	2
-115.38	63.0804	-0.000862446	-0.000793133	2
-115.526	63.7292	-0.00088545	-0.000789907	2
-115.64	64.3778	-0.000909372	-0.000785217	2
-115.721	65.0262	-0.000934235	-0.000779021	2
-115.77	65.6745	-0.00096006	-0.000771277	2
-115.784	66.3229	-0.00098687	-0.000761943	2
-115.764	66.9714	-0.00101469	-0.000750979	2
-115.708	67.6201	-0.00104354	-0.000738342	2
-115.615	68.2691	-0.00107344	-0.00072399	2
-115.485	68.9186	-0.00110441	-0.000707882	2
-115.317	69.5685	-0.00113649	-0.000689976	2
-115.11	70.219	-0.00116968	-0.00067023	2
-114.863	70.8702	-0.00120402	-0.000648603	2
-114.576	71.5222	-0.00123953	-0.000625053	2
-114.247	72.1751	-0.00127622	-0.000599538	2
-113.876	72.829	-0.00131412	-0.000572017	2
-113.466	73.4764	-0.0013528	-0.000542799	2
-113.009	74.1324	-0.00139318	-0.000511164	2
-112.506	74.7898	-0.00143483	-0.000477398	2
-111.958	75.4485	-0.00147779	-0.000441458	2

-25.0033	2.01226	-4.83265e-07	3.9871e-07	2
-25.2984	3.05657	-4.16115e-05	3.395e-05	2
-25.6185	4.09224	-8.236e-05	6.64223e-05	2
-25.9599	5.10738	-0.000122264	9.74393e-05	2
-26.3178	6.091	-0.000160898	0.000126691	2
-26.7003	7.06633	-0.000199179	0.000154881	2
-27.1028	8.02217	-0.000236671	0.000181683	2
-27.5249	8.95885	-0.000273392	0.00020712	2
-27.9662	9.87673	-0.000309363	0.000231213	2
-28.4264	10.7762	-0.0003446	0.000253985	2
-28.9049	11.6575	-0.000379123	0.00027546	2
-29.4015	12.521	-0.000412951	0.000295659	2
-29.9156	13.3672	-0.000446102	0.000314604	2
-30.4468	14.1963	-0.000478594	0.000332319	2
-30.9948	15.0087	-0.000510447	0.000348826	2
-31.5591	15.8047	-0.000541678	0.000364147	2
-32.1394	16.5847	-0.000572307	0.000378304	2
-32.7352	17.3491	-0.000602352	0.000391321	2
-33.346	18.0981	-0.000631832	0.00040322	2
-33.9716	18.8321	-0.000660765	0.000414023	2
-34.6114	19.5516	-0.00068917	0.000423752	2
-35.2651	20.2567	-0.000717065	0.000432431	2
-35.9322	20.948	-0.00074447	0.000440081	2
-36.6124	21.6256	-0.000771402	0.000446726	2
-37.3052	22.2901	-0.000797881	0.000452387	2
-38.0102	22.9416	-0.000823925	0.000457087	2
-38.7188	23.5734	-0.000849261	0.000460811	2
-39.4469	24.2004	-0.000874495	0.000463667	2
-40.1859	24.8155	-0.00089935	0.00046563	2
-40.9356	25.4192	-0.000923844	0.000466721	2
-41.6954	26.0117	-0.000947997	0.000466964	2
-42.4649	26.5934	-0.000971825	0.00046638	2
-43.2438	27.1647	-0.000995349	0.000464993	2
-44.0316	27.7259	-0.00101859	0.000462824	2
-44.828	28.2773	-0.00104156	0.000459896	2
-45.6324	28.8193	-0.00106428	0.000456232	2
-46.4445	29.3523	-0.00108677	0.000451855	2
-47.2639	29.8766	-0.00110905	0.000446785	2
-48.0902	30.3925	-0.00113113	0.000441047	2
-48.9229	30.9005	-0.00115304	0.000434663	2
-49.7616	31.4007	-0.0011748	0.000427655	2
-50.606	31.8937	-0.00119642	0.000420045	2
-51.4556	32.3797	-0.00121792	0.000411856	2
-52.31	32.8591	-0.00123932	0.000403111	2
-53.1688	33.3322	-0.00126063	0.000393832	2
-54.0316	33.7994	-0.00128189	0.000384042	2
-54.8979	34.261	-0.0013031	0.000373762	2
-55.7674	34.7175	-0.00132428	0.000363016	2
-56.6397	35.169	-0.00134546	0.000351826	2
-57.5042	35.6109	-0.00136641	0.00034035	2
-58.3807	36.0538	-0.00138763	0.000328343	2
-59.2587	36.4929	-0.0014089	0.00031596	2
-60.1378	36.9285	-0.00143023	0.000303222	2
-61.0176	37.361	-0.00145165	0.000290153	2
-61.8977	37.7906	-0.00147318	0.000276774	2
-62.7776	38.2179	-0.00149483	0.000263108	2
-63.657	38.643	-0.00151662	0.000249178	2
-64.5354	39.0664	-0.00153857	0.000235005	2
-65.4125	39.4885	-0.0015607	0.000220614	2
-66.2878	39.9095	-0.00158303	0.000206025	2
-67.1609	40.3297	-0.00160557	0.000191262	2
-68.0314	40.7497	-0.00162835	0.000176346	2
-68.8988	41.1696	-0.00165138	0.000161302	2
-69.7629	41.5899	-0.00167469	0.00014615	2
-70.6231	42.011	-0.00169828	0.000130913	2
-71.479	42.433	-0.00172218	0.000115615	2
-72.3303	42.8565	-0.00174642	0.000100277	2
-73.1765	43.2816	-0.00177099	8.49214e-05	2
-74.0172	43.7089	-0.00179594	6.95715e-05	2
-74.8521	44.1387	-0.00182127	5.42494e-05	2
-75.6806	44.5712	-0.001847	3.89777e-05	2
-76.5024	45.0068	-0.00187315	2.37787e-05	2
-77.317	45.446	-0.00189974	8.67503e-06	2
-78.1149	45.8839	-0.00192647	-6.13937e-06	2
-78.9141	46.331	-0.00195399	-2.09868e-05	2
-79.705	46.7826	-0.00198201	-3.56717e-05	2
-80.4871	47.2391	-0.00201054	-5.01716e-05	2
-81.26	47.7009	-0.0020396	-6.44641e-05	2
-82.0233	48.1682	-0.00206921	-7.85267e-05	2
-82.7765	48.6415	-0.00209939	-9.23369e-05	2
-83.5194	49.121	-0.00213016	-0.000105872	2
-84.2514	49.6071	-0.00216154	-0.00011911	2
-84.9722	50.1002	-0.00219354	-0.000132028	2
-85.6813	50.6006	-0.00222619	-0.000144604	2
-86.3783	51.1087	-0.0022595	-0.000156815	2
-87.0628	51.6248	-0.00229349	-0.000168638	2
-87.7345	52.1492	-0.00232819	-0.000180052	2
-88.3928	52.6824	-0.0023636	-0.000191033	2
-89.0374	53.2246	-0.00239974	-0.00020156	2
-89.6679	53.7763	-0.00243665	-0.00021161	2
-90.2838	54.3376	-0.00247433	-0.000221159	2
-90.8848	54.9091	-0.0025128	-0.000230187	2
-91.4704	55.4911	-0.00255208	-0.00023867	2
-92.0402	56.0838	-0.00259219	-0.000246586	2
-92.5938	56.6877	-0.00263315	-0.000253912	2
-93.1308	57.303	-0.00267498	-0.000260626	2
-93.6449	57.923	-0.0027172	-0.000266639	2
-94.1477	58.5623	-0.00276081	-0.000272069	2
-94.6326	59.2141	-0.00280535	-0.000276819	2
-95.0993	59.8788	-0.00285082	-0.000280868	2

24.9973	2.01078	-7.34046e-07	1.26257e-07	2
24.7695	2.9374	-6.16616e-05	1.12209e-05	2
24.541	3.8746	-0.000118912	2.29158e-05	2
24.3147	4.8116	-0.000171812	3.50775e-05	2
24.093	5.73763	-0.000219888	4.7551e-05	2
23.8709	6.67422	-0.000264319	6.06195e-05	2
23.6508	7.61059	-0.000304582	7.41333e-05	2
23.4329	8.54673	-0.000340738	8.80853e-05	2
23.2171	9.48265	-0.000372849	0.000102468	2
23.0034	10.4183	-0.000400975	0.000117275	2
22.7918	11.3538	-0.000425177	0.000132498	2
22.5824	12.289	-0.000445518	0.000148131	2
22.375	13.2239	-0.000462057	0.000164166	2
22.1698	14.1586	-0.000474855	0.000180596	2
21.9667	15.093	-0.000483975	0.000197414	2
21.7657	16.0272	-0.000489476	0.000214613	2
21.5668	16.961	-0.00049142	0.000232186	2
21.37	17.8946	-0.000489868	0.000250125	2
21.1754	18.8279	-0.000484882	0.000268423	2
20.9829	19.7609	-0.000476521	0.000287073	2
20.7925	20.6937	-0.000464848	0.000306068	2
20.6043	21.6261	-0.000449923	0.0003254	2
20.4182	22.5582	-0.000431808	0.000345063	2
20.2342	23.49	-0.000410563	0.00036505	2
20.0523	24.4214	-0.000386249	0.000385353	2
19.8726	25.3526	-0.000358928	0.000405964	2
19.697	26.2727	-0.000329026	0.000426636	2
19.5215	27.2032	-0.000295906	0.00044784	2
19.3482	28.1333	-0.000259962	0.000469333	2
19.1769	29.0631	-0.000221254	0.000491106	2
19.0079	29.9925	-0.000179843	0.000513151	2
18.8409	30.9216	-0.00013579	0.000535463	2
18.6761	31.8503	-8.91571e-05	0.000558034	2
18.5135	32.7786	-4.00046e-05	0.000580857	2
18.3529	33.7066	1.16064e-05	0.000603924	2
18.1946	34.6341	6.56147e-05	0.000627228	2
18.0383	35.5613	0.000121959	0.000650762	2
17.8843	36.4881	0.000180579	0.00067452	2
17.7323	37.4145	0.000241413	0.000698493	2
17.5825	38.3404	0.0003044	0.000722675	2
17.4349	39.266	0.000369479	0.000747058	2
17.2894	40.1911	0.000436588	0.000771636	2
17.146	41.1159	0.000505668	0.0007964	2
17.0049	42.0402	0.000576656	0.000821345	2
16.8658	42.964	0.000649492	0.000846462	2
16.7289	43.8874	0.000724115	0.000871745	2
16.5942	44.8104	0.000800463	0.000897186	2
16.4617	45.7329	0.000878476	0.000922779	2
16.3312	46.655	0.000958092	0.000948516	2
16.2045	47.566	0.00103831	0.000974091	2
16.0783	48.4871	0.00112093	0.00100009	2
15.9544	49.4077	0.00120497	0.00102622	2
15.8326	50.3279	0.00129038	0.00105246	2
15.713	51.2476	0.00137708	0.0010788	2
15.5955	52.1668	0.00146502	0.00110525	2
15.4802	53.0855	0.00155414	0.0011318	2
15.3671	54.0037	0.00164437	0.00115843	2
15.2562	54.9213	0.00173565	0.00118514	2
15.1474	55.8385	0.00182793	0.00121192	2
15.0407	56.7552	0.00192115	0.00123876	2
14.9363	57.6713	0.00201523	0.00126567	2
14.834	58.5868	0.00211012	0.00129262	2
14.7339	59.5019	0.00220576	0.00131962	2
14.636	60.4164	0.00230209	0.00134666	2
14.5403	61.3303	0.00239905	0.00137372	2
14.4467	62.2437	0.00249657	0.00140081	2
14.3553	63.1566	0.0025946	0.00142791	2
14.2661	64.0688	0.00269307	0.00145502	2
14.1791	64.9805	0.00279193	0.00148214	2
14.0943	65.8917	0.0028911	0.00150924	2
14.0116	66.8022	0.00299054	0.00153633	2
13.9311	67.7121	0.00309017	0.0015634	2
13.8529	68.6215	0.00318994	0.00159044	2
13.7776	69.5198	0.00328865	0.00161714	2
13.7037	70.4279	0.00338851	0.0016441	2
13.6319	71.3355	0.00348834	0.00167102	2
13.5624	72.2424	0.00358805	0.00169787	2
13.495	73.1487	0.00368761	0.00172467	2
13.4298	74.0543	0.00378693	0.00175139	2
13.3669	74.9593	0.00388596	0.00177804	2
13.3061	75.8637	0.00398465	0.0018046	2
13.2475	76.7675	0.00408292	0.00183106	2
13.1911	77.6705	0.00418073	0.00185743	2
13.1369	78.573	0.004278	0.00188369	2
13.085	79.4747	0.00437467	0.00190984	2
13.0352	80.3758	0.00447069	0.00193586	2
12.9876	81.2762	0.004566	0.00196176	2
12.9422	82.176	0.00466053	0.00198752	2
12.899	83.075	0.00475422	0.00201314	2
12.8581	83.9734	0.00484701	0.00203861	2
12.8193	84.871	0.00493884	0.00206392	2
12.7828	85.768	0.00502965	0.00208906	2
12.7484	86.6642	0.00511937	0.00211404	2
12.7163	87.5597	0.00520796	0.00213884	2
12.6864	88.4545	0.00529534	0.00216345	2
12.6586	89.3486	0.00538145	0.00218786	2
12.6334	90.2317	0.00546527	0.0022118	2
12.6101	91.1243	0.00554868	0.00223582	2
12.589	92.0162	0.00563065	0.00225961	2
12.5702	92.9073	0.0057111	0.00228319	2

75.0004	2.01279	-3.40977e-07	1.559e-07	2
75.0456	3.10291	-2.83851e-05	1.25332e-05	2
75.1172	4.18533	-5.42094e-05	2.30048e-05	2
75.2147	5.2475	-7.75166e-05	3.14494e-05	2
75.3359	6.27778	-9.81245e-05	3.78382e-05	2
75.4834	7.30037	-0.000116556	4.23538e-05	2
75.6556	8.30339	-0.0001326	4.4945e-05	2
75.852	9.28708	-0.0001463	4.56461e-05	2
76.0724	10.2517	-0.000157701	4.44914e-05	2
76.3163	11.1974	-0.000166845	4.15153e-05	2
76.5834	12.1245	-0.000173776	3.67521e-05	2
76.8732	13.0332	-0.000178538	3.02363e-05	2
77.1855	13.9237	-0.000181174	2.20021e-05	2
77.5199	14.7962	-0.000181728	1.20839e-05	2
77.8759	15.6511	-0.000180243	5.16122e-07	2
78.2533	16.4885	-0.000176762	-1.2667e-05	2
78.6516	17.3086	-0.000171331	-2.7431e-05	2
79.0706	18.1117	-0.000163991	-4.37416e-05	2
79.5097	18.8981	-0.000154786	-6.15644e-05	2
79.9687	19.6678	-0.000143761	-8.08651e-05	2
80.4472	20.4213	-0.000130958	-0.000101609	2
80.9447	21.1587	-0.000116421	-0.000123763	2
81.4611	21.8802	-0.000100194	-0.000147291	2
81.9958	22.5861	-8.23194e-05	-0.000172159	2
82.5485	23.2765	-6.28419e-05	-0.000198334	2
83.1188	23.9519	-4.18047e-05	-0.00022578	2
83.6996	24.6048	-1.95189e-05	-0.000254128	2
84.3039	25.2506	4.49052e-06	-0.000284001	2
84.9248	25.882	2.99296e-05	-0.000315043	2
85.5618	26.4992	5.67548e-05	-0.00034722	2
86.2146	27.1023	8.49226e-05	-0.000380498	2
86.8829	27.6917	0.000114389	-0.000414841	2
87.5662	28.2675	0.000145112	-0.000450216	2
88.2642	28.83	0.000177046	-0.000486588	2
88.9765	29.3794	0.000210148	-0.000523924	2
89.7028	29.916	0.000244376	-0.000562188	2
90.4427	30.4399	0.000279685	-0.000601346	2
91.1957	30.9515	0.000316031	-0.000641364	2
91.9617	31.4509	0.000353372	-0.000682208	2
92.7401	31.9383	0.000391663	-0.000723842	2
93.5306	32.4141	0.000430862	-0.000766234	2
94.3328	32.8784	0.000470924	-0.000809348	2
95.1465	33.3315	0.000511806	-0.00085315	2
95.9711	33.7736	0.000553465	-0.000897606	2
96.8063	34.2049	0.000595856	-0.000942681	2
97.6519	34.6257	0.000638938	-0.000988342	2
98.5073	35.0362	0.000682665	-0.00103455	2
99.3723	35.4366	0.000726994	-0.00108128	2
100.246	35.8272	0.000771882	-0.00112849	2
101.119	36.2038	0.000816761	-0.0011756	2
102.01	36.5755	0.000862631	-0.00122366	2
102.91	36.938	0.000908929	-0.00127211	2
103.817	37.2916	0.000955613	-0.0013209	2
104.731	37.6366	0.00100264	-0.00137	2
105.652	37.973	0.00104996	-0.00141938	2
106.58	38.3013	0.00109754	-0.00146899	2
107.514	38.6215	0.00114533	-0.00151882	2
108.454	38.934	0.00119329	-0.00156882	2
109.399	39.239	0.00124137	-0.00161896	2
110.35	39.5367	0.00128953	-0.0016692	2
111.305	39.8273	0.00133772	-0.00171952	2
112.264	40.111	0.00138591	-0.00176986	2
113.228	40.3882	0.00143405	-0.00182022	2
114.195	40.659	0.0014821	-0.00187053	2
115.166	40.9236	0.00153001	-0.00192078	2
116.139	41.1823	0.00157774	-0.00197093	2
117.115	41.4354	0.00162524	-0.00202094	2
118.093	41.683	0.00167248	-0.00207079	2
119.073	41.9254	0.0017194	-0.00212042	2
120.054	42.1628	0.00176597	-0.00216982	2
121.036	42.3955	0.00181214	-0.00221895	2
122.019	42.6236	0.00185787	-0.00226777	2
123.003	42.8475	0.00190311	-0.00231624	2
123.974	43.0648	0.00194732	-0.00236379	2
124.957	43.2808	0.00199146	-0.00241148	2
125.939	43.4932	0.00203499	-0.00245873	2
126.92	43.7023	0.00207787	-0.0025055	2
127.899	43.9082	0.00212004	-0.00255175	2
128.877	44.1112	0.00216146	-0.00259746	2
129.852	44.3115	0.00220209	-0.00264259	2
130.825	44.5094	0.00224189	-0.0026871	2
131.794	44.7051	0.00228081	-0.00273096	2
132.76	44.8989	0.00231882	-0.00277413	2
133.723	45.0908	0.00235585	-0.00281658	2
134.681	45.2813	0.00239188	-0.00285828	2
135.635	45.4705	0.00242686	-0.00289919	2
136.584	45.6586	0.00246075	-0.00293928	2
137.528	45.8459	0.00249349	-0.00297851	2
138.466	46.0326	0.00252505	-0.00301685	2
139.398	46.219	0.00255539	-0.00305427	2
140.324	46.4052	0.00258446	-0.00309072	2
141.243	46.5916	0.00261222	-0.00312618	2
142.155	46.7783	0.00263862	-0.00316061	2
143.06	46.9655	0.00266362	-0.00319398	2
143.957	47.1536	0.00268718	-0.00322625	2
144.846	47.3427	0.00270925	-0.00325739	2
145.716	47.5308	0.00272956	-0.00328702	2
146.587	47.7227	0.00274855	-0.00331581	2
147.449	47.9162	0.00276592	-0.00334336	2
148.302	48.1118	0.00278163	-0.00336964	2

124.994	2.01206	-6.13684e-07	1.87821e-07	2
124.464	3.04485	-5.26312e-05	1.60762e-05	2
123.961	4.08123	-0.000103738	3.16208e-05	2
123.491	5.10914	-0.000153338	4.66378e-05	2
123.057	6.11691	-0.000200903	6.0968e-05	2
122.65	7.12798	-0.000247557	7.49488e-05	2
122.275	8.13058	-0.000292757	8.84149e-05	2
121.931	9.12471	-0.000336519	0.00010137	2
121.617	10.1104	-0.000378861	0.00011382	2
121.334	11.0876	-0.0004198	0.000125767	2
121.08	12.0564	-0.000459353	0.000137216	2
120.857	13.0167	-0.00049754	0.000148172	2
120.662	13.9685	-0.000534375	0.000158639	2
120.496	14.9119	-0.000569878	0.000168621	2
120.359	15.8469	-0.000604065	0.000178121	2
120.249	16.7734	-0.000636955	0.000187146	2
120.168	17.6914	-0.000668563	0.000195698	2
120.113	18.601	-0.000698909	0.000203782	2
120.086	19.5022	-0.000728008	0.000211402	2
120.085	20.3949	-0.00075588	0.000218563	2
120.11	21.2792	-0.000782541	0.000225268	2
120.16	22.1551	-0.000808008	0.000231523	2
120.237	23.0225	-0.000832299	0.00023733	2
120.338	23.8815	-0.000855432	0.000242696	2
120.464	24.732	-0.000877423	0.000247622	2
120.614	25.5742	-0.000898291	0.000252115	2
120.786	26.3984	-0.000917832	0.000256134	2
120.983	27.2237	-0.000936517	0.000259776	2
121.203	28.0407	-0.000954131	0.000262997	2
121.446	28.8492	-0.000970691	0.000265801	2
121.712	29.6494	-0.000986214	0.000268192	2
121.999	30.4411	-0.00100072	0.000270175	2
122.308	31.2244	-0.00101422	0.000271753	2
122.638	31.9992	-0.00102674	0.000272931	2
122.989	32.7657	-0.00103829	0.000273714	2
123.36	33.5238	-0.00104889	0.000274104	2
123.752	34.2734	-0.00105856	0.000274108	2
124.163	35.0147	-0.00106731	0.000273728	2
124.594	35.7475	-0.00107517	0.000272969	2
125.043	36.472	-0.00108215	0.000271836	2
125.511	37.1881	-0.00108827	0.000270333	2
125.997	37.8957	-0.00109354	0.000268463	2
126.501	38.595	-0.00109798	0.000266232	2
127.023	39.2859	-0.00110161	0.000263643	2
127.561	39.9683	-0.00110445	0.0002607	2
128.116	40.6424	-0.00110652	0.000257409	2
128.688	41.3082	-0.00110783	0.000253772	2
129.275	41.9655	-0.0011084	0.000249796	2
129.878	42.6144	-0.00110824	0.000245482	2
130.489	43.2477	-0.0011074	0.000240892	2
131.121	43.88	-0.00110586	0.000235923	2
131.768	44.5039	-0.00110365	0.00023063	2
132.429	45.1194	-0.00110078	0.000225017	2
133.104	45.7266	-0.00109728	0.00021909	2
133.792	46.3254	-0.00109316	0.000212851	2
134.493	46.9158	-0.00108845	0.000206306	2
135.206	47.4979	-0.00108314	0.000199458	2
135.931	48.0716	-0.00107727	0.000192313	2
136.669	48.6369	-0.00107086	0.000184873	2
137.417	49.1939	-0.00106391	0.000177144	2
138.176	49.7426	-0.00105645	0.000169129	2
138.947	50.2828	-0.00104849	0.000160833	2
139.727	50.8147	-0.00104005	0.000152261	2
140.517	51.3383	-0.00103116	0.000143415	2
141.317	51.8535	-0.00102181	0.000134302	2
142.125	52.3604	-0.00101205	0.000124924	2
142.943	52.8589	-0.00100187	0.000115286	2
143.768	53.3491	-0.0009913	0.000105392	2
144.602	53.8309	-0.000980356	9.52475e-05	2
145.443	54.3044	-0.000969057	8.48555e-05	2
146.292	54.7696	-0.000957417	7.42205e-05	2
147.147	55.2264	-0.000945456	6.33469e-05	2
148.009	55.6749	-0.000933191	5.22389e-05	2
148.866	56.1101	-0.000920784	4.10324e-05	2
149.74	56.542	-0.000907965	2.94708e-05	2
150.618	56.9656	-0.000894894	1.76876e-05	2
151.502	57.3809	-0.000881588	5.68696e-06	2
152.39	57.7878	-0.000868065	-6.52693e-06	2
153.282	58.1865	-0.000854341	-1.89498e-05	2
154.178	58.5768	-0.000840435	-3.15773e-05	2
155.077	58.9588	-0.000826364	-4.44054e-05	2
155.98	59.3325	-0.000812145	-5.74296e-05	2
156.885	59.6978	-0.000797796	-7.06458e-05	2
157.792	60.0549	-0.000783335	-8.40497e-05	2
158.702	60.4036	-0.000768778	-9.76371e-05	2
159.612	60.7441	-0.000754143	-0.000111404	2
160.524	61.0762	-0.000739447	-0.000125345	2
161.437	61.4	-0.000724709	-0.000139457	2
162.35	61.7156	-0.000709945	-0.000153736	2
163.263	62.0228	-0.000695172	-0.000168177	2
164.175	62.3217	-0.00068041	-0.000182776	2
165.087	62.6124	-0.000665674	-0.000197529	2
165.998	62.8947	-0.000650982	-0.000212431	2
166.907	63.1688	-0.000636351	-0.000227478	2
167.814	63.4345	-0.0006218	-0.000242666	2
168.719	63.692	-0.000607345	-0.000257992	2
169.611	63.9384	-0.000593168	-0.000273271	2
170.51	64.1794	-0.000578957	-0.000288855	2
171.406	64.4121	-0.000564895	-0.000304563	2
172.298	64.6366	-0.000550998	-0.000320391	2

