-125.001	2.01272	8.16474e-07	-6.35871e-08	2
-125.106	3.10268	7.11064e-05	-6.27733e-06	2
-125.196	4.1975	0.000142356	-1.40539e-05	2
-125.271	5.28451	0.000213742	-2.33169e-05	2
-125.329	6.35141	0.000284434	-3.39215e-05	2
-125.374	7.4231	0.00035607	-4.61015e-05	2
-125.403	8.48718	0.00042782	-5.97293e-05	2
-125.418	9.54371	0.000499678	-7.47919e-05	2
-125.419	10.5928	0.000571637	-9.12762e-05	2
-125.404	11.6344	0.00064369	-0.000109169	2
-125.376	12.6687	0.000715829	-0.000128459	2
-125.333	13.6957	0.000788047	-0.000149131	2
-125.277	14.7155	0.000860338	-0.000171173	2
-125.207	15.7282	0.000932693	-0.000194573	2
-125.123	16.7338	0.00100511	-0.000219317	2
-125.026	17.7323	0.00107757	-0.000245392	2
-124.915	18.724	0.00115008	-0.000272785	2
-124.792	19.7087	0.00122263	-0.000301484	2
-124.656	20.6866	0.0012952	-0.000331476	2
-124.506	21.6577	0.0013678	-0.000362747	2
-124.345	22.6222	0.00144041	-0.000395284	2
-124.171	23.58	0.00151303	-0.000429076	2
-123.984	24.5313	0.00158565	-0.000464108	2
-123.786	25.4761	0.00165827	-0.000500368	2
-123.576	26.4145	0.00173087	-0.000537843	2
-123.354	27.3465	0.00180346	-0.00057652	2
-123.123	28.2616	0.00187518	-0.000615921	2
-122.878	29.1812	0.0019477	-0.00065695	2
-122.622	30.0946	0.00202018	-0.000699142	2
-122.356	31.0019	0.00209261	-0.000742484	2
-122.078	31.9032	0.00216499	-0.000786964	2
-121.789	32.7985	0.0022373	-0.000832569	2
-121.49	33.6879	0.00230955	-0.000879285	2
-121.18	34.5714	0.00238171	-0.0009271	2
-120.861	35.4492	0.0024538	-0.000976001	2
-120.531	36.3213	0.00252579	-0.00102597	2
-120.192	37.1878	0.00259768	-0.00107701	2
-119.842	38.0487	0.00266947	-0.00112909	2
-119.484	38.9041	0.00274114	-0.0011822	2
-119.115	39.754	0.0028127	-0.00123634	2
-118.738	40.5986	0.00288413	-0.00129148	2
-118.352	41.4378	0.00295542	-0.00134762	2
-117.957	42.2719	0.00302658	-0.00140474	2
-117.553	43.1007	0.00309758	-0.00146283	2
-117.14	43.9244	0.00316843	-0.00152188	2
-116.72	44.7431	0.00323912	-0.00158187	2
-116.291	45.5568	0.00330964	-0.00164279	2
-115.854	46.3656	0.00337998	-0.00170463	2
-115.409	47.1696	0.00345014	-0.00176737	2
-114.962	47.9596	0.00351931	-0.00183027	2
-114.503	48.7541	0.00358908	-0.00189478	2
-114.035	49.5439	0.00365865	-0.00196015	2
-113.561	50.3292	0.00372801	-0.00202637	2
-113.08	51.1099	0.00379714	-0.00209344	2
-112.592	51.8862	0.00386606	-0.00216133	2
-112.097	52.6581	0.00393473	-0.00223003	2
-111.596	53.4257	0.00400317	-0.00229954	2
-111.089	54.189	0.00407136	-0.00236983	2
-110.575	54.9481	0.0041393	-0.00244091	2
-110.055	55.7031	0.00420697	-0.00251274	2
-109.53	56.454	0.00427437	-0.00258532	2
-108.999	57.201	0.0043415	-0.00265864	2
-108.463	57.944	0.00440835	-0.00273269	2
-107.921	58.6831	0.0044749	-0.00280744	2
-107.374	59.4185	0.00454116	-0.00288289	2
-106.822	60.1501	0.00460712	-0.00295903	2
-106.265	60.8781	0.00467276	-0.00303584	2
-105.704	61.6024	0.00473808	-0.00311331	2
-105.138	62.3232	0.00480308	-0.00319143	2
-104.568	63.0406	0.00486774	-0.00327018	2
-103.994	63.7545	0.00493207	-0.00334955	2
-103.416	64.4652	0.00499605	-0.00342952	2
-102.834	65.1725	0.00505967	-0.00351009	2
-102.256	65.8686	0.00512221	-0.00359031	2
-101.667	66.5696	0.00518511	-0.00367203	2
-101.075	67.2675	0.00524763	-0.0037543	2
-100.479	67.9625	0.00530977	-0.00383711	2
-99.8812	68.6545	0.00537152	-0.00392045	2
-99.2803	69.3436	0.00543288	-0.00400432	2
-98.6767	70.0299	0.00549383	-0.00408868	2
-98.0708	70.7135	0.00555437	-0.00417354	2
-97.4626	71.3944	0.00561449	-0.00425887	2
-96.8523	72.0726	0.00567419	-0.00434467	2
-96.2401	72.7484	0.00573345	-0.00443093	2
-95.6262	73.4216	0.00579228	-0.00451762	2
-95.0107	74.0924	0.00585066	-0.00460474	2
-94.3938	74.7609	0.00590858	-0.00469227	2
-93.7756	75.4271	0.00596604	-0.0047802	2
-93.1563	76.091	0.00602304	-0.00486852	2
-92.5362	76.7528	0.00607956	-0.00495722	2
-91.9153	77.4126	0.0061356	-0.00504628	2
-91.2939	78.0702	0.00619115	-0.00513568	2
-90.672	78.726	0.00624621	-0.00522543	2
-90.05	79.3798	0.00630076	-0.00531549	2
-89.4278	80.0318	0.0063548	-0.00540587	2
-88.8058	80.6821	0.00640832	-0.00549654	2
-88.1912	81.3232	0.00646071	-0.00558645	2
-87.5699	81.9702	0.00651318	-0.00567768	2
-86.9493	82.6155	0.00656512	-0.00576916	2
-86.3294	83.2594	0.00661651	-0.00586089	2

-75.0034	2.01256	-2.31504e-07	-2.84416e-07	2
-75.2848	3.08558	-2.04911e-05	-2.36081e-05	2
-75.5413	4.15735	-4.16777e-05	-4.49467e-05	2
-75.77	5.21544	-6.35398e-05	-6.40594e-05	2
-75.9691	6.24805	-8.5795e-05	-8.08076e-05	2
-76.1435	7.27932	-0.000108941	-9.5624e-05	2
-76.2911	8.2973	-0.000132703	-0.000108345	2
-76.4122	9.30213	-0.000157061	-0.000119015	2
-76.5073	10.2939	-0.000181995	-0.000127677	2
-76.5766	11.2728	-0.000207485	-0.000134375	2
-76.6206	12.239	-0.000233511	-0.000139152	2
-76.6395	13.1925	-0.000260053	-0.000142053	2
-76.6338	14.1335	-0.000287091	-0.000143121	2
-76.6037	15.0621	-0.000314605	-0.0001424	2
-76.5497	15.9785	-0.000342576	-0.000139934	2
-76.472	16.8828	-0.000370983	-0.000135765	2
-76.3711	17.7752	-0.000399806	-0.000129939	2
-76.2473	18.6557	-0.000429025	-0.000122499	2
-76.1009	19.5244	-0.000458621	-0.000113487	2
-75.9324	20.3816	-0.000488573	-0.000102949	2
-75.7419	21.2274	-0.000518862	-9.09281e-05	2
-75.53	22.0618	-0.000549468	-7.74675e-05	2
-75.297	22.8851	-0.00058037	-6.26112e-05	2
-75.0431	23.6973	-0.000611548	-4.64029e-05	2
-74.7688	24.4985	-0.000642983	-2.88864e-05	2
-74.4745	25.289	-0.000674655	-1.01053e-05	2
-74.1641	26.0599	-0.000706176	9.65993e-06	2
-73.8308	26.8294	-0.000738259	3.08256e-05	2
-73.4786	27.5884	-0.00077052	5.31253e-05	2
-73.1076	28.3371	-0.000802937	7.6515e-05	2
-72.7183	29.0758	-0.000835491	0.000100951	2
-72.3111	29.8044	-0.000868163	0.00012639	2
-71.8862	30.5231	-0.000900932	0.000152788	2
-71.4441	31.2321	-0.000933778	0.000180101	2
-70.9851	31.9316	-0.000966682	0.000208286	2
-70.5095	32.6215	-0.000999623	0.000237299	2
-70.0177	33.3021	-0.00103258	0.000267096	2
-69.51	33.9734	-0.00106554	0.000297633	2
-68.9869	34.6357	-0.00109847	0.000328867	2
-68.4486	35.2891	-0.00113136	0.000360754	2
-67.8955	35.9336	-0.00116419	0.00039325	2
-67.328	36.5694	-0.00119693	0.000426311	2
-66.7464	37.1967	-0.00122958	0.000459895	2
-66.151	37.8156	-0.0012621	0.000493956	2
-65.5423	38.4261	-0.00129448	0.000528452	2
-64.9206	39.0285	-0.00132669	0.000563339	2
-64.2862	39.6229	-0.00135873	0.000598572	2
-63.6394	40.2094	-0.00139056	0.000634109	2
-62.9807	40.7881	-0.00142217	0.000669905	2
-62.3182	41.3526	-0.00145318	0.000705502	2
-61.6367	41.9163	-0.00148429	0.000741684	2
-60.9444	42.4726	-0.00151512	0.000777995	2
-60.2415	43.0216	-0.00154564	0.000814392	2
-59.5283	43.5636	-0.00157585	0.000850829	2
-58.8054	44.0985	-0.00160571	0.000887265	2
-58.0729	44.6266	-0.00163521	0.000923654	2
-57.3313	45.148	-0.00166433	0.000959953	2
-56.5809	45.6628	-0.00169305	0.000996119	2
-55.822	46.1712	-0.00172135	0.00103211	2
-55.0551	46.6732	-0.0017492	0.00106788	2
-54.2804	47.1691	-0.0017766	0.00110338	2
-53.4983	47.6589	-0.00180351	0.00113857	2
-52.7092	48.1427	-0.00182992	0.00117342	2
-51.9135	48.6208	-0.00185581	0.00120786	2
-51.1114	49.0932	-0.00188116	0.00124187	2
-50.3033	49.5601	-0.00190595	0.0012754	2
-49.4897	50.0215	-0.00193015	0.00130839	2
-48.6707	50.4778	-0.00195376	0.00134082	2
-47.8469	50.9288	-0.00197674	0.00137263	2
-47.0185	51.3749	-0.00199909	0.00140379	2
-46.1859	51.8161	-0.00202077	0.00143424	2
-45.3495	52.2525	-0.00204177	0.00146395	2
-44.5095	52.6844	-0.00206207	0.00149286	2
-43.6761	53.1068	-0.00208143	0.00152063	2
-42.8303	53.5299	-0.00210028	0.00154785	2
-41.982	53.9487	-0.00211837	0.00157415	2
-41.1316	54.3635	-0.00213567	0.00159948	2
-40.2795	54.7743	-0.00215218	0.00162381	2
-39.426	55.1813	-0.00216787	0.00164708	2
-38.5714	55.5845	-0.00218271	0.00166927	2
-37.7162	55.9843	-0.0021967	0.00169031	2
-36.8607	56.3806	-0.00220981	0.00171017	2
-36.0052	56.7736	-0.00222201	0.0017288	2
-35.1501	57.1634	-0.0022333	0.00174617	2
-34.2957	57.5502	-0.00224364	0.00176222	2
-33.4424	57.9341	-0.00225303	0.00177691	2
-32.5905	58.3152	-0.00226143	0.00179021	2
-31.7405	58.6937	-0.00226884	0.00180206	2
-30.8926	59.0697	-0.00227522	0.00181242	2
-30.0472	59.4433	-0.00228057	0.00182125	2
-29.2046	59.8146	-0.00228485	0.0018285	2
-28.3652	60.1839	-0.00228806	0.00183413	2
-27.5295	60.5512	-0.00229016	0.0018381	2
-26.6976	60.9166	-0.00229115	0.00184037	2
-25.87	61.2803	-0.002291	0.00184088	2
-25.047	61.6424	-0.00228968	0.0018396	2
-24.2383	61.9989	-0.00228723	0.00183652	2
-23.4256	62.3582	-0.00228355	0.00183154	2
-22.6185	62.7164	-0.00227865	0.00182464	2
-21.8174	63.0735	-0.00227251	0.00181577	2

-25.0051	2.01216	6.636e-07	-4.22738e-07	2
-25.4333	3.0575	5.56757e-05	-3.55579e-05	2
-25.8523	4.11404	0.000107239	-6.86758e-05	2
-26.2568	5.16947	0.000154765	-9.9398e-05	2
-26.6425	6.21152	0.000197851	-0.000127456	2
-27.0183	7.26427	0.000237574	-0.000153545	2
-27.3797	8.31545	0.000273486	-0.00017737	2
-27.7268	9.36489	0.000305663	-0.000198975	2
-28.0594	10.4124	0.00033418	-0.000218405	2
-28.3777	11.4579	0.000359114	-0.000235703	2
-28.6815	12.5012	0.00038054	-0.000250913	2
-28.971	13.5422	0.000398533	-0.00026408	2
-29.2461	14.5806	0.000413169	-0.000275248	2
-29.5069	15.6164	0.000424524	-0.00028446	2
-29.7532	16.6494	0.000432674	-0.000291761	2
-29.9852	17.6793	0.000437694	-0.000297195	2
-30.2029	18.7062	0.00043966	-0.000300807	2
-30.4062	19.7298	0.000438648	-0.000302639	2
-30.5951	20.7499	0.000434732	-0.000302737	2
-30.7697	21.7664	0.00042799	-0.000301144	2
-30.9299	22.7792	0.000418497	-0.000297904	2
-31.0759	23.788	0.000406328	-0.000293063	2
-31.2075	24.7928	0.000391558	-0.000286663	2
-31.3247	25.7934	0.000374265	-0.000278748	2
-31.4277	26.7896	0.000354523	-0.000269364	2
-31.5163	27.7812	0.000332408	-0.000258554	2
-31.5898	28.7569	0.000308289	-0.000246509	2
-31.65	29.7391	0.00028168	-0.000232995	2
-31.6959	30.7163	0.000252925	-0.000218186	2
-31.7274	31.6884	0.000222098	-0.000202127	2
-31.7447	32.6551	0.000189276	-0.000184862	2
-31.7477	33.6164	0.000154534	-0.000166435	2
-31.7364	34.5721	0.000117948	-0.00014689	2
-31.7108	35.522	7.95943e-05	-0.000126272	2
-31.671	36.466	3.95475e-05	-0.000104625	2
-31.6169	37.4039	-2.11637e-06	-8.19915e-05	2
-31.5485	38.3355	-4.53215e-05	-5.84171e-05	2
-31.4659	39.2608	-8.99924e-05	-3.39454e-05	2
-31.369	40.1795	-0.000136053	-8.62072e-06	2
-31.2578	41.0915	-0.000183428	1.7513e-05	2
-31.1324	41.9967	-0.000232042	4.44116e-05	2
-30.9928	42.8948	-0.000281818	7.2031e-05	2
-30.8389	43.7858	-0.000332682	0.000100327	2
-30.6708	44.6694	-0.000384558	0.000129256	2
-30.4885	45.5456	-0.000437369	0.000158773	2
-30.2919	46.4141	-0.00049104	0.000188834	2
-30.0812	47.2749	-0.000545496	0.000219396	2
-29.8562	48.1277	-0.000600661	0.000250414	2
-29.617	48.9724	-0.000656459	0.000281844	2
-29.3666	49.7992	-0.000712164	0.000313274	2
-29.0992	50.6274	-0.000768996	0.000345392	2
-28.8175	51.4469	-0.000826235	0.000377791	2
-28.5217	52.2578	-0.000883805	0.000410425	2
-28.2117	53.0597	-0.000941632	0.000443252	2
-27.8875	53.8526	-0.000999638	0.000476227	2
-27.5492	54.6364	-0.00105775	0.000509305	2
-27.1966	55.4108	-0.00111589	0.000542443	2
-26.8299	56.1757	-0.00117398	0.000575597	2
-26.4491	56.9309	-0.00123195	0.000608722	2
-26.0541	57.6764	-0.00128972	0.000641774	2
-25.6449	58.4118	-0.00134721	0.00067471	2
-25.2216	59.1372	-0.00140436	0.000707485	2
-24.7841	59.8523	-0.00146108	0.000740055	2
-24.3325	60.5569	-0.0015173	0.000772376	2
-23.8668	61.251	-0.00157294	0.000804404	2
-23.3869	61.9343	-0.00162793	0.000836095	2
-22.893	62.6068	-0.0016822	0.000867404	2
-22.3849	63.2681	-0.00173566	0.000898288	2
-21.8626	63.9183	-0.00178823	0.000928702	2
-21.3263	64.5571	-0.00183986	0.000958602	2
-20.7759	65.1844	-0.00189045	0.000987945	2
-20.2113	65.8	-0.00193994	0.00101669	2
-19.6327	66.4038	-0.00198824	0.00104478	2
-19.0469	66.9889	-0.00203475	0.00107188	2
-18.4402	67.5687	-0.00208048	0.00109855	2
-17.8195	68.1362	-0.0021248	0.00112446	2
-17.1847	68.6913	-0.00216763	0.00114954	2
-16.5358	69.2338	-0.00220891	0.00117375	2
-15.8729	69.7635	-0.00224855	0.00119705	2
-15.1959	70.2803	-0.00228648	0.0012194	2
-14.5048	70.784	-0.00232262	0.00124075	2
-13.7997	71.2745	-0.0023569	0.00126106	2
-13.0805	71.7516	-0.00238924	0.00128028	2
-12.3473	72.2152	-0.00241957	0.00129837	2
-11.6	72.6651	-0.0024478	0.00131529	2
-10.8388	73.1012	-0.00247387	0.00133099	2
-10.0634	73.5232	-0.00249771	0.00134542	2
-9.27409	73.9311	-0.00251922	0.00135855	2
-8.47072	74.3247	-0.00253834	0.00137033	2
-7.65333	74.7038	-0.002555	0.00138071	2
-6.82194	75.0683	-0.00256911	0.00138965	2
-5.97653	75.418	-0.0025806	0.00139711	2
-5.11713	75.7528	-0.00258939	0.00140304	2
-4.24373	76.0725	-0.00259542	0.0014074	2
-3.35633	76.3769	-0.0025986	0.00141014	2
-2.45495	76.666	-0.00259885	0.00141123	2
-1.55018	76.9364	-0.00259616	0.00141062	2
-0.620992	77.1944	-0.00259038	0.00140827	2
0.322168	77.4365	-0.00258146	0.00140413	2
1.2793	77.6626	-0.0025693	0.00139816	2

25	2.01029	4.428e-07	4.65673e-08	2
24.9846	2.89542	3.73295e-05	3.63291e-06	2
24.9382	3.79186	7.2267e-05	6.43179e-06	2
24.8616	4.68922	0.000104848	8.41564e-06	2
24.757	5.57708	0.000134775	9.59426e-06	2
24.6228	6.47598	0.000162779	1.00139e-05	2
24.4607	7.3755	0.000188535	9.67521e-06	2
24.2717	8.27557	0.00021208	8.5973e-06	2
24.0564	9.17606	0.000233448	6.79913e-06	2
23.8157	10.0769	0.000252677	4.29969e-06	2
23.5504	10.978	0.000269802	1.11798e-06	2
23.2613	11.8792	0.00028486	-2.727e-06	2
22.9491	12.7805	0.000297886	-7.21625e-06	2
22.6147	13.6817	0.000308917	-1.23308e-05	2
22.2589	14.5827	0.000317989	-1.80516e-05	2
21.8824	15.4836	0.000325139	-2.43597e-05	2
21.4861	16.384	0.000330401	-3.1236e-05	2
21.0707	17.2841	0.000333812	-3.86617e-05	2
20.6371	18.1836	0.000335409	-4.66177e-05	2
20.186	19.0825	0.000335228	-5.50849e-05	2
19.7183	19.9806	0.000333304	-6.40444e-05	2
19.2347	20.8779	0.000329673	-7.34773e-05	2
18.736	21.7743	0.000324373	-8.33644e-05	2
18.223	22.6697	0.000317438	-9.36869e-05	2
17.6966	23.5639	0.000308906	-0.000104426	2
17.1575	24.457	0.000298812	-0.000115562	2
16.6129	25.3384	0.000287334	-0.000126942	2
16.0509	26.2288	0.000274241	-0.000138811	2
15.4787	27.1176	0.000259694	-0.000151022	2
14.8969	28.0048	0.00024373	-0.000163553	2
14.3064	28.8903	0.000226384	-0.000176388	2
13.708	29.7741	0.000207692	-0.000189505	2
13.1025	30.6559	0.000187691	-0.000202888	2
12.4907	31.5357	0.000166417	-0.000216516	2
11.8733	32.4135	0.000143905	-0.00023037	2
11.2513	33.289	0.000120192	-0.000244432	2
10.6252	34.1623	9.53147e-05	-0.000258683	2
9.99606	35.0332	6.93081e-05	-0.000273103	2
9.36456	35.9017	4.22088e-05	-0.000287674	2
8.73151	36.7675	1.40528e-05	-0.000302376	2
8.09771	37.6307	-1.51237e-05	-0.000317191	2
7.46396	38.4911	-4.52846e-05	-0.000332099	2
6.83104	39.3487	-7.63938e-05	-0.000347082	2
6.19977	40.2032	-0.000108415	-0.000362121	2
5.57093	41.0548	-0.000141313	-0.000377196	2
4.94532	41.9031	-0.00017505	-0.000392289	2
4.32374	42.7483	-0.000209591	-0.00040738	2
3.70698	43.59	-0.0002449	-0.000422451	2
3.09584	44.4283	-0.000280941	-0.000437483	2
2.49802	45.2535	-0.000317251	-0.000452284	2
1.90041	46.0847	-0.000354639	-0.000467181	2
1.31081	46.9121	-0.000392651	-0.000481981	2
0.729991	47.7357	-0.00043125	-0.000496667	2
0.158765	48.5554	-0.000470401	-0.000511218	2
-0.402075	49.3711	-0.000510067	-0.000525616	2
-0.951734	50.1826	-0.000550213	-0.000539842	2
-1.48942	50.9899	-0.000590801	-0.000553877	2
-2.01432	51.7928	-0.000631797	-0.000567701	2
-2.52566	52.5914	-0.000673163	-0.000581296	2
-3.02264	53.3854	-0.000714864	-0.000594644	2
-3.50445	54.1748	-0.000756864	-0.000607724	2
-3.9703	54.9596	-0.000799126	-0.000620518	2
-4.4194	55.7395	-0.000841615	-0.000633006	2
-4.85095	56.5145	-0.000884294	-0.000645171	2
-5.26416	57.2845	-0.000927127	-0.000656992	2
-5.65822	58.0494	-0.000970079	-0.000668452	2
-6.03235	58.8091	-0.00101311	-0.00067953	2
-6.38574	59.5635	-0.00105619	-0.000690208	2
-6.71761	60.3126	-0.00109928	-0.000700467	2
-7.02714	61.0561	-0.00114234	-0.000710288	2
-7.31356	61.7941	-0.00118534	-0.000719651	2
-7.57606	62.5264	-0.00122824	-0.000728539	2
-7.81384	63.2529	-0.00127101	-0.000736931	2
-8.02382	63.9653	-0.00131312	-0.000744722	2
-8.2101	64.68	-0.00135551	-0.000752073	2
-8.36928	65.3887	-0.00139766	-0.000758873	2
-8.50057	66.0912	-0.00143953	-0.000765102	2
-8.60318	66.7874	-0.00148108	-0.00077074	2
-8.67631	67.4773	-0.00152229	-0.00077577	2
-8.71916	68.1608	-0.00156311	-0.000780172	2
-8.73094	68.8376	-0.0016035	-0.000783927	2
-8.71085	69.5079	-0.00164343	-0.000787016	2
-8.65809	70.1713	-0.00168287	-0.000789421	2
-8.57188	70.828	-0.00172178	-0.000791121	2
-8.4514	71.4777	-0.00176012	-0.000792099	2
-8.29588	72.1203	-0.00179786	-0.000792335	2
-8.1045	72.7559	-0.00183495	-0.000791809	2
-7.87648	73.3841	-0.00187137	-0.000790504	2
-7.61102	74.0051	-0.00190708	-0.000788401	2
-7.30732	74.6186	-0.00194204	-0.000785479	2
-6.96458	75.2247	-0.00197622	-0.00078172	2
-6.58202	75.823	-0.00200957	-0.000777106	2
-6.15884	76.4137	-0.00204207	-0.000771617	2
-5.69423	76.9966	-0.00207368	-0.000765234	2
-5.1874	77.5715	-0.00210435	-0.000757938	2
-4.63756	78.1385	-0.00213406	-0.00074971	2
-4.05099	78.6909	-0.00216245	-0.000740642	2
-3.41325	79.2416	-0.00219014	-0.000730505	2
-2.73013	79.7841	-0.00221675	-0.000719379	2
-2.00081	80.3181	-0.00224225	-0.000707246	2

74.9992	2.01139	-1.31104e-07	-1.35376e-07	2
74.9185	2.98348	-1.11042e-05	-1.17947e-05	2
74.8092	3.95161	-2.16132e-05	-2.3626e-05	2
74.6726	4.90468	-3.15503e-05	-3.54971e-05	2
74.5113	5.83225	-4.08338e-05	-4.7274e-05	2
74.3222	6.7562	-4.97029e-05	-5.92339e-05	2
74.1074	7.66592	-5.80696e-05	-7.12432e-05	2
73.8676	8.5617	-6.59574e-05	-8.33051e-05	2
73.6033	9.44383	-7.33894e-05	-9.5423e-05	2
73.3151	10.3126	-8.03891e-05	-0.0001076	2
73.0035	11.1683	-8.69796e-05	-0.000119839	2
72.6692	12.0111	-9.31844e-05	-0.000132144	2
72.3126	12.8415	-9.90266e-05	-0.000144518	2
71.9344	13.6596	-0.00010453	-0.000156963	2
71.5351	14.4657	-0.000109717	-0.000169484	2
71.1152	15.2602	-0.000114611	-0.000182084	2
70.6754	16.0433	-0.000119236	-0.000194765	2
70.2161	16.8153	-0.000123615	-0.000207531	2
69.7381	17.5764	-0.000127772	-0.000220385	2
69.2417	18.3271	-0.000131729	-0.00023333	2
68.7276	19.0674	-0.000135509	-0.00024637	2
68.1964	19.7978	-0.000139137	-0.000259508	2
67.6486	20.5185	-0.000142635	-0.000272747	2
67.0848	21.2299	-0.000146028	-0.00028609	2
66.5055	21.932	-0.000149337	-0.00029954	2
65.9113	22.6254	-0.000152586	-0.000313101	2
65.3098	23.3023	-0.000155762	-0.000326619	2
64.6876	23.979	-0.000158962	-0.00034041	2
64.0522	24.6476	-0.000162172	-0.000354321	2
63.4042	25.3085	-0.000165416	-0.000368356	2
62.7441	25.962	-0.000168715	-0.000382517	2
62.0724	26.6083	-0.000172095	-0.000396809	2
61.3898	27.2478	-0.000175578	-0.000411233	2
60.6968	27.8807	-0.000179187	-0.000425794	2
59.9939	28.5073	-0.000182946	-0.000440495	2
59.2818	29.128	-0.000186878	-0.000455339	2
58.561	29.7428	-0.000191006	-0.000470329	2
57.832	30.3523	-0.000195354	-0.000485468	2
57.0954	30.9566	-0.000199944	-0.00050076	2
56.3518	31.556	-0.000204801	-0.000516207	2
55.6018	32.1508	-0.000209948	-0.000531814	2
54.8458	32.7413	-0.000215407	-0.000547582	2
54.0845	33.3278	-0.000221203	-0.000563517	2
53.3185	33.9105	-0.000227357	-0.000579619	2
52.5482	34.4898	-0.000233895	-0.000595894	2
51.7743	35.0659	-0.000240838	-0.000612344	2
50.9974	35.6391	-0.000248211	-0.000628972	2
50.2179	36.2097	-0.000256036	-0.000645782	2
49.4364	36.778	-0.000264337	-0.000662776	2
48.6626	37.3377	-0.000273034	-0.00067976	2
47.879	37.9022	-0.00028235	-0.000697132	2
47.095	38.4652	-0.000292212	-0.000714698	2
46.3114	39.0271	-0.000302643	-0.000732462	2
45.5286	39.588	-0.000313666	-0.000750426	2
44.7473	40.1483	-0.000325305	-0.000768595	2
43.9679	40.7082	-0.000337582	-0.000786971	2
43.1911	41.2681	-0.000350521	-0.000805557	2
42.4174	41.8282	-0.000364145	-0.000824357	2
41.6474	42.3887	-0.000378478	-0.000843375	2
40.8816	42.9501	-0.000393543	-0.000862612	2
40.1206	43.5126	-0.000409362	-0.000882073	2
39.365	44.0764	-0.000425961	-0.00090176	2
38.6153	44.6418	-0.000443361	-0.000921678	2
37.8721	45.2092	-0.000461586	-0.000941828	2
37.1359	45.7788	-0.000480659	-0.000962215	2
36.4074	46.3508	-0.000500605	-0.000982841	2
35.687	46.9257	-0.000521445	-0.00100371	2
34.9754	47.5035	-0.000543203	-0.00102483	2
34.2731	48.0848	-0.000565903	-0.00104619	2
33.5806	48.6696	-0.000589567	-0.00106781	2
32.8986	49.2583	-0.00061422	-0.00108968	2
32.2276	49.8513	-0.000639884	-0.00111181	2
31.5681	50.4487	-0.000666583	-0.0011342	2
30.9282	51.0439	-0.000694015	-0.0011566	2
30.2934	51.651	-0.00072284	-0.00117953	2
29.6718	52.2634	-0.00075277	-0.00120272	2
29.0641	52.8815	-0.000783827	-0.00122619	2
28.4707	53.5054	-0.000816036	-0.00124994	2
27.8923	54.1355	-0.000849419	-0.00127397	2
27.3293	54.7721	-0.000883999	-0.00129829	2
26.7824	55.4154	-0.0009198	-0.00132289	2
26.2522	56.0657	-0.000956845	-0.00134778	2
25.7391	56.7233	-0.000995157	-0.00137297	2
25.2437	57.3884	-0.00103476	-0.00139846	2
24.7667	58.0615	-0.00107568	-0.00142425	2
24.3086	58.7427	-0.00111793	-0.00145034	2
23.8699	59.4323	-0.00116155	-0.00147673	2
23.4512	60.1307	-0.00120655	-0.00150344	2
23.053	60.838	-0.00125295	-0.00153046	2
22.676	61.5546	-0.00130079	-0.0015578	2
22.3207	62.2808	-0.00135008	-0.00158546	2
21.9876	63.0169	-0.00140085	-0.00161344	2
21.6774	63.7631	-0.00145311	-0.00164175	2
21.3905	64.5197	-0.00150691	-0.00167039	2
21.1276	65.287	-0.00156224	-0.00169936	2
20.8892	66.0653	-0.00161915	-0.00172867	2
20.6781	66.8457	-0.00167697	-0.00175798	2
20.4901	67.6466	-0.00173707	-0.00178796	2
20.3283	68.4594	-0.00179881	-0.00181829	2
20.1932	69.2843	-0.00186222	-0.00184897	2

124.999	2.0123	3.54196e-07	-4.89575e-07	2
124.914	3.06365	3.1705e-05	-4.11088e-05	2
124.806	4.11508	6.51901e-05	-7.92487e-05	2
124.678	5.15449	0.000100424	-0.000114471	2
124.532	6.17032	0.000136943	-0.000146472	2
124.364	7.1864	0.000175564	-0.000176045	2
124.177	8.19106	0.000215841	-0.000202855	2
123.97	9.18448	0.000257745	-0.000226953	2
123.744	10.1669	0.000301243	-0.000248389	2
123.5	11.1384	0.000346306	-0.000267216	2
123.238	12.0994	0.000392902	-0.000283485	2
122.958	13.0499	0.000441001	-0.000297247	2
122.66	13.9901	0.000490571	-0.000308553	2
122.345	14.9204	0.000541581	-0.000317456	2
122.014	15.8408	0.000594001	-0.000324006	2
121.665	16.7515	0.0006478	-0.000328255	2
121.301	17.6528	0.000702946	-0.000330254	2
120.921	18.5449	0.00075941	-0.000330055	2
120.526	19.428	0.000817159	-0.000327709	2
120.115	20.3022	0.000876164	-0.000323267	2
119.69	21.1677	0.000936392	-0.000316782	2
119.25	22.0249	0.000997814	-0.000308304	2
118.796	22.8738	0.0010604	-0.000297884	2
118.328	23.7146	0.00112411	-0.000285575	2
117.848	24.5476	0.00118893	-0.000271427	2
117.354	25.373	0.00125482	-0.000255493	2
116.853	26.1816	0.00132097	-0.000238035	2
116.334	26.9923	0.00138889	-0.0002187	2
115.803	27.796	0.00145779	-0.000197731	2
115.261	28.5929	0.00152763	-0.000175181	2
114.707	29.3831	0.00159839	-0.0001511	2
114.142	30.1669	0.00167004	-0.00012554	2
113.567	30.9444	0.00174254	-9.85516e-05	2
112.981	31.7159	0.00181586	-7.01874e-05	2
112.386	32.4815	0.00188998	-4.04983e-05	2
111.781	33.2415	0.00196485	-9.53574e-06	2
111.166	33.996	0.00204046	2.26489e-05	2
110.543	34.7452	0.00211676	5.60041e-05	2
109.911	35.4895	0.00219373	9.04785e-05	2
109.271	36.2288	0.00227134	0.000126021	2
108.623	36.9635	0.00234956	0.000162579	2
107.968	37.6938	0.00242835	0.000200103	2
107.305	38.4198	0.00250769	0.00023854	2
106.636	39.1417	0.00258754	0.00027784	2
105.96	39.8598	0.00266787	0.00031795	2
105.278	40.5742	0.00274866	0.000358819	2
104.59	41.2851	0.00282986	0.000400397	2
103.897	41.9928	0.00291146	0.00044263	2
103.199	42.6975	0.00299342	0.000485469	2
102.504	43.3912	0.00307475	0.00052836	2
101.796	44.0904	0.00315733	0.00057225	2
101.085	44.787	0.00324018	0.000616591	2
100.37	45.4815	0.00332326	0.000661332	2
99.6509	46.1738	0.00340655	0.000706421	2
98.9293	46.8643	0.00349001	0.000751808	2
98.2049	47.5531	0.00357361	0.00079744	2
97.4782	48.2405	0.00365733	0.000843267	2
96.7495	48.9265	0.00374113	0.000889237	2
96.0192	49.6116	0.00382498	0.000935299	2
95.2875	50.2957	0.00390884	0.0009814	2
94.5549	50.9792	0.0039927	0.00102749	2
93.8216	51.6622	0.00407652	0.00107352	2
93.0881	52.3449	0.00416026	0.00111943	2
92.3547	53.0276	0.0042439	0.00116518	2
91.6216	53.7103	0.0043274	0.00121071	2
90.8893	54.3935	0.00441074	0.00125597	2
90.1582	55.0771	0.00449388	0.00130092	2
89.4284	55.7615	0.00457679	0.00134549	2
88.7005	56.4467	0.00465945	0.00138964	2
87.9747	57.1331	0.00474181	0.00143331	2
87.2514	57.8209	0.00482386	0.00147646	2
86.5309	58.5101	0.00490555	0.00151904	2
85.8135	59.2011	0.00498687	0.00156098	2
85.1079	59.886	0.00506684	0.00160178	2
84.3979	60.581	0.0051473	0.00164232	2
83.6921	61.2783	0.00522729	0.00168208	2
82.9909	61.9781	0.00530677	0.00172101	2
82.2946	62.6807	0.00538571	0.00175905	2
81.6034	63.3861	0.00546409	0.00179616	2
80.9179	64.0947	0.00554187	0.00183228	2
80.2383	64.8066	0.00561902	0.00186736	2
79.565	65.522	0.00569551	0.00190135	2
78.8983	66.2411	0.00577131	0.0019342	2
78.2385	66.9641	0.00584639	0.00196585	2
77.5861	67.6912	0.00592072	0.00199626	2
76.9413	68.4227	0.00599426	0.00202538	2
76.3044	69.1586	0.00606699	0.00205314	2
75.676	69.8993	0.00613887	0.00207951	2
75.0562	70.6448	0.00620988	0.00210443	2
74.4455	71.3955	0.00627998	0.00212785	2
73.8441	72.1515	0.00634914	0.00214971	2
73.2524	72.913	0.00641734	0.00216997	2
72.6708	73.6802	0.00648453	0.00218857	2
72.0997	74.4533	0.00655069	0.00220547	2
71.5392	75.2325	0.0066158	0.00222061	2
70.9899	76.018	0.00667981	0.00223393	2
70.4581	76.8009	0.00674197	0.00224528	2
69.9319	77.5995	0.00680372	0.00225485	2
69.4178	78.405	0.00686428	0.00226246	2
68.9162	79.2176	0.00692362	0.00226806	2

