-125.002	2.01132	-4.27538e-07	1.01258e-07	2
-125.146	2.97628	-3.6643e-05	8.39366e-06	2
-125.317	3.93611	-7.21852e-05	1.59518e-05	2
-125.513	4.8798	-0.000106653	2.26831e-05	2
-125.732	5.79704	-0.000139695	2.85327e-05	2
-125.976	6.70945	-0.000172104	3.36453e-05	2
-126.244	7.60658	-0.000203519	3.79568e-05	2
-126.536	8.4887	-0.000233965	4.14758e-05	2
-126.849	9.3561	-0.000263468	4.42109e-05	2
-127.185	10.2091	-0.000292055	4.61707e-05	2
-127.543	11.0479	-0.000319753	4.73639e-05	2
-127.921	11.8729	-0.000346587	4.77991e-05	2
-128.32	12.6843	-0.000372585	4.74849e-05	2
-128.74	13.4825	-0.000397773	4.643e-05	2
-129.178	14.2676	-0.000422177	4.46429e-05	2
-129.636	15.0401	-0.000445824	4.21322e-05	2
-130.113	15.8002	-0.00046874	3.89067e-05	2
-130.607	16.5481	-0.000490951	3.49748e-05	2
-131.12	17.2842	-0.000512485	3.03454e-05	2
-131.649	18.0088	-0.000533367	2.50268e-05	2
-132.195	18.7221	-0.000553623	1.90279e-05	2
-132.757	19.4244	-0.000573282	1.23572e-05	2
-133.335	20.116	-0.000592368	5.02326e-06	2
-133.927	20.7973	-0.000610909	-2.96519e-06	2
-134.535	21.4685	-0.00062893	-1.15996e-05	2
-135.156	22.1298	-0.000646458	-2.08713e-05	2
-135.784	22.7742	-0.000663327	-3.06543e-05	2
-136.432	23.4169	-0.000679954	-4.11677e-05	2
-137.093	24.0506	-0.000696167	-5.22926e-05	2
-137.766	24.6757	-0.000711994	-6.40204e-05	2
-138.451	25.2923	-0.000727459	-7.63425e-05	2
-139.147	25.9009	-0.00074259	-8.92503e-05	2
-139.853	26.5017	-0.000757413	-0.000102735	2
-140.57	27.095	-0.000771954	-0.000116788	2
-141.296	27.6811	-0.000786241	-0.000131401	2
-142.032	28.2602	-0.000800298	-0.000146566	2
-142.776	28.8327	-0.000814154	-0.000162272	2
-143.528	29.3988	-0.000827834	-0.000178513	2
-144.288	29.9589	-0.000841365	-0.000195279	2
-145.055	30.5131	-0.000854773	-0.000212562	2
-145.829	31.0619	-0.000868084	-0.000230353	2
-146.61	31.6055	-0.000881326	-0.000248643	2
-147.395	32.1441	-0.000894524	-0.000267424	2
-148.186	32.6782	-0.000907706	-0.000286688	2
-148.982	33.2078	-0.000920896	-0.000306425	2
-149.782	33.7335	-0.000934123	-0.000326627	2
-150.586	34.2553	-0.000947412	-0.000347285	2
-151.393	34.7737	-0.00096079	-0.000368391	2
-152.203	35.2889	-0.000974283	-0.000389936	2
-153.005	35.7953	-0.00098776	-0.000411656	2
-153.819	36.3051	-0.00100156	-0.000434049	2
-154.634	36.8125	-0.00101556	-0.000456855	2
-155.449	37.3178	-0.00102977	-0.000480066	2
-156.265	37.8214	-0.00104424	-0.000503672	2
-157.081	38.3236	-0.00105897	-0.000527667	2
-157.896	38.8245	-0.00107401	-0.00055204	2
-158.71	39.3246	-0.00108937	-0.000576783	2
-159.522	39.8241	-0.00110509	-0.000601888	2
-160.331	40.3233	-0.00112119	-0.000627346	2
-161.138	40.8224	-0.00113769	-0.000653148	2
-161.942	41.3219	-0.00115462	-0.000679286	2
-162.742	41.8219	-0.00117201	-0.000705751	2
-163.538	42.3227	-0.00118989	-0.000732535	2
-164.329	42.8246	-0.00120828	-0.000759628	2
-165.115	43.328	-0.00122721	-0.000787023	2
-165.896	43.8331	-0.0012467	-0.00081471	2
-166.67	44.3402	-0.00126679	-0.000842681	2
-167.437	44.8496	-0.00128749	-0.000870928	2
-168.197	45.3615	-0.00130884	-0.000899441	2
-168.95	45.8764	-0.00133085	-0.000928213	2
-169.694	46.3943	-0.00135356	-0.000957234	2
-170.43	46.9157	-0.001377	-0.000986496	2
-171.157	47.4409	-0.00140119	-0.00101599	2
-171.865	47.9639	-0.00142586	-0.00104537	2
-172.572	48.4973	-0.00145161	-0.0010753	2
-173.268	49.0353	-0.0014782	-0.00110543	2
-173.953	49.5782	-0.00150564	-0.00113577	2
-174.627	50.1262	-0.00153396	-0.00116629	2
-175.288	50.6797	-0.00156319	-0.001197	2
-175.936	51.2389	-0.00159335	-0.00122787	2
-176.572	51.8042	-0.00162448	-0.00125891	2
-177.194	52.3758	-0.00165659	-0.00129011	2
-177.802	52.954	-0.00168971	-0.00132145	2
-178.395	53.5391	-0.00172388	-0.00135293	2
-178.973	54.1313	-0.00175911	-0.00138454	2
-179.535	54.7311	-0.00179544	-0.00141626	2
-180.081	55.3386	-0.00183289	-0.0014481	2
-180.611	55.9541	-0.00187148	-0.00148005	2
-181.124	56.578	-0.00191125	-0.00151208	2
-181.619	57.2105	-0.00195221	-0.00154421	2
-182.096	57.852	-0.0019944	-0.00157641	2
-182.554	58.5026	-0.00203785	-0.00160868	2
-182.993	59.1627	-0.00208257	-0.001641	2
-183.413	59.8326	-0.00212859	-0.00167338	2
-183.812	60.5126	-0.00217595	-0.00170581	2
-184.191	61.2029	-0.00222467	-0.00173826	2
-184.545	61.8957	-0.00227418	-0.00177037	2
-184.882	62.6075	-0.00232568	-0.00180287	2
-185.196	63.3305	-0.00237861	-0.00183538	2
-185.488	64.065	-0.002433	-0.00186788	2

-75.0007	2.01114	-2.50427e-07	-3.28316e-07	2
-75.0684	2.96631	-1.98686e-05	-2.7435e-05	2
-75.15	3.92763	-3.5894e-05	-5.26125e-05	2
-75.2448	4.88404	-4.81342e-05	-7.55712e-05	2
-75.351	5.82469	-5.65703e-05	-9.61232e-05	2
-75.4711	6.77153	-6.14561e-05	-0.000114785	2
-75.6036	7.71368	-6.27301e-05	-0.000131343	2
-75.7482	8.65121	-6.04504e-05	-0.000145837	2
-75.9048	9.58419	-5.46751e-05	-0.000158305	2
-76.0732	10.5127	-4.54622e-05	-0.000168787	2
-76.253	11.4368	-3.28696e-05	-0.00017732	2
-76.4442	12.3566	-1.69556e-05	-0.000183943	2
-76.6464	13.2721	2.222e-06	-0.000188696	2
-76.8594	14.1835	2.4605e-05	-0.000191616	2
-77.0831	15.0908	5.01355e-05	-0.000192743	2
-77.3171	15.994	7.87554e-05	-0.000192115	2
-77.5613	16.8933	0.000110407	-0.000189772	2
-77.8155	17.7887	0.000145031	-0.00018575	2
-78.0794	18.6803	0.000182571	-0.000180091	2
-78.3527	19.5682	0.000222968	-0.000172831	2
-78.6354	20.4524	0.000266164	-0.00016401	2
-78.9271	21.333	0.000312101	-0.000153667	2
-79.2277	22.2102	0.000360722	-0.00014184	2
-79.5368	23.0839	0.000411967	-0.000128568	2
-79.8543	23.9542	0.00046578	-0.00011389	2
-80.18	24.8213	0.000522101	-9.7844e-05	2
-80.5098	25.6752	0.000580185	-8.06763e-05	2
-80.851	26.536	0.000641323	-6.20258e-05	2
-81.1997	27.3936	0.000704797	-4.21235e-05	2
-81.5557	28.2484	0.000770548	-2.10079e-05	2
-81.9188	29.1001	0.000838519	1.28222e-06	2
-82.2886	29.9491	0.000908651	2.47081e-05	2
-82.6651	30.7953	0.000980887	4.92311e-05	2
-83.0479	31.6388	0.00105517	7.48124e-05	2
-83.4369	32.4797	0.00113144	0.000101413	2
-83.8318	33.318	0.00120963	0.000128995	2
-84.2325	34.1539	0.0012897	0.00015752	2
-84.6386	34.9874	0.00137158	0.000186947	2
-85.0499	35.8186	0.00145522	0.00021724	2
-85.4663	36.6475	0.00154056	0.000248358	2
-85.8875	37.4743	0.00162753	0.000280264	2
-86.3133	38.299	0.00171608	0.000312919	2
-86.7434	39.1216	0.00180616	0.000346284	2
-87.1777	39.9423	0.0018977	0.00038032	2
-87.6159	40.7611	0.00199065	0.000414988	2
-88.0578	41.5782	0.00208495	0.000450251	2
-88.5032	42.3935	0.00218054	0.000486068	2
-88.9518	43.2072	0.00227736	0.000522402	2
-89.4034	44.0192	0.00237536	0.000559213	2
-89.8526	44.8205	0.00247332	0.000596033	2
-90.3095	45.6297	0.00257348	0.00063368	2
-90.7689	46.4375	0.00267465	0.000671688	2
-91.2303	47.2441	0.00277675	0.00071002	2
-91.6937	48.0494	0.00287974	0.000748636	2
-92.1587	48.8537	0.00298356	0.000787499	2
-92.6253	49.6568	0.00308814	0.000826568	2
-93.093	50.459	0.00319344	0.000865806	2
-93.5618	51.2603	0.00329939	0.000905173	2
-94.0313	52.0608	0.00340594	0.000944632	2
-94.5014	52.8605	0.00351302	0.000984143	2
-94.9719	53.6595	0.00362058	0.00102367	2
-95.4425	54.4579	0.00372856	0.00106317	2
-95.9129	55.2557	0.00383691	0.0011026	2
-96.3831	56.0532	0.00394556	0.00114194	2
-96.8527	56.8502	0.00405446	0.00118113	2
-97.3215	57.6469	0.00416354	0.00122014	2
-97.7894	58.4434	0.00427276	0.00125893	2
-98.256	59.2397	0.00438205	0.00129747	2
-98.7211	60.0359	0.00449135	0.00133571	2
-99.1846	60.8321	0.00460061	0.00137361	2
-99.6462	61.6284	0.00470977	0.00141114	2
-100.106	62.4248	0.00481877	0.00144826	2
-100.563	63.2215	0.00492755	0.00148493	2
-101.012	64.0092	0.00503481	0.0015207	2
-101.464	64.8065	0.00514299	0.00155636	2
-101.913	65.6042	0.00525077	0.00159145	2
-102.359	66.4023	0.00535811	0.00162593	2
-102.801	67.2011	0.00546494	0.00165977	2
-103.239	68.0006	0.00557121	0.00169293	2
-103.674	68.8007	0.00567685	0.00172537	2
-104.104	69.6017	0.00578181	0.00175704	2
-104.53	70.4035	0.00588603	0.00178792	2
-104.952	71.2063	0.00598945	0.00181796	2
-105.369	72.0102	0.00609202	0.00184712	2
-105.78	72.8151	0.00619368	0.00187537	2
-106.187	73.6212	0.00629436	0.00190267	2
-106.588	74.4285	0.00639402	0.00192897	2
-106.983	75.2372	0.00649259	0.00195424	2
-107.373	76.0473	0.00659001	0.00197844	2
-107.756	76.8588	0.00668623	0.00200153	2
-108.133	77.6719	0.00678118	0.00202348	2
-108.503	78.4866	0.00687482	0.00204424	2
-108.867	79.303	0.00696708	0.00206377	2
-109.223	80.1212	0.0070579	0.00208204	2
-109.573	80.9413	0.00714723	0.00209901	2
-109.914	81.7632	0.00723501	0.00211464	2
-110.245	82.5777	0.0073202	0.00212873	2
-110.571	83.4036	0.00740472	0.00214158	2
-110.889	84.2318	0.00748752	0.00215297	2
-111.199	85.0621	0.00756853	0.00216287	2

-24.9996	2.01256	3.81742e-07	-2.59413e-08	2
-24.9581	3.08641	3.40497e-05	-3.30952e-06	2
-24.8982	4.16009	6.97735e-05	-8.73125e-06	2
-24.8205	5.22118	0.000107139	-1.62387e-05	2
-24.7265	6.2578	0.000145655	-2.5684e-05	2
-24.6141	7.29418	0.000186187	-3.72604e-05	2
-24.4847	8.31831	0.000228262	-5.08436e-05	2
-24.3383	9.33031	0.000271847	-6.6407e-05	2
-24.1754	10.3303	0.00031691	-8.39243e-05	2
-23.9959	11.3184	0.000363418	-0.000103369	2
-23.8003	12.2947	0.000411339	-0.000124715	2
-23.5887	13.2594	0.000460639	-0.000147935	2
-23.3613	14.2125	0.000511285	-0.000173003	2
-23.1184	15.1541	0.000563245	-0.000199892	2
-22.8602	16.0845	0.000616486	-0.000228577	2
-22.5868	17.0037	0.000670976	-0.000259031	2
-22.2986	17.9118	0.000726681	-0.000291227	2
-21.9957	18.809	0.000783569	-0.000325138	2
-21.6784	19.6953	0.000841607	-0.000360739	2
-21.3469	20.5709	0.000900761	-0.000398003	2
-21.0014	21.4359	0.000961001	-0.000436904	2
-20.6422	22.2904	0.00102229	-0.000477414	2
-20.2694	23.1345	0.0010846	-0.000519508	2
-19.8833	23.9684	0.0011479	-0.000563159	2
-19.4841	24.7922	0.00121215	-0.000608341	2
-19.072	25.6059	0.00127731	-0.000655027	2
-18.6522	26.4006	0.00134261	-0.000702629	2
-18.2152	27.1948	0.00140951	-0.000752227	2
-17.7659	27.9793	0.00147723	-0.000803251	2
-17.3047	28.7543	0.00154575	-0.000855674	2
-16.8317	29.5198	0.00161502	-0.000909468	2
-16.3472	30.276	0.00168501	-0.000964609	2
-15.8514	31.0231	0.0017557	-0.00102107	2
-15.3444	31.7611	0.00182705	-0.00107882	2
-14.8266	32.4901	0.00189902	-0.00113784	2
-14.2982	33.2102	0.00197158	-0.0011981	2
-13.7593	33.9217	0.0020447	-0.00125957	2
-13.2102	34.6245	0.00211835	-0.00132224	2
-12.6511	35.3189	0.0021925	-0.00138606	2
-12.0823	36.0049	0.00226711	-0.00145101	2
-11.5039	36.6826	0.00234214	-0.00151707	2
-10.9162	37.3522	0.00241758	-0.00158422	2
-10.3194	38.0138	0.00249337	-0.00165242	2
-9.71379	38.6675	0.0025695	-0.00172165	2
-9.09949	39.3134	0.00264593	-0.00179188	2
-8.47676	39.9517	0.00272262	-0.00186308	2
-7.84583	40.5824	0.00279954	-0.00193524	2
-7.20692	41.2056	0.00287666	-0.00200832	2
-6.56025	41.8216	0.00295395	-0.00208229	2
-5.9136	42.4234	0.00303048	-0.00215627	2
-5.25217	43.0252	0.003108	-0.00223195	2
-4.58364	43.62	0.0031856	-0.00230844	2
-3.90824	44.2079	0.00326322	-0.00238573	2
-3.22619	44.7892	0.00334085	-0.00246377	2
-2.53772	45.3638	0.00341846	-0.00254256	2
-1.84304	45.932	0.00349599	-0.00262206	2
-1.14238	46.4938	0.00357344	-0.00270225	2
-0.435966	47.0493	0.00365075	-0.00278309	2
0.275985	47.5987	0.00372791	-0.00286456	2
0.99325	48.1421	0.00380487	-0.00294664	2
1.7156	48.6795	0.00388161	-0.0030293	2
2.44283	49.2112	0.00395808	-0.00311252	2
3.1747	49.7372	0.00403427	-0.00319625	2
3.91099	50.2577	0.00411013	-0.00328049	2
4.65148	50.7728	0.00418563	-0.0033652	2
5.39595	51.2825	0.00426074	-0.00345036	2
6.14418	51.787	0.00433543	-0.00353594	2
6.89594	52.2865	0.00440966	-0.00362192	2
7.65101	52.781	0.00448341	-0.00370826	2
8.40917	53.2706	0.00455663	-0.00379494	2
9.17019	53.7556	0.0046293	-0.00388194	2
9.93386	54.2359	0.00470138	-0.00396922	2
10.6999	54.7117	0.00477285	-0.00405677	2
11.4594	55.1778	0.00484285	-0.00414354	2
12.2296	55.6451	0.00491298	-0.00423153	2
13.0016	56.1082	0.00498239	-0.0043197	2
13.7752	56.5673	0.00505106	-0.00440803	2
14.55	57.0225	0.00511894	-0.00449649	2
15.3259	57.4739	0.00518601	-0.00458505	2
16.1027	57.9217	0.00525222	-0.00467369	2
16.8802	58.3658	0.00531756	-0.00476238	2
17.658	58.8066	0.00538198	-0.00485109	2
18.4361	59.2441	0.00544545	-0.0049398	2
19.2141	59.6783	0.00550795	-0.00502848	2
19.9919	60.1095	0.00556943	-0.00511711	2
20.7692	60.5377	0.00562986	-0.00520566	2
21.5458	60.9631	0.00568922	-0.00529409	2
22.3215	61.3857	0.00574747	-0.0053824	2
23.0961	61.8057	0.00580457	-0.00547054	2
23.8693	62.2233	0.00586049	-0.00555849	2
24.6409	62.6384	0.00591521	-0.00564623	2
25.4108	63.0513	0.00596868	-0.00573373	2
26.1786	63.4621	0.00602088	-0.00582096	2
26.9441	63.8709	0.00607177	-0.0059079	2
27.7072	64.2777	0.00612132	-0.00599452	2
28.4676	64.6828	0.0061695	-0.0060808	2
29.2164	65.0815	0.00621574	-0.00616571	2
29.9707	65.4834	0.00626109	-0.00625122	2
30.7217	65.8838	0.00630497	-0.0063363	2
31.4692	66.2829	0.00634734	-0.00642093	2

24.9957	2.01195	-4.60442e-07	-1.3668e-07	2
24.6369	3.03507	-3.96855e-05	-1.13414e-05	2
24.302	4.061	-7.86186e-05	-2.15876e-05	2
23.995	5.07783	-0.000116803	-3.0764e-05	2
23.7186	6.07405	-0.000153817	-3.88089e-05	2
23.4661	7.07288	-0.000190523	-4.59345e-05	2
23.2405	8.06271	-0.000226492	-5.20671e-05	2
23.0415	9.04357	-0.000261727	-5.72324e-05	2
22.8688	10.0155	-0.000296232	-6.14559e-05	2
22.7219	10.9785	-0.00033001	-6.47633e-05	2
22.6007	11.9327	-0.000363065	-6.71803e-05	2
22.5047	12.8781	-0.0003954	-6.87324e-05	2
22.4337	13.8146	-0.00042702	-6.94454e-05	2
22.3873	14.7424	-0.000457928	-6.93449e-05	2
22.3651	15.6615	-0.000488127	-6.84565e-05	2
22.3669	16.5719	-0.000517621	-6.68059e-05	2
22.3923	17.4737	-0.000546414	-6.44187e-05	2
22.4409	18.3668	-0.00057451	-6.13205e-05	2
22.5126	19.2514	-0.000601912	-5.7537e-05	2
22.6068	20.1274	-0.000628624	-5.30939e-05	2
22.7233	20.9949	-0.00065465	-4.80167e-05	2
22.8618	21.8539	-0.000679992	-4.23312e-05	2
23.0219	22.7045	-0.000704656	-3.6063e-05	2
23.2033	23.5467	-0.000728644	-2.92376e-05	2
23.4057	24.3805	-0.00075196	-2.18808e-05	2
23.6287	25.206	-0.000774608	-1.40182e-05	2
23.8691	26.0138	-0.000796342	-5.774e-06	2
24.1322	26.8228	-0.000817672	3.01818e-06	2
24.4149	27.6236	-0.000838345	1.22395e-05	2
24.717	28.4162	-0.000858364	2.18644e-05	2
25.038	29.2006	-0.000877734	3.18672e-05	2
25.3777	29.9769	-0.000896457	4.22222e-05	2
25.7357	30.7451	-0.000914537	5.29037e-05	2
26.1117	31.5052	-0.000931978	6.38863e-05	2
26.5054	32.2574	-0.000948785	7.51441e-05	2
26.9164	33.0015	-0.000964959	8.66516e-05	2
27.3444	33.7377	-0.000980506	9.83831e-05	2
27.7891	34.466	-0.000995428	0.000110313	2
28.2502	35.1864	-0.00100973	0.000122416	2
28.7272	35.8989	-0.00102341	0.000134665	2
29.22	36.6037	-0.00103648	0.000147037	2
29.7281	37.3007	-0.00104895	0.000159504	2
30.2512	37.9899	-0.0010608	0.000172041	2
30.789	38.6714	-0.00107205	0.000184622	2
31.3412	39.3453	-0.00108271	0.000197223	2
31.9074	40.0115	-0.00109277	0.000209817	2
32.4873	40.6701	-0.00110224	0.000222378	2
33.0806	41.3212	-0.00111112	0.000234881	2
33.687	41.9647	-0.00111941	0.000247301	2
34.2988	42.5935	-0.00112704	0.00025947	2
34.9301	43.2221	-0.00113419	0.000271647	2
35.5734	43.8433	-0.00114076	0.000283664	2
36.2285	44.4572	-0.00114676	0.000295495	2
36.895	45.0637	-0.0011522	0.000307114	2
37.5725	45.6628	-0.00115708	0.000318495	2
38.2607	46.2547	-0.00116139	0.000329614	2
38.9594	46.8393	-0.00116515	0.000340445	2
39.6681	47.4168	-0.00116836	0.000350961	2
40.3866	47.987	-0.00117103	0.000361137	2
41.1145	48.5501	-0.00117315	0.000370948	2
41.8515	49.1061	-0.00117472	0.000380368	2
42.5972	49.655	-0.00117577	0.00038937	2
43.3513	50.1968	-0.00117627	0.000397931	2
44.1135	50.7317	-0.00117625	0.000406023	2
44.8835	51.2596	-0.00117571	0.000413622	2
45.6609	51.7805	-0.00117464	0.000420702	2
46.4455	52.2946	-0.00117306	0.000427236	2
47.2367	52.8018	-0.00117096	0.0004332	2
48.0345	53.3021	-0.00116834	0.000438567	2
48.8383	53.7957	-0.00116523	0.000443313	2
49.6479	54.2825	-0.0011616	0.000447411	2
50.463	54.7626	-0.00115748	0.000450836	2
51.2831	55.236	-0.00115286	0.000453562	2
52.0986	55.6974	-0.00114781	0.000455545	2
52.9279	56.1576	-0.00114222	0.000456805	2
53.7614	56.6112	-0.00113614	0.00045729	2
54.5987	57.0582	-0.00112958	0.000456973	2
55.4395	57.4988	-0.00112254	0.00045583	2
56.2834	57.9328	-0.00111502	0.000453835	2
57.1301	58.3604	-0.00110704	0.000450961	2
57.9793	58.7816	-0.00109858	0.000447184	2
58.8306	59.1964	-0.00108967	0.000442477	2
59.6838	59.6049	-0.00108029	0.000436816	2
60.5384	60.0071	-0.00107046	0.000430173	2
61.3942	60.403	-0.00106018	0.000422525	2
62.2508	60.7927	-0.00104944	0.000413844	2
63.1079	61.1762	-0.00103827	0.000404106	2
63.9652	61.5535	-0.00102665	0.000393285	2
64.8223	61.9247	-0.00101459	0.000381355	2
65.6789	62.2897	-0.0010021	0.000368291	2
66.5347	62.6488	-0.000989177	0.000354066	2
67.3893	63.0018	-0.000975828	0.000338656	2
68.2425	63.3488	-0.000962056	0.000322034	2
69.0938	63.6898	-0.000947865	0.000304175	2
69.943	64.025	-0.000933258	0.000285054	2
70.7897	64.3542	-0.000918238	0.000264644	2
71.6239	64.6739	-0.00090299	0.000243177	2
72.4647	64.9916	-0.000887161	0.000220129	2
73.302	65.3034	-0.000870932	0.000195716	2
74.1355	65.6096	-0.000854304	0.000169913	2

74.9964	2.011	3.85519e-07	-4.07378e-07	2
74.6879	2.95937	3.19707e-05	-3.4554e-05	2
74.3803	3.92365	6.08059e-05	-6.73312e-05	2
74.0775	4.89258	8.65661e-05	-9.83614e-05	2
73.783	5.85469	0.000109067	-0.000127347	2
73.4902	6.8321	0.000128892	-0.000154992	2
73.2027	7.81338	0.000145822	-0.000180979	2
72.9207	8.79828	0.000159918	-0.000205338	2
72.6443	9.78654	0.00017124	-0.000228099	2
72.3738	10.7779	0.000179848	-0.000249291	2
72.1092	11.7721	0.000185804	-0.000268945	2
71.8509	12.7689	0.000189166	-0.000287089	2
71.599	13.768	0.000189996	-0.000303755	2
71.3536	14.7692	0.000188354	-0.000318971	2
71.1149	15.7722	0.0001843	-0.000332768	2
70.8832	16.7767	0.000177895	-0.000345175	2
70.6585	17.7825	0.000169199	-0.000356223	2
70.4412	18.7894	0.000158273	-0.00036594	2
70.2313	19.797	0.000145176	-0.000374357	2
70.029	20.8051	0.000129969	-0.000381504	2
69.8346	21.8135	0.000112713	-0.00038741	2
69.6481	22.8219	9.34681e-05	-0.000392105	2
69.4698	23.83	7.22942e-05	-0.000395619	2
69.2999	24.8376	4.92519e-05	-0.000397982	2
69.1386	25.8445	2.44016e-05	-0.000399223	2
68.9859	26.8503	-2.1964e-06	-0.000399373	2
68.8437	27.8432	-3.01471e-05	-0.000398477	2
68.709	28.8462	-6.00409e-05	-0.000396545	2
68.5834	29.8473	-9.15019e-05	-0.00039361	2
68.4673	30.8464	-0.00012447	-0.000389702	2
68.3609	31.8431	-0.000158884	-0.000384851	2
68.2642	32.8373	-0.000194684	-0.000379087	2
68.1775	33.8286	-0.000231811	-0.00037244	2
68.1009	34.8168	-0.000270202	-0.000364939	2
68.0347	35.8016	-0.000309799	-0.000356615	2
67.979	36.7828	-0.00035054	-0.000347496	2
67.934	37.7602	-0.000392365	-0.000337614	2
67.8999	38.7334	-0.000435215	-0.000326997	2
67.8768	39.7022	-0.000479028	-0.000315675	2
67.865	40.6663	-0.000523744	-0.000303679	2
67.8646	41.6255	-0.000569303	-0.000291038	2
67.8758	42.5796	-0.000615644	-0.000277782	2
67.8987	43.5282	-0.000662707	-0.00026394	2
67.9337	44.4711	-0.000710432	-0.000249543	2
67.9807	45.4081	-0.000758759	-0.00023462	2
68.0401	46.3388	-0.000807626	-0.000219201	2
68.112	47.2631	-0.000856974	-0.000203316	2
68.1965	48.1807	-0.000906742	-0.000186995	2
68.2939	49.0913	-0.00095687	-0.000170268	2
68.403	49.9843	-0.00100672	-0.000153362	2
68.5265	50.8802	-0.00105738	-0.000135915	2
68.6634	51.7683	-0.00110822	-0.00011815	2
68.8139	52.6485	-0.00115919	-0.000100097	2
68.9782	53.5204	-0.00121021	-8.17868e-05	2
69.1563	54.3837	-0.00126123	-6.32484e-05	2
69.3486	55.2382	-0.00131219	-4.45118e-05	2
69.5552	56.0837	-0.00136302	-2.56068e-05	2
69.7763	56.9199	-0.00141367	-6.56316e-06	2
70.012	57.7465	-0.00146408	1.25893e-05	2
70.2625	58.5633	-0.00151419	3.18208e-05	2
70.5281	59.37	-0.00156393	5.11014e-05	2
70.8089	60.1663	-0.00161325	7.04015e-05	2
71.105	60.9521	-0.00166208	8.96912e-05	2
71.4167	61.727	-0.00171037	0.000108941	2
71.7441	62.4907	-0.00175805	0.00012812	2
72.0875	63.2431	-0.00180507	0.0001472	2
72.4469	63.9838	-0.00185136	0.00016615	2
72.8227	64.7127	-0.00189686	0.000184941	2
73.2148	65.4293	-0.00194152	0.000203542	2
73.6237	66.1336	-0.00198527	0.000221924	2
74.0493	66.8252	-0.00202805	0.000240058	2
74.4919	67.5039	-0.00206981	0.000257913	2
74.9517	68.1693	-0.00211048	0.00027546	2
75.4233	68.8139	-0.00214955	0.000292472	2
75.9178	69.4524	-0.00218787	0.000309317	2
76.43	70.0769	-0.00222492	0.000325764	2
76.9602	70.6872	-0.00226065	0.000341784	2
77.5083	71.283	-0.00229498	0.000357347	2
78.0748	71.8641	-0.00232787	0.000372423	2
78.6597	72.4301	-0.00235925	0.000386982	2
79.2631	72.9809	-0.00238905	0.000400994	2
79.8854	73.5162	-0.00241723	0.000414431	2
80.5267	74.0357	-0.00244371	0.000427261	2
81.1871	74.5392	-0.00246844	0.000439455	2
81.8669	75.0264	-0.00249136	0.000450984	2
82.5661	75.497	-0.00251241	0.000461817	2
83.2851	75.9509	-0.00253152	0.000471925	2
84.024	76.3876	-0.00254864	0.000481277	2
84.7829	76.807	-0.00256371	0.000489845	2
85.562	77.2089	-0.00257666	0.000497598	2
86.3615	77.5929	-0.00258744	0.000504506	2
87.1817	77.9588	-0.00259598	0.000510541	2
88.0226	78.3063	-0.00260223	0.00051567	2
88.8845	78.6352	-0.00260613	0.000519866	2
89.7675	78.9453	-0.00260761	0.000523099	2
90.6718	79.2361	-0.00260661	0.000525337	2
91.5869	79.5046	-0.00260313	0.000526545	2
92.5342	79.7567	-0.00259703	0.000526719	2
93.5033	79.9889	-0.00258827	0.000525811	2
94.4944	80.2008	-0.0025768	0.00052379	2

125.001	2.01052	1.05747e-07	1.42813e-07	2
125.049	2.91466	8.80805e-06	1.1733e-05	2
125.062	3.82743	1.6829e-05	2.20858e-05	2
125.042	4.73828	2.40719e-05	3.1088e-05	2
124.988	5.63674	3.04755e-05	3.8688e-05	2
124.901	6.54367	3.61977e-05	4.50916e-05	2
124.782	7.44858	4.11687e-05	5.02325e-05	2
124.632	8.35144	4.53973e-05	5.41398e-05	2
124.453	9.2522	4.88925e-05	5.68432e-05	2
124.243	10.1508	5.16634e-05	5.83719e-05	2
124.006	11.0473	5.37189e-05	5.87553e-05	2
123.74	11.9416	5.50679e-05	5.8023e-05	2
123.448	12.8337	5.57195e-05	5.62041e-05	2
123.13	13.7235	5.56825e-05	5.33282e-05	2
122.787	14.611	5.49661e-05	4.94247e-05	2
122.42	15.4962	5.35791e-05	4.45229e-05	2
122.03	16.379	5.15305e-05	3.86522e-05	2
121.617	17.2594	4.88293e-05	3.18421e-05	2
121.183	18.1374	4.54845e-05	2.4122e-05	2
120.727	19.0129	4.1505e-05	1.55212e-05	2
120.252	19.8859	3.68999e-05	6.06907e-06	2
119.758	20.7564	3.1678e-05	-4.20489e-06	2
119.246	21.6243	2.58483e-05	-1.52713e-05	2
118.717	22.4897	1.942e-05	-2.71008e-05	2
118.171	23.3523	1.24018e-05	-3.9664e-05	2
117.609	24.2124	4.80272e-06	-5.29314e-05	2
117.039	25.0598	-3.27103e-06	-6.67097e-05	2
116.449	25.9144	-1.19984e-05	-8.12902e-05	2
115.846	26.7663	-2.12797e-05	-9.64872e-05	2
115.231	27.6153	-3.11061e-05	-0.000112271	2
114.605	28.4615	-4.14686e-05	-0.000128613	2
113.968	29.3048	-5.23582e-05	-0.000145483	2
113.321	30.1452	-6.37659e-05	-0.000162851	2
112.666	30.9827	-7.56828e-05	-0.000180689	2
112.003	31.8172	-8.80998e-05	-0.000198967	2
111.333	32.6487	-0.000101008	-0.000217656	2
110.656	33.4771	-0.000114399	-0.000236726	2
109.975	34.3025	-0.000128262	-0.000256148	2
109.289	35.1247	-0.00014259	-0.000275892	2
108.599	35.9438	-0.000157374	-0.000295929	2
107.907	36.7597	-0.000172603	-0.00031623	2
107.212	37.5725	-0.000188271	-0.000336765	2
106.517	38.3819	-0.000204366	-0.000357505	2
105.822	39.1881	-0.000220881	-0.00037842	2
105.127	39.991	-0.000237806	-0.000399482	2
104.434	40.7905	-0.000255133	-0.00042066	2
103.743	41.5866	-0.000272853	-0.000441925	2
103.056	42.3793	-0.000290956	-0.000463249	2
102.372	43.1686	-0.000309433	-0.0004846	2
101.702	43.9453	-0.000328058	-0.000505706	2
101.029	44.7276	-0.000347253	-0.000527026	2
100.363	45.5063	-0.000366797	-0.000548288	2
99.7051	46.2815	-0.000386679	-0.000569461	2
99.0552	47.053	-0.000406891	-0.000590515	2
98.4146	47.8209	-0.000427424	-0.000611422	2
97.7841	48.585	-0.000448269	-0.000632152	2
97.1646	49.3455	-0.000469416	-0.000652675	2
96.557	50.1022	-0.000490858	-0.000672963	2
95.962	50.8551	-0.000512585	-0.000692985	2
95.3806	51.6041	-0.000534587	-0.000712713	2
94.8137	52.3493	-0.000556857	-0.000732117	2
94.262	53.0907	-0.000579384	-0.000751168	2
93.7264	53.828	-0.000602161	-0.000769836	2
93.2078	54.5615	-0.000625178	-0.000788091	2
92.7071	55.2909	-0.000648426	-0.000805905	2
92.2251	56.0163	-0.000671896	-0.000823248	2
91.7626	56.7376	-0.000695579	-0.000840091	2
91.3206	57.4548	-0.000719466	-0.000856404	2
90.8999	58.1679	-0.000743549	-0.000872157	2
90.5013	58.8768	-0.000767818	-0.000887322	2
90.1257	59.5816	-0.000792264	-0.00090187	2
89.7739	60.282	-0.000816879	-0.000915769	2
89.4469	60.9783	-0.000841653	-0.000928992	2
89.1487	61.6622	-0.000866289	-0.00094137	2
88.8734	62.3499	-0.000891354	-0.000953159	2
88.6253	63.0331	-0.00091655	-0.000964185	2
88.4054	63.712	-0.00094187	-0.000974416	2
88.2144	64.3864	-0.000967305	-0.000983824	2
88.0533	65.0563	-0.000992845	-0.000992379	2
87.9229	65.7217	-0.00101848	-0.00100005	2
87.8241	66.3826	-0.00104421	-0.00100681	2
87.7577	67.0389	-0.00107001	-0.00101263	2
87.7246	67.6906	-0.00109588	-0.00101748	2
87.7256	68.3376	-0.00112182	-0.00102133	2
87.7616	68.98	-0.0011478	-0.00102415	2
87.8335	69.6177	-0.00117383	-0.00102592	2
87.9421	70.2506	-0.00119989	-0.00102659	2
88.0882	70.8787	-0.00122598	-0.00102615	2
88.2728	71.502	-0.00125208	-0.00102456	2
88.4967	72.1205	-0.00127819	-0.00102179	2
88.7607	72.7341	-0.0013043	-0.00101782	2
89.0657	73.3427	-0.0013304	-0.00101261	2
89.4126	73.9465	-0.00135648	-0.00100614	2
89.8021	74.5452	-0.00138252	-0.000998376	2
90.2353	75.1389	-0.00140853	-0.000989288	2
90.7129	75.7275	-0.0014345	-0.000978847	2
91.2295	76.3044	-0.00146011	-0.000967168	2
91.798	76.8829	-0.00148595	-0.000953951	2
92.4135	77.4563	-0.00151172	-0.000939292	2
93.0769	78.0245	-0.00153741	-0.000923164	2

