-125.004	2.01385	4.0739e-07	3.19123e-08	2
-125.334	3.19259	3.51085e-05	3.21447e-06	2
-125.689	4.36119	6.95433e-05	7.30601e-06	2
-126.066	5.5062	0.000103309	1.22606e-05	2
-126.459	6.61525	0.000136033	1.79926e-05	2
-126.878	7.71454	0.000168482	2.46214e-05	2
-127.316	8.79142	0.000200274	3.20713e-05	2
-127.774	9.84632	0.000231416	4.03281e-05	2
-128.251	10.8796	0.000261911	4.93777e-05	2
-128.748	11.8917	0.000291763	5.92061e-05	2
-129.263	12.883	0.000320978	6.97993e-05	2
-129.796	13.8539	0.00034956	8.11431e-05	2
-130.348	14.8048	0.000377513	9.32236e-05	2
-130.916	15.7361	0.000404842	0.000106027	2
-131.502	16.6482	0.000431551	0.000119538	2
-132.105	17.5416	0.000457645	0.000133744	2
-132.723	18.4165	0.000483128	0.00014863	2
-133.358	19.2734	0.000508005	0.000164183	2
-134.009	20.1127	0.000532281	0.000180388	2
-134.674	20.9348	0.000555959	0.000197231	2
-135.354	21.7402	0.000579044	0.000214698	2
-136.049	22.5291	0.000601542	0.000232775	2
-136.758	23.302	0.000623455	0.000251448	2
-137.48	24.0593	0.000644789	0.000270703	2
-138.215	24.8015	0.000665549	0.000290526	2
-138.964	25.5288	0.000685738	0.000310903	2
-139.716	26.2336	0.00070514	0.000331576	2
-140.489	26.9327	0.000724209	0.000353012	2
-141.273	27.6182	0.000742721	0.00037496	2
-142.069	28.2904	0.000760681	0.000397406	2
-142.876	28.9499	0.000778093	0.000420335	2
-143.693	29.597	0.000794962	0.000443734	2
-144.521	30.232	0.000811292	0.000467588	2
-145.358	30.8555	0.000827088	0.000491884	2
-146.205	31.4677	0.000842354	0.000516608	2
-147.06	32.0692	0.000857095	0.000541744	2
-147.925	32.6602	0.000871315	0.00056728	2
-148.797	33.2413	0.000885019	0.000593201	2
-149.677	33.8127	0.000898211	0.000619494	2
-150.565	34.3749	0.000910896	0.000646143	2
-151.46	34.9283	0.000923078	0.000673135	2
-152.362	35.4733	0.000934762	0.000700457	2
-153.27	36.0103	0.000945952	0.000728093	2
-154.184	36.5397	0.000956653	0.00075603	2
-155.103	37.0619	0.000966869	0.000784254	2
-156.028	37.5773	0.000976605	0.000812751	2
-156.957	38.0863	0.000985865	0.000841506	2
-157.891	38.5892	0.000994654	0.000870506	2
-158.829	39.0866	0.00100298	0.000899736	2
-159.759	39.5731	0.00101075	0.000928844	2
-160.704	40.0605	0.00101816	0.000958491	2
-161.651	40.5435	0.00102511	0.000988326	2
-162.601	41.0224	0.00103161	0.00101834	2
-163.553	41.4978	0.00103768	0.00104851	2
-164.507	41.9699	0.0010433	0.00107882	2
-165.462	42.4393	0.00104848	0.00110927	2
-166.418	42.9062	0.00105324	0.00113984	2
-167.374	43.3711	0.00105757	0.00117051	2
-168.331	43.8344	0.00106147	0.00120127	2
-169.287	44.2964	0.00106496	0.00123211	2
-170.243	44.7577	0.00106804	0.00126301	2
-171.198	45.2185	0.00107071	0.00129396	2
-172.151	45.6794	0.00107297	0.00132494	2
-173.103	46.1406	0.00107484	0.00135594	2
-174.053	46.6026	0.00107631	0.00138694	2
-175	47.0658	0.00107739	0.00141794	2
-175.944	47.5305	0.00107808	0.00144892	2
-176.884	47.9973	0.00107839	0.00147986	2
-177.821	48.4664	0.00107833	0.00151075	2
-178.754	48.9383	0.00107789	0.00154157	2
-179.683	49.4135	0.00107709	0.00157231	2
-180.607	49.8921	0.00107592	0.00160297	2
-181.525	50.3748	0.0010744	0.00163351	2
-182.427	50.8562	0.00107254	0.00166359	2
-183.334	51.348	0.00107031	0.00169388	2
-184.235	51.845	0.00106774	0.00172402	2
-185.129	52.3475	0.00106483	0.001754	2
-186.015	52.8561	0.00106158	0.00178381	2
-186.894	53.3709	0.001058	0.00181342	2
-187.765	53.8926	0.00105409	0.00184283	2
-188.628	54.4215	0.00104986	0.00187201	2
-189.482	54.9579	0.00104531	0.00190097	2
-190.327	55.5023	0.00104045	0.00192968	2
-191.163	56.0551	0.00103528	0.00195812	2
-191.989	56.6167	0.0010298	0.00198629	2
-192.804	57.1874	0.00102402	0.00201417	2
-193.609	57.7677	0.00101795	0.00204175	2
-194.403	58.358	0.00101158	0.00206901	2
-195.186	58.9587	0.00100493	0.00209594	2
-195.956	59.5701	0.000997997	0.00212252	2
-196.715	60.1927	0.000990785	0.00214874	2
-197.461	60.8269	0.000983299	0.00217459	2
-198.194	61.4731	0.000975545	0.00220005	2
-198.914	62.1317	0.000967526	0.00222511	2
-199.62	62.803	0.000959248	0.00224976	2
-200.312	63.4875	0.000950714	0.00227397	2
-200.982	64.1775	0.000942031	0.00229747	2
-201.645	64.8894	0.000933003	0.00232079	2
-202.293	65.6156	0.000923733	0.00234363	2
-202.925	66.3566	0.000914225	0.00236599	2

-75.0048	2.01227	1.89143e-07	2.73753e-07	2
-75.4063	3.0665	1.67824e-05	2.33969e-05	2
-75.7963	4.13082	3.4223e-05	4.59506e-05	2
-76.17	5.19299	5.23167e-05	6.76701e-05	2
-76.5237	6.24086	7.08392e-05	8.83289e-05	2
-76.8658	7.29881	9.02164e-05	0.000108416	2
-77.1922	8.35467	0.000110231	0.000127696	2
-77.5032	9.40847	0.000130879	0.000146177	2
-77.7988	10.4602	0.000152154	0.000163869	2
-78.0793	11.5099	0.000174052	0.00018078	2
-78.3449	12.5577	0.000196567	0.000196919	2
-78.5957	13.6034	0.000219694	0.000212296	2
-78.8319	14.6472	0.000243428	0.000226919	2
-79.0538	15.689	0.000267765	0.000240797	2
-79.2614	16.7289	0.000292698	0.000253939	2
-79.455	17.7669	0.000318223	0.000266354	2
-79.6348	18.8031	0.000344334	0.000278051	2
-79.8008	19.8373	0.000371028	0.000289039	2
-79.9534	20.8698	0.000398297	0.000299327	2
-80.0927	21.9004	0.000426138	0.000308924	2
-80.2188	22.9292	0.000454545	0.000317838	2
-80.332	23.9563	0.000483514	0.000326079	2
-80.4325	24.9816	0.000513038	0.000333656	2
-80.5203	26.0052	0.000543113	0.000340578	2
-80.5957	27.0271	0.000573734	0.000346853	2
-80.659	28.0472	0.000604896	0.000352491	2
-80.7096	29.054	0.000636225	0.000357446	2
-80.749	30.0709	0.000668447	0.000361842	2
-80.7768	31.0862	0.000701194	0.000365628	2
-80.793	32.0999	0.000734461	0.000368812	2
-80.798	33.1119	0.000768243	0.000371403	2
-80.7917	34.1224	0.000802535	0.00037341	2
-80.7746	35.1314	0.000837332	0.000374842	2
-80.7466	36.1389	0.000872629	0.000375709	2
-80.708	37.1448	0.000908421	0.000376018	2
-80.6591	38.1493	0.000944702	0.000375779	2
-80.5999	39.1523	0.000981468	0.000375001	2
-80.5306	40.1539	0.00101871	0.000373692	2
-80.4514	41.1541	0.00105643	0.000371862	2
-80.3626	42.1529	0.00109462	0.00036952	2
-80.2642	43.1503	0.00113327	0.000366675	2
-80.1565	44.1463	0.00117238	0.000363335	2
-80.0397	45.141	0.00121195	0.000359509	2
-79.9139	46.1345	0.00125196	0.000355207	2
-79.7792	47.1266	0.00129242	0.000350438	2
-79.636	48.1175	0.00133332	0.00034521	2
-79.4844	49.1071	0.00137464	0.000339532	2
-79.3245	50.0955	0.0014164	0.000333413	2
-79.1565	51.0827	0.00145858	0.000326862	2
-78.9827	52.0573	0.00150069	0.000319971	2
-78.7992	53.0422	0.0015437	0.000312588	2
-78.6082	54.0259	0.00158711	0.000304801	2
-78.4099	55.0085	0.00163093	0.000296617	2
-78.2044	55.99	0.00167514	0.000288046	2
-77.9919	56.9705	0.00171975	0.000279096	2
-77.7725	57.9498	0.00176474	0.000269777	2
-77.5466	58.9282	0.00181012	0.000260098	2
-77.3142	59.9055	0.00185587	0.000250068	2
-77.0756	60.8818	0.001902	0.000239695	2
-76.8309	61.8572	0.00194849	0.000228988	2
-76.5803	62.8316	0.00199535	0.000217957	2
-76.3239	63.8051	0.00204256	0.000206611	2
-76.0621	64.7777	0.00209012	0.000194957	2
-75.7948	65.7494	0.00213803	0.000183006	2
-75.5224	66.7202	0.00218628	0.000170766	2
-75.245	67.6902	0.00223487	0.000158247	2
-74.9628	68.6593	0.00228379	0.000145456	2
-74.6759	69.6277	0.00233303	0.000132404	2
-74.3846	70.5952	0.0023826	0.000119098	2
-74.089	71.562	0.00243248	0.000105548	2
-73.7894	72.5281	0.00248267	9.17636e-05	2
-73.4858	73.4935	0.00253316	7.77527e-05	2
-73.1785	74.4581	0.00258396	6.35245e-05	2
-72.8712	75.411	0.00263447	4.92552e-05	2
-72.557	76.3744	0.00268585	3.46218e-05	2
-72.2396	77.3371	0.00273751	1.97978e-05	2
-71.9192	78.2992	0.00278946	4.79231e-06	2
-71.596	79.2606	0.00284168	-1.03858e-05	2
-71.2701	80.2216	0.00289417	-2.57275e-05	2
-70.9418	81.182	0.00294692	-4.12239e-05	2
-70.6112	82.1418	0.00299993	-5.68661e-05	2
-70.2784	83.1011	0.0030532	-7.2645e-05	2
-69.9438	84.06	0.00310672	-8.85519e-05	2
-69.6074	85.0184	0.00316048	-0.000104578	2
-69.2694	85.9763	0.00321448	-0.000120713	2
-68.9301	86.9339	0.00326872	-0.00013695	2
-68.5896	87.891	0.00332318	-0.000153279	2
-68.248	88.8477	0.00337787	-0.000169691	2
-67.9056	89.8041	0.00343278	-0.000186177	2
-67.5625	90.7601	0.0034879	-0.000202728	2
-67.219	91.7159	0.00354323	-0.000219336	2
-66.8752	92.6713	0.00359876	-0.000235991	2
-66.5312	93.6265	0.00365449	-0.000252684	2
-66.1873	94.5814	0.00371041	-0.000269407	2
-65.8437	95.536	0.00376653	-0.00028615	2
-65.5005	96.4905	0.00382282	-0.000302905	2
-65.1618	97.4338	0.00387864	-0.00031947	2
-64.82	98.3879	0.00393528	-0.000336221	2
-64.4791	99.3418	0.0039921	-0.000352957	2
-64.1394	100.296	0.00404907	-0.000369669	2

-25.0021	2.01352	-3.97428e-07	5.15744e-09	2
-25.17	3.16447	-3.47138e-05	9.19329e-07	2
-25.3068	4.30453	-6.96992e-05	2.78268e-06	2
-25.4107	5.4205	-0.000104946	5.57772e-06	2
-25.4816	6.50029	-0.000140036	9.24423e-06	2
-25.5217	7.56929	-0.000175774	1.38552e-05	2
-25.5304	8.61515	-0.000211745	1.93611e-05	2
-25.5081	9.63818	-0.000247937	2.57493e-05	2
-25.4554	10.6387	-0.000284342	3.30077e-05	2
-25.3727	11.617	-0.000320949	4.11238e-05	2
-25.2605	12.5734	-0.000357749	5.00854e-05	2
-25.1193	13.5082	-0.000394731	5.988e-05	2
-24.9495	14.4218	-0.000431885	7.04954e-05	2
-24.7516	15.3144	-0.000469202	8.19192e-05	2
-24.5262	16.1864	-0.000506672	9.4139e-05	2
-24.2736	17.0381	-0.000544285	0.000107143	2
-23.9944	17.8698	-0.000582031	0.000120917	2
-23.6889	18.6818	-0.000619899	0.000135451	2
-23.3578	19.4744	-0.000657881	0.000150732	2
-23.0015	20.2479	-0.000695966	0.000166747	2
-22.6204	21.0027	-0.000734144	0.000183484	2
-22.215	21.7391	-0.000772405	0.00020093	2
-21.7859	22.4574	-0.00081074	0.000219074	2
-21.3334	23.1578	-0.000849138	0.000237903	2
-20.858	23.8408	-0.000887589	0.000257404	2
-20.3603	24.5066	-0.000926084	0.000277566	2
-19.8468	25.1482	-0.00096417	0.000298133	2
-19.306	25.7807	-0.00100272	0.000319571	2
-18.7442	26.3971	-0.00104129	0.000341632	2
-18.162	26.9975	-0.00107986	0.000364304	2
-17.5597	27.5824	-0.00111842	0.000387575	2
-16.9379	28.1519	-0.00115697	0.000411433	2
-16.2971	28.7065	-0.00119549	0.000435864	2
-15.6377	29.2464	-0.00123398	0.000460857	2
-14.9601	29.772	-0.00127242	0.0004864	2
-14.265	30.2835	-0.00131081	0.000512479	2
-13.5527	30.7813	-0.00134913	0.000539083	2
-12.8237	31.2657	-0.00138737	0.0005662	2
-12.0785	31.7371	-0.00142553	0.000593816	2
-11.3175	32.1956	-0.0014636	0.00062192	2
-10.5413	32.6417	-0.00150156	0.000650499	2
-9.75035	33.0757	-0.0015394	0.000679541	2
-8.94507	33.4978	-0.00157712	0.000709034	2
-8.12596	33.9084	-0.0016147	0.000738965	2
-7.29349	34.3079	-0.00165214	0.000769321	2
-6.44814	34.6964	-0.00168943	0.000800092	2
-5.59039	35.0744	-0.00172655	0.000831263	2
-4.7207	35.4421	-0.00176349	0.000862824	2
-3.83956	35.7998	-0.00180026	0.00089476	2
-2.95775	36.144	-0.0018364	0.000926688	2
-2.05524	36.483	-0.00187277	0.000959337	2
-1.1427	36.8129	-0.00190892	0.000992326	2
-0.22059	37.1341	-0.00194484	0.00102564	2
0.710604	37.447	-0.00198054	0.00105927	2
1.65041	37.7518	-0.00201598	0.00109321	2
2.59835	38.0489	-0.00205118	0.00112743	2
3.55395	38.3386	-0.00208611	0.00116193	2
4.51674	38.6211	-0.00212077	0.0011967	2
5.48624	38.8968	-0.00215514	0.00123172	2
6.46198	39.1661	-0.00218922	0.00126698	2
7.44347	39.4291	-0.002223	0.00130247	2
8.43026	39.6864	-0.00225646	0.00133818	2
9.42185	39.938	-0.0022896	0.00137408	2
10.4178	40.1845	-0.0023224	0.00141019	2
11.4176	40.426	-0.00235487	0.00144647	2
12.4207	40.663	-0.00238698	0.00148291	2
13.4268	40.8956	-0.00241873	0.00151952	2
14.4354	41.1243	-0.0024501	0.00155626	2
15.4458	41.3494	-0.00248109	0.00159313	2
16.4578	41.5711	-0.00251169	0.00163012	2
17.4708	41.7898	-0.00254189	0.00166722	2
18.4843	42.0057	-0.00257167	0.00170441	2
19.4979	42.2193	-0.00260103	0.00174168	2
20.4994	42.4284	-0.00262963	0.00177859	2
21.5117	42.6381	-0.00265812	0.00181598	2
22.5226	42.8464	-0.00268616	0.00185342	2
23.5317	43.0535	-0.00271373	0.00189088	2
24.5385	43.2599	-0.00274084	0.00192837	2
25.5425	43.4657	-0.00276746	0.00196586	2
26.5432	43.6713	-0.00279359	0.00200335	2
27.5402	43.877	-0.00281922	0.00204082	2
28.533	44.0832	-0.00284434	0.00207826	2
29.5211	44.2901	-0.00286893	0.00211565	2
30.5041	44.4981	-0.002893	0.00215299	2
31.4814	44.7074	-0.00291652	0.00219026	2
32.4526	44.9184	-0.00293949	0.00222746	2
33.4172	45.1315	-0.0029619	0.00226456	2
34.3748	45.3468	-0.00298374	0.00230155	2
35.3248	45.5648	-0.003005	0.00233843	2
36.2668	45.7858	-0.00302566	0.00237518	2
37.2003	46.01	-0.00304573	0.00241179	2
38.1249	46.2377	-0.00306518	0.00244824	2
39.04	46.4694	-0.00308401	0.00248453	2
39.9453	46.7053	-0.00310222	0.00252064	2
40.8401	46.9457	-0.00311978	0.00255656	2
41.7241	47.1909	-0.00313669	0.00259227	2
42.5868	47.4384	-0.00315276	0.00262736	2
43.4478	47.6942	-0.00316834	0.00266264	2
44.2964	47.9557	-0.00318325	0.00269767	2
45.1324	48.2234	-0.00319747	0.00273245	2

24.9921	2.0132	1.83984e-07	8.35314e-08	2
24.3296	3.14341	1.49654e-05	7.56272e-06	2
23.6923	4.27656	2.78506e-05	1.57152e-05	2
23.0878	5.39945	3.86957e-05	2.44453e-05	2
22.5221	6.49937	4.74504e-05	3.36308e-05	2
21.9818	7.60192	5.43581e-05	4.34733e-05	2
21.4733	8.69427	5.93455e-05	5.38569e-05	2
20.9962	9.77644	6.24528e-05	6.47695e-05	2
20.5501	10.8484	6.37201e-05	7.6199e-05	2
20.1348	11.9103	6.31875e-05	8.81332e-05	2
19.7498	12.962	6.08951e-05	0.00010056	2
19.3948	14.0036	5.68831e-05	0.000113467	2
19.0695	15.0351	5.11914e-05	0.000126842	2
18.7736	16.0565	4.38603e-05	0.000140673	2
18.5066	17.0679	3.49298e-05	0.000154947	2
18.2682	18.0692	2.444e-05	0.000169653	2
18.0581	19.0605	1.2431e-05	0.000184779	2
17.876	20.0418	-1.057e-06	0.000200312	2
17.7215	21.013	-1.5984e-05	0.00021624	2
17.5941	21.9743	-3.23098e-05	0.00023255	2
17.4937	22.9257	-4.99944e-05	0.000249232	2
17.4198	23.8671	-6.89977e-05	0.000266272	2
17.3722	24.7985	-8.92795e-05	0.000283658	2
17.3503	25.7201	-0.0001108	0.000301378	2
17.354	26.6318	-0.000133518	0.00031942	2
17.3828	27.5336	-0.000157395	0.000337772	2
17.4356	28.4153	-0.000182097	0.000356206	2
17.5134	29.2975	-0.000208157	0.000375137	2
17.6153	30.1699	-0.000235256	0.000394342	2
17.741	31.0325	-0.000263354	0.000413809	2
17.8901	31.8853	-0.00029241	0.000433524	2
18.0623	32.7284	-0.000322383	0.000453476	2
18.2571	33.5617	-0.000353235	0.000473653	2
18.4744	34.3852	-0.000384924	0.000494042	2
18.7137	35.199	-0.000417412	0.000514631	2
18.9746	36.0032	-0.000450657	0.000535409	2
19.2569	36.7976	-0.000484619	0.000556362	2
19.5602	37.5824	-0.000519259	0.000577479	2
19.8841	38.3575	-0.000554536	0.000598748	2
20.2283	39.123	-0.000590411	0.000620156	2
20.5924	39.8789	-0.000626843	0.000641691	2
20.9761	40.6252	-0.000663791	0.000663342	2
21.3791	41.3619	-0.000701217	0.000685095	2
21.8009	42.089	-0.000739079	0.000706938	2
22.2413	42.8066	-0.000777339	0.000728861	2
22.6999	43.5147	-0.000815954	0.000750849	2
23.1764	44.2132	-0.000854887	0.000772892	2
23.6704	44.9023	-0.000894095	0.000794976	2
24.1815	45.5819	-0.00093354	0.00081709	2
24.7033	46.2443	-0.000972725	0.000838968	2
25.2475	46.9051	-0.00101252	0.000861105	2
25.8078	47.5565	-0.00105243	0.000883236	2
26.3839	48.1985	-0.00109242	0.000905347	2
26.9754	48.831	-0.00113245	0.000927428	2
27.582	49.4542	-0.00117247	0.000949465	2
28.2033	50.0681	-0.00121244	0.000971448	2
28.839	50.6726	-0.00125234	0.000993362	2
29.4887	51.2677	-0.00129211	0.0010152	2
30.1521	51.8536	-0.00133171	0.00103694	2
30.8288	52.4302	-0.00137111	0.00105858	2
31.5185	52.9975	-0.00141027	0.0010801	2
32.2209	53.5556	-0.00144914	0.0011015	2
32.9356	54.1044	-0.00148768	0.00112275	2
33.6622	54.644	-0.00152586	0.00114385	2
34.4004	55.1745	-0.00156364	0.00116478	2
35.1498	55.6957	-0.00160097	0.00118554	2
35.9101	56.2078	-0.00163782	0.00120611	2
36.681	56.7107	-0.00167414	0.00122648	2
37.4621	57.2045	-0.0017099	0.00124663	2
38.2531	57.6891	-0.00174505	0.00126656	2
39.0536	58.1647	-0.00177955	0.00128625	2
39.8632	58.6312	-0.00181337	0.00130569	2
40.6816	59.0886	-0.00184647	0.00132487	2
41.499	59.5319	-0.00187843	0.00134355	2
42.3339	59.9714	-0.00190996	0.00136217	2
43.1766	60.4019	-0.00194064	0.00138049	2
44.0268	60.8233	-0.00197044	0.0013985	2
44.884	61.2358	-0.00199932	0.00141619	2
45.7479	61.6393	-0.00202723	0.00143354	2
46.6183	62.0339	-0.00205413	0.00145054	2
47.4946	62.4196	-0.00207999	0.00146718	2
48.3767	62.7963	-0.00210476	0.00148345	2
49.2641	63.1642	-0.0021284	0.00149934	2
50.1565	63.5232	-0.00215088	0.00151483	2
51.0535	63.8733	-0.00217215	0.00152991	2
51.9548	64.2146	-0.00219217	0.00154458	2
52.8601	64.5471	-0.00221091	0.0015588	2
53.769	64.8708	-0.00222832	0.00157259	2
54.6811	65.1857	-0.00224436	0.00158591	2
55.5962	65.4918	-0.002259	0.00159877	2
56.5137	65.7892	-0.00227219	0.00161115	2
57.4336	66.0778	-0.00228389	0.00162303	2
58.3552	66.3577	-0.00229407	0.0016344	2
59.2784	66.6289	-0.00230268	0.00164526	2
60.2027	66.8915	-0.00230968	0.00165559	2
61.1279	67.1453	-0.00231503	0.00166537	2
62.0429	67.3878	-0.00231866	0.0016745	2
62.9687	67.6245	-0.00232062	0.00168317	2
63.8942	67.8525	-0.00232081	0.00169126	2
64.8192	68.072	-0.00231919	0.00169876	2

74.9975	2.01005	3.24771e-07	7.17757e-08	2
74.7753	2.87656	2.68331e-05	5.81768e-06	2
74.5351	3.75803	5.08196e-05	1.07875e-05	2
74.2802	4.64422	7.20058e-05	1.49329e-05	2
74.014	5.52466	9.02414e-05	1.82437e-05	2
73.7311	6.41963	0.000105996	2.08201e-05	2
73.435	7.31872	0.000119089	2.26427e-05	2
73.1263	8.22173	0.000129565	2.3735e-05	2
72.8054	9.12847	0.000137471	2.41207e-05	2
72.473	10.0387	0.000142853	2.38233e-05	2
72.1297	10.9523	0.000145758	2.28665e-05	2
71.7758	11.869	0.000146231	2.12737e-05	2
71.4121	12.7887	0.000144319	1.90687e-05	2
71.039	13.7111	0.000140067	1.62749e-05	2
70.6572	14.636	0.000133523	1.2916e-05	2
70.2671	15.5632	0.000124731	9.01557e-06	2
69.8693	16.4926	0.000113739	4.59716e-06	2
69.4645	17.4239	0.000100593	-3.15616e-07	2
69.053	18.357	8.53377e-05	-5.69918e-06	2
68.6355	19.2916	6.80205e-05	-1.15299e-05	2
68.2126	20.2275	4.86874e-05	-1.77843e-05	2
67.7847	21.1646	2.73844e-05	-2.44387e-05	2
67.3525	22.1026	4.15768e-06	-3.14696e-05	2
66.9164	23.0414	-2.09465e-05	-3.88533e-05	2
66.4771	23.9807	-4.7882e-05	-4.65663e-05	2
66.0351	24.9204	-7.66028e-05	-5.45849e-05	2
65.596	25.8495	-0.000106703	-6.27887e-05	2
65.1503	26.7892	-0.000138836	-7.13451e-05	2
64.7035	27.7288	-0.000172617	-8.01367e-05	2
64.2562	28.6679	-0.000207998	-8.914e-05	2
63.8089	29.6063	-0.000244934	-9.83312e-05	2
63.3623	30.544	-0.00028338	-0.000107687	2
62.9168	31.4805	-0.000323287	-0.000117183	2
62.473	32.4159	-0.000364611	-0.000126797	2
62.0314	33.3498	-0.000407305	-0.000136505	2
61.5927	34.2821	-0.000451323	-0.000146282	2
61.1573	35.2125	-0.000496619	-0.000156106	2
60.7259	36.141	-0.000543147	-0.000165953	2
60.2989	37.0672	-0.00059086	-0.000175799	2
59.877	37.9909	-0.000639713	-0.000185621	2
59.4606	38.9121	-0.000689658	-0.000195396	2
59.0503	39.8304	-0.000740651	-0.000205098	2
58.6468	40.7457	-0.000792645	-0.000214706	2
58.2504	41.6578	-0.000845593	-0.000224195	2
57.8619	42.5665	-0.000899449	-0.000233542	2
57.4817	43.4715	-0.000954168	-0.000242723	2
57.1104	44.3727	-0.0010097	-0.000251715	2
56.7485	45.27	-0.00106601	-0.000260494	2
56.3966	46.163	-0.00112304	-0.000269036	2
56.0591	47.0414	-0.00118008	-0.000277225	2
55.7288	47.9254	-0.00123841	-0.000285227	2
55.4101	48.8047	-0.00129732	-0.000292921	2
55.1035	49.6789	-0.00135678	-0.000300286	2
54.8098	50.5479	-0.00141673	-0.000307296	2
54.5293	51.4116	-0.00147713	-0.000313928	2
54.2627	52.2696	-0.00153793	-0.000320159	2
54.0105	53.1219	-0.00159908	-0.000325965	2
53.7733	53.9681	-0.00166054	-0.000331322	2
53.5516	54.8081	-0.00172227	-0.000336207	2
53.3459	55.6418	-0.00178421	-0.000340597	2
53.1569	56.4689	-0.00184632	-0.000344467	2
52.985	57.2891	-0.00190856	-0.000347794	2
52.8309	58.1024	-0.00197087	-0.000350555	2
52.695	58.9085	-0.00203322	-0.000352726	2
52.578	59.7073	-0.00209555	-0.000354283	2
52.4804	60.4984	-0.00215782	-0.000355203	2
52.4027	61.2817	-0.00221998	-0.000355462	2
52.3455	62.0571	-0.00228199	-0.000355037	2
52.3093	62.8243	-0.00234381	-0.000353904	2
52.2947	63.5831	-0.00240537	-0.000352039	2
52.3023	64.3334	-0.00246665	-0.000349419	2
52.3325	65.0748	-0.00252759	-0.00034602	2
52.386	65.8073	-0.00258814	-0.000341819	2
52.4623	66.5224	-0.00264758	-0.000336854	2
52.5637	67.2365	-0.00270723	-0.000330987	2
52.69	67.941	-0.00276636	-0.000324248	2
52.8417	68.6357	-0.00282493	-0.000316612	2
53.0195	69.3205	-0.00288288	-0.000308056	2
53.2238	69.9951	-0.00294017	-0.000298556	2
53.4552	70.6593	-0.00299675	-0.00028809	2
53.7143	71.313	-0.00305258	-0.000276632	2
54.0016	71.956	-0.00310762	-0.00026416	2
54.3176	72.588	-0.0031618	-0.00025065	2
54.663	73.2088	-0.0032151	-0.000236079	2
55.0383	73.8183	-0.00326746	-0.000220423	2
55.444	74.4162	-0.00331884	-0.000203658	2
55.8807	75.0024	-0.00336918	-0.00018576	2
56.3489	75.5766	-0.00341845	-0.000166707	2
56.8492	76.1387	-0.0034666	-0.000146474	2
57.3821	76.6885	-0.00351358	-0.000125039	2
57.9482	77.2257	-0.00355935	-0.000102376	2
58.5481	77.7502	-0.00360386	-7.84637e-05	2
59.1822	78.2617	-0.00364706	-5.32773e-05	2
59.8512	78.7601	-0.0036889	-2.67935e-05	2
60.5557	79.2451	-0.00372935	1.01119e-06	2
61.296	79.7167	-0.00376835	3.01605e-05	2
62.0637	80.1693	-0.00380544	6.03193e-05	2
62.8772	80.6133	-0.00384143	9.22123e-05	2
63.7283	81.0432	-0.00387584	0.00012552	2
64.6176	81.4587	-0.00390862	0.000160267	2

124.999	2.01211	-5.0782e-08	-1.21713e-08	2
124.921	3.04567	-4.13471e-06	-1.34815e-06	2
124.813	4.07623	-7.71326e-06	-3.27015e-06	2
124.675	5.09196	-1.07615e-05	-5.74882e-06	2
124.511	6.08169	-1.32787e-05	-8.72933e-06	2
124.318	7.06872	-1.5349e-05	-1.2264e-05	2
124.097	8.04172	-1.69661e-05	-1.6304e-05	2
123.85	9.00097	-1.81559e-05	-2.08323e-05	2
123.577	9.94673	-1.8944e-05	-2.58316e-05	2
123.278	10.8793	-1.93564e-05	-3.12849e-05	2
122.956	11.7989	-1.94188e-05	-3.71748e-05	2
122.609	12.7058	-1.9157e-05	-4.34844e-05	2
122.24	13.6004	-1.85969e-05	-5.01964e-05	2
121.848	14.4828	-1.77642e-05	-5.72936e-05	2
121.435	15.3533	-1.66848e-05	-6.4759e-05	2
121	16.2123	-1.53845e-05	-7.25752e-05	2
120.545	17.06	-1.38891e-05	-8.07253e-05	2
120.071	17.8966	-1.22244e-05	-8.91919e-05	2
119.577	18.7224	-1.04162e-05	-9.7958e-05	2
119.065	19.5377	-8.49033e-06	-0.000107006	2
118.536	20.3428	-6.47257e-06	-0.00011632	2
117.99	21.138	-4.38876e-06	-0.000125881	2
117.427	21.9234	-2.26469e-06	-0.000135674	2
116.849	22.6995	-1.26179e-07	-0.00014568	2
116.256	23.4664	2.00096e-06	-0.000155882	2
115.649	24.2244	4.09093e-06	-0.000166264	2
115.035	24.9652	6.09506e-06	-0.000176685	2
114.402	25.7064	8.03441e-06	-0.000187373	2
113.756	26.4395	9.85945e-06	-0.000198188	2
113.099	27.1648	1.15444e-05	-0.000209114	2
112.431	27.8826	1.30634e-05	-0.000220134	2
111.753	28.5931	1.43906e-05	-0.00023123	2
111.066	29.2967	1.55003e-05	-0.000242386	2
110.369	29.9936	1.63667e-05	-0.000253584	2
109.665	30.684	1.69638e-05	-0.000264807	2
108.953	31.3682	1.72661e-05	-0.000276038	2
108.235	32.0465	1.72475e-05	-0.00028726	2
107.511	32.7193	1.68823e-05	-0.000298455	2
106.781	33.3866	1.61447e-05	-0.000309607	2
106.047	34.0489	1.50089e-05	-0.000320698	2
105.308	34.7064	1.34491e-05	-0.00033171	2
104.567	35.3593	1.14394e-05	-0.000342628	2
103.822	36.008	8.95409e-06	-0.000353434	2
103.076	36.6526	5.96733e-06	-0.00036411	2
102.329	37.2936	2.45331e-06	-0.00037464	2
101.581	37.931	-1.61379e-06	-0.000385006	2
100.833	38.5653	-6.25978e-06	-0.000395191	2
100.086	39.1967	-1.15105e-05	-0.000405178	2
99.3402	39.8254	-1.73916e-05	-0.00041495	2
98.6053	40.4446	-2.38502e-05	-0.000424381	2
97.8646	41.0689	-3.10618e-05	-0.000433673	2
97.1275	41.6913	-3.8981e-05	-0.0004427	2
96.3946	42.3122	-4.76338e-05	-0.000451442	2
95.6665	42.9318	-5.70457e-05	-0.000459884	2
94.944	43.5504	-6.72427e-05	-0.000468008	2
94.2278	44.1682	-7.82506e-05	-0.000475797	2
93.5185	44.7856	-9.00952e-05	-0.000483233	2
92.8168	45.4027	-0.000102802	-0.0004903	2
92.1234	46.0199	-0.000116398	-0.00049698	2
91.4389	46.6375	-0.000130907	-0.000503257	2
90.7641	47.2556	-0.000146357	-0.000509112	2
90.0997	47.8746	-0.000162772	-0.000514529	2
89.4462	48.4948	-0.000180178	-0.000519491	2
88.8045	49.1164	-0.000198602	-0.000523981	2
88.1752	49.7397	-0.00021807	-0.000527981	2
87.5589	50.3649	-0.000238606	-0.000531474	2
86.9563	50.9924	-0.000260237	-0.000534444	2
86.3682	51.6224	-0.000282988	-0.000536872	2
85.7952	52.2551	-0.000306886	-0.000538742	2
85.238	52.891	-0.000331956	-0.000540036	2
84.6973	53.5301	-0.000358225	-0.000540738	2
84.1737	54.1728	-0.000385717	-0.00054083	2
83.668	54.8194	-0.000414458	-0.000540296	2
83.1863	55.4626	-0.000444123	-0.000539134	2
82.718	56.1176	-0.000475426	-0.000537302	2
82.2697	56.7773	-0.000508056	-0.000534791	2
81.8419	57.442	-0.000542039	-0.000531585	2
81.4353	58.1119	-0.0005774	-0.000527667	2
81.0507	58.7872	-0.000614165	-0.000523019	2
80.6887	59.4683	-0.00065236	-0.000517624	2
80.3499	60.1555	-0.000692011	-0.000511465	2
80.0352	60.8489	-0.000733144	-0.000504525	2
79.7451	61.5489	-0.000775784	-0.000496786	2
79.4803	62.2557	-0.000819957	-0.000488232	2
79.2415	62.9697	-0.000865689	-0.000478846	2
79.0294	63.691	-0.000913007	-0.000468609	2
78.8447	64.42	-0.000961935	-0.000457506	2
78.6881	65.1569	-0.0010125	-0.000445519	2
78.5602	65.902	-0.00106473	-0.00043263	2
78.4618	66.6556	-0.00111864	-0.000418822	2
78.3934	67.4179	-0.00117427	-0.000404079	2
78.3559	68.1892	-0.00123164	-0.000388384	2
78.3498	68.9698	-0.00129077	-0.000371718	2
78.3758	69.7599	-0.0013517	-0.000354065	2
78.4347	70.5598	-0.00141444	-0.000335408	2
78.5271	71.3699	-0.00147902	-0.00031573	2
78.6521	72.1808	-0.0015447	-0.000295257	2
78.8132	73.0117	-0.00161303	-0.000273496	2
79.0098	73.8535	-0.00168328	-0.000250663	2
79.2427	74.7065	-0.00175547	-0.00022674	2

