-125.002	2.01073	-6.34375e-07	-6.12542e-08	2
-125.146	2.93242	-5.29033e-05	-4.72498e-06	2
-125.297	3.86345	-0.000101222	-8.24085e-06	2
-125.452	4.7931	-0.000145022	-1.05675e-05	2
-125.61	5.71072	-0.000183942	-1.17183e-05	2
-125.773	6.63766	-0.000218952	-1.17395e-05	2
-125.941	7.56326	-0.00024964	-1.06311e-05	2
-126.113	8.48754	-0.000276071	-8.41313e-06	2
-126.288	9.41049	-0.000298311	-5.10539e-06	2
-126.467	10.3322	-0.000316426	-7.27864e-07	2
-126.65	11.2525	-0.000330481	4.69951e-06	2
-126.837	12.1716	-0.000340542	1.11568e-05	2
-127.027	13.0895	-0.000346676	1.86241e-05	2
-127.22	14.006	-0.000348947	2.70814e-05	2
-127.417	14.9214	-0.000347421	3.65088e-05	2
-127.617	15.8355	-0.000342164	4.68864e-05	2
-127.82	16.7485	-0.000333242	5.81942e-05	2
-128.026	17.6602	-0.00032072	7.04123e-05	2
-128.235	18.5708	-0.000304664	8.35208e-05	2
-128.447	19.4802	-0.00028514	9.74997e-05	2
-128.662	20.3884	-0.000262214	0.000112329	2
-128.879	21.2955	-0.00023595	0.000127989	2
-129.099	22.2015	-0.000206416	0.00014446	2
-129.321	23.1064	-0.000173676	0.000161721	2
-129.546	24.0102	-0.000137797	0.000179753	2
-129.773	24.9128	-9.88431e-05	0.000198536	2
-130	25.8041	-5.73805e-05	0.000217821	2
-130.231	26.7047	-1.25095e-05	0.000238037	2
-130.465	27.6042	3.52391e-05	0.000258945	2
-130.7	28.5027	8.57996e-05	0.000280524	2
-130.937	29.4002	0.000139106	0.000302755	2
-131.176	30.2967	0.000195094	0.000325616	2
-131.416	31.1922	0.000253696	0.00034909	2
-131.659	32.0867	0.000314847	0.000373155	2
-131.902	32.9802	0.000378482	0.000397791	2
-132.147	33.8728	0.000444535	0.000422979	2
-132.393	34.7645	0.000512939	0.000448699	2
-132.64	35.6552	0.00058363	0.000474931	2
-132.889	36.5451	0.000656542	0.000501654	2
-133.138	37.434	0.000731608	0.00052885	2
-133.388	38.3221	0.000808764	0.000556497	2
-133.639	39.2093	0.000887943	0.000584577	2
-133.891	40.0956	0.00096908	0.000613068	2
-134.143	40.9811	0.00105211	0.000641952	2
-134.396	41.8658	0.00113697	0.000671208	2
-134.65	42.7496	0.00122358	0.000700817	2
-134.903	43.6327	0.00131189	0.000730757	2
-135.157	44.5149	0.00140183	0.00076101	2
-135.411	45.3964	0.00149334	0.000791556	2
-135.662	46.2671	0.00158526	0.000822019	2
-135.916	47.147	0.00167968	0.000853087	2
-136.17	48.0263	0.00177547	0.000884388	2
-136.424	48.9049	0.00187255	0.000915902	2
-136.677	49.7827	0.00197088	0.000947609	2
-136.93	50.6598	0.00207037	0.000979489	2
-137.183	51.5363	0.00217097	0.00101152	2
-137.435	52.4121	0.0022726	0.00104369	2
-137.686	53.2873	0.00237521	0.00107597	2
-137.936	54.1618	0.00247873	0.00110834	2
-138.186	55.0357	0.00258309	0.00114079	2
-138.434	55.9089	0.00268822	0.00117329	2
-138.681	56.7816	0.00279407	0.00120582	2
-138.928	57.6537	0.00290056	0.00123837	2
-139.173	58.5252	0.00300762	0.00127091	2
-139.416	59.3962	0.00311521	0.00130343	2
-139.659	60.2666	0.00322323	0.00133589	2
-139.899	61.1365	0.00333164	0.0013683	2
-140.138	62.0059	0.00344037	0.00140061	2
-140.376	62.8748	0.00354935	0.00143282	2
-140.611	63.7432	0.00365851	0.00146491	2
-140.845	64.6111	0.00376779	0.00149685	2
-141.077	65.4785	0.00387712	0.00152862	2
-141.306	66.3455	0.00398644	0.00156021	2
-141.531	67.2021	0.00409443	0.00159123	2
-141.756	68.0683	0.00420353	0.00162239	2
-141.979	68.934	0.00431243	0.0016533	2
-142.199	69.7993	0.00442104	0.00168395	2
-142.417	70.6643	0.00452932	0.00171431	2
-142.632	71.5289	0.00463719	0.00174437	2
-142.844	72.3931	0.00474459	0.0017741	2
-143.053	73.257	0.00485145	0.00180349	2
-143.26	74.1206	0.00495771	0.00183251	2
-143.463	74.9839	0.0050633	0.00186115	2
-143.664	75.8468	0.00516816	0.00188938	2
-143.861	76.7095	0.00527222	0.00191719	2
-144.055	77.5719	0.00537541	0.00194455	2
-144.245	78.434	0.00547767	0.00197145	2
-144.432	79.2959	0.00557893	0.00199786	2
-144.616	80.1576	0.00567913	0.00202377	2
-144.795	81.019	0.0057782	0.00204916	2
-144.971	81.8802	0.00587607	0.002074	2
-145.143	82.7413	0.00597269	0.00209828	2
-145.311	83.6021	0.00606798	0.00212197	2
-145.475	84.4628	0.00616187	0.00214506	2
-145.635	85.3234	0.00625432	0.00216752	2
-145.791	86.1838	0.00634523	0.00218934	2
-145.94	87.0342	0.00643355	0.00221026	2
-146.087	87.8943	0.00652124	0.00223074	2
-146.23	88.7544	0.00660722	0.00225051	2
-146.368	89.6144	0.00669141	0.00226957	2

-74.9993	2.01262	-7.87742e-08	8.56396e-08	2
-74.9291	3.08909	-5.60084e-06	6.31124e-06	2
-74.8358	4.16085	-8.69707e-06	1.034e-05	2
-74.7203	5.21547	-9.33325e-06	1.21205e-05	2
-74.5848	6.24131	-7.58797e-06	1.17047e-05	2
-74.4263	7.26239	-3.4648e-06	9.11692e-06	2
-74.2466	8.26687	2.98521e-06	4.38369e-06	2
-74.046	9.25494	1.17175e-05	-2.46062e-06	2
-73.8249	10.2268	2.26874e-05	-1.13816e-05	2
-73.5834	11.1825	3.58504e-05	-2.2345e-05	2
-73.322	12.1225	5.1162e-05	-3.53163e-05	2
-73.0409	13.0467	6.85775e-05	-5.02612e-05	2
-72.7404	13.9554	8.80524e-05	-6.71453e-05	2
-72.4208	14.8487	0.000109542	-8.59343e-05	2
-72.0825	15.727	0.000133002	-0.000106594	2
-71.7257	16.5902	0.000158388	-0.000129089	2
-71.3508	17.4387	0.000185654	-0.000153387	2
-70.958	18.2726	0.000214757	-0.000179451	2
-70.5477	19.092	0.000245652	-0.000207249	2
-70.1202	19.8973	0.000278295	-0.000236745	2
-69.6757	20.6884	0.00031264	-0.000267906	2
-69.2145	21.4657	0.000348643	-0.000300697	2
-68.7371	22.2293	0.00038626	-0.000335083	2
-68.2436	22.9793	0.000425446	-0.00037103	2
-67.7344	23.7161	0.000466157	-0.000408504	2
-67.2098	24.4397	0.000508347	-0.00044747	2
-66.6764	25.1422	0.000551464	-0.000487422	2
-66.122	25.8401	0.000596465	-0.000529254	2
-65.5531	26.5255	0.000642812	-0.000572475	2
-64.9701	27.1984	0.000690462	-0.000617052	2
-64.3731	27.8591	0.000739369	-0.00066295	2
-63.7626	28.5077	0.000789489	-0.000710135	2
-63.1387	29.1444	0.000840777	-0.000758572	2
-62.5019	29.7695	0.000893189	-0.000808226	2
-61.8524	30.383	0.000946681	-0.000859065	2
-61.1906	30.9851	0.00100121	-0.000911052	2
-60.5166	31.5761	0.00105672	-0.000964154	2
-59.8309	32.1562	0.00111318	-0.00101834	2
-59.1337	32.7254	0.00117055	-0.00107356	2
-58.4254	33.284	0.00122877	-0.0011298	2
-57.7062	33.8322	0.0012878	-0.00118702	2
-56.9765	34.3701	0.0013476	-0.00124518	2
-56.2366	34.8979	0.00140812	-0.00130425	2
-55.4867	35.4159	0.00146931	-0.00136419	2
-54.7271	35.9242	0.00153115	-0.00142498	2
-53.9583	36.4229	0.00159357	-0.00148656	2
-53.1804	36.9123	0.00165653	-0.00154892	2
-52.3937	37.3925	0.00172	-0.00161202	2
-51.5987	37.8637	0.00178392	-0.00167582	2
-50.8049	38.3209	0.00184751	-0.00173954	2
-49.994	38.7748	0.0019122	-0.00180463	2
-49.1756	39.2203	0.00197722	-0.00187032	2
-48.3501	39.6575	0.00204251	-0.00193658	2
-47.5176	40.0866	0.00210803	-0.00200337	2
-46.6785	40.5078	0.00217375	-0.00207065	2
-45.8332	40.9214	0.0022396	-0.0021384	2
-44.9818	41.3273	0.00230556	-0.00220657	2
-44.1248	41.726	0.00237157	-0.00227514	2
-43.2624	42.1174	0.00243759	-0.00234407	2
-42.395	42.5019	0.00250358	-0.00241332	2
-41.5227	42.8796	0.00256948	-0.00248286	2
-40.646	43.2506	0.00263527	-0.00255266	2
-39.7652	43.6152	0.00270088	-0.00262268	2
-38.8805	43.9735	0.00276628	-0.00269289	2
-37.9922	44.3257	0.00283143	-0.00276325	2
-37.1007	44.6721	0.00289627	-0.00283372	2
-36.2063	45.0127	0.00296076	-0.00290428	2
-35.3092	45.3477	0.00302487	-0.0029749	2
-34.4098	45.6775	0.00308854	-0.00304552	2
-33.5083	46.002	0.00315172	-0.00311613	2
-32.6052	46.3215	0.00321439	-0.00318668	2
-31.7006	46.6363	0.00327648	-0.00325715	2
-30.7949	46.9464	0.00333796	-0.0033275	2
-29.8988	47.2485	0.00339809	-0.00339688	2
-28.9918	47.5499	0.00345821	-0.00346688	2
-28.0846	47.8473	0.00351759	-0.00353665	2
-27.1774	48.1407	0.00357618	-0.00360617	2
-26.2707	48.4304	0.00363393	-0.00367539	2
-25.3647	48.7165	0.00369079	-0.00374428	2
-24.4597	48.9993	0.00374674	-0.00381281	2
-23.5561	49.2789	0.00380171	-0.00388095	2
-22.654	49.5555	0.00385567	-0.00394865	2
-21.7539	49.8292	0.00390857	-0.00401589	2
-20.856	50.1004	0.00396036	-0.00408262	2
-19.9606	50.369	0.00401101	-0.00414883	2
-19.0681	50.6354	0.00406046	-0.00421446	2
-18.1787	50.8997	0.00410868	-0.00427949	2
-17.2928	51.1621	0.00415561	-0.00434389	2
-16.4106	51.4228	0.00420122	-0.00440761	2
-15.5325	51.6819	0.00424545	-0.00447063	2
-14.6588	51.9396	0.00428827	-0.00453291	2
-13.7897	52.1961	0.00432963	-0.00459441	2
-12.9255	52.4517	0.00436949	-0.0046551	2
-12.0667	52.7064	0.00440779	-0.00471495	2
-11.2134	52.9604	0.0044445	-0.00477392	2
-10.366	53.214	0.00447957	-0.00483198	2
-9.53445	53.4644	0.00451258	-0.00488844	2
-8.69967	53.7176	0.00454426	-0.00494458	2
-7.87168	53.9709	0.00457417	-0.00499971	2
-7.05078	54.2245	0.00460226	-0.00505379	2

-25.0055	2.01187	-6.09481e-07	6.41808e-08	2
-25.4595	3.02888	-5.22651e-05	5.58335e-06	2
-25.8882	4.04972	-0.000103004	1.11619e-05	2
-26.2866	5.0625	-0.000152234	1.67297e-05	2
-26.6509	6.05574	-0.000199431	2.2217e-05	2
-26.9901	7.05253	-0.00024571	2.77454e-05	2
-27.2999	8.04128	-0.000290529	3.32449e-05	2
-27.5807	9.02199	-0.000333907	3.87096e-05	2
-27.833	9.99467	-0.00037586	4.41334e-05	2
-28.0571	10.9593	-0.000416405	4.95102e-05	2
-28.2533	11.9159	-0.000455558	5.48341e-05	2
-28.4219	12.8645	-0.000493337	6.00989e-05	2
-28.5634	13.8051	-0.000529758	6.52987e-05	2
-28.6781	14.7376	-0.000564838	7.04275e-05	2
-28.7663	15.6622	-0.000598595	7.54791e-05	2
-28.8284	16.5787	-0.000631044	8.04476e-05	2
-28.8648	17.4872	-0.000662204	8.5327e-05	2
-28.8757	18.3877	-0.00069209	9.01111e-05	2
-28.8616	19.2801	-0.000720719	9.4794e-05	2
-28.8228	20.1646	-0.00074811	9.93696e-05	2
-28.7596	21.0411	-0.000774277	0.000103832	2
-28.6725	21.9096	-0.000799239	0.000108175	2
-28.5617	22.77	-0.000823011	0.000112392	2
-28.4276	23.6225	-0.000845612	0.000116479	2
-28.2707	24.467	-0.000867057	0.000120427	2
-28.0911	25.3035	-0.000887365	0.000124232	2
-27.8918	26.1226	-0.000906336	0.000127847	2
-27.6684	26.9432	-0.00092443	0.000131349	2
-27.4234	27.7558	-0.000941435	0.000134689	2
-27.1573	28.5605	-0.00095737	0.000137862	2
-26.8704	29.3572	-0.000972251	0.000140862	2
-26.5631	30.1459	-0.000986094	0.000143681	2
-26.2356	30.9266	-0.000998917	0.000146315	2
-25.8884	31.6994	-0.00101074	0.000148758	2
-25.5218	32.4642	-0.00102157	0.000151003	2
-25.1361	33.2211	-0.00103143	0.000153043	2
-24.7318	33.97	-0.00104034	0.000154875	2
-24.3091	34.7109	-0.00104831	0.00015649	2
-23.8684	35.4439	-0.00105537	0.000157883	2
-23.4101	36.169	-0.00106152	0.000159049	2
-22.9345	36.886	-0.00106679	0.00015998	2
-22.442	37.5952	-0.00107118	0.000160672	2
-21.9329	38.2964	-0.00107473	0.000161118	2
-21.4076	38.9896	-0.00107744	0.000161311	2
-20.8665	39.675	-0.00107933	0.000161247	2
-20.3098	40.3523	-0.00108043	0.000160919	2
-19.738	41.0218	-0.00108073	0.00016032	2
-19.1513	41.6833	-0.00108027	0.000159445	2
-18.5503	42.3369	-0.00107906	0.000158288	2
-17.9422	42.9752	-0.00107715	0.000156861	2
-17.3135	43.6131	-0.00107449	0.000155125	2
-16.6713	44.243	-0.00107114	0.000153089	2
-16.0161	44.865	-0.00106711	0.000150746	2
-15.3482	45.4791	-0.0010624	0.000148092	2
-14.668	46.0853	-0.00105705	0.000145118	2
-13.9758	46.6835	-0.00105107	0.000141821	2
-13.272	47.2739	-0.00104447	0.000138193	2
-12.5569	47.8564	-0.00103727	0.000134228	2
-11.8309	48.4309	-0.00102948	0.000129922	2
-11.0943	48.9976	-0.00102114	0.000125266	2
-10.3475	49.5564	-0.00101224	0.000120256	2
-9.59085	50.1073	-0.00100282	0.000114886	2
-8.82469	50.6503	-0.000992875	0.000109149	2
-8.04938	51.1854	-0.000982436	0.000103039	2
-7.26528	51.7126	-0.000971516	9.65509e-05	2
-6.47272	52.2319	-0.000960133	8.96778e-05	2
-5.67208	52.7434	-0.000948302	8.2414e-05	2
-4.8637	53.247	-0.000936041	7.47534e-05	2
-4.04793	53.7427	-0.000923366	6.669e-05	2
-3.22513	54.2306	-0.000910295	5.82178e-05	2
-2.39565	54.7105	-0.000896845	4.93307e-05	2
-1.55985	55.1827	-0.000883031	4.00227e-05	2
-0.718084	55.6469	-0.000868872	3.02877e-05	2
0.119534	56.0981	-0.000854552	2.02391e-05	2
0.972127	56.5467	-0.000839755	9.63725e-06	2
1.82963	56.9875	-0.000824663	-1.4096e-06	2
2.6917	57.4204	-0.000809292	-1.29075e-05	2
3.55798	57.8455	-0.000793659	-2.48624e-05	2
4.42811	58.2627	-0.000777781	-3.72804e-05	2
5.30174	58.6721	-0.000761675	-5.01675e-05	2
6.17852	59.0736	-0.000745358	-6.35297e-05	2
7.05809	59.4673	-0.000728847	-7.73731e-05	2
7.9401	59.8532	-0.000712158	-9.17038e-05	2
8.8242	60.2312	-0.000695309	-0.000106528	2
9.71003	60.6014	-0.000678316	-0.000121851	2
10.5972	60.9638	-0.000661196	-0.000137679	2
11.4855	61.3184	-0.000643966	-0.000154019	2
12.3744	61.6651	-0.000626644	-0.000170876	2
13.2636	62.004	-0.000609245	-0.000188257	2
14.1528	62.3351	-0.000591786	-0.000206167	2
15.0416	62.6584	-0.000574285	-0.000224613	2
15.9297	62.9739	-0.000556759	-0.0002436	2
16.8167	63.2815	-0.000539224	-0.000263135	2
17.7022	63.5814	-0.000521697	-0.000283223	2
18.5859	63.8734	-0.000504195	-0.000303871	2
19.4675	64.1577	-0.000486735	-0.000325084	2
20.3364	64.431	-0.000469533	-0.000346616	2
21.2127	64.6998	-0.000452206	-0.000368972	2
22.0857	64.9607	-0.000434972	-0.000391912	2
22.9552	65.2139	-0.000417846	-0.000415442	2

24.9969	2.01029	1.26162e-07	-2.63959e-07	2
24.73	2.8995	9.84461e-06	-2.25792e-05	2
24.459	3.80656	1.74299e-05	-4.43848e-05	2
24.1874	4.72088	2.28009e-05	-6.54259e-05	2
23.9185	5.63153	2.59782e-05	-8.54826e-05	2
23.6465	6.5594	2.70805e-05	-0.00010503	2
23.3747	7.49365	2.61036e-05	-0.00012384	2
23.1034	8.43396	2.30925e-05	-0.000141921	2
22.8329	9.38004	1.80926e-05	-0.000159283	2
22.5635	10.3316	1.11489e-05	-0.000175934	2
22.2955	11.2883	2.30664e-06	-0.000191884	2
22.0291	12.2499	-8.38905e-06	-0.000207141	2
21.7647	13.2161	-2.0893e-05	-0.000221714	2
21.5025	14.1865	-3.516e-05	-0.000235613	2
21.2429	15.1609	-5.1145e-05	-0.000248846	2
20.986	16.139	-6.88027e-05	-0.000261423	2
20.7323	17.1205	-8.80881e-05	-0.000273352	2
20.482	18.105	-0.000108956	-0.000284642	2
20.2353	19.0923	-0.000131361	-0.000295303	2
19.9926	20.0821	-0.000155258	-0.000305344	2
19.7542	21.0741	-0.000180602	-0.000314773	2
19.5203	22.068	-0.000207348	-0.000323599	2
19.2912	23.0634	-0.000235451	-0.000331832	2
19.0673	24.0601	-0.000264865	-0.00033948	2
18.8487	25.0578	-0.000295545	-0.000346553	2
18.6359	26.0562	-0.000327447	-0.00035306	2
18.4314	27.0435	-0.000360137	-0.000358943	2
18.2307	28.0424	-0.000394333	-0.00036435	2
18.0367	29.041	-0.000429614	-0.000369217	2
17.8494	30.0392	-0.000465937	-0.000373553	2
17.6693	31.0365	-0.000503256	-0.000377368	2
17.4966	32.0327	-0.000541525	-0.000380671	2
17.3316	33.0275	-0.0005807	-0.00038347	2
17.1747	34.0206	-0.000620735	-0.000385774	2
17.026	35.0117	-0.000661585	-0.000387592	2
16.8859	36.0005	-0.000703205	-0.000388935	2
16.7546	36.9867	-0.000745551	-0.000389809	2
16.6325	37.9699	-0.000788575	-0.000390225	2
16.5198	38.95	-0.000832235	-0.000390192	2
16.4169	39.9266	-0.000876484	-0.000389718	2
16.324	40.8994	-0.000921277	-0.000388812	2
16.2414	41.868	-0.000966569	-0.000387485	2
16.1694	42.8323	-0.00101231	-0.000385743	2
16.1082	43.7919	-0.00105847	-0.000383597	2
16.0583	44.7465	-0.00110499	-0.000381056	2
16.0197	45.6957	-0.00115182	-0.000378128	2
15.993	46.6394	-0.00119893	-0.000374823	2
15.9782	47.5772	-0.00124627	-0.000371149	2
15.9758	48.5088	-0.00129379	-0.000367115	2
15.9858	49.4233	-0.0013409	-0.000362784	2
16.0088	50.3416	-0.00138865	-0.000358063	2
16.0449	51.2529	-0.00143645	-0.000353009	2
16.0945	52.1568	-0.00148425	-0.000347632	2
16.1578	53.053	-0.00153201	-0.00034194	2
16.2352	53.9413	-0.00157968	-0.000335942	2
16.327	54.8212	-0.00162722	-0.000329648	2
16.4333	55.6926	-0.00167458	-0.000323067	2
16.5546	56.555	-0.00172172	-0.000316207	2
16.6911	57.4083	-0.00176859	-0.000309078	2
16.843	58.2521	-0.00181515	-0.000301688	2
17.0108	59.0861	-0.00186134	-0.000294046	2
17.1946	59.9101	-0.00190714	-0.000286162	2
17.3947	60.7236	-0.00195248	-0.000278045	2
17.6115	61.5265	-0.00199733	-0.000269703	2
17.8452	62.3184	-0.00204164	-0.000261146	2
18.0962	63.099	-0.00208537	-0.000252382	2
18.3646	63.868	-0.00212847	-0.000243421	2
18.6508	64.6252	-0.00217089	-0.000234272	2
18.9551	65.3702	-0.0022126	-0.000224943	2
19.2778	66.1027	-0.00225353	-0.000215443	2
19.6192	66.8224	-0.00229366	-0.000205782	2
19.9794	67.5291	-0.00233294	-0.000195969	2
20.359	68.2223	-0.00237131	-0.000186012	2
20.7533	68.8942	-0.00240831	-0.000176038	2
21.1719	69.56	-0.00244476	-0.000165823	2
21.6106	70.2116	-0.00248017	-0.000155491	2
22.0697	70.8485	-0.0025145	-0.000145052	2
22.5495	71.4706	-0.00254771	-0.000134515	2
23.0502	72.0776	-0.00257974	-0.000123888	2
23.5722	72.6691	-0.00261056	-0.00011318	2
24.1157	73.2448	-0.00264012	-0.000102402	2
24.6811	73.8044	-0.00266837	-9.15602e-05	2
25.2685	74.3477	-0.00269527	-8.06654e-05	2
25.8784	74.8743	-0.00272077	-6.97262e-05	2
26.5109	75.384	-0.00274483	-5.87515e-05	2
27.1664	75.8764	-0.00276741	-4.77504e-05	2
27.8452	76.3512	-0.00278845	-3.67319e-05	2
28.5475	76.8082	-0.00280791	-2.5705e-05	2
29.2737	77.2471	-0.00282576	-1.46787e-05	2
30.024	77.6674	-0.00284193	-3.66194e-06	2
30.7987	78.0691	-0.00285639	7.33617e-06	2
31.5981	78.4516	-0.00286909	1.83067e-05	2
32.4225	78.8148	-0.00287999	2.92405e-05	2
33.2722	79.1584	-0.00288904	4.01288e-05	2
34.1475	79.482	-0.0028962	5.09624e-05	2
35.0486	79.7853	-0.00290142	6.17324e-05	2
35.9651	80.065	-0.00290463	7.23072e-05	2
36.9185	80.3272	-0.00290586	8.29239e-05	2
37.8986	80.5682	-0.00290502	9.345e-05	2
38.9057	80.7878	-0.00290205	0.000103877	2

75.0007	2.01091	-1.5725e-07	2.27349e-07	2
75.0428	2.94659	-1.34926e-05	1.88876e-05	2
75.0499	3.88801	-2.66123e-05	3.59965e-05	2
75.0222	4.82429	-3.93713e-05	5.13653e-05	2
74.9615	5.74479	-5.16407e-05	6.48848e-05	2
74.8671	6.67097	-6.37177e-05	7.69078e-05	2
74.7404	7.59212	-7.54696e-05	8.73058e-05	2
74.5824	8.50828	-8.69086e-05	9.61174e-05	2
74.3938	9.41948	-9.80464e-05	0.000103381	2
74.1754	10.3258	-0.000108895	0.000109135	2
73.9283	11.2272	-0.000119467	0.000113419	2
73.6531	12.1237	-0.000129773	0.00011627	2
73.3508	13.0155	-0.000139826	0.000117728	2
73.0223	13.9025	-0.000149639	0.00011783	2
72.6682	14.7847	-0.000159221	0.000116616	2
72.2897	15.6622	-0.000168587	0.000114124	2
71.8873	16.5351	-0.000177747	0.000110392	2
71.4622	17.4034	-0.000186714	0.000105459	2
71.015	18.267	-0.0001955	9.93642e-05	2
70.5466	19.1261	-0.000204117	9.21452e-05	2
70.0579	19.9807	-0.000212576	8.38408e-05	2
69.5498	20.8308	-0.000220889	7.44896e-05	2
69.0231	21.6765	-0.00022907	6.41301e-05	2
68.4786	22.5177	-0.000237128	5.2801e-05	2
67.9173	23.3546	-0.000245078	4.05406e-05	2
67.3399	24.1872	-0.00025293	2.73877e-05	2
66.7542	25.0059	-0.000260607	1.35463e-05	2
66.1474	25.8299	-0.000268301	-1.26707e-06	2
65.5272	26.6497	-0.000275933	-1.68579e-05	2
64.8943	27.4653	-0.000283515	-3.31876e-05	2
64.2497	28.2768	-0.00029106	-5.02177e-05	2
63.5941	29.0841	-0.000298578	-6.79096e-05	2
62.9284	29.8874	-0.000306083	-8.62247e-05	2
62.2536	30.6866	-0.000313586	-0.000105124	2
61.5703	31.4818	-0.0003211	-0.00012457	2
60.8796	32.273	-0.000328635	-0.000144524	2
60.1822	33.0603	-0.000336205	-0.000164947	2
59.479	33.8436	-0.000343821	-0.0001858	2
58.7709	34.6232	-0.000351495	-0.000207045	2
58.0587	35.3989	-0.000359238	-0.000228644	2
57.3432	36.1708	-0.000367064	-0.000250557	2
56.6254	36.9389	-0.000374984	-0.000272747	2
55.906	37.7033	-0.00038301	-0.000295175	2
55.1859	38.4641	-0.000391154	-0.000317802	2
54.466	39.2212	-0.000399428	-0.000340589	2
53.7472	39.9746	-0.000407844	-0.000363499	2
53.0302	40.7245	-0.000416413	-0.000386493	2
52.316	41.4709	-0.000425149	-0.000409531	2
51.6053	42.2138	-0.000434062	-0.000432576	2
50.9072	42.9447	-0.00044306	-0.000455325	2
50.2063	43.6807	-0.000452362	-0.000478269	2
49.5115	44.4134	-0.000461879	-0.000501103	2
48.8237	45.1426	-0.000471621	-0.000523791	2
48.1437	45.8686	-0.0004816	-0.000546293	2
47.4725	46.5912	-0.000491829	-0.000568571	2
46.8108	47.3107	-0.00050232	-0.000590585	2
46.1595	48.0269	-0.000513084	-0.000612299	2
45.5195	48.7399	-0.000524133	-0.000633672	2
44.8916	49.4498	-0.000535481	-0.000654667	2
44.2767	50.1566	-0.000547137	-0.000675245	2
43.6756	50.8603	-0.000559115	-0.000695368	2
43.0892	51.561	-0.000571427	-0.000714996	2
42.5184	52.2587	-0.000584083	-0.000734092	2
41.9639	52.9535	-0.000597098	-0.000752616	2
41.4267	53.6453	-0.000610481	-0.000770531	2
40.9075	54.3343	-0.000624246	-0.000787798	2
40.4074	55.0204	-0.000638404	-0.000804377	2
39.927	55.7037	-0.000652967	-0.000820232	2
39.4673	56.3842	-0.000667948	-0.000835322	2
39.0291	57.062	-0.000683358	-0.00084961	2
38.6133	57.737	-0.000699209	-0.000863057	2
38.2207	58.4094	-0.000715513	-0.000875624	2
37.8522	59.0792	-0.000732283	-0.000887274	2
37.5125	59.7388	-0.000749328	-0.000897849	2
37.1944	60.4034	-0.000767058	-0.000907558	2
36.9029	61.0656	-0.000785289	-0.000916234	2
36.6389	61.7252	-0.000804033	-0.000923838	2
36.4033	62.3824	-0.000823302	-0.000930331	2
36.1968	63.0372	-0.000843107	-0.000935676	2
36.0204	63.6896	-0.000863462	-0.000939833	2
35.8749	64.3397	-0.000884377	-0.000942765	2
35.7611	64.9875	-0.000905865	-0.000944431	2
35.68	65.633	-0.000927938	-0.000944795	2
35.6323	66.2763	-0.000950608	-0.000943817	2
35.6189	66.9174	-0.000973886	-0.000941459	2
35.6407	67.5563	-0.000997785	-0.000937682	2
35.6985	68.1931	-0.00102232	-0.000932447	2
35.7932	68.8279	-0.00104749	-0.000925717	2
35.9257	69.4605	-0.00107333	-0.000917453	2
36.0967	70.0912	-0.00109983	-0.000907615	2
36.3071	70.7199	-0.00112701	-0.000896167	2
36.5579	71.3467	-0.00115489	-0.000883068	2
36.8498	71.9715	-0.00118347	-0.00086828	2
37.1837	72.5945	-0.00121276	-0.000851766	2
37.5604	73.2157	-0.00124279	-0.000833486	2
37.9809	73.835	-0.00127355	-0.000813402	2
38.4403	74.4455	-0.0013047	-0.000791737	2
38.9502	75.0614	-0.00133697	-0.000767951	2
39.5063	75.6757	-0.00137002	-0.000742245	2
40.1096	76.2882	-0.00140386	-0.000714581	2

124.997	2.01175	-5.38801e-07	3.08816e-07	2
124.766	3.01247	-4.63058e-05	2.61752e-05	2
124.509	4.00616	-9.14748e-05	5.09636e-05	2
124.23	4.98139	-0.000135531	7.43843e-05	2
123.932	5.92757	-0.00017801	9.62107e-05	2
123.608	6.86702	-0.000219925	0.000116969	2
123.263	7.78896	-0.000260799	0.000136418	2
122.898	8.6937	-0.000300656	0.000154576	2
122.511	9.58156	-0.00033952	0.000171463	2
122.105	10.4529	-0.000377416	0.000187098	2
121.679	11.3079	-0.000414367	0.0002015	2
121.234	12.147	-0.000450398	0.000214688	2
120.77	12.9705	-0.000485531	0.000226682	2
120.288	13.7788	-0.000519793	0.000237502	2
119.788	14.572	-0.000553206	0.000247165	2
119.27	15.3506	-0.000585795	0.000255693	2
118.736	16.1149	-0.000617584	0.000263103	2
118.185	16.8651	-0.000648596	0.000269416	2
117.618	17.6016	-0.000678857	0.00027465	2
117.036	18.3248	-0.00070839	0.000278825	2
116.438	19.0348	-0.000737218	0.00028196	2
115.826	19.7321	-0.000765367	0.000284075	2
115.199	20.417	-0.00079286	0.000285188	2
114.558	21.0898	-0.000819721	0.00028532	2
113.904	21.7508	-0.000845975	0.000284488	2
113.237	22.4003	-0.000871645	0.000282714	2
112.565	23.0313	-0.00089647	0.000280051	2
111.874	23.6589	-0.000921051	0.000276457	2
111.171	24.276	-0.00094512	0.000271978	2
110.456	24.8828	-0.000968702	0.000266633	2
109.731	25.4798	-0.000991821	0.00026044	2
108.996	26.0672	-0.0010145	0.000253419	2
108.25	26.6453	-0.00103676	0.00024559	2
107.496	27.2145	-0.00105864	0.000236971	2
106.732	27.7751	-0.00108014	0.000227582	2
105.96	28.3273	-0.0011013	0.000217443	2
105.179	28.8716	-0.00112215	0.000206572	2
104.391	29.4081	-0.00114269	0.000194989	2
103.596	29.9374	-0.00116297	0.000182713	2
102.794	30.4596	-0.001183	0.000169763	2
101.985	30.975	-0.00120281	0.000156159	2
101.171	31.4841	-0.00122242	0.000141921	2
100.352	31.9871	-0.00124185	0.000127066	2
99.5268	32.4843	-0.00126113	0.000111615	2
98.6976	32.9761	-0.00128029	9.55871e-05	2
97.8642	33.4627	-0.00129934	7.90012e-05	2
97.0272	33.9445	-0.00131832	6.18768e-05	2
96.1869	34.4219	-0.00133724	4.42331e-05	2
95.3439	34.895	-0.00135613	2.60894e-05	2
94.5082	35.3589	-0.0013748	7.68178e-06	2
93.6609	35.8247	-0.0013937	-1.13988e-05	2
92.8122	36.2873	-0.00141265	-3.09216e-05	2
91.9625	36.7469	-0.00143166	-5.08675e-05	2
91.1121	37.2039	-0.00145076	-7.12171e-05	2
90.2617	37.6587	-0.00146997	-9.19512e-05	2
89.4115	38.1115	-0.00148932	-0.00011305	2
88.5621	38.5627	-0.00150883	-0.000134496	2
87.7139	39.0125	-0.00152853	-0.000156267	2
86.8674	39.4614	-0.00154844	-0.000178346	2
86.0229	39.9095	-0.00156859	-0.000200713	2
85.181	40.3573	-0.00158899	-0.000223349	2
84.342	40.805	-0.00160968	-0.000246234	2
83.5064	41.253	-0.00163067	-0.000269349	2
82.6747	41.7016	-0.00165199	-0.000292675	2
81.8473	42.151	-0.00167366	-0.000316193	2
81.0246	42.6017	-0.00169572	-0.000339883	2
80.2072	43.0539	-0.00171818	-0.000363726	2
79.3953	43.508	-0.00174106	-0.000387702	2
78.5895	43.9643	-0.0017644	-0.000411793	2
77.7903	44.423	-0.00178821	-0.000435979	2
76.998	44.8845	-0.00181252	-0.000460241	2
76.2131	45.3492	-0.00183735	-0.000484559	2
75.436	45.8173	-0.00186273	-0.000508915	2
74.676	46.2837	-0.00188838	-0.000533008	2
73.9159	46.7596	-0.00191492	-0.000557381	2
73.1649	47.2399	-0.00194207	-0.000581732	2
72.4235	47.7248	-0.00196988	-0.000606045	2
71.6922	48.2148	-0.00199834	-0.000630298	2
70.9714	48.7102	-0.0020275	-0.000654473	2
70.2615	49.2112	-0.00205738	-0.00067855	2
69.563	49.7182	-0.00208799	-0.00070251	2
68.8763	50.2315	-0.00211937	-0.000726335	2
68.2019	50.7514	-0.00215154	-0.000750004	2
67.5402	51.2782	-0.00218451	-0.000773498	2
66.8917	51.8123	-0.00221833	-0.000796798	2
66.2568	52.3539	-0.002253	-0.000819884	2
65.6359	52.9034	-0.00228856	-0.000842739	2
65.0295	53.4612	-0.00232502	-0.000865341	2
64.438	54.0274	-0.00236242	-0.000887672	2
63.8619	54.6025	-0.00240077	-0.000909712	2
63.3016	55.1867	-0.0024401	-0.000931443	2
62.7576	55.7804	-0.00248044	-0.000952845	2
62.2302	56.3839	-0.0025218	-0.000973898	2
61.72	56.9975	-0.00256422	-0.000994584	2
61.2274	57.6216	-0.00260771	-0.00101488	2
60.7528	58.2563	-0.00265231	-0.00103478	2
60.3019	58.8947	-0.00269749	-0.00105402	2
59.8645	59.5517	-0.00274435	-0.00107305	2
59.4464	60.2205	-0.00279237	-0.00109161	2
59.0482	60.9013	-0.0028416	-0.00110969	2

