-125	2.01258	4.87356e-07	-4.56813e-08	2
-124.977	3.08847	4.30965e-05	-4.97728e-06	2
-124.937	4.16524	8.75837e-05	-1.19681e-05	2
-124.88	5.23041	0.000133433	-2.09487e-05	2
-124.807	6.27206	0.000180067	-3.17583e-05	2
-124.717	7.31449	0.000228541	-4.46246e-05	2
-124.61	8.34565	0.000278292	-5.94095e-05	2
-124.487	9.36563	0.000329293	-7.60891e-05	2
-124.348	10.3745	0.000381515	-9.46395e-05	2
-124.193	11.3725	0.00043493	-0.000115037	2
-124.023	12.3596	0.000489509	-0.000137258	2
-123.837	13.3359	0.000545224	-0.000161278	2
-123.637	14.3016	0.000602047	-0.000187073	2
-123.421	15.2568	0.00065995	-0.000214621	2
-123.19	16.2015	0.000718903	-0.000243896	2
-122.945	17.1359	0.000778879	-0.000274876	2
-122.686	18.06	0.00083985	-0.000307535	2
-122.412	18.9741	0.000901787	-0.000341851	2
-122.125	19.8781	0.000964662	-0.0003778	2
-121.824	20.7722	0.00102845	-0.000415357	2
-121.509	21.6565	0.00109311	-0.0004545	2
-121.181	22.5311	0.00115863	-0.000495203	2
-120.84	23.3961	0.00122497	-0.000537444	2
-120.487	24.2516	0.00129211	-0.000581198	2
-120.12	25.0977	0.00136002	-0.000626442	2
-119.741	25.9346	0.00142867	-0.000673152	2
-119.354	26.7528	0.00149722	-0.000720742	2
-118.951	27.5715	0.00156726	-0.000770296	2
-118.536	28.3812	0.00163795	-0.000821244	2
-118.11	29.1821	0.00170926	-0.000873563	2
-117.672	29.9742	0.00178118	-0.000927229	2
-117.222	30.7577	0.00185366	-0.000982219	2
-116.762	31.5326	0.00192669	-0.00103851	2
-116.291	32.2991	0.00200022	-0.00109607	2
-115.809	33.0572	0.00207425	-0.00115489	2
-115.317	33.8072	0.00214873	-0.00121493	2
-114.815	34.549	0.00222364	-0.00127618	2
-114.302	35.2827	0.00229895	-0.00133861	2
-113.78	36.0086	0.00237463	-0.00140219	2
-113.249	36.7267	0.00245066	-0.00146691	2
-112.708	37.437	0.002527	-0.00153273	2
-112.158	38.1398	0.00260362	-0.00159964	2
-111.599	38.835	0.00268051	-0.00166761	2
-111.031	39.5229	0.00275763	-0.00173662	2
-110.455	40.2035	0.00283495	-0.00180664	2
-109.87	40.8769	0.00291244	-0.00187765	2
-109.277	41.5432	0.00299007	-0.00194963	2
-108.677	42.2026	0.00306783	-0.00202255	2
-108.068	42.8551	0.00314567	-0.00209639	2
-107.46	43.4935	0.00322268	-0.00217025	2
-106.837	44.1327	0.00330062	-0.00224584	2
-106.207	44.7653	0.00337856	-0.00232228	2
-105.57	45.3915	0.00345647	-0.00239954	2
-104.926	46.0113	0.00353433	-0.00247761	2
-104.276	46.6249	0.00361212	-0.00255644	2
-103.62	47.2324	0.00368979	-0.00263603	2
-102.957	47.8339	0.00376733	-0.00271635	2
-102.289	48.4294	0.0038447	-0.00279736	2
-101.616	49.0192	0.00392187	-0.00287906	2
-100.936	49.6032	0.00399882	-0.00296142	2
-100.252	50.1816	0.00407553	-0.00304441	2
-99.5625	50.7546	0.00415195	-0.003128	2
-98.8683	51.3221	0.00422807	-0.00321219	2
-98.1695	51.8844	0.00430385	-0.00329693	2
-97.4663	52.4415	0.00437926	-0.00338221	2
-96.7589	52.9935	0.00445429	-0.003468	2
-96.0476	53.5405	0.00452889	-0.00355428	2
-95.3326	54.0827	0.00460305	-0.00364103	2
-94.6139	54.6201	0.00467673	-0.00372822	2
-93.892	55.1528	0.0047499	-0.00381583	2
-93.1669	55.681	0.00482254	-0.00390383	2
-92.4389	56.2048	0.00489461	-0.0039922	2
-91.7081	56.7242	0.0049661	-0.00408092	2
-90.9833	57.2335	0.00503615	-0.00416894	2
-90.2478	57.7446	0.00510638	-0.00425828	2
-89.5101	58.2517	0.00517593	-0.00434789	2
-88.7706	58.7549	0.00524478	-0.00443775	2
-88.0294	59.2542	0.0053129	-0.00452784	2
-87.2867	59.7499	0.00538026	-0.00461814	2
-86.5427	60.2419	0.00544682	-0.00470862	2
-85.7977	60.7304	0.00551258	-0.00479925	2
-85.0518	61.2156	0.00557748	-0.00489001	2
-84.3053	61.6974	0.00564152	-0.00498088	2
-83.5583	62.1761	0.00570465	-0.00507184	2
-82.8111	62.6517	0.00576685	-0.00516286	2
-82.0639	63.1243	0.00582809	-0.00525391	2
-81.3168	63.5941	0.00588835	-0.00534498	2
-80.5701	64.0611	0.00594759	-0.00543604	2
-79.8241	64.5254	0.00600579	-0.00552706	2
-79.0788	64.9872	0.00606292	-0.00561803	2
-78.3346	65.4465	0.00611895	-0.00570891	2
-77.5915	65.9035	0.00617385	-0.00579969	2
-76.8499	66.3583	0.00622759	-0.00589033	2
-76.1099	66.8109	0.00628015	-0.00598083	2
-75.3718	67.2615	0.00633149	-0.00607114	2
-74.6357	67.7102	0.0063816	-0.00616126	2
-73.9103	68.1519	0.00642988	-0.00625012	2
-73.1789	68.5971	0.00647743	-0.00633976	2
-72.4502	69.0407	0.00652366	-0.00642913	2
-71.7243	69.4827	0.00656853	-0.00651821	2

-75.0041	2.01203	-4.12848e-07	-1.78322e-07	2
-75.3445	3.04155	-3.56794e-05	-1.48294e-05	2
-75.6611	4.07335	-7.0876e-05	-2.82936e-05	2
-75.9501	5.09546	-0.000105589	-4.04228e-05	2
-76.209	6.09633	-0.000139427	-5.11301e-05	2
-76.4441	7.09929	-0.000173175	-6.06943e-05	2
-76.6525	8.0927	-0.000206438	-6.90137e-05	2
-76.8347	9.0766	-0.000239213	-7.61184e-05	2
-76.991	10.0511	-0.000271501	-8.20385e-05	2
-77.1216	11.0161	-0.000303301	-8.68044e-05	2
-77.2269	11.9718	-0.000334611	-9.0446e-05	2
-77.3073	12.9182	-0.000365431	-9.29936e-05	2
-77.3631	13.8553	-0.00039576	-9.44774e-05	2
-77.3945	14.7832	-0.000425597	-9.49275e-05	2
-77.402	15.7019	-0.000454942	-9.4374e-05	2
-77.3858	16.6115	-0.000483793	-9.28472e-05	2
-77.3463	17.5121	-0.000512151	-9.03773e-05	2
-77.2838	18.4037	-0.000540013	-8.69943e-05	2
-77.1986	19.2862	-0.000567379	-8.27284e-05	2
-77.0912	20.1599	-0.000594249	-7.76098e-05	2
-76.9617	21.0247	-0.000620621	-7.16687e-05	2
-76.8106	21.8807	-0.000646496	-6.49353e-05	2
-76.6381	22.7279	-0.000671871	-5.74397e-05	2
-76.4447	23.5663	-0.000696746	-4.9212e-05	2
-76.2305	24.3961	-0.000721121	-4.02824e-05	2
-75.996	25.2173	-0.000744994	-3.06812e-05	2
-75.7446	26.0206	-0.0007681	-2.05597e-05	2
-75.4706	26.8248	-0.000790973	-9.7124e-06	2
-75.1772	27.6205	-0.000813343	1.71643e-06	2
-74.8649	28.4077	-0.000835209	1.36967e-05	2
-74.5338	29.1866	-0.000856568	2.61981e-05	2
-74.1843	29.9571	-0.000877422	3.91906e-05	2
-73.8169	30.7194	-0.000897768	5.2644e-05	2
-73.4316	31.4734	-0.000917607	6.65281e-05	2
-73.0291	32.2192	-0.000936937	8.08127e-05	2
-72.6094	32.9569	-0.000955757	9.54678e-05	2
-72.173	33.6865	-0.000974067	0.000110463	2
-71.7203	34.4081	-0.000991866	0.000125768	2
-71.2514	35.1217	-0.00100915	0.000141354	2
-70.7669	35.8273	-0.00102593	0.000157189	2
-70.2669	36.525	-0.00104219	0.000173243	2
-69.7519	37.2149	-0.00105793	0.000189487	2
-69.2221	37.897	-0.00107317	0.00020589	2
-68.6778	38.5714	-0.00108788	0.000222422	2
-68.1195	39.238	-0.00110208	0.000239053	2
-67.5475	39.897	-0.00111576	0.000255753	2
-66.962	40.5484	-0.00112892	0.000272492	2
-66.3634	41.1922	-0.00114157	0.000289239	2
-65.752	41.8286	-0.00115369	0.000305964	2
-65.1355	42.4503	-0.00116516	0.000322446	2
-64.4997	43.0718	-0.00117625	0.000339038	2
-63.8522	43.6861	-0.00118681	0.000355518	2
-63.1932	44.2929	-0.00119685	0.000371856	2
-62.523	44.8926	-0.00120637	0.000388022	2
-61.8421	45.485	-0.00121536	0.000403986	2
-61.1507	46.0703	-0.00122383	0.000419716	2
-60.4492	46.6484	-0.00123177	0.000435185	2
-59.7379	47.2195	-0.00123918	0.00045036	2
-59.017	47.7836	-0.00124607	0.000465212	2
-58.2871	48.3407	-0.00125242	0.000479711	2
-57.5483	48.8908	-0.00125825	0.000493827	2
-56.8011	49.4342	-0.00126355	0.000507529	2
-56.0456	49.9706	-0.00126831	0.000520787	2
-55.2824	50.5004	-0.00127254	0.000533571	2
-54.5117	51.0234	-0.00127624	0.000545852	2
-53.7337	51.5397	-0.00127941	0.000557598	2
-52.949	52.0494	-0.00128204	0.00056878	2
-52.1577	52.5525	-0.00128413	0.000579367	2
-51.3603	53.0491	-0.00128569	0.000589329	2
-50.557	53.5392	-0.00128672	0.000598637	2
-49.7482	54.0229	-0.0012872	0.000607259	2
-48.9342	54.5002	-0.00128715	0.000615166	2
-48.1153	54.9711	-0.00128656	0.000622328	2
-47.3014	55.4305	-0.00128544	0.000628646	2
-46.4739	55.889	-0.00128377	0.000634236	2
-45.6425	56.3414	-0.00128156	0.00063899	2
-44.8075	56.7875	-0.00127881	0.000642879	2
-43.9693	57.2276	-0.00127551	0.000645872	2
-43.1282	57.6617	-0.00127167	0.000647939	2
-42.2846	58.0898	-0.00126729	0.000649049	2
-41.4387	58.5119	-0.00126236	0.000649174	2
-40.591	58.9281	-0.00125688	0.000648281	2
-39.7417	59.3385	-0.00125085	0.000646342	2
-38.8911	59.7431	-0.00124428	0.000643327	2
-38.0396	60.142	-0.00123716	0.000639204	2
-37.1876	60.5351	-0.00122949	0.000633944	2
-36.3353	60.9226	-0.00122126	0.000627516	2
-35.4831	61.3045	-0.00121249	0.000619892	2
-34.6313	61.6808	-0.00120316	0.000611039	2
-33.7802	62.0517	-0.00119328	0.000600928	2
-32.9302	62.417	-0.00118285	0.00058953	2
-32.0816	62.777	-0.00117186	0.000576813	2
-31.2347	63.1316	-0.00116032	0.000562748	2
-30.3899	63.4809	-0.00114822	0.000547305	2
-29.5475	63.825	-0.00113556	0.000530453	2
-28.7078	64.1638	-0.00112234	0.000512162	2
-27.8807	64.4937	-0.00110873	0.000492637	2
-27.0474	64.8223	-0.0010944	0.000471395	2
-26.2178	65.1459	-0.00107952	0.000448624	2
-25.3922	65.4644	-0.00106407	0.000424294	2

-25.0038	2.0112	4.5094e-07	-4.2781e-07	2
-25.3293	2.97688	3.75486e-05	-3.62322e-05	2
-25.6525	3.95774	7.17342e-05	-7.04895e-05	2
-25.9693	4.94234	0.000102621	-0.000102806	2
-26.276	5.91905	0.000129973	-0.000132876	2
-26.5798	6.91036	0.00015449	-0.000161434	2
-26.8768	7.90468	0.0001759	-0.000188152	2
-27.1669	8.90177	0.000194267	-0.000213065	2
-27.4498	9.90139	0.000209654	-0.000236205	2
-27.7256	10.9033	0.000222127	-0.000257608	2
-27.994	11.9072	0.000231748	-0.000277308	2
-28.2548	12.913	0.000238583	-0.000295337	2
-28.508	13.9203	0.000242695	-0.000311731	2
-28.7533	14.9289	0.000244148	-0.000326522	2
-28.9907	15.9385	0.000243007	-0.000339746	2
-29.22	16.949	0.000239335	-0.000351435	2
-29.4409	17.9601	0.000233197	-0.000361625	2
-29.6535	18.9715	0.000224657	-0.000370348	2
-29.8575	19.983	0.000213779	-0.000377638	2
-30.0527	20.9944	0.000200626	-0.000383531	2
-30.2391	22.0054	0.000185264	-0.000388059	2
-30.4165	23.0157	0.000167756	-0.000391256	2
-30.5847	24.0252	0.000148166	-0.000393157	2
-30.7436	25.0335	0.000126558	-0.000393795	2
-30.893	26.0405	0.000102997	-0.000393205	2
-31.0328	27.0459	7.7546e-05	-0.00039142	2
-31.1614	28.0379	5.05936e-05	-0.000388515	2
-31.2817	29.0394	2.15762e-05	-0.000384455	2
-31.3918	30.0386	-9.1391e-06	-0.000379301	2
-31.4918	31.0351	-4.14882e-05	-0.000373089	2
-31.5814	32.0289	-7.5407e-05	-0.000365851	2
-31.6605	33.0196	-0.000110831	-0.000357621	2
-31.7289	34.007	-0.000147697	-0.000348434	2
-31.7866	34.9909	-0.00018594	-0.000338323	2
-31.8332	35.9709	-0.000225497	-0.000327323	2
-31.8688	36.947	-0.000266303	-0.000315467	2
-31.8931	37.9187	-0.000308294	-0.000302789	2
-31.906	38.886	-0.000351405	-0.000289323	2
-31.9073	39.8484	-0.000395574	-0.000275103	2
-31.8969	40.8059	-0.000440736	-0.000260163	2
-31.8747	41.7582	-0.000486826	-0.000244537	2
-31.8405	42.7049	-0.000533781	-0.000228259	2
-31.7941	43.6459	-0.000581536	-0.000211363	2
-31.7354	44.581	-0.000630028	-0.000193883	2
-31.6643	45.5098	-0.000679192	-0.000175852	2
-31.5806	46.4322	-0.000728964	-0.000157305	2
-31.4841	47.3479	-0.000779281	-0.000138275	2
-31.3747	48.2566	-0.000830077	-0.000118797	2
-31.2523	49.1581	-0.000881289	-9.89042e-05	2
-31.1183	50.042	-0.000932259	-7.88659e-05	2
-30.9694	50.9285	-0.000984108	-5.82497e-05	2
-30.8071	51.8071	-0.00103618	-3.73204e-05	2
-30.6312	52.6776	-0.00108841	-1.61118e-05	2
-30.4414	53.5396	-0.00114074	5.34205e-06	2
-30.2377	54.393	-0.00119311	2.70072e-05	2
-30.0199	55.2375	-0.00124543	4.88498e-05	2
-29.7879	56.0729	-0.00129767	7.08359e-05	2
-29.5414	56.8989	-0.00134974	9.29314e-05	2
-29.2805	57.7153	-0.00140159	0.000115103	2
-29.0048	58.5219	-0.00145315	0.000137315	2
-28.7143	59.3183	-0.00150436	0.000159536	2
-28.4088	60.1044	-0.00155515	0.00018173	2
-28.0882	60.8799	-0.00160546	0.000203864	2
-27.7523	61.6446	-0.00165523	0.000225904	2
-27.4009	62.3982	-0.00170438	0.000247816	2
-27.034	63.1405	-0.00175287	0.000269567	2
-26.6513	63.8712	-0.00180061	0.000291121	2
-26.2528	64.5902	-0.00184756	0.000312445	2
-25.8382	65.2971	-0.00189364	0.000333505	2
-25.4074	65.9917	-0.00193879	0.000354268	2
-24.9603	66.6737	-0.00198294	0.000374699	2
-24.4967	67.343	-0.00202604	0.000394765	2
-24.0165	67.9993	-0.00206802	0.000414431	2
-23.5253	68.635	-0.00210835	0.000433445	2
-23.0116	69.2647	-0.00214791	0.000452216	2
-22.4808	69.8806	-0.00218615	0.000470486	2
-21.9328	70.4826	-0.00222302	0.00048822	2
-21.3674	71.0703	-0.00225844	0.000505386	2
-20.7844	71.6436	-0.00229236	0.00052195	2
-20.1838	72.2021	-0.00232471	0.000537876	2
-19.5654	72.7457	-0.00235542	0.000553132	2
-18.929	73.2741	-0.00238444	0.000567684	2
-18.2745	73.787	-0.00241169	0.000581497	2
-17.6017	74.2842	-0.00243712	0.000594537	2
-16.9105	74.7656	-0.00246066	0.000606771	2
-16.2007	75.2307	-0.00248225	0.000618165	2
-15.4722	75.6795	-0.00250181	0.000628684	2
-14.7248	76.1115	-0.0025193	0.000638296	2
-13.9584	76.5267	-0.00253463	0.000646965	2
-13.1728	76.9248	-0.00254776	0.000654658	2
-12.368	77.3054	-0.00255861	0.000661341	2
-11.5436	77.6684	-0.00256712	0.00066698	2
-10.6996	78.0136	-0.00257323	0.000671541	2
-9.83592	78.3406	-0.00257688	0.000674991	2
-8.95228	78.6493	-0.00257799	0.000677294	2
-8.04858	78.9394	-0.0025765	0.000678418	2
-7.1354	79.2076	-0.00257242	0.000678337	2
-6.19135	79.46	-0.00256559	0.000677014	2
-5.2268	79.693	-0.00255597	0.00067441	2
-4.24159	79.9065	-0.00254349	0.000670491	2

25.0007	2.01046	1.76278e-07	1.20698e-07	2
25.043	2.90932	1.47864e-05	9.8664e-06	2
25.0512	3.81742	2.847e-05	1.84673e-05	2
25.0254	4.72423	4.10653e-05	2.58297e-05	2
24.9673	5.61931	5.24603e-05	3.19168e-05	2
24.8765	6.52343	6.29342e-05	3.68968e-05	2
24.7542	7.42613	7.23628e-05	4.07191e-05	2
24.6013	8.32736	8.07606e-05	4.34107e-05	2
24.4187	9.22706	8.81419e-05	4.49987e-05	2
24.2072	10.1252	9.45211e-05	4.55099e-05	2
23.9677	11.0217	9.99127e-05	4.49716e-05	2
23.7009	11.9166	0.000104331	4.34106e-05	2
23.4079	12.8097	0.000107791	4.08541e-05	2
23.0894	13.7011	0.000110306	3.73289e-05	2
22.7462	14.5907	0.000111891	3.28623e-05	2
22.3793	15.4784	0.000112561	2.74811e-05	2
21.9895	16.3642	0.000112329	2.12124e-05	2
21.5776	17.2481	0.000111211	1.40832e-05	2
21.1444	18.13	0.00010922	6.12057e-06	2
20.6909	19.0098	0.000106372	-2.64851e-06	2
20.2179	19.8875	0.000102679	-1.2197e-05	2
19.7263	20.7631	9.81582e-05	-2.24979e-05	2
19.2168	21.6364	9.28223e-05	-3.35242e-05	2
18.6904	22.5076	8.66861e-05	-4.52488e-05	2
18.1478	23.3764	7.9764e-05	-5.76447e-05	2
17.59	24.243	7.20704e-05	-7.0685e-05	2
17.0245	25.0972	6.37212e-05	-8.41821e-05	2
16.4389	25.9589	5.45364e-05	-9.84233e-05	2
15.8406	26.8182	4.46232e-05	-0.000113228	2
15.2305	27.6749	3.3996e-05	-0.000128569	2
14.6094	28.529	2.26692e-05	-0.00014442	2
13.9781	29.3806	1.06573e-05	-0.000160753	2
13.3375	30.2294	-2.02543e-06	-0.000177542	2
12.6884	31.0755	-1.53645e-05	-0.000194759	2
12.0318	31.9189	-2.93454e-05	-0.000212378	2
11.3684	32.7595	-4.39539e-05	-0.000230371	2
10.6992	33.5971	-5.91755e-05	-0.000248711	2
10.0249	34.4319	-7.49958e-05	-0.000267372	2
9.3464	35.2637	-9.14003e-05	-0.000286326	2
8.66458	36.0925	-0.000108375	-0.000305547	2
7.98029	36.9183	-0.000125905	-0.000325006	2
7.29436	37.7409	-0.000143976	-0.000344679	2
6.60766	38.5604	-0.000162573	-0.000364536	2
5.92103	39.3767	-0.000181683	-0.000384551	2
5.23533	40.1898	-0.000201291	-0.000404698	2
4.55141	40.9995	-0.000221382	-0.000424949	2
3.87012	41.8059	-0.000241942	-0.000445277	2
3.19231	42.6089	-0.000262956	-0.000465655	2
2.51884	43.4085	-0.000284411	-0.000486057	2
1.8582	44.1955	-0.000306038	-0.00050622	2
1.19589	44.9881	-0.000328325	-0.000526587	2
0.540449	45.7771	-0.000351009	-0.000546896	2
-0.107253	46.5624	-0.000374077	-0.000567121	2
-0.74637	47.3441	-0.000397512	-0.000587234	2
-1.37605	48.1221	-0.000421301	-0.000607208	2
-1.99544	48.8963	-0.00044543	-0.000627017	2
-2.60369	49.6667	-0.000469883	-0.000646633	2
-3.19994	50.4332	-0.000494648	-0.000666029	2
-3.78334	51.1958	-0.000519708	-0.000685179	2
-4.35305	51.9544	-0.000545051	-0.000704054	2
-4.90821	52.709	-0.000570661	-0.000722629	2
-5.44797	53.4595	-0.000596523	-0.000740876	2
-5.97147	54.2059	-0.000622625	-0.000758768	2
-6.47786	54.9482	-0.00064895	-0.000776279	2
-6.9663	55.6863	-0.000675486	-0.00079338	2
-7.43592	56.4201	-0.000702216	-0.000810045	2
-7.88589	57.1495	-0.000729128	-0.000826248	2
-8.31533	57.8747	-0.000756206	-0.00084196	2
-8.72342	58.5954	-0.000783436	-0.000857156	2
-9.10928	59.3117	-0.000810804	-0.000871807	2
-9.47207	60.0235	-0.000838295	-0.000885888	2
-9.81094	60.7308	-0.000865895	-0.00089937	2
-10.125	61.4335	-0.00089359	-0.000912227	2
-10.4103	62.1235	-0.000921045	-0.000924296	2
-10.6726	62.8169	-0.000948884	-0.00093583	2
-10.9076	63.5056	-0.000976775	-0.000946658	2
-11.1144	64.1894	-0.0010047	-0.000956754	2
-11.2922	64.8685	-0.00103265	-0.000966089	2
-11.4401	65.5427	-0.00106061	-0.000974638	2
-11.5572	66.2119	-0.00108856	-0.000982372	2
-11.6428	66.8762	-0.0011165	-0.000989266	2
-11.696	67.5354	-0.00114439	-0.000995292	2
-11.7159	68.1896	-0.00117224	-0.00100042	2
-11.7016	68.8386	-0.00120002	-0.00100463	2
-11.6523	69.4825	-0.00122773	-0.00100789	2
-11.5672	70.1212	-0.00125534	-0.00101018	2
-11.4454	70.7546	-0.00128285	-0.00101146	2
-11.2861	71.3827	-0.00131023	-0.00101171	2
-11.0883	72.0054	-0.00133748	-0.0010109	2
-10.8513	72.6228	-0.00136457	-0.00100901	2
-10.5743	73.2346	-0.00139151	-0.00100601	2
-10.2562	73.841	-0.00141826	-0.00100187	2
-9.89635	74.4418	-0.00144482	-0.000996562	2
-9.49384	75.0371	-0.00147117	-0.000990065	2
-9.04781	75.6266	-0.0014973	-0.000982348	2
-8.55743	76.2105	-0.00152319	-0.000973385	2
-8.02824	76.782	-0.00154854	-0.000963274	2
-7.44711	77.3545	-0.00157392	-0.000951752	2
-6.81907	77.921	-0.00159902	-0.000938904	2
-6.14326	78.4817	-0.00162382	-0.000924702	2

74.9987	2.01128	-3.76997e-07	4.82858e-08	2
74.8714	2.97323	-3.22817e-05	3.86848e-06	2
74.7168	3.93039	-6.35347e-05	7.0683e-06	2
74.5366	4.87177	-9.37851e-05	9.60523e-06	2
74.3339	5.78709	-0.000122728	1.14672e-05	2
74.1044	6.69793	-0.000151063	1.27032e-05	2
73.8509	7.59384	-0.000178473	1.32935e-05	2
73.5738	8.4751	-0.000204986	1.32441e-05	2
73.2738	9.342	-0.000230626	1.25606e-05	2
72.9512	10.1948	-0.000255421	1.12489e-05	2
72.6066	11.0338	-0.000279396	9.31475e-06	2
72.2405	11.8594	-0.000302578	6.76389e-06	2
71.8535	12.6717	-0.000324993	3.60213e-06	2
71.4459	13.471	-0.000346667	-1.64757e-07	2
71.0185	14.2577	-0.000367626	-4.53097e-06	2
70.5715	15.0321	-0.000387897	-9.49075e-06	2
70.1056	15.7943	-0.000407505	-1.50383e-05	2
69.6213	16.5447	-0.000426477	-2.11678e-05	2
69.119	17.2837	-0.00044484	-2.78735e-05	2
68.5994	18.0114	-0.000462618	-3.51497e-05	2
68.0628	18.7281	-0.000479839	-4.29905e-05	2
67.5098	19.4342	-0.000496528	-5.13901e-05	2
66.9409	20.1299	-0.000512713	-6.03429e-05	2
66.3567	20.8156	-0.000528418	-6.98429e-05	2
65.7576	21.4914	-0.00054367	-7.98844e-05	2
65.1441	22.1577	-0.000558496	-9.04616e-05	2
64.524	22.8072	-0.000572758	-0.000101438	2
63.8835	23.4554	-0.000586813	-0.000113064	2
63.2301	24.095	-0.00060052	-0.000125207	2
62.5644	24.7261	-0.000613905	-0.000137864	2
61.8869	25.3492	-0.000626993	-0.000151027	2
61.198	25.9644	-0.000639812	-0.000164692	2
60.4984	26.5721	-0.000652388	-0.000178851	2
59.7884	27.1725	-0.000664746	-0.000193501	2
59.0687	27.766	-0.000676913	-0.000208634	2
58.3397	28.3528	-0.000688914	-0.000224245	2
57.6019	28.9332	-0.000700777	-0.000240328	2
56.8558	29.5075	-0.000712528	-0.000256877	2
56.1021	30.076	-0.000724192	-0.000273887	2
55.341	30.6389	-0.000735795	-0.000291352	2
54.5733	31.1966	-0.000747365	-0.000309267	2
53.7993	31.7493	-0.000758927	-0.000327624	2
53.0196	32.2973	-0.000770507	-0.000346419	2
52.2347	32.8409	-0.000782131	-0.000365645	2
51.4451	33.3804	-0.000793827	-0.000385298	2
50.6513	33.9161	-0.000805619	-0.00040537	2
49.8538	34.4482	-0.000817534	-0.000425857	2
49.0532	34.9771	-0.000829599	-0.000446753	2
48.2499	35.503	-0.000841839	-0.000468051	2
47.4538	36.0202	-0.000854136	-0.000489495	2
46.6467	36.541	-0.000866803	-0.000511577	2
45.8385	37.0597	-0.000879724	-0.000534044	2
45.0297	37.5765	-0.000892924	-0.000556891	2
44.2207	38.0918	-0.000906431	-0.000580113	2
43.4122	38.6058	-0.00092027	-0.000603702	2
42.6045	39.1188	-0.000934468	-0.000627654	2
41.7983	39.6311	-0.00094905	-0.000651962	2
40.9939	40.143	-0.000964043	-0.000676621	2
40.192	40.6548	-0.000979473	-0.000701625	2
39.3931	41.1667	-0.000995367	-0.000726969	2
38.5976	41.6791	-0.00101175	-0.000752646	2
37.806	42.1921	-0.00102865	-0.00077865	2
37.0189	42.7062	-0.00104609	-0.000804977	2
36.2368	43.2216	-0.0010641	-0.000831619	2
35.4601	43.7385	-0.0010827	-0.000858572	2
34.6895	44.2573	-0.00110192	-0.00088583	2
33.9253	44.7782	-0.00112179	-0.000913386	2
33.1681	45.3016	-0.00114234	-0.000941235	2
32.4185	45.8277	-0.00116358	-0.000969371	2
31.6769	46.3568	-0.00118554	-0.000997789	2
30.9438	46.8891	-0.00120826	-0.00102648	2
30.2198	47.4251	-0.00123176	-0.00105545	2
29.5054	47.9648	-0.00125606	-0.00108467	2
28.809	48.5025	-0.00128089	-0.00111382	2
28.115	49.0508	-0.00130687	-0.00114355	2
27.4322	49.6038	-0.00133373	-0.00117354	2
26.7609	50.1617	-0.00136149	-0.00120376	2
26.1017	50.725	-0.00139019	-0.00123422	2
25.4551	51.2938	-0.00141986	-0.0012649	2
24.8216	51.8684	-0.0014505	-0.00129582	2
24.2017	52.4492	-0.00148216	-0.00132695	2
23.596	53.0364	-0.00151486	-0.00135829	2
23.0049	53.6302	-0.00154863	-0.00138983	2
22.429	54.2311	-0.00158349	-0.00142158	2
21.8687	54.8392	-0.00161946	-0.00145353	2
21.3246	55.4549	-0.00165658	-0.00148566	2
20.7972	56.0784	-0.00169487	-0.00151797	2
20.2869	56.71	-0.00173435	-0.00155046	2
19.7944	57.3501	-0.00177506	-0.00158313	2
19.32	57.9988	-0.00181702	-0.00161596	2
18.8644	58.6565	-0.00186025	-0.00164895	2
18.428	59.3234	-0.00190478	-0.00168209	2
18.0113	59.9999	-0.00195064	-0.00171539	2
17.6149	60.6862	-0.00199786	-0.00174882	2
17.2392	61.3826	-0.00204645	-0.00178239	2
16.8848	62.0895	-0.00209645	-0.0018161	2
16.5558	62.7987	-0.00214728	-0.00184954	2
16.2451	63.527	-0.00220015	-0.00188348	2
15.9573	64.2666	-0.00225451	-0.00191754	2
15.6927	65.0177	-0.00231038	-0.00195171	2

124.999	2.01131	-1.33825e-07	-3.79845e-07	2
124.939	2.98109	-9.88548e-06	-3.1813e-05	2
124.863	3.95601	-1.62513e-05	-6.11584e-05	2
124.772	4.92486	-1.91516e-05	-8.80787e-05	2
124.668	5.87669	-1.86653e-05	-0.000112348	2
124.548	6.83374	-1.48346e-05	-0.000134572	2
124.414	7.78499	-7.69965e-06	-0.000154498	2
124.266	8.73055	2.68549e-06	-0.000172169	2
124.105	9.67051	1.62668e-05	-0.000187627	2
123.93	10.605	3.29904e-05	-0.000200913	2
123.742	11.534	5.28022e-05	-0.000212072	2
123.541	12.4577	7.56481e-05	-0.000221146	2
123.328	13.3762	0.000101474	-0.000228176	2
123.102	14.2895	0.000130227	-0.000233205	2
122.864	15.1979	0.000161851	-0.000236277	2
122.614	16.1012	0.000196294	-0.000237432	2
122.353	16.9998	0.000233501	-0.000236715	2
122.08	17.8936	0.000273418	-0.000234167	2
121.797	18.7827	0.000315991	-0.000229831	2
121.502	19.6672	0.000361166	-0.000223749	2
121.197	20.5473	0.00040889	-0.000215964	2
120.881	21.4231	0.000459107	-0.000206519	2
120.555	22.2945	0.000511765	-0.000195455	2
120.219	23.1618	0.000566809	-0.000182816	2
119.874	24.0249	0.000624185	-0.000168643	2
119.52	24.8841	0.000683839	-0.00015298	2
119.16	25.7296	0.000744994	-0.000136074	2
118.788	26.5811	0.000809018	-0.000117573	2
118.407	27.4289	0.000875158	-9.77079e-05	2
118.017	28.273	0.000943361	-7.6522e-05	2
117.62	29.1137	0.00101357	-5.40575e-05	2
117.215	29.9509	0.00108574	-3.03567e-05	2
116.802	30.7848	0.00115981	-5.46227e-06	2
116.381	31.6155	0.00123572	2.05833e-05	2
115.954	32.443	0.00131343	4.77376e-05	2
115.52	33.2674	0.00139287	7.59581e-05	2
115.079	34.0889	0.001474	0.000105202	2
114.632	34.9076	0.00155676	0.000135428	2
114.179	35.7234	0.0016411	0.000166592	2
113.72	36.5366	0.00172696	0.000198652	2
113.255	37.3472	0.00181429	0.000231566	2
112.785	38.1554	0.00190303	0.000265291	2
112.31	38.9611	0.00199314	0.000299785	2
111.83	39.7646	0.00208455	0.000335006	2
111.346	40.5659	0.00217721	0.00037091	2
110.857	41.365	0.00227107	0.000407455	2
110.364	42.1622	0.00236608	0.000444599	2
109.867	42.9574	0.00246218	0.000482299	2
109.367	43.7508	0.00255931	0.000520513	2
108.869	44.5334	0.0026563	0.000558751	2
108.363	45.3234	0.00275533	0.00059786	2
107.853	46.112	0.00285524	0.000637356	2
107.341	46.8991	0.00295597	0.000677196	2
106.827	47.6848	0.00305747	0.000717338	2
106.31	48.4693	0.00315968	0.000757739	2
105.792	49.2526	0.00326255	0.000798357	2
105.272	50.0349	0.00336603	0.000839149	2
104.751	50.8162	0.00347006	0.000880073	2
104.229	51.5966	0.00357458	0.000921087	2
103.706	52.3762	0.00367955	0.000962147	2
103.183	53.1551	0.00378491	0.00100321	2
102.659	53.9335	0.0038906	0.00104424	2
102.135	54.7113	0.00399657	0.00108518	2
101.611	55.4888	0.00410277	0.00112601	2
101.088	56.2659	0.00420915	0.00116666	2
100.566	57.0429	0.00431564	0.00120711	2
100.044	57.8197	0.0044222	0.00124731	2
99.5235	58.5965	0.00452876	0.00128721	2
99.0046	59.3733	0.00463529	0.00132678	2
98.4873	60.1503	0.00474172	0.00136597	2
97.972	60.9276	0.004848	0.00140474	2
97.4589	61.7052	0.00495407	0.00144305	2
96.9483	62.4833	0.00505989	0.00148085	2
96.4462	63.253	0.00516418	0.00151768	2
95.9412	64.0322	0.00526932	0.00155435	2
95.4394	64.8122	0.00537404	0.00159038	2
94.9411	65.593	0.00547828	0.00162575	2
94.4464	66.3747	0.005582	0.00166039	2
93.9558	67.1575	0.00568513	0.00169427	2
93.4693	67.9413	0.00578763	0.00172735	2
92.9873	68.7264	0.00588944	0.00175959	2
92.5101	69.5127	0.0059905	0.00179094	2
92.0378	70.3005	0.00609077	0.00182136	2
91.5707	71.0897	0.00619018	0.0018508	2
91.1091	71.8805	0.00628869	0.00187923	2
90.6532	72.673	0.00638623	0.00190661	2
90.2033	73.4673	0.00648276	0.00193288	2
89.7596	74.2634	0.00657823	0.00195801	2
89.3224	75.0615	0.00667257	0.00198195	2
88.8919	75.8617	0.00676573	0.00200467	2
88.4683	76.664	0.00685767	0.00202612	2
88.0521	77.4685	0.00694832	0.00204625	2
87.6433	78.2754	0.00703763	0.00206503	2
87.2422	79.0847	0.00712555	0.00208241	2
86.8491	79.8965	0.00721202	0.00209836	2
86.4642	80.711	0.00729699	0.00211282	2
86.0922	81.5188	0.00737946	0.00212561	2
85.7244	82.3387	0.00746129	0.002137	2
85.3657	83.1616	0.00754146	0.00214677	2
85.0162	83.9875	0.00761991	0.00215489	2

