-125.004	2.01249	4.10586e-07	2.13381e-07	2
-125.383	3.08476	3.57779e-05	1.81161e-05	2
-125.75	4.16658	7.1672e-05	3.53311e-05	2
-126.1	5.24549	0.000107684	5.16531e-05	2
-126.429	6.30917	0.000143399	6.69177e-05	2
-126.747	7.38238	0.000179651	8.14879e-05	2
-127.049	8.45277	0.000216025	9.51893e-05	2
-127.334	9.52037	0.000252523	0.00010803	2
-127.605	10.5852	0.000289148	0.000120018	2
-127.859	11.6473	0.000325901	0.000131161	2
-128.099	12.7067	0.000362783	0.000141469	2
-128.323	13.7634	0.000399796	0.000150947	2
-128.533	14.8174	0.000436942	0.000159606	2
-128.728	15.8688	0.000474222	0.000167452	2
-128.908	16.9177	0.000511638	0.000174494	2
-129.074	17.9639	0.000549192	0.00018074	2
-129.226	19.0076	0.000586886	0.000186199	2
-129.364	20.0488	0.000624721	0.000190877	2
-129.488	21.0876	0.000662698	0.000194784	2
-129.598	22.1239	0.00070082	0.000197928	2
-129.695	23.1577	0.000739087	0.000200316	2
-129.779	24.1892	0.000777503	0.000201956	2
-129.85	25.2183	0.000816068	0.000202857	2
-129.907	26.245	0.000854784	0.000203027	2
-129.952	27.2695	0.000893652	0.000202474	2
-129.985	28.2916	0.000932675	0.000201206	2
-130.005	29.2998	0.000971403	0.000199258	2
-130.013	30.3175	0.00101074	0.000196592	2
-130.009	31.3331	0.00105023	0.000193235	2
-129.994	32.3464	0.00108989	0.000189196	2
-129.967	33.3576	0.0011297	0.000184482	2
-129.928	34.3667	0.00116969	0.000179101	2
-129.878	35.3738	0.00120983	0.000173062	2
-129.817	36.3787	0.00125015	0.000166373	2
-129.745	37.3817	0.00129063	0.000159042	2
-129.663	38.3826	0.00133129	0.000151076	2
-129.57	39.3816	0.00137212	0.000142484	2
-129.466	40.3786	0.00141312	0.000133275	2
-129.353	41.3738	0.0014543	0.000123455	2
-129.229	42.367	0.00149565	0.000113034	2
-129.096	43.3584	0.00153719	0.000102019	2
-128.953	44.348	0.00157891	9.04187e-05	2
-128.801	45.3358	0.0016208	7.82408e-05	2
-128.639	46.3218	0.00166289	6.54935e-05	2
-128.468	47.3061	0.00170516	5.2185e-05	2
-128.289	48.2887	0.00174761	3.83232e-05	2
-128.1	49.2695	0.00179026	2.39164e-05	2
-127.904	50.2488	0.00183309	8.97263e-06	2
-127.699	51.2264	0.00187612	-6.50005e-06	2
-127.488	52.1912	0.00191885	-2.23068e-05	2
-127.267	53.1657	0.00196226	-3.88071e-05	2
-127.038	54.1386	0.00200588	-5.58121e-05	2
-126.801	55.11	0.00204969	-7.33137e-05	2
-126.557	56.0799	0.0020937	-9.13038e-05	2
-126.306	57.0484	0.00213792	-0.000109774	2
-126.048	58.0155	0.00218234	-0.000128717	2
-125.783	58.9811	0.00222696	-0.000148124	2
-125.511	59.9454	0.0022718	-0.000167987	2
-125.232	60.9084	0.00231684	-0.000188299	2
-124.948	61.87	0.00236209	-0.00020905	2
-124.657	62.8304	0.00240756	-0.000230233	2
-124.36	63.7895	0.00245323	-0.000251839	2
-124.057	64.7474	0.00249913	-0.000273862	2
-123.749	65.7041	0.00254524	-0.000296291	2
-123.435	66.6596	0.00259157	-0.000319121	2
-123.117	67.614	0.00263812	-0.000342341	2
-122.793	68.5673	0.0026849	-0.000365945	2
-122.464	69.5195	0.0027319	-0.000389924	2
-122.13	70.4706	0.00277912	-0.00041427	2
-121.792	71.4207	0.00282657	-0.000438976	2
-121.45	72.3699	0.00287425	-0.000464031	2
-121.103	73.318	0.00292216	-0.00048943	2
-120.753	74.2652	0.00297031	-0.000515164	2
-120.403	75.2007	0.00301812	-0.000540922	2
-120.045	76.1461	0.00306673	-0.000567297	2
-119.684	77.0907	0.00311558	-0.000593982	2
-119.319	78.0344	0.00316467	-0.00062097	2
-118.952	78.9774	0.00321399	-0.000648252	2
-118.581	79.9196	0.00326356	-0.00067582	2
-118.208	80.8611	0.00331337	-0.000703667	2
-117.833	81.8018	0.00336343	-0.000731783	2
-117.455	82.7419	0.00341374	-0.000760161	2
-117.075	83.6813	0.00346429	-0.000788793	2
-116.693	84.6201	0.0035151	-0.000817671	2
-116.309	85.5583	0.00356615	-0.000846786	2
-115.923	86.4959	0.00361746	-0.000876131	2
-115.536	87.433	0.00366903	-0.000905697	2
-115.148	88.3695	0.00372085	-0.000935477	2
-114.759	89.3056	0.00377293	-0.000965462	2
-114.369	90.2413	0.00382528	-0.000995644	2
-113.979	91.1765	0.00387788	-0.00102601	2
-113.587	92.1113	0.00393075	-0.00105657	2
-113.196	93.0458	0.00398388	-0.00108729	2
-112.804	93.9799	0.00403728	-0.00111818	2
-112.413	94.9137	0.00409095	-0.00114923	2
-112.021	95.8472	0.00414489	-0.00118042	2
-111.635	96.7698	0.00419848	-0.0012114	2
-111.244	97.7028	0.00425296	-0.00124286	2
-110.855	98.6357	0.00430772	-0.00127445	2
-110.466	99.5683	0.00436276	-0.00130616	2

-75.0025	2.0135	-3.23855e-07	-7.0623e-08	2
-75.1977	3.16252	-2.85478e-05	-5.40299e-06	2
-75.3626	4.3017	-5.78367e-05	-9.32133e-06	2
-75.4952	5.41785	-8.78483e-05	-1.17777e-05	2
-75.5948	6.49883	-0.000118207	-1.27911e-05	2
-75.6643	7.57006	-0.000149601	-1.24076e-05	2
-75.7028	8.61915	-0.000181663	-1.06297e-05	2
-75.7107	9.64641	-0.000214374	-7.48023e-06	2
-75.6886	10.6521	-0.000247716	-2.98173e-06	2
-75.6369	11.6366	-0.00028167	2.84311e-06	2
-75.556	12.6001	-0.000316218	9.97165e-06	2
-75.4464	13.543	-0.000351341	1.83812e-05	2
-75.3086	14.4655	-0.000387022	2.80492e-05	2
-75.1431	15.368	-0.000423242	3.8953e-05	2
-74.9502	16.2507	-0.000459981	5.10698e-05	2
-74.7305	17.114	-0.000497223	6.43771e-05	2
-74.4845	17.9582	-0.000534948	7.88522e-05	2
-74.2125	18.7835	-0.000573138	9.44724e-05	2
-73.9151	19.5902	-0.000611774	0.000111215	2
-73.5926	20.3787	-0.000650839	0.000129058	2
-73.2457	21.1492	-0.000690313	0.000147977	2
-72.8747	21.9021	-0.000730179	0.000167952	2
-72.4801	22.6377	-0.000770418	0.000188958	2
-72.0624	23.3561	-0.000811011	0.000210973	2
-71.6219	24.0578	-0.00085194	0.000233975	2
-71.1593	24.7431	-0.000893186	0.000257941	2
-70.6806	25.4046	-0.000934253	0.000282557	2
-70.1752	26.058	-0.000976076	0.000308373	2
-69.6489	26.6959	-0.00101816	0.000335084	2
-69.1023	27.3185	-0.00106049	0.00036267	2
-68.5358	27.9261	-0.00110305	0.000391106	2
-67.9498	28.5191	-0.00114581	0.000420371	2
-67.3448	29.0977	-0.00118876	0.000450441	2
-66.7213	29.6623	-0.00123189	0.000481294	2
-66.0798	30.213	-0.00127516	0.000512908	2
-65.4207	30.7503	-0.00131857	0.000545259	2
-64.7444	31.2745	-0.00136209	0.000578325	2
-64.0515	31.7857	-0.00140571	0.000612084	2
-63.3424	32.2844	-0.00144941	0.000646512	2
-62.6175	32.7709	-0.00149317	0.000681588	2
-61.8773	33.2453	-0.00153697	0.000717288	2
-61.1224	33.7081	-0.00158079	0.000753589	2
-60.353	34.1595	-0.00162461	0.00079047	2
-59.5698	34.5998	-0.00166843	0.000827908	2
-58.7732	35.0294	-0.00171221	0.000865879	2
-57.9635	35.4484	-0.00175594	0.000904361	2
-57.1414	35.8573	-0.0017996	0.000943332	2
-56.3072	36.2563	-0.00184317	0.000982769	2
-55.4615	36.6458	-0.00188664	0.00102265	2
-54.6145	37.0216	-0.00192949	0.00106248	2
-53.7471	37.3929	-0.00197269	0.00110318	2
-52.8695	37.7555	-0.00201573	0.00114425	2
-51.9821	38.1097	-0.00205859	0.00118567	2
-51.0855	38.4558	-0.00210126	0.00122742	2
-50.1801	38.7941	-0.0021437	0.00126948	2
-49.2663	39.125	-0.00218592	0.00131183	2
-48.3446	39.4486	-0.00222788	0.00135444	2
-47.4155	39.7654	-0.00226957	0.00139728	2
-46.4794	40.0756	-0.00231096	0.00144035	2
-45.5369	40.3794	-0.00235205	0.00148361	2
-44.5883	40.6773	-0.00239282	0.00152704	2
-43.6341	40.9695	-0.00243323	0.00157062	2
-42.6748	41.2563	-0.00247329	0.00161432	2
-41.7109	41.538	-0.00251296	0.00165813	2
-40.7428	41.8149	-0.00255223	0.00170202	2
-39.7709	42.0873	-0.00259108	0.00174597	2
-38.7958	42.3555	-0.0026295	0.00178996	2
-37.8179	42.6198	-0.00266746	0.00183395	2
-36.8377	42.8805	-0.00270494	0.00187794	2
-35.8556	43.138	-0.00274194	0.0019219	2
-34.872	43.3924	-0.00277842	0.0019658	2
-33.8875	43.6441	-0.00281437	0.00200962	2
-32.9026	43.8934	-0.00284977	0.00205335	2
-31.9289	44.1377	-0.00288421	0.00209645	2
-30.9443	44.3832	-0.00291847	0.00213991	2
-29.9607	44.6271	-0.00295213	0.0021832	2
-28.9784	44.8697	-0.00298517	0.0022263	2
-27.9979	45.1115	-0.00301756	0.00226918	2
-27.0196	45.3527	-0.0030493	0.00231183	2
-26.0442	45.5936	-0.00308036	0.00235422	2
-25.0719	45.8344	-0.00311073	0.00239633	2
-24.1033	46.0755	-0.00314038	0.00243814	2
-23.1389	46.3173	-0.0031693	0.00247962	2
-22.179	46.5599	-0.00319747	0.00252075	2
-21.2242	46.8036	-0.00322487	0.00256151	2
-20.2749	47.0489	-0.00325148	0.00260188	2
-19.3316	47.296	-0.00327729	0.00264183	2
-18.3947	47.5451	-0.00330227	0.00268134	2
-17.4648	47.7966	-0.00332642	0.00272038	2
-16.5422	48.0508	-0.0033497	0.00275895	2
-15.6274	48.3079	-0.0033721	0.002797	2
-14.721	48.5684	-0.0033936	0.00283452	2
-13.8233	48.8324	-0.00341419	0.0028715	2
-12.9348	49.1003	-0.00343384	0.00290789	2
-12.056	49.3724	-0.00345254	0.00294369	2
-11.1873	49.6489	-0.00347027	0.00297887	2
-10.3391	49.927	-0.00348682	0.00301301	2
-9.49197	50.2133	-0.00350256	0.00304688	2
-8.65638	50.505	-0.00351728	0.00308007	2
-7.83278	50.8024	-0.00353095	0.00311254	2

-25.0077	2.01323	3.52615e-07	-1.2997e-08	2
-25.6509	3.14653	2.928e-05	-5.95652e-07	2
-26.2709	4.28351	5.57667e-05	-1.22302e-07	2
-26.8601	5.41096	7.95123e-05	1.3995e-06	2
-27.4127	6.51607	0.000100342	3.91415e-06	2
-27.9418	7.62455	0.00011879	7.45976e-06	2
-28.4411	8.72349	0.000134653	1.19924e-05	2
-28.911	9.81291	0.000147982	1.74916e-05	2
-29.3516	10.8928	0.000158828	2.39367e-05	2
-29.7635	11.9632	0.000167244	3.13072e-05	2
-30.1468	13.024	0.000173282	3.95826e-05	2
-30.5018	14.0754	0.000176994	4.87423e-05	2
-30.8289	15.1172	0.000178431	5.87658e-05	2
-31.1284	16.1495	0.000177645	6.96325e-05	2
-31.4005	17.1723	0.000174689	8.13218e-05	2
-31.6457	18.1856	0.000169614	9.38133e-05	2
-31.8641	19.1893	0.000162472	0.000107086	2
-32.0561	20.1836	0.000153316	0.00012112	2
-32.2221	21.1684	0.000142196	0.000135895	2
-32.3622	22.1437	0.000129166	0.00015139	2
-32.4769	23.1095	0.000114276	0.000167583	2
-32.5664	24.0658	9.75797e-05	0.000184456	2
-32.6311	25.0127	7.91279e-05	0.000201987	2
-32.6712	25.95	5.89728e-05	0.000220156	2
-32.687	26.8779	3.71664e-05	0.000238942	2
-32.6789	27.7963	1.37606e-05	0.000258325	2
-32.6477	28.6948	-1.08973e-05	0.000278051	2
-32.5929	29.5944	-3.73292e-05	0.000298559	2
-32.5151	30.4845	-6.52053e-05	0.000319602	2
-32.4146	31.3651	-9.44738e-05	0.00034116	2
-32.2917	32.2363	-0.000125083	0.000363212	2
-32.1467	33.098	-0.00015698	0.000385738	2
-31.9799	33.9502	-0.000190114	0.000408717	2
-31.7916	34.793	-0.000224432	0.000432128	2
-31.5821	35.6264	-0.000259883	0.000455951	2
-31.3518	36.4503	-0.000296414	0.000480166	2
-31.1009	37.2647	-0.000333975	0.000504752	2
-30.8297	38.0697	-0.000372512	0.000529687	2
-30.5386	38.8653	-0.000411974	0.000554953	2
-30.2279	39.6515	-0.00045231	0.000580528	2
-29.8978	40.4282	-0.000493466	0.000606392	2
-29.5487	41.1955	-0.000535391	0.000632523	2
-29.1809	41.9533	-0.000578034	0.000658903	2
-28.7947	42.7018	-0.000621342	0.000685509	2
-28.3904	43.4408	-0.000665263	0.000712322	2
-27.9682	44.1704	-0.000709746	0.00073932	2
-27.5286	44.8905	-0.000754738	0.000766485	2
-27.0718	45.6013	-0.000800188	0.000793794	2
-26.5982	46.3027	-0.000846043	0.000821227	2
-26.1137	46.9867	-0.000891719	0.000848447	2
-25.6074	47.6694	-0.000938227	0.000876066	2
-25.0851	48.3427	-0.000984985	0.000903749	2
-24.5472	49.0065	-0.00103194	0.000931474	2
-23.994	49.661	-0.00107904	0.00095922	2
-23.4257	50.3061	-0.00112624	0.000986968	2
-22.8427	50.9418	-0.00117348	0.0010147	2
-22.2453	51.5681	-0.00122071	0.00104238	2
-21.6337	52.185	-0.00126789	0.00107001	2
-21.0084	52.7925	-0.00131494	0.00109756	2
-20.3696	53.3907	-0.00136183	0.00112501	2
-19.7175	53.9795	-0.00140851	0.00115233	2
-19.0526	54.5589	-0.00145492	0.00117951	2
-18.3752	55.129	-0.001501	0.00120653	2
-17.6854	55.6897	-0.00154672	0.00123336	2
-16.9837	56.241	-0.001592	0.00125999	2
-16.2704	56.783	-0.00163682	0.0012864	2
-15.5457	57.3156	-0.0016811	0.00131256	2
-14.8099	57.8388	-0.0017248	0.00133845	2
-14.0635	58.3528	-0.00176787	0.00136406	2
-13.3066	58.8573	-0.00181026	0.00138936	2
-12.5396	59.3525	-0.00185191	0.00141434	2
-11.7628	59.8384	-0.00189277	0.00143896	2
-10.9765	60.315	-0.00193279	0.00146322	2
-10.1902	60.7769	-0.00197148	0.00148681	2
-9.3859	61.2348	-0.00200967	0.00151028	2
-8.57303	61.6835	-0.00204688	0.00153331	2
-7.75189	62.1228	-0.00208303	0.00155589	2
-6.92279	62.5528	-0.00211809	0.001578	2
-6.08603	62.9735	-0.00215199	0.00159962	2
-5.24191	63.3849	-0.00218469	0.00162073	2
-4.39075	63.7869	-0.00221614	0.0016413	2
-3.53286	64.1797	-0.00224628	0.00166133	2
-2.66853	64.5631	-0.00227506	0.00168077	2
-1.79808	64.9372	-0.00230243	0.00169963	2
-0.921817	65.3021	-0.00232834	0.00171786	2
-0.0400461	65.6576	-0.00235273	0.00173547	2
0.846925	66.0038	-0.00237556	0.00175241	2
1.73879	66.3407	-0.00239677	0.00176868	2
2.63524	66.6684	-0.0024163	0.00178426	2
3.53597	66.9867	-0.00243412	0.00179911	2
4.44066	67.2958	-0.00245016	0.00181323	2
5.34903	67.5956	-0.00246438	0.00182659	2
6.26074	67.8861	-0.00247671	0.00183917	2
7.17551	68.1673	-0.00248712	0.00185095	2
8.09302	68.4393	-0.00249555	0.00186191	2
9.01296	68.702	-0.00250194	0.00187202	2
9.92442	68.9525	-0.00250621	0.00188118	2
10.8483	69.1968	-0.0025084	0.00188956	2
11.7737	69.4318	-0.0025084	0.00189705	2
12.7003	69.6575	-0.00250617	0.00190361	2

24.9978	2.01011	4.14327e-07	6.29734e-08	2
24.8022	2.88137	3.45222e-05	5.07956e-06	2
24.5865	3.76694	6.59929e-05	9.36609e-06	2
24.3533	4.65652	9.44606e-05	1.28815e-05	2
24.1063	5.53965	0.000119697	1.562e-05	2
23.8403	6.43668	0.000142338	1.76669e-05	2
23.5587	7.33719	0.000162122	1.90081e-05	2
23.262	8.241	0.000179097	1.96654e-05	2
22.9509	9.14794	0.000193311	1.96607e-05	2
22.6259	10.0578	0.000204814	1.90159e-05	2
22.2877	10.9705	0.000213654	1.77528e-05	2
21.9369	11.8857	0.00021988	1.58934e-05	2
21.5739	12.8033	0.00022354	1.34595e-05	2
21.1995	13.7232	0.000224684	1.0473e-05	2
20.8143	14.6451	0.000223359	6.95577e-06	2
20.4187	15.5689	0.000219615	2.9297e-06	2
20.0135	16.4944	0.000213499	-1.58334e-06	2
19.5992	17.4214	0.000205062	-6.56146e-06	2
19.1763	18.3498	0.000194351	-1.19828e-05	2
18.7456	19.2793	0.000181415	-1.78254e-05	2
18.3076	20.2098	0.000166302	-2.40675e-05	2
17.8628	21.1411	0.000149062	-3.06872e-05	2
17.4119	22.073	0.000129743	-3.76625e-05	2
16.9555	23.0054	0.000108394	-4.49716e-05	2
16.4942	23.938	8.50628e-05	-5.25927e-05	2
16.0285	24.8707	5.97987e-05	-6.05038e-05	2
15.5645	25.7926	3.29729e-05	-6.85876e-05	2
15.0919	26.725	4.00968e-06	-7.70105e-05	2
14.6168	27.6569	-2.67412e-05	-8.5658e-05	2
14.1398	28.5882	-5.92309e-05	-9.45082e-05	2
13.6613	29.5187	-9.3411e-05	-0.000103539	2
13.1821	30.4482	-0.000129233	-0.00011273	2
12.7027	31.3766	-0.000166647	-0.000122057	2
12.2237	32.3036	-0.000205606	-0.000131499	2
11.7456	33.2291	-0.000246061	-0.000141035	2
11.2692	34.1529	-0.000287962	-0.000150643	2
10.795	35.0749	-0.000331262	-0.0001603	2
10.3236	35.9948	-0.000375912	-0.000169985	2
9.85552	36.9124	-0.000421863	-0.000179675	2
9.39143	37.8277	-0.000469066	-0.00018935	2
8.93191	38.7403	-0.000517472	-0.000198987	2
8.47755	39.6502	-0.000567034	-0.000208564	2
8.02894	40.5572	-0.000617702	-0.000218059	2
7.58668	41.461	-0.000669428	-0.000227451	2
7.15137	42.3615	-0.000722163	-0.000236717	2
6.7236	43.2586	-0.000775858	-0.000245836	2
6.30395	44.152	-0.000830465	-0.000254786	2
5.89303	45.0416	-0.000885936	-0.000263544	2
5.49143	45.9271	-0.00094222	-0.00027209	2
5.10419	46.7983	-0.000998611	-0.000280307	2
4.72289	47.6754	-0.00105637	-0.000288364	2
4.35268	48.5479	-0.0011148	-0.000296143	2
3.99417	49.4156	-0.00117385	-0.000303622	2
3.64794	50.2785	-0.00123347	-0.000310779	2
3.31458	51.1362	-0.00129361	-0.000317591	2
2.9947	51.9887	-0.00135423	-0.000324038	2
2.68888	52.8358	-0.00141527	-0.000330097	2
2.39773	53.6772	-0.0014767	-0.000335747	2
2.12183	54.5129	-0.00153845	-0.000340965	2
1.86178	55.3426	-0.00160047	-0.00034573	2
1.61817	56.1661	-0.00166273	-0.000350019	2
1.3916	56.9833	-0.00172518	-0.000353811	2
1.18265	57.7939	-0.00178775	-0.000357084	2
0.991939	58.5979	-0.00185042	-0.000359817	2
0.820043	59.395	-0.00191311	-0.000361986	2
0.667561	60.1851	-0.0019758	-0.000363571	2
0.535087	60.968	-0.00203843	-0.00036455	2
0.423214	61.7434	-0.00210094	-0.0003649	2
0.332539	62.5113	-0.0021633	-0.000364599	2
0.263653	63.2714	-0.00222545	-0.000363627	2
0.217152	64.0235	-0.00228735	-0.00036196	2
0.193629	64.7675	-0.00234894	-0.000359578	2
0.19368	65.5033	-0.00241018	-0.000356457	2
0.21748	66.2222	-0.00247032	-0.000352626	2
0.26617	66.941	-0.00253071	-0.000347974	2
0.340209	67.6508	-0.0025906	-0.000342518	2
0.440191	68.3517	-0.00264995	-0.000336238	2
0.56671	69.0434	-0.0027087	-0.00032911	2
0.72036	69.7257	-0.00276681	-0.000321113	2
0.901734	70.3985	-0.00282422	-0.000312226	2
1.11143	71.0616	-0.0028809	-0.000302426	2
1.35004	71.7147	-0.00293678	-0.000291692	2
1.61815	72.3578	-0.00299183	-0.000280001	2
1.91637	72.9906	-0.00304598	-0.000267332	2
2.24528	73.613	-0.0030992	-0.000253663	2
2.60548	74.2248	-0.00315144	-0.000238972	2
2.99757	74.8258	-0.00320264	-0.000223237	2
3.42214	75.4158	-0.00325276	-0.000206436	2
3.87978	75.9946	-0.00330175	-0.000188548	2
4.37108	76.5621	-0.00334956	-0.00016955	2
4.89665	77.1182	-0.00339615	-0.000149421	2
5.45707	77.6625	-0.00344145	-0.000128138	2
6.05294	78.195	-0.00348543	-0.00010568	2
6.68485	78.7154	-0.00352804	-8.20255e-05	2
7.3534	79.2236	-0.00356922	-5.71517e-05	2
8.05919	79.7194	-0.00360894	-3.10372e-05	2
8.79403	80.1971	-0.0036467	-3.98194e-06	2
9.57562	80.6678	-0.00368334	2.46649e-05	2
10.3962	81.1254	-0.00371837	5.4618e-05	2
11.2564	81.57	-0.00375173	8.58992e-05	2

74.9992	2.01207	1.66096e-09	-7.8068e-08	2
74.9199	3.04199	3.54961e-07	-6.93807e-06	2
74.8104	4.0685	1.11984e-06	-1.41649e-05	2
74.672	5.07981	2.27068e-06	-2.16701e-05	2
74.5076	6.06483	3.76415e-06	-2.93523e-05	2
74.314	7.04676	5.61124e-06	-3.73798e-05	2
74.0935	8.01433	7.77267e-06	-4.56544e-05	2
73.8468	8.96784	1.02245e-05	-5.41656e-05	2
73.5747	9.90756	1.29426e-05	-6.29029e-05	2
73.2777	10.8338	1.59033e-05	-7.18558e-05	2
72.9565	11.7468	1.90823e-05	-8.1014e-05	2
72.6119	12.6468	2.24559e-05	-9.0367e-05	2
72.2443	13.5342	2.6e-05	-9.99042e-05	2
71.8545	14.4093	2.96907e-05	-0.000109615	2
71.4432	15.2722	3.35039e-05	-0.00011949	2
71.011	16.1234	3.74158e-05	-0.000129517	2
70.5586	16.963	4.14024e-05	-0.000139687	2
70.0867	17.7914	4.54397e-05	-0.000149988	2
69.5958	18.6088	4.95036e-05	-0.000160412	2
69.0867	19.4156	5.35704e-05	-0.000170946	2
68.56	20.2119	5.76159e-05	-0.000181581	2
68.0164	20.9982	6.16163e-05	-0.000192306	2
67.4565	21.7746	6.55475e-05	-0.00020311	2
66.881	22.5415	6.93857e-05	-0.000213984	2
66.2906	23.2992	7.31067e-05	-0.000224917	2
65.6859	24.0479	7.66867e-05	-0.000235898	2
65.0747	24.7794	8.00635e-05	-0.00024679	2
64.4436	25.5111	8.32919e-05	-0.000257835	2
63.8001	26.2346	8.63076e-05	-0.000268898	2
63.145	26.9503	8.90866e-05	-0.000279968	2
62.479	27.6585	9.16051e-05	-0.000291033	2
61.8026	28.3593	9.3839e-05	-0.000302084	2
61.1165	29.0532	9.57644e-05	-0.00031311	2
60.4214	29.7404	9.73573e-05	-0.000324101	2
59.718	30.4211	9.85937e-05	-0.000335047	2
59.0069	31.0957	9.94497e-05	-0.000345936	2
58.2887	31.7644	9.99013e-05	-0.000356758	2
57.5642	32.4276	9.99245e-05	-0.000367503	2
56.834	33.0854	9.94954e-05	-0.000378161	2
56.0988	33.7383	9.859e-05	-0.00038872	2
55.3591	34.3864	9.71844e-05	-0.000399171	2
54.6158	35.0301	9.52545e-05	-0.000409503	2
53.8693	35.6696	9.27764e-05	-0.000419706	2
53.1205	36.3052	8.97262e-05	-0.000429769	2
52.3699	36.9372	8.60798e-05	-0.000439681	2
51.6183	37.5659	8.18134e-05	-0.000449432	2
50.8662	38.1916	7.69028e-05	-0.000459012	2
50.1143	38.8146	7.13243e-05	-0.000468411	2
49.3634	39.4351	6.50537e-05	-0.000477617	2
48.6226	40.0463	5.81517e-05	-0.000486518	2
47.8754	40.6627	5.04339e-05	-0.000495311	2
47.1311	41.2775	4.19524e-05	-0.000503881	2
46.3903	41.891	3.26834e-05	-0.000512216	2
45.6537	42.5034	2.26029e-05	-0.000520307	2
44.9219	43.115	1.16868e-05	-0.000528143	2
44.1957	43.7262	-8.87807e-08	-0.000535714	2
43.4756	44.3372	-1.27478e-05	-0.000543009	2
42.7623	44.9482	-2.63143e-05	-0.000550018	2
42.0566	45.5596	-4.08121e-05	-0.00055673	2
41.359	46.1717	-5.62653e-05	-0.000563135	2
40.6702	46.7847	-7.26978e-05	-0.000569222	2
39.9909	47.3989	-9.01336e-05	-0.000574981	2
39.3217	48.0146	-0.000108597	-0.000580402	2
38.6633	48.6321	-0.000128111	-0.000585474	2
38.0164	49.2517	-0.0001487	-0.000590186	2
37.3815	49.8736	-0.000170389	-0.000594528	2
36.7595	50.4981	-0.000193201	-0.00059849	2
36.1509	51.1255	-0.00021716	-0.000602061	2
35.5564	51.7562	-0.000242289	-0.00060523	2
34.9766	52.3903	-0.000268614	-0.000607988	2
34.4122	53.0281	-0.000296158	-0.000610323	2
33.864	53.6701	-0.000324945	-0.000612226	2
33.3324	54.3163	-0.000354999	-0.000613686	2
32.8241	54.9597	-0.000385976	-0.000614683	2
32.3278	55.6154	-0.00041862	-0.00061523	2
31.8502	56.2763	-0.000452603	-0.000615303	2
31.392	56.9426	-0.000487948	-0.000614891	2
30.9538	57.6147	-0.00052468	-0.000613983	2
30.5362	58.2928	-0.000562822	-0.00061257	2
30.1401	58.9772	-0.000602399	-0.00061064	2
29.7659	59.6682	-0.000643434	-0.000608184	2
29.4145	60.3661	-0.000685951	-0.000605191	2
29.0863	61.0711	-0.000729975	-0.000601649	2
28.7821	61.7836	-0.000775529	-0.00059755	2
28.5026	62.5038	-0.000822637	-0.000592882	2
28.2484	63.232	-0.000871323	-0.000587635	2
28.0202	63.9685	-0.000921612	-0.000581798	2
27.8186	64.7135	-0.000973527	-0.000575362	2
27.6443	65.4675	-0.00102709	-0.000568315	2
27.4979	66.2305	-0.00108233	-0.000560647	2
27.3802	67.003	-0.00113927	-0.000552348	2
27.2917	67.7852	-0.00119793	-0.000543407	2
27.2332	68.5774	-0.00125833	-0.000533813	2
27.2052	69.3798	-0.00132051	-0.000523557	2
27.2085	70.1928	-0.00138448	-0.000512628	2
27.2438	71.0167	-0.00145026	-0.000501015	2
27.3106	71.842	-0.0015171	-0.000488853	2
27.4112	72.6882	-0.00158658	-0.00047585	2
27.5457	73.5461	-0.00165794	-0.000462131	2
27.7148	74.416	-0.00173121	-0.000447687	2

124.997	2.01382	5.30143e-07	-9.7544e-08	2
124.702	3.19061	4.58077e-05	-7.7594e-06	2
124.381	4.35825	9.09811e-05	-1.4064e-05	2
124.039	5.5033	0.000135524	-1.89379e-05	2
123.679	6.61336	0.000178938	-2.23733e-05	2
123.294	7.71463	0.000222238	-2.44739e-05	2
122.888	8.79445	0.000264918	-2.52158e-05	2
122.462	9.85322	0.000306982	-2.46231e-05	2
122.016	10.8913	0.000348434	-2.27199e-05	2
121.551	11.9091	0.000389277	-1.95303e-05	2
121.066	12.907	0.000429516	-1.50784e-05	2
120.563	13.8853	0.000469153	-9.38824e-06	2
120.041	14.8445	0.000508193	-2.484e-06	2
119.501	15.785	0.000546639	5.61027e-06	2
118.943	16.7071	0.000584495	1.48705e-05	2
118.369	17.6111	0.000621764	2.52725e-05	2
117.777	18.4976	0.000658451	3.67923e-05	2
117.169	19.3668	0.000694559	4.94058e-05	2
116.545	20.2192	0.000730091	6.30887e-05	2
115.905	21.0551	0.000765052	7.78172e-05	2
115.25	21.875	0.000799444	9.3567e-05	2
114.58	22.6791	0.000833273	0.000110314	2
113.895	23.468	0.000866541	0.000128034	2
113.197	24.2419	0.000899251	0.000146704	2
112.484	25.0012	0.000931409	0.000166298	2
111.758	25.7464	0.000963017	0.000186793	2
111.028	26.4695	0.000993726	0.000207915	2
110.277	27.1877	0.00102425	0.00023013	2
109.514	27.8929	0.00105424	0.000253174	2
108.738	28.5854	0.00108369	0.000277023	2
107.952	29.2656	0.00111261	0.000301652	2
107.154	29.934	0.00114101	0.000327038	2
106.346	30.5909	0.00116888	0.000353157	2
105.528	31.2368	0.00119623	0.000379984	2
104.699	31.8718	0.00122306	0.000407495	2
103.861	32.4966	0.00124939	0.000435667	2
103.015	33.1114	0.0012752	0.000464475	2
102.159	33.7166	0.00130051	0.000493894	2
101.295	34.3127	0.00132531	0.000523902	2
100.423	34.8999	0.00134962	0.000554474	2
99.544	35.4787	0.00137343	0.000585585	2
98.6576	36.0495	0.00139676	0.000617212	2
97.7644	36.6127	0.00141959	0.000649331	2
96.8648	37.1685	0.00144194	0.000681917	2
95.9593	37.7175	0.00146382	0.000714946	2
95.0482	38.2599	0.00148521	0.000748395	2
94.1319	38.7963	0.00150614	0.000782239	2
93.2108	39.3269	0.0015266	0.000816454	2
92.2852	39.8522	0.00154659	0.000851016	2
91.3664	40.3665	0.0015659	0.000885498	2
90.4332	40.8822	0.00158498	0.000920679	2
89.4969	41.3938	0.0016036	0.000956134	2
88.5576	41.9015	0.00162178	0.000991841	2
87.6159	42.4057	0.00163951	0.00102777	2
86.672	42.9069	0.00165679	0.00106391	2
85.7265	43.4055	0.00167364	0.00110022	2
84.7797	43.9017	0.00169005	0.00113669	2
83.8319	44.396	0.00170603	0.00117329	2
82.8836	44.8888	0.00172159	0.00121	2
81.9352	45.3805	0.00173671	0.00124679	2
80.987	45.8713	0.00175142	0.00128363	2
80.0395	46.3619	0.00176571	0.00132051	2
79.0929	46.8524	0.00177959	0.0013574	2
78.1478	47.3433	0.00179306	0.00139428	2
77.2045	47.8349	0.00180612	0.00143112	2
76.2634	48.3278	0.00181878	0.00146789	2
75.3249	48.8221	0.00183104	0.00150458	2
74.3893	49.3184	0.00184291	0.00154116	2
73.457	49.817	0.00185439	0.00157761	2
72.5286	50.3183	0.00186548	0.00161389	2
71.6042	50.8227	0.00187618	0.00164999	2
70.6844	51.3305	0.00188651	0.00168589	2
69.7695	51.8421	0.00189646	0.00172155	2
68.8703	52.352	0.00190593	0.00175656	2
67.9663	52.8724	0.00191514	0.00179169	2
67.0684	53.3978	0.00192399	0.00182652	2
66.1769	53.9286	0.00193247	0.00186103	2
65.2923	54.4651	0.0019406	0.00189518	2
64.4149	55.0077	0.00194837	0.00192896	2
63.5452	55.5569	0.00195579	0.00196234	2
62.6834	56.1129	0.00196287	0.00199529	2
61.8301	56.6762	0.0019696	0.0020278	2
60.9856	57.2472	0.001976	0.00205983	2
60.1502	57.8263	0.00198206	0.00209137	2
59.3244	58.4138	0.00198778	0.00212239	2
58.5086	59.01	0.00199318	0.00215287	2
57.7032	59.6155	0.00199825	0.00218278	2
56.9084	60.2306	0.002003	0.00221209	2
56.1248	60.8556	0.00200744	0.00224079	2
55.3527	61.491	0.00201156	0.00226885	2
54.5925	62.1371	0.00201537	0.00229625	2
53.8446	62.7943	0.00201887	0.00232295	2
53.1094	63.463	0.00202208	0.00234895	2
52.3872	64.1436	0.00202498	0.0023742	2
51.6786	64.8365	0.00202759	0.0023987	2
50.9837	65.542	0.0020299	0.00242241	2
50.3108	66.2522	0.00203191	0.00244506	2
49.6447	66.9839	0.00203366	0.00246713	2
48.9935	67.7295	0.00203513	0.00248836	2
48.3578	68.4893	0.00203632	0.0025087	2

