-125.008	2.0129	-1.86047e-07	2.29199e-07	2
-125.669	3.11733	-1.64229e-05	1.98029e-05	2
-126.302	4.22414	-3.3316e-05	3.93293e-05	2
-126.901	5.32047	-5.06651e-05	5.85817e-05	2
-127.458	6.39392	-6.82497e-05	7.7346e-05	2
-127.988	7.46948	-8.64648e-05	9.60609e-05	2
-128.484	8.53462	-0.000105095	0.000114509	2
-128.946	9.58939	-0.000124125	0.000132693	2
-129.376	10.6338	-0.000143543	0.000150615	2
-129.773	11.6679	-0.000163334	0.000168278	2
-130.137	12.6916	-0.000183483	0.000185685	2
-130.469	13.7051	-0.000203979	0.000202837	2
-130.77	14.7083	-0.000224805	0.000219736	2
-131.04	15.7013	-0.00024595	0.000236387	2
-131.279	16.6841	-0.000267398	0.000252791	2
-131.488	17.6566	-0.000289135	0.00026895	2
-131.667	18.6191	-0.000311149	0.000284867	2
-131.817	19.5714	-0.000333425	0.000300544	2
-131.937	20.5136	-0.000355949	0.000315984	2
-132.029	21.4457	-0.000378707	0.00033119	2
-132.092	22.3677	-0.000401686	0.000346163	2
-132.127	23.2797	-0.000424871	0.000360907	2
-132.135	24.1818	-0.000448249	0.000375423	2
-132.116	25.0738	-0.000471806	0.000389715	2
-132.069	25.9559	-0.000495528	0.000403784	2
-131.997	26.828	-0.0005194	0.000417633	2
-131.9	27.6804	-0.000543134	0.000431109	2
-131.776	28.5329	-0.000567266	0.000444528	2
-131.627	29.3755	-0.000591507	0.000457735	2
-131.454	30.2083	-0.000615844	0.000470731	2
-131.256	31.0313	-0.000640263	0.00048352	2
-131.034	31.8445	-0.00066475	0.000496104	2
-130.788	32.6479	-0.000689291	0.000508485	2
-130.52	33.4416	-0.000713873	0.000520665	2
-130.228	34.2256	-0.00073848	0.000532648	2
-129.915	35	-0.0007631	0.000544435	2
-129.579	35.7646	-0.000787719	0.00055603	2
-129.221	36.5197	-0.000812322	0.000567434	2
-128.843	37.2651	-0.000836896	0.00057865	2
-128.443	38.001	-0.000861427	0.000589681	2
-128.024	38.7273	-0.000885901	0.000600528	2
-127.584	39.4441	-0.000910304	0.000611195	2
-127.125	40.1514	-0.000934623	0.000621684	2
-126.646	40.8492	-0.000958843	0.000631997	2
-126.149	41.5376	-0.00098295	0.000642137	2
-125.633	42.2165	-0.00100693	0.000652107	2
-125.099	42.886	-0.00103077	0.000661907	2
-124.547	43.5462	-0.00105446	0.000671543	2
-123.979	44.197	-0.00107798	0.000681014	2
-123.4	44.8311	-0.00110105	0.000690219	2
-122.798	45.4634	-0.00112419	0.000699373	2
-122.181	46.0864	-0.00114713	0.000708371	2
-121.547	46.7001	-0.00116984	0.000717215	2
-120.899	47.3047	-0.00119231	0.000725909	2
-120.235	47.9	-0.00121453	0.000734454	2
-119.557	48.4861	-0.00123649	0.000742852	2
-118.865	49.0631	-0.00125817	0.000751107	2
-118.159	49.631	-0.00127956	0.00075922	2
-117.44	50.1898	-0.00130064	0.000767195	2
-116.709	50.7395	-0.0013214	0.000775034	2
-115.964	51.2801	-0.00134182	0.000782738	2
-115.208	51.8118	-0.0013619	0.000790311	2
-114.44	52.3344	-0.00138161	0.000797755	2
-113.661	52.848	-0.00140095	0.000805073	2
-112.871	53.3527	-0.0014199	0.000812266	2
-112.07	53.8485	-0.00143845	0.000819338	2
-111.259	54.3354	-0.00145657	0.000826291	2
-110.439	54.8134	-0.00147427	0.000833127	2
-109.609	55.2826	-0.00149152	0.000839849	2
-108.771	55.7429	-0.00150831	0.000846459	2
-107.924	56.1945	-0.00152463	0.00085296	2
-107.068	56.6372	-0.00154046	0.000859354	2
-106.205	57.0713	-0.00155579	0.000865643	2
-105.345	57.4917	-0.00157044	0.00087176	2
-104.468	57.9084	-0.00158473	0.00087785	2
-103.585	58.3165	-0.00159849	0.000883842	2
-102.695	58.7159	-0.00161168	0.00088974	2
-101.8	59.1066	-0.0016243	0.000895545	2
-100.899	59.4888	-0.00163635	0.000901261	2
-99.9931	59.8624	-0.00164779	0.00090689	2
-99.0829	60.2275	-0.00165862	0.000912434	2
-98.1686	60.584	-0.00166883	0.000917896	2
-97.2505	60.9321	-0.00167839	0.000923278	2
-96.3291	61.2716	-0.00168731	0.000928583	2
-95.4047	61.6028	-0.00169555	0.000933812	2
-94.4778	61.9255	-0.00170312	0.000938969	2
-93.5487	62.2398	-0.00170999	0.000944057	2
-92.6179	62.5457	-0.00171615	0.000949077	2
-91.6857	62.8434	-0.00172159	0.000954031	2
-90.7525	63.1326	-0.00172629	0.000958923	2
-89.8188	63.4136	-0.00173024	0.000963755	2
-88.8849	63.6864	-0.00173342	0.00096853	2
-87.9512	63.9508	-0.00173583	0.000973249	2
-87.0181	64.2071	-0.00173745	0.000977915	2
-86.0861	64.4552	-0.00173826	0.000982531	2
-85.1555	64.6951	-0.00173825	0.000987099	2
-84.2373	64.9242	-0.00173742	0.000991571	2
-83.3107	65.148	-0.00173574	0.000996051	2
-82.3867	65.3636	-0.0017332	0.00100049	2
-81.4657	65.5712	-0.00172978	0.00100489	2

-75.0029	2.00992	1.28629e-07	5.7498e-08	2
-75.258	2.8664	1.00406e-05	4.58037e-06	2
-75.5266	3.73928	1.77802e-05	8.32301e-06	2
-75.8056	4.6184	2.32585e-05	1.1252e-05	2
-76.0909	5.4933	2.64901e-05	1.33714e-05	2
-76.3888	6.3841	2.75894e-05	1.47542e-05	2
-76.6955	7.28041	2.65455e-05	1.53955e-05	2
-77.0106	8.18199	2.33982e-05	1.53194e-05	2
-77.3336	9.0886	1.8187e-05	1.455e-05	2
-77.664	10	1.09515e-05	1.31114e-05	2
-78.0013	10.9159	1.73131e-06	1.10278e-05	2
-78.345	11.8362	-9.43409e-06	8.32326e-06	2
-78.6948	12.7605	-2.25051e-05	5.02191e-06	2
-79.05	13.6886	-3.7442e-05	1.14787e-06	2
-79.4103	14.6202	-5.42054e-05	-3.27473e-06	2
-79.7752	15.5552	-7.27557e-05	-8.22179e-06	2
-80.1441	16.4933	-9.30531e-05	-1.36692e-05	2
-80.5167	17.4343	-0.000115058	-1.95928e-05	2
-80.8924	18.3778	-0.000138732	-2.59684e-05	2
-81.2707	19.3237	-0.000164033	-3.27721e-05	2
-81.6512	20.2717	-0.000190924	-3.99796e-05	2
-82.0335	21.2216	-0.000219364	-4.75668e-05	2
-82.417	22.1731	-0.000249314	-5.55096e-05	2
-82.8012	23.126	-0.000280734	-6.37839e-05	2
-83.1858	24.08	-0.000313585	-7.23656e-05	2
-83.5701	25.035	-0.000347827	-8.12306e-05	2
-83.9494	25.9796	-0.000383003	-9.02484e-05	2
-84.332	26.9356	-0.000419894	-9.96049e-05	2
-84.7129	27.8918	-0.000458057	-0.000109173	2
-85.0918	28.8479	-0.000497453	-0.000118927	2
-85.4681	29.8038	-0.000538043	-0.000128845	2
-85.8414	30.759	-0.000579786	-0.000138901	2
-86.2112	31.7135	-0.000622645	-0.000149072	2
-86.577	32.6669	-0.000666578	-0.000159334	2
-86.9384	33.6191	-0.000711546	-0.000169662	2
-87.2949	34.5697	-0.00075751	-0.000180033	2
-87.6459	35.5186	-0.000804431	-0.000190421	2
-87.9911	36.4655	-0.000852267	-0.000200804	2
-88.3299	37.4101	-0.000900981	-0.000211157	2
-88.6619	38.3522	-0.000950532	-0.000221455	2
-88.9865	39.2916	-0.00100088	-0.000231676	2
-89.3035	40.228	-0.00105199	-0.000241793	2
-89.6121	41.1612	-0.00110381	-0.000251785	2
-89.9121	42.091	-0.00115632	-0.000261626	2
-90.2028	43.017	-0.00120946	-0.000271292	2
-90.4839	43.9391	-0.00126321	-0.000280759	2
-90.7548	44.857	-0.00131751	-0.000290003	2
-91.0151	45.7704	-0.00137234	-0.000299	2
-91.2643	46.6792	-0.00142764	-0.000307725	2
-91.4993	47.5727	-0.00148275	-0.000316061	2
-91.725	48.4715	-0.0015389	-0.000324175	2
-91.9382	49.3648	-0.0015954	-0.000331947	2
-92.1384	50.2526	-0.00165224	-0.000339351	2
-92.3252	51.1344	-0.00170935	-0.000346363	2
-92.498	52.0101	-0.00176671	-0.00035296	2
-92.6564	52.8794	-0.00182428	-0.000359117	2
-92.7999	53.7421	-0.00188201	-0.00036481	2
-92.9281	54.598	-0.00193986	-0.000370015	2
-93.0404	55.4468	-0.0019978	-0.000374708	2
-93.1364	56.2882	-0.00205579	-0.000378864	2
-93.2156	57.122	-0.00211378	-0.00038246	2
-93.2776	57.948	-0.00217174	-0.000385472	2
-93.3218	58.766	-0.00222963	-0.000387875	2
-93.3478	59.5756	-0.00228741	-0.000389645	2
-93.3551	60.3767	-0.00234503	-0.000390758	2
-93.3433	61.1689	-0.00240247	-0.000391191	2
-93.3118	61.9522	-0.00245967	-0.000390918	2
-93.2603	62.7261	-0.0025166	-0.000389916	2
-93.1881	63.4905	-0.00257322	-0.00038816	2
-93.0949	64.2452	-0.0026295	-0.000385627	2
-92.9801	64.9898	-0.00268538	-0.000382293	2
-92.8434	65.7242	-0.00274083	-0.000378133	2
-92.6841	66.4481	-0.00279582	-0.000373123	2
-92.5042	67.1531	-0.00284968	-0.000367311	2
-92.2988	67.8554	-0.00290361	-0.00036054	2
-92.0696	68.5465	-0.00295697	-0.000352846	2
-91.8159	69.2261	-0.00300969	-0.000344207	2
-91.5375	69.8941	-0.00306175	-0.000334597	2
-91.2337	70.55	-0.00311311	-0.000323993	2
-90.9041	71.1938	-0.00316371	-0.00031237	2
-90.5482	71.8251	-0.00321354	-0.000299705	2
-90.1656	72.4438	-0.00326254	-0.000285974	2
-89.7557	73.0495	-0.00331068	-0.000271151	2
-89.3182	73.6421	-0.00335791	-0.000255214	2
-88.8525	74.2212	-0.0034042	-0.000238138	2
-88.3581	74.7868	-0.00344951	-0.000219898	2
-87.8346	75.3384	-0.0034938	-0.000200472	2
-87.2816	75.8759	-0.00353702	-0.000179834	2
-86.6984	76.399	-0.00357915	-0.00015796	2
-86.0847	76.9075	-0.00362013	-0.000134827	2
-85.44	77.4012	-0.00365994	-0.00011041	2
-84.7638	77.8797	-0.00369852	-8.46857e-05	2
-84.0557	78.3429	-0.00373584	-5.76291e-05	2
-83.3151	78.7905	-0.00377187	-2.92163e-05	2
-82.5415	79.2223	-0.00380656	5.7657e-07	2
-81.7346	79.638	-0.00383986	3.17738e-05	2
-80.9037	80.0328	-0.0038714	6.40163e-05	2
-80.0289	80.4158	-0.00390185	9.80777e-05	2
-79.1194	80.7821	-0.0039308	0.000133616	2
-78.1746	81.1312	-0.00395822	0.000170654	2

-25.0005	2.012	-1.87201e-07	1.28927e-07	2
-25.0605	3.03706	-1.58287e-05	1.06063e-05	2
-25.1522	4.06064	-3.07504e-05	1.99981e-05	2
-25.2743	5.07097	-4.47945e-05	2.82063e-05	2
-25.4243	6.05689	-5.78431e-05	3.51868e-05	2
-25.6049	7.04155	-7.02286e-05	4.11325e-05	2
-25.8138	8.01363	-8.18237e-05	4.59865e-05	2
-26.0503	8.97337	-9.26575e-05	4.97795e-05	2
-26.3136	9.92099	-0.000102759	5.25422e-05	2
-26.603	10.8567	-0.000112158	5.43055e-05	2
-26.9177	11.7808	-0.000120884	5.51001e-05	2
-27.2571	12.6934	-0.000128965	5.49567e-05	2
-27.6203	13.5948	-0.00013643	5.39061e-05	2
-28.0068	14.4853	-0.00014331	5.19791e-05	2
-28.4156	15.365	-0.000149633	4.92065e-05	2
-28.8462	16.2341	-0.000155428	4.56189e-05	2
-29.2977	17.093	-0.000160725	4.12473e-05	2
-29.7695	17.9418	-0.000165553	3.61222e-05	2
-30.2608	18.7807	-0.000169941	3.02746e-05	2
-30.7708	19.61	-0.000173918	2.37351e-05	2
-31.2989	20.43	-0.000177513	1.65346e-05	2
-31.8443	21.2407	-0.000180756	8.70369e-06	2
-32.4063	22.0426	-0.000183675	2.7328e-07	2
-32.9841	22.8357	-0.000186301	-8.72592e-06	2
-33.577	23.6203	-0.000188662	-1.82631e-05	2
-34.1843	24.3967	-0.000190787	-2.83076e-05	2
-34.7981	25.1563	-0.000192685	-3.87051e-05	2
-35.4318	25.9169	-0.000194429	-4.96668e-05	2
-36.0777	26.67	-0.000196024	-6.10439e-05	2
-36.735	27.4157	-0.0001975	-7.28055e-05	2
-37.4031	28.1543	-0.000198886	-8.49209e-05	2
-38.0812	28.886	-0.000200212	-9.73594e-05	2
-38.7685	29.611	-0.000201506	-0.00011009	2
-39.4644	30.3296	-0.000202797	-0.000123082	2
-40.1681	31.0419	-0.000204116	-0.000136305	2
-40.8788	31.7483	-0.000205491	-0.000149728	2
-41.5959	32.449	-0.000206951	-0.00016332	2
-42.3185	33.1441	-0.000208525	-0.000177051	2
-43.046	33.8339	-0.000210243	-0.000190889	2
-43.7777	34.5186	-0.000212134	-0.000204804	2
-44.5127	35.1984	-0.000214227	-0.000218766	2
-45.2505	35.8737	-0.000216551	-0.000232743	2
-45.9901	36.5445	-0.000219136	-0.000246704	2
-46.731	37.2112	-0.000222011	-0.000260619	2
-47.4723	37.874	-0.000225204	-0.000274458	2
-48.2134	38.533	-0.000228746	-0.000288188	2
-48.9535	39.1885	-0.000232665	-0.000301781	2
-49.6919	39.8408	-0.00023699	-0.000315204	2
-50.4278	40.49	-0.000241751	-0.000328427	2
-51.1521	41.1291	-0.000246915	-0.000341271	2
-51.881	41.7729	-0.000252629	-0.000354005	2
-52.6052	42.4145	-0.000258866	-0.000366448	2
-53.324	43.0539	-0.000265656	-0.000378567	2
-54.0367	43.6914	-0.000273026	-0.000390333	2
-54.7426	44.3272	-0.000281008	-0.000401715	2
-55.4409	44.9616	-0.000289629	-0.000412682	2
-56.1309	45.5948	-0.000298919	-0.000423204	2
-56.8118	46.227	-0.000308908	-0.000433249	2
-57.483	46.8584	-0.000319623	-0.000442786	2
-58.1437	47.4893	-0.000331096	-0.000451786	2
-58.7931	48.1199	-0.000343354	-0.000460217	2
-59.4306	48.7504	-0.000356427	-0.000468048	2
-60.0554	49.381	-0.000370344	-0.000475249	2
-60.6667	50.012	-0.000385135	-0.000481789	2
-61.2639	50.6437	-0.000400829	-0.000487638	2
-61.8462	51.2761	-0.000417454	-0.000492763	2
-62.4128	51.9096	-0.00043504	-0.000497136	2
-62.9631	52.5444	-0.000453616	-0.000500724	2
-63.4963	53.1807	-0.000473212	-0.000503497	2
-64.0117	53.8187	-0.000493856	-0.000505425	2
-64.5085	54.4587	-0.000515579	-0.000506476	2
-64.986	55.1008	-0.000538408	-0.00050662	2
-65.4435	55.7454	-0.000562373	-0.000505827	2
-65.8754	56.3852	-0.000587209	-0.00050409	2
-66.2909	57.0353	-0.00061352	-0.00050134	2
-66.6842	57.6885	-0.000641055	-0.00049756	2
-67.0545	58.345	-0.000669843	-0.000492719	2
-67.4012	59.005	-0.000699913	-0.000486787	2
-67.7234	59.6688	-0.000731293	-0.000479733	2
-68.0205	60.3367	-0.000764014	-0.000471525	2
-68.2918	61.0087	-0.000798105	-0.000462135	2
-68.5364	61.6852	-0.000833594	-0.000451529	2
-68.7537	62.3665	-0.000870511	-0.000439679	2
-68.943	63.0526	-0.000908885	-0.000426552	2
-69.1034	63.7438	-0.000948746	-0.000412119	2
-69.2343	64.4405	-0.000990122	-0.000396349	2
-69.3349	65.1427	-0.00103304	-0.00037921	2
-69.4045	65.8508	-0.00107754	-0.000360672	2
-69.4424	66.5649	-0.00112364	-0.000340704	2
-69.4479	67.2852	-0.00117137	-0.000319276	2
-69.4201	68.0121	-0.00122076	-0.000296356	2
-69.3584	68.7457	-0.00127184	-0.000271914	2
-69.2621	69.4863	-0.00132464	-0.00024592	2
-69.1303	70.2341	-0.00137919	-0.000218342	2
-68.9624	70.9892	-0.00143552	-0.000189149	2
-68.7577	71.7521	-0.00149366	-0.000158312	2
-68.5184	72.5138	-0.00155293	-0.000126182	2
-68.2382	73.2925	-0.00161475	-9.19813e-05	2
-67.9189	74.0795	-0.00167846	-5.60439e-05	2
-67.5599	74.8751	-0.0017441	-1.83387e-05	2

24.9958	2.01356	6.22836e-08	2.70672e-07	2
24.6284	3.16741	5.25711e-06	2.3396e-05	2
24.2362	4.31034	1.01872e-05	4.64872e-05	2
23.8235	5.42918	1.47902e-05	6.92795e-05	2
23.396	6.51189	1.90186e-05	9.15216e-05	2
22.9441	7.58405	2.29705e-05	0.000113736	2
22.4729	8.63335	2.65947e-05	0.00013567	2
21.983	9.66018	2.98911e-05	0.000157327	2
21.4745	10.665	3.28595e-05	0.000178713	2
20.9481	11.6481	3.54997e-05	0.000199836	2
20.4039	12.61	3.78116e-05	0.000220699	2
19.8424	13.5511	3.97949e-05	0.00024131	2
19.264	14.4717	4.14496e-05	0.000261673	2
18.6691	15.3723	4.27754e-05	0.000281795	2
18.0579	16.2533	4.37722e-05	0.000301681	2
17.431	17.1152	4.44398e-05	0.000321337	2
16.7887	17.9582	4.4778e-05	0.000340769	2
16.1314	18.7828	4.47867e-05	0.000359983	2
15.4594	19.5894	4.44657e-05	0.000378984	2
14.7732	20.3785	4.38148e-05	0.000397778	2
14.0731	21.1504	4.28338e-05	0.00041637	2
13.3594	21.9055	4.15226e-05	0.000434768	2
12.6327	22.6442	3.98811e-05	0.000452975	2
11.8932	23.3671	3.7909e-05	0.000470999	2
11.1413	24.0743	3.56061e-05	0.000488844	2
10.3774	24.7665	3.29724e-05	0.000506518	2
9.61095	25.4362	3.00436e-05	0.000523824	2
8.82438	26.0994	2.67513e-05	0.000541171	2
8.02696	26.7487	2.31277e-05	0.000558363	2
7.21907	27.3845	1.91725e-05	0.000575406	2
6.40109	28.0073	1.48855e-05	0.000592305	2
5.5734	28.6173	1.02667e-05	0.000609066	2
4.73638	29.215	5.31571e-06	0.000625695	2
3.89041	29.8008	3.24974e-08	0.000642198	2
3.03586	30.3751	-5.58314e-06	0.00065858	2
2.17313	30.9384	-1.15314e-05	0.000674847	2
1.30258	31.491	-1.78124e-05	0.000691005	2
0.424599	32.0334	-2.44263e-05	0.000707059	2
-0.460433	32.5659	-3.13733e-05	0.000723016	2
-1.35214	33.0889	-3.86537e-05	0.000738881	2
-2.25013	33.6029	-4.62674e-05	0.00075466	2
-3.15404	34.1083	-5.42148e-05	0.000770358	2
-4.06348	34.6055	-6.24959e-05	0.000785982	2
-4.97807	35.0948	-7.11111e-05	0.000801537	2
-5.89744	35.5767	-8.00603e-05	0.000817029	2
-6.82119	36.0516	-8.93438e-05	0.000832464	2
-7.74896	36.52	-9.89618e-05	0.000847847	2
-8.68036	36.9821	-0.000108914	0.000863184	2
-9.61502	37.4384	-0.000119202	0.000878481	2
-10.5418	37.8843	-0.0001297	0.000893568	2
-11.4817	38.3303	-0.000140654	0.000908803	2
-12.4239	38.7718	-0.000151943	0.000924014	2
-13.3677	39.2091	-0.000163568	0.000939209	2
-14.3129	39.6427	-0.000175528	0.000954392	2
-15.2591	40.0729	-0.000187824	0.00096957	2
-16.2059	40.5002	-0.000200456	0.000984747	2
-17.1529	40.925	-0.000213424	0.000999931	2
-18.0997	41.3476	-0.000226728	0.00101513	2
-19.046	41.7685	-0.000240369	0.00103034	2
-19.9914	42.1881	-0.000254347	0.00104557	2
-20.9354	42.6068	-0.000268661	0.00106084	2
-21.8778	43.025	-0.000283313	0.00107614	2
-22.8181	43.4431	-0.000298302	0.00109148	2
-23.756	43.8615	-0.000313628	0.00110687	2
-24.6911	44.2806	-0.000329291	0.0011223	2
-25.6229	44.7009	-0.000345293	0.0011378	2
-26.5512	45.1227	-0.000361632	0.00115336	2
-27.4755	45.5464	-0.000378309	0.00116899	2
-28.3955	45.9725	-0.000395324	0.00118469	2
-29.3107	46.4013	-0.000412678	0.00120048	2
-30.2209	46.8333	-0.00043037	0.00121635	2
-31.1256	47.2689	-0.000448401	0.00123231	2
-32.0244	47.7084	-0.000466771	0.00124837	2
-32.9067	48.1472	-0.000485263	0.00126435	2
-33.7927	48.5959	-0.000504307	0.00128062	2
-34.6718	49.0497	-0.000523691	0.00129701	2
-35.5434	49.5092	-0.000543414	0.00131352	2
-36.4073	49.9746	-0.000563477	0.00133016	2
-37.2631	50.4465	-0.00058388	0.00134692	2
-38.1103	50.9252	-0.000604623	0.00136383	2
-38.9486	51.4111	-0.000625706	0.00138088	2
-39.7777	51.9046	-0.00064713	0.00139808	2
-40.5971	52.4062	-0.000668894	0.00141544	2
-41.4065	52.9162	-0.000690999	0.00143296	2
-42.2054	53.4351	-0.000713445	0.00145064	2
-42.9936	53.9633	-0.000736231	0.0014685	2
-43.7706	54.5011	-0.00075936	0.00148653	2
-44.536	55.049	-0.000782829	0.00150475	2
-45.2895	55.6073	-0.000806641	0.00152316	2
-46.0307	56.1766	-0.000830793	0.00154177	2
-46.7592	56.7571	-0.000855288	0.00156058	2
-47.4746	57.3494	-0.000880125	0.00157959	2
-48.1765	57.9537	-0.000905305	0.00159882	2
-48.8646	58.5706	-0.000930827	0.00161826	2
-49.5385	59.2004	-0.000956691	0.00163794	2
-50.1979	59.8435	-0.000982898	0.00165784	2
-50.8349	60.4927	-0.00100914	0.00167774	2
-51.464	61.1636	-0.00103603	0.00169812	2
-52.0774	61.8489	-0.00106326	0.00171874	2
-52.6748	62.5493	-0.00109084	0.00173962	2

74.9953	2.0117	-2.84777e-07	3.3697e-07	2
74.6005	3.01741	-2.37208e-05	2.89973e-05	2
74.215	4.03403	-4.53243e-05	5.73548e-05	2
73.8431	5.04985	-6.48358e-05	8.50815e-05	2
73.4889	6.05323	-8.20916e-05	0.000111878	2
73.144	7.06749	-9.7518e-05	0.000138377	2
72.8123	8.08097	-0.000110928	0.000164272	2
72.4938	9.09368	-0.000122347	0.000189571	2
72.1882	10.1056	-0.000131799	0.000214285	2
71.8954	11.1168	-0.000139311	0.00023842	2
71.6154	12.1272	-0.000144908	0.000261988	2
71.3478	13.1369	-0.000148614	0.000284996	2
71.0926	14.1458	-0.000150455	0.000307453	2
70.8496	15.1539	-0.000150457	0.000329369	2
70.6186	16.1613	-0.000148644	0.000350752	2
70.3995	17.168	-0.000145042	0.000371611	2
70.1922	18.1739	-0.000139677	0.000391956	2
69.9965	19.1791	-0.000132572	0.000411794	2
69.8122	20.1836	-0.000123755	0.000431136	2
69.6392	21.1873	-0.000113249	0.000449989	2
69.4773	22.1903	-0.00010108	0.000468363	2
69.3264	23.1927	-8.72744e-05	0.000486267	2
69.1863	24.1943	-7.18562e-05	0.00050371	2
69.0568	25.1951	-5.4851e-05	0.0005207	2
68.9379	26.1953	-3.6284e-05	0.000537247	2
68.8293	27.1948	-1.61806e-05	0.00055336	2
68.732	28.1821	5.17699e-06	0.000568869	2
68.6436	29.1803	2.82605e-05	0.000584144	2
68.565	30.1777	5.2805e-05	0.000599011	2
68.4962	31.1744	7.87851e-05	0.000613479	2
68.437	32.1705	0.000106176	0.000627558	2
68.3872	33.1659	0.000134951	0.000641255	2
68.3467	34.1606	0.000165087	0.00065458	2
68.3153	35.1547	0.000196557	0.000667542	2
68.2929	36.1481	0.000229336	0.00068015	2
68.2794	37.1408	0.0002634	0.000692413	2
68.2744	38.1329	0.000298722	0.000704339	2
68.278	39.1244	0.000335278	0.000715937	2
68.2899	40.1152	0.000373042	0.000727217	2
68.3101	41.1054	0.000411989	0.000738188	2
68.3383	42.0949	0.000452094	0.000748858	2
68.3743	43.0838	0.000493331	0.000759236	2
68.4182	44.0721	0.000535675	0.000769331	2
68.4696	45.0597	0.000579101	0.000779152	2
68.5284	46.0467	0.000623584	0.000788709	2
68.5945	47.0332	0.000669098	0.000798009	2
68.6677	48.019	0.000715619	0.000807062	2
68.7479	49.0042	0.00076312	0.000815877	2
68.8349	49.9888	0.000811577	0.000824463	2
68.9275	50.9615	0.000860391	0.000832734	2
69.0276	51.9449	0.000910673	0.00084089	2
69.1341	52.9277	0.000961835	0.000848844	2
69.2467	53.91	0.00101385	0.000856604	2
69.3654	54.8916	0.0010667	0.00086418	2
69.49	55.8727	0.00112035	0.00087158	2
69.6204	56.8533	0.00117478	0.000878813	2
69.7563	57.8332	0.00122996	0.000885888	2
69.8976	58.8126	0.00128587	0.000892814	2
70.0442	59.7914	0.00134249	0.0008996	2
70.196	60.7697	0.00139978	0.000906254	2
70.3527	61.7474	0.00145773	0.000912787	2
70.5142	62.7246	0.0015163	0.000919206	2
70.6804	63.7013	0.00157547	0.000925521	2
70.8511	64.6774	0.00163522	0.000931741	2
71.0261	65.6529	0.00169553	0.000937874	2
71.2054	66.628	0.00175636	0.000943929	2
71.3887	67.6025	0.00181769	0.000949916	2
71.5758	68.5765	0.00187949	0.000955843	2
71.7667	69.55	0.00194175	0.000961719	2
71.9612	70.5229	0.00200443	0.000967553	2
72.1591	71.4954	0.00206751	0.000973355	2
72.3603	72.4673	0.00213097	0.000979132	2
72.5646	73.4388	0.00219478	0.000984895	2
72.7695	74.3986	0.00225817	0.000990585	2
72.9795	75.3691	0.00232259	0.000996344	2
73.1923	76.3391	0.00238729	0.00100211	2
73.4075	77.3086	0.00245224	0.00100791	2
73.625	78.2776	0.00251741	0.00101373	2
73.8448	79.2462	0.00258278	0.00101959	2
74.0666	80.2142	0.00264833	0.00102549	2
74.2903	81.1819	0.00271402	0.00103145	2
74.5157	82.149	0.00277983	0.00103748	2
74.7427	83.1157	0.00284574	0.00104358	2
74.9711	84.082	0.00291172	0.00104977	2
75.2008	85.0478	0.00297775	0.00105605	2
75.4317	86.0131	0.0030438	0.00106242	2
75.6634	86.978	0.00310984	0.00106891	2
75.896	87.9425	0.00317586	0.00107552	2
76.1293	88.9066	0.00324182	0.00108225	2
76.363	89.8702	0.0033077	0.00108912	2
76.5971	90.8334	0.00337348	0.00109614	2
76.8314	91.7961	0.00343912	0.00110331	2
77.0658	92.7585	0.00350461	0.00111064	2
77.3	93.7205	0.00356992	0.00111815	2
77.5339	94.682	0.00363503	0.00112584	2
77.7674	95.6431	0.0036999	0.00113371	2
77.9977	96.5928	0.00376377	0.0011417	2
78.23	97.5532	0.00382811	0.00114998	2
78.4613	98.5132	0.00389214	0.00115848	2
78.6916	99.4728	0.00395583	0.0011672	2

124.999	2.01339	-5.18234e-07	1.34786e-07	2
124.903	3.15233	-4.46174e-05	1.15712e-05	2
124.839	4.27966	-8.8294e-05	2.28349e-05	2
124.808	5.38233	-0.000131042	3.38007e-05	2
124.807	6.44837	-0.000172398	4.43572e-05	2
124.838	7.50291	-0.000213334	5.47595e-05	2
124.9	8.53373	-0.000253379	6.48928e-05	2
124.992	9.54113	-0.000292542	7.47667e-05	2
125.114	10.5254	-0.000330837	8.43911e-05	2
125.266	11.487	-0.000368275	9.37754e-05	2
125.446	12.426	-0.000404868	0.00010293	2
125.655	13.343	-0.000440629	0.000111863	2
125.892	14.2381	-0.000475569	0.000120585	2
126.156	15.1117	-0.0005097	0.000129107	2
126.447	15.9641	-0.000543035	0.000137436	2
126.765	16.7956	-0.000575586	0.000145584	2
127.109	17.6065	-0.000607364	0.000153559	2
127.479	18.3973	-0.000638382	0.000161372	2
127.873	19.1681	-0.000668651	0.000169032	2
128.293	19.9192	-0.000698184	0.000176548	2
128.736	20.6511	-0.000726993	0.000183931	2
129.204	21.364	-0.000755089	0.00019119	2
129.694	22.0583	-0.000782486	0.000198335	2
130.208	22.7342	-0.000809193	0.000205375	2
130.743	23.3921	-0.000835225	0.00021232	2
131.301	24.0323	-0.000860593	0.00021918	2
131.873	24.648	-0.000885028	0.000225886	2
132.472	25.2539	-0.00090911	0.000232605	2
133.092	25.8431	-0.000932564	0.000239268	2
133.732	26.4158	-0.000955403	0.000245884	2
134.391	26.9723	-0.000977637	0.000252463	2
135.069	27.5131	-0.000999279	0.000259014	2
135.766	28.0383	-0.00102034	0.000265548	2
136.481	28.5484	-0.00104083	0.000272074	2
137.213	29.0437	-0.00106077	0.000278601	2
137.962	29.5243	-0.00108017	0.00028514	2
138.728	29.9908	-0.00109903	0.0002917	2
139.511	30.4433	-0.00111737	0.00029829	2
140.309	30.8823	-0.0011352	0.000304921	2
141.122	31.3079	-0.00115254	0.000311601	2
141.949	31.7206	-0.0011694	0.000318342	2
142.791	32.1207	-0.00118578	0.000325151	2
143.647	32.5084	-0.0012017	0.00033204	2
144.516	32.8841	-0.00121718	0.000339017	2
145.398	33.2482	-0.00123222	0.000346093	2
146.293	33.6008	-0.00124683	0.000353276	2
147.199	33.9424	-0.00126104	0.000360577	2
148.117	34.2733	-0.00127484	0.000368006	2
149.045	34.5937	-0.00128826	0.000375571	2
149.973	34.9005	-0.00130115	0.000383194	2
150.922	35.2011	-0.00131383	0.000391061	2
151.881	35.4922	-0.00132616	0.000399093	2
152.848	35.7742	-0.00133815	0.000407301	2
153.824	36.0473	-0.00134982	0.000415695	2
154.808	36.312	-0.00136116	0.000424283	2
155.8	36.5683	-0.00137221	0.000433076	2
156.799	36.8168	-0.00138296	0.000442083	2
157.805	37.0577	-0.00139343	0.000451313	2
158.816	37.2914	-0.00140364	0.000460778	2
159.834	37.5181	-0.00141359	0.000470486	2
160.857	37.7382	-0.0014233	0.000480446	2
161.884	37.9519	-0.00143277	0.000490669	2
162.916	38.1597	-0.00144203	0.000501165	2
163.952	38.3618	-0.00145108	0.000511942	2
164.991	38.5585	-0.00145993	0.000523011	2
166.033	38.7502	-0.0014686	0.000534381	2
167.078	38.9371	-0.0014771	0.000546062	2
168.124	39.1196	-0.00148545	0.000558064	2
169.172	39.2981	-0.00149364	0.000570396	2
170.221	39.4727	-0.0015017	0.000583068	2
171.27	39.6439	-0.00150963	0.000596089	2
172.319	39.812	-0.00151746	0.00060947	2
173.368	39.9772	-0.00152518	0.000623219	2
174.404	40.1381	-0.00153274	0.000637183	2
175.451	40.2986	-0.0015403	0.000651695	2
176.496	40.4573	-0.0015478	0.000666604	2
177.538	40.6143	-0.00155525	0.000681922	2
178.578	40.7702	-0.00156266	0.000697656	2
179.615	40.9251	-0.00157005	0.000713817	2
180.648	41.0794	-0.00157742	0.000730415	2
181.676	41.2334	-0.00158479	0.000747459	2
182.7	41.3874	-0.00159216	0.000764958	2
183.719	41.5418	-0.00159956	0.000782924	2
184.732	41.6968	-0.00160699	0.000801364	2
185.739	41.8527	-0.00161447	0.000820289	2
186.739	42.01	-0.001622	0.000839709	2
187.733	42.1688	-0.0016296	0.000859633	2
188.719	42.3296	-0.00163729	0.00088007	2
189.697	42.4926	-0.00164507	0.000901032	2
190.666	42.6582	-0.00165295	0.000922526	2
191.626	42.8266	-0.00166095	0.000944563	2
192.577	42.9983	-0.00166908	0.000967153	2
193.519	43.1734	-0.00167735	0.000990305	2
194.449	43.3523	-0.00168578	0.00101403	2
195.369	43.5354	-0.00169437	0.00103833	2
196.278	43.7229	-0.00170314	0.00106323	2
197.165	43.913	-0.00171199	0.00108843	2
198.049	44.1103	-0.00172115	0.00111453	2
198.921	44.3131	-0.00173052	0.00114125	2
199.78	44.5215	-0.00174012	0.0011686	2

