-124.999	2.01261	-6.25295e-08	8.128e-08	2
-124.929	3.08861	-4.19586e-06	5.93055e-06	2
-124.835	4.16008	-5.9038e-06	9.57564e-06	2
-124.72	5.21458	-5.16821e-06	1.09695e-05	2
-124.584	6.24047	-2.08298e-06	1.01682e-05	2
-124.426	7.26176	3.37967e-06	7.18705e-06	2
-124.247	8.26662	1.11532e-05	2.05691e-06	2
-124.047	9.25523	2.11931e-05	-5.18803e-06	2
-123.827	10.2278	3.34552e-05	-1.45135e-05	2
-123.587	11.1844	4.78949e-05	-2.58854e-05	2
-123.326	12.1253	6.44678e-05	-3.92694e-05	2
-123.047	13.0507	8.31297e-05	-5.46314e-05	2
-122.748	13.9607	0.000103836	-7.1937e-05	2
-122.43	14.8556	0.000126542	-9.11522e-05	2
-122.093	15.7354	0.000151205	-0.000112243	2
-121.739	16.6004	0.000177778	-0.000135174	2
-121.366	17.4508	0.000206218	-0.000159912	2
-120.975	18.2867	0.000236481	-0.000186424	2
-120.568	19.1083	0.000268522	-0.000214673	2
-120.143	19.9158	0.000302297	-0.000244627	2
-119.701	20.7094	0.000337761	-0.00027625	2
-119.242	21.4892	0.00037487	-0.00030951	2
-118.768	22.2554	0.000413579	-0.000344371	2
-118.277	23.0083	0.000453845	-0.000380799	2
-117.771	23.7479	0.000495622	-0.000418761	2
-117.25	24.4745	0.000538867	-0.000458221	2
-116.72	25.1801	0.000583013	-0.000498667	2
-116.169	25.8813	0.000629044	-0.000541007	2
-115.604	26.57	0.000676409	-0.000584743	2
-115.025	27.2464	0.000725065	-0.000629841	2
-114.431	27.9106	0.000774966	-0.000676268	2
-113.825	28.5629	0.000826069	-0.000723989	2
-113.205	29.2034	0.000878329	-0.00077297	2
-112.572	29.8323	0.000931702	-0.000823176	2
-111.927	30.4497	0.000986143	-0.000874573	2
-111.269	31.0559	0.00104161	-0.000927128	2
-110.6	31.651	0.00109805	-0.000980806	2
-109.918	32.2352	0.00115543	-0.00103557	2
-109.226	32.8087	0.0012137	-0.00109139	2
-108.522	33.3717	0.00127282	-0.00114823	2
-107.807	33.9243	0.00133274	-0.00120606	2
-107.082	34.4667	0.00139341	-0.00126484	2
-106.347	34.9992	0.0014548	-0.00132454	2
-105.602	35.5218	0.00151686	-0.00138512	2
-104.847	36.0347	0.00157954	-0.00144655	2
-104.083	36.5382	0.00164281	-0.00150879	2
-103.31	37.0324	0.0017066	-0.00157182	2
-102.528	37.5175	0.00177089	-0.00163559	2
-101.738	37.9937	0.00183563	-0.00170007	2
-100.949	38.4558	0.00190002	-0.00176448	2
-100.143	38.9147	0.00196551	-0.00183028	2
-99.3299	39.3653	0.00203132	-0.00189669	2
-98.5094	39.8076	0.00209739	-0.00196368	2
-97.682	40.2419	0.00216369	-0.00203121	2
-96.848	40.6684	0.00223018	-0.00209924	2
-96.0078	41.0871	0.0022968	-0.00216775	2
-95.1616	41.4984	0.00236351	-0.00223669	2
-94.3097	41.9023	0.00243027	-0.00230605	2
-93.4524	42.2991	0.00249703	-0.00237577	2
-92.59	42.689	0.00256375	-0.00244583	2
-91.7229	43.072	0.00263039	-0.00251619	2
-90.8513	43.4484	0.00269689	-0.00258682	2
-89.9755	43.8185	0.00276322	-0.00265768	2
-89.0959	44.1822	0.00282934	-0.00272874	2
-88.2126	44.5399	0.00289519	-0.00279997	2
-87.3262	44.8917	0.00296073	-0.00287133	2
-86.4367	45.2378	0.00302592	-0.00294278	2
-85.5446	45.5783	0.00309072	-0.0030143	2
-84.6501	45.9135	0.00315507	-0.00308585	2
-83.7536	46.2435	0.00321894	-0.00315739	2
-82.8552	46.5685	0.00328228	-0.00322889	2
-81.9555	46.8887	0.00334504	-0.00330032	2
-81.0545	47.2043	0.00340719	-0.00337164	2
-80.1631	47.5118	0.00346797	-0.003442	2
-79.2607	47.8186	0.00352876	-0.003513	2
-78.3581	48.1214	0.0035888	-0.00358379	2
-77.4555	48.4202	0.00364804	-0.00365433	2
-76.5533	48.7153	0.00370644	-0.0037246	2
-75.6517	49.0067	0.00376395	-0.00379455	2
-74.7511	49.2948	0.00382054	-0.00386416	2
-73.8516	49.5797	0.00387616	-0.00393338	2
-72.9538	49.8616	0.00393076	-0.00400219	2
-72.0577	50.1406	0.00398429	-0.00407055	2
-71.1639	50.4169	0.00403672	-0.00413843	2
-70.2724	50.6907	0.004088	-0.00420578	2
-69.3837	50.9622	0.00413809	-0.00427258	2
-68.4981	51.2315	0.00418694	-0.0043388	2
-67.6158	51.4989	0.0042345	-0.00440439	2
-66.7372	51.7645	0.00428073	-0.00446933	2
-65.8625	52.0285	0.00432559	-0.00453358	2
-64.992	52.2911	0.00436904	-0.00459711	2
-64.1261	52.5524	0.00441102	-0.00465987	2
-63.2651	52.8127	0.0044515	-0.00472185	2
-62.4092	53.072	0.00449043	-0.004783	2
-61.5588	53.3307	0.00452777	-0.00484329	2
-60.7141	53.5888	0.00456346	-0.00490268	2
-59.8851	53.8436	0.00459709	-0.00496048	2
-59.0528	54.1012	0.0046294	-0.00501799	2
-58.2272	54.3587	0.00465993	-0.0050745	2
-57.4084	54.6165	0.00468865	-0.00512999	2

-75.0054	2.01187	-6.06423e-07	5.66758e-08	2
-75.4554	3.02848	-5.20062e-05	4.94849e-06	2
-75.8803	4.0489	-0.000102501	9.92832e-06	2
-76.2749	5.06128	-0.0001515	1.49328e-05	2
-76.6356	6.05411	-0.000198483	1.98974e-05	2
-76.9712	7.0505	-0.000244558	2.49309e-05	2
-77.2776	8.03884	-0.000289188	2.9969e-05	2
-77.5551	9.01915	-0.000332389	3.5005e-05	2
-77.8042	9.99142	-0.000374177	4.00322e-05	2
-78.0251	10.9557	-0.00041457	4.50438e-05	2
-78.2183	11.9119	-0.000453584	5.00332e-05	2
-78.384	12.8601	-0.000491235	5.49936e-05	2
-78.5227	13.8003	-0.00052754	5.99183e-05	2
-78.6347	14.7324	-0.000562516	6.48007e-05	2
-78.7203	15.6566	-0.000596179	6.9634e-05	2
-78.7799	16.5727	-0.000628546	7.44115e-05	2
-78.8139	17.4808	-0.000659634	7.91265e-05	2
-78.8225	18.381	-0.000689459	8.37723e-05	2
-78.8062	19.2731	-0.000718037	8.83421e-05	2
-78.7653	20.1572	-0.000745386	9.28294e-05	2
-78.7001	21.0333	-0.000771522	9.72273e-05	2
-78.611	21.9015	-0.000796461	0.000101529	2
-78.4984	22.7616	-0.00082022	0.000105728	2
-78.3626	23.6138	-0.000842816	0.000109818	2
-78.204	24.458	-0.000864266	0.000113791	2
-78.0229	25.2942	-0.000884585	0.000117642	2
-77.8221	26.113	-0.000903577	0.000121321	2
-77.5973	26.9333	-0.000921698	0.000124907	2
-77.351	27.7457	-0.00093874	0.000128351	2
-77.0837	28.5501	-0.000954717	0.000131644	2
-76.7957	29.3466	-0.000969647	0.000134782	2
-76.4872	30.1351	-0.000983547	0.000137756	2
-76.1588	30.9156	-0.000996433	0.000140561	2
-75.8107	31.6882	-0.00100832	0.000143189	2
-75.4432	32.4528	-0.00101923	0.000145634	2
-75.0568	33.2095	-0.00102917	0.000147889	2
-74.6517	33.9583	-0.00103817	0.000149947	2
-74.2284	34.6991	-0.00104623	0.000151802	2
-73.7872	35.4319	-0.00105338	0.000153448	2
-73.3284	36.1569	-0.00105964	0.000154876	2
-72.8524	36.8739	-0.00106501	0.000156081	2
-72.3596	37.583	-0.00106951	0.000157056	2
-71.8502	38.2841	-0.00107317	0.000157794	2
-71.3247	38.9773	-0.001076	0.000158288	2
-70.7834	39.6627	-0.00107801	0.000158532	2
-70.2266	40.34	-0.00107923	0.000158519	2
-69.6548	41.0095	-0.00107966	0.000158243	2
-69.0682	41.6711	-0.00107933	0.000157696	2
-68.4672	42.3248	-0.00107825	0.000156872	2
-67.8593	42.9632	-0.00107646	0.000155778	2
-67.2307	43.6011	-0.00107394	0.000154383	2
-66.5888	44.2312	-0.00107073	0.000152691	2
-65.934	44.8534	-0.00106683	0.000150695	2
-65.2664	45.4677	-0.00106226	0.000148389	2
-64.5866	46.0741	-0.00105705	0.000145765	2
-63.8949	46.6726	-0.0010512	0.000142817	2
-63.1916	47.2632	-0.00104474	0.000139538	2
-62.477	47.846	-0.00103768	0.000135922	2
-61.7516	48.4209	-0.00103004	0.000131962	2
-61.0156	48.9879	-0.00102183	0.000127651	2
-60.2695	49.547	-0.00101307	0.000122983	2
-59.5136	50.0983	-0.00100378	0.00011795	2
-58.7482	50.6417	-0.000993975	0.000112547	2
-57.9737	51.1773	-0.000983669	0.000106765	2
-57.1904	51.705	-0.00097288	0.0001006	2
-56.3987	52.2249	-0.000961625	9.4043e-05	2
-55.599	52.7369	-0.00094992	8.70884e-05	2
-54.7916	53.2411	-0.000937782	7.97294e-05	2
-53.9768	53.7374	-0.000925228	7.19592e-05	2
-53.155	54.2259	-0.000912274	6.37711e-05	2
-52.3265	54.7065	-0.000898937	5.51584e-05	2
-51.4918	55.1793	-0.000885234	4.61143e-05	2
-50.6511	55.6443	-0.00087118	3.66322e-05	2
-49.8146	56.0963	-0.000856961	2.6822e-05	2
-48.9631	56.5457	-0.000842261	1.64489e-05	2
-48.1068	56.9873	-0.00082726	5.61769e-06	2
-47.2459	57.4211	-0.000811976	-5.67828e-06	2
-46.3808	57.8471	-0.000796425	-1.74458e-05	2
-45.5119	58.2653	-0.000780623	-2.96915e-05	2
-44.6395	58.6757	-0.000764588	-4.24221e-05	2
-43.764	59.0782	-0.000748335	-5.56443e-05	2
-42.8857	59.473	-0.000731881	-6.93649e-05	2
-42.005	59.86	-0.000715243	-8.35905e-05	2
-41.1221	60.2391	-0.000698438	-9.83279e-05	2
-40.2376	60.6105	-0.000681482	-0.000113584	2
-39.3517	60.9741	-0.000664392	-0.000129365	2
-38.4648	61.3299	-0.000647184	-0.000145678	2
-37.5772	61.678	-0.000629875	-0.000162529	2
-36.6894	62.0182	-0.000612481	-0.000179926	2
-35.8015	62.3507	-0.00059502	-0.000197875	2
-34.914	62.6754	-0.000577507	-0.000216382	2
-34.0273	62.9923	-0.00055996	-0.000235455	2
-33.1417	63.3015	-0.000542395	-0.000255101	2
-32.2575	63.6029	-0.000524828	-0.000275325	2
-31.3752	63.8966	-0.000507277	-0.000296134	2
-30.4949	64.1825	-0.000489757	-0.000317536	2
-29.6273	64.4574	-0.000472486	-0.00033928	2
-28.7524	64.7279	-0.000455079	-0.00036188	2
-27.8807	64.9907	-0.000437753	-0.000385091	2
-27.0126	65.2457	-0.000420525	-0.000408922	2

-25.0031	2.01032	1.34294e-07	-2.70415e-07	2
-25.2708	2.90126	1.05387e-05	-2.31211e-05	2
-25.5424	3.81001	1.87915e-05	-4.54294e-05	2
-25.8145	4.72597	2.4804e-05	-6.69346e-05	2
-26.0836	5.63819	2.85902e-05	-8.74129e-05	2
-26.3557	6.56758	3.02835e-05	-0.00010735	2
-26.6274	7.50328	2.98729e-05	-0.000126514	2
-26.8985	8.445	2.74041e-05	-0.000144914	2
-27.1687	9.39243	2.29228e-05	-0.00016256	2
-27.4375	10.3453	1.64745e-05	-0.000179462	2
-27.7049	11.3032	8.10506e-06	-0.000195629	2
-27.9705	12.266	-2.14e-06	-0.000211072	2
-28.2339	13.2333	-1.4215e-05	-0.0002258	2
-28.495	14.2048	-2.80742e-05	-0.000239823	2
-28.7535	15.1803	-4.36721e-05	-0.000253151	2
-29.009	16.1593	-6.09629e-05	-0.000265793	2
-29.2612	17.1417	-7.99011e-05	-0.00027776	2
-29.51	18.1271	-0.000100441	-0.000289062	2
-29.7549	19.1153	-0.000122537	-0.000299707	2
-29.9958	20.1058	-0.000146143	-0.000309707	2
-30.2323	21.0985	-0.000171214	-0.00031907	2
-30.4641	22.0931	-0.000197703	-0.000327807	2
-30.691	23.0891	-0.000225567	-0.000335927	2
-30.9127	24.0864	-0.000254757	-0.000343441	2
-31.1289	25.0847	-0.00028523	-0.000350358	2
-31.3393	26.0836	-0.00031694	-0.000356687	2
-31.5413	27.0713	-0.000349455	-0.000362377	2
-31.7393	28.0706	-0.000383487	-0.000367568	2
-31.9307	29.0696	-0.00041862	-0.000372202	2
-32.1151	30.068	-0.000454806	-0.000376288	2
-32.2924	31.0656	-0.000492001	-0.000379835	2
-32.4621	32.0621	-0.00053016	-0.000382855	2
-32.6241	33.0571	-0.000569235	-0.000385355	2
-32.778	34.0504	-0.000609182	-0.000387348	2
-32.9235	35.0416	-0.000649956	-0.000388841	2
-33.0604	36.0305	-0.000691509	-0.000389845	2
-33.1884	37.0167	-0.000733797	-0.000390371	2
-33.3072	38	-0.000776775	-0.000390427	2
-33.4165	38.9801	-0.000820396	-0.000390023	2
-33.5161	39.9566	-0.000864614	-0.000389169	2
-33.6055	40.9293	-0.000909385	-0.000387876	2
-33.6846	41.8978	-0.000954662	-0.000386153	2
-33.7531	42.8619	-0.0010004	-0.000384009	2
-33.8107	43.8213	-0.00104655	-0.000381455	2
-33.8571	44.7757	-0.00109307	-0.000378501	2
-33.892	45.7247	-0.00113992	-0.000375155	2
-33.9152	46.6681	-0.00118705	-0.000371429	2
-33.9263	47.6056	-0.0012344	-0.000367331	2
-33.925	48.5369	-0.00128195	-0.000362872	2
-33.9114	49.451	-0.00132908	-0.000358119	2
-33.8848	50.369	-0.00137686	-0.000352971	2
-33.845	51.2799	-0.00142469	-0.000347491	2
-33.7917	52.1834	-0.00147253	-0.000341689	2
-33.7246	53.0791	-0.00152032	-0.000335574	2
-33.6436	53.9669	-0.00156803	-0.000329157	2
-33.5482	54.8463	-0.0016156	-0.000322447	2
-33.4382	55.7171	-0.001663	-0.000315454	2
-33.3133	56.5791	-0.00171017	-0.000308188	2
-33.1732	57.4318	-0.00175708	-0.000300659	2
-33.0176	58.275	-0.00180367	-0.000292877	2
-32.8463	59.1084	-0.0018499	-0.000284851	2
-32.659	59.9317	-0.00189572	-0.000276591	2
-32.4554	60.7446	-0.00194109	-0.000268107	2
-32.2351	61.5469	-0.00198596	-0.000259409	2
-31.998	62.3381	-0.00203029	-0.000250507	2
-31.7437	63.118	-0.00207404	-0.000241411	2
-31.4719	63.8863	-0.00211714	-0.000232129	2
-31.1824	64.6428	-0.00215957	-0.000222673	2
-30.8749	65.387	-0.00220127	-0.000213052	2
-30.5491	66.1188	-0.0022422	-0.000203276	2
-30.2047	66.8378	-0.00228232	-0.000193354	2
-29.8414	67.5437	-0.00232157	-0.000183297	2
-29.4589	68.2362	-0.00235991	-0.000173114	2
-29.0617	68.9073	-0.00239687	-0.000162934	2
-28.6403	69.5723	-0.00243327	-0.00015253	2
-28.1988	70.223	-0.00246863	-0.000142029	2
-27.7371	70.8592	-0.00250289	-0.000131443	2
-27.2548	71.4805	-0.00253602	-0.000120779	2
-26.7516	72.0866	-0.00256797	-0.000110049	2
-26.2272	72.6772	-0.00259869	-9.92609e-05	2
-25.6814	73.2521	-0.00262813	-8.8426e-05	2
-25.1139	73.8109	-0.00265626	-7.75536e-05	2
-24.5244	74.3534	-0.00268302	-6.66536e-05	2
-23.9126	74.8792	-0.00270838	-5.57358e-05	2
-23.2782	75.388	-0.00273227	-4.481e-05	2
-22.621	75.8795	-0.00275467	-3.3886e-05	2
-21.9406	76.3535	-0.00277552	-2.29736e-05	2
-21.2368	76.8097	-0.00279477	-1.20827e-05	2
-20.5092	77.2477	-0.00281239	-1.22314e-06	2
-19.7577	77.6672	-0.00282833	9.59537e-06	2
-18.9819	78.068	-0.00284253	2.03629e-05	2
-18.1815	78.4497	-0.00285496	3.10698e-05	2
-17.3562	78.8121	-0.00286557	4.1706e-05	2
-16.5059	79.1548	-0.00287431	5.22619e-05	2
-15.6301	79.4776	-0.00288114	6.27275e-05	2
-14.7285	79.7802	-0.00288601	7.30932e-05	2
-13.8118	80.059	-0.00288885	8.32317e-05	2
-12.8584	80.3204	-0.0028897	9.33693e-05	2
-11.8783	80.5607	-0.00288844	0.000103377	2
-10.8715	80.7795	-0.00288505	0.000113246	2

25.0007	2.01089	-1.49289e-07	2.24903e-07	2
25.0438	2.94514	-1.28178e-05	1.868e-05	2
25.0519	3.88525	-2.52984e-05	3.55916e-05	2
25.0252	4.82035	-3.74532e-05	5.07732e-05	2
24.9653	5.73983	-4.91591e-05	6.41175e-05	2
24.8719	6.66508	-6.06995e-05	7.59725e-05	2
24.7461	7.58544	-7.19478e-05	8.6212e-05	2
24.5889	8.50092	-8.29153e-05	9.4874e-05	2
24.4011	9.41158	-9.36133e-05	0.000101997	2
24.1837	10.3174	-0.000104053	0.000107619	2
23.9373	11.2185	-0.000114246	0.000111778	2
23.6629	12.1148	-0.000124203	0.000114514	2
23.3614	13.0065	-0.000133936	0.000115863	2
23.0335	13.8935	-0.000143456	0.000115864	2
22.6803	14.7758	-0.000152774	0.000114556	2
22.3024	15.6535	-0.000161902	0.000111977	2
21.9008	16.5267	-0.00017085	0.000108164	2
21.4763	17.3953	-0.000179631	0.000103157	2
21.0297	18.2595	-0.000188255	9.6994e-05	2
20.562	19.1191	-0.000196734	8.97125e-05	2
20.074	19.9744	-0.000205079	8.13512e-05	2
19.5665	20.8252	-0.000213301	7.19484e-05	2
19.0404	21.6716	-0.000221412	6.15422e-05	2
18.4966	22.5138	-0.000229422	5.01711e-05	2
17.9358	23.3516	-0.000237344	3.78732e-05	2
17.359	24.1852	-0.000245188	2.46868e-05	2
16.7739	25.005	-0.000252878	1.08162e-05	2
16.1678	25.8301	-0.000260601	-4.02319e-06	2
15.5481	26.6511	-0.000268281	-1.96367e-05	2
14.9158	27.468	-0.000275929	-3.5986e-05	2
14.2718	28.2808	-0.000283555	-5.30328e-05	2
13.6168	29.0895	-0.000291172	-7.0739e-05	2
12.9517	29.8941	-0.00029879	-8.90661e-05	2
12.2774	30.6948	-0.00030642	-0.000107976	2
11.5948	31.4915	-0.000314075	-0.00012743	2
10.9047	32.2842	-0.000321765	-0.000147391	2
10.2079	33.0731	-0.000329502	-0.000167819	2
9.50527	33.8581	-0.000337296	-0.000188677	2
8.79773	34.6392	-0.00034516	-0.000209926	2
8.08611	35.4166	-0.000353104	-0.000231529	2
7.37125	36.1902	-0.00036114	-0.000253446	2
6.65402	36.96	-0.000369279	-0.00027564	2
5.93526	37.7262	-0.000377532	-0.000298072	2
5.21584	38.4886	-0.000385911	-0.000320704	2
4.4966	39.2475	-0.000394427	-0.000343498	2
3.7784	40.0027	-0.000403091	-0.000366415	2
3.06211	40.7544	-0.000411915	-0.000389417	2
2.34856	41.5026	-0.000420909	-0.000412466	2
1.63862	42.2472	-0.000430086	-0.000435524	2
0.941222	42.9799	-0.000439347	-0.000458288	2
0.240994	43.7177	-0.000448919	-0.000481249	2
-0.453073	44.4521	-0.000458708	-0.000504105	2
-1.14012	45.1831	-0.000468723	-0.000526816	2
-1.8193	45.9108	-0.000478977	-0.000549345	2
-2.48976	46.6351	-0.00048948	-0.000571654	2
-3.15063	47.3563	-0.000500245	-0.000593703	2
-3.80107	48.0741	-0.000511282	-0.000615456	2
-4.44022	48.7888	-0.000522603	-0.000636873	2
-5.06722	49.5003	-0.000534218	-0.000657916	2
-5.68122	50.2087	-0.00054614	-0.000678548	2
-6.28137	50.914	-0.00055838	-0.000698729	2
-6.86681	51.6162	-0.000570948	-0.000718422	2
-7.43668	52.3154	-0.000583856	-0.000737588	2
-7.99014	53.0116	-0.000597116	-0.000756189	2
-8.52632	53.7048	-0.000610738	-0.000774186	2
-9.04437	54.3951	-0.000624734	-0.000791542	2
-9.54344	55.0825	-0.000639116	-0.000808218	2
-10.0227	55.767	-0.000653894	-0.000824176	2
-10.4812	56.4487	-0.000669081	-0.000839378	2
-10.9182	57.1275	-0.000684686	-0.000853785	2
-11.3328	57.8037	-0.000700722	-0.000867359	2
-11.7241	58.477	-0.000717199	-0.000880061	2
-12.0913	59.1477	-0.00073413	-0.000891855	2
-12.4298	59.8081	-0.000751322	-0.000902581	2
-12.7465	60.4735	-0.000769187	-0.000912452	2
-13.0366	61.1363	-0.000787539	-0.000921299	2
-13.2991	61.7966	-0.000806389	-0.000929083	2
-13.5332	62.4543	-0.000825748	-0.000935768	2
-13.7382	63.1095	-0.000845628	-0.000941313	2
-13.913	63.7622	-0.00086604	-0.000945682	2
-14.0569	64.4125	-0.000886995	-0.000948835	2
-14.169	65.0605	-0.000908505	-0.000950735	2
-14.2485	65.706	-0.000930581	-0.000951343	2
-14.2944	66.3492	-0.000953234	-0.000950621	2
-14.306	66.9902	-0.000976475	-0.000948531	2
-14.2823	67.6288	-0.00100032	-0.000945033	2
-14.2226	68.2652	-0.00102477	-0.000940091	2
-14.126	68.8995	-0.00104984	-0.000933666	2
-13.9916	69.5315	-0.00107555	-0.00092572	2
-13.8186	70.1614	-0.0011019	-0.000916213	2
-13.606	70.7893	-0.00112891	-0.000905109	2
-13.3531	71.415	-0.00115659	-0.000892368	2
-13.0591	72.0387	-0.00118494	-0.000877953	2
-12.7229	72.6605	-0.00121399	-0.000861825	2
-12.3439	73.2802	-0.00124374	-0.000843946	2
-11.9211	73.8981	-0.0012742	-0.000824277	2
-11.4593	74.5069	-0.00130502	-0.000803039	2
-10.9469	75.121	-0.00133693	-0.000779699	2
-10.3882	75.7333	-0.00136959	-0.000754454	2
-9.78232	76.3437	-0.001403	-0.000727268	2

74.9975	2.01172	-5.38351e-07	3.02234e-07	2
74.7699	3.01048	-4.62629e-05	2.56093e-05	2
74.5165	4.00228	-9.13813e-05	4.98451e-05	2
74.2403	4.97573	-0.000135379	7.27265e-05	2
73.9453	5.92025	-0.000177795	9.40321e-05	2
73.6251	6.85812	-0.000219637	0.000114276	2
73.2834	7.77858	-0.000260432	0.000133223	2
72.9207	8.68194	-0.000300204	0.000150891	2
72.5374	9.56852	-0.000338976	0.000167299	2
72.134	10.4386	-0.000376774	0.000182466	2
71.7109	11.2926	-0.000413621	0.000196411	2
71.2685	12.1307	-0.000449542	0.000209154	2
70.8074	12.9533	-0.00048456	0.000220712	2
70.3278	13.7607	-0.000518701	0.000231106	2
69.8304	14.5532	-0.000551988	0.000240354	2
69.3155	15.3312	-0.000584447	0.000248475	2
68.7836	16.0949	-0.0006161	0.000255488	2
68.2352	16.8446	-0.000646972	0.000261412	2
67.6705	17.5808	-0.000677088	0.000266266	2
67.0902	18.3036	-0.000706472	0.00027007	2
66.4947	19.0135	-0.000735149	0.000272841	2
65.8844	19.7106	-0.000763141	0.000274599	2
65.2597	20.3954	-0.000790474	0.000275363	2
64.6211	21.0682	-0.000817173	0.000275153	2
63.969	21.7293	-0.00084326	0.000273986	2
63.304	22.3789	-0.000868761	0.000271882	2
62.6342	23.0102	-0.000893416	0.0002689	2
61.9446	23.6381	-0.000917823	0.000264989	2
61.2432	24.2555	-0.000941716	0.000260198	2
60.5307	24.8628	-0.000965119	0.000254546	2
59.8073	25.4602	-0.000988057	0.000248051	2
59.0736	26.0482	-0.00101055	0.000240733	2
58.33	26.6269	-0.00103263	0.000232611	2
57.5769	27.1968	-0.00105432	0.000223703	2
56.8149	27.758	-0.00107564	0.000214029	2
56.0442	28.3111	-0.00109662	0.000203607	2
55.2654	28.8562	-0.00111727	0.000192457	2
54.4789	29.3937	-0.00113763	0.000180598	2
53.6852	29.9239	-0.00115772	0.000168048	2
52.8847	30.4471	-0.00117756	0.000154827	2
52.0779	30.9636	-0.00119718	0.000140953	2
51.2651	31.4738	-0.0012166	0.000126445	2
50.4469	31.9779	-0.00123585	0.000111324	2
49.6237	32.4763	-0.00125494	9.56062e-05	2
48.7959	32.9693	-0.00127391	7.93123e-05	2
47.964	33.4573	-0.00129278	6.24608e-05	2
47.1284	33.9404	-0.00131158	4.50708e-05	2
46.2896	34.4191	-0.00133032	2.71611e-05	2
45.448	34.8937	-0.00134903	8.7509e-06	2
44.6138	35.359	-0.00136752	-9.92114e-06	2
43.768	35.8263	-0.00138625	-2.92704e-05	2
42.9207	36.2903	-0.00140502	-4.90635e-05	2
42.0724	36.7515	-0.00142386	-6.92816e-05	2
41.2235	37.2101	-0.00144279	-8.99055e-05	2
40.3745	37.6665	-0.00146184	-0.000110916	2
39.5259	38.1209	-0.00148103	-0.000132295	2
38.678	38.5738	-0.00150039	-0.000154023	2
37.8313	39.0253	-0.00151993	-0.00017608	2
36.9863	39.4759	-0.00153969	-0.000198449	2
36.1434	39.9257	-0.00155969	-0.000221109	2
35.303	40.3753	-0.00157995	-0.000244043	2
34.4656	40.8248	-0.0016005	-0.000267231	2
33.6316	41.2745	-0.00162136	-0.000290653	2
32.8016	41.7249	-0.00164255	-0.000314292	2
31.9758	42.1762	-0.0016641	-0.000338127	2
31.1549	42.6287	-0.00168604	-0.000362141	2
30.3391	43.0828	-0.00170838	-0.000386314	2
29.529	43.5387	-0.00173116	-0.000410627	2
28.725	43.9969	-0.0017544	-0.000435061	2
27.9276	44.4575	-0.00177811	-0.000459597	2
27.1371	44.9209	-0.00180233	-0.000484217	2
26.3542	45.3874	-0.00182708	-0.0005089	2
25.579	45.8574	-0.00185239	-0.000533629	2
24.821	46.3257	-0.00187797	-0.000558099	2
24.0629	46.8035	-0.00190445	-0.000582861	2
23.314	47.2856	-0.00193155	-0.000607611	2
22.5748	47.7725	-0.00195931	-0.000632331	2
21.8457	48.2644	-0.00198774	-0.000657002	2
21.1271	48.7616	-0.00201686	-0.000681604	2
20.4195	49.2645	-0.00204672	-0.000706118	2
19.7234	49.7733	-0.00207732	-0.000730526	2
19.0391	50.2885	-0.00210869	-0.000754808	2
18.3672	50.8102	-0.00214086	-0.000778946	2
17.708	51.3389	-0.00217385	-0.000802921	2
17.0621	51.8748	-0.00220768	-0.000826713	2
16.4299	52.4182	-0.00224238	-0.000850303	2
15.8117	52.9695	-0.00227798	-0.000873673	2
15.2081	53.529	-0.00231449	-0.000896804	2
14.6195	54.097	-0.00235195	-0.000919677	2
14.0464	54.6738	-0.00239037	-0.000942272	2
13.4891	55.2597	-0.00242978	-0.000964571	2
12.9482	55.8551	-0.00247021	-0.000986554	2
12.424	56.4602	-0.00251168	-0.0010082	2
11.9171	57.0754	-0.00255421	-0.0010295	2
11.4278	57.7011	-0.00259782	-0.00105042	2
10.9567	58.3374	-0.00264255	-0.00107095	2
10.5092	58.9772	-0.00268788	-0.00109085	2
10.0754	59.6358	-0.00273489	-0.00111055	2
9.66108	60.306	-0.00278309	-0.0011298	2
9.26662	60.9882	-0.0028325	-0.00114858	2

124.998	2.01073	-6.23897e-07	-7.24141e-08	2
124.858	2.93285	-5.19955e-05	-5.67424e-06	2
124.711	3.8642	-9.94146e-05	-1.00961e-05	2
124.559	4.79407	-0.000142323	-1.32862e-05	2
124.405	5.71181	-0.000180369	-1.52494e-05	2
124.244	6.63879	-0.000214503	-1.60518e-05	2
124.079	7.56433	-0.000244322	-1.56843e-05	2
123.91	8.48845	-0.000269892	-1.41678e-05	2
123.736	9.41116	-0.00029128	-1.15228e-05	2
123.558	10.3325	-0.00030855	-7.77005e-06	2
123.376	11.2524	-0.000321769	-2.93031e-06	2
123.191	12.171	-0.000331002	2.97575e-06	2
123.001	13.0883	-0.000336315	9.92743e-06	2
122.808	14.0042	-0.000337773	1.7904e-05	2
122.611	14.9188	-0.000335442	2.68848e-05	2
122.41	15.8322	-0.000329389	3.68491e-05	2
122.207	16.7442	-0.000319678	4.77762e-05	2
121.999	17.6549	-0.000306376	5.96454e-05	2
121.789	18.5645	-0.000289548	7.2436e-05	2
121.575	19.4727	-0.00026926	8.61274e-05	2
121.359	20.3798	-0.000245577	0.000100699	2
121.139	21.2856	-0.000218565	0.000116129	2
120.917	22.1903	-0.000188291	0.000132398	2
120.692	23.0938	-0.000154819	0.000149485	2
120.464	23.9961	-0.000118216	0.00016737	2
120.234	24.8973	-7.85464e-05	0.00018603	2
120.004	25.787	-3.63842e-05	0.00020522	2
119.769	26.6859	9.18629e-06	0.000225363	2
119.532	27.5837	5.76263e-05	0.000246221	2
119.292	28.4805	0.00010887	0.000267772	2
119.051	29.3762	0.000162852	0.000289997	2
118.807	30.2708	0.000219506	0.000312875	2
118.562	31.1644	0.000278767	0.000336384	2
118.315	32.057	0.000340569	0.000360504	2
118.066	32.9485	0.000404846	0.000385215	2
117.816	33.8391	0.000471532	0.000410496	2
117.564	34.7286	0.000540562	0.000436325	2
117.311	35.6173	0.000611871	0.000462683	2
117.057	36.5049	0.000685391	0.000489548	2
116.802	37.3917	0.000761059	0.0005169	2
116.545	38.2775	0.000838807	0.000544719	2
116.288	39.1624	0.000918571	0.000572982	2
116.029	40.0464	0.00100028	0.000601671	2
115.77	40.9295	0.00108388	0.000630764	2
115.51	41.8118	0.0011693	0.00066024	2
115.25	42.6933	0.00125646	0.000690078	2
114.989	43.5739	0.00134532	0.000720259	2
114.728	44.4537	0.00143579	0.000750761	2
114.466	45.3327	0.00152782	0.000781563	2
114.208	46.2009	0.00162026	0.000812287	2
113.946	47.0783	0.00171519	0.000843626	2
113.684	47.955	0.00181147	0.000875203	2
113.423	48.831	0.00190905	0.000906998	2
113.162	49.7063	0.00200786	0.000938991	2
112.901	50.5808	0.00210783	0.00097116	2
112.64	51.4547	0.00220889	0.00100348	2
112.38	52.3279	0.00231099	0.00103594	2
112.12	53.2004	0.00241405	0.00106852	2
111.862	54.0723	0.002518	0.00110119	2
111.604	54.9435	0.00262279	0.00113393	2
111.347	55.8142	0.00272835	0.00116672	2
111.091	56.6842	0.00283461	0.00119955	2
110.836	57.5536	0.00294151	0.00123239	2
110.582	58.4225	0.00304898	0.00126521	2
110.33	59.2908	0.00315695	0.00129801	2
110.079	60.1586	0.00326536	0.00133075	2
109.829	61.0259	0.00337414	0.00136343	2
109.581	61.8926	0.00348323	0.00139601	2
109.335	62.7589	0.00359257	0.00142847	2
109.091	63.6247	0.00370207	0.00146081	2
108.848	64.49	0.00381169	0.00149299	2
108.608	65.3548	0.00392136	0.00152499	2
108.369	66.2193	0.004031	0.0015568	2
108.136	67.0734	0.0041393	0.00158803	2
107.902	67.937	0.0042487	0.00161938	2
107.67	68.8002	0.00435789	0.00165048	2
107.441	69.663	0.00446679	0.0016813	2
107.215	70.5255	0.00457535	0.00171182	2
106.991	71.3877	0.00468349	0.00174202	2
106.77	72.2495	0.00479115	0.00177188	2
106.552	73.111	0.00489826	0.00180138	2
106.337	73.9722	0.00500477	0.00183049	2
106.125	74.8332	0.00511059	0.0018592	2
105.916	75.6938	0.00521567	0.00188749	2
105.71	76.5543	0.00531995	0.00191534	2
105.508	77.4144	0.00542334	0.00194272	2
105.309	78.2744	0.0055258	0.00196961	2
105.114	79.1341	0.00562725	0.001996	2
104.923	79.9937	0.00572763	0.00202186	2
104.735	80.8531	0.00582688	0.00204717	2
104.551	81.7123	0.00592492	0.00207192	2
104.371	82.5714	0.00602169	0.00209607	2
104.195	83.4303	0.00611712	0.00211962	2
104.024	84.2892	0.00621116	0.00214253	2
103.856	85.1479	0.00630373	0.0021648	2
103.693	86.0066	0.00639477	0.00218639	2
103.536	86.8553	0.00648319	0.00220705	2
103.382	87.7138	0.00657098	0.00222724	2
103.233	88.5723	0.00665705	0.0022467	2
103.088	89.4307	0.00674133	0.00226541	2

