-125.004	2.01357	6.85673e-08	2.67326e-07	2
-125.371	3.16813	5.79904e-06	2.3114e-05	2
-125.764	4.31177	1.12616e-05	4.59415e-05	2
-126.176	5.43131	1.63875e-05	6.84881e-05	2
-126.603	6.51471	2.11237e-05	9.05047e-05	2
-127.055	7.58756	2.55804e-05	0.000112509	2
-127.526	8.63753	2.97003e-05	0.000134248	2
-128.016	9.66504	3.34836e-05	0.000155728	2
-128.524	10.6705	3.69301e-05	0.000176955	2
-129.051	11.6543	4.00399e-05	0.000197933	2
-129.595	12.6168	4.28129e-05	0.000218668	2
-130.156	13.5585	4.5249e-05	0.000239166	2
-130.735	14.4798	4.73483e-05	0.000259432	2
-131.33	15.381	4.91107e-05	0.000279472	2
-131.941	16.2627	5.05362e-05	0.000299291	2
-132.567	17.1251	5.16247e-05	0.000318894	2
-133.21	17.9687	5.23762e-05	0.000338287	2
-133.867	18.7939	5.27907e-05	0.000357475	2
-134.539	19.6011	5.28681e-05	0.000376465	2
-135.225	20.3908	5.26084e-05	0.00039526	2
-135.925	21.1632	5.20115e-05	0.000413868	2
-136.639	21.9189	5.10775e-05	0.000432292	2
-137.366	22.6582	4.98063e-05	0.000450539	2
-138.105	23.3816	4.81979e-05	0.000468615	2
-138.857	24.0894	4.62521e-05	0.000486524	2
-139.621	24.7821	4.39691e-05	0.000504272	2
-140.388	25.4524	4.13808e-05	0.000521663	2
-141.175	26.1162	3.84269e-05	0.000539108	2
-141.972	26.766	3.51357e-05	0.000556407	2
-142.78	27.4024	3.1507e-05	0.000573568	2
-143.598	28.0256	2.75408e-05	0.000590595	2
-144.426	28.6361	2.32371e-05	0.000607493	2
-145.263	29.2343	1.85959e-05	0.000624269	2
-146.109	29.8207	1.3617e-05	0.000640927	2
-146.964	30.3955	8.30062e-06	0.000657474	2
-147.827	30.9593	2.64655e-06	0.000673914	2
-148.698	31.5124	-3.3452e-06	0.000690253	2
-149.576	32.0553	-9.67467e-06	0.000706497	2
-150.461	32.5883	-1.63419e-05	0.000722651	2
-151.353	33.1118	-2.33469e-05	0.00073872	2
-152.251	33.6263	-3.06897e-05	0.00075471	2
-153.155	34.1322	-3.83703e-05	0.000770627	2
-154.065	34.6298	-4.63889e-05	0.000786475	2
-154.98	35.1197	-5.47453e-05	0.00080226	2
-155.9	35.6021	-6.34398e-05	0.000817989	2
-156.824	36.0775	-7.24722e-05	0.000833665	2
-157.752	36.5463	-8.18426e-05	0.000849295	2
-158.683	37.0089	-9.15511e-05	0.000864884	2
-159.618	37.4657	-0.000101598	0.000880438	2
-160.545	37.912	-0.000111861	0.000895783	2
-161.486	38.3585	-0.00012258	0.000911283	2
-162.428	38.8005	-0.000133637	0.000926763	2
-163.372	39.2383	-0.000145033	0.00094223	2
-164.318	39.6724	-0.000156766	0.000957689	2
-165.265	40.1031	-0.000168838	0.000973144	2
-166.212	40.5308	-0.000181248	0.000988603	2
-167.159	40.956	-0.000193997	0.00100407	2
-168.106	41.3791	-0.000207084	0.00101955	2
-169.053	41.8005	-0.000220509	0.00103505	2
-169.999	42.2206	-0.000234273	0.00105057	2
-170.943	42.6398	-0.000248376	0.00106613	2
-171.886	43.0584	-0.000262817	0.00108172	2
-172.827	43.477	-0.000277596	0.00109735	2
-173.765	43.8959	-0.000292714	0.00111302	2
-174.701	44.3155	-0.000308171	0.00112875	2
-175.633	44.7363	-0.000323966	0.00114454	2
-176.562	45.1585	-0.0003401	0.00116039	2
-177.487	45.5828	-0.000356573	0.0011763	2
-178.407	46.0093	-0.000373385	0.00119229	2
-179.323	46.4387	-0.000390535	0.00120836	2
-180.234	46.8712	-0.000408024	0.00122452	2
-181.139	47.3072	-0.000425853	0.00124076	2
-182.038	47.7473	-0.00044402	0.0012571	2
-182.921	48.1866	-0.000462311	0.00127335	2
-183.808	48.6357	-0.000481152	0.0012899	2
-184.688	49.0901	-0.000500332	0.00130656	2
-185.56	49.5501	-0.000519851	0.00132333	2
-186.424	50.016	-0.000539709	0.00134023	2
-187.281	50.4884	-0.000559906	0.00135726	2
-188.129	50.9676	-0.000580443	0.00137442	2
-188.968	51.4541	-0.000601318	0.00139172	2
-189.797	51.9482	-0.000622533	0.00140916	2
-190.617	52.4503	-0.000644087	0.00142676	2
-191.428	52.9609	-0.000665981	0.0014445	2
-192.227	53.4803	-0.000688213	0.00146242	2
-193.016	54.009	-0.000710785	0.00148049	2
-193.794	54.5474	-0.000733697	0.00149874	2
-194.56	55.0958	-0.000756947	0.00151717	2
-195.314	55.6547	-0.000780538	0.00153578	2
-196.056	56.2246	-0.000804467	0.00155457	2
-196.785	56.8057	-0.000828737	0.00157356	2
-197.501	57.3985	-0.000853345	0.00159275	2
-198.204	58.0035	-0.000878294	0.00161215	2
-198.893	58.621	-0.000903582	0.00163175	2
-199.568	59.2514	-0.000929209	0.00165157	2
-200.228	59.8951	-0.000955177	0.00167161	2
-200.866	60.545	-0.000981179	0.00169165	2
-201.496	61.2164	-0.00100782	0.00171214	2
-202.11	61.9024	-0.00103481	0.00173288	2
-202.708	62.6034	-0.00106213	0.00175386	2

-75.0047	2.01171	-2.77301e-07	3.36824e-07	2
-75.4002	3.01831	-2.30836e-05	2.8982e-05	2
-75.7864	4.03581	-4.40762e-05	5.73192e-05	2
-76.1588	5.05249	-6.30029e-05	8.50204e-05	2
-76.5136	6.05669	-7.97058e-05	0.000111787	2
-76.859	7.07178	-9.4598e-05	0.00013825	2
-77.1911	8.08606	-0.000107499	0.000164104	2
-77.51	9.09956	-0.000118433	0.000189358	2
-77.8158	10.1123	-0.000127425	0.000214021	2
-78.1088	11.1242	-0.0001345	0.000238102	2
-78.3891	12.1353	-0.000139682	0.000261609	2
-78.6567	13.1457	-0.000142998	0.000284552	2
-78.912	14.1553	-0.000144471	0.000306939	2
-79.155	15.1641	-0.000144127	0.000328781	2
-79.3859	16.1722	-0.000141991	0.000350084	2
-79.6048	17.1795	-0.000138087	0.00037086	2
-79.812	18.186	-0.000132439	0.000391115	2
-80.0075	19.1919	-0.000125075	0.000410861	2
-80.1915	20.1969	-0.000116017	0.000430105	2
-80.3642	21.2013	-0.000105291	0.000448856	2
-80.5257	22.2048	-9.29212e-05	0.000467123	2
-80.6762	23.2077	-7.89336e-05	0.000484916	2
-80.8158	24.2098	-6.33525e-05	0.000502244	2
-80.9447	25.2113	-4.62029e-05	0.000519114	2
-81.0631	26.212	-2.75096e-05	0.000535537	2
-81.171	27.2119	-7.29744e-06	0.000551521	2
-81.2677	28.1997	1.41507e-05	0.000566899	2
-81.3554	29.1983	3.7309e-05	0.000582037	2
-81.4332	30.1962	6.19117e-05	0.000596763	2
-81.5012	31.1934	8.79339e-05	0.000611086	2
-81.5595	32.1899	0.000115351	0.000625015	2
-81.6084	33.1857	0.000144137	0.000638559	2
-81.648	34.1809	0.000174269	0.000651727	2
-81.6784	35.1753	0.00020572	0.000664527	2
-81.6998	36.1691	0.000238467	0.00067697	2
-81.7123	37.1623	0.000272484	0.000689063	2
-81.7162	38.1547	0.000307746	0.000700816	2
-81.7115	39.1465	0.000344228	0.000712238	2
-81.6983	40.1377	0.000381906	0.000723337	2
-81.677	41.1282	0.000420755	0.000734123	2
-81.6476	42.118	0.000460749	0.000744605	2
-81.6102	43.1072	0.000501865	0.000754791	2
-81.5651	44.0958	0.000544076	0.00076469	2
-81.5124	45.0838	0.000587358	0.000774312	2
-81.4521	46.0711	0.000631687	0.000783666	2
-81.3846	47.0578	0.000677037	0.00079276	2
-81.31	48.0439	0.000723383	0.000801604	2
-81.2283	49.0294	0.000770701	0.000810205	2
-81.1398	50.0142	0.000818966	0.000818574	2
-81.0457	50.9872	0.000867582	0.000826627	2
-80.9441	51.9709	0.000917655	0.000834561	2
-80.836	52.9539	0.0009686	0.000842288	2
-80.7217	53.9364	0.00102039	0.000849818	2
-80.6014	54.9183	0.00107301	0.00085716	2
-80.4752	55.8996	0.00112642	0.000864324	2
-80.3431	56.8804	0.00118061	0.000871317	2
-80.2055	57.8606	0.00123554	0.000878149	2
-80.0624	58.8402	0.0012912	0.00088483	2
-79.9141	59.8192	0.00134755	0.000891367	2
-79.7605	60.7977	0.00140458	0.00089777	2
-79.602	61.7756	0.00146226	0.000904048	2
-79.4387	62.753	0.00152056	0.000910209	2
-79.2707	63.7298	0.00157945	0.000916263	2
-79.0982	64.7061	0.00163893	0.000922219	2
-78.9212	65.6819	0.00169895	0.000928086	2
-78.7401	66.6571	0.00175949	0.000933873	2
-78.555	67.6318	0.00182053	0.000939587	2
-78.3659	68.606	0.00188205	0.00094524	2
-78.173	69.5796	0.00194402	0.000950839	2
-77.9766	70.5527	0.00200641	0.000956394	2
-77.7767	71.5254	0.0020692	0.000961913	2
-77.5736	72.4975	0.00213236	0.000967405	2
-77.3673	73.4691	0.00219588	0.00097288	2
-77.1605	74.4291	0.00225898	0.000978284	2
-76.9484	75.3998	0.00232312	0.00098375	2
-76.7337	76.3699	0.00238753	0.000989226	2
-76.5165	77.3396	0.00245219	0.00099472	2
-76.2969	78.3088	0.00251708	0.00100024	2
-76.0752	79.2775	0.00258217	0.0010058	2
-75.8513	80.2458	0.00264743	0.0010114	2
-75.6256	81.2136	0.00271284	0.00101706	2
-75.3981	82.1809	0.00277838	0.00102278	2
-75.1691	83.1478	0.00284402	0.00102857	2
-74.9386	84.1143	0.00290974	0.00103444	2
-74.7069	85.0802	0.00297551	0.0010404	2
-74.474	86.0458	0.00304131	0.00104646	2
-74.2402	87.0109	0.0031071	0.00105263	2
-74.0056	87.9756	0.00317288	0.00105892	2
-73.7703	88.9398	0.0032386	0.00106533	2
-73.5345	89.9037	0.00330425	0.00107187	2
-73.2984	90.8671	0.00336981	0.00107856	2
-73.062	91.8301	0.00343524	0.00108541	2
-72.8257	92.7926	0.00350052	0.00109241	2
-72.5894	93.7548	0.00356563	0.00109958	2
-72.3535	94.7166	0.00363054	0.00110694	2
-72.1179	95.678	0.00369524	0.00111448	2
-71.8857	96.6279	0.00375894	0.00112213	2
-71.6515	97.5885	0.00382311	0.00113008	2
-71.4181	98.5488	0.00388699	0.00113824	2
-71.1858	99.5086	0.00395055	0.00114662	2

-25.0013	2.01339	-5.17009e-07	1.33133e-07	2
-25.0981	3.15268	-4.45215e-05	1.1438e-05	2
-25.1634	4.28037	-8.81235e-05	2.25895e-05	2
-25.1964	5.38337	-0.000130818	3.3464e-05	2
-25.1979	6.44974	-0.00017214	4.39503e-05	2
-25.1682	7.5046	-0.000213063	5.43015e-05	2
-25.1076	8.53573	-0.000253113	6.44035e-05	2
-25.0167	9.54344	-0.000292302	7.42656e-05	2
-24.8959	10.528	-0.000330641	8.38971e-05	2
-24.7456	11.4899	-0.000368142	9.33073e-05	2
-24.5664	12.4292	-0.000404816	0.000102505	2
-24.3587	13.3464	-0.000440675	0.000111501	2
-24.123	14.2418	-0.000475731	0.000120303	2
-23.8598	15.1157	-0.000509996	0.000128922	2
-23.5695	15.9683	-0.00054348	0.000137365	2
-23.2527	16.8001	-0.000576197	0.000145643	2
-22.9097	17.6113	-0.000608156	0.000153766	2
-22.5411	18.4023	-0.000639371	0.000161741	2
-22.1473	19.1733	-0.000669852	0.000169579	2
-21.7288	19.9247	-0.000699612	0.000177289	2
-21.2861	20.6568	-0.000728661	0.00018488	2
-20.8197	21.37	-0.000757012	0.000192361	2
-20.33	22.0645	-0.000784676	0.000199743	2
-19.8176	22.7406	-0.000811665	0.000207034	2
-19.2828	23.3987	-0.000837991	0.000214243	2
-18.7261	24.0391	-0.000863664	0.00022138	2
-18.1549	24.6551	-0.000888413	0.000228373	2
-17.5562	25.2612	-0.000912825	0.000235394	2
-16.9371	25.8505	-0.00093662	0.00024237	2
-16.298	26.4234	-0.00095981	0.000249312	2
-15.6395	26.9802	-0.000982406	0.000256228	2
-14.9619	27.5212	-0.00100442	0.000263127	2
-14.2659	28.0467	-0.00102586	0.00027002	2
-13.5517	28.5569	-0.00104675	0.000276914	2
-12.82	29.0524	-0.00106708	0.00028382	2
-12.0712	29.5333	-0.00108689	0.000290747	2
-11.3057	29.9999	-0.00110616	0.000297704	2
-10.5241	30.4527	-0.00112493	0.000304701	2
-9.72678	30.8918	-0.00114319	0.000311747	2
-8.91424	31.3177	-0.00116097	0.00031885	2
-8.08697	31.7306	-0.00117827	0.000326021	2
-7.24543	32.1309	-0.0011951	0.000333269	2
-6.3901	32.5189	-0.00121148	0.000340603	2
-5.52145	32.8948	-0.00122742	0.000348032	2
-4.63995	33.2591	-0.00124292	0.000355566	2
-3.74609	33.6119	-0.00125801	0.000363214	2
-2.84033	33.9538	-0.00127269	0.000370986	2
-1.92314	34.2848	-0.00128697	0.00037889	2
-0.995004	34.6055	-0.00130087	0.000386936	2
-0.0672404	34.9125	-0.00131424	0.000395038	2
0.881258	35.2134	-0.00132741	0.000403394	2
1.83929	35.5048	-0.00134023	0.00041192	2
2.80638	35.7871	-0.00135271	0.000420625	2
3.78205	36.0605	-0.00136487	0.000429518	2
4.76584	36.3253	-0.00137671	0.00043861	2
5.75726	36.582	-0.00138825	0.000447908	2
6.75585	36.8308	-0.0013995	0.000457423	2
7.76112	37.072	-0.00141047	0.000467163	2
8.77261	37.3059	-0.00142117	0.000477139	2
9.78984	37.533	-0.00143161	0.000487359	2
10.8123	37.7533	-0.00144181	0.000497832	2
11.8396	37.9674	-0.00145178	0.000508569	2
12.8712	38.1755	-0.00146153	0.000519578	2
13.9067	38.3779	-0.00147106	0.000530868	2
14.9455	38.575	-0.0014804	0.00054245	2
15.9872	38.7671	-0.00148955	0.000554331	2
17.0314	38.9544	-0.00149853	0.000566523	2
18.0775	39.1373	-0.00150734	0.000579033	2
19.125	39.3161	-0.00151601	0.000591871	2
20.1736	39.4912	-0.00152453	0.000605047	2
21.2227	39.6628	-0.00153292	0.00061857	2
22.2718	39.8313	-0.0015412	0.000632449	2
23.3206	39.9969	-0.00154938	0.000646694	2
24.3564	40.1582	-0.00155736	0.000661143	2
25.4028	40.3192	-0.00156536	0.000676142	2
26.4475	40.4783	-0.00157329	0.000691534	2
27.4898	40.6359	-0.00158116	0.000707329	2
28.5294	40.7922	-0.00158899	0.000723536	2
29.5657	40.9477	-0.00159678	0.000740164	2
30.5982	41.1025	-0.00160454	0.000757223	2
31.6266	41.257	-0.0016123	0.000774721	2
32.6503	41.4116	-0.00162005	0.000792669	2
33.6688	41.5665	-0.00162781	0.000811076	2
34.6817	41.7221	-0.0016356	0.00082995	2
35.6884	41.8786	-0.00164343	0.000849301	2
36.6886	42.0365	-0.0016513	0.000869139	2
37.6818	42.196	-0.00165922	0.000889473	2
38.6674	42.3574	-0.00166722	0.000910312	2
39.6451	42.5211	-0.0016753	0.000931665	2
40.6142	42.6873	-0.00168347	0.000953543	2
41.5744	42.8564	-0.00169175	0.000975953	2
42.5252	43.0287	-0.00170014	0.000998906	2
43.4661	43.2046	-0.00170866	0.00102241	2
44.3966	43.3843	-0.00171732	0.00104648	2
45.3163	43.5681	-0.00172613	0.00107111	2
46.2247	43.7564	-0.0017351	0.00109633	2
47.111	43.9473	-0.00174414	0.00112183	2
47.9955	44.1454	-0.00175348	0.00114823	2
48.8672	44.349	-0.00176301	0.00117523	2
49.7258	44.5583	-0.00177275	0.00120285	2

24.9921	2.01291	-1.80808e-07	2.27784e-07	2
24.3306	3.11786	-1.59788e-05	1.96849e-05	2
23.6967	4.2252	-3.2451e-05	3.91035e-05	2
23.0979	5.32205	-4.94023e-05	5.82583e-05	2
22.5399	6.39601	-6.66157e-05	7.69358e-05	2
22.0096	7.47207	-8.44773e-05	9.55726e-05	2
21.5132	8.53771	-0.000102776	0.000113952	2
21.0502	9.59296	-0.000121496	0.000132077	2
20.6203	10.6378	-0.000140624	0.00014995	2
20.2231	11.6724	-0.000160147	0.000167572	2
19.8581	12.6966	-0.000180048	0.000184947	2
19.5251	13.7106	-0.000200315	0.000202076	2
19.2236	14.7142	-0.000220933	0.000218961	2
18.9531	15.7077	-0.000241888	0.000235606	2
18.7134	16.6909	-0.000263165	0.000252012	2
18.5039	17.6639	-0.000284751	0.000268181	2
18.3244	18.6268	-0.00030663	0.000284117	2
18.1744	19.5795	-0.00032879	0.00029982	2
18.0535	20.5221	-0.000351214	0.000315294	2
17.9613	21.4546	-0.00037389	0.000330541	2
17.8974	22.3771	-0.000396803	0.000345563	2
17.8615	23.2895	-0.000419939	0.000360362	2
17.8531	24.1919	-0.000443283	0.000374941	2
17.8718	25.0843	-0.000466822	0.000389302	2
17.9173	25.9668	-0.00049054	0.000403447	2
17.9891	26.8393	-0.000514424	0.000417379	2
18.0855	27.692	-0.000538183	0.000430942	2
18.2085	28.5449	-0.000562354	0.000444456	2
18.3567	29.3878	-0.000586648	0.000457763	2
18.5296	30.221	-0.000611052	0.000470866	2
18.7269	31.0443	-0.00063555	0.000483767	2
18.9481	31.8579	-0.000660128	0.000496468	2
19.193	32.6616	-0.000684773	0.000508972	2
19.461	33.4557	-0.000709469	0.00052128	2
19.7517	34.24	-0.000734203	0.000533396	2
20.0649	35.0147	-0.00075896	0.000545321	2
20.4	35.7797	-0.000783726	0.000557058	2
20.7567	36.535	-0.000808488	0.000568609	2
21.1347	37.2808	-0.00083323	0.000579976	2
21.5334	38.0169	-0.000857938	0.000591161	2
21.9525	38.7436	-0.000882598	0.000602168	2
22.3916	39.4606	-0.000907196	0.000612998	2
22.8503	40.1682	-0.000931718	0.000623653	2
23.3282	40.8663	-0.000956149	0.000634136	2
23.825	41.5549	-0.000980475	0.000644449	2
24.3401	42.2341	-0.00100468	0.000654594	2
24.8733	42.9039	-0.00102876	0.000664574	2
25.4241	43.5643	-0.00105268	0.000674391	2
25.9921	44.2154	-0.00107645	0.000684048	2
26.5702	44.8498	-0.00109976	0.000693437	2
27.1713	45.4823	-0.00112316	0.000702781	2
27.7884	46.1056	-0.00114636	0.00071197	2
28.4212	46.7196	-0.00116933	0.000721008	2
29.0693	47.3243	-0.00119208	0.000729896	2
29.7322	47.9199	-0.00121457	0.000738638	2
30.4095	48.5062	-0.00123681	0.000747235	2
31.101	49.0835	-0.00125877	0.000755689	2
31.8061	49.6516	-0.00128044	0.000764003	2
32.5244	50.2106	-0.0013018	0.00077218	2
33.2556	50.7605	-0.00132285	0.00078022	2
33.9993	51.3013	-0.00134356	0.000788128	2
34.7551	51.8332	-0.00136393	0.000795904	2
35.5226	52.356	-0.00138393	0.000803552	2
36.3013	52.8699	-0.00140356	0.000811073	2
37.091	53.3748	-0.0014228	0.000818471	2
37.8911	53.8707	-0.00144164	0.000825746	2
38.7013	54.3578	-0.00146005	0.000832902	2
39.5212	54.836	-0.00147804	0.000839941	2
40.3505	55.3054	-0.00149558	0.000846865	2
41.1886	55.7659	-0.00151265	0.000853676	2
42.0353	56.2176	-0.00152925	0.000860377	2
42.89	56.6606	-0.00154537	0.00086697	2
43.7525	57.0948	-0.00156097	0.000873457	2
44.6123	57.5154	-0.00157589	0.000879768	2
45.4889	57.9323	-0.00159046	0.000886051	2
46.3721	58.3405	-0.00160447	0.000892236	2
47.2614	58.74	-0.00161793	0.000898324	2
48.1565	59.1309	-0.00163081	0.000904318	2
49.0569	59.5133	-0.00164311	0.00091022	2
49.9623	59.887	-0.0016548	0.000916032	2
50.8722	60.2523	-0.00166587	0.000921756	2
51.7862	60.6089	-0.00167631	0.000927396	2
52.7041	60.9571	-0.0016861	0.000932952	2
53.6252	61.2969	-0.00169523	0.000938428	2
54.5494	61.6281	-0.00170369	0.000943826	2
55.4761	61.951	-0.00171146	0.000949148	2
56.405	62.2654	-0.00171853	0.000954396	2
57.3357	62.5715	-0.00172488	0.000959573	2
58.2677	62.8693	-0.00173049	0.00096468	2
59.2008	63.1587	-0.00173537	0.000969721	2
60.1344	63.4398	-0.00173948	0.000974697	2
61.0682	63.7127	-0.00174281	0.000979611	2
62.0018	63.9773	-0.00174536	0.000984466	2
62.9348	64.2337	-0.00174711	0.000989262	2
63.8668	64.4819	-0.00174803	0.000994003	2
64.7974	64.7219	-0.00174813	0.000998692	2
65.7156	64.9512	-0.00174739	0.00100328	2
66.6423	65.175	-0.0017458	0.00100787	2
67.5663	65.3908	-0.00174332	0.00101241	2
68.4875	65.5985	-0.00173996	0.00101691	2

74.9971	2.00992	1.31251e-07	5.81444e-08	2
74.7423	2.86652	1.02647e-05	4.63556e-06	2
74.4739	3.73951	1.82205e-05	8.43129e-06	2
74.1951	4.6187	2.39072e-05	1.14113e-05	2
73.9098	5.49367	2.73371e-05	1.35791e-05	2
73.612	6.3845	2.86294e-05	1.5009e-05	2
73.3052	7.28083	2.77711e-05	1.56954e-05	2
72.99	8.18241	2.48018e-05	1.56625e-05	2
72.6669	9.089	1.97613e-05	1.49344e-05	2
72.3364	10.0004	1.26891e-05	1.35352e-05	2
71.9988	10.9162	3.62505e-06	1.14893e-05	2
71.6547	11.8364	-7.39129e-06	8.82062e-06	2
71.3046	12.7606	-2.03202e-05	5.55342e-06	2
70.949	13.6886	-3.51221e-05	1.71184e-06	2
70.5882	14.6202	-5.17572e-05	-2.67997e-06	2
70.2229	15.555	-7.01859e-05	-7.59785e-06	2
69.8534	16.493	-9.03685e-05	-1.30176e-05	2
69.4803	17.4337	-0.000112265	-1.89152e-05	2
69.1039	18.3771	-0.000135837	-2.52663e-05	2
68.7249	19.3228	-0.000161043	-3.20469e-05	2
68.3436	20.2706	-0.000187845	-3.92328e-05	2
67.9606	21.2203	-0.000216202	-4.67998e-05	2
67.5763	22.1716	-0.000246075	-5.47238e-05	2
67.1912	23.1243	-0.000277424	-6.29806e-05	2
66.8058	24.0781	-0.00031021	-7.15461e-05	2
66.4206	25.0328	-0.000344392	-8.03961e-05	2
66.0403	25.9772	-0.000379516	-8.94003e-05	2
65.6568	26.9329	-0.000416358	-9.87442e-05	2
65.2748	27.8889	-0.000454479	-0.0001083	2
64.8948	28.8447	-0.000493838	-0.000118045	2
64.5174	29.8003	-0.000534397	-0.000127953	2
64.143	30.7553	-0.000576115	-0.000138002	2
63.772	31.7095	-0.000618952	-0.000148165	2
63.405	32.6627	-0.000662869	-0.000158421	2
63.0424	33.6145	-0.000707827	-0.000168744	2
62.6847	34.5649	-0.000753785	-0.00017911	2
62.3324	35.5135	-0.000800704	-0.000189495	2
61.986	36.4601	-0.000848545	-0.000199875	2
61.6459	37.4044	-0.000897267	-0.000210226	2
61.3125	38.3463	-0.000946831	-0.000220523	2
60.9865	39.2854	-0.000997197	-0.000230743	2
60.6682	40.2215	-0.00104833	-0.000240861	2
60.3581	41.1545	-0.00110018	-0.000250853	2
60.0568	42.0839	-0.00115271	-0.000260695	2
59.7646	43.0097	-0.00120589	-0.000270363	2
59.4821	43.9315	-0.00125967	-0.000279833	2
59.2097	44.8492	-0.00131402	-0.00028908	2
58.9479	45.7624	-0.00136889	-0.00029808	2
58.6972	46.6709	-0.00142425	-0.00030681	2
58.4608	47.5642	-0.00147941	-0.000315149	2
58.2335	48.4627	-0.00153561	-0.000323269	2
58.0188	49.3559	-0.00159218	-0.000331045	2
57.817	50.2434	-0.00164907	-0.000338454	2
57.6287	51.1251	-0.00170626	-0.000345472	2
57.4543	52.0006	-0.00176369	-0.000352074	2
57.2944	52.8697	-0.00182133	-0.000358237	2
57.1493	53.7323	-0.00187913	-0.000363936	2
57.0196	54.588	-0.00193707	-0.000369147	2
56.9057	55.4367	-0.00199509	-0.000373845	2
56.8081	56.278	-0.00205316	-0.000378008	2
56.7274	57.1117	-0.00211124	-0.00038161	2
56.6638	57.9376	-0.00216929	-0.000384628	2
56.618	58.7555	-0.00222727	-0.000387037	2
56.5905	59.5651	-0.00228514	-0.000388813	2
56.5816	60.3661	-0.00234287	-0.000389931	2
56.5919	61.1584	-0.0024004	-0.000390369	2
56.6218	61.9416	-0.0024577	-0.000390101	2
56.6718	62.7156	-0.00251474	-0.000389104	2
56.7424	63.4801	-0.00257147	-0.000387353	2
56.8341	64.2348	-0.00262785	-0.000384825	2
56.9474	64.9795	-0.00268384	-0.000381494	2
57.0826	65.714	-0.0027394	-0.000377337	2
57.2404	66.4381	-0.0027945	-0.00037233	2
57.4189	67.1432	-0.00284847	-0.000366521	2
57.6228	67.8457	-0.00290252	-0.000359752	2
57.8506	68.537	-0.00295599	-0.000352059	2
58.1028	69.2169	-0.00300883	-0.000343421	2
58.3799	69.885	-0.00306101	-0.000333811	2
58.6823	70.5413	-0.00311249	-0.000323206	2
59.0105	71.1854	-0.00316322	-0.000311583	2
59.3651	71.817	-0.00321316	-0.000298916	2
59.7463	72.4361	-0.00326228	-0.000285181	2
60.1549	73.0422	-0.00331054	-0.000270355	2
60.5912	73.6352	-0.0033579	-0.000254413	2
61.0556	74.2148	-0.00340432	-0.000237332	2
61.5487	74.7808	-0.00344975	-0.000219086	2
62.071	75.333	-0.00349416	-0.000199652	2
62.6229	75.871	-0.00353751	-0.000179006	2
63.2049	76.3948	-0.00357976	-0.000157123	2
63.8175	76.9039	-0.00362087	-0.000133979	2
64.4611	77.3982	-0.0036608	-0.000109551	2
65.1363	77.8774	-0.0036995	-8.38135e-05	2
65.8435	78.3413	-0.00373695	-5.6743e-05	2
66.5831	78.7897	-0.0037731	-2.83152e-05	2
67.3557	79.2223	-0.00380791	1.49411e-06	2
68.1617	79.6388	-0.00384134	3.2709e-05	2
68.9918	80.0346	-0.003873	6.49703e-05	2
69.8657	80.4185	-0.00390357	9.90521e-05	2
70.7744	80.7857	-0.00393264	0.000134612	2
71.7185	81.1359	-0.00396018	0.000171673	2

124.999	2.012	-1.85255e-07	1.27014e-07	2
124.939	3.03734	-1.56616e-05	1.04444e-05	2
124.847	4.06118	-3.0421e-05	1.96833e-05	2
124.724	5.07173	-4.43073e-05	2.77474e-05	2
124.574	6.05783	-5.72045e-05	3.4594e-05	2
124.393	7.04265	-6.94414e-05	4.04128e-05	2
124.184	8.01486	-8.08923e-05	4.5148e-05	2
123.947	8.9747	-9.15865e-05	4.88304e-05	2
123.684	9.92239	-0.000101553	5.14905e-05	2
123.394	10.8582	-0.000110821	5.31588e-05	2
123.079	11.7823	-0.00011942	5.38661e-05	2
122.739	12.6949	-0.000127379	5.36427e-05	2
122.376	13.5963	-0.000134727	5.25195e-05	2
121.989	14.4867	-0.000141494	5.05268e-05	2
121.58	15.3663	-0.000147707	4.76953e-05	2
121.15	16.2353	-0.000153398	4.40557e-05	2
120.698	17.0941	-0.000158594	3.96384e-05	2
120.226	17.9427	-0.000163325	3.4474e-05	2
119.735	18.7815	-0.000167621	2.85933e-05	2
119.225	19.6106	-0.000171509	2.20266e-05	2
118.696	20.4304	-0.00017502	1.48046e-05	2
118.151	21.2409	-0.000178183	6.95795e-06	2
117.589	22.0425	-0.000181026	-1.48284e-06	2
117.011	22.8354	-0.00018358	-1.04872e-05	2
116.418	23.6198	-0.000185872	-2.00245e-05	2
115.811	24.3959	-0.000187933	-3.00641e-05	2
115.197	25.1552	-0.000189772	-4.04522e-05	2
114.563	25.9155	-0.000191458	-5.14e-05	2
113.917	26.6683	-0.000193001	-6.27587e-05	2
113.26	27.4137	-0.000194428	-7.44978e-05	2
112.592	28.1519	-0.000195769	-8.65867e-05	2
111.913	28.8833	-0.000197053	-9.89949e-05	2
111.226	29.608	-0.000198309	-0.000111692	2
110.53	30.3262	-0.000199566	-0.000124646	2
109.826	31.0382	-0.000200854	-0.000137829	2
109.116	31.7443	-0.000202202	-0.000151208	2
108.399	32.4445	-0.000203638	-0.000164753	2
107.676	33.1393	-0.000205193	-0.000178435	2
106.948	33.8287	-0.000206894	-0.000192221	2
106.217	34.513	-0.000208772	-0.000206082	2
105.482	35.1925	-0.000210856	-0.000219987	2
104.744	35.8674	-0.000213174	-0.000233905	2
104.004	36.5379	-0.000215756	-0.000247806	2
103.263	37.2042	-0.000218632	-0.000261659	2
102.522	37.8665	-0.000221829	-0.000275434	2
101.78	38.5252	-0.000225378	-0.0002891	2
101.04	39.1804	-0.000229307	-0.000302626	2
100.302	39.8323	-0.000233646	-0.000315983	2
99.5657	40.4812	-0.000238424	-0.000329138	2
98.8413	41.1198	-0.000243607	-0.000341915	2
98.1123	41.7634	-0.000249344	-0.000354581	2
97.3879	42.4046	-0.000255608	-0.000366954	2
96.6689	43.0437	-0.000262426	-0.000379005	2
95.956	43.6809	-0.000269829	-0.000390703	2
95.2499	44.3164	-0.000277846	-0.000402016	2
94.5513	44.9505	-0.000286505	-0.000412916	2
93.8611	45.5834	-0.000295837	-0.00042337	2
93.1799	46.2153	-0.000305869	-0.000433348	2
92.5084	46.8465	-0.000316632	-0.000442821	2
91.8474	47.4771	-0.000328154	-0.000451756	2
91.1976	48.1075	-0.000340464	-0.000460124	2
90.5598	48.7377	-0.000353593	-0.000467895	2
89.9346	49.3682	-0.000367568	-0.000475037	2
89.3229	49.999	-0.00038242	-0.000481519	2
88.7253	50.6305	-0.000398176	-0.000487312	2
88.1426	51.2628	-0.000414867	-0.000492385	2
87.5754	51.8962	-0.000432522	-0.000496707	2
87.0247	52.5309	-0.00045117	-0.000500247	2
86.4909	53.1671	-0.000470839	-0.000502975	2
85.975	53.805	-0.00049156	-0.000504861	2
85.4776	54.445	-0.000513361	-0.000505874	2
84.9995	55.0872	-0.000536271	-0.000505982	2
84.5413	55.7318	-0.00056032	-0.000505157	2
84.1088	56.3716	-0.00058524	-0.000503392	2
83.6926	57.0218	-0.00061164	-0.000500618	2
83.2986	57.675	-0.000639266	-0.000496817	2
82.9274	58.3317	-0.000668146	-0.000491961	2
82.58	58.9919	-0.000698311	-0.000486017	2
82.2568	59.6559	-0.000729789	-0.000478956	2
81.9588	60.3239	-0.00076261	-0.000470747	2
81.6867	60.9963	-0.000796802	-0.000461359	2
81.4411	61.6731	-0.000832395	-0.000450762	2
81.2228	62.3546	-0.000869418	-0.000438925	2
81.0325	63.0411	-0.0009079	-0.000425818	2
80.871	63.7327	-0.000947871	-0.000411409	2
80.739	64.4298	-0.000989359	-0.000395669	2
80.6372	65.1325	-0.00103239	-0.000378567	2
80.5664	65.841	-0.001077	-0.000360072	2
80.5272	66.5557	-0.00112322	-0.000340153	2
80.5205	67.2766	-0.00117107	-0.000318781	2
80.5469	68.0041	-0.00122058	-0.000295924	2
80.6072	68.7384	-0.00127179	-0.000271552	2
80.7022	69.4797	-0.00132472	-0.000245635	2
80.8324	70.2282	-0.00137939	-0.000218141	2
80.9988	70.9841	-0.00143585	-0.00018904	2
81.202	71.7478	-0.00149412	-0.000158302	2
81.4397	72.5104	-0.00155352	-0.000126277	2
81.7182	73.29	-0.00161548	-9.21921e-05	2
82.0357	74.078	-0.00167932	-5.63781e-05	2
82.393	74.8746	-0.0017451	-1.88046e-05	2

