-125.008	2.01323	3.63937e-07	-2.02851e-08	2
-125.649	3.14647	3.02412e-05	-1.2126e-06	2
-126.267	4.28347	5.76418e-05	-1.32198e-06	2
-126.855	5.41099	8.22545e-05	-3.49286e-07	2
-127.406	6.51624	0.000103896	1.65502e-06	2
-127.934	7.62493	0.000123121	4.71659e-06	2
-128.432	8.72415	0.000139717	8.79703e-06	2
-128.901	9.8139	0.000153734	1.38752e-05	2
-129.341	10.8942	0.000165227	1.99299e-05	2
-129.753	11.965	0.000174247	2.69401e-05	2
-130.136	13.0264	0.000180849	3.48846e-05	2
-130.49	14.0783	0.000185083	4.37422e-05	2
-130.817	15.1207	0.000187003	5.34917e-05	2
-131.117	16.1537	0.000186662	6.41121e-05	2
-131.389	17.1772	0.000184113	7.55822e-05	2
-131.635	18.1913	0.000179407	8.78808e-05	2
-131.854	19.1959	0.000172599	0.000100987	2
-132.046	20.1911	0.00016374	0.000114879	2
-132.213	21.1768	0.000152883	0.000129536	2
-132.354	22.1531	0.000140081	0.000144938	2
-132.469	23.1199	0.000125388	0.000161062	2
-132.56	24.0773	0.000108854	0.000177888	2
-132.626	25.0252	9.0534e-05	0.000195394	2
-132.667	25.9637	7.04798e-05	0.000213559	2
-132.684	26.8927	4.87443e-05	0.000232363	2
-132.678	27.8124	2.53801e-05	0.000251784	2
-132.648	28.7121	7.35411e-07	0.000271567	2
-132.595	29.613	-2.57107e-05	0.000292152	2
-132.519	30.5044	-5.36278e-05	0.000313291	2
-132.42	31.3864	-8.29632e-05	0.000334963	2
-132.299	32.259	-0.000113664	0.000357146	2
-132.156	33.1221	-0.000145678	0.000379819	2
-131.992	33.9758	-0.000178952	0.000402962	2
-131.805	34.8201	-0.000213434	0.000426553	2
-131.598	35.6549	-0.00024907	0.000450571	2
-131.37	36.4804	-0.000285809	0.000474994	2
-131.122	37.2964	-0.000323596	0.000499803	2
-130.853	38.103	-0.000362381	0.000524975	2
-130.564	38.9001	-0.000402109	0.000550489	2
-130.256	39.6879	-0.000442728	0.000576324	2
-129.929	40.4663	-0.000484185	0.00060246	2
-129.582	41.2352	-0.000526429	0.000628874	2
-129.217	41.9947	-0.000569405	0.000655546	2
-128.834	42.7448	-0.000613061	0.000682455	2
-128.432	43.4856	-0.000657345	0.000709579	2
-128.013	44.2169	-0.000702204	0.000736898	2
-127.576	44.9388	-0.000747585	0.00076439	2
-127.122	45.6513	-0.000793435	0.000792033	2
-126.651	46.3544	-0.000839701	0.000819808	2
-126.17	47.0401	-0.000885794	0.000847371	2
-125.666	47.7246	-0.000932733	0.000875343	2
-125.147	48.3996	-0.00097993	0.000903383	2
-124.612	49.0652	-0.00102733	0.00093147	2
-124.062	49.7214	-0.00107489	0.000959581	2
-123.497	50.3683	-0.00112255	0.000987697	2
-122.916	51.0057	-0.00117026	0.0010158	2
-122.322	51.6338	-0.00121796	0.00104386	2
-121.714	52.2525	-0.0012656	0.00107186	2
-121.091	52.8617	-0.00131314	0.00109978	2
-120.455	53.4617	-0.00136051	0.0011276	2
-119.806	54.0522	-0.00140767	0.0011553	2
-119.144	54.6333	-0.00145456	0.00118285	2
-118.47	55.2051	-0.00150112	0.00121024	2
-117.783	55.7675	-0.00154732	0.00123744	2
-117.084	56.3205	-0.00159308	0.00126444	2
-116.374	56.8642	-0.00163837	0.0012912	2
-115.652	57.3984	-0.00168313	0.00131772	2
-114.919	57.9233	-0.0017273	0.00134397	2
-114.175	58.4389	-0.00177084	0.00136992	2
-113.421	58.9451	-0.00181368	0.00139556	2
-112.656	59.4419	-0.00185578	0.00142087	2
-111.882	59.9293	-0.00189709	0.00144582	2
-111.098	60.4074	-0.00193755	0.0014704	2
-110.315	60.8708	-0.00197666	0.0014943	2
-109.513	61.3302	-0.00201527	0.00151806	2
-108.702	61.7804	-0.00205288	0.00154139	2
-107.883	62.2211	-0.00208944	0.00156425	2
-107.056	62.6525	-0.00212488	0.00158664	2
-106.222	63.0746	-0.00215915	0.00160851	2
-105.38	63.4873	-0.00219221	0.00162987	2
-104.531	63.8906	-0.002224	0.00165068	2
-103.675	64.2846	-0.00225447	0.00167092	2
-102.812	64.6693	-0.00228357	0.00169058	2
-101.943	65.0446	-0.00231123	0.00170962	2
-101.069	65.4106	-0.00233742	0.00172804	2
-100.189	65.7673	-0.00236207	0.0017458	2
-99.303	66.1145	-0.00238514	0.0017629	2
-98.4125	66.4525	-0.00240657	0.0017793	2
-97.5173	66.7811	-0.00242631	0.00179498	2
-96.6177	67.1004	-0.00244431	0.00180993	2
-95.714	67.4104	-0.0024605	0.00182412	2
-94.8066	67.711	-0.00247485	0.00183754	2
-93.8956	68.0023	-0.0024873	0.00185015	2
-92.9815	68.2843	-0.00249779	0.00186195	2
-92.0645	68.5569	-0.00250628	0.0018729	2
-91.145	68.8203	-0.0025127	0.00188299	2
-90.2338	69.0714	-0.00251698	0.0018921	2
-89.3101	69.3162	-0.00251915	0.00190041	2
-88.3847	69.5517	-0.0025191	0.00190779	2
-87.458	69.7778	-0.00251679	0.00191423	2

-75.0021	2.01011	4.20156e-07	6.21252e-08	2
-75.1956	2.88169	3.50236e-05	5.008e-06	2
-75.4093	3.76753	6.69839e-05	9.22741e-06	2
-75.6407	4.65733	9.59298e-05	1.268e-05	2
-75.8861	5.54062	0.000121628	1.53605e-05	2
-76.1507	6.43778	0.000144725	1.73527e-05	2
-76.431	7.33837	0.000164953	1.86431e-05	2
-76.7266	8.24223	0.000182361	1.92534e-05	2
-77.0368	9.14916	0.000196998	1.92053e-05	2
-77.361	10.059	0.000208913	1.85205e-05	2
-77.6987	10.9716	0.000218154	1.72208e-05	2
-78.0491	11.8867	0.000224771	1.5328e-05	2
-78.4118	12.8042	0.000228812	1.28637e-05	2
-78.7861	13.7239	0.000230325	9.84975e-06	2
-79.1715	14.6456	0.000229361	6.30787e-06	2
-79.5672	15.5691	0.000225967	2.25979e-06	2
-79.9729	16.4943	0.000220192	-2.27275e-06	2
-80.3877	17.421	0.000212085	-7.268e-06	2
-80.8112	18.349	0.000201696	-1.27042e-05	2
-81.2427	19.2782	0.000189072	-1.85597e-05	2
-81.6817	20.2083	0.000174262	-2.48126e-05	2
-82.1276	21.1391	0.000157316	-3.14413e-05	2
-82.5796	22.0706	0.000138282	-3.84239e-05	2
-83.0374	23.0025	0.000117208	-4.57389e-05	2
-83.5002	23.9347	9.41448e-05	-5.33643e-05	2
-83.9674	24.8669	6.91396e-05	-6.12785e-05	2
-84.4331	25.7883	4.25614e-05	-6.93643e-05	2
-84.9075	26.7201	1.38403e-05	-7.77882e-05	2
-85.3845	27.6515	-1.66764e-05	-8.64358e-05	2
-85.8636	28.5822	-4.89401e-05	-9.52856e-05	2
-86.3442	29.5122	-8.29019e-05	-0.000104316	2
-86.8257	30.4411	-0.000118513	-0.000113504	2
-87.3075	31.3689	-0.000155725	-0.00012283	2
-87.7889	32.2953	-0.000194488	-0.00013227	2
-88.2695	33.2202	-0.000234755	-0.000141804	2
-88.7485	34.1434	-0.000276475	-0.000151409	2
-89.2255	35.0647	-0.000319601	-0.000161065	2
-89.6997	35.984	-0.000364084	-0.000170748	2
-90.1707	36.9011	-0.000409874	-0.000180438	2
-90.6377	37.8157	-0.000456924	-0.000190113	2
-91.1003	38.7278	-0.000505183	-0.00019975	2
-91.5578	39.6371	-0.000554604	-0.000209328	2
-92.0096	40.5434	-0.000605138	-0.000218826	2
-92.4551	41.4467	-0.000656735	-0.000228222	2
-92.8937	42.3466	-0.000709347	-0.000237493	2
-93.3249	43.2431	-0.000762926	-0.000246619	2
-93.748	44.1359	-0.000817422	-0.000255577	2
-94.1624	45.0249	-0.000872787	-0.000264346	2
-94.5675	45.9099	-0.000928972	-0.000272904	2
-94.9583	46.7807	-0.000985268	-0.000281135	2
-95.3432	47.6572	-0.00104294	-0.000289208	2
-95.7171	48.5292	-0.00110128	-0.000297006	2
-96.0793	49.3965	-0.00116025	-0.000304505	2
-96.4293	50.2589	-0.0012198	-0.000311686	2
-96.7665	51.1162	-0.00127987	-0.000318525	2
-97.0902	51.9683	-0.00134042	-0.000325001	2
-97.3998	52.815	-0.0014014	-0.000331092	2
-97.6949	53.6561	-0.00146277	-0.000336777	2
-97.9746	54.4914	-0.00152446	-0.000342033	2
-98.2386	55.3208	-0.00158644	-0.00034684	2
-98.4861	56.144	-0.00164866	-0.000351175	2
-98.7166	56.9609	-0.00171106	-0.000355016	2
-98.9295	57.7714	-0.0017736	-0.000358343	2
-99.1242	58.5752	-0.00183622	-0.000361132	2
-99.3	59.3722	-0.00189889	-0.000363363	2
-99.4565	60.1622	-0.00196155	-0.000365013	2
-99.5929	60.9449	-0.00202414	-0.000366061	2
-99.7087	61.7204	-0.00208664	-0.000366485	2
-99.8033	62.4882	-0.00214897	-0.000366264	2
-99.8761	63.2484	-0.00221111	-0.000365375	2
-99.9265	64.0006	-0.00227299	-0.000363798	2
-99.9539	64.7448	-0.00233456	-0.000361509	2
-99.9577	65.4808	-0.00239579	-0.000358487	2
-99.9377	66.2	-0.00245592	-0.00035476	2
-99.8928	66.919	-0.00251631	-0.000350217	2
-99.8225	67.6292	-0.0025762	-0.000344877	2
-99.7263	68.3305	-0.00263554	-0.000338717	2
-99.6035	69.0226	-0.00269429	-0.000331716	2
-99.4535	69.7054	-0.00275239	-0.000323853	2
-99.2757	70.3788	-0.00280981	-0.000315105	2
-99.0696	71.0424	-0.00286648	-0.00030545	2
-98.8345	71.6963	-0.00292237	-0.000294868	2
-98.5699	72.3401	-0.00297741	-0.000283336	2
-98.2751	72.9737	-0.00303157	-0.000270832	2
-97.9495	73.5969	-0.0030848	-0.000257335	2
-97.5926	74.2096	-0.00313704	-0.000242823	2
-97.2037	74.8116	-0.00318825	-0.000227275	2
-96.7823	75.4026	-0.00323837	-0.000210668	2
-96.3278	75.9826	-0.00328737	-0.00019298	2
-95.8395	76.5513	-0.00333518	-0.000174191	2
-95.3169	77.1086	-0.00338177	-0.000154278	2
-94.7593	77.6543	-0.00342708	-0.000133219	2
-94.1662	78.1881	-0.00347106	-0.000110994	2
-93.537	78.71	-0.00351367	-8.75791e-05	2
-92.871	79.2198	-0.00355485	-6.29538e-05	2
-92.1677	79.7172	-0.00359456	-3.70961e-05	2
-91.4353	80.1967	-0.00363233	-1.0303e-05	2
-90.656	80.6691	-0.00366897	1.807e-05	2
-89.8376	81.1287	-0.00370399	4.77404e-05	2
-88.9795	81.5752	-0.00373734	7.87299e-05	2

-25.0008	2.01206	4.689e-09	-8.24574e-08	2
-25.0801	3.04154	6.14014e-07	-7.31057e-06	2
-25.1895	4.06758	1.62916e-06	-1.48912e-05	2
-25.3278	5.07841	3.02159e-06	-2.2732e-05	2
-25.4921	6.06294	4.74547e-06	-3.07285e-05	2
-25.6856	7.04435	6.81728e-06	-3.90567e-05	2
-25.906	8.01139	9.19512e-06	-4.76152e-05	2
-26.1525	8.96435	1.18551e-05	-5.63939e-05	2
-26.4244	9.90351	1.47735e-05	-6.53828e-05	2
-26.7212	10.8292	1.79263e-05	-7.45719e-05	2
-27.0422	11.7416	2.12898e-05	-8.39511e-05	2
-27.3867	12.641	2.484e-05	-9.35106e-05	2
-27.754	13.5278	2.85533e-05	-0.00010324	2
-28.1435	14.4022	3.24056e-05	-0.00011313	2
-28.5546	15.2646	3.63732e-05	-0.00012317	2
-28.9865	16.1151	4.04322e-05	-0.000133351	2
-29.4387	16.9541	4.45588e-05	-0.000143661	2
-29.9104	17.7818	4.87291e-05	-0.000154092	2
-30.401	18.5986	5.29192e-05	-0.000164633	2
-30.9098	19.4046	5.71054e-05	-0.000175274	2
-31.4363	20.2003	6.12638e-05	-0.000186005	2
-31.9796	20.9859	6.53706e-05	-0.000196816	2
-32.5393	21.7617	6.94018e-05	-0.000207698	2
-33.1145	22.5279	7.33337e-05	-0.00021864	2
-33.7047	23.2849	7.71424e-05	-0.000229632	2
-34.3092	24.0328	8.08041e-05	-0.000240664	2
-34.9201	24.7637	8.42558e-05	-0.000251599	2
-35.551	25.4947	8.75542e-05	-0.000262681	2
-36.1943	26.2175	9.06343e-05	-0.000273774	2
-36.8492	26.9325	9.34723e-05	-0.000284867	2
-37.5151	27.64	9.60443e-05	-0.00029595	2
-38.1914	28.3401	9.83265e-05	-0.000307014	2
-38.8773	29.0333	0.000100295	-0.000318047	2
-39.5723	29.7198	0.000101926	-0.000329041	2
-40.2757	30.3998	0.000103195	-0.000339986	2
-40.9867	31.0737	0.00010408	-0.00035087	2
-41.7048	31.7418	0.000104555	-0.000361685	2
-42.4293	32.4043	0.000104598	-0.00037242	2
-43.1596	33.0614	0.000104183	-0.000383066	2
-43.8949	33.7136	0.000103288	-0.000393612	2
-44.6346	34.3611	0.000101889	-0.000404048	2
-45.3781	35.0041	9.99611e-05	-0.000414364	2
-46.1247	35.643	9.74813e-05	-0.000424551	2
-46.8737	36.278	9.44255e-05	-0.000434597	2
-47.6245	36.9094	9.07698e-05	-0.000444494	2
-48.3764	37.5375	8.64905e-05	-0.000454232	2
-49.1288	38.1626	8.15637e-05	-0.000463799	2
-49.881	38.7849	7.59655e-05	-0.000473187	2
-50.6324	39.4048	6.96722e-05	-0.000482385	2
-51.3736	40.0155	6.27445e-05	-0.000491282	2
-52.1213	40.6313	5.49978e-05	-0.000500073	2
-52.8661	41.2456	4.64847e-05	-0.000508644	2
-53.6075	41.8586	3.71813e-05	-0.000516986	2
-54.3448	42.4705	2.70637e-05	-0.000525088	2
-55.0772	43.0816	1.61081e-05	-0.000532941	2
-55.8042	43.6923	4.29064e-06	-0.000540534	2
-56.5251	44.3028	-8.4125e-06	-0.000547857	2
-57.2392	44.9134	-2.20252e-05	-0.000554901	2
-57.9459	45.5244	-3.65712e-05	-0.000561655	2
-58.6444	46.1361	-5.20745e-05	-0.00056811	2
-59.3343	46.7487	-6.85589e-05	-0.000574254	2
-60.0147	47.3625	-8.60482e-05	-0.00058008	2
-60.685	47.9779	-0.000104566	-0.000585575	2
-61.3446	48.5951	-0.000124137	-0.000590731	2
-61.9929	49.2143	-0.000144784	-0.000595537	2
-62.6291	49.8359	-0.000166531	-0.000599984	2
-63.2526	50.4602	-0.000189403	-0.000604061	2
-63.8627	51.0874	-0.000213423	-0.000607758	2
-64.4588	51.7178	-0.000238614	-0.000611065	2
-65.0402	52.3518	-0.000265001	-0.000613973	2
-65.6063	52.9895	-0.000292608	-0.000616472	2
-66.1564	53.6313	-0.000321458	-0.00061855	2
-66.6898	54.2775	-0.000351575	-0.000620199	2
-67.2001	54.9207	-0.000382615	-0.000621397	2
-67.6985	55.5764	-0.000415323	-0.000622162	2
-68.1782	56.2373	-0.000449369	-0.000622467	2
-68.6387	56.9036	-0.000484778	-0.000622303	2
-69.0792	57.5758	-0.000521573	-0.00062166	2
-69.4991	58.2539	-0.000559778	-0.000620526	2
-69.8978	58.9385	-0.000599417	-0.000618893	2
-70.2745	59.6296	-0.000640513	-0.000616751	2
-70.6287	60.3277	-0.000683091	-0.000614089	2
-70.9596	61.0329	-0.000727175	-0.000610897	2
-71.2666	61.7456	-0.000772787	-0.000607166	2
-71.5491	62.4661	-0.000819953	-0.000602886	2
-71.8064	63.1946	-0.000868696	-0.000598045	2
-72.0378	63.9315	-0.000919039	-0.000592636	2
-72.2427	64.6769	-0.000971007	-0.000586646	2
-72.4203	65.4313	-0.00102462	-0.000580067	2
-72.5702	66.1948	-0.00107991	-0.000572889	2
-72.6915	66.9678	-0.0011369	-0.000565101	2
-72.7837	67.7505	-0.0011956	-0.000556693	2
-72.846	68.5433	-0.00125605	-0.000547656	2
-72.8779	69.3464	-0.00131827	-0.000537979	2
-72.8786	70.1601	-0.00138228	-0.000527653	2
-72.8475	70.9846	-0.0014481	-0.000516667	2
-72.7849	71.8107	-0.00151497	-0.000505149	2
-72.6887	72.6577	-0.00158448	-0.000492822	2
-72.5586	73.5165	-0.00165587	-0.000479805	2
-72.3942	74.3872	-0.00172917	-0.000466089	2

24.9967	2.01381	5.37361e-07	-1.06849e-07	2
24.7046	3.1901	4.64402e-05	-8.54879e-06	2
24.3869	4.35731	9.2255e-05	-1.56025e-05	2
24.0472	5.50203	0.000137448	-2.11859e-05	2
23.6902	6.61186	0.000181514	-2.52843e-05	2
23.3081	7.71297	0.000225481	-2.80177e-05	2
22.9052	8.79273	0.000268837	-2.93549e-05	2
22.4819	9.85152	0.000311585	-2.93207e-05	2
22.0386	10.8897	0.000353729	-2.794e-05	2
21.5757	11.9077	0.000395272	-2.52374e-05	2
21.0935	12.9058	0.000436218	-2.12379e-05	2
20.5926	13.8845	0.000476571	-1.59662e-05	2
20.0732	14.8442	0.000516334	-9.44715e-06	2
19.5357	15.7851	0.00055551	-1.70551e-06	2
18.9806	16.7078	0.000594104	7.23391e-06	2
18.4082	17.6125	0.000632118	1.73463e-05	2
17.8189	18.4997	0.000669556	2.86069e-05	2
17.2131	19.3697	0.000706422	4.09908e-05	2
16.5912	20.2229	0.000742719	5.44733e-05	2
15.9536	21.0598	0.000778451	6.90296e-05	2
15.3007	21.8806	0.000813622	8.46348e-05	2
14.6328	22.6858	0.000848234	0.000101264	2
13.9504	23.4758	0.000882292	0.000118893	2
13.2538	24.2508	0.000915799	0.000137496	2
12.5434	25.0114	0.000948758	0.000157049	2
11.8196	25.7579	0.000981173	0.000177527	2
11.0914	26.4823	0.00101268	0.000198655	2
10.3422	27.2019	0.00104403	0.000220899	2
9.58074	27.9085	0.00107484	0.000243993	2
8.80745	28.6025	0.00110512	0.000267914	2
8.02273	29.2844	0.00113488	0.000292635	2
7.22694	29.9544	0.00116411	0.000318134	2
6.42049	30.6129	0.00119282	0.000344384	2
5.60376	31.2604	0.00122102	0.00037136	2
4.77714	31.8972	0.0012487	0.000399039	2
3.94102	32.5238	0.00127588	0.000427395	2
3.09579	33.1404	0.00130255	0.000456403	2
2.24184	33.7475	0.00132872	0.000486039	2
1.37955	34.3454	0.00135439	0.000516278	2
0.509318	34.9346	0.00137957	0.000547095	2
-0.368471	35.5154	0.00140426	0.000578465	2
-1.25343	36.0882	0.00142846	0.000610364	2
-2.14516	36.6533	0.00145217	0.000642766	2
-3.04328	37.2113	0.00147541	0.000675647	2
-3.9474	37.7623	0.00149817	0.000708982	2
-4.85714	38.3069	0.00152045	0.000742747	2
-5.77209	38.8454	0.00154227	0.000776915	2
-6.69188	39.3782	0.00156362	0.000811464	2
-7.61611	39.9056	0.00158451	0.000846367	2
-8.53371	40.4221	0.0016047	0.000881193	2
-9.46562	40.9401	0.00162468	0.000916728	2
-10.4008	41.4539	0.00164421	0.000952544	2
-11.3389	41.9638	0.00166329	0.000988616	2
-12.2795	42.4704	0.00168192	0.00102492	2
-13.2222	42.9739	0.00170011	0.00106143	2
-14.1666	43.4747	0.00171786	0.00109812	2
-15.1124	43.9732	0.00173518	0.00113497	2
-16.0591	44.4699	0.00175207	0.00117194	2
-17.0064	44.965	0.00176854	0.00120903	2
-17.9538	45.459	0.00178457	0.0012462	2
-18.9011	45.9522	0.00180019	0.00128343	2
-19.8477	46.4451	0.00181539	0.00132068	2
-20.7933	46.9379	0.00183018	0.00135795	2
-21.7376	47.4311	0.00184456	0.0013952	2
-22.68	47.9252	0.00185854	0.00143241	2
-23.6203	48.4203	0.00187211	0.00146955	2
-24.5581	48.917	0.00188528	0.0015066	2
-25.4929	49.4156	0.00189806	0.00154353	2
-26.4243	49.9165	0.00191044	0.00158033	2
-27.3521	50.4201	0.00192244	0.00161696	2
-28.2757	50.9267	0.00193405	0.00165339	2
-29.1949	51.4368	0.00194528	0.00168961	2
-30.1091	51.9507	0.00195614	0.0017256	2
-31.0077	52.4628	0.0019665	0.0017609	2
-31.9111	52.9855	0.00197661	0.00179633	2
-32.8084	53.513	0.00198636	0.00183145	2
-33.6993	54.046	0.00199574	0.00186623	2
-34.5834	54.5847	0.00200477	0.00190064	2
-35.4603	55.1294	0.00201343	0.00193466	2
-36.3295	55.6807	0.00202175	0.00196828	2
-37.1908	56.2388	0.00202971	0.00200145	2
-38.0436	56.8042	0.00203733	0.00203416	2
-38.8877	57.3772	0.00204461	0.00206638	2
-39.7227	57.9583	0.00205155	0.00209809	2
-40.5481	58.5477	0.00205815	0.00212926	2
-41.3635	59.1459	0.00206442	0.00215987	2
-42.1686	59.7533	0.00207037	0.0021899	2
-42.9631	60.3702	0.00207598	0.00221931	2
-43.7464	60.997	0.00208128	0.00224808	2
-44.5182	61.6342	0.00208626	0.00227619	2
-45.2781	62.282	0.00209093	0.00230362	2
-46.0257	62.9409	0.00209529	0.00233033	2
-46.7607	63.6112	0.00209934	0.00235631	2
-47.4827	64.2934	0.00210308	0.00238153	2
-48.1912	64.9878	0.00210653	0.00240597	2
-48.8859	65.6948	0.00210968	0.00242959	2
-49.5586	66.4064	0.00211251	0.00245212	2
-50.2246	67.1396	0.00211508	0.00247406	2
-50.8756	67.8865	0.00211737	0.00249511	2
-51.5113	68.6475	0.00211937	0.00251526	2

74.9955	2.0125	4.24606e-07	2.08897e-07	2
74.619	3.08582	3.69822e-05	1.77242e-05	2
74.2547	4.16864	7.40498e-05	3.45434e-05	2
73.9069	5.24851	0.000111205	5.04658e-05	2
73.5792	6.31307	0.00014802	6.53315e-05	2
73.2637	7.38713	0.000185355	7.94944e-05	2
72.9643	8.45832	0.000222783	9.27843e-05	2
72.6806	9.52666	0.000260307	0.000105209	2
72.4126	10.5922	0.000297928	0.000116778	2
72.1601	11.6549	0.000335648	0.000127497	2
71.9228	12.7149	0.00037347	0.000137376	2
71.7005	13.7721	0.000411395	0.000146423	2
71.4932	14.8267	0.000449426	0.000154644	2
71.3006	15.8785	0.000487564	0.000162049	2
71.1225	16.9278	0.000525812	0.000168646	2
70.9588	17.9744	0.000564172	0.000174442	2
70.8092	19.0184	0.000602645	0.000179445	2
70.6736	20.0599	0.000641234	0.000183664	2
70.5519	21.0988	0.00067994	0.000187107	2
70.4437	22.1353	0.000718766	0.000189781	2
70.349	23.1693	0.000757714	0.000191695	2
70.2676	24.2008	0.000796785	0.000192857	2
70.1992	25.2299	0.000835983	0.000193274	2
70.1437	26.2567	0.000875308	0.000192955	2
70.101	27.2811	0.000914762	0.000191908	2
70.0708	28.3032	0.000954349	0.000190141	2
70.053	29.3112	0.000993612	0.000187695	2
70.0472	30.3288	0.00103347	0.000184519	2
70.0533	31.3441	0.00107346	0.000180648	2
70.0713	32.3572	0.00111359	0.000176089	2
70.1008	33.3681	0.00115387	0.000170849	2
70.1418	34.3769	0.00119428	0.000164938	2
70.1941	35.3835	0.00123485	0.000158362	2
70.2574	36.3881	0.00127556	0.000151131	2
70.3317	37.3906	0.00131642	0.000143252	2
70.4166	38.391	0.00135743	0.000134733	2
70.5121	39.3895	0.0013986	0.000125582	2
70.618	40.386	0.00143993	0.000115807	2
70.7339	41.3805	0.00148141	0.000105417	2
70.8599	42.3731	0.00152305	9.44185e-05	2
70.9957	43.3639	0.00156485	8.28207e-05	2
71.1411	44.3528	0.00160682	7.06313e-05	2
71.296	45.3398	0.00164896	5.78583e-05	2
71.4601	46.325	0.00169126	4.45098e-05	2
71.6332	47.3085	0.00173373	3.05937e-05	2
71.8153	48.2903	0.00177638	1.61182e-05	2
72.0061	49.2703	0.00181919	1.09118e-06	2
72.2054	50.2486	0.00186219	-1.44792e-05	2
72.4131	51.2253	0.00190536	-3.05849e-05	2
72.6263	52.1891	0.00194822	-4.70238e-05	2
72.8501	53.1626	0.00199175	-6.41702e-05	2
73.0816	54.1345	0.00203547	-8.1828e-05	2
73.3207	55.1049	0.00207937	-9.99891e-05	2
73.5673	56.0737	0.00212347	-0.000118645	2
73.8211	57.0411	0.00216775	-0.000137789	2
74.082	58.007	0.00221223	-0.000157412	2
74.3498	58.9715	0.0022569	-0.000177506	2
74.6243	59.9346	0.00230176	-0.000198063	2
74.9053	60.8964	0.00234683	-0.000219075	2
75.1927	61.8568	0.00239209	-0.000240534	2
75.4862	62.8158	0.00243756	-0.000262432	2
75.7857	63.7737	0.00248323	-0.000284761	2
76.0911	64.7302	0.00252911	-0.000307513	2
76.402	65.6856	0.0025752	-0.00033068	2
76.7184	66.6397	0.00262149	-0.000354254	2
77.04	67.5927	0.002668	-0.000378226	2
77.3667	68.5446	0.00271473	-0.000402589	2
77.6983	69.4953	0.00276167	-0.000427335	2
78.0346	70.445	0.00280883	-0.000452456	2
78.3754	71.3937	0.00285621	-0.000477944	2
78.7206	72.3413	0.00290382	-0.00050379	2
79.0699	73.2879	0.00295164	-0.000529986	2
79.4232	74.2336	0.0029997	-0.000556525	2
79.7762	75.1675	0.00304743	-0.000583088	2
80.1368	76.1113	0.00309594	-0.000610285	2
80.501	77.0543	0.00314468	-0.0006378	2
80.8683	77.9965	0.00319366	-0.000665625	2
81.2388	78.9378	0.00324288	-0.000693753	2
81.6121	79.8783	0.00329233	-0.000722175	2
81.9881	80.8181	0.00334203	-0.000750884	2
82.3667	81.7572	0.00339197	-0.000779871	2
82.7476	82.6956	0.00344215	-0.000809129	2
83.1306	83.6333	0.00349258	-0.000838648	2
83.5157	84.5703	0.00354326	-0.000868422	2
83.9025	85.5068	0.00359419	-0.000898442	2
84.2909	86.4426	0.00364537	-0.0009287	2
84.6808	87.3779	0.00369681	-0.000959188	2
85.072	88.3127	0.00374851	-0.000989899	2
85.4642	89.247	0.00380046	-0.00102082	2
85.8572	90.1808	0.00385268	-0.00105195	2
86.251	91.1142	0.00390515	-0.00108328	2
86.6453	92.0472	0.0039579	-0.0011148	2
87.04	92.9798	0.00401091	-0.0011465	2
87.4348	93.9121	0.00406419	-0.00117837	2
87.8296	94.844	0.00411774	-0.00121041	2
88.2242	95.7757	0.00417156	-0.00124261	2
88.6138	96.6964	0.00422504	-0.00127459	2
89.0075	97.6275	0.00427941	-0.00130707	2
89.4004	98.5585	0.00433407	-0.00133969	2
89.7923	99.4893	0.004389	-0.00137244	2

124.998	2.01349	-3.19028e-07	-7.5761e-08	2
124.801	3.16219	-2.81413e-05	-5.83328e-06	2
124.634	4.30113	-5.70509e-05	-1.01485e-05	2
124.5	5.41712	-8.67098e-05	-1.2969e-05	2
124.398	6.49803	-0.000116746	-1.43109e-05	2
124.327	7.56927	-0.000147838	-1.42283e-05	2
124.287	8.61846	-0.000179624	-1.27207e-05	2
124.277	9.6459	-0.000212083	-9.81134e-06	2
124.297	10.6519	-0.000245197	-5.52349e-06	2
124.347	11.6367	-0.000278947	1.19515e-07	2
124.425	12.6006	-0.000313314	7.09437e-06	2
124.533	13.544	-0.00034828	1.53778e-05	2
124.669	14.4671	-0.000383824	2.49464e-05	2
124.832	15.3702	-0.000419929	3.5777e-05	2
125.023	16.2537	-0.000456575	4.78461e-05	2
125.24	17.1177	-0.000493744	6.11306e-05	2
125.484	17.9627	-0.000531417	7.56071e-05	2
125.754	18.7889	-0.000569574	9.12523e-05	2
126.049	19.5967	-0.000608197	0.000108043	2
126.369	20.3862	-0.000647266	0.000125956	2
126.714	21.1579	-0.000686764	0.000144967	2
127.082	21.9119	-0.00072667	0.000165054	2
127.475	22.6487	-0.000766967	0.000186193	2
127.89	23.3685	-0.000807635	0.000208361	2
128.328	24.0716	-0.000848655	0.000231534	2
128.788	24.7583	-0.000890008	0.00025569	2
129.264	25.4212	-0.000931195	0.000280511	2
129.767	26.0762	-0.000973155	0.00030655	2
130.291	26.7156	-0.00101539	0.000333502	2
130.835	27.3399	-0.00105789	0.000361344	2
131.399	27.9492	-0.00110062	0.000390051	2
131.983	28.5439	-0.00114357	0.000419602	2
132.585	29.1243	-0.00118673	0.000449971	2
133.206	29.6907	-0.00123007	0.000481137	2
133.845	30.2433	-0.00127357	0.000513075	2
134.502	30.7825	-0.00131721	0.000545762	2
135.175	31.3086	-0.00136098	0.000579176	2
135.866	31.8219	-0.00140486	0.000613293	2
136.572	32.3226	-0.00144882	0.000648089	2
137.294	32.8111	-0.00149285	0.000683541	2
138.032	33.2877	-0.00153694	0.000719627	2
138.784	33.7526	-0.00158105	0.000756321	2
139.551	34.2062	-0.00162517	0.000793603	2
140.332	34.6488	-0.00166929	0.000831447	2
141.126	35.0806	-0.00171339	0.00086983	2
141.933	35.5019	-0.00175743	0.00090873	2
142.752	35.9131	-0.00180142	0.000948124	2
143.584	36.3145	-0.00184532	0.000987986	2
144.427	36.7063	-0.00188912	0.0010283	2
145.272	37.0845	-0.0019323	0.00106856	2
146.136	37.4582	-0.00197584	0.00110969	2
147.011	37.8232	-0.00201922	0.00115119	2
147.896	38.1799	-0.00206243	0.00119305	2
148.79	38.5285	-0.00210544	0.00123524	2
149.693	38.8693	-0.00214823	0.00127773	2
150.605	39.2026	-0.00219079	0.00132051	2
151.524	39.5288	-0.0022331	0.00136355	2
152.45	39.8481	-0.00227514	0.00140682	2
153.384	40.1608	-0.00231689	0.00145031	2
154.324	40.4673	-0.00235833	0.00149399	2
155.27	40.7677	-0.00239943	0.00153784	2
156.222	41.0625	-0.0024402	0.00158183	2
157.179	41.3519	-0.00248059	0.00162594	2
158.141	41.6362	-0.0025206	0.00167015	2
159.106	41.9157	-0.00256021	0.00171443	2
160.076	42.1907	-0.00259939	0.00175876	2
161.049	42.4615	-0.00263813	0.00180312	2
162.024	42.7284	-0.00267642	0.00184749	2
163.002	42.9918	-0.00271422	0.00189183	2
163.982	43.2518	-0.00275152	0.00193613	2
164.964	43.5088	-0.0027883	0.00198037	2
165.946	43.7631	-0.00282455	0.00202451	2
166.929	44.015	-0.00286025	0.00206854	2
167.901	44.2619	-0.00289496	0.00211194	2
168.883	44.5099	-0.0029295	0.00215568	2
169.865	44.7563	-0.00296342	0.00219923	2
170.845	45.0016	-0.00299671	0.00224259	2
171.824	45.2459	-0.00302935	0.00228571	2
172.8	45.4896	-0.00306132	0.00232858	2
173.774	45.733	-0.0030926	0.00237117	2
174.744	45.9763	-0.00312318	0.00241347	2
175.711	46.2199	-0.00315303	0.00245544	2
176.674	46.4641	-0.00318214	0.00249707	2
177.632	46.7091	-0.00321049	0.00253833	2
178.585	46.9553	-0.00323805	0.0025792	2
179.533	47.203	-0.00326481	0.00261965	2
180.475	47.4524	-0.00329075	0.00265966	2
181.41	47.7038	-0.00331585	0.00269922	2
182.339	47.9576	-0.0033401	0.00273828	2
183.26	48.2141	-0.00336346	0.00277684	2
184.173	48.4735	-0.00338594	0.00281486	2
185.078	48.7362	-0.00340749	0.00285233	2
185.975	49.0024	-0.00342812	0.00288923	2
186.862	49.2724	-0.00344779	0.00292551	2
187.74	49.5466	-0.00346649	0.00296118	2
188.607	49.8252	-0.0034842	0.0029962	2
189.455	50.1053	-0.00350071	0.00303015	2
190.301	50.3936	-0.0035164	0.00306381	2
191.136	50.6872	-0.00353103	0.00309675	2
191.958	50.9865	-0.00354461	0.00312894	2

