-125.002	2.01142	-4.88353e-07	1.8016e-07	2
-125.175	2.98491	-4.19011e-05	1.51417e-05	2
-125.374	3.95268	-8.26348e-05	2.92149e-05	2
-125.598	4.90361	-0.000122227	4.22325e-05	2
-125.842	5.82734	-0.000160269	5.40756e-05	2
-126.112	6.74564	-0.000197671	6.50323e-05	2
-126.405	7.64799	-0.00023401	7.49717e-05	2
-126.721	8.53467	-0.000269312	8.39067e-05	2
-127.058	9.40599	-0.000303605	9.18501e-05	2
-127.417	10.2622	-0.000336915	9.88147e-05	2
-127.796	11.1037	-0.000369267	0.000104813	2
-128.196	11.9307	-0.000400687	0.000109859	2
-128.616	12.7435	-0.000431204	0.000113964	2
-129.055	13.5424	-0.000460841	0.000117142	2
-129.514	14.3277	-0.000489627	0.000119405	2
-129.991	15.0998	-0.000517587	0.000120767	2
-130.486	15.8588	-0.000544747	0.000121239	2
-130.998	16.6051	-0.000571134	0.000120836	2
-131.528	17.3391	-0.000596774	0.000119569	2
-132.074	18.0609	-0.000621694	0.000117452	2
-132.636	18.7709	-0.000645919	0.000114497	2
-133.214	19.4694	-0.000669476	0.000110717	2
-133.807	20.1566	-0.000692392	0.000106125	2
-134.415	20.8329	-0.000714692	0.000100734	2
-135.037	21.4986	-0.000736403	9.45572e-05	2
-135.673	22.154	-0.000757551	8.76065e-05	2
-136.314	22.792	-0.000777928	7.99882e-05	2
-136.976	23.4277	-0.000798035	7.15376e-05	2
-137.65	24.054	-0.000817658	6.2352e-05	2
-138.336	24.6711	-0.000836823	5.2444e-05	2
-139.033	25.2793	-0.000855556	4.18265e-05	2
-139.741	25.879	-0.000873884	3.05125e-05	2
-140.459	26.4704	-0.000891833	1.85146e-05	2
-141.188	27.0539	-0.00090943	5.84577e-06	2
-141.926	27.6297	-0.000926699	-7.48121e-06	2
-142.673	28.1981	-0.000943669	-2.14535e-05	2
-143.428	28.7594	-0.000960365	-3.60583e-05	2
-144.191	29.3139	-0.000976813	-5.12827e-05	2
-144.962	29.862	-0.00099304	-6.71139e-05	2
-145.74	30.4039	-0.00100907	-8.35391e-05	2
-146.525	30.9398	-0.00102494	-0.000100546	2
-147.316	31.4702	-0.00104066	-0.00011812	2
-148.112	31.9953	-0.00105626	-0.00013625	2
-148.914	32.5154	-0.00107178	-0.000154923	2
-149.72	33.0307	-0.00108723	-0.000174126	2
-150.531	33.5417	-0.00110264	-0.000193846	2
-151.345	34.0485	-0.00111805	-0.000214069	2
-152.162	34.5515	-0.00113347	-0.000234785	2
-152.983	35.051	-0.00114893	-0.000255978	2
-153.796	35.5416	-0.00116428	-0.000277386	2
-154.62	36.0349	-0.0011799	-0.000299493	2
-155.446	36.5256	-0.00119565	-0.00032204	2
-156.273	37.014	-0.00121154	-0.000345015	2
-157.1	37.5003	-0.0012276	-0.000368404	2
-157.927	37.9849	-0.00124386	-0.000392195	2
-158.753	38.468	-0.00126035	-0.000416374	2
-159.579	38.9499	-0.00127709	-0.00044093	2
-160.403	39.431	-0.0012941	-0.000465849	2
-161.225	39.9116	-0.00131143	-0.000491118	2
-162.044	40.3918	-0.00132908	-0.000516724	2
-162.861	40.8721	-0.00134709	-0.000542656	2
-163.674	41.3527	-0.00136548	-0.000568899	2
-164.483	41.8339	-0.00138429	-0.000595441	2
-165.288	42.316	-0.00140352	-0.000622269	2
-166.088	42.7994	-0.00142323	-0.000649371	2
-166.883	43.2842	-0.00144342	-0.000676733	2
-167.672	43.7709	-0.00146412	-0.000704343	2
-168.455	44.2596	-0.00148537	-0.000732188	2
-169.231	44.7508	-0.00150718	-0.000760255	2
-170	45.2446	-0.00152959	-0.000788531	2
-170.761	45.7414	-0.00155261	-0.000817004	2
-171.514	46.2415	-0.00157629	-0.000845659	2
-172.258	46.7452	-0.00160063	-0.000874486	2
-172.985	47.2469	-0.00162539	-0.000903137	2
-173.711	47.7586	-0.00165115	-0.000932265	2
-174.426	48.2747	-0.00167766	-0.000961525	2
-175.131	48.7956	-0.00170495	-0.000990905	2
-175.825	49.3216	-0.00173305	-0.00102039	2
-176.508	49.8529	-0.00176197	-0.00104997	2
-177.179	50.3899	-0.00179175	-0.00107963	2
-177.837	50.9328	-0.00182242	-0.00110936	2
-178.482	51.4819	-0.00185399	-0.00113915	2
-179.114	52.0376	-0.0018865	-0.00116898	2
-179.731	52.6001	-0.00191997	-0.00119883	2
-180.335	53.1698	-0.00195443	-0.00122871	2
-180.924	53.7468	-0.0019899	-0.00125859	2
-181.497	54.3316	-0.00202641	-0.00128846	2
-182.055	54.9244	-0.00206399	-0.0013183	2
-182.596	55.5256	-0.00210267	-0.00134812	2
-183.12	56.1353	-0.00214246	-0.00137788	2
-183.628	56.754	-0.0021834	-0.00140759	2
-184.117	57.3818	-0.00222551	-0.00143722	2
-184.589	58.0191	-0.00226882	-0.00146677	2
-185.042	58.6663	-0.00231335	-0.00149622	2
-185.475	59.3235	-0.00235914	-0.00152556	2
-185.89	59.9911	-0.0024062	-0.00155477	2
-186.279	60.6616	-0.002454	-0.00158351	2
-186.653	61.3507	-0.00250368	-0.00161244	2
-187.005	62.0512	-0.00255472	-0.00164121	2
-187.337	62.7632	-0.00260713	-0.0016698	2

-75.001	2.01093	-4.10564e-07	-2.4026e-07	2
-75.0881	2.94889	-3.36087e-05	-1.99494e-05	2
-75.1865	3.89431	-6.29889e-05	-3.79919e-05	2
-75.295	4.83632	-8.82031e-05	-5.41599e-05	2
-75.4121	5.76419	-0.000109095	-6.83313e-05	2
-75.5403	6.69955	-0.000126211	-8.0868e-05	2
-75.6781	7.63163	-0.000139348	-9.16269e-05	2
-75.8254	8.5605	-0.000148569	-0.00010064	2
-75.9819	9.48619	-0.000153937	-0.000107941	2
-76.1475	10.4088	-0.000155513	-0.000113561	2
-76.322	11.3282	-0.00015336	-0.000117533	2
-76.5052	12.2447	-0.000147542	-0.000119889	2
-76.6969	13.1582	-0.00013812	-0.000120662	2
-76.897	14.0687	-0.000125157	-0.000119884	2
-77.1053	14.9764	-0.000108716	-0.000117588	2
-77.3216	15.8812	-8.88589e-05	-0.000113805	2
-77.5457	16.7832	-6.56488e-05	-0.000108568	2
-77.7774	17.6825	-3.91482e-05	-0.000101911	2
-78.0166	18.5791	-9.41951e-06	-9.38637e-05	2
-78.2631	19.4731	2.34746e-05	-8.44604e-05	2
-78.5168	20.3644	5.94716e-05	-7.3733e-05	2
-78.7773	21.2532	9.85089e-05	-6.17137e-05	2
-79.0446	22.1396	0.000140524	-4.84352e-05	2
-79.3184	23.0234	0.000185454	-3.39297e-05	2
-79.5987	23.9049	0.000233237	-1.82296e-05	2
-79.8852	24.784	0.00028381	-1.36737e-06	2
-80.1743	25.6507	0.000336482	1.64115e-05	2
-80.4725	26.5253	0.000392417	3.54884e-05	2
-80.7765	27.3976	0.000450954	5.56306e-05	2
-81.0859	28.2678	0.000512032	7.68058e-05	2
-81.4007	29.1359	0.000575588	9.89815e-05	2
-81.7206	30.0019	0.00064156	0.000122125	2
-82.0455	30.8659	0.000709884	0.000146205	2
-82.3751	31.728	0.000780498	0.000171188	2
-82.7094	32.5881	0.00085334	0.000197042	2
-83.0481	33.4463	0.000928346	0.000223734	2
-83.391	34.3027	0.00100546	0.000251232	2
-83.738	35.1574	0.0010846	0.000279505	2
-84.0888	36.0103	0.00116573	0.000308518	2
-84.4434	36.8615	0.00124877	0.000338241	2
-84.8015	37.7111	0.00133366	0.00036864	2
-85.1629	38.5591	0.00142035	0.000399683	2
-85.5276	39.4056	0.00150876	0.000431338	2
-85.8952	40.2506	0.00159883	0.000463572	2
-86.2656	41.0941	0.00169051	0.000496353	2
-86.6386	41.9363	0.00178372	0.000529649	2
-87.0141	42.7771	0.00187841	0.000563427	2
-87.3919	43.6167	0.00197452	0.000597655	2
-87.7718	44.4549	0.00207198	0.0006323	2
-88.1491	45.2824	0.00216958	0.000666925	2
-88.5326	46.1184	0.00226954	0.000702304	2
-88.9177	46.9532	0.00237066	0.000738003	2
-89.3041	47.787	0.00247289	0.00077399	2
-89.6918	48.6198	0.00257615	0.000810233	2
-90.0804	49.4517	0.00268039	0.000846699	2
-90.4699	50.2826	0.00278555	0.000883357	2
-90.8601	51.1126	0.00289156	0.000920172	2
-91.2507	51.9419	0.00299835	0.000957114	2
-91.6417	52.7704	0.00310588	0.00099415	2
-92.0327	53.5982	0.00321407	0.00103125	2
-92.4238	54.4253	0.00332285	0.00106837	2
-92.8145	55.2518	0.00343218	0.0011055	2
-93.2049	56.0777	0.00354198	0.00114258	2
-93.5947	56.9031	0.0036522	0.0011796	2
-93.9837	57.728	0.00376277	0.00121652	2
-94.3718	58.5525	0.00387363	0.0012533	2
-94.7587	59.3767	0.00398471	0.00128992	2
-95.1444	60.2005	0.00409595	0.00132634	2
-95.5285	61.024	0.0042073	0.00136253	2
-95.911	61.8472	0.00431869	0.00139846	2
-96.2916	62.6703	0.00443005	0.0014341	2
-96.6702	63.4933	0.00454132	0.0014694	2
-97.0466	64.3162	0.00465244	0.00150435	2
-97.4164	65.1296	0.00476208	0.00153851	2
-97.7879	65.9524	0.00487272	0.00157264	2
-98.1566	66.7753	0.00498303	0.00160632	2
-98.5225	67.5983	0.00509293	0.00163951	2
-98.8852	68.4214	0.00520238	0.00167217	2
-99.2447	69.2448	0.0053113	0.00170429	2
-99.6007	70.0684	0.00541963	0.00173581	2
-99.9531	70.8923	0.00552731	0.00176672	2
-100.302	71.7166	0.00563428	0.00179698	2
-100.646	72.5412	0.00574048	0.00182655	2
-100.987	73.3663	0.00584584	0.00185541	2
-101.323	74.1919	0.0059503	0.00188352	2
-101.654	75.018	0.0060538	0.00191085	2
-101.981	75.8447	0.00615627	0.00193736	2
-102.303	76.672	0.00625766	0.00196303	2
-102.62	77.5	0.00635789	0.00198783	2
-102.931	78.3288	0.00645691	0.00201171	2
-103.238	79.1583	0.00655466	0.00203465	2
-103.538	79.9887	0.00665107	0.00205661	2
-103.833	80.8199	0.00674608	0.00207757	2
-104.122	81.652	0.00683963	0.00209749	2
-104.405	82.4852	0.00693165	0.00211633	2
-104.681	83.3193	0.00702208	0.00213407	2
-104.948	84.1449	0.00710986	0.00215049	2
-105.211	84.9813	0.00719695	0.00216594	2
-105.467	85.8188	0.00728226	0.00218018	2
-105.717	86.6575	0.00736574	0.00219319	2

-24.9994	2.01255	2.164e-07	1.04048e-08	2
-24.9383	3.08508	1.98523e-05	-2.04421e-07	2
-24.8572	4.15585	4.1754e-05	-2.63404e-06	2
-24.7571	5.21245	6.56667e-05	-7.25886e-06	2
-24.6395	6.24311	9.12433e-05	-1.39586e-05	2
-24.5021	7.27194	0.00011904	-2.28595e-05	2
-24.3463	8.287	0.000148734	-3.38659e-05	2
-24.1723	9.28845	0.000180284	-4.69478e-05	2
-23.9806	10.2764	0.000213654	-6.20752e-05	2
-23.7712	11.251	0.000248805	-7.92182e-05	2
-23.5444	12.2125	0.000285697	-9.83468e-05	2
-23.3005	13.1608	0.000324293	-0.000119431	2
-23.0397	14.0962	0.000364554	-0.000142441	2
-22.7623	15.0189	0.000406442	-0.000167346	2
-22.4686	15.9288	0.000449919	-0.000194116	2
-22.1587	16.8263	0.000494945	-0.000222723	2
-21.8329	17.7114	0.000541482	-0.000253134	2
-21.4915	18.5842	0.000589492	-0.000285322	2
-21.1347	19.445	0.000638937	-0.000319255	2
-20.7628	20.2938	0.000689777	-0.000354903	2
-20.376	21.1307	0.000741975	-0.000392237	2
-19.9746	21.956	0.000795492	-0.000431227	2
-19.5588	22.7698	0.00085029	-0.000471842	2
-19.1288	23.5721	0.000906329	-0.000514052	2
-18.685	24.3632	0.000963572	-0.000557828	2
-18.2275	25.1431	0.00102198	-0.00060314	2
-17.7621	25.9033	0.00108082	-0.000649411	2
-17.2782	26.6615	0.00114144	-0.000697687	2
-16.7815	27.409	0.0012031	-0.000747409	2
-16.2721	28.1459	0.00126577	-0.000798546	2
-15.7502	28.8724	0.00132941	-0.00085107	2
-15.2163	29.5885	0.00139399	-0.00090495	2
-14.6704	30.2945	0.00145947	-0.000960155	2
-14.1129	30.9905	0.00152581	-0.00101666	2
-13.544	31.6766	0.00159296	-0.00107442	2
-12.9639	32.353	0.00166089	-0.00113343	2
-12.3729	33.0197	0.00172957	-0.00119364	2
-11.7713	33.677	0.00179895	-0.00125502	2
-11.1592	34.3249	0.001869	-0.00131755	2
-10.537	34.9636	0.00193967	-0.0013812	2
-9.90488	35.5933	0.00201093	-0.00144593	2
-9.26309	36.2141	0.00208274	-0.00151172	2
-8.61189	36.826	0.00215507	-0.00157853	2
-7.95152	37.4294	0.00222786	-0.00164634	2
-7.28223	38.0242	0.0023011	-0.00171512	2
-6.60427	38.6107	0.00237472	-0.00178483	2
-5.9179	39.1889	0.00244871	-0.00185545	2
-5.22335	39.7591	0.00252301	-0.00192694	2
-4.52088	40.3213	0.0025976	-0.00199928	2
-3.81894	40.8693	0.00267156	-0.00207159	2
-3.10145	41.4161	0.00274659	-0.00214553	2
-2.37679	41.9554	0.00282179	-0.00222021	2
-1.6452	42.4873	0.00289711	-0.00229563	2
-0.906918	43.0119	0.00297252	-0.00237174	2
-0.162208	43.5293	0.00304798	-0.00244852	2
0.588687	44.0398	0.00312346	-0.00252593	2
1.34552	44.5435	0.0031989	-0.00260395	2
2.10804	45.0405	0.00327428	-0.00268255	2
2.87599	45.5308	0.00334956	-0.00276169	2
3.64914	46.0148	0.0034247	-0.00284135	2
4.42722	46.4924	0.00349965	-0.00292149	2
5.21	46.9639	0.00357439	-0.00300209	2
5.99723	47.4294	0.00364887	-0.00308312	2
6.78864	47.889	0.00372306	-0.00316455	2
7.58401	48.3429	0.00379691	-0.00324634	2
8.38307	48.7912	0.00387038	-0.00332846	2
9.18558	49.234	0.00394345	-0.00341089	2
9.99129	49.6715	0.00401606	-0.0034936	2
10.8	50.1038	0.00408819	-0.00357656	2
11.6113	50.531	0.00415979	-0.00365973	2
12.4251	50.9534	0.00423083	-0.00374308	2
13.2412	51.3709	0.00430126	-0.0038266	2
14.0591	51.7839	0.00437105	-0.00391024	2
14.8694	52.1877	0.00443937	-0.00399301	2
15.6905	52.5918	0.00450777	-0.00407681	2
16.5129	52.9917	0.00457541	-0.00416065	2
17.3362	53.3876	0.00464226	-0.0042445	2
18.1602	53.7795	0.00470827	-0.00432832	2
18.9847	54.1676	0.00477342	-0.00441208	2
19.8094	54.552	0.00483765	-0.00449577	2
20.6341	54.9329	0.00490093	-0.00457934	2
21.4585	55.3104	0.00496322	-0.00466277	2
22.2824	55.6847	0.00502449	-0.00474602	2
23.1055	56.0558	0.00508469	-0.00482907	2
23.9276	56.424	0.00514379	-0.00491189	2
24.7484	56.7894	0.00520174	-0.00499444	2
25.5676	57.152	0.00525852	-0.0050767	2
26.3851	57.5121	0.00531408	-0.00515864	2
27.2006	57.8698	0.00536838	-0.00524023	2
28.0138	58.2252	0.00542138	-0.00532143	2
28.8245	58.5784	0.00547306	-0.00540221	2
29.6325	58.9296	0.00552335	-0.00548256	2
30.4374	59.279	0.00557224	-0.00556243	2
31.2391	59.6267	0.00561968	-0.00564179	2
32.0372	59.9727	0.00566563	-0.00572063	2
32.8316	60.3173	0.00571006	-0.00579889	2
33.6129	60.6567	0.00575243	-0.00587568	2
34.3991	60.9988	0.00579371	-0.00595274	2
35.1807	61.3399	0.00583334	-0.00602915	2
35.9577	61.68	0.00587129	-0.00610487	2

24.9953	2.01187	-5.26227e-07	-6.77299e-08	2
24.6057	3.02885	-4.52311e-05	-5.54786e-06	2
24.2403	4.04921	-8.93543e-05	-1.04107e-05	2
23.9035	5.0611	-0.000132379	-1.46071e-05	2
23.5983	6.05306	-0.00017384	-1.81184e-05	2
23.3174	7.04817	-0.00021471	-2.10447e-05	2
23.064	8.03486	-0.00025451	-2.33599e-05	2
22.8379	9.01316	-0.000293251	-2.50826e-05	2
22.6386	9.98309	-0.000330941	-2.62314e-05	2
22.466	10.9447	-0.000367591	-2.68247e-05	2
22.3196	11.8979	-0.000403209	-2.68812e-05	2
22.1991	12.8428	-0.000437807	-2.64193e-05	2
22.1041	13.7794	-0.000471392	-2.54577e-05	2
22.0344	14.7078	-0.000503976	-2.40148e-05	2
21.9896	15.6278	-0.000535567	-2.21092e-05	2
21.9694	16.5397	-0.000566175	-1.97594e-05	2
21.9734	17.4433	-0.00059581	-1.6984e-05	2
22.0012	18.3387	-0.000624481	-1.38016e-05	2
22.0527	19.2259	-0.000652198	-1.02306e-05	2
22.1273	20.1049	-0.000678971	-6.2896e-06	2
22.2249	20.9758	-0.000704808	-1.99717e-06	2
22.345	21.8386	-0.000729721	2.62817e-06	2
22.4873	22.6933	-0.000753718	7.56787e-06	2
22.6514	23.5398	-0.000776809	1.28034e-05	2
22.8372	24.3783	-0.000799004	1.83162e-05	2
23.0441	25.2087	-0.000820312	2.40877e-05	2
23.2692	26.0217	-0.000840513	3.00291e-05	2
23.5173	26.8362	-0.000860087	3.626e-05	2
23.7856	27.6427	-0.000878802	4.26943e-05	2
24.0738	28.4412	-0.000896669	4.93133e-05	2
24.3816	29.2317	-0.000913697	5.60986e-05	2
24.7085	30.0143	-0.000929896	6.30316e-05	2
25.0543	30.789	-0.000945276	7.00937e-05	2
25.4187	31.5557	-0.000959846	7.72665e-05	2
25.8012	32.3146	-0.000973615	8.45313e-05	2
26.2016	33.0656	-0.000986594	9.18696e-05	2
26.6195	33.8088	-0.000998792	9.9263e-05	2
27.0546	34.5441	-0.00101022	0.000106693	2
27.5066	35.2716	-0.00102088	0.00011414	2
27.975	35.9913	-0.0010308	0.000121587	2
28.4597	36.7033	-0.00103997	0.000129015	2
28.9602	37.4075	-0.0010484	0.000136405	2
29.4762	38.104	-0.00105612	0.000143739	2
30.0075	38.7927	-0.00106312	0.000150998	2
30.5535	39.4738	-0.00106941	0.000158164	2
31.1141	40.1471	-0.00107501	0.000165218	2
31.6888	40.8128	-0.00107993	0.000172141	2
32.2773	41.4709	-0.00108417	0.000178915	2
32.8794	42.1213	-0.00108775	0.000185522	2
33.4875	42.7568	-0.00109063	0.00019187	2
34.1154	43.3922	-0.00109292	0.000198089	2
34.7558	44.02	-0.00109456	0.000204085	2
35.4084	44.6402	-0.00109558	0.000209839	2
36.0728	45.2529	-0.00109597	0.000215333	2
36.7487	45.8581	-0.00109576	0.000220549	2
37.4358	46.4558	-0.00109496	0.000225467	2
38.1336	47.046	-0.00109356	0.00023007	2
38.842	47.6288	-0.00109158	0.000234339	2
39.5605	48.2041	-0.00108904	0.000238255	2
40.2889	48.772	-0.00108593	0.000241799	2
41.0267	49.3326	-0.00108228	0.000244954	2
41.7736	49.8857	-0.00107808	0.000247701	2
42.5294	50.4315	-0.00107335	0.00025002	2
43.2937	50.9699	-0.00106811	0.000251894	2
44.066	51.5011	-0.00106235	0.000253305	2
44.8462	52.0249	-0.00105608	0.000254232	2
45.6339	52.5414	-0.00104933	0.000254659	2
46.4287	53.0507	-0.00104209	0.000254566	2
47.2303	53.5527	-0.00103438	0.000253934	2
48.0384	54.0475	-0.0010262	0.000252747	2
48.8525	54.5351	-0.00101757	0.000250983	2
49.6725	55.0155	-0.0010085	0.000248626	2
50.498	55.4887	-0.000998987	0.000245657	2
51.319	55.9495	-0.000989169	0.000242102	2
52.1543	56.4085	-0.000978823	0.00023786	2
52.994	56.8604	-0.000968071	0.00023295	2
53.8379	57.3052	-0.000956923	0.000227354	2
54.6855	57.7429	-0.000945388	0.000221053	2
55.5366	58.1736	-0.000933475	0.000214029	2
56.3909	58.5972	-0.000921195	0.000206263	2
57.2479	59.0138	-0.000908556	0.000197737	2
58.1073	59.4234	-0.00089557	0.000188431	2
58.9689	59.826	-0.000882244	0.000178328	2
59.8322	60.2217	-0.000868589	0.000167409	2
60.6969	60.6104	-0.000854615	0.000155655	2
61.5628	60.9922	-0.00084033	0.000143048	2
62.4294	61.3671	-0.000825745	0.000129569	2
63.2965	61.735	-0.000810869	0.0001152	2
64.1637	62.0962	-0.000795713	9.99226e-05	2
65.0306	62.4504	-0.000780284	8.37176e-05	2
65.8969	62.7979	-0.000764594	6.65667e-05	2
66.7624	63.1385	-0.000748652	4.84514e-05	2
67.6266	63.4723	-0.000732466	2.93531e-05	2
68.4892	63.7993	-0.000716048	9.25326e-06	2
69.3499	64.1196	-0.000699406	-1.18666e-05	2
70.2083	64.4331	-0.000682551	-3.4025e-05	2
71.0544	64.7365	-0.000665688	-5.69677e-05	2
71.9073	65.0367	-0.000648436	-8.12464e-05	2
72.757	65.3302	-0.000630999	-0.000106619	2
73.6032	65.617	-0.000613386	-0.000133104	2

74.9966	2.01071	2.86791e-07	-3.65273e-07	2
74.7082	2.93526	2.35508e-05	-3.10587e-05	2
74.4188	3.87661	4.43054e-05	-6.06756e-05	2
74.132	4.82377	6.23182e-05	-8.88737e-05	2
73.8514	5.76549	7.74829e-05	-0.000115375	2
73.5705	6.72338	9.02064e-05	-0.00014082	2
73.2929	7.68625	0.000100352	-0.000164914	2
73.0188	8.65383	0.000107973	-0.00018768	2
72.7485	9.62584	0.000113126	-0.000209141	2
72.4821	10.602	0.000115864	-0.00022932	2
72.2199	11.582	0.000116243	-0.000248239	2
71.9621	12.5656	0.000114317	-0.000265923	2
71.7089	13.5525	0.00011014	-0.000282393	2
71.4606	14.5425	0.000103768	-0.000297672	2
71.2173	15.5352	9.52553e-05	-0.000311783	2
70.9793	16.5304	8.46561e-05	-0.000324749	2
70.7469	17.5278	7.20253e-05	-0.000336593	2
70.5202	18.5271	5.74176e-05	-0.000347338	2
70.2994	19.5281	4.08877e-05	-0.000357006	2
70.0848	20.5304	2.24902e-05	-0.000365621	2
69.8767	21.5338	2.27982e-06	-0.000373205	2
69.6751	22.5381	-1.96888e-05	-0.000379781	2
69.4804	23.5428	-4.3361e-05	-0.000385372	2
69.2928	24.5479	-6.86821e-05	-0.000390001	2
69.1124	25.5529	-9.55973e-05	-0.00039369	2
68.9396	26.5575	-0.000124052	-0.000396463	2
68.7764	27.5501	-0.00015364	-0.000398326	2
68.6191	28.5534	-0.000184993	-0.000399344	2
68.4701	29.5555	-0.000217723	-0.000399514	2
68.3294	30.5563	-0.000251775	-0.000398859	2
68.1974	31.5553	-0.000287093	-0.000397401	2
68.0742	32.5524	-0.000323623	-0.000395163	2
67.9601	33.5472	-0.000361311	-0.000392169	2
67.8553	34.5395	-0.000400102	-0.000388441	2
67.76	35.529	-0.000439941	-0.000384001	2
67.6744	36.5154	-0.000480773	-0.000378873	2
67.5988	37.4985	-0.000522544	-0.00037308	2
67.5334	38.4779	-0.0005652	-0.000366644	2
67.4783	39.4534	-0.000608684	-0.000359588	2
67.4339	40.4248	-0.000652944	-0.000351935	2
67.4003	41.3916	-0.000697923	-0.000343709	2
67.3778	42.3537	-0.000743569	-0.000334931	2
67.3666	43.3108	-0.000789824	-0.000325624	2
67.3669	44.2626	-0.000836636	-0.000315812	2
67.3789	45.2088	-0.00088395	-0.000305518	2
67.4029	46.1492	-0.00093171	-0.000294763	2
67.4391	47.0834	-0.000979862	-0.000283572	2
67.4876	48.0112	-0.00102835	-0.000271967	2
67.5488	48.9323	-0.00107712	-0.00025997	2
67.6219	49.836	-0.00112556	-0.000247749	2
67.7088	50.7429	-0.00117473	-0.000235042	2
67.8091	51.6424	-0.00122402	-0.000222012	2
67.9228	52.534	-0.00127338	-0.000208682	2
68.0503	53.4176	-0.00132275	-0.000195074	2
68.1917	54.2928	-0.00137207	-0.000181212	2
68.3473	55.1593	-0.00142129	-0.000167119	2
68.5173	56.017	-0.00147036	-0.000152817	2
68.7019	56.8654	-0.00151922	-0.000138328	2
68.9014	57.7044	-0.00156782	-0.000123677	2
69.1159	58.5337	-0.00161609	-0.000108886	2
69.3457	59.3529	-0.001664	-9.39768e-05	2
69.5911	60.1618	-0.00171148	-7.89734e-05	2
69.8521	60.9601	-0.00175848	-6.38983e-05	2
70.1291	61.7476	-0.00180494	-4.87744e-05	2
70.4223	62.5239	-0.0018508	-3.36245e-05	2
70.7319	63.2889	-0.00189603	-1.84715e-05	2
71.0581	64.0421	-0.00194055	-3.33814e-06	2
71.4011	64.7833	-0.00198431	1.17526e-05	2
71.7612	65.5123	-0.00202727	2.6778e-05	2
72.1386	66.2288	-0.00206936	4.17151e-05	2
72.5335	66.9324	-0.00211054	5.65411e-05	2
72.9462	67.623	-0.00215073	7.12332e-05	2
73.3767	68.3002	-0.0021899	8.57685e-05	2
73.8202	68.9563	-0.00222756	9.99602e-05	2
74.2872	69.6061	-0.00226452	0.000114116	2
74.7728	70.2417	-0.00230029	0.000128046	2
75.2772	70.8628	-0.00233481	0.000141729	2
75.8006	71.4692	-0.00236803	0.000155141	2
76.3434	72.0606	-0.0023999	0.000168259	2
76.9057	72.6367	-0.00243035	0.000181061	2
77.4876	73.1972	-0.00245934	0.000193523	2
78.0896	73.7418	-0.00248681	0.000205623	2
78.7117	74.2703	-0.00251271	0.000217339	2
79.3542	74.7823	-0.00253697	0.000228646	2
80.0173	75.2777	-0.00255955	0.000239523	2
80.7013	75.7561	-0.00258039	0.000249946	2
81.4063	76.2172	-0.00259944	0.000259893	2
82.1326	76.6608	-0.00261664	0.00026934	2
82.8804	77.0866	-0.00263194	0.000278265	2
83.65	77.4944	-0.00264528	0.000286646	2
84.4415	77.8837	-0.00265661	0.000294459	2
85.2552	78.2544	-0.00266587	0.000301681	2
86.0912	78.6062	-0.00267301	0.000308289	2
86.9499	78.9388	-0.00267797	0.000314261	2
87.8314	79.2519	-0.0026807	0.000319574	2
88.736	79.5453	-0.00268115	0.000324205	2
89.6531	79.8156	-0.00267929	0.00032809	2
90.6042	80.0688	-0.00267503	0.000331297	2
91.579	80.3015	-0.00266832	0.000333754	2
92.5778	80.5133	-0.00265911	0.000335437	2

125.001	2.01064	3.08511e-09	1.75894e-07	2
125.052	2.92429	1.02844e-07	1.45289e-05	2
125.068	3.84562	-1.28607e-07	2.75138e-05	2
125.05	4.76398	-6.93331e-07	3.89877e-05	2
124.998	5.66885	-1.57811e-06	4.88769e-05	2
124.913	6.58127	-2.80251e-06	5.74441e-05	2
124.796	7.49069	-4.35713e-06	6.45988e-05	2
124.647	8.39709	-6.24095e-06	7.03738e-05	2
124.467	9.30047	-8.45294e-06	7.48023e-05	2
124.258	10.2008	-1.09921e-05	7.79171e-05	2
124.02	11.0981	-1.38573e-05	7.97512e-05	2
123.754	11.9923	-1.70477e-05	8.03375e-05	2
123.461	12.8835	-2.05622e-05	7.9709e-05	2
123.142	13.7716	-2.43997e-05	7.78986e-05	2
122.797	14.6566	-2.85593e-05	7.49394e-05	2
122.428	15.5384	-3.30398e-05	7.08642e-05	2
122.035	16.4172	-3.78404e-05	6.57059e-05	2
121.619	17.2928	-4.296e-05	5.94977e-05	2
121.181	18.1654	-4.83975e-05	5.22723e-05	2
120.723	19.0347	-5.41519e-05	4.40629e-05	2
120.244	19.9009	-6.02222e-05	3.49022e-05	2
119.745	20.7639	-6.66074e-05	2.48233e-05	2
119.228	21.6238	-7.33065e-05	1.38591e-05	2
118.694	22.4804	-8.03184e-05	2.04259e-06	2
118.143	23.3338	-8.76422e-05	-1.05933e-05	2
117.576	24.1841	-9.52767e-05	-2.40156e-05	2
117	25.0213	-0.000103128	-3.80243e-05	2
116.404	25.8651	-0.000111377	-5.29125e-05	2
115.795	26.7057	-0.000119935	-6.84886e-05	2
115.172	27.5429	-0.000128799	-8.47198e-05	2
114.539	28.377	-0.000137968	-0.000101573	2
113.894	29.2077	-0.000147443	-0.000119015	2
113.24	30.0351	-0.000157221	-0.000137014	2
112.577	30.8592	-0.000167301	-0.000155535	2
111.905	31.68	-0.000177684	-0.000174547	2
111.227	32.4975	-0.000188366	-0.000194016	2
110.541	33.3117	-0.000199349	-0.000213909	2
109.851	34.1224	-0.00021063	-0.000234194	2
109.155	34.9299	-0.000222208	-0.000254837	2
108.456	35.7339	-0.000234083	-0.000275806	2
107.753	36.5346	-0.000246253	-0.000297067	2
107.049	37.3319	-0.000258718	-0.000318588	2
106.343	38.1257	-0.000271477	-0.000340335	2
105.637	38.9162	-0.000284527	-0.000362276	2
104.931	39.7032	-0.000297869	-0.000384377	2
104.226	40.4868	-0.000311502	-0.000406607	2
103.524	41.2669	-0.000325423	-0.000428931	2
102.825	42.0435	-0.000339634	-0.000451317	2
102.13	42.8167	-0.000354131	-0.000473732	2
101.447	43.5776	-0.000368743	-0.000495885	2
100.762	44.3438	-0.000383809	-0.00051826	2
100.083	45.1066	-0.000399159	-0.000540564	2
99.4119	45.8658	-0.000414792	-0.000562767	2
98.7488	46.6215	-0.000430707	-0.000584833	2
98.0947	47.3736	-0.000446903	-0.000606732	2
97.4506	48.1222	-0.00046338	-0.000628428	2
96.8173	48.8672	-0.000480136	-0.000649891	2
96.1956	49.6087	-0.00049717	-0.000671086	2
95.5863	50.3466	-0.000514481	-0.000691981	2
94.9905	51.0808	-0.000532068	-0.000712543	2
94.4089	51.8115	-0.00054993	-0.000732738	2
93.8423	52.5385	-0.000568066	-0.000752535	2
93.2917	53.2619	-0.000586475	-0.000771899	2
92.7579	53.9817	-0.000605156	-0.000790799	2
92.2418	54.6978	-0.000624108	-0.0008092	2
91.7442	55.4103	-0.00064333	-0.00082707	2
91.2659	56.119	-0.00066282	-0.000844377	2
90.808	56.8241	-0.000682579	-0.000861086	2
90.3711	57.5255	-0.000702605	-0.000877166	2
89.9562	58.2232	-0.000722896	-0.000892583	2
89.5642	58.9171	-0.000743452	-0.000907305	2
89.1958	59.6074	-0.000764272	-0.000921298	2
88.852	60.2939	-0.000785355	-0.000934529	2
88.5372	60.9688	-0.000806453	-0.000946827	2
88.2448	61.6478	-0.000828055	-0.000958446	2
87.9795	62.323	-0.000849917	-0.000969205	2
87.7422	62.9944	-0.000872038	-0.00097907	2
87.5338	63.6621	-0.000894416	-0.00098801	2
87.3551	64.3259	-0.000917051	-0.000995991	2
87.207	64.9859	-0.000939942	-0.00100298	2
87.0903	65.6421	-0.000963087	-0.00100894	2
87.0059	66.2944	-0.000986486	-0.00101385	2
86.9547	66.9429	-0.00101014	-0.00101766	2
86.9375	67.5875	-0.00103404	-0.00102036	2
86.9552	68.2282	-0.00105819	-0.00102189	2
87.0087	68.865	-0.0010826	-0.00102224	2
87.0987	69.498	-0.00110725	-0.00102136	2
87.2263	70.127	-0.00113215	-0.00101923	2
87.3921	70.7521	-0.00115729	-0.00101581	2
87.5972	71.3733	-0.00118268	-0.00101106	2
87.8423	71.9905	-0.00120832	-0.00100497	2
88.1283	72.6038	-0.0012342	-0.000997482	2
88.4561	73.2131	-0.00126032	-0.000988578	2
88.8265	73.8184	-0.00128668	-0.00097822	2
89.2404	74.4198	-0.00131328	-0.000966376	2
89.6987	75.0171	-0.00134012	-0.000953013	2
90.1962	75.6036	-0.00136689	-0.000938278	2
90.7453	76.193	-0.00139421	-0.000921796	2
91.3413	76.7783	-0.00142176	-0.000903697	2
91.9851	77.3595	-0.00144954	-0.000883946	2

