-125.001	2.01131	-1.38336e-07	-3.78027e-07	2
-125.061	2.98049	-1.02714e-05	-3.16585e-05	2
-125.137	3.95485	-1.70101e-05	-6.0857e-05	2
-125.228	4.92319	-2.02702e-05	-8.76377e-05	2
-125.333	5.87456	-2.0127e-05	-0.000111776	2
-125.452	6.83119	-1.66309e-05	-0.000133875	2
-125.586	7.78207	-9.81804e-06	-0.000153683	2
-125.734	8.72729	2.57312e-07	-0.000171242	2
-125.895	9.66695	1.3541e-05	-0.000186595	2
-126.069	10.6011	2.99789e-05	-0.000199783	2
-126.257	11.53	4.95168e-05	-0.00021085	2
-126.457	12.4535	7.21005e-05	-0.000219838	2
-126.67	13.3719	9.76759e-05	-0.000226789	2
-126.895	14.2851	0.000126189	-0.000231745	2
-127.133	15.1934	0.000157585	-0.000234749	2
-127.382	16.0967	0.00019181	-0.000235843	2
-127.642	16.9953	0.000228811	-0.000235069	2
-127.914	17.8891	0.000268532	-0.000232471	2
-128.198	18.7783	0.00031092	-0.000228089	2
-128.491	19.663	0.00035592	-0.000221967	2
-128.796	20.5432	0.000403478	-0.000214147	2
-129.11	21.4191	0.000453541	-0.000204672	2
-129.435	22.2908	0.000506054	-0.000193583	2
-129.77	23.1583	0.000560962	-0.000180923	2
-130.114	24.0217	0.000618212	-0.000166734	2
-130.467	24.8812	0.000677749	-0.000151059	2
-130.826	25.727	0.000738798	-0.000134145	2
-131.197	26.5788	0.000802723	-0.000115641	2
-131.577	27.427	0.000868773	-9.57767e-05	2
-131.965	28.2716	0.000936895	-7.45953e-05	2
-132.361	29.1127	0.00100703	-5.21389e-05	2
-132.765	29.9504	0.00107914	-2.84499e-05	2
-133.176	30.7847	0.00115315	-3.57075e-06	2
-133.595	31.6159	0.00122901	2.24563e-05	2
-134.021	32.4439	0.00130668	4.95889e-05	2
-134.454	33.2689	0.00138609	7.77846e-05	2
-134.893	34.0909	0.0014672	0.000107001	2
-135.339	34.9101	0.00154994	0.000137196	2
-135.79	35.7266	0.00163427	0.000168327	2
-136.248	36.5404	0.00172012	0.000200352	2
-136.711	37.3517	0.00180745	0.000233228	2
-137.179	38.1604	0.00189621	0.000266913	2
-137.652	38.9669	0.00198633	0.000301364	2
-138.13	39.771	0.00207776	0.00033654	2
-138.613	40.5729	0.00217045	0.000372398	2
-139.1	41.3728	0.00226435	0.000408895	2
-139.591	42.1706	0.0023594	0.00044599	2
-140.086	42.9666	0.00245554	0.000483639	2
-140.584	43.7607	0.00255272	0.000521801	2
-141.08	44.544	0.00264976	0.000559986	2
-141.585	45.3348	0.00274886	0.000599041	2
-142.093	46.1241	0.00284884	0.000638482	2
-142.603	46.9119	0.00294964	0.000678266	2
-143.115	47.6984	0.00305122	0.000718352	2
-143.63	48.4837	0.00315351	0.000758696	2
-144.146	49.2678	0.00325646	0.000799257	2
-144.664	50.0508	0.00336003	0.000839991	2
-145.183	50.8329	0.00346415	0.000880858	2
-145.703	51.6141	0.00356877	0.000921814	2
-146.224	52.3945	0.00367384	0.000962816	2
-146.745	53.1742	0.0037793	0.00100382	2
-147.267	53.9533	0.0038851	0.00104479	2
-147.789	54.732	0.00399118	0.00108568	2
-148.311	55.5102	0.0040975	0.00112645	2
-148.832	56.2881	0.00420399	0.00116705	2
-149.353	57.0658	0.0043106	0.00120745	2
-149.872	57.8434	0.00441728	0.00124759	2
-150.39	58.6209	0.00452397	0.00128745	2
-150.907	59.3985	0.00463063	0.00132697	2
-151.423	60.1763	0.00473718	0.00136611	2
-151.936	60.9543	0.00484359	0.00140483	2
-152.447	61.7327	0.0049498	0.00144309	2
-152.956	62.5114	0.00505575	0.00148085	2
-153.456	63.2818	0.00516017	0.00151764	2
-153.959	64.0618	0.00526544	0.00155427	2
-154.459	64.8424	0.0053703	0.00159027	2
-154.955	65.6239	0.00547468	0.0016256	2
-155.448	66.4063	0.00557854	0.00166021	2
-155.936	67.1897	0.00568181	0.00169407	2
-156.421	67.9742	0.00578445	0.00172712	2
-156.901	68.7598	0.00588639	0.00175934	2
-157.376	69.5468	0.0059876	0.00179067	2
-157.847	70.3351	0.006088	0.00182107	2
-158.312	71.1249	0.00618755	0.0018505	2
-158.771	71.9162	0.0062862	0.00187893	2
-159.225	72.7093	0.00638388	0.00190629	2
-159.674	73.504	0.00648055	0.00193257	2
-160.115	74.3006	0.00657615	0.0019577	2
-160.551	75.0992	0.00667062	0.00198165	2
-160.98	75.8998	0.00676392	0.00200438	2
-161.401	76.7025	0.00685599	0.00202584	2
-161.816	77.5074	0.00694677	0.002046	2
-162.223	78.3146	0.00703621	0.0020648	2
-162.622	79.1243	0.00712425	0.00208221	2
-163.014	79.9364	0.00721085	0.00209819	2
-163.397	80.7511	0.00729594	0.00211269	2
-163.768	81.5592	0.00737853	0.00212553	2
-164.134	82.3793	0.00746048	0.00213696	2
-164.491	83.2024	0.00754076	0.00214679	2
-164.839	84.0284	0.00761932	0.00215498	2

-74.9998	2.01258	4.84256e-07	-4.51512e-08	2
-74.9765	3.08839	4.28312e-05	-4.93278e-06	2
-74.9358	4.16506	8.70619e-05	-1.18823e-05	2
-74.878	5.2301	0.000132664	-2.08247e-05	2
-74.8043	6.27158	0.000179061	-3.15995e-05	2
-74.7132	7.31383	0.000227304	-4.44336e-05	2
-74.6058	8.34476	0.000276833	-5.91892e-05	2
-74.4821	9.36449	0.000327619	-7.58422e-05	2
-74.3423	10.3731	0.000379635	-9.43688e-05	2
-74.1868	11.3708	0.000432851	-0.000114745	2
-74.0157	12.3575	0.00048724	-0.000136947	2
-73.8293	13.3335	0.000542771	-0.000160951	2
-73.6276	14.2988	0.000599418	-0.000186733	2
-73.411	15.2536	0.000657152	-0.000214269	2
-73.1796	16.1978	0.000715944	-0.000243535	2
-72.9337	17.1318	0.000775766	-0.000274507	2
-72.6734	18.0554	0.000836589	-0.000307162	2
-72.399	18.9689	0.000898386	-0.000341475	2
-72.1106	19.8724	0.000961126	-0.000377422	2
-71.8086	20.766	0.00102478	-0.000414981	2
-71.493	21.6497	0.00108933	-0.000454125	2
-71.1641	22.5237	0.00115473	-0.000494833	2
-70.8221	23.388	0.00122096	-0.00053708	2
-70.4673	24.2429	0.001288	-0.000580841	2
-70.0997	25.0883	0.00135581	-0.000626094	2
-69.7197	25.9245	0.00142436	-0.000672813	2
-69.332	26.742	0.00149284	-0.000720415	2
-68.9277	27.5599	0.00156279	-0.000769981	2
-68.5117	28.3689	0.0016334	-0.000820943	2
-68.084	29.169	0.00170465	-0.000873276	2
-67.6448	29.9603	0.00177649	-0.000926958	2
-67.1944	30.7429	0.00184892	-0.000981963	2
-66.733	31.517	0.00192188	-0.00103827	2
-66.2608	32.2827	0.00199537	-0.00109585	2
-65.778	33.0399	0.00206935	-0.00115468	2
-65.2848	33.7889	0.00214378	-0.00121475	2
-64.7814	34.5298	0.00221865	-0.00127601	2
-64.268	35.2627	0.00229393	-0.00133846	2
-63.7448	35.9876	0.00236958	-0.00140207	2
-63.2121	36.7047	0.00244557	-0.0014668	2
-62.67	37.414	0.00252189	-0.00153265	2
-62.1188	38.1158	0.0025985	-0.00159958	2
-61.5586	38.81	0.00267536	-0.00166757	2
-60.9897	39.4968	0.00275246	-0.0017366	2
-60.4122	40.1764	0.00282977	-0.00180664	2
-59.8265	40.8487	0.00290725	-0.00187767	2
-59.2326	41.514	0.00298488	-0.00194967	2
-58.6308	42.1723	0.00306263	-0.0020226	2
-58.0213	42.8237	0.00314047	-0.00209646	2
-57.4115	43.4609	0.00321748	-0.00217034	2
-56.7873	44.099	0.00329542	-0.00224595	2
-56.1561	44.7304	0.00337336	-0.00232241	2
-55.518	45.3555	0.00345128	-0.00239969	2
-54.8732	45.9742	0.00352915	-0.00247776	2
-54.222	46.5866	0.00360694	-0.00255661	2
-53.5645	47.1929	0.00368463	-0.00263621	2
-52.901	47.7931	0.00376217	-0.00271654	2
-52.2317	48.3875	0.00383956	-0.00279757	2
-51.5567	48.976	0.00391675	-0.00287928	2
-50.8764	49.5588	0.00399371	-0.00296164	2
-50.1908	50.136	0.00407043	-0.00304463	2
-49.5002	50.7077	0.00414687	-0.00312824	2
-48.8049	51.2739	0.004223	-0.00321242	2
-48.105	51.8349	0.0042988	-0.00329716	2
-47.4007	52.3907	0.00437423	-0.00338244	2
-46.6922	52.9414	0.00444927	-0.00346823	2
-45.9797	53.4872	0.00452389	-0.00355451	2
-45.2636	54.028	0.00459806	-0.00364125	2
-44.5438	54.5641	0.00467175	-0.00372843	2
-43.8208	55.0956	0.00474494	-0.00381603	2
-43.0946	55.6225	0.00481759	-0.00390402	2
-42.3655	56.1449	0.00488968	-0.00399237	2
-41.6337	56.663	0.00496118	-0.00408107	2
-40.9078	57.171	0.00503124	-0.00416907	2
-40.1712	57.6807	0.00510148	-0.00425838	2
-39.4325	58.1865	0.00517104	-0.00434797	2
-38.692	58.6883	0.00523989	-0.00443781	2
-37.9497	59.1863	0.00530802	-0.00452787	2
-37.206	59.6806	0.00537537	-0.00461813	2
-36.4611	60.1713	0.00544194	-0.00470856	2
-35.715	60.6584	0.00550769	-0.00479915	2
-34.9682	61.1422	0.0055726	-0.00488987	2
-34.2207	61.6227	0.00563662	-0.0049807	2
-33.4728	62.1	0.00569975	-0.00507161	2
-32.7246	62.5743	0.00576194	-0.00516257	2
-31.9765	63.0455	0.00582316	-0.00525357	2
-31.2285	63.5139	0.0058834	-0.00534457	2
-30.481	63.9795	0.00594263	-0.00543557	2
-29.734	64.4425	0.0060008	-0.00552652	2
-28.9879	64.9029	0.0060579	-0.00561741	2
-28.2428	65.3609	0.0061139	-0.00570822	2
-27.499	65.8165	0.00616876	-0.00579892	2
-26.7565	66.2699	0.00622246	-0.00588948	2
-26.0158	66.7212	0.00627498	-0.00597988	2
-25.2769	67.1705	0.00632628	-0.00607011	2
-24.54	67.6178	0.00637633	-0.00616013	2
-23.8139	68.0582	0.00642456	-0.00624888	2
-23.0818	68.502	0.00647205	-0.00633842	2
-22.3523	68.9443	0.00651821	-0.00642768	2
-21.6258	69.385	0.00656301	-0.00651664	2

-25.0041	2.01202	-4.14305e-07	-1.77131e-07	2
-25.345	3.04133	-3.58019e-05	-1.47298e-05	2
-25.6622	4.07293	-7.11126e-05	-2.81024e-05	2
-25.9517	5.09485	-0.000105931	-4.01479e-05	2
-26.2111	6.09556	-0.000139866	-5.07801e-05	2
-26.4467	7.09838	-0.000173704	-6.02758e-05	2
-26.6556	8.09167	-0.000207049	-6.85342e-05	2
-26.8383	9.07547	-0.000239898	-7.55853e-05	2
-26.9951	10.0498	-0.000272253	-8.14591e-05	2
-27.1262	11.0148	-0.000304112	-8.61856e-05	2
-27.232	11.9704	-0.000335474	-8.97949e-05	2
-27.3128	12.9168	-0.000366338	-9.2317e-05	2
-27.369	13.8539	-0.000396705	-9.3782e-05	2
-27.4009	14.7818	-0.000426573	-9.42198e-05	2
-27.4088	15.7005	-0.000455942	-9.36605e-05	2
-27.393	16.6102	-0.000484811	-9.21342e-05	2
-27.354	17.5108	-0.000513179	-8.96708e-05	2
-27.2919	18.4024	-0.000541046	-8.63004e-05	2
-27.2072	19.285	-0.000568411	-8.20531e-05	2
-27.1001	20.1587	-0.000595274	-7.69588e-05	2
-26.971	21.0236	-0.000621633	-7.10477e-05	2
-26.8203	21.8797	-0.000647488	-6.43497e-05	2
-26.6482	22.727	-0.000672838	-5.68948e-05	2
-26.4551	23.5656	-0.000697683	-4.87132e-05	2
-26.2413	24.3955	-0.000722022	-3.98348e-05	2
-26.0072	25.2168	-0.000745855	-3.02896e-05	2
-25.7561	26.0203	-0.000768914	-2.02283e-05	2
-25.4824	26.8246	-0.000791737	-9.44663e-06	2
-25.1894	27.6205	-0.000814052	1.91204e-06	2
-24.8774	28.4079	-0.000835857	1.38177e-05	2
-24.5466	29.187	-0.000857152	2.62402e-05	2
-24.1975	29.9577	-0.000877936	3.91496e-05	2
-23.8303	30.7202	-0.000898209	5.25158e-05	2
-23.4454	31.4744	-0.00091797	6.63089e-05	2
-23.0431	32.2204	-0.000937218	8.04987e-05	2
-22.6237	32.9584	-0.000955953	9.50553e-05	2
-22.1877	33.6882	-0.000974174	0.000109949	2
-21.7352	34.41	-0.000991881	0.000125149	2
-21.2666	35.1238	-0.00100907	0.000140625	2
-20.7823	35.8297	-0.00102575	0.000156348	2
-20.2825	36.5276	-0.0010419	0.000172288	2
-19.7677	37.2178	-0.00105755	0.000188414	2
-19.2382	37.9001	-0.00107267	0.000204697	2
-18.6942	38.5747	-0.00108727	0.000221107	2
-18.1361	39.2416	-0.00110136	0.000237612	2
-17.5642	39.9008	-0.00111492	0.000254185	2
-16.9789	40.5525	-0.00112797	0.000270793	2
-16.3805	41.1966	-0.00114049	0.000287408	2
-15.7693	41.8332	-0.00115249	0.000303999	2
-15.153	42.4551	-0.00116384	0.000320347	2
-14.5174	43.0769	-0.0011748	0.000336802	2
-13.87	43.6914	-0.00118524	0.000353143	2
-13.2111	44.2985	-0.00119515	0.000369341	2
-12.5411	44.8984	-0.00120454	0.000385366	2
-11.8603	45.491	-0.0012134	0.000401187	2
-11.1691	46.0765	-0.00122173	0.000416774	2
-10.4676	46.6549	-0.00122954	0.000432098	2
-9.75642	47.2262	-0.00123681	0.000447128	2
-9.03572	47.7905	-0.00124356	0.000461834	2
-8.30585	48.3478	-0.00124978	0.000476187	2
-7.56717	48.8982	-0.00125548	0.000490156	2
-6.81999	49.4417	-0.00126063	0.000503711	2
-6.06464	49.9784	-0.00126526	0.000516822	2
-5.30146	50.5083	-0.00126936	0.00052946	2
-4.53077	51.0315	-0.00127292	0.000541593	2
-3.7529	51.548	-0.00127595	0.000553193	2
-2.96819	52.0579	-0.00127845	0.000564229	2
-2.17696	52.5611	-0.00128041	0.000574671	2
-1.37955	53.0579	-0.00128184	0.000584488	2
-0.57627	53.5481	-0.00128273	0.000593652	2
0.232533	54.0319	-0.00128308	0.000602132	2
1.04653	54.5094	-0.00128289	0.000609897	2
1.86541	54.9804	-0.00128217	0.000616919	2
2.67933	55.4399	-0.00128093	0.000623099	2
3.5069	55.8985	-0.00127913	0.000628551	2
4.33836	56.3509	-0.0012768	0.00063317	2
5.17337	56.7971	-0.00127392	0.000636925	2
6.0116	57.2373	-0.00127051	0.000639785	2
6.85274	57.6714	-0.00126655	0.000641722	2
7.69643	58.0995	-0.00126205	0.000642705	2
8.54236	58.5216	-0.001257	0.000642703	2
9.3902	58.9378	-0.00125141	0.000641688	2
10.2396	59.3482	-0.00124528	0.000639628	2
11.0903	59.7527	-0.0012386	0.000636494	2
11.9419	60.1515	-0.00123138	0.000632256	2
12.794	60.5446	-0.0012236	0.000626884	2
13.6464	60.932	-0.00121528	0.000620348	2
14.4988	61.3137	-0.00120642	0.000612617	2
15.3507	61.6899	-0.001197	0.000603662	2
16.202	62.0606	-0.00118704	0.000593452	2
17.0521	62.4258	-0.00117652	0.000581958	2
17.9009	62.7856	-0.00116545	0.00056915	2
18.7479	63.14	-0.00115383	0.000554997	2
19.5929	63.4891	-0.00114166	0.00053947	2
20.4355	63.8329	-0.00112894	0.000522538	2
21.2754	64.1715	-0.00111567	0.000504172	2
22.1027	64.501	-0.001102	0.000484578	2
22.9362	64.8293	-0.00108762	0.000463269	2
23.7661	65.1526	-0.00107268	0.000440437	2
24.5919	65.4707	-0.00105719	0.00041605	2

24.9962	2.0112	4.48996e-07	-4.27294e-07	2
24.6712	2.97634	3.73829e-05	-3.61902e-05	2
24.3486	3.95668	7.14096e-05	-7.04111e-05	2
24.0323	4.9408	0.000102144	-0.000102697	2
23.7259	5.91706	0.000129352	-0.000132742	2
23.4225	6.90794	0.00015373	-0.000161279	2
23.1258	7.90186	0.000175007	-0.000187982	2
22.8361	8.89858	0.000193247	-0.000212884	2
22.5533	9.89785	0.000208514	-0.00023602	2
22.2777	10.8994	0.000220872	-0.000257423	2
22.0095	11.9031	0.000230385	-0.000277126	2
21.7488	12.9085	0.000237117	-0.000295165	2
21.4956	13.9156	0.000241132	-0.000311571	2
21.2503	14.924	0.000242494	-0.00032638	2
21.0129	15.9334	0.000241266	-0.000339626	2
20.7836	16.9437	0.000237514	-0.000351341	2
20.5626	17.9547	0.0002313	-0.00036156	2
20.3499	18.966	0.00022269	-0.000370317	2
20.1457	19.9774	0.000211746	-0.000377645	2
19.9503	20.9886	0.000198533	-0.000383579	2
19.7636	21.9995	0.000183115	-0.000388151	2
19.586	23.0098	0.000165556	-0.000391397	2
19.4175	24.0193	0.00014592	-0.000393349	2
19.2583	25.0276	0.00012427	-0.000394041	2
19.1085	26.0346	0.000100671	-0.000393508	2
18.9683	27.04	7.51876e-05	-0.000391784	2
18.8393	28.0321	4.82065e-05	-0.000388941	2
18.7186	29.0336	1.9164e-05	-0.000384946	2
18.608	30.0329	-1.15724e-05	-0.000379861	2
18.5075	31.0295	-4.39388e-05	-0.00037372	2
18.4174	32.0234	-7.78712e-05	-0.000366555	2
18.3378	33.0142	-0.000113306	-0.0003584	2
18.2688	34.0018	-0.000150178	-0.000349291	2
18.2106	34.9858	-0.000188424	-0.000339259	2
18.1634	35.966	-0.000227981	-0.00032834	2
18.1272	36.9422	-0.000268783	-0.000316567	2
18.1023	37.9142	-0.000310768	-0.000303973	2
18.0887	38.8816	-0.000353871	-0.000290594	2
18.0867	39.8443	-0.000398027	-0.000276461	2
18.0964	40.802	-0.000443174	-0.00026161	2
18.118	41.7545	-0.000489247	-0.000246074	2
18.1515	42.7015	-0.000536182	-0.000229887	2
18.1971	43.6428	-0.000583915	-0.000213083	2
18.2551	44.5781	-0.000632382	-0.000195695	2
18.3255	45.5072	-0.000681519	-0.000177757	2
18.4085	46.4298	-0.000731263	-0.000159304	2
18.5042	47.3458	-0.000781549	-0.000140369	2
18.6128	48.2548	-0.000832312	-0.000120985	2
18.7345	49.1566	-0.00088349	-0.000101188	2
18.8677	50.0408	-0.000934425	-8.12432e-05	2
19.0158	50.9276	-0.000986236	-6.0722e-05	2
19.1773	51.8065	-0.00103827	-3.98874e-05	2
19.3525	52.6773	-0.00109046	-1.87734e-05	2
19.5415	53.5397	-0.00114275	2.58629e-06	2
19.7444	54.3934	-0.00119507	2.41578e-05	2
19.9614	55.2382	-0.00124736	4.59073e-05	2
20.1927	56.0739	-0.00129955	6.7801e-05	2
20.4383	56.9003	-0.00135158	8.98051e-05	2
20.6985	57.717	-0.00140338	0.000111886	2
20.9734	58.5239	-0.00145489	0.000134009	2
21.2631	59.3207	-0.00150606	0.000156141	2
21.5678	60.1071	-0.0015568	0.000178249	2
21.8877	60.8829	-0.00160706	0.000200297	2
22.2229	61.648	-0.00165678	0.000222253	2
22.5735	62.4019	-0.00170589	0.000244083	2
22.9397	63.1445	-0.00175433	0.000265753	2
23.3216	63.8756	-0.00180203	0.000287228	2
23.7195	64.5948	-0.00184893	0.000308476	2
24.1334	65.302	-0.00189496	0.000329462	2
24.5635	65.9969	-0.00194007	0.000350153	2
25.0099	66.6793	-0.00198418	0.000370514	2
25.4729	67.3489	-0.00202724	0.000390512	2
25.9524	68.0055	-0.00206917	0.000410114	2
26.443	68.6415	-0.00210946	0.000429066	2
26.9562	69.2714	-0.00214898	0.000447778	2
27.4864	69.8876	-0.00218718	0.000465991	2
28.0339	70.4899	-0.00222401	0.000483673	2
28.5987	71.0778	-0.0022594	0.000500789	2
29.1812	71.6513	-0.00229328	0.000517306	2
29.7813	72.2101	-0.0023256	0.000533189	2
30.3993	72.7539	-0.00235628	0.000548406	2
31.0352	73.2825	-0.00238527	0.000562921	2
31.6893	73.7957	-0.0024125	0.000576702	2
32.3618	74.2931	-0.0024379	0.000589714	2
33.0526	74.7746	-0.00246141	0.000601924	2
33.7621	75.24	-0.00248298	0.000613297	2
34.4903	75.6889	-0.00250253	0.000623801	2
35.2374	76.1211	-0.00252	0.0006334	2
36.0036	76.5364	-0.00253532	0.000642063	2
36.7889	76.9345	-0.00254844	0.000649753	2
37.5937	77.3153	-0.00255928	0.000656439	2
38.4179	77.6784	-0.00256779	0.000662085	2
39.2617	78.0236	-0.0025739	0.000666658	2
40.1254	78.3507	-0.00257754	0.000670125	2
41.009	78.6594	-0.00257866	0.000672451	2
41.9128	78.9495	-0.00257719	0.000673602	2
42.826	79.2177	-0.00257312	0.000673554	2
43.7702	79.4701	-0.0025663	0.000672269	2
44.7349	79.7031	-0.0025567	0.00066971	2
45.7203	79.9165	-0.00254425	0.000665841	2

75.0007	2.01046	1.74146e-07	1.21356e-07	2
75.0432	2.90947	1.46057e-05	9.92195e-06	2
75.0516	3.81769	2.81183e-05	1.85749e-05	2
75.026	4.72462	4.0552e-05	2.5986e-05	2
74.9681	5.61979	5.17964e-05	3.21179e-05	2
74.8774	6.52399	6.2127e-05	3.71401e-05	2
74.7553	7.42674	7.14214e-05	4.10013e-05	2
74.6025	8.32801	7.96936e-05	4.37287e-05	2
74.42	9.22774	8.69581e-05	4.53493e-05	2
74.2086	10.1259	9.32289e-05	4.58904e-05	2
73.9692	11.0224	9.85204e-05	4.53789e-05	2
73.7025	11.9172	0.000102847	4.38419e-05	2
73.4095	12.8103	0.000106222	4.13066e-05	2
73.091	13.7017	0.000108662	3.78e-05	2
72.7479	14.5912	0.000110178	3.33493e-05	2
72.381	15.4788	0.000110787	2.79815e-05	2
71.9911	16.3645	0.000110501	2.17237e-05	2
71.5792	17.2483	0.000109337	1.4603e-05	2
71.1461	18.1301	0.000107306	6.64645e-06	2
70.6925	19.0097	0.000104425	-2.11877e-06	2
70.2195	19.8873	0.000100707	-1.16656e-05	2
69.7277	20.7627	9.61659e-05	-2.1967e-05	2
69.2182	21.636	9.08167e-05	-3.29958e-05	2
68.6917	22.5069	8.46734e-05	-4.47249e-05	2
68.149	23.3756	7.77502e-05	-5.71273e-05	2
67.5911	24.2419	7.00613e-05	-7.01758e-05	2
67.0255	25.0959	6.17223e-05	-8.36829e-05	2
66.4397	25.9574	5.25533e-05	-9.79359e-05	2
65.8413	26.8165	4.26613e-05	-0.000112754	2
65.231	27.673	3.20605e-05	-0.00012811	2
64.6097	28.5269	2.07651e-05	-0.000143977	2
63.9782	29.3781	8.78933e-06	-0.000160329	2
63.3374	30.2267	-3.85247e-06	-0.000177137	2
62.6882	31.0726	-1.71461e-05	-0.000194374	2
62.0314	31.9157	-3.10773e-05	-0.000212015	2
61.3678	32.756	-4.56318e-05	-0.00023003	2
60.6983	33.5934	-6.07954e-05	-0.000248395	2
60.0237	34.4279	-7.65539e-05	-0.00026708	2
59.345	35.2594	-9.28929e-05	-0.00028606	2
58.6629	36.0879	-0.000109798	-0.000305308	2
57.9784	36.9134	-0.000127256	-0.000324795	2
57.2922	37.7358	-0.000145251	-0.000344495	2
56.6052	38.555	-0.00016377	-0.000364381	2
55.9183	39.3709	-0.000182798	-0.000384426	2
55.2323	40.1837	-0.000202322	-0.000404603	2
54.5481	40.9931	-0.000222326	-0.000424884	2
53.8665	41.7992	-0.000242797	-0.000445243	2
53.1884	42.6019	-0.00026372	-0.000465652	2
52.5146	43.4012	-0.000285082	-0.000486085	2
51.8536	44.1879	-0.000306614	-0.000506279	2
51.191	44.9802	-0.000328804	-0.000526677	2
50.5352	45.7689	-0.00035139	-0.000547018	2
49.8871	46.5539	-0.000374357	-0.000567274	2
49.2477	47.3353	-0.000397692	-0.000587419	2
48.6176	48.113	-0.000421379	-0.000607424	2
47.9979	48.8869	-0.000445404	-0.000627263	2
47.3893	49.657	-0.000469754	-0.00064691	2
46.7926	50.4232	-0.000494414	-0.000666336	2
46.2089	51.1855	-0.00051937	-0.000685515	2
45.6388	51.9438	-0.000544607	-0.00070442	2
45.0832	52.6981	-0.000570112	-0.000723023	2
44.5431	53.4484	-0.00059587	-0.000741297	2
44.0192	54.1945	-0.000621866	-0.000759216	2
43.5124	54.9365	-0.000648087	-0.000776753	2
43.0236	55.6743	-0.000674519	-0.000793879	2
42.5536	56.4079	-0.000701147	-0.000810569	2
42.1032	57.1372	-0.000727956	-0.000826794	2
41.6733	57.8621	-0.000754933	-0.000842528	2
41.2648	58.5826	-0.000782064	-0.000857745	2
40.8786	59.2987	-0.000809333	-0.000872416	2
40.5154	60.0103	-0.000836728	-0.000886514	2
40.1761	60.7173	-0.000864233	-0.000900013	2
39.8616	61.4198	-0.000891834	-0.000912886	2
39.5759	62.1096	-0.000919199	-0.000924968	2
39.3132	62.8029	-0.00094695	-0.000936514	2
39.0778	63.4914	-0.000974755	-0.000947353	2
38.8705	64.1751	-0.0010026	-0.000957457	2
38.6923	64.854	-0.00103047	-0.000966799	2
38.544	65.528	-0.00105835	-0.000975353	2
38.4264	66.1972	-0.00108623	-0.00098309	2
38.3404	66.8613	-0.00111409	-0.000989985	2
38.2869	67.5205	-0.00114191	-0.000996009	2
38.2666	68.1746	-0.0011697	-0.00100114	2
38.2804	68.8236	-0.00119742	-0.00100534	2
38.3293	69.4674	-0.00122507	-0.00100859	2
38.414	70.106	-0.00125262	-0.00101086	2
38.5354	70.7394	-0.00128008	-0.00101213	2
38.6943	71.3675	-0.00130742	-0.00101237	2
38.8916	71.9903	-0.00133463	-0.00101154	2
39.1282	72.6076	-0.00136169	-0.00100963	2
39.4049	73.2195	-0.00138859	-0.00100661	2
39.7225	73.826	-0.00141532	-0.00100244	2
40.082	74.4269	-0.00144186	-0.000997106	2
40.4841	75.0222	-0.00146819	-0.000990576	2
40.9298	75.6119	-0.00149431	-0.000982824	2
41.4197	76.1959	-0.0015202	-0.000973823	2
41.9486	76.7676	-0.00154555	-0.000963671	2
42.5293	77.3402	-0.00157094	-0.000952105	2
43.157	77.9069	-0.00159605	-0.000939208	2
43.8324	78.4678	-0.00162088	-0.000924954	2

124.999	2.01128	-3.78602e-07	4.98535e-08	2
124.871	2.97329	-3.24201e-05	4.00235e-06	2
124.716	3.9305	-6.3809e-05	7.331e-06	2
124.535	4.87191	-9.4193e-05	9.99181e-06	2
124.332	5.78727	-0.000123266	1.19714e-05	2
124.102	6.69813	-0.000151729	1.33216e-05	2
123.848	7.59404	-0.000179266	1.40216e-05	2
123.571	8.47531	-0.000205902	1.4077e-05	2
123.27	9.34219	-0.000231664	1.3494e-05	2
122.947	10.195	-0.000256578	1.22782e-05	2
122.602	11.034	-0.00028067	1.04355e-05	2
122.236	11.8595	-0.000303967	7.9719e-06	2
121.849	12.6717	-0.000326494	4.89318e-06	2
121.441	13.471	-0.000348278	1.20521e-06	2
121.013	14.2577	-0.000369345	-3.08613e-06	2
120.566	15.0319	-0.000389721	-7.97498e-06	2
120.099	15.7941	-0.000409432	-1.34555e-05	2
119.615	16.5444	-0.000428505	-1.95218e-05	2
119.112	17.2833	-0.000446966	-2.61679e-05	2
118.592	18.0109	-0.000464841	-3.33882e-05	2
118.056	18.7275	-0.000482156	-4.11766e-05	2
117.502	19.4335	-0.000498937	-4.95273e-05	2
116.933	20.1291	-0.000515211	-5.84344e-05	2
116.349	20.8145	-0.000531003	-6.78922e-05	2
115.749	21.4902	-0.000546341	-7.78946e-05	2
115.136	22.1563	-0.00056125	-8.84359e-05	2
114.515	22.8057	-0.000575592	-9.93799e-05	2
113.875	23.4538	-0.000589726	-0.000110975	2
113.221	24.0931	-0.000603509	-0.000123092	2
112.555	24.7241	-0.000616969	-0.000135724	2
111.877	25.3469	-0.00063013	-0.000148866	2
111.188	25.9619	-0.000643019	-0.000162511	2
110.489	26.5694	-0.000655663	-0.000176654	2
109.778	27.1696	-0.000668087	-0.00019129	2
109.058	27.7629	-0.000680318	-0.000206411	2
108.329	28.3495	-0.000692382	-0.000222012	2
107.591	28.9296	-0.000704305	-0.000238088	2
106.845	29.5037	-0.000716113	-0.000254633	2
106.091	30.0719	-0.000727833	-0.00027164	2
105.33	30.6346	-0.00073949	-0.000289104	2
104.562	31.192	-0.000751112	-0.000307019	2
103.788	31.7444	-0.000762723	-0.000325379	2
103.008	32.2921	-0.000774351	-0.000344178	2
102.223	32.8355	-0.000786022	-0.00036341	2
101.433	33.3747	-0.000797761	-0.00038307	2
100.639	33.9101	-0.000809596	-0.000403151	2
99.8415	34.4419	-0.000821551	-0.000423648	2
99.0407	34.9704	-0.000833654	-0.000444555	2
98.2373	35.496	-0.00084593	-0.000465866	2
97.4409	36.0129	-0.000858262	-0.000487324	2
96.6337	36.5333	-0.000870961	-0.00050942	2
95.8253	37.0517	-0.000883912	-0.000531904	2
95.0162	37.5682	-0.000897141	-0.000554768	2
94.2071	38.0831	-0.000910675	-0.000578006	2
93.3983	38.5968	-0.000924539	-0.000601614	2
92.5905	39.1094	-0.00093876	-0.000625584	2
91.784	39.6214	-0.000953364	-0.000649912	2
90.9795	40.1329	-0.000968376	-0.00067459	2
90.1773	40.6443	-0.000983824	-0.000699614	2
89.3781	41.1558	-0.000999734	-0.000724978	2
88.5823	41.6678	-0.00101613	-0.000750675	2
87.7905	42.1805	-0.00103304	-0.000776701	2
87.0032	42.6941	-0.00105049	-0.000803048	2
86.2208	43.2091	-0.00106851	-0.000829711	2
85.4438	43.7256	-0.00108712	-0.000856684	2
84.6729	44.244	-0.00110635	-0.000883962	2
83.9084	44.7646	-0.00112622	-0.000911538	2
83.151	45.2875	-0.00114677	-0.000939406	2
82.401	45.8132	-0.00116801	-0.000967562	2
81.6591	46.3418	-0.00118998	-0.000995998	2
80.9257	46.8737	-0.00121269	-0.00102471	2
80.2013	47.4092	-0.00123618	-0.00105369	2
79.4865	47.9486	-0.00126048	-0.00108293	2
78.7897	48.4858	-0.0012853	-0.00111209	2
78.0954	49.0336	-0.00131127	-0.00114184	2
77.4121	49.5862	-0.00133812	-0.00117184	2
76.7404	50.1437	-0.00136587	-0.00120207	2
76.0808	50.7065	-0.00139456	-0.00123254	2
75.4338	51.2748	-0.0014242	-0.00126324	2
74.7998	51.849	-0.00145483	-0.00129416	2
74.1795	52.4293	-0.00148648	-0.0013253	2
73.5733	53.016	-0.00151916	-0.00135664	2
72.9817	53.6094	-0.0015529	-0.00138819	2
72.4052	54.2098	-0.00158773	-0.00141994	2
71.8444	54.8174	-0.00162368	-0.00145189	2
71.2997	55.4326	-0.00166078	-0.00148402	2
70.7717	56.0556	-0.00169904	-0.00151633	2
70.2609	56.6868	-0.00173849	-0.00154881	2
69.7677	57.3263	-0.00177917	-0.00158147	2
69.2927	57.9745	-0.00182109	-0.00161429	2
68.8365	58.6317	-0.00186429	-0.00164727	2
68.3994	59.2982	-0.00190879	-0.00168039	2
67.982	59.9742	-0.00195461	-0.00171367	2
67.5849	60.66	-0.00200179	-0.00174708	2
67.2085	61.3559	-0.00205034	-0.00178063	2
66.8533	62.0622	-0.0021003	-0.00181431	2
66.5236	62.7709	-0.00215109	-0.00184772	2
66.2121	63.4988	-0.00220392	-0.00188164	2
65.9234	64.2379	-0.00225823	-0.00191567	2
65.658	64.9885	-0.00231405	-0.0019498	2

