-125.007	2.01313	5.40016e-07	-1.5258e-07	2
-125.606	3.13877	4.51944e-05	-1.24338e-05	2
-126.185	4.26965	8.68163e-05	-2.31873e-05	2
-126.737	5.3926	0.000124931	-3.2292e-05	2
-127.256	6.49482	0.000159224	-3.97022e-05	2
-127.755	7.60193	0.000190557	-4.56212e-05	2
-128.228	8.70102	0.000218578	-4.99849e-05	2
-128.675	9.79208	0.000243351	-5.28247e-05	2
-129.096	10.8751	0.000264942	-5.4172e-05	2
-129.491	11.95	0.000283415	-5.40579e-05	2
-129.862	13.0167	0.000298835	-5.25139e-05	2
-130.207	14.0754	0.000311269	-4.95713e-05	2
-130.527	15.1258	0.00032078	-4.52614e-05	2
-130.823	16.1681	0.000327434	-3.96155e-05	2
-131.094	17.2021	0.000331296	-3.2665e-05	2
-131.342	18.2278	0.000332432	-2.44412e-05	2
-131.565	19.2453	0.000330906	-1.49755e-05	2
-131.765	20.2544	0.000326783	-4.29905e-06	2
-131.941	21.2552	0.000320129	7.55669e-06	2
-132.094	22.2476	0.000311008	2.05604e-05	2
-132.225	23.2316	0.000299486	3.46808e-05	2
-132.332	24.2072	0.000285628	4.98866e-05	2
-132.418	25.1743	0.000269499	6.61463e-05	2
-132.481	26.133	0.000251164	8.34287e-05	2
-132.522	27.0831	0.000230688	0.000101703	2
-132.541	28.0247	0.000208136	0.000120936	2
-132.539	28.947	0.000183868	0.000140862	2
-132.516	29.8715	0.000157382	0.000161912	2
-132.471	30.7874	0.000129015	0.000183828	2
-132.406	31.6946	9.88322e-05	0.000206579	2
-132.321	32.5931	6.68984e-05	0.000230134	2
-132.215	33.4829	3.32788e-05	0.000254462	2
-132.089	34.364	-1.96148e-06	0.00027953	2
-131.943	35.2363	-3.87574e-05	0.000305308	2
-131.778	36.0999	-7.70437e-05	0.000331765	2
-131.593	36.9545	-0.000116755	0.000358869	2
-131.389	37.8004	-0.000157827	0.000386588	2
-131.166	38.6373	-0.000200195	0.000414893	2
-130.925	39.4654	-0.000243792	0.00044375	2
-130.665	40.2845	-0.000288554	0.000473129	2
-130.387	41.0947	-0.000334416	0.000502998	2
-130.091	41.8958	-0.000381312	0.000533327	2
-129.777	42.688	-0.000429179	0.000564083	2
-129.446	43.4711	-0.000477949	0.000595236	2
-129.098	44.2451	-0.00052756	0.000626754	2
-128.732	45.01	-0.000577944	0.000658606	2
-128.35	45.7657	-0.000629037	0.000690761	2
-127.952	46.5124	-0.000680775	0.000723186	2
-127.537	47.2498	-0.000733092	0.000755852	2
-127.111	47.9697	-0.000785312	0.000788347	2
-126.664	48.6887	-0.000838586	0.000821396	2
-126.202	49.3985	-0.000892245	0.000854592	2
-125.724	50.099	-0.000946223	0.000887902	2
-125.232	50.7902	-0.00100046	0.000921296	2
-124.724	51.472	-0.00105488	0.000954743	2
-124.202	52.1444	-0.00110942	0.00098821	2
-123.666	52.8074	-0.00116403	0.00102167	2
-123.115	53.4609	-0.00121862	0.00105508	2
-122.551	54.105	-0.00127315	0.00108842	2
-121.973	54.7396	-0.00132754	0.00112166	2
-121.381	55.3647	-0.00138173	0.00115476	2
-120.776	55.9802	-0.00143565	0.0011877	2
-120.158	56.5861	-0.00148924	0.00122043	2
-119.528	57.1824	-0.00154243	0.00125294	2
-118.885	57.7691	-0.00159516	0.00128519	2
-118.23	58.3461	-0.00164736	0.00131714	2
-117.563	58.9134	-0.00169897	0.00134877	2
-116.884	59.471	-0.00174993	0.00138005	2
-116.193	60.0188	-0.00180016	0.00141093	2
-115.491	60.5569	-0.0018496	0.0014414	2
-114.778	61.0851	-0.00189819	0.00147143	2
-114.054	61.6035	-0.00194587	0.00150097	2
-113.32	62.1121	-0.00199256	0.00153	2
-112.584	62.6051	-0.00203768	0.00155816	2
-111.829	63.0939	-0.00208222	0.00158608	2
-111.065	63.5728	-0.00212559	0.00161339	2
-110.291	64.0418	-0.00216771	0.00164007	2
-109.507	64.5007	-0.00220852	0.00166608	2
-108.714	64.9496	-0.00224796	0.00169139	2
-107.913	65.3884	-0.00228597	0.00171597	2
-107.102	65.8172	-0.00232247	0.00173979	2
-106.283	66.2358	-0.0023574	0.00176281	2
-105.456	66.6443	-0.0023907	0.00178501	2
-104.621	67.0426	-0.0024223	0.00180636	2
-103.779	67.4307	-0.00245214	0.00182681	2
-102.928	67.8085	-0.00248014	0.00184635	2
-102.071	68.1762	-0.00250626	0.00186494	2
-101.206	68.5335	-0.00253041	0.00188255	2
-100.335	68.8805	-0.00255255	0.00189914	2
-99.4568	69.2172	-0.00257259	0.00191469	2
-98.5725	69.5435	-0.00259048	0.00192917	2
-97.6822	69.8594	-0.00260615	0.00194254	2
-96.786	70.1649	-0.00261953	0.00195477	2
-95.8842	70.46	-0.00263057	0.00196583	2
-94.977	70.7445	-0.00263919	0.00197569	2
-94.0647	71.0186	-0.00264533	0.00198432	2
-93.1581	71.2791	-0.0026489	0.00199161	2
-92.2363	71.5321	-0.00264992	0.0019977	2
-91.3101	71.7746	-0.00264826	0.00200246	2
-90.3796	72.0065	-0.00264386	0.00200587	2

-75.0016	2.01017	5.03519e-07	4.54985e-08	2
-75.1517	2.88655	4.22176e-05	3.59857e-06	2
-75.325	3.7764	8.12544e-05	6.48199e-06	2
-75.5195	4.66939	0.00011716	8.66955e-06	2
-75.7318	5.55506	0.000149625	1.0167e-05	2
-75.9662	6.45384	0.000179453	1.10282e-05	2
-76.2198	7.3553	0.000206299	1.12512e-05	2
-76.4918	8.25929	0.000230214	1.08554e-05	2
-76.7817	9.16566	0.000251246	9.86002e-06	2
-77.0887	10.0742	0.000269447	8.2844e-06	2
-77.4122	10.9849	0.000284865	6.14782e-06	2
-77.7516	11.8975	0.000297552	3.4696e-06	2
-78.1062	12.8118	0.000307556	2.69032e-07	2
-78.4753	13.7277	0.000314927	-3.43457e-06	2
-78.8584	14.6451	0.000319716	-7.62191e-06	2
-79.2547	15.5637	0.000321973	-1.22737e-05	2
-79.6635	16.4836	0.000321747	-1.73706e-05	2
-80.0844	17.4044	0.000319088	-2.28933e-05	2
-80.5165	18.326	0.000314047	-2.88225e-05	2
-80.9592	19.2483	0.000306673	-3.5139e-05	2
-81.4119	20.1712	0.000297015	-4.18233e-05	2
-81.874	21.0944	0.000285125	-4.88563e-05	2
-82.3447	22.0178	0.000271052	-5.62186e-05	2
-82.8234	22.9413	0.000254845	-6.38909e-05	2
-83.3095	23.8647	0.000236556	-7.18538e-05	2
-83.8024	24.7879	0.000216233	-8.00882e-05	2
-84.2955	25.7	0.000194194	-8.84757e-05	2
-84.7997	26.6222	0.000169976	-9.71924e-05	2
-85.3087	27.5437	0.000143874	-0.000106123	2
-85.8218	28.4644	0.000115937	-0.000115248	2
-86.3384	29.384	8.62167e-05	-0.000124547	2
-86.8577	30.3025	5.47616e-05	-0.000134003	2
-87.3793	31.2197	2.16221e-05	-0.000143595	2
-87.9023	32.1354	-1.3152e-05	-0.000153305	2
-88.4261	33.0494	-4.95107e-05	-0.000163112	2
-88.9502	33.9617	-8.74042e-05	-0.000172998	2
-89.4738	34.872	-0.000126782	-0.000182943	2
-89.9962	35.7803	-0.000167595	-0.000192928	2
-90.5169	36.6863	-0.000209794	-0.000202933	2
-91.0352	37.5899	-0.000253327	-0.00021294	2
-91.5504	38.4909	-0.000298145	-0.000222929	2
-92.0619	39.3893	-0.000344198	-0.000232881	2
-92.569	40.2848	-0.000391437	-0.000242777	2
-93.071	41.1772	-0.000439811	-0.000252596	2
-93.5674	42.0665	-0.000489271	-0.00026232	2
-94.0574	42.9525	-0.000539766	-0.00027193	2
-94.5405	43.835	-0.000591246	-0.000281406	2
-95.0158	44.7139	-0.000643663	-0.000290729	2
-95.4829	45.589	-0.000696965	-0.00029988	2
-95.9358	46.4501	-0.000750476	-0.000308737	2
-96.3845	47.3172	-0.000805391	-0.000317488	2
-96.8229	48.1801	-0.000861043	-0.000326008	2
-97.2503	49.0386	-0.000917381	-0.000334279	2
-97.6663	49.8925	-0.000974356	-0.000342281	2
-98.07	50.7417	-0.00103192	-0.000349996	2
-98.4608	51.586	-0.00109002	-0.000357403	2
-98.8381	52.4254	-0.0011486	-0.000364484	2
-99.2013	53.2595	-0.00120763	-0.000371218	2
-99.5496	54.0884	-0.00126704	-0.000377588	2
-99.8825	54.9117	-0.00132678	-0.000383573	2
-100.199	55.7295	-0.00138682	-0.000389154	2
-100.499	56.5414	-0.00144709	-0.000394312	2
-100.782	57.3474	-0.00150755	-0.000399028	2
-101.046	58.1473	-0.00156815	-0.000403282	2
-101.292	58.941	-0.00162883	-0.000407055	2
-101.518	59.7283	-0.00168955	-0.000410327	2
-101.724	60.509	-0.00175026	-0.00041308	2
-101.91	61.283	-0.00181091	-0.000415294	2
-102.074	62.0501	-0.00187145	-0.00041695	2
-102.216	62.8103	-0.00193182	-0.000418029	2
-102.336	63.5632	-0.00199199	-0.00041851	2
-102.432	64.3089	-0.00205189	-0.000418376	2
-102.504	65.047	-0.00211147	-0.000417605	2
-102.551	65.7692	-0.00217002	-0.000416201	2
-102.574	66.492	-0.00222884	-0.00041411	2
-102.57	67.2069	-0.0022872	-0.000411326	2
-102.54	67.9137	-0.00234505	-0.000407829	2
-102.483	68.6123	-0.00240234	-0.000403601	2
-102.398	69.3024	-0.00245902	-0.000398621	2
-102.285	69.984	-0.00251504	-0.000392872	2
-102.142	70.6569	-0.00257034	-0.000386332	2
-101.969	71.3209	-0.00262489	-0.000378984	2
-101.766	71.9759	-0.00267862	-0.000370807	2
-101.532	72.6218	-0.0027315	-0.000361783	2
-101.266	73.2583	-0.00278346	-0.000351892	2
-100.968	73.8853	-0.00283447	-0.000341115	2
-100.636	74.5027	-0.00288447	-0.000329432	2
-100.271	75.1103	-0.0029334	-0.000316825	2
-99.8712	75.708	-0.00298123	-0.000303273	2
-99.4364	76.2956	-0.00302789	-0.000288759	2
-98.9659	76.8729	-0.00307335	-0.000273261	2
-98.459	77.4398	-0.00311754	-0.000256761	2
-97.9151	77.9962	-0.00316043	-0.00023924	2
-97.3335	78.5419	-0.00320196	-0.000220679	2
-96.7136	79.0767	-0.00324208	-0.000201058	2
-96.0547	79.6005	-0.00328074	-0.000180357	2
-95.3644	80.1072	-0.00331747	-0.000158815	2
-94.626	80.6086	-0.00335308	-0.000135911	2
-93.8467	81.0986	-0.00338708	-0.00011187	2
-93.0258	81.5769	-0.00341942	-8.66727e-05	2

-25.0007	2.01193	3.67244e-08	-1.48293e-07	2
-25.0775	3.02993	3.34891e-06	-1.29e-05	2
-25.184	4.04421	6.99451e-06	-2.57953e-05	2
-25.3189	5.04316	1.09147e-05	-3.8683e-05	2
-25.4796	6.01582	1.50379e-05	-5.14127e-05	2
-25.6691	6.9851	1.94383e-05	-6.42778e-05	2
-25.8852	7.93992	2.40471e-05	-7.71274e-05	2
-26.1272	8.88054	2.88421e-05	-8.9959e-05	2
-26.3944	9.80727	3.38013e-05	-0.00010277	2
-26.6863	10.7204	3.89025e-05	-0.000115557	2
-27.0021	11.6202	4.41236e-05	-0.000128319	2
-27.3413	12.507	4.94425e-05	-0.000141052	2
-27.7033	13.381	5.4837e-05	-0.000153753	2
-28.0873	14.2426	6.02849e-05	-0.000166421	2
-28.4928	15.0921	6.57642e-05	-0.000179052	2
-28.9191	15.9297	7.12528e-05	-0.000191643	2
-29.3656	16.7557	7.67284e-05	-0.000204193	2
-29.8317	17.5704	8.2169e-05	-0.000216698	2
-30.3167	18.3742	8.75524e-05	-0.000229155	2
-30.8201	19.1673	9.28565e-05	-0.000241563	2
-31.341	19.9499	9.80591e-05	-0.000253918	2
-31.879	20.7224	0.000103138	-0.000266218	2
-32.4334	21.4852	0.000108072	-0.00027846	2
-33.0036	22.2383	0.000112837	-0.000290641	2
-33.5889	22.9823	0.000117413	-0.00030276	2
-34.1887	23.7172	0.000121776	-0.000314812	2
-34.7953	24.4352	0.000125859	-0.000326658	2
-35.422	25.1533	0.000129735	-0.000338572	2
-36.0614	25.8632	0.000133333	-0.000350411	2
-36.7127	26.5654	0.00013663	-0.000362175	2
-37.3754	27.26	0.000139605	-0.000373859	2
-38.0488	27.9475	0.000142235	-0.000385461	2
-38.7323	28.628	0.000144499	-0.000396979	2
-39.4252	29.3019	0.000146373	-0.000408409	2
-40.1269	29.9694	0.000147837	-0.00041975	2
-40.8368	30.6309	0.000148867	-0.000430999	2
-41.5543	31.2867	0.000149442	-0.000442152	2
-42.2787	31.9369	0.000149539	-0.000453208	2
-43.0093	32.582	0.000149137	-0.000464163	2
-43.7456	33.2222	0.000148214	-0.000475015	2
-44.4869	33.8579	0.000146746	-0.000485762	2
-45.2326	34.4892	0.000144713	-0.0004964	2
-45.982	35.1165	0.000142091	-0.000506927	2
-46.7346	35.74	0.000138859	-0.000517341	2
-47.4896	36.3602	0.000134995	-0.000527638	2
-48.2465	36.9772	0.000130476	-0.000537816	2
-49.0046	37.5913	0.000125281	-0.000547872	2
-49.7633	38.2029	0.000119387	-0.000557805	2
-50.5219	38.8122	0.000112772	-0.00056761	2
-51.2712	39.4126	0.000105502	-0.000577175	2
-52.0278	40.0182	9.73881e-05	-0.00058672	2
-52.7825	40.6225	8.84868e-05	-0.00059613	2
-53.5347	41.2257	7.87763e-05	-0.000605402	2
-54.2836	41.828	6.82345e-05	-0.000614535	2
-55.0287	42.4298	5.68393e-05	-0.000623524	2
-55.7694	43.0314	4.45685e-05	-0.000632368	2
-56.5049	43.633	3.14e-05	-0.000641064	2
-57.2347	44.235	1.73117e-05	-0.000649608	2
-57.9581	44.8376	2.28141e-06	-0.000658	2
-58.6745	45.4411	-1.3713e-05	-0.000666235	2
-59.3833	46.0458	-3.06936e-05	-0.000674311	2
-60.0838	46.6521	-4.86825e-05	-0.000682226	2
-60.7754	47.2601	-6.7702e-05	-0.000689977	2
-61.4574	47.8703	-8.77741e-05	-0.000697561	2
-62.1294	48.4828	-0.000108921	-0.000704975	2
-62.7905	49.098	-0.000131165	-0.000712218	2
-63.4401	49.7161	-0.000154527	-0.000719286	2
-64.0777	50.3375	-0.000179031	-0.000726176	2
-64.7026	50.9625	-0.000204699	-0.000732886	2
-65.3142	51.5912	-0.000231551	-0.000739414	2
-65.9118	52.2241	-0.000259611	-0.000745756	2
-66.4948	52.8614	-0.000288901	-0.00075191	2
-67.0626	53.5034	-0.000319443	-0.000757873	2
-67.6082	54.143	-0.000350886	-0.000763578	2
-68.1438	54.7952	-0.000383982	-0.000769154	2
-68.6623	55.453	-0.000418397	-0.000774532	2
-69.1631	56.1167	-0.000454152	-0.000779708	2
-69.6454	56.7865	-0.000491269	-0.000784681	2
-70.1087	57.4628	-0.00052977	-0.000789447	2
-70.5524	58.1458	-0.000569678	-0.000794003	2
-70.9758	58.8359	-0.000611014	-0.000798348	2
-71.3782	59.5332	-0.000653801	-0.000802478	2
-71.7591	60.2382	-0.000698061	-0.000806391	2
-72.1179	60.9511	-0.000743817	-0.000810083	2
-72.4538	61.6721	-0.000791089	-0.000813554	2
-72.7662	62.4017	-0.0008399	-0.000816799	2
-73.0546	63.14	-0.000890273	-0.000819816	2
-73.3182	63.8874	-0.00094223	-0.000822603	2
-73.5566	64.6441	-0.000995792	-0.000825157	2
-73.7689	65.4105	-0.00105098	-0.000827474	2
-73.9546	66.1868	-0.00110782	-0.000829554	2
-74.113	66.9733	-0.00116633	-0.000831392	2
-74.2436	67.7704	-0.00122654	-0.000832986	2
-74.3457	68.5782	-0.00128846	-0.000834334	2
-74.4186	69.3972	-0.00135212	-0.000835433	2
-74.4617	70.2276	-0.00141755	-0.00083628	2
-74.4745	71.0598	-0.00148397	-0.000836867	2
-74.4565	71.9137	-0.00155296	-0.000837205	2
-74.4069	72.7798	-0.00162377	-0.000837284	2
-74.3249	73.6585	-0.00169643	-0.000837101	2

24.9974	2.0136	6.2151e-07	-2.64843e-07	2
24.7619	3.17272	5.3914e-05	-2.19635e-05	2
24.5009	4.32463	0.000107509	-4.17706e-05	2
24.2175	5.45608	0.000160784	-5.94577e-05	2
23.9155	6.55476	0.00021313	-7.48937e-05	2
23.5885	7.64655	0.000265765	-8.84737e-05	2
23.2401	8.71892	0.000318076	-0.000100043	2
22.8708	9.77222	0.000370062	-0.000109638	2
22.481	10.8068	0.000421722	-0.000117295	2
22.071	11.823	0.000473056	-0.000123051	2
21.6412	12.8211	0.000524061	-0.000126942	2
21.192	13.8016	0.000574737	-0.000129005	2
20.7239	14.7647	0.000625082	-0.000129276	2
20.2372	15.7108	0.000675096	-0.000127792	2
19.7323	16.6403	0.000724777	-0.000124589	2
19.2095	17.5534	0.000774124	-0.000119704	2
18.6694	18.4507	0.000823136	-0.000113174	2
18.1122	19.3323	0.000871812	-0.000105034	2
17.5384	20.1986	0.00092015	-9.53219e-05	2
16.9483	21.05	0.000968151	-8.40736e-05	2
16.3423	21.8869	0.00101581	-7.13258e-05	2
15.7209	22.7095	0.00106313	-5.7115e-05	2
15.0845	23.5183	0.00111011	-4.14776e-05	2
14.4333	24.3135	0.00115674	-2.44503e-05	2
13.7678	25.0956	0.00120303	-6.06949e-06	2
13.0885	25.8648	0.00124898	1.36283e-05	2
12.4036	26.6129	0.00129406	3.43582e-05	2
11.6978	27.3577	0.00133931	5.65662e-05	2
10.9792	28.0906	0.00138422	7.9982e-05	2
10.2482	28.8121	0.00142878	0.000104569	2
9.50532	29.5225	0.00147298	0.000130291	2
8.75086	30.2221	0.00151684	0.000157111	2
7.98523	30.9113	0.00156034	0.000184993	2
7.2088	31.5905	0.00160348	0.0002139	2
6.42199	32.2599	0.00164628	0.000243796	2
5.62517	32.92	0.00168871	0.000274644	2
4.81875	33.571	0.00173079	0.000306407	2
4.0031	34.2134	0.0017725	0.00033905	2
3.17862	34.8474	0.00181386	0.000372535	2
2.34569	35.4735	0.00185486	0.000406827	2
1.50473	36.0919	0.00189549	0.000441888	2
0.656098	36.7031	0.00193576	0.000477682	2
-0.199798	37.3073	0.00197567	0.000514172	2
-1.06257	37.9049	0.00201521	0.000551323	2
-1.93183	38.4962	0.00205438	0.000589097	2
-2.80718	39.0817	0.00209318	0.000627458	2
-3.68824	39.6616	0.00213162	0.000666369	2
-4.57462	40.2363	0.00216968	0.000705794	2
-5.46592	40.8061	0.00220738	0.000745697	2
-6.35143	41.365	0.00224427	0.000785575	2
-7.25135	41.9262	0.00228122	0.000826318	2
-8.15504	42.4835	0.0023178	0.00086743	2
-9.06209	43.0374	0.002354	0.000908874	2
-9.97211	43.5882	0.00238982	0.000950613	2
-10.8847	44.1362	0.00242527	0.00099261	2
-11.7995	44.6818	0.00246033	0.00103483	2
-12.7161	45.2252	0.00249502	0.00107724	2
-13.6341	45.7669	0.00252932	0.00111979	2
-14.5532	46.3073	0.00256324	0.00116246	2
-15.4728	46.8465	0.00259678	0.0012052	2
-16.3928	47.3851	0.00262993	0.00124798	2
-17.3125	47.9233	0.00266269	0.00129077	2
-18.2317	48.4615	0.00269507	0.00133352	2
-19.15	49.0001	0.00272706	0.0013762	2
-20.067	49.5393	0.00275866	0.00141878	2
-20.9822	50.0796	0.00278987	0.00146121	2
-21.8954	50.6212	0.00282068	0.00150347	2
-22.806	51.1646	0.00285111	0.0015455	2
-23.7138	51.7101	0.00288113	0.00158729	2
-24.6183	52.2579	0.00291077	0.00162879	2
-25.5191	52.8086	0.00294	0.00166996	2
-26.4159	53.3623	0.00296884	0.00171076	2
-27.3082	53.9195	0.00299728	0.00175117	2
-28.1855	54.4741	0.003025	0.00179069	2
-29.0678	55.0392	0.00305265	0.0018302	2
-29.9445	55.6088	0.00307989	0.0018692	2
-30.8152	56.1833	0.00310673	0.00190765	2
-31.6794	56.7629	0.00313316	0.00194553	2
-32.5369	57.3481	0.00315919	0.00198279	2
-33.3873	57.9392	0.00318481	0.00201939	2
-34.23	58.5365	0.00321002	0.00205531	2
-35.0648	59.1403	0.00323482	0.00209049	2
-35.8913	59.7511	0.00325922	0.00212492	2
-36.709	60.3692	0.0032832	0.00215854	2
-37.5175	60.9949	0.00330677	0.00219133	2
-38.3166	61.6286	0.00332993	0.00222324	2
-39.1057	62.2705	0.00335267	0.00225424	2
-39.8845	62.9212	0.00337499	0.0022843	2
-40.6527	63.5808	0.0033969	0.00231338	2
-41.4097	64.2498	0.00341839	0.00234144	2
-42.1553	64.9285	0.00343946	0.00236844	2
-42.889	65.6172	0.00346011	0.00239435	2
-43.6105	66.3164	0.00348034	0.00241913	2
-44.3193	67.0262	0.00350015	0.00244274	2
-45.015	67.7472	0.00351953	0.00246515	2
-45.6974	68.4796	0.00353848	0.00248633	2
-46.3583	69.2151	0.0035568	0.00250601	2
-47.0127	69.9713	0.00357491	0.00252461	2
-47.6526	70.7399	0.00359259	0.00254187	2
-48.2775	71.5214	0.00360984	0.00255774	2

74.9961	2.01268	6.58986e-07	1.18882e-07	2
74.6726	3.10141	5.71591e-05	9.85181e-06	2
74.3618	4.19875	0.000113973	1.87152e-05	2
74.0674	5.29209	0.000170449	2.65973e-05	2
73.7922	6.36894	0.000225949	3.34316e-05	2
73.5297	7.45439	0.00028177	3.93842e-05	2
73.2831	8.53593	0.000337271	4.43771e-05	2
73.0522	9.61361	0.000392459	4.84177e-05	2
72.8367	10.6875	0.000447341	5.15132e-05	2
72.6365	11.7575	0.000501922	5.36709e-05	2
72.4515	12.8238	0.000556209	5.48978e-05	2
72.2814	13.8864	0.000610207	5.52014e-05	2
72.1261	14.9453	0.000663925	5.45888e-05	2
71.9854	16.0005	0.000717368	5.30673e-05	2
71.8591	17.0522	0.000770542	5.06441e-05	2
71.747	18.1002	0.000823453	4.73264e-05	2
71.649	19.1448	0.000876109	4.31214e-05	2
71.5649	20.1858	0.000928515	3.80365e-05	2
71.4945	21.2234	0.000980678	3.20789e-05	2
71.4377	22.2576	0.0010326	2.52557e-05	2
71.3942	23.2884	0.0010843	1.75742e-05	2
71.3639	24.3159	0.00113577	9.04164e-06	2
71.3466	25.34	0.00118702	-3.34711e-07	2
71.3421	26.3609	0.00123807	-1.05476e-05	2
71.3503	27.3786	0.0012889	-2.15899e-05	2
71.3709	28.3931	0.00133954	-3.34543e-05	2
71.4034	29.3928	0.00138941	-4.59832e-05	2
71.4484	30.401	0.00143967	-5.94609e-05	2
71.5052	31.4061	0.00148976	-7.37391e-05	2
71.5739	32.4082	0.00153967	-8.88105e-05	2
71.6541	33.4073	0.00158941	-0.000104668	2
71.7458	34.4035	0.00163899	-0.000121304	2
71.8487	35.3967	0.00168842	-0.000138712	2
71.9626	36.387	0.0017377	-0.000156884	2
72.0874	37.3745	0.00178684	-0.000175813	2
72.223	38.3591	0.00183584	-0.000195492	2
72.3691	39.341	0.00188472	-0.000215914	2
72.5255	40.3201	0.00193347	-0.000237071	2
72.6921	41.2965	0.00198211	-0.000258956	2
72.8687	42.2703	0.00203064	-0.000281562	2
73.0552	43.2414	0.00207906	-0.000304881	2
73.2512	44.2099	0.00212739	-0.000328907	2
73.4568	45.1759	0.00217563	-0.000353633	2
73.6716	46.1394	0.00222378	-0.00037905	2
73.8956	47.1004	0.00227185	-0.000405152	2
74.1285	48.0589	0.00231986	-0.000431931	2
74.3702	49.015	0.0023678	-0.000459381	2
74.6204	49.9688	0.00241568	-0.000487494	2
74.8791	50.9203	0.0024635	-0.000516262	2
75.1429	51.8585	0.00251074	-0.000545337	2
75.4177	52.8055	0.00255848	-0.000575388	2
75.7005	53.7502	0.00260619	-0.000606074	2
75.9909	54.6927	0.00265387	-0.000637386	2
76.2889	55.6331	0.00270153	-0.000669318	2
76.5942	56.5714	0.00274918	-0.000701862	2
76.9067	57.5076	0.00279682	-0.000735011	2
77.2262	58.4418	0.00284446	-0.000768759	2
77.5525	59.374	0.0028921	-0.000803097	2
77.8854	60.3043	0.00293976	-0.000838019	2
78.2249	61.2326	0.00298743	-0.000873517	2
78.5706	62.1591	0.00303513	-0.000909584	2
78.9224	63.0837	0.00308286	-0.000946213	2
79.2801	64.0066	0.00313062	-0.000983396	2
79.6437	64.9276	0.00317843	-0.00102113	2
80.0128	65.847	0.00322628	-0.0010594	2
80.3873	66.7646	0.0032742	-0.0010982	2
80.767	67.6806	0.00332217	-0.00113753	2
81.1518	68.595	0.00337021	-0.00117738	2
81.5414	69.5078	0.00341833	-0.00121774	2
81.9358	70.419	0.00346653	-0.0012586	2
82.3346	71.3288	0.00351482	-0.00129996	2
82.7379	72.2371	0.0035632	-0.00134181	2
83.1452	73.144	0.00361168	-0.00138414	2
83.5519	74.039	0.00365971	-0.00142645	2
83.967	74.9432	0.00370841	-0.00146972	2
84.3858	75.846	0.00375723	-0.00151345	2
84.808	76.7476	0.00380618	-0.00155763	2
85.2336	77.6479	0.00385526	-0.00160226	2
85.6622	78.547	0.00390447	-0.00164733	2
86.0938	79.445	0.00395383	-0.00169283	2
86.5281	80.3418	0.00400335	-0.00173875	2
86.965	81.2375	0.00405302	-0.00178509	2
87.4043	82.1322	0.00410285	-0.00183184	2
87.8458	83.0259	0.00415286	-0.001879	2
88.2894	83.9186	0.00420304	-0.00192654	2
88.7348	84.8104	0.0042534	-0.00197448	2
89.182	85.7012	0.00430396	-0.0020228	2
89.6306	86.5912	0.00435471	-0.00207149	2
90.0806	87.4804	0.00440566	-0.00212055	2
90.5318	88.3688	0.00445682	-0.00216997	2
90.9839	89.2564	0.0045082	-0.00221974	2
91.4368	90.1434	0.00455979	-0.00226985	2
91.8904	91.0296	0.00461162	-0.0023203	2
92.3445	91.9152	0.00466368	-0.00237109	2
92.7988	92.8002	0.00471598	-0.00242219	2
93.2532	93.6847	0.00476852	-0.00247361	2
93.7023	94.5585	0.00482071	-0.00252475	2
94.1564	95.4419	0.00487377	-0.00257678	2
94.6101	96.3249	0.00492709	-0.0026291	2
95.0631	97.2075	0.00498069	-0.00268171	2

124.997	2.01335	-2.37966e-07	-1.69315e-07	2
124.773	3.15108	-2.12799e-05	-1.37018e-05	2
124.578	4.28094	-4.37096e-05	-2.53454e-05	2
124.413	5.38986	-6.72631e-05	-3.4965e-05	2
124.281	6.46572	-9.16248e-05	-4.25188e-05	2
124.178	7.53378	-0.000117336	-4.82163e-05	2
124.105	8.58169	-0.000144093	-5.1993e-05	2
124.061	9.60971	-0.00017187	-5.38831e-05	2
124.046	10.6181	-0.00020064	-5.39211e-05	2
124.06	11.6072	-0.000230379	-5.21415e-05	2
124.102	12.5771	-0.00026106	-4.85788e-05	2
124.172	13.5282	-0.000292657	-4.32673e-05	2
124.27	14.4608	-0.000325144	-3.62414e-05	2
124.394	15.375	-0.000358494	-2.75357e-05	2
124.544	16.2713	-0.000392683	-1.71845e-05	2
124.721	17.1497	-0.000427683	-5.22234e-06	2
124.923	18.0107	-0.00046347	8.31641e-06	2
125.151	18.8544	-0.000500016	2.33973e-05	2
125.403	19.6812	-0.000537296	3.99859e-05	2
125.679	20.4912	-0.000575283	5.80477e-05	2
125.98	21.2848	-0.000613953	7.75484e-05	2
126.303	22.0622	-0.000653278	9.84534e-05	2
126.65	22.8237	-0.000693233	0.000120728	2
127.019	23.5696	-0.000733792	0.000144339	2
127.411	24.3001	-0.000774928	0.000169251	2
127.824	25.0154	-0.000816616	0.000195429	2
128.253	25.7079	-0.000858342	0.000222517	2
128.708	26.394	-0.000901049	0.000251112	2
129.183	27.0658	-0.000944231	0.00028087	2
129.678	27.7235	-0.000987861	0.000311758	2
130.193	28.3674	-0.00103191	0.00034374	2
130.727	28.9977	-0.00107636	0.000376783	2
131.279	29.6148	-0.00112118	0.000410852	2
131.85	30.2189	-0.00116634	0.000445913	2
132.438	30.8103	-0.00121182	0.00048193	2
133.044	31.3892	-0.00125759	0.000518871	2
133.667	31.9558	-0.00130362	0.000556699	2
134.306	32.5106	-0.0013499	0.000595381	2
134.961	33.0536	-0.00139639	0.000634883	2
135.631	33.5853	-0.00144307	0.000675169	2
136.317	34.1058	-0.00148991	0.000716206	2
137.018	34.6154	-0.00153688	0.000757959	2
137.733	35.1144	-0.00158397	0.000800394	2
138.461	35.6031	-0.00163113	0.000843476	2
139.203	36.0816	-0.00167836	0.00088717	2
139.958	36.5504	-0.00172562	0.000931443	2
140.726	37.0095	-0.00177288	0.00097626	2
141.506	37.4594	-0.00182012	0.00102159	2
142.297	37.9003	-0.00186732	0.00106739	2
143.09	38.3275	-0.0019139	0.0011131	2
143.903	38.7512	-0.00196093	0.00115974	2
144.727	39.1666	-0.00200783	0.00120675	2
145.561	39.5741	-0.00205458	0.00125411	2
146.404	39.9739	-0.00210116	0.00130176	2
147.256	40.3662	-0.00214753	0.00134969	2
148.116	40.7514	-0.00219368	0.00139785	2
148.985	41.1297	-0.00223957	0.00144621	2
149.862	41.5013	-0.00228518	0.00149473	2
150.746	41.8665	-0.00233048	0.00154339	2
151.637	42.2256	-0.00237546	0.00159214	2
152.534	42.5789	-0.00242007	0.00164095	2
153.437	42.9265	-0.0024643	0.0016898	2
154.346	43.2689	-0.00250812	0.00173863	2
155.26	43.6062	-0.0025515	0.00178743	2
156.179	43.9387	-0.00259442	0.00183615	2
157.102	44.2667	-0.00263685	0.00188475	2
158.029	44.5904	-0.00267877	0.00193322	2
158.959	44.9101	-0.00272014	0.0019815	2
159.892	45.2261	-0.00276095	0.00202958	2
160.828	45.5386	-0.00280117	0.0020774	2
161.765	45.8479	-0.00284077	0.00212494	2
162.705	46.1543	-0.00287972	0.00217217	2
163.645	46.458	-0.00291801	0.00221904	2
164.576	46.7559	-0.00295516	0.002265	2
165.518	47.055	-0.00299204	0.00231107	2
166.459	47.3523	-0.00302816	0.00235669	2
167.4	47.648	-0.00306351	0.00240182	2
168.341	47.9424	-0.00309806	0.00244643	2
169.279	48.2356	-0.00313178	0.00249048	2
170.216	48.5281	-0.00316465	0.00253394	2
171.151	48.8199	-0.00319665	0.00257677	2
172.083	49.1115	-0.00322773	0.00261895	2
173.012	49.4031	-0.00325789	0.00266042	2
173.937	49.6949	-0.00328709	0.00270117	2
174.859	49.9872	-0.00331531	0.00274115	2
175.775	50.2803	-0.00334252	0.00278034	2
176.687	50.5744	-0.0033687	0.00281869	2
177.594	50.8698	-0.00339381	0.00285618	2
178.495	51.1667	-0.00341784	0.00289276	2
179.39	51.4655	-0.00344075	0.00292841	2
180.278	51.7664	-0.00346253	0.00296309	2
181.159	52.0697	-0.00348314	0.00299676	2
182.032	52.3756	-0.00350256	0.00302939	2
182.898	52.6843	-0.00352077	0.00306095	2
183.755	52.9962	-0.00353773	0.0030914	2
184.604	53.3116	-0.00355342	0.00312071	2
185.434	53.6269	-0.00356766	0.00314852	2
186.263	53.9498	-0.00358075	0.00317546	2
187.083	54.277	-0.0035925	0.00320114	2
187.892	54.6086	-0.00360287	0.00322555	2

