-125.008	2.01299	-1.0288e-07	2.04329e-07	2
-125.674	3.12522	-9.37131e-06	1.77245e-05	2
-126.314	4.23986	-1.95807e-05	3.53433e-05	2
-126.918	5.34392	-3.06084e-05	5.2856e-05	2
-127.481	6.42494	-4.22941e-05	7.00628e-05	2
-128.018	7.50808	-5.489e-05	8.73636e-05	2
-128.52	8.58072	-6.82449e-05	0.000104557	2
-128.99	9.6429	-8.23391e-05	0.000121644	2
-129.426	10.6946	-9.71526e-05	0.000138622	2
-129.831	11.736	-0.000112666	0.000155492	2
-130.203	12.7669	-0.000128859	0.000172254	2
-130.543	13.7875	-0.000145711	0.000188908	2
-130.852	14.7977	-0.000163204	0.000205452	2
-131.13	15.7977	-0.000181317	0.000221886	2
-131.378	16.7873	-0.000200031	0.000238211	2
-131.595	17.7667	-0.000219325	0.000254426	2
-131.783	18.7359	-0.00023918	0.00027053	2
-131.941	19.6949	-0.000259577	0.000286523	2
-132.071	20.6436	-0.000280494	0.000302405	2
-132.172	21.5823	-0.000301913	0.000318176	2
-132.244	22.5107	-0.000323813	0.000333834	2
-132.289	23.4291	-0.000346175	0.000349381	2
-132.307	24.3374	-0.000368978	0.000364815	2
-132.297	25.2357	-0.000392204	0.000380136	2
-132.261	26.1239	-0.000415832	0.000395344	2
-132.199	27.0021	-0.000439843	0.000410438	2
-132.111	27.8605	-0.000463934	0.000425247	2
-131.998	28.7189	-0.000488646	0.000440114	2
-131.86	29.5674	-0.000513682	0.000454867	2
-131.696	30.406	-0.00053902	0.000469505	2
-131.509	31.2347	-0.000564643	0.000484027	2
-131.298	32.0536	-0.000590529	0.000498434	2
-131.063	32.8626	-0.000616658	0.000512726	2
-130.805	33.6619	-0.000643013	0.0005269	2
-130.524	34.4513	-0.000669571	0.000540958	2
-130.221	35.2311	-0.000696314	0.0005549	2
-129.896	36.0011	-0.000723221	0.000568723	2
-129.55	36.7614	-0.000750273	0.00058243	2
-129.182	37.5121	-0.00077745	0.000596018	2
-128.793	38.2531	-0.000804733	0.000609488	2
-128.385	38.9845	-0.0008321	0.000622839	2
-127.956	39.7063	-0.000859533	0.000636071	2
-127.507	40.4185	-0.000887012	0.000649184	2
-127.039	41.1212	-0.000914517	0.000662177	2
-126.553	41.8144	-0.000942028	0.00067505	2
-126.048	42.4981	-0.000969525	0.000687802	2
-125.525	43.1723	-0.000996989	0.000700434	2
-124.984	43.8371	-0.0010244	0.000712945	2
-124.426	44.4925	-0.00105174	0.000725334	2
-123.858	45.1312	-0.00107867	0.000737461	2
-123.267	45.7679	-0.0011058	0.000749608	2
-122.66	46.3953	-0.0011328	0.000761633	2
-122.037	47.0134	-0.00115965	0.000773535	2
-121.398	47.6222	-0.00118632	0.000785313	2
-120.745	48.2218	-0.00121281	0.000796968	2
-120.077	48.8121	-0.00123908	0.0008085	2
-119.395	49.3933	-0.00126512	0.000819907	2
-118.699	49.9652	-0.00129091	0.000831189	2
-117.99	50.528	-0.00131643	0.000842347	2
-117.268	51.0817	-0.00134165	0.00085338	2
-116.533	51.6262	-0.00136657	0.000864287	2
-115.786	52.1617	-0.00139115	0.000875069	2
-115.028	52.6881	-0.00141539	0.000885724	2
-114.257	53.2055	-0.00143925	0.000896252	2
-113.476	53.7139	-0.00146273	0.000906654	2
-112.684	54.2134	-0.00148579	0.000916929	2
-111.882	54.7038	-0.00150843	0.000927076	2
-111.07	55.1854	-0.00153061	0.000937095	2
-110.249	55.658	-0.00155233	0.000946985	2
-109.418	56.1218	-0.00157355	0.000956748	2
-108.579	56.5768	-0.00159427	0.000966381	2
-107.731	57.0229	-0.00161446	0.000975885	2
-106.876	57.4602	-0.0016341	0.00098526	2
-106.022	57.8839	-0.00165295	0.000994399	2
-105.152	58.3038	-0.00167144	0.00100351	2
-104.275	58.7149	-0.00168932	0.0010125	2
-103.392	59.1174	-0.00170658	0.00102135	2
-102.503	59.5113	-0.00172318	0.00103008	2
-101.608	59.8964	-0.00173912	0.00103867	2
-100.708	60.273	-0.00175437	0.00104713	2
-99.803	60.641	-0.00176892	0.00105545	2
-98.8937	61.0004	-0.00178274	0.00106365	2
-97.9804	61.3513	-0.00179581	0.00107171	2
-97.0634	61.6936	-0.00180811	0.00107964	2
-96.1432	62.0275	-0.00181963	0.00108743	2
-95.2201	62.3529	-0.00183034	0.00109509	2
-94.2945	62.6699	-0.00184023	0.00110262	2
-93.3669	62.9784	-0.00184927	0.00111001	2
-92.4375	63.2786	-0.00185745	0.00111726	2
-91.5069	63.5704	-0.00186474	0.00112438	2
-90.5753	63.8539	-0.00187112	0.00113137	2
-89.6433	64.1291	-0.00187658	0.00113822	2
-88.711	64.396	-0.00188109	0.00114493	2
-87.7791	64.6546	-0.00188464	0.00115151	2
-86.8478	64.905	-0.00188721	0.00115794	2
-85.9175	65.1472	-0.00188877	0.00116424	2
-84.9993	65.3786	-0.0018893	0.00117034	2
-84.0722	65.6045	-0.00188881	0.00117636	2
-83.1474	65.8224	-0.00188725	0.00118225	2
-82.2251	66.0321	-0.00188461	0.001188	2

-75.0028	2.00995	1.71089e-07	6.59205e-08	2
-75.253	2.86849	1.36717e-05	5.30072e-06	2
-75.5177	3.74309	2.4916e-05	9.73885e-06	2
-75.7936	4.62359	3.37742e-05	1.33389e-05	2
-76.0769	5.49953	4.02256e-05	1.60979e-05	2
-76.3737	6.39105	4.44608e-05	1.81043e-05	2
-76.6802	7.28776	4.64324e-05	1.93458e-05	2
-76.9961	8.18944	4.61817e-05	1.98471e-05	2
-77.3206	9.09585	4.37495e-05	1.96326e-05	2
-77.6535	10.0068	3.9177e-05	1.87268e-05	2
-77.9942	10.9219	3.25052e-05	1.71542e-05	2
-78.3421	11.8411	2.37752e-05	1.49394e-05	2
-78.6969	12.7641	1.3028e-05	1.21069e-05	2
-79.0579	13.6907	3.0474e-07	8.68115e-06	2
-79.4248	14.6206	-1.43536e-05	4.68671e-06	2
-79.7971	15.5536	-3.0906e-05	1.48082e-07	2
-80.1741	16.4895	-4.93113e-05	-4.91022e-06	2
-80.5556	17.4281	-6.95285e-05	-1.04637e-05	2
-80.9409	18.369	-9.15165e-05	-1.64878e-05	2
-81.3295	19.3121	-0.000115234	-2.2958e-05	2
-81.721	20.2571	-0.000140641	-2.98498e-05	2
-82.1149	21.2039	-0.000167695	-3.71388e-05	2
-82.5107	22.1521	-0.000196356	-4.48003e-05	2
-82.9079	23.1016	-0.000226582	-5.28099e-05	2
-83.306	24.0521	-0.000258333	-6.11431e-05	2
-83.7046	25.0034	-0.000291567	-6.97753e-05	2
-84.0984	25.9443	-0.000325837	-7.85782e-05	2
-84.4963	26.8964	-0.000361899	-8.77322e-05	2
-84.8932	27.8486	-0.000399322	-9.7112e-05	2
-85.2885	28.8007	-0.000438065	-0.000106693	2
-85.6817	29.7524	-0.000478086	-0.000116451	2
-86.0725	30.7034	-0.000519345	-0.000126361	2
-86.4602	31.6537	-0.0005618	-0.000136399	2
-86.8444	32.6028	-0.000605411	-0.00014654	2
-87.2246	33.5507	-0.000650136	-0.000156759	2
-87.6003	34.497	-0.000695934	-0.000167033	2
-87.971	35.4415	-0.000742765	-0.000177337	2
-88.3363	36.384	-0.000790587	-0.000187645	2
-88.6956	37.3243	-0.000839359	-0.000197935	2
-89.0484	38.2621	-0.00088904	-0.00020818	2
-89.3943	39.1972	-0.00093959	-0.000218357	2
-89.7327	40.1294	-0.000990966	-0.000228441	2
-90.0632	41.0584	-0.00104313	-0.000238408	2
-90.3853	41.984	-0.00109604	-0.000248233	2
-90.6985	42.906	-0.00114965	-0.000257891	2
-91.0023	43.8241	-0.00120392	-0.000267359	2
-91.2961	44.7381	-0.00125882	-0.000276611	2
-91.5796	45.6477	-0.00131429	-0.000285623	2
-91.8522	46.5529	-0.00137031	-0.00029437	2
-92.1104	47.4428	-0.00142617	-0.000302733	2
-92.3599	48.3382	-0.00148314	-0.000310882	2
-92.5971	49.2283	-0.00154052	-0.000318692	2
-92.8214	50.1129	-0.00159828	-0.000326141	2
-93.0323	50.9917	-0.00165637	-0.000333203	2
-93.2294	51.8647	-0.00171476	-0.000339853	2
-93.4123	52.7314	-0.0017734	-0.000346068	2
-93.5803	53.5917	-0.00183226	-0.000351822	2
-93.733	54.4454	-0.00189128	-0.000357092	2
-93.8699	55.2921	-0.00195043	-0.000361852	2
-93.9905	56.1318	-0.00200967	-0.000366078	2
-94.0944	56.9641	-0.00206896	-0.000369746	2
-94.1809	57.7888	-0.00212826	-0.000372831	2
-94.2498	58.6058	-0.00218752	-0.000375308	2
-94.3004	59.4146	-0.0022467	-0.000377154	2
-94.3322	60.2152	-0.00230577	-0.000378343	2
-94.3448	61.0073	-0.00236468	-0.000378851	2
-94.3377	61.7906	-0.00242339	-0.000378654	2
-94.3103	62.565	-0.00248186	-0.000377727	2
-94.2623	63.3301	-0.00254005	-0.000376045	2
-94.1931	64.0858	-0.00259792	-0.000373584	2
-94.1021	64.8318	-0.00265542	-0.00037032	2
-93.989	65.568	-0.00271252	-0.000366227	2
-93.8532	66.294	-0.00276918	-0.000361282	2
-93.6962	67.0014	-0.0028247	-0.000355532	2
-93.5139	67.7065	-0.00288035	-0.000348819	2
-93.3074	68.4008	-0.00293543	-0.00034118	2
-93.0763	69.0841	-0.0029899	-0.000332591	2
-92.8201	69.756	-0.00304372	-0.000323027	2
-92.5382	70.4164	-0.00309685	-0.000312463	2
-92.2303	71.0651	-0.00314925	-0.000300876	2
-91.8957	71.7017	-0.00320087	-0.00028824	2
-91.5341	72.3261	-0.00325168	-0.000274531	2
-91.1448	72.9381	-0.00330164	-0.000259725	2
-90.7275	73.5374	-0.00335069	-0.000243797	2
-90.2816	74.1237	-0.00339881	-0.000226722	2
-89.8067	74.6969	-0.00344596	-0.000208477	2
-89.3022	75.2567	-0.00349208	-0.000189036	2
-88.7677	75.8029	-0.00353714	-0.000168375	2
-88.2026	76.3352	-0.0035811	-0.000146469	2
-87.6066	76.8534	-0.00362392	-0.000123295	2
-86.979	77.3574	-0.00366555	-9.88265e-05	2
-86.3194	77.8467	-0.00370596	-7.30404e-05	2
-85.6273	78.3213	-0.0037451	-4.59117e-05	2
-84.9022	78.7809	-0.00378294	-1.74159e-05	2
-84.1436	79.2252	-0.00381943	1.24715e-05	2
-83.3511	79.654	-0.00385452	4.3775e-05	2
-82.5338	80.0625	-0.00388781	7.61345e-05	2
-81.6722	80.4598	-0.00392003	0.000110327	2
-80.7752	80.841	-0.00395073	0.000146008	2
-79.8423	81.2058	-0.00397988	0.000183204	2

-25.0006	2.01205	-1.5601e-07	9.81732e-08	2
-25.0666	3.04097	-1.31529e-05	8.00269e-06	2
-25.164	4.06799	-2.54751e-05	1.49346e-05	2
-25.2915	5.08128	-3.69951e-05	2.08235e-05	2
-25.4465	6.06968	-4.76223e-05	2.56469e-05	2
-25.6318	7.05641	-5.76323e-05	2.95447e-05	2
-25.8451	8.03013	-6.69256e-05	3.24827e-05	2
-26.0856	8.9911	-7.55309e-05	3.44889e-05	2
-26.3527	9.93953	-8.34768e-05	3.55912e-05	2
-26.6456	10.8757	-9.0792e-05	3.58173e-05	2
-26.9636	11.7998	-9.7505e-05	3.51952e-05	2
-27.3059	12.7121	-0.000103644	3.37526e-05	2
-27.672	13.6128	-0.000109239	3.15176e-05	2
-28.0609	14.5022	-0.000114317	2.85178e-05	2
-28.4721	15.3806	-0.000118908	2.47813e-05	2
-28.9047	16.248	-0.000123039	2.03358e-05	2
-29.3581	17.1049	-0.00012674	1.52091e-05	2
-29.8316	17.9514	-0.000130039	9.42931e-06	2
-30.3244	18.7878	-0.000132965	3.0241e-06	2
-30.8359	19.6142	-0.000135546	-3.97863e-06	2
-31.3652	20.4311	-0.000137812	-1.1551e-05	2
-31.9117	21.2385	-0.000139789	-1.96652e-05	2
-32.4746	22.0367	-0.000141509	-2.82933e-05	2
-33.0533	22.8261	-0.000142998	-3.74074e-05	2
-33.647	23.6067	-0.000144285	-4.69798e-05	2
-34.255	24.3789	-0.0001454	-5.69825e-05	2
-34.8693	25.1341	-0.000146359	-6.7266e-05	2
-35.5036	25.8902	-0.000147215	-7.80417e-05	2
-36.15	26.6385	-0.000147983	-8.91645e-05	2
-36.8078	27.3793	-0.000148693	-0.000100606	2
-37.4763	28.1129	-0.000149372	-0.00011234	2
-38.1548	28.8395	-0.00015005	-0.000124337	2
-38.8426	29.5593	-0.000150755	-0.000136569	2
-39.5389	30.2725	-0.000151516	-0.00014901	2
-40.243	30.9795	-0.00015236	-0.00016163	2
-40.9542	31.6804	-0.000153318	-0.000174402	2
-41.6718	32.3754	-0.000154418	-0.000187299	2
-42.395	33.0649	-0.000155687	-0.000200292	2
-43.1232	33.7491	-0.000157155	-0.000213353	2
-43.8556	34.4281	-0.000158851	-0.000226455	2
-44.5915	35.1023	-0.000160803	-0.00023957	2
-45.3302	35.7719	-0.000163039	-0.000252669	2
-46.071	36.4371	-0.000165589	-0.000265726	2
-46.813	37.0981	-0.00016848	-0.000278712	2
-47.5557	37.7552	-0.000171742	-0.000291599	2
-48.2983	38.4087	-0.000175403	-0.00030436	2
-49.0401	39.0587	-0.000179491	-0.000316966	2
-49.7803	39.7056	-0.000184036	-0.00032939	2
-50.5183	40.3495	-0.000189066	-0.000341604	2
-51.2449	40.9833	-0.000194543	-0.000353443	2
-51.9762	41.6221	-0.000200622	-0.000365156	2
-52.7031	42.2586	-0.000207272	-0.000376576	2
-53.4249	42.8932	-0.00021452	-0.000387675	2
-54.1408	43.5259	-0.000222397	-0.000398424	2
-54.8501	44.1572	-0.00023093	-0.000408797	2
-55.5522	44.7872	-0.000240147	-0.000418765	2
-56.2462	45.4162	-0.000250078	-0.0004283	2
-56.9315	46.0444	-0.000260752	-0.000437374	2
-57.6073	46.672	-0.000272196	-0.00044596	2
-58.273	47.2993	-0.000284439	-0.00045403	2
-58.9278	47.9265	-0.000297511	-0.000461556	2
-59.5709	48.5539	-0.000311439	-0.00046851	2
-60.2017	49.1817	-0.000326252	-0.000474863	2
-60.8195	49.8102	-0.00034198	-0.00048059	2
-61.4234	50.4395	-0.000358649	-0.00048566	2
-62.0129	51.0699	-0.00037629	-0.000490047	2
-62.5872	51.7018	-0.00039493	-0.000493723	2
-63.1455	52.3352	-0.000414599	-0.00049666	2
-63.6872	52.9704	-0.000435325	-0.00049883	2
-64.2115	53.6078	-0.000457136	-0.000500204	2
-64.7176	54.2474	-0.000480062	-0.000500756	2
-65.205	54.8896	-0.00050413	-0.000500458	2
-65.6728	55.5347	-0.000529369	-0.000499281	2
-66.1154	56.1752	-0.000555498	-0.000497227	2
-66.5422	56.8265	-0.000583152	-0.00049422	2
-66.9474	57.4813	-0.000612063	-0.000490252	2
-67.3301	58.1399	-0.00064226	-0.000485294	2
-67.6897	58.8025	-0.00067377	-0.000479319	2
-68.0255	59.4693	-0.000706623	-0.000472298	2
-68.3367	60.1405	-0.000740848	-0.000464205	2
-68.6225	60.8165	-0.000776473	-0.00045501	2
-68.8824	61.4974	-0.000813526	-0.000444686	2
-69.1156	62.1835	-0.000852037	-0.000433206	2
-69.3213	62.8751	-0.000892033	-0.000420541	2
-69.4988	63.5723	-0.000933544	-0.000406664	2
-69.6474	64.2755	-0.000976598	-0.000391546	2
-69.7664	64.9847	-0.00102122	-0.00037516	2
-69.8551	65.7004	-0.00106745	-0.000357478	2
-69.9128	66.4227	-0.0011153	-0.000338472	2
-69.9386	67.1519	-0.00116482	-0.000318115	2
-69.932	67.8882	-0.00121602	-0.000296377	2
-69.8921	68.6318	-0.00126893	-0.000273233	2
-69.8184	69.383	-0.00132359	-0.000248653	2
-69.7099	70.142	-0.00138002	-0.000222609	2
-69.5661	70.9091	-0.00143824	-0.000195075	2
-69.3862	71.6845	-0.0014983	-0.000166022	2
-69.1722	72.4594	-0.0015595	-0.000135782	2
-68.9184	73.2521	-0.00162328	-0.000103626	2
-68.6263	74.0537	-0.00168898	-6.98672e-05	2
-68.2953	74.8646	-0.00175661	-3.44786e-05	2

24.9959	2.01366	1.4716e-07	2.22735e-07	2
24.6322	3.1764	1.25811e-05	1.93531e-05	2
24.2435	4.32824	2.47145e-05	3.86569e-05	2
23.8343	5.45593	3.64018e-05	5.7913e-05	2
23.41	6.54731	4.75178e-05	7.69023e-05	2
22.9612	7.62818	5.83226e-05	9.60682e-05	2
22.493	8.68611	6.86857e-05	0.000115191	2
22.0058	9.72151	7.86089e-05	0.000134272	2
21.5	10.7348	8.80935e-05	0.000153314	2
20.9759	11.7264	9.71412e-05	0.000172317	2
20.4341	12.6966	0.000105754	0.000191283	2
19.8747	13.646	0.000113932	0.000210215	2
19.2983	14.5749	0.000121678	0.000229113	2
18.7052	15.4837	0.000128993	0.000247978	2
18.0957	16.3729	0.000135879	0.000266814	2
17.4703	17.2428	0.000142338	0.00028562	2
16.8293	18.0938	0.00014837	0.000304399	2
16.1732	18.9264	0.000153977	0.000323153	2
15.5022	19.741	0.000159161	0.000341882	2
14.8168	20.5379	0.000163924	0.000360589	2
14.1174	21.3177	0.000168267	0.000379275	2
13.4043	22.0806	0.000172191	0.000397942	2
12.6779	22.8271	0.000175698	0.00041659	2
11.9386	23.5576	0.000178789	0.000435223	2
11.1868	24.2725	0.000181467	0.00045384	2
10.4229	24.9723	0.000183732	0.000472445	2
9.65617	25.6495	0.000185568	0.000490825	2
8.86921	26.3203	0.000187018	0.000509408	2
8.07124	26.9771	0.00018806	0.000527983	2
7.26264	27.6204	0.000188695	0.000546551	2
6.4438	28.2506	0.000188926	0.000565114	2
5.61509	28.868	0.000188754	0.000583673	2
4.7769	29.4731	0.00018818	0.00060223	2
3.9296	30.0663	0.000187206	0.000620787	2
3.07358	30.648	0.000185834	0.000639344	2
2.20921	31.2186	0.000184064	0.000657905	2
1.33687	31.7785	0.000181899	0.000676469	2
0.456953	32.3281	0.00017934	0.00069504	2
-0.43017	32.8679	0.000176388	0.000713617	2
-1.32412	33.3982	0.000173045	0.000732204	2
-2.22451	33.9194	0.000169313	0.000750801	2
-3.13097	34.432	0.000165194	0.00076941	2
-4.04311	34.9363	0.000160688	0.000788033	2
-4.96055	35.4329	0.000155797	0.000806671	2
-5.88291	35.922	0.000150523	0.000825326	2
-6.80982	36.4041	0.000144867	0.000844	2
-7.7409	36.8795	0.000138831	0.000862693	2
-8.67575	37.3488	0.000132416	0.000881408	2
-9.61401	37.8123	0.000125624	0.000900146	2
-10.5444	38.2652	0.000118541	0.000918692	2
-11.4883	38.7184	0.000111004	0.000937481	2
-12.4345	39.1671	0.000103095	0.000956298	2
-13.3825	39.6116	9.4814e-05	0.000975143	2
-14.3321	40.0523	8.61639e-05	0.00099402	2
-15.2828	40.4897	7.71459e-05	0.00101293	2
-16.2342	40.9241	6.77616e-05	0.00103187	2
-17.186	41.3561	5.80123e-05	0.00105085	2
-18.1377	41.7859	4.78998e-05	0.00106987	2
-19.0891	42.214	3.74255e-05	0.00108892	2
-20.0397	42.6408	2.65909e-05	0.00110802	2
-20.9891	43.0667	1.53976e-05	0.00112716	2
-21.9371	43.4921	3.8472e-06	0.00114634	2
-22.883	43.9175	-8.05889e-06	0.00116557	2
-23.8267	44.3432	-2.03191e-05	0.00118484	2
-24.7677	44.7696	-3.29318e-05	0.00120416	2
-25.7057	45.1972	-4.58956e-05	0.00122353	2
-26.6402	45.6264	-5.9209e-05	0.00124295	2
-27.5709	46.0575	-7.28702e-05	0.00126243	2
-28.4974	46.491	-8.68779e-05	0.00128196	2
-29.4194	46.9272	-0.000101231	0.00130155	2
-30.3363	47.3667	-0.000115926	0.00132119	2
-31.248	47.8098	-0.000130964	0.00134089	2
-32.1539	48.2568	-0.000146342	0.00136066	2
-33.0434	48.7031	-0.000161877	0.00138026	2
-33.9368	49.1594	-0.000177927	0.00140015	2
-34.8233	49.6209	-0.000194313	0.0014201	2
-35.7026	50.088	-0.000211033	0.00144013	2
-36.5743	50.5612	-0.000228085	0.00146022	2
-37.4381	51.0408	-0.000245469	0.00148038	2
-38.2934	51.5273	-0.000263183	0.00150062	2
-39.14	52.0211	-0.000281224	0.00152092	2
-39.9774	52.5225	-0.000299592	0.00154131	2
-40.8053	53.032	-0.000318285	0.00156177	2
-41.6233	53.5501	-0.000337301	0.0015823	2
-42.4311	54.077	-0.000356639	0.00160292	2
-43.2282	54.6133	-0.000376298	0.00162362	2
-44.0142	55.1592	-0.000396275	0.0016444	2
-44.7889	55.7153	-0.00041657	0.00166527	2
-45.5517	56.282	-0.00043718	0.00168622	2
-46.3024	56.8596	-0.000458105	0.00170726	2
-47.0405	57.4485	-0.000479342	0.00172839	2
-47.7656	58.0492	-0.000500891	0.00174961	2
-48.4775	58.6621	-0.000522749	0.00177092	2
-49.1756	59.2876	-0.000544915	0.00179233	2
-49.8597	59.926	-0.000567388	0.00181383	2
-50.5293	60.5779	-0.000590166	0.00183543	2
-51.1766	61.2358	-0.00061298	0.00185688	2
-51.8163	61.9155	-0.000636359	0.00187867	2
-52.4405	62.6098	-0.00066004	0.00190057	2
-53.0486	63.3192	-0.000684019	0.00192257	2

74.9952	2.01184	-1.80639e-07	3.3199e-07	2
74.5924	3.02951	-1.48388e-05	2.85323e-05	2
74.1996	4.05795	-2.79171e-05	5.63611e-05	2
73.8212	5.08531	-3.9255e-05	8.34957e-05	2
73.4614	6.09982	-4.87718e-05	0.000109645	2
73.1115	7.12508	-5.67089e-05	0.000135427	2
72.7757	8.14929	-6.29659e-05	0.000160542	2
72.4538	9.17247	-6.75629e-05	0.000185	2
72.1456	10.1946	-7.05202e-05	0.000208811	2
71.851	11.2157	-7.18579e-05	0.000231983	2
71.5697	12.2358	-7.15961e-05	0.000254525	2
71.3018	13.2549	-6.97551e-05	0.000276448	2
71.0469	14.2731	-6.6355e-05	0.00029776	2
70.8049	15.2902	-6.1416e-05	0.000318471	2
70.5756	16.3063	-5.49582e-05	0.00033859	2
70.359	17.3215	-4.70018e-05	0.000358126	2
70.1547	18.3357	-3.75669e-05	0.000377089	2
69.9628	19.3489	-2.66739e-05	0.000395487	2
69.7829	20.3612	-1.43427e-05	0.000413331	2
69.615	21.3725	-5.93602e-07	0.00043063	2
69.4588	22.383	1.45532e-05	0.000447392	2
69.3142	23.3924	3.10777e-05	0.000463628	2
69.1811	24.401	4.89595e-05	0.000479346	2
69.0592	25.4087	6.81786e-05	0.000494555	2
68.9485	26.4154	8.87148e-05	0.000509266	2
68.8487	27.4213	0.000110548	0.000523487	2
68.7607	28.4148	0.000133385	0.000537073	2
68.6822	29.4189	0.000157737	0.000550348	2
68.6142	30.4221	0.000183326	0.000563161	2
68.5564	31.4245	0.000210131	0.000575522	2
68.5088	32.4261	0.000238133	0.00058744	2
68.4712	33.4268	0.00026731	0.000598924	2
68.4434	34.4266	0.000297644	0.000609983	2
68.4252	35.4256	0.000329113	0.000620627	2
68.4165	36.4238	0.000361698	0.000630865	2
68.4171	37.4212	0.000395379	0.000640706	2
68.4269	38.4178	0.000430135	0.00065016	2
68.4456	39.4136	0.000465946	0.000659235	2
68.4732	40.4086	0.000502792	0.000667942	2
68.5095	41.4029	0.000540652	0.00067629	2
68.5542	42.3963	0.000579508	0.000684287	2
68.6073	43.389	0.000619338	0.000691944	2
68.6685	44.381	0.000660122	0.000699269	2
68.7378	45.3722	0.00070184	0.000706271	2
68.8149	46.3626	0.000744472	0.000712961	2
68.8997	47.3523	0.000787998	0.000719347	2
68.992	48.3413	0.000832398	0.000725439	2
69.0917	49.3296	0.000877651	0.000731246	2
69.1985	50.3172	0.000923737	0.000736777	2
69.311	51.2927	0.000970093	0.000741983	2
69.4317	52.2789	0.00101778	0.000746993	2
69.5591	53.2644	0.00106623	0.000751756	2
69.693	54.2493	0.00111544	0.00075628	2
69.8332	55.2334	0.00116538	0.000760575	2
69.9797	56.2169	0.00121604	0.000764649	2
70.1322	57.1998	0.00126739	0.000768513	2
70.2906	58.182	0.00131941	0.000772176	2
70.4548	59.1636	0.00137208	0.000775647	2
70.6245	60.1446	0.00142538	0.000778935	2
70.7995	61.1249	0.00147929	0.000782049	2
70.9799	62.1046	0.0015338	0.000784999	2
71.1652	63.0837	0.00158888	0.000787795	2
71.3555	64.0623	0.00164451	0.000790444	2
71.5505	65.0402	0.00170067	0.000792958	2
71.7501	66.0176	0.00175734	0.000795345	2
71.9541	66.9944	0.0018145	0.000797614	2
72.1623	67.9706	0.00187213	0.000799774	2
72.3747	68.9463	0.00193021	0.000801836	2
72.5909	69.9214	0.00198872	0.000803808	2
72.8109	70.896	0.00204764	0.0008057	2
73.0345	71.8701	0.00210696	0.00080752	2
73.2616	72.8437	0.00216664	0.000809279	2
73.4919	73.8167	0.00222667	0.000810985	2
73.7226	74.778	0.00228633	0.000812629	2
73.9589	75.7501	0.002347	0.000814259	2
74.1979	76.7216	0.00240796	0.000815863	2
74.4396	77.6927	0.00246918	0.000817453	2
74.6838	78.6633	0.00253065	0.000819036	2
74.9302	79.6334	0.00259236	0.000820623	2
75.1788	80.6031	0.00265427	0.000822222	2
75.4293	81.5723	0.00271636	0.000823843	2
75.6816	82.5411	0.00277863	0.000825495	2
75.9355	83.5094	0.00284105	0.000827188	2
76.1909	84.4774	0.00290359	0.00082893	2
76.4476	85.4449	0.00296624	0.000830731	2
76.7055	86.412	0.00302898	0.000832601	2
76.9643	87.3787	0.00309179	0.000834548	2
77.224	88.345	0.00315464	0.000836583	2
77.4843	89.3109	0.00321752	0.000838714	2
77.745	90.2765	0.0032804	0.00084095	2
78.0062	91.2416	0.00334328	0.000843301	2
78.2674	92.2065	0.00340612	0.000845777	2
78.5287	93.1709	0.0034689	0.000848385	2
78.7898	94.135	0.00353162	0.000851137	2
79.0505	95.0988	0.00359424	0.000854041	2
79.3108	96.0623	0.00365674	0.000857106	2
79.5674	97.0144	0.0037184	0.000860304	2
79.8262	97.9772	0.00378061	0.000863718	2
80.084	98.9397	0.00384266	0.000867321	2
80.3407	99.9019	0.0039045	0.000871123	2

124.998	2.01344	-4.98522e-07	1.10458e-07	2
124.885	3.15678	-4.30471e-05	9.59927e-06	2
124.803	4.28851	-8.54426e-05	1.91803e-05	2
124.753	5.3955	-0.000127193	2.8748e-05	2
124.736	6.46576	-0.000167836	3.81972e-05	2
124.75	7.5245	-0.000208325	4.77524e-05	2
124.795	8.55946	-0.000248188	5.73086e-05	2
124.87	9.57095	-0.000287434	6.68704e-05	2
124.976	10.5593	-0.000326068	7.64428e-05	2
125.112	11.5248	-0.000364098	8.60305e-05	2
125.277	12.4679	-0.00040153	9.56383e-05	2
125.47	13.3887	-0.000438372	0.000105271	2
125.692	14.2877	-0.000474629	0.000114933	2
125.942	15.1651	-0.000510309	0.00012463	2
126.218	16.0213	-0.000545418	0.000134367	2
126.522	16.8566	-0.000579964	0.000144147	2
126.852	17.6713	-0.000613953	0.000153976	2
127.208	18.4658	-0.000647391	0.000163859	2
127.59	19.2403	-0.000680286	0.0001738	2
127.996	19.9951	-0.000712644	0.000183805	2
128.427	20.7307	-0.000744472	0.000193878	2
128.882	21.4473	-0.000775777	0.000204023	2
129.36	22.1452	-0.000806566	0.000214246	2
129.861	22.8248	-0.000836844	0.000224552	2
130.385	23.4863	-0.00086662	0.000234945	2
130.931	24.1301	-0.0008959	0.00024543	2
131.492	24.7495	-0.000924363	0.00025589	2
132.081	25.3591	-0.000952676	0.000266572	2
132.69	25.9519	-0.000980513	0.000277361	2
133.319	26.5283	-0.00100788	0.00028826	2
133.968	27.0885	-0.00103479	0.000299276	2
134.636	27.633	-0.00106124	0.000310413	2
135.323	28.162	-0.00108724	0.000321675	2
136.028	28.6759	-0.0011128	0.000333068	2
136.751	29.1749	-0.00113792	0.000344595	2
137.491	29.6594	-0.00116262	0.000356263	2
138.248	30.1298	-0.00118689	0.000368076	2
139.021	30.5862	-0.00121075	0.000380038	2
139.81	31.0291	-0.0012342	0.000392154	2
140.615	31.4588	-0.00125725	0.000404429	2
141.434	31.8755	-0.00127991	0.000416869	2
142.268	32.2797	-0.00130217	0.000429477	2
143.116	32.6715	-0.00132406	0.000442259	2
143.977	33.0514	-0.00134557	0.000455219	2
144.852	33.4197	-0.00136671	0.000468362	2
145.739	33.7767	-0.0013875	0.000481693	2
146.638	34.1227	-0.00140792	0.000495217	2
147.548	34.458	-0.00142801	0.000508938	2
148.47	34.7829	-0.00144775	0.000522862	2
149.391	35.0943	-0.00146693	0.000536829	2
150.333	35.3996	-0.00148602	0.000551169	2
151.285	35.6955	-0.00150478	0.000565726	2
152.246	35.9823	-0.00152323	0.000580504	2
153.216	36.2604	-0.00154137	0.000595509	2
154.194	36.53	-0.00155921	0.000610744	2
155.18	36.7915	-0.00157676	0.000626216	2
156.173	37.0452	-0.00159403	0.000641928	2
157.173	37.2914	-0.00161101	0.000657885	2
158.179	37.5305	-0.00162772	0.000674093	2
159.191	37.7627	-0.00164417	0.000690556	2
160.208	37.9884	-0.00166035	0.000707278	2
161.23	38.2079	-0.00167628	0.000724265	2
162.257	38.4215	-0.00169197	0.000741522	2
163.287	38.6295	-0.00170742	0.000759052	2
164.322	38.8323	-0.00172263	0.000776862	2
165.359	39.0302	-0.00173762	0.000794956	2
166.398	39.2235	-0.00175239	0.000813338	2
167.44	39.4125	-0.00176695	0.000832013	2
168.483	39.5975	-0.0017813	0.000850987	2
169.527	39.7789	-0.00179546	0.000870264	2
170.572	39.957	-0.00180942	0.000889848	2
171.616	40.132	-0.0018232	0.000909745	2
172.661	40.3044	-0.0018368	0.000929959	2
173.692	40.4725	-0.00185007	0.000950258	2
174.735	40.6405	-0.00186334	0.000971118	2
175.775	40.8067	-0.00187644	0.000992309	2
176.814	40.9716	-0.0018894	0.00101384	2
177.849	41.1353	-0.00190221	0.00103571	2
178.881	41.2983	-0.00191489	0.00105792	2
179.91	41.4609	-0.00192743	0.00108049	2
180.934	41.6233	-0.00193985	0.00110341	2
181.954	41.7859	-0.00195215	0.00112669	2
182.969	41.949	-0.00196434	0.00115034	2
183.978	42.113	-0.00197643	0.00117436	2
184.981	42.278	-0.00198842	0.00119875	2
185.977	42.4446	-0.00200032	0.00122352	2
186.966	42.613	-0.00201213	0.00124868	2
187.948	42.7834	-0.00202387	0.00127423	2
188.922	42.9563	-0.00203554	0.00130017	2
189.887	43.132	-0.00204715	0.0013265	2
190.844	43.3107	-0.0020587	0.00135325	2
191.791	43.4928	-0.0020702	0.0013804	2
192.728	43.6786	-0.00208166	0.00140796	2
193.654	43.8684	-0.00209308	0.00143594	2
194.57	44.0626	-0.00210447	0.00146435	2
195.474	44.2614	-0.00211584	0.00149318	2
196.357	44.4629	-0.00212706	0.00152211	2
197.237	44.672	-0.0021384	0.00155181	2
198.105	44.8867	-0.00214975	0.00158195	2
198.959	45.1073	-0.00216109	0.00161253	2

