-125.002	2.01006	3.45477e-07	7.04429e-08	2
-125.219	2.87767	2.86091e-05	5.70693e-06	2
-125.455	3.76009	5.43209e-05	1.05763e-05	2
-125.706	4.64706	7.7182e-05	1.46313e-05	2
-125.968	5.52813	9.70246e-05	1.78621e-05	2
-126.248	6.42359	0.000114356	2.03669e-05	2
-126.541	7.32302	0.000128977	2.21269e-05	2
-126.848	8.22624	0.000140935	2.31653e-05	2
-127.167	9.13305	0.000150274	2.35054e-05	2
-127.498	10.0432	0.000157044	2.31705e-05	2
-127.841	10.9566	0.00016129	2.21838e-05	2
-128.194	11.8731	0.000163059	2.05686e-05	2
-128.558	12.7923	0.000162399	1.83481e-05	2
-128.932	13.7141	0.000159355	1.55456e-05	2
-129.315	14.6384	0.000153974	1.21844e-05	2
-129.707	15.5649	0.000146305	8.28769e-06	2
-130.107	16.4934	0.000136392	3.87874e-06	2
-130.514	17.4238	0.000124283	-1.01917e-06	2
-130.928	18.3558	0.000110025	-6.38278e-06	2
-131.349	19.2893	9.36649e-05	-1.21888e-05	2
-131.776	20.2241	7.5249e-05	-1.84141e-05	2
-132.207	21.1599	5.48242e-05	-2.50353e-05	2
-132.644	22.0966	3.24375e-05	-3.20291e-05	2
-133.085	23.0339	8.13543e-06	-3.93724e-05	2
-133.529	23.9718	-1.8035e-05	-4.70418e-05	2
-133.977	24.9099	-4.60271e-05	-5.50141e-05	2
-134.421	25.8374	-7.5442e-05	-6.31696e-05	2
-134.873	26.7755	-0.000106917	-7.16751e-05	2
-135.327	27.7134	-0.000140075	-8.0414e-05	2
-135.781	28.6507	-0.000174867	-8.93629e-05	2
-136.235	29.5874	-0.000211247	-9.84988e-05	2
-136.689	30.5233	-0.000249169	-0.000107798	2
-137.142	31.458	-0.000288586	-0.000117238	2
-137.594	32.3916	-0.00032945	-0.000126795	2
-138.043	33.3236	-0.000371715	-0.000136445	2
-138.49	34.254	-0.000415335	-0.000146167	2
-138.935	35.1826	-0.000460262	-0.000155935	2
-139.375	36.1091	-0.00050645	-0.000165728	2
-139.811	37.0335	-0.000553851	-0.000175521	2
-140.242	37.9553	-0.00060242	-0.000185292	2
-140.668	38.8746	-0.000652109	-0.000195017	2
-141.088	39.7911	-0.000702871	-0.000204673	2
-141.502	40.7045	-0.00075466	-0.000214237	2
-141.908	41.6148	-0.000807429	-0.000223686	2
-142.307	42.5217	-0.000861131	-0.000232995	2
-142.698	43.425	-0.000915719	-0.000242143	2
-143.08	44.3245	-0.000971147	-0.000251105	2
-143.452	45.22	-0.00102737	-0.000259859	2
-143.815	46.1114	-0.00108433	-0.000268381	2
-144.164	46.9882	-0.00114133	-0.000276554	2
-144.505	47.8707	-0.00119964	-0.000284546	2
-144.835	48.7485	-0.00125856	-0.000292236	2
-145.153	49.6213	-0.00131804	-0.000299602	2
-145.459	50.489	-0.00137802	-0.00030662	2
-145.751	51.3514	-0.00143848	-0.000313267	2
-146.029	52.2082	-0.00149935	-0.00031952	2
-146.293	53.0593	-0.0015606	-0.000325355	2
-146.542	53.9046	-0.00162217	-0.000330749	2
-146.775	54.7437	-0.00168402	-0.000335679	2
-146.993	55.5765	-0.0017461	-0.000340121	2
-147.194	56.4028	-0.00180836	-0.000344053	2
-147.378	57.2224	-0.00187076	-0.000347451	2
-147.544	58.0352	-0.00193326	-0.000350292	2
-147.692	58.8408	-0.0019958	-0.000352552	2
-147.821	59.6393	-0.00205834	-0.000354209	2
-147.93	60.4302	-0.00212082	-0.000355239	2
-148.02	61.2135	-0.00218322	-0.000355618	2
-148.089	61.9889	-0.00224547	-0.000355324	2
-148.137	62.7563	-0.00230753	-0.000354333	2
-148.164	63.5155	-0.00236935	-0.000352623	2
-148.168	64.2662	-0.00243089	-0.000350169	2
-148.149	65.0083	-0.0024921	-0.000346948	2
-148.108	65.7416	-0.00255294	-0.000342938	2
-148.043	66.4576	-0.00261266	-0.000338175	2
-147.953	67.1728	-0.0026726	-0.000332525	2
-147.838	67.8786	-0.00273203	-0.000326015	2
-147.697	68.5747	-0.0027909	-0.000318624	2
-147.531	69.2611	-0.00284916	-0.000310326	2
-147.338	69.9375	-0.00290676	-0.0003011	2
-147.117	70.6038	-0.00296365	-0.000290921	2
-146.869	71.2596	-0.0030198	-0.000279766	2
-146.592	71.905	-0.00307515	-0.000267613	2
-146.286	72.5395	-0.00312965	-0.000254437	2
-145.951	73.1631	-0.00318326	-0.000240217	2
-145.586	73.7756	-0.00323594	-0.000224927	2
-145.19	74.3767	-0.00328763	-0.000208546	2
-144.763	74.9663	-0.00333829	-0.000191049	2
-144.305	75.5441	-0.00338787	-0.000172414	2
-143.814	76.11	-0.00343633	-0.000152618	2
-143.29	76.6639	-0.00348362	-0.000131636	2
-142.732	77.2054	-0.00352969	-0.000109447	2
-142.141	77.7344	-0.00357449	-8.60257e-05	2
-141.515	78.2507	-0.00361798	-6.13499e-05	2
-140.854	78.7541	-0.00366011	-3.53961e-05	2
-140.158	79.2445	-0.00370084	-8.14118e-06	2
-139.425	79.7215	-0.00374011	2.04383e-05	2
-138.664	80.1799	-0.00377746	5.00137e-05	2
-137.858	80.63	-0.00381371	8.1296e-05	2
-137.013	81.0662	-0.00384836	0.000113972	2
-136.13	81.4884	-0.00388138	0.000148066	2

-75.0007	2.0121	-3.786e-08	-2.72116e-08	2
-75.0792	3.04529	-3.02806e-06	-2.62364e-06	2
-75.1882	4.07536	-5.53524e-06	-5.7553e-06	2
-75.3263	5.0905	-7.54694e-06	-9.37934e-06	2
-75.4908	6.07956	-9.07341e-06	-1.34303e-05	2
-75.6847	7.06581	-1.01753e-05	-1.79869e-05	2
-75.9058	8.03795	-1.08575e-05	-2.29891e-05	2
-76.1532	8.99624	-1.11456e-05	-2.84211e-05	2
-76.4263	9.94096	-1.10648e-05	-3.42674e-05	2
-76.7245	10.8724	-1.06406e-05	-4.05124e-05	2
-77.0471	11.7908	-9.89833e-06	-4.71402e-05	2
-77.3933	12.6965	-8.86341e-06	-5.41353e-05	2
-77.7626	13.5896	-7.56123e-06	-6.1482e-05	2
-78.1542	14.4706	-6.01716e-06	-6.91647e-05	2
-78.5674	15.3397	-4.25661e-06	-7.71676e-05	2
-79.0017	16.1971	-2.30495e-06	-8.54752e-05	2
-79.4562	17.0432	-1.87594e-07	-9.40717e-05	2
-79.9304	17.8781	2.07009e-06	-0.000102942	2
-80.4235	18.7022	4.44269e-06	-0.000112069	2
-80.9348	19.5158	6.90484e-06	-0.000121438	2
-81.4638	20.3191	9.43114e-06	-0.000131034	2
-82.0097	21.1124	1.19962e-05	-0.000140841	2
-82.5718	21.8959	1.45746e-05	-0.000150842	2
-83.1495	22.67	1.7141e-05	-0.000161023	2
-83.7421	23.4349	1.967e-05	-0.000171367	2
-84.3489	24.191	2.21362e-05	-0.00018186	2
-84.962	24.9298	2.44875e-05	-0.000192362	2
-85.5951	25.6689	2.67534e-05	-0.000203102	2
-86.2403	26.3999	2.88806e-05	-0.000213944	2
-86.897	27.1231	3.08437e-05	-0.000224871	2
-87.5646	27.8388	3.26174e-05	-0.000235868	2
-88.2423	28.5472	3.41762e-05	-0.000246919	2
-88.9295	29.2487	3.54948e-05	-0.000258009	2
-89.6255	29.9434	3.65478e-05	-0.000269121	2
-90.3296	30.6316	3.73098e-05	-0.000280241	2
-91.0412	31.3137	3.77553e-05	-0.000291353	2
-91.7595	31.9899	3.78591e-05	-0.00030244	2
-92.484	32.6605	3.75957e-05	-0.000313488	2
-93.2138	33.3258	3.69397e-05	-0.00032448	2
-93.9484	33.9859	3.58657e-05	-0.000335401	2
-94.687	34.6413	3.43484e-05	-0.000346236	2
-95.4291	35.2921	3.23623e-05	-0.000356968	2
-96.1738	35.9388	2.98821e-05	-0.000367582	2
-96.9206	36.5814	2.68824e-05	-0.000378063	2
-97.6687	37.2203	2.33378e-05	-0.000388394	2
-98.4175	37.8558	1.92229e-05	-0.00039856	2
-99.1663	38.4882	1.45122e-05	-0.000408546	2
-99.9144	39.1176	9.18054e-06	-0.000418335	2
-100.661	39.7445	3.20237e-06	-0.000427912	2
-101.397	40.3619	-3.36732e-06	-0.000437155	2
-102.139	40.9844	-1.07065e-05	-0.000446264	2
-102.878	41.6052	-1.87679e-05	-0.000455114	2
-103.613	42.2244	-2.75772e-05	-0.00046369	2
-104.342	42.8424	-3.71595e-05	-0.000471976	2
-105.067	43.4594	-4.75404e-05	-0.000479956	2
-105.785	44.0757	-5.87451e-05	-0.000487614	2
-106.497	44.6917	-7.07992e-05	-0.000494936	2
-107.201	45.3075	-8.3728e-05	-0.000501904	2
-107.897	45.9234	-9.75568e-05	-0.000508504	2
-108.584	46.5397	-0.000112311	-0.00051472	2
-109.262	47.1568	-0.000128016	-0.000520537	2
-109.93	47.7748	-0.000144698	-0.000525938	2
-110.587	48.394	-0.000162381	-0.000530908	2
-111.232	49.0147	-0.000181091	-0.000535431	2
-111.865	49.6372	-0.000200853	-0.000539492	2
-112.485	50.2618	-0.000221694	-0.000543074	2
-113.092	50.8887	-0.000243637	-0.000546163	2
-113.685	51.5182	-0.000266709	-0.000548743	2
-114.262	52.1506	-0.000290935	-0.000550798	2
-114.824	52.7861	-0.000316341	-0.000552312	2
-115.37	53.4251	-0.000342951	-0.000553269	2
-115.899	54.0677	-0.000370791	-0.000553655	2
-116.41	54.7144	-0.000399887	-0.000553453	2
-116.898	55.3578	-0.000429907	-0.00055266	2
-117.372	56.0131	-0.000461575	-0.000551243	2
-117.827	56.6733	-0.000494574	-0.000549191	2
-118.261	57.3385	-0.000528931	-0.000546489	2
-118.674	58.0091	-0.000564669	-0.000543122	2
-119.066	58.6853	-0.000601815	-0.000539073	2
-119.435	59.3674	-0.000640394	-0.000534327	2
-119.782	60.0556	-0.000680431	-0.000528868	2
-120.105	60.7503	-0.000721952	-0.00052268	2
-120.403	61.4517	-0.000764982	-0.000515749	2
-120.676	62.1601	-0.000809547	-0.000508058	2
-120.924	62.8758	-0.000855671	-0.000499591	2
-121.145	63.599	-0.000903381	-0.000490333	2
-121.339	64.33	-0.000952702	-0.000480269	2
-121.505	65.0691	-0.00100366	-0.000469382	2
-121.643	65.8166	-0.00105628	-0.000457657	2
-121.752	66.5727	-0.00111058	-0.000445079	2
-121.831	67.3377	-0.0011666	-0.000431631	2
-121.88	68.1119	-0.00122435	-0.000417298	2
-121.897	68.8955	-0.00128387	-0.000402064	2
-121.883	69.6889	-0.00134518	-0.000385914	2
-121.836	70.4923	-0.0014083	-0.000368832	2
-121.756	71.3059	-0.00147326	-0.000350802	2
-121.644	72.1206	-0.0015393	-0.000332033	2
-121.496	72.9555	-0.001608	-0.000312072	2
-121.313	73.8016	-0.0016786	-0.000291117	2
-121.094	74.659	-0.00175115	-0.000269151	2

-25.0036	2.01385	4.37147e-07	4.16104e-09	2
-25.327	3.19297	3.76952e-05	8.63421e-07	2
-25.6758	4.36213	7.47122e-05	2.73055e-06	2
-26.0461	5.50787	0.000111056	5.58516e-06	2
-26.4328	6.61782	0.000146324	9.36155e-06	2
-26.8446	7.71817	0.000181341	1.41315e-05	2
-27.2767	8.7963	0.000215698	1.98403e-05	2
-27.7287	9.85259	0.000249399	2.64718e-05	2
-28.2002	10.8874	0.00028245	3.40098e-05	2
-28.6908	11.9013	0.000314854	4.24379e-05	2
-29.2002	12.8944	0.000346615	5.17399e-05	2
-29.728	13.8674	0.000377739	6.18997e-05	2
-30.2737	14.8204	0.00040823	7.29009e-05	2
-30.837	15.7541	0.000438093	8.47273e-05	2
-31.4176	16.6686	0.000467331	9.73627e-05	2
-32.015	17.5645	0.00049595	0.000110791	2
-32.6287	18.4422	0.000523954	0.000124995	2
-33.2586	19.302	0.000551348	0.00013996	2
-33.9041	20.1443	0.000578135	0.000155669	2
-34.5649	20.9695	0.000604321	0.000172105	2
-35.2406	21.7781	0.00062991	0.000189253	2
-35.9308	22.5704	0.000654906	0.000207096	2
-36.6351	23.3468	0.000679315	0.000225619	2
-37.3531	24.1078	0.00070314	0.000244804	2
-38.0845	24.8536	0.000726386	0.000264635	2
-38.8289	25.5848	0.000749058	0.000285097	2
-39.5771	26.2935	0.00077091	0.000305927	2
-40.3461	26.9967	0.000792453	0.000327593	2
-41.1269	27.6863	0.000813435	0.000349842	2
-41.9191	28.3628	0.000833861	0.000372656	2
-42.7224	29.0266	0.000853734	0.000396019	2
-43.5363	29.6782	0.000873061	0.000419915	2
-44.3605	30.3178	0.000891845	0.000444328	2
-45.1945	30.9458	0.00091009	0.000469241	2
-46.0381	31.5628	0.000927801	0.000494639	2
-46.8908	32.169	0.000944984	0.000520504	2
-47.7521	32.765	0.000961641	0.000546821	2
-48.6219	33.3509	0.000977778	0.000573574	2
-49.4996	33.9274	0.000993399	0.000600746	2
-50.3848	34.4947	0.00100851	0.000628321	2
-51.2772	35.0533	0.00102311	0.000656283	2
-52.1765	35.6035	0.00103721	0.000684616	2
-53.0821	36.1458	0.00105082	0.000713302	2
-53.9937	36.6806	0.00106393	0.000742327	2
-54.911	37.2082	0.00107655	0.000771673	2
-55.8336	37.729	0.00108869	0.000801325	2
-56.761	38.2435	0.00110034	0.000831267	2
-57.6929	38.7521	0.00111153	0.000861481	2
-58.6288	39.255	0.00112224	0.000891952	2
-59.5577	39.7471	0.00113237	0.000922309	2
-60.5007	40.2402	0.00114216	0.000953243	2
-61.4466	40.7289	0.00115149	0.000984385	2
-62.395	41.2137	0.00116037	0.00101572	2
-63.3457	41.6948	0.0011688	0.00104723	2
-64.2981	42.1728	0.00117679	0.0010789	2
-65.2519	42.648	0.00118434	0.00111071	2
-66.2067	43.1208	0.00119145	0.00114265	2
-67.1622	43.5916	0.00119813	0.0011747	2
-68.1179	44.0608	0.00120439	0.00120684	2
-69.0734	44.5288	0.00121023	0.00123907	2
-70.0284	44.996	0.00121565	0.00127135	2
-70.9825	45.4628	0.00122066	0.00130368	2
-71.9353	45.9295	0.00122526	0.00133604	2
-72.8864	46.3967	0.00122946	0.00136842	2
-73.8354	46.8647	0.00123326	0.00140079	2
-74.7819	47.3338	0.00123666	0.00143314	2
-75.7256	47.8045	0.00123968	0.00146546	2
-76.6661	48.2772	0.00124231	0.00149772	2
-77.603	48.7523	0.00124456	0.00152992	2
-78.5358	49.2301	0.00124644	0.00156203	2
-79.4643	49.7111	0.00124794	0.00159404	2
-80.388	50.1957	0.00124908	0.00162594	2
-81.3065	50.6842	0.00124985	0.0016577	2
-82.209	51.1714	0.00125026	0.00168895	2
-83.1161	51.669	0.00125033	0.0017204	2
-84.0169	52.1718	0.00125005	0.00175167	2
-84.911	52.6801	0.00124942	0.00178274	2
-85.798	53.1943	0.00124846	0.0018136	2
-86.6775	53.7148	0.00124716	0.00184422	2
-87.5492	54.2421	0.00124552	0.0018746	2
-88.4126	54.7766	0.00124356	0.00190472	2
-89.2674	55.3185	0.00124128	0.00193456	2
-90.1131	55.8684	0.00123869	0.0019641	2
-90.9495	56.4266	0.00123578	0.00199334	2
-91.7761	56.9935	0.00123256	0.00202224	2
-92.5925	57.5696	0.00122903	0.0020508	2
-93.3983	58.1551	0.00122521	0.002079	2
-94.1932	58.7506	0.00122109	0.00210683	2
-94.9768	59.3564	0.00121669	0.00213426	2
-95.7486	59.9729	0.001212	0.00216128	2
-96.5084	60.6005	0.00120702	0.00218788	2
-97.2556	61.2396	0.00120177	0.00221403	2
-97.99	61.8905	0.00119625	0.00223973	2
-98.7111	62.5538	0.00119046	0.00226496	2
-99.4186	63.2298	0.0011844	0.00228969	2
-100.112	63.9188	0.00117809	0.00231392	2
-100.783	64.6132	0.0011716	0.00233736	2
-101.448	65.3295	0.00116479	0.00236053	2
-102.097	66.06	0.00115773	0.00238315	2
-102.731	66.8052	0.00115043	0.0024052	2

24.9953	2.01232	2.38309e-07	2.61974e-07	2
24.5972	3.0708	2.09959e-05	2.23656e-05	2
24.2109	4.13926	4.25214e-05	4.38747e-05	2
23.841	5.20542	6.45732e-05	6.45363e-05	2
23.4911	6.25707	8.68854e-05	8.4136e-05	2
23.153	7.3187	0.000109973	0.000103138	2
22.8307	8.37808	0.000133577	0.000121319	2
22.524	9.43525	0.000157694	0.000138687	2
22.2327	10.4902	0.000182319	0.000155252	2
21.9566	11.543	0.00020745	0.000171021	2
21.6955	12.5937	0.000233083	0.000186004	2
21.4493	13.6422	0.000259215	0.00020021	2
21.2178	14.6886	0.000285842	0.000213647	2
21.0008	15.7329	0.000312961	0.000226324	2
20.7981	16.7752	0.000340568	0.00023825	2
20.6096	17.8154	0.00036866	0.000249434	2
20.435	18.8536	0.000397233	0.000259884	2
20.2741	19.8899	0.000426284	0.000269609	2
20.1269	20.9241	0.00045581	0.000278618	2
19.993	21.9564	0.000485807	0.00028692	2
19.8724	22.9868	0.000516271	0.000294524	2
19.7649	24.0153	0.0005472	0.000301438	2
19.6702	25.0419	0.000578589	0.000307671	2
19.5882	26.0666	0.000610436	0.000313232	2
19.5186	27.0896	0.000642736	0.000318129	2
19.4614	28.1107	0.000675487	0.000322372	2
19.4168	29.1183	0.0007083	0.000325931	2
19.3836	30.1359	0.000741936	0.000328899	2
19.3621	31.1517	0.000776012	0.000331238	2
19.3522	32.1658	0.000810524	0.000332957	2
19.3538	33.1783	0.00084547	0.000334066	2
19.3665	34.189	0.000880845	0.000334573	2
19.3903	35.1981	0.000916646	0.000334486	2
19.425	36.2056	0.00095287	0.000333815	2
19.4704	37.2114	0.000989514	0.000332569	2
19.5263	38.2157	0.00102657	0.000330755	2
19.5924	39.2184	0.00106404	0.000328384	2
19.6688	40.2196	0.00110193	0.000325463	2
19.7551	41.2193	0.00114021	0.000322001	2
19.8511	42.2175	0.0011789	0.000318008	2
19.9568	43.2142	0.00121799	0.000313492	2
20.0719	44.2095	0.00125747	0.000308461	2
20.1962	45.2033	0.00129734	0.000302925	2
20.3296	46.1958	0.0013376	0.000296893	2
20.4718	47.1868	0.00137825	0.000290372	2
20.6227	48.1765	0.00141928	0.000283373	2
20.7822	49.1649	0.00146068	0.000275903	2
20.9499	50.152	0.00150246	0.000267972	2
21.1258	51.1378	0.00154462	0.000259588	2
21.3075	52.111	0.00158664	0.000250863	2
21.4991	53.0943	0.00162952	0.000241605	2
21.6982	54.0764	0.00167276	0.00023192	2
21.9048	55.0573	0.00171636	0.000221817	2
22.1186	56.037	0.00176031	0.000211306	2
22.3394	57.0155	0.00180461	0.000200394	2
22.5672	57.993	0.00184926	0.000189091	2
22.8016	58.9693	0.00189425	0.000177405	2
23.0425	59.9446	0.00193958	0.000165345	2
23.2898	60.9187	0.00198524	0.00015292	2
23.5432	61.8919	0.00203124	0.000140139	2
23.8026	62.864	0.00207757	0.000127011	2
24.0677	63.8352	0.00212423	0.000113543	2
24.3385	64.8054	0.00217121	9.9746e-05	2
24.6147	65.7746	0.00221851	8.56275e-05	2
24.8961	66.7429	0.00226612	7.11966e-05	2
25.1826	67.7103	0.00231404	5.64621e-05	2
25.4739	68.6769	0.00236228	4.14327e-05	2
25.7699	69.6426	0.00241082	2.61172e-05	2
26.0705	70.6074	0.00245966	1.05245e-05	2
26.3754	71.5715	0.0025088	-5.33679e-06	2
26.6844	72.5347	0.00255824	-2.14578e-05	2
26.9974	73.4972	0.00260796	-3.78297e-05	2
27.3142	74.459	0.00265798	-5.44439e-05	2
27.6309	75.409	0.0027077	-7.10965e-05	2
27.9547	76.3693	0.00275828	-8.81661e-05	2
28.2817	77.329	0.00280913	-0.000105452	2
28.6118	78.288	0.00286026	-0.000122944	2
28.9448	79.2465	0.00291167	-0.000140635	2
29.2804	80.2043	0.00296333	-0.000158516	2
29.6186	81.1615	0.00301527	-0.000176578	2
29.9591	82.1181	0.00306746	-0.000194811	2
30.3018	83.0743	0.00311991	-0.000213208	2
30.6464	84.0299	0.00317261	-0.00023176	2
30.9928	84.985	0.00322557	-0.000250457	2
31.3409	85.9397	0.00327877	-0.000269291	2
31.6903	86.8939	0.00333221	-0.000288253	2
32.041	87.8477	0.0033859	-0.000307334	2
32.3928	88.8011	0.00343982	-0.000326526	2
32.7454	89.7541	0.00349397	-0.00034582	2
33.0988	90.7068	0.00354836	-0.000365207	2
33.4527	91.6591	0.00360296	-0.000384679	2
33.8069	92.6111	0.0036578	-0.000404225	2
34.1612	93.5629	0.00371285	-0.000423839	2
34.5156	94.5143	0.00376811	-0.00044351	2
34.8697	95.4656	0.00382359	-0.000463231	2
35.2234	96.4166	0.00387928	-0.000482992	2
35.5725	97.3565	0.00393453	-0.000502557	2
35.9249	98.3072	0.00399062	-0.000522372	2
36.2764	99.2577	0.00404691	-0.000542201	2
36.6268	100.208	0.0041034	-0.000562036	2

74.9978	2.01352	-3.81644e-07	-1.08354e-08	2
74.8236	3.16451	-3.33958e-05	-4.10939e-07	2
74.6804	4.30481	-6.71736e-05	2.44279e-07	2
74.5699	5.42121	-0.000101322	1.95103e-06	2
74.4925	6.50159	-0.000135429	4.65731e-06	2
74.4458	7.57139	-0.000170278	8.41159e-06	2
74.4304	8.61821	-0.000205461	1.31737e-05	2
74.446	9.64238	-0.000240966	1.8929e-05	2
74.4919	10.6442	-0.000276783	2.56629e-05	2
74.5677	11.624	-0.000312898	3.33607e-05	2
74.6731	12.5821	-0.0003493	4.20079e-05	2
74.8074	13.5187	-0.000385977	5.15898e-05	2
74.9702	14.4343	-0.000422917	6.20918e-05	2
75.161	15.329	-0.000460108	7.34993e-05	2
75.3794	16.2033	-0.000497538	8.57975e-05	2
75.6249	17.0575	-0.000535196	9.8972e-05	2
75.8971	17.8918	-0.000573069	0.000113008	2
76.1953	18.7065	-0.000611145	0.000127891	2
76.5193	19.502	-0.000649413	0.000143607	2
76.8684	20.2787	-0.000687861	0.00016014	2
77.2423	21.0367	-0.000726476	0.000177476	2
77.6404	21.7764	-0.000765247	0.000195601	2
78.0623	22.4981	-0.000804162	0.000214499	2
78.5075	23.2022	-0.000843209	0.000234157	2
78.9756	23.8889	-0.000882376	0.000254559	2
79.466	24.5586	-0.000921651	0.000275692	2
79.9723	25.2042	-0.00096057	0.000297284	2
80.5057	25.8409	-0.00100002	0.000319825	2
81.0602	26.4615	-0.00103955	0.000343052	2
81.6351	27.0663	-0.00107914	0.00036695	2
82.23	27.6556	-0.00111878	0.000391505	2
82.8444	28.2298	-0.00115845	0.000416703	2
83.4779	28.7891	-0.00119815	0.000442529	2
84.1299	29.3338	-0.00123786	0.000468968	2
84.8001	29.8644	-0.00127757	0.000496005	2
85.4879	30.3809	-0.00131727	0.000523626	2
86.1929	30.8839	-0.00135695	0.000551817	2
86.9146	31.3736	-0.00139659	0.000580562	2
87.6525	31.8503	-0.00143619	0.000609847	2
88.4061	32.3143	-0.00147573	0.000639658	2
89.175	32.7659	-0.0015152	0.000669979	2
89.9588	33.2055	-0.00155458	0.000700797	2
90.7568	33.6334	-0.00159388	0.000732096	2
91.5687	34.0498	-0.00163306	0.000763862	2
92.394	34.4551	-0.00167213	0.00079608	2
93.2321	34.8496	-0.00171107	0.000828736	2
94.0827	35.2336	-0.00174986	0.000861815	2
94.9453	35.6074	-0.0017885	0.000895303	2
95.8194	35.9714	-0.00182698	0.000929184	2
96.6942	36.3217	-0.00186484	0.000963049	2
97.5897	36.667	-0.00190295	0.00099767	2
98.4953	37.0033	-0.00194086	0.00103264	2
99.4105	37.331	-0.00197855	0.00106795	2
100.335	37.6504	-0.00201602	0.00110357	2
101.268	37.9618	-0.00205326	0.00113951	2
102.209	38.2655	-0.00209024	0.00117573	2
103.158	38.5618	-0.00212696	0.00121224	2
104.114	38.8511	-0.00216341	0.001249	2
105.077	39.1336	-0.00219958	0.00128601	2
106.046	39.4097	-0.00223545	0.00132326	2
107.021	39.6796	-0.00227101	0.00136072	2
108.001	39.9437	-0.00230625	0.00139839	2
108.986	40.2023	-0.00234116	0.00143625	2
109.976	40.4558	-0.00237572	0.00147428	2
110.97	40.7043	-0.00240993	0.00151247	2
111.967	40.9483	-0.00244377	0.00155081	2
112.966	41.188	-0.00247722	0.00158927	2
113.969	41.4238	-0.00251029	0.00162786	2
114.973	41.6559	-0.00254295	0.00166654	2
115.979	41.8848	-0.0025752	0.00170532	2
116.987	42.1106	-0.00260702	0.00174416	2
117.994	42.3337	-0.0026384	0.00178306	2
119.002	42.5544	-0.00266932	0.00182201	2
119.998	42.7706	-0.00269944	0.00186053	2
121.005	42.9875	-0.00272943	0.00189952	2
122.011	43.203	-0.00275894	0.00193851	2
123.014	43.4173	-0.00278795	0.00197748	2
124.016	43.6308	-0.00281645	0.00201642	2
125.015	43.8438	-0.00284442	0.00205531	2
126.01	44.0566	-0.00287186	0.00209415	2
127.003	44.2695	-0.00289875	0.00213292	2
127.99	44.4828	-0.00292508	0.00217159	2
128.974	44.6969	-0.00295085	0.00221016	2
129.952	44.912	-0.00297603	0.00224862	2
130.925	45.1284	-0.00300061	0.00228694	2
131.892	45.3466	-0.00302459	0.00232511	2
132.852	45.5667	-0.00304795	0.00236313	2
133.805	45.7891	-0.00307068	0.00240096	2
134.751	46.0141	-0.00309277	0.00243861	2
135.689	46.242	-0.00311421	0.00247605	2
136.619	46.4731	-0.00313498	0.00251327	2
137.54	46.7078	-0.00315507	0.00255026	2
138.452	46.9463	-0.00317447	0.002587	2
139.353	47.1891	-0.00319317	0.00262347	2
140.245	47.4362	-0.00321115	0.00265966	2
141.126	47.6882	-0.00322841	0.00269557	2
141.985	47.9423	-0.00324475	0.00273075	2
142.843	48.2047	-0.00326053	0.00276603	2
143.689	48.4729	-0.00327555	0.00280097	2
144.522	48.747	-0.0032898	0.00283555	2

124.992	2.01321	2.21615e-07	6.37765e-08	2
124.333	3.14468	1.81592e-05	5.89519e-06	2
123.698	4.27921	3.40782e-05	1.24824e-05	2
123.096	5.4036	4.77995e-05	1.97478e-05	2
122.532	6.50512	5.92452e-05	2.75824e-05	2
121.993	7.60941	6.87237e-05	3.61547e-05	2
121.486	8.7036	7.61324e-05	4.53635e-05	2
121.01	9.78772	8.15141e-05	5.51946e-05	2
120.564	10.8618	8.49114e-05	6.56342e-05	2
120.149	11.9258	8.63672e-05	7.66684e-05	2
119.764	12.9798	8.59241e-05	8.82832e-05	2
119.408	14.0237	8.36249e-05	0.000100465	2
119.082	15.0577	7.95124e-05	0.000113199	2
118.785	16.0816	7.36294e-05	0.000126471	2
118.516	17.0956	6.60184e-05	0.000140269	2
118.276	18.0997	5.67224e-05	0.000154577	2
118.064	19.0938	4.57841e-05	0.000169382	2
117.879	20.0779	3.32461e-05	0.00018467	2
117.722	21.0522	1.91513e-05	0.000200427	2
117.591	22.0166	3.54233e-06	0.000216639	2
117.488	22.971	-1.3538e-05	0.000233292	2
117.41	23.9156	-3.20469e-05	0.000250371	2
117.359	24.8504	-5.19417e-05	0.000267864	2
117.333	25.7753	-7.31796e-05	0.000285757	2
117.332	26.6904	-9.57179e-05	0.000304034	2
117.357	27.5957	-0.000119514	0.000322682	2
117.405	28.4809	-0.00014423	0.000341468	2
117.478	29.3667	-0.0001704	0.000360813	2
117.575	30.2428	-0.0001977	0.000380488	2
117.695	31.1091	-0.000226087	0.000400478	2
117.839	31.9657	-0.000255518	0.00042077	2
118.005	32.8125	-0.00028595	0.00044135	2
118.194	33.6496	-0.000317342	0.000462203	2
118.405	34.4771	-0.00034965	0.000483316	2
118.638	35.2949	-0.000382831	0.000504675	2
118.893	36.103	-0.000416843	0.000526265	2
119.169	36.9014	-0.000451643	0.000548074	2
119.466	37.6903	-0.000487188	0.000570086	2
119.783	38.4695	-0.000523435	0.000592288	2
120.12	39.2391	-0.000560342	0.000614666	2
120.477	39.9991	-0.000597867	0.000637207	2
120.854	40.7496	-0.000635965	0.000659895	2
121.25	41.4905	-0.000674594	0.000682718	2
121.664	42.2218	-0.000713713	0.00070566	2
122.097	42.9436	-0.000753277	0.000728709	2
122.549	43.6559	-0.000793245	0.00075185	2
123.018	44.3588	-0.000833572	0.00077507	2
123.504	45.0521	-0.000874218	0.000798354	2
124.008	45.7359	-0.000915139	0.000821688	2
124.522	46.4026	-0.000955817	0.000844789	2
125.059	47.0677	-0.000997158	0.000868182	2
125.611	47.7234	-0.00103865	0.000891584	2
126.18	48.3696	-0.00108024	0.00091498	2
126.763	49.0064	-0.00112189	0.000938357	2
127.362	49.6339	-0.00116356	0.000961701	2
127.976	50.252	-0.00120521	0.000984998	2
128.604	50.8608	-0.0012468	0.00100823	2
129.246	51.4602	-0.00128827	0.00103139	2
129.902	52.0503	-0.00132959	0.00105447	2
130.571	52.631	-0.00137072	0.00107743	2
131.253	53.2025	-0.0014116	0.00110029	2
131.948	53.7648	-0.00145221	0.00112301	2
132.655	54.3177	-0.0014925	0.00114558	2
133.375	54.8614	-0.00153242	0.001168	2
134.106	55.3959	-0.00157193	0.00119024	2
134.848	55.9211	-0.00161099	0.0012123	2
135.601	56.4372	-0.00164956	0.00123416	2
136.365	56.9441	-0.00168759	0.0012558	2
137.139	57.4418	-0.00172504	0.00127721	2
137.923	57.9303	-0.00176186	0.00129838	2
138.717	58.4097	-0.00179803	0.0013193	2
139.52	58.88	-0.00183348	0.00133994	2
140.332	59.3411	-0.00186819	0.0013603	2
141.144	59.788	-0.00190171	0.00138013	2
141.972	60.2311	-0.0019348	0.00139989	2
142.809	60.6651	-0.00196701	0.00141931	2
143.654	61.0901	-0.00199829	0.0014384	2
144.505	61.506	-0.00202861	0.00145713	2
145.364	61.9128	-0.00205793	0.0014755	2
146.229	62.3107	-0.0020862	0.00149348	2
147.1	62.6996	-0.00211337	0.00151107	2
147.978	63.0795	-0.00213941	0.00152824	2
148.861	63.4504	-0.00216428	0.001545	2
149.749	63.8124	-0.00218792	0.00156131	2
150.642	64.1655	-0.0022103	0.00157717	2
151.539	64.5096	-0.00223137	0.00159257	2
152.441	64.8448	-0.0022511	0.00160749	2
153.346	65.1711	-0.00226943	0.00162191	2
154.255	65.4886	-0.00228633	0.00163583	2
155.167	65.7972	-0.00230176	0.00164923	2
156.082	66.0969	-0.00231566	0.00166209	2
157	66.3878	-0.002328	0.0016744	2
157.92	66.6699	-0.00233874	0.00168614	2
158.841	66.9432	-0.00234783	0.00169731	2
159.764	67.2077	-0.00235523	0.00170789	2
160.688	67.4634	-0.0023609	0.00171786	2
161.603	67.7076	-0.00236475	0.00172711	2
162.528	67.946	-0.00236685	0.00173584	2
163.453	68.1756	-0.00236708	0.00174392	2
164.379	68.3964	-0.00236541	0.00175134	2

