-125.003	2.00988	7.37714e-10	-3.01872e-08	2
-125.265	2.86361	-8.79769e-07	-2.86534e-06	2
-125.537	3.73506	-3.64573e-06	-6.2032e-06	2
-125.815	4.61407	-8.2622e-06	-9.99676e-06	2
-126.095	5.49013	-1.46094e-05	-1.41781e-05	2
-126.384	6.38332	-2.27996e-05	-1.88279e-05	2
-126.678	7.28323	-3.27336e-05	-2.38832e-05	2
-126.977	8.18956	-4.43757e-05	-2.93272e-05	2
-127.28	9.10203	-5.76903e-05	-3.51429e-05	2
-127.587	10.0204	-7.26417e-05	-4.13138e-05	2
-127.898	10.9442	-8.91942e-05	-4.78229e-05	2
-128.211	11.8734	-0.000107312	-5.46534e-05	2
-128.527	12.8076	-0.00012696	-6.17885e-05	2
-128.846	13.7465	-0.000148101	-6.92114e-05	2
-129.166	14.6898	-0.000170701	-7.69054e-05	2
-129.488	15.6373	-0.000194724	-8.48535e-05	2
-129.81	16.5887	-0.000220133	-9.3039e-05	2
-130.134	17.5436	-0.000246894	-0.000101445	2
-130.457	18.5018	-0.00027497	-0.000110055	2
-130.781	19.463	-0.000304326	-0.000118852	2
-131.103	20.427	-0.000334926	-0.000127819	2
-131.425	21.3934	-0.000366735	-0.000136939	2
-131.746	22.3619	-0.000399717	-0.000146196	2
-132.065	23.3323	-0.000433835	-0.000155572	2
-132.381	24.3044	-0.000469056	-0.000165052	2
-132.695	25.2777	-0.000505341	-0.000174617	2
-133.003	26.2408	-0.000542222	-0.000184141	2
-133.31	27.2158	-0.000580521	-0.000193828	2
-133.614	28.1913	-0.000619779	-0.000203551	2
-133.914	29.167	-0.000659961	-0.000213292	2
-134.209	30.1426	-0.00070103	-0.000223036	2
-134.5	31.1177	-0.000742951	-0.000232766	2
-134.784	32.0922	-0.000785688	-0.000242464	2
-135.064	33.0657	-0.000829206	-0.000252114	2
-135.336	34.0379	-0.000873469	-0.000261699	2
-135.603	35.0086	-0.000918441	-0.000271202	2
-135.862	35.9775	-0.000964087	-0.000280606	2
-136.114	36.9443	-0.00101037	-0.000289895	2
-136.358	37.9086	-0.00105726	-0.000299052	2
-136.594	38.8703	-0.00110471	-0.00030806	2
-136.822	39.8291	-0.00115269	-0.000316902	2
-137.04	40.7845	-0.00120117	-0.000325561	2
-137.249	41.7365	-0.00125011	-0.000334021	2
-137.448	42.6846	-0.00129947	-0.000342265	2
-137.637	43.6287	-0.00134922	-0.000350275	2
-137.816	44.5683	-0.00139932	-0.000358036	2
-137.983	45.5033	-0.00144974	-0.00036553	2
-138.139	46.4333	-0.00150043	-0.00037274	2
-138.284	47.3581	-0.00155138	-0.00037965	2
-138.414	48.2668	-0.00160194	-0.000386169	2
-138.534	49.1803	-0.00165327	-0.000392432	2
-138.64	50.0878	-0.00170473	-0.000398345	2
-138.734	50.9888	-0.0017563	-0.00040389	2
-138.813	51.8832	-0.00180793	-0.000409051	2
-138.878	52.7707	-0.0018596	-0.000413811	2
-138.929	53.6509	-0.00191126	-0.000418153	2
-138.965	54.5236	-0.00196288	-0.00042206	2
-138.985	55.3885	-0.00201443	-0.000425517	2
-138.989	56.2453	-0.00206587	-0.000428505	2
-138.977	57.0938	-0.00211715	-0.000431007	2
-138.949	57.9336	-0.00216826	-0.000433009	2
-138.903	58.7645	-0.00221915	-0.000434491	2
-138.841	59.5861	-0.00226978	-0.000435438	2
-138.76	60.3983	-0.00232012	-0.000435833	2
-138.661	61.2007	-0.00237014	-0.000435658	2
-138.544	61.993	-0.0024198	-0.000434898	2
-138.407	62.7749	-0.00246906	-0.000433535	2
-138.251	63.5462	-0.00251789	-0.000431553	2
-138.075	64.3065	-0.00256625	-0.000428934	2
-137.879	65.0557	-0.0026141	-0.000425662	2
-137.663	65.7933	-0.00266142	-0.000421721	2
-137.425	66.5192	-0.00270816	-0.000417092	2
-137.166	67.233	-0.00275429	-0.00041176	2
-136.889	67.9265	-0.00279925	-0.000405782	2
-136.586	68.6155	-0.00284406	-0.000399001	2
-136.26	69.2915	-0.00288815	-0.000391466	2
-135.912	69.9544	-0.00293149	-0.000383161	2
-135.54	70.6037	-0.00297404	-0.000374068	2
-135.144	71.2393	-0.00301577	-0.000364171	2
-134.724	71.8609	-0.00305663	-0.000353453	2
-134.28	72.4681	-0.0030966	-0.000341897	2
-133.81	73.0606	-0.00313564	-0.000329487	2
-133.315	73.6383	-0.00317371	-0.000316205	2
-132.794	74.2008	-0.00321077	-0.000302035	2
-132.247	74.7478	-0.0032468	-0.00028696	2
-131.673	75.279	-0.00328175	-0.000270963	2
-131.072	75.7942	-0.00331559	-0.000254027	2
-130.444	76.2931	-0.00334829	-0.000236136	2
-129.788	76.7753	-0.00337981	-0.000217273	2
-129.103	77.2407	-0.0034101	-0.00019742	2
-128.39	77.6888	-0.00343915	-0.000176562	2
-127.648	78.1195	-0.00346691	-0.000154681	2
-126.876	78.5325	-0.00349334	-0.00013176	2
-126.075	78.9274	-0.00351841	-0.000107783	2
-125.243	79.304	-0.00354209	-8.27329e-05	2
-124.381	79.6619	-0.00356433	-5.65928e-05	2
-123.498	79.9972	-0.00358488	-2.96654e-05	2
-122.574	80.3173	-0.00360417	-1.30795e-06	2
-121.618	80.618	-0.00362193	2.81897e-05	2
-120.629	80.8989	-0.00363811	5.88444e-05	2

-75	2.01163	-2.83776e-07	2.33341e-07	2
-75.0195	3.00635	-2.41457e-05	1.94306e-05	2
-75.0723	4.00218	-4.72121e-05	3.71275e-05	2
-75.1575	4.98764	-6.92276e-05	5.31309e-05	2
-75.2729	5.95175	-8.99851e-05	6.73254e-05	2
-75.4202	6.91708	-0.000109995	8.00811e-05	2
-75.5977	7.8725	-0.00012904	9.12638e-05	2
-75.8045	8.81819	-0.000147146	0.000100914	2
-76.0397	9.7543	-0.000164344	0.000109071	2
-76.3027	10.681	-0.000180661	0.000115776	2
-76.5926	11.5984	-0.000196126	0.000121069	2
-76.9086	12.5067	-0.000210766	0.000124991	2
-77.25	13.406	-0.000224612	0.000127581	2
-77.6159	14.2965	-0.00023769	0.000128881	2
-78.0056	15.1784	-0.00025003	0.000128929	2
-78.4183	16.0517	-0.00026166	0.000127767	2
-78.8531	16.9168	-0.000272608	0.000125435	2
-79.3093	17.7736	-0.000282903	0.000121973	2
-79.7862	18.6224	-0.000292573	0.000117421	2
-80.2828	19.4634	-0.000301647	0.00011182	2
-80.7985	20.2966	-0.000310152	0.000105209	2
-81.3323	21.1223	-0.000318118	9.76304e-05	2
-81.8837	21.9406	-0.000325573	8.9123e-05	2
-82.4516	22.7516	-0.000332545	7.97273e-05	2
-83.0355	23.5556	-0.000339063	6.94836e-05	2
-83.6344	24.3526	-0.000345155	5.84324e-05	2
-84.2404	25.1337	-0.000350786	4.67538e-05	2
-84.8669	25.9174	-0.000356115	3.42163e-05	2
-85.5062	26.6946	-0.000361104	2.09915e-05	2
-86.1573	27.4655	-0.00036578	7.11974e-06	2
-86.8196	28.2302	-0.000370172	-7.3587e-06	2
-87.4922	28.989	-0.000374309	-2.24035e-05	2
-88.1743	29.7419	-0.000378218	-3.79744e-05	2
-88.8652	30.489	-0.000381928	-5.40312e-05	2
-89.5641	31.2307	-0.000385468	-7.05335e-05	2
-90.2701	31.967	-0.000388867	-8.7441e-05	2
-90.9825	32.698	-0.000392151	-0.000104714	2
-91.7005	33.424	-0.000395351	-0.000122311	2
-92.4234	34.1451	-0.000398493	-0.000140192	2
-93.1502	34.8614	-0.000401608	-0.000158318	2
-93.8803	35.5731	-0.000404723	-0.000176647	2
-94.6127	36.2804	-0.000407866	-0.000195141	2
-95.3469	36.9834	-0.000411067	-0.000213757	2
-96.0819	37.6822	-0.000414353	-0.000232456	2
-96.8169	38.3771	-0.000417752	-0.000251198	2
-97.5512	39.0682	-0.000421294	-0.000269942	2
-98.284	39.7556	-0.000425007	-0.000288649	2
-99.0145	40.4394	-0.000428919	-0.000307277	2
-99.7419	41.12	-0.000433059	-0.000325787	2
-100.457	41.7895	-0.000437402	-0.000343928	2
-101.176	42.4638	-0.000442079	-0.000362083	2
-101.889	43.1353	-0.000447068	-0.000379999	2
-102.597	43.804	-0.000452398	-0.000397635	2
-103.297	44.4701	-0.000458098	-0.000414952	2
-103.989	45.1338	-0.000464195	-0.00043191	2
-104.673	45.7952	-0.000470719	-0.000448468	2
-105.347	46.4546	-0.000477697	-0.000464585	2
-106.011	47.112	-0.000485158	-0.000480221	2
-106.664	47.7675	-0.000493131	-0.000495337	2
-107.305	48.4215	-0.000501644	-0.000509892	2
-107.934	49.0739	-0.000510725	-0.000523845	2
-108.549	49.7251	-0.000520403	-0.000537157	2
-109.151	50.375	-0.000530707	-0.000549786	2
-109.737	51.0239	-0.000541663	-0.000561694	2
-110.307	51.672	-0.000553302	-0.000572839	2
-110.861	52.3194	-0.000565652	-0.000583181	2
-111.398	52.9662	-0.00057874	-0.000592679	2
-111.917	53.6126	-0.000592596	-0.000601295	2
-112.416	54.2588	-0.000607247	-0.000608986	2
-112.896	54.9049	-0.000622723	-0.000615714	2
-113.356	55.5511	-0.000639051	-0.000621438	2
-113.794	56.1975	-0.000656261	-0.000626117	2
-114.21	56.8442	-0.00067438	-0.000629711	2
-114.599	57.4841	-0.000693212	-0.000632158	2
-114.969	58.1321	-0.000713224	-0.000633475	2
-115.315	58.781	-0.00073423	-0.000633587	2
-115.635	59.4309	-0.000756259	-0.000632453	2
-115.929	60.0819	-0.00077934	-0.000630034	2
-116.197	60.7342	-0.0008035	-0.000626289	2
-116.437	61.3881	-0.000828768	-0.000621177	2
-116.649	62.0435	-0.000855173	-0.000614658	2
-116.831	62.7008	-0.000882743	-0.000606693	2
-116.983	63.3599	-0.000911506	-0.00059724	2
-117.105	64.0212	-0.000941491	-0.00058626	2
-117.195	64.6847	-0.000972726	-0.000573712	2
-117.253	65.3507	-0.00100524	-0.000559556	2
-117.278	66.0192	-0.00103906	-0.000543752	2
-117.269	66.6904	-0.00107422	-0.000526259	2
-117.225	67.3645	-0.00111074	-0.000507037	2
-117.146	68.0416	-0.00114865	-0.000486046	2
-117.03	68.7219	-0.00118799	-0.000463245	2
-116.878	69.4056	-0.00122877	-0.000438595	2
-116.687	70.0927	-0.00127103	-0.000412054	2
-116.458	70.7835	-0.0013148	-0.000383583	2
-116.19	71.4782	-0.0013601	-0.000353142	2
-115.881	72.1768	-0.00140696	-0.000320689	2
-115.535	72.8714	-0.00145485	-0.000286594	2
-115.144	73.5783	-0.00150491	-0.000250023	2
-114.711	74.2897	-0.00155661	-0.000211321	2
-114.233	75.0056	-0.00160999	-0.000170447	2

-25.0039	2.01287	-3.04358e-07	4.0643e-07	2
-25.3497	3.10822	-2.62885e-05	3.47554e-05	2
-25.7201	4.19353	-5.21985e-05	6.83016e-05	2
-26.1109	5.25631	-7.77405e-05	0.000100658	2
-26.5169	6.28509	-0.000102638	0.000131493	2
-26.947	7.30417	-0.00012748	0.000161543	2
-27.3963	8.30186	-0.000151987	0.000190462	2
-27.8644	9.27853	-0.000176168	0.00021827	2
-28.351	10.2346	-0.000200034	0.000244986	2
-28.8556	11.1703	-0.000223597	0.00027063	2
-29.3778	12.0862	-0.000246866	0.000295222	2
-29.9172	12.9826	-0.000269853	0.00031878	2
-30.4735	13.8599	-0.000292569	0.000341326	2
-31.0463	14.7184	-0.000315023	0.000362878	2
-31.6351	15.5586	-0.000337226	0.000383457	2
-32.2397	16.3808	-0.00035919	0.000403081	2
-32.8595	17.1854	-0.000380925	0.00042177	2
-33.4942	17.9728	-0.000402442	0.000439544	2
-34.1434	18.7434	-0.000423751	0.000456423	2
-34.8068	19.4975	-0.000444863	0.000472426	2
-35.4839	20.2355	-0.000465789	0.000487573	2
-36.1743	20.9578	-0.000486539	0.000501883	2
-36.8777	21.6648	-0.000507125	0.000515376	2
-37.5937	22.3569	-0.000527556	0.000528072	2
-38.3218	23.0344	-0.000547844	0.00053999	2
-39.0617	23.6978	-0.000567999	0.00055115	2
-39.8043	24.3399	-0.000587802	0.000561456	2
-40.5665	24.9762	-0.000607724	0.000571167	2
-41.3393	25.5995	-0.000627546	0.000580178	2
-42.1223	26.2101	-0.000647278	0.000588509	2
-42.9152	26.8084	-0.00066693	0.00059618	2
-43.7175	27.3948	-0.000686513	0.000603211	2
-44.5288	27.9697	-0.000706039	0.00060962	2
-45.3489	28.5335	-0.000725516	0.000615428	2
-46.1772	29.0865	-0.000744958	0.000620654	2
-47.0134	29.6291	-0.000764373	0.000625318	2
-47.857	30.1618	-0.000783773	0.00062944	2
-48.7078	30.6848	-0.000803168	0.000633038	2
-49.5653	31.1986	-0.000822569	0.000636133	2
-50.4292	31.7035	-0.000841987	0.000638745	2
-51.2989	32.2	-0.000861433	0.000640892	2
-52.1743	32.6883	-0.000880917	0.000642595	2
-53.0547	33.169	-0.000900449	0.000643873	2
-53.94	33.6423	-0.000920041	0.000644746	2
-54.8296	34.1086	-0.000939703	0.000645233	2
-55.7232	34.5684	-0.000959446	0.000645354	2
-56.6203	35.022	-0.000979281	0.000645129	2
-57.5207	35.4698	-0.000999218	0.000644577	2
-58.4239	35.9121	-0.00101927	0.000643718	2
-59.3191	36.3444	-0.00103921	0.000642586	2
-60.2268	36.7771	-0.00105952	0.000641175	2
-61.1361	37.2055	-0.00107997	0.000639515	2
-62.0466	37.6299	-0.00110057	0.000637626	2
-62.958	38.0509	-0.00112135	0.000635527	2
-63.8699	38.4686	-0.0011423	0.000633239	2
-64.7819	38.8836	-0.00116344	0.000630781	2
-65.6936	39.2962	-0.00118477	0.000628173	2
-66.6046	39.7068	-0.00120632	0.000625433	2
-67.5145	40.1158	-0.00122808	0.000622583	2
-68.4229	40.5235	-0.00125008	0.000619641	2
-69.3295	40.9303	-0.00127232	0.000616627	2
-70.2338	41.3366	-0.0012948	0.00061356	2
-71.1354	41.7428	-0.00131756	0.000610461	2
-72.0341	42.1493	-0.00134058	0.000607349	2
-72.9293	42.5564	-0.00136389	0.000604243	2
-73.8207	42.9646	-0.00138749	0.000601163	2
-74.7079	43.3741	-0.0014114	0.00059813	2
-75.5905	43.7855	-0.00143562	0.000595161	2
-76.4681	44.199	-0.00146018	0.000592277	2
-77.3404	44.6151	-0.00148506	0.000589498	2
-78.2068	45.0341	-0.0015103	0.000586844	2
-79.0672	45.4564	-0.0015359	0.000584333	2
-79.9209	45.8824	-0.00156186	0.000581985	2
-80.7581	46.3075	-0.0015879	0.000579844	2
-81.5977	46.7419	-0.00161463	0.00057788	2
-82.4296	47.1812	-0.00164176	0.000576138	2
-83.2534	47.6257	-0.00166931	0.000574637	2
-84.0687	48.0758	-0.00169728	0.000573398	2
-84.8751	48.5318	-0.00172568	0.00057244	2
-85.6723	48.9942	-0.00175452	0.000571782	2
-86.4598	49.4633	-0.00178382	0.000571444	2
-87.2372	49.9396	-0.00181359	0.000571447	2
-88.0042	50.4233	-0.00184383	0.000571808	2
-88.7604	50.9149	-0.00187456	0.000572549	2
-89.5053	51.4147	-0.00190578	0.000573688	2
-90.2386	51.9231	-0.00193752	0.000575245	2
-90.96	52.4406	-0.00196977	0.000577241	2
-91.6689	52.9675	-0.00200256	0.000579693	2
-92.3651	53.5041	-0.00203588	0.000582623	2
-93.0481	54.0509	-0.00206976	0.00058605	2
-93.7175	54.6082	-0.00210419	0.000589993	2
-94.3729	55.1764	-0.0021392	0.000594471	2
-95.0141	55.7559	-0.00217479	0.000599506	2
-95.6405	56.3471	-0.00221098	0.000605115	2
-96.2517	56.9503	-0.00224777	0.00061132	2
-96.8475	57.5659	-0.00228518	0.000618138	2
-97.4208	58.1871	-0.00232277	0.000625502	2
-97.9845	58.8286	-0.00236143	0.000633601	2
-98.5316	59.4837	-0.00240074	0.000642373	2
-99.0616	60.1527	-0.0024407	0.000651837	2

24.9963	2.01108	-6.51988e-07	2.69222e-07	2
24.6815	2.96361	-5.48931e-05	2.33536e-05	2
24.3712	3.92726	-0.000106116	4.657e-05	2
24.0689	4.89092	-0.000153718	6.96519e-05	2
23.7779	5.84352	-0.00019726	9.23389e-05	2
23.4913	6.8072	-0.000237805	0.000115161	2
23.2126	7.77088	-0.000274874	0.000137857	2
22.9416	8.73455	-0.000308515	0.000160429	2
22.6782	9.69819	-0.000338778	0.00018288	2
22.4224	10.6618	-0.00036571	0.000205213	2
22.1741	11.6254	-0.000389361	0.000227429	2
21.9332	12.5889	-0.000409779	0.000249533	2
21.6996	13.5524	-0.000427013	0.000271526	2
21.4732	14.5158	-0.000441111	0.000293412	2
21.254	15.4791	-0.000452122	0.000315192	2
21.0419	16.4424	-0.000460095	0.000336871	2
20.8368	17.4056	-0.000465078	0.000358449	2
20.6386	18.3687	-0.00046712	0.000379931	2
20.4472	19.3316	-0.00046627	0.000401318	2
20.2626	20.2945	-0.000462576	0.000422614	2
20.0847	21.2572	-0.000456087	0.00044382	2
19.9134	22.2198	-0.000446852	0.000464941	2
19.7486	23.1823	-0.000434918	0.000485978	2
19.5902	24.1446	-0.000420336	0.000506934	2
19.4382	25.1067	-0.000403153	0.000527812	2
19.2925	26.0687	-0.000383418	0.000548614	2
19.1545	27.0195	-0.000361449	0.000569106	2
19.021	27.9811	-0.000336784	0.000589766	2
18.8935	28.9425	-0.000309713	0.000610358	2
18.772	29.9038	-0.000280284	0.000630886	2
18.6563	30.8648	-0.000248545	0.000651352	2
18.5465	31.8256	-0.000214546	0.000671758	2
18.4423	32.7862	-0.000178335	0.000692108	2
18.3438	33.7466	-0.00013996	0.000712403	2
18.2509	34.7067	-9.94711e-05	0.000732647	2
18.1634	35.6665	-5.69159e-05	0.000752843	2
18.0813	36.6261	-1.23433e-05	0.000772992	2
18.0045	37.5855	3.41981e-05	0.000793098	2
17.9329	38.5445	8.26596e-05	0.000813163	2
17.8665	39.5033	0.000132993	0.000833191	2
17.8052	40.4618	0.000185148	0.000853183	2
17.7488	41.4199	0.000239078	0.000873142	2
17.6973	42.3778	0.000294734	0.000893072	2
17.6507	43.3353	0.000352067	0.000912974	2
17.6088	44.2926	0.000411027	0.000932852	2
17.5716	45.2494	0.000471568	0.000952707	2
17.539	46.206	0.000533639	0.000972544	2
17.5108	47.1622	0.000597193	0.000992364	2
17.4871	48.118	0.00066218	0.00101217	2
17.4679	49.0625	0.000727782	0.00103174	2
17.4528	50.0175	0.000795476	0.00105152	2
17.4418	50.9722	0.000864459	0.00107131	2
17.4349	51.9265	0.000934681	0.00109108	2
17.4321	52.8804	0.00100609	0.00111086	2
17.4332	53.8339	0.00107865	0.00113064	2
17.4381	54.7869	0.0011523	0.00115043	2
17.4468	55.7396	0.00122699	0.00117022	2
17.4593	56.6917	0.00130268	0.00119002	2
17.4753	57.6435	0.00137932	0.00120984	2
17.4949	58.5948	0.00145686	0.00122967	2
17.5179	59.5456	0.00153525	0.00124952	2
17.5443	60.4959	0.00161444	0.00126939	2
17.5741	61.4458	0.00169438	0.00128928	2
17.607	62.3952	0.00177503	0.0013092	2
17.643	63.3441	0.00185634	0.00132915	2
17.6821	64.2924	0.00193825	0.00134913	2
17.7242	65.2403	0.00202072	0.00136915	2
17.7692	66.1876	0.0021037	0.0013892	2
17.817	67.1344	0.00218714	0.00140929	2
17.8675	68.0807	0.002271	0.00142943	2
17.9207	69.0264	0.00235522	0.00144961	2
17.9764	69.9715	0.00243975	0.00146984	2
18.0347	70.9161	0.00252455	0.00149012	2
18.0946	71.8493	0.00260859	0.00151022	2
18.1576	72.7927	0.00269378	0.0015306	2
18.2228	73.7356	0.00277909	0.00155105	2
18.2901	74.6778	0.00286447	0.00157156	2
18.3596	75.6194	0.00294988	0.00159213	2
18.431	76.5604	0.00303526	0.00161276	2
18.5044	77.5008	0.00312057	0.00163347	2
18.5797	78.4406	0.00320576	0.00165425	2
18.6567	79.3797	0.00329077	0.0016751	2
18.7354	80.3182	0.00337557	0.00169604	2
18.8156	81.256	0.0034601	0.00171705	2
18.8975	82.1931	0.00354432	0.00173814	2
18.9807	83.1296	0.00362817	0.00175932	2
19.0653	84.0653	0.0037116	0.00178059	2
19.1512	85.0004	0.00379457	0.00180194	2
19.2384	85.9348	0.00387704	0.0018234	2
19.3266	86.8684	0.00395894	0.00184494	2
19.4158	87.8014	0.00404024	0.00186659	2
19.5061	88.7336	0.00412087	0.00188834	2
19.5972	89.6651	0.00420081	0.00191019	2
19.6891	90.5958	0.00427999	0.00193215	2
19.7817	91.5258	0.00435836	0.00195422	2
19.875	92.455	0.00443589	0.0019764	2
19.9677	93.3728	0.00451164	0.00199844	2
20.062	94.3004	0.00458733	0.00202085	2
20.1567	95.2273	0.00466202	0.00204338	2
20.2517	96.1534	0.00473566	0.00206604	2

74.9997	2.01305	-4.99347e-07	1.86497e-07	2
74.992	3.12412	-4.23865e-05	1.54766e-05	2
75.0137	4.22509	-8.26577e-05	2.9457e-05	2
75.0646	5.30319	-0.000120848	4.1969e-05	2
75.1431	6.34669	-0.000156586	5.29213e-05	2
75.2508	7.38013	-0.000190738	6.25961e-05	2
75.3863	8.39154	-0.000222911	7.08859e-05	2
75.5494	9.38118	-0.000253138	7.78185e-05	2
75.7395	10.3493	-0.000281454	8.34217e-05	2
75.9563	11.2963	-0.000307892	8.77234e-05	2
76.1993	12.2223	-0.000332487	9.07515e-05	2
76.4681	13.1277	-0.000355273	9.25338e-05	2
76.7622	14.0127	-0.000376283	9.30983e-05	2
77.0812	14.8776	-0.000395552	9.24727e-05	2
77.4248	15.7227	-0.000413114	9.06849e-05	2
77.7924	16.5483	-0.000429003	8.77629e-05	2
78.1837	17.3546	-0.000443252	8.37345e-05	2
78.5982	18.1419	-0.000455897	7.86275e-05	2
79.0355	18.9105	-0.00046697	7.24699e-05	2
79.4952	19.6607	-0.000476507	6.52894e-05	2
79.9768	20.3928	-0.000484541	5.7114e-05	2
80.4799	21.107	-0.000491106	4.79716e-05	2
81.0041	21.8035	-0.000496236	3.78899e-05	2
81.549	22.4828	-0.000499965	2.68969e-05	2
82.1141	23.1451	-0.000502328	1.50205e-05	2
82.6991	23.7906	-0.000503358	2.28841e-06	2
83.2963	24.4125	-0.0005031	-1.11109e-05	2
83.9193	25.0255	-0.000501581	-2.54615e-05	2
84.5609	25.6226	-0.000498831	-4.05844e-05	2
85.2206	26.204	-0.000494884	-5.64518e-05	2
85.8979	26.7701	-0.000489775	-7.30357e-05	2
86.5925	27.3211	-0.000483537	-9.03083e-05	2
87.3039	27.8572	-0.000476204	-0.000108242	2
88.0317	28.3789	-0.000467811	-0.000126808	2
88.7755	28.8863	-0.000458391	-0.00014598	2
89.5349	29.3797	-0.000447978	-0.000165728	2
90.3093	29.8594	-0.000436607	-0.000186027	2
91.0984	30.3257	-0.000424311	-0.000206846	2
91.9018	30.7789	-0.000411125	-0.000228159	2
92.719	31.2192	-0.000397083	-0.000249938	2
93.5497	31.6469	-0.000382218	-0.000272155	2
94.3933	32.0623	-0.000366565	-0.000294782	2
95.2495	32.4657	-0.000350158	-0.000317791	2
96.1177	32.8573	-0.000333031	-0.000341154	2
96.9977	33.2375	-0.000315217	-0.000364844	2
97.889	33.6064	-0.000296752	-0.000388832	2
98.7911	33.9645	-0.000277668	-0.000413091	2
99.7036	34.3119	-0.000258001	-0.000437593	2
100.626	34.6489	-0.000237783	-0.00046231	2
101.547	34.9722	-0.000217291	-0.000486926	2
102.489	35.2895	-0.000196081	-0.000511987	2
103.438	35.5972	-0.000174423	-0.00053718	2
104.396	35.8957	-0.000152351	-0.000562477	2
105.362	36.1853	-0.000129899	-0.00058785	2
106.336	36.4661	-0.000107101	-0.00061327	2
107.316	36.7385	-8.39905e-05	-0.000638711	2
108.303	37.0028	-6.06024e-05	-0.000664144	2
109.296	37.2593	-3.69704e-05	-0.000689542	2
110.295	37.5081	-1.31286e-05	-0.000714876	2
111.299	37.7497	1.0889e-05	-0.000740119	2
112.309	37.9842	3.50483e-05	-0.000765242	2
113.322	38.212	5.93154e-05	-0.000790219	2
114.34	38.4333	8.3656e-05	-0.000815021	2
115.361	38.6484	0.000108036	-0.00083962	2
116.385	38.8576	0.000132422	-0.000863988	2
117.412	39.0612	0.000156779	-0.000888098	2
118.441	39.2595	0.000181074	-0.000911921	2
119.472	39.4526	0.000205272	-0.00093543	2
120.505	39.641	0.00022934	-0.000958597	2
121.539	39.8248	0.000253242	-0.000981394	2
122.573	40.0044	0.000276946	-0.00100379	2
123.607	40.18	0.000300418	-0.00102577	2
124.642	40.352	0.000323622	-0.00104729	2
125.663	40.5186	0.000346264	-0.00106809	2
126.696	40.6841	0.000368837	-0.00108862	2
127.727	40.8467	0.000391041	-0.00110862	2
128.756	41.0067	0.000412842	-0.00112805	2
129.782	41.1644	0.000434207	-0.00114689	2
130.806	41.3201	0.0004551	-0.00116511	2
131.826	41.4741	0.00047549	-0.00118269	2
132.843	41.6266	0.00049534	-0.00119958	2
133.856	41.7779	0.000514617	-0.00121577	2
134.864	41.9283	0.000533287	-0.00123123	2
135.868	42.0781	0.000551317	-0.00124593	2
136.866	42.2275	0.000568671	-0.00125985	2
137.858	42.3769	0.000585316	-0.00127294	2
138.844	42.5264	0.000601219	-0.0012852	2
139.823	42.6765	0.000616344	-0.00129658	2
140.795	42.8273	0.000630657	-0.00130706	2
141.76	42.9792	0.000644126	-0.00131662	2
142.716	43.1324	0.000656715	-0.00132522	2
143.665	43.2871	0.00066839	-0.00133283	2
144.604	43.4438	0.000679119	-0.00133944	2
145.535	43.6026	0.000688866	-0.00134501	2
146.456	43.7638	0.000697597	-0.00134951	2
147.366	43.9278	0.000705279	-0.00135292	2
148.256	44.0928	0.000711807	-0.00135519	2
149.145	44.263	0.0007173	-0.00135634	2
150.023	44.4367	0.000721643	-0.00135631	2
150.89	44.6142	0.000724799	-0.00135507	2

124.993	2.0124	-5.01581e-07	2.58596e-07	2
124.392	3.07378	-4.31535e-05	2.21498e-05	2
123.819	4.13813	-8.53336e-05	4.36009e-05	2
123.281	5.19306	-0.000126549	6.43619e-05	2
122.782	6.22661	-0.000166353	8.42143e-05	2
122.31	7.26285	-0.000205678	0.000103628	2
121.873	8.2897	-0.000244066	0.000122377	2
121.468	9.30717	-0.000281526	0.00014047	2
121.095	10.3153	-0.000318067	0.000157914	2
120.754	11.3141	-0.000353698	0.00017472	2
120.446	12.3035	-0.000388428	0.000190894	2
120.168	13.2836	-0.000422267	0.000206446	2
119.921	14.2544	-0.000455222	0.000221384	2
119.705	15.2159	-0.000487304	0.000235716	2
119.519	16.1682	-0.000518522	0.000249451	2
119.363	17.1111	-0.000548884	0.000262598	2
119.235	18.0448	-0.000578399	0.000275164	2
119.137	18.9692	-0.000607078	0.000287159	2
119.067	19.8844	-0.000634928	0.000298591	2
119.025	20.7904	-0.000661958	0.000309468	2
119.011	21.6872	-0.000688179	0.000319798	2
119.025	22.5748	-0.000713599	0.000329591	2
119.065	23.4531	-0.000738226	0.000338855	2
119.131	24.3223	-0.000762071	0.000347597	2
119.224	25.1824	-0.000785142	0.000355827	2
119.342	26.0333	-0.000807449	0.000363554	2
119.484	26.8654	-0.000828756	0.000370704	2
119.652	27.6982	-0.000849568	0.000377454	2
119.845	28.5218	-0.000869643	0.000383725	2
120.061	29.3363	-0.00088899	0.000389525	2
120.302	30.1417	-0.000907617	0.000394864	2
120.566	30.9381	-0.000925533	0.00039975	2
120.852	31.7254	-0.000942749	0.000404191	2
121.161	32.5036	-0.000959272	0.000408196	2
121.492	33.2728	-0.000975111	0.000411773	2
121.845	34.033	-0.000990277	0.000414931	2
122.219	34.7842	-0.00100478	0.000417678	2
122.614	35.5263	-0.00101862	0.000420022	2
123.03	36.2595	-0.00103182	0.000421973	2
123.465	36.9837	-0.00104438	0.000423538	2
123.921	37.6989	-0.00105631	0.000424726	2
124.395	38.4052	-0.00106762	0.000425546	2
124.888	39.1025	-0.00107833	0.000426005	2
125.4	39.7909	-0.00108843	0.000426114	2
125.93	40.4704	-0.00109793	0.000425878	2
126.478	41.1409	-0.00110686	0.000425309	2
127.043	41.8026	-0.00111521	0.000424413	2
127.625	42.4554	-0.00112299	0.000423199	2
128.223	43.0994	-0.00113022	0.000421677	2
128.83	43.7272	-0.00113683	0.000419876	2
129.46	44.3535	-0.00114298	0.000417763	2
130.106	44.9711	-0.0011486	0.000415367	2
130.766	45.5798	-0.0011537	0.000412695	2
131.44	46.1796	-0.00115829	0.000409756	2
132.129	46.7707	-0.00116238	0.000406559	2
132.831	47.353	-0.00116598	0.000403112	2
133.547	47.9266	-0.00116909	0.000399423	2
134.275	48.4914	-0.00117172	0.000395501	2
135.017	49.0474	-0.0011739	0.000391354	2
135.77	49.5947	-0.00117561	0.000386991	2
136.535	50.1333	-0.00117688	0.000382421	2
137.311	50.6632	-0.00117771	0.000377651	2
138.098	51.1844	-0.00117811	0.000372691	2
138.895	51.6969	-0.00117809	0.000367548	2
139.703	52.2007	-0.00117766	0.000362232	2
140.52	52.6959	-0.00117683	0.00035675	2
141.347	53.1824	-0.00117561	0.000351111	2
142.182	53.6603	-0.001174	0.000345324	2
143.026	54.1296	-0.00117202	0.000339397	2
143.878	54.5902	-0.00116967	0.000333338	2
144.738	55.0423	-0.00116696	0.000327157	2
145.605	55.4857	-0.00116391	0.000320861	2
146.479	55.9207	-0.00116052	0.000314459	2
147.349	56.3421	-0.00115684	0.000308034	2
148.236	56.76	-0.00115281	0.000301446	2
149.128	57.1694	-0.00114846	0.000294778	2
150.025	57.5702	-0.00114381	0.000288037	2
150.928	57.9626	-0.00113886	0.000281232	2
151.835	58.3464	-0.00113364	0.000274372	2
152.746	58.7217	-0.00112813	0.000267465	2
153.66	59.0886	-0.00112236	0.00026052	2
154.578	59.447	-0.00111634	0.000253545	2
155.499	59.7969	-0.00111007	0.000246548	2
156.423	60.1385	-0.00110355	0.000239538	2
157.348	60.4715	-0.00109681	0.000232524	2
158.275	60.7962	-0.00108985	0.000225514	2
159.204	61.1125	-0.00108268	0.000218516	2
160.133	61.4204	-0.0010753	0.000211539	2
161.063	61.7199	-0.00106773	0.000204591	2
161.993	62.011	-0.00105998	0.000197682	2
162.923	62.2938	-0.00105205	0.000190818	2
163.852	62.5683	-0.00104396	0.00018401	2
164.78	62.8344	-0.00103571	0.000177264	2
165.706	63.0922	-0.00102731	0.00017059	2
166.63	63.3417	-0.00101877	0.000163997	2
167.553	63.583	-0.0010101	0.000157492	2
168.462	63.8133	-0.00100142	0.000151157	2
169.378	64.0381	-0.000992519	0.000144853	2
170.291	64.2546	-0.000983517	0.000138664	2
171.2	64.4629	-0.000974422	0.000132596	2

