-125.003	2.01377	5.70508e-07	-1.5417e-07	2
-125.28	3.18667	4.93538e-05	-1.25644e-05	2
-125.582	4.35098	9.81418e-05	-2.3431e-05	2
-125.907	5.4933	0.000146367	-3.26281e-05	2
-126.249	6.60125	0.000193486	-4.01067e-05	2
-126.616	7.70095	0.000240599	-4.60685e-05	2
-127.005	8.77978	0.000287157	-5.04457e-05	2
-127.414	9.83811	0.000333162	-5.32667e-05	2
-127.843	10.8763	0.000378616	-5.45598e-05	2
-128.292	11.8948	0.000423523	-5.43533e-05	2
-128.76	12.8938	0.000467885	-5.26757e-05	2
-129.247	13.8739	0.000511705	-4.95553e-05	2
-129.753	14.8353	0.000554985	-4.50205e-05	2
-130.277	15.7785	0.000597728	-3.90996e-05	2
-130.819	16.7037	0.000639936	-3.18211e-05	2
-131.379	17.6115	0.000681612	-2.32132e-05	2
-131.955	18.5021	0.000722758	-1.33044e-05	2
-132.549	19.3759	0.000763378	-2.12296e-06	2
-133.158	20.2334	0.000803474	1.03027e-05	2
-133.783	21.0748	0.000843048	2.39442e-05	2
-134.424	21.9006	0.000882103	3.87731e-05	2
-135.08	22.7111	0.000920641	5.47612e-05	2
-135.751	23.5066	0.000958666	7.188e-05	2
-136.436	24.2877	0.000996179	9.01012e-05	2
-137.135	25.0546	0.00103318	0.000109396	2
-137.848	25.8077	0.00106968	0.000129737	2
-138.565	26.5389	0.00110527	0.000150844	2
-139.304	27.2657	0.00114077	0.00017318	2
-140.054	27.9799	0.00117577	0.000196477	2
-140.817	28.6817	0.00121028	0.000220706	2
-141.592	29.3716	0.00124429	0.000245839	2
-142.377	30.0499	0.00127781	0.000271849	2
-143.174	30.7171	0.00131085	0.000298705	2
-143.981	31.3735	0.00134339	0.000326381	2
-144.797	32.0194	0.00137546	0.000354847	2
-145.624	32.6553	0.00140705	0.000384075	2
-146.46	33.2814	0.00143816	0.000414038	2
-147.305	33.8983	0.00146879	0.000444706	2
-148.158	34.5062	0.00149895	0.000476051	2
-149.019	35.1056	0.00152864	0.000508045	2
-149.888	35.6967	0.00155787	0.000540659	2
-150.765	36.2801	0.00158663	0.000573866	2
-151.648	36.856	0.00161493	0.000607636	2
-152.538	37.4248	0.00164276	0.000641942	2
-153.434	37.9869	0.00167015	0.000676754	2
-154.336	38.5426	0.00169707	0.000712046	2
-155.243	39.0925	0.00172355	0.000747787	2
-156.155	39.6367	0.00174958	0.000783951	2
-157.072	40.1757	0.00177516	0.000820507	2
-157.982	40.7038	0.00180001	0.000857003	2
-158.907	41.2336	0.00182471	0.000894258	2
-159.835	41.7592	0.00184897	0.000931822	2
-160.766	42.2812	0.0018728	0.000969666	2
-161.7	42.7998	0.00189619	0.00100776	2
-162.636	43.3154	0.00191915	0.00104608	2
-163.574	43.8284	0.00194168	0.0010846	2
-164.513	44.3392	0.00196379	0.00112328	2
-165.453	44.8481	0.00198548	0.0011621	2
-166.395	45.3556	0.00200674	0.00120103	2
-167.336	45.8619	0.00202759	0.00124004	2
-168.277	46.3675	0.00204802	0.00127911	2
-169.218	46.8727	0.00206804	0.0013182	2
-170.158	47.3779	0.00208764	0.00135729	2
-171.097	47.8835	0.00210684	0.00139634	2
-172.034	48.3899	0.00212564	0.00143534	2
-172.969	48.8974	0.00214403	0.00147425	2
-173.902	49.4064	0.00216203	0.00151304	2
-174.832	49.9172	0.00217962	0.00155168	2
-175.759	50.4303	0.00219683	0.00159016	2
-176.682	50.946	0.00221363	0.00162843	2
-177.601	51.4647	0.00223006	0.00166647	2
-178.516	51.9868	0.00224609	0.00170425	2
-179.426	52.5126	0.00226174	0.00174174	2
-180.32	53.0364	0.00227683	0.0017785	2
-181.219	53.5708	0.00229173	0.00181534	2
-182.113	54.11	0.00230624	0.0018518	2
-183	54.6544	0.00232039	0.00188787	2
-183.88	55.2044	0.00233416	0.00192351	2
-184.754	55.7604	0.00234756	0.00195869	2
-185.619	56.3227	0.0023606	0.00199339	2
-186.477	56.8918	0.00237327	0.00202758	2
-187.327	57.4679	0.00238559	0.00206122	2
-188.168	58.0515	0.00239754	0.00209429	2
-189	58.643	0.00240914	0.00212676	2
-189.822	59.2426	0.00242039	0.00215861	2
-190.635	59.8508	0.00243128	0.0021898	2
-191.437	60.468	0.00244183	0.0022203	2
-192.229	61.0945	0.00245203	0.0022501	2
-193.01	61.7307	0.00246189	0.00227915	2
-193.78	62.377	0.00247141	0.00230744	2
-194.537	63.0338	0.0024806	0.00233492	2
-195.283	63.7013	0.00248944	0.00236158	2
-196.016	64.38	0.00249796	0.00238739	2
-196.736	65.0704	0.00250614	0.00241232	2
-197.442	65.7726	0.002514	0.00243633	2
-198.135	66.4872	0.00252153	0.00245941	2
-198.807	67.206	0.00252867	0.00248127	2
-199.471	67.9461	0.00253556	0.00250239	2
-200.121	68.6997	0.00254214	0.00252249	2
-200.755	69.4671	0.00254841	0.00254154	2

-75.0043	2.01256	4.98879e-07	1.83663e-07	2
-75.368	3.0912	4.33666e-05	1.55183e-05	2
-75.7193	4.17912	8.66632e-05	3.01103e-05	2
-76.054	5.26378	0.000129894	4.37837e-05	2
-76.3688	6.3328	0.000172566	5.64048e-05	2
-76.6712	7.41108	0.000215675	6.82746e-05	2
-76.9576	8.48619	0.00025873	7.92491e-05	2
-77.2282	9.55818	0.000301734	8.93357e-05	2
-77.4832	10.6271	0.00034469	9.85424e-05	2
-77.7227	11.6929	0.000387602	0.000106877	2
-77.9469	12.7557	0.000430475	0.000114347	2
-78.156	13.8155	0.000473311	0.00012096	2
-78.3503	14.8723	0.000516115	0.000126724	2
-78.5298	15.9261	0.000558891	0.000131647	2
-78.6947	16.9771	0.000601642	0.000135736	2
-78.8453	18.0252	0.000644371	0.000139	2
-78.9817	19.0704	0.000687084	0.000141445	2
-79.1041	20.1128	0.000729783	0.00014308	2
-79.2127	21.1525	0.000772473	0.000143912	2
-79.3076	22.1894	0.000815156	0.00014395	2
-79.3891	23.2235	0.000857838	0.0001432	2
-79.4573	24.255	0.000900521	0.000141671	2
-79.5124	25.2839	0.00094321	0.00013937	2
-79.5546	26.3101	0.000985908	0.000136306	2
-79.584	27.3337	0.00102862	0.000132485	2
-79.6009	28.3547	0.00107135	0.000127915	2
-79.6055	29.3615	0.0011136	0.00012267	2
-79.5979	30.3776	0.00115638	0.000116635	2
-79.5784	31.3912	0.00119918	0.000109875	2
-79.547	32.4023	0.00124201	0.000102397	2
-79.504	33.4111	0.00128488	9.42094e-05	2
-79.4494	34.4175	0.00132778	8.53195e-05	2
-79.3837	35.4215	0.00137073	7.57352e-05	2
-79.3067	36.4232	0.00141373	6.54642e-05	2
-79.2189	37.4227	0.00145678	5.45142e-05	2
-79.1203	38.4199	0.00149988	4.2893e-05	2
-79.0112	39.4148	0.00154304	3.06083e-05	2
-78.8917	40.4077	0.00158627	1.76679e-05	2
-78.762	41.3983	0.00162955	4.07942e-06	2
-78.6222	42.3868	0.00167291	-1.01493e-05	2
-78.4726	43.3733	0.00171634	-2.50106e-05	2
-78.3134	44.3577	0.00175985	-4.04967e-05	2
-78.1446	45.3401	0.00180344	-5.65999e-05	2
-77.9666	46.3204	0.00184712	-7.33124e-05	2
-77.7795	47.2988	0.00189088	-9.06265e-05	2
-77.5834	48.2753	0.00193474	-0.000108534	2
-77.3786	49.2499	0.00197869	-0.000127029	2
-77.1652	50.2226	0.00202274	-0.000146101	2
-76.9434	51.1935	0.0020669	-0.000165744	2
-76.7161	52.1515	0.00211065	-0.000185715	2
-76.4781	53.1188	0.00215502	-0.00020647	2
-76.2323	54.0844	0.00219951	-0.000227773	2
-75.9789	55.0483	0.00224411	-0.000249615	2
-75.7179	56.0105	0.00228884	-0.000271989	2
-75.4497	56.9711	0.0023337	-0.000294888	2
-75.1743	57.93	0.00237868	-0.000318304	2
-74.892	58.8874	0.0024238	-0.000342228	2
-74.6029	59.8432	0.00246906	-0.000366653	2
-74.3072	60.7975	0.00251445	-0.000391572	2
-74.0051	61.7503	0.00256	-0.000416977	2
-73.6968	62.7017	0.00260569	-0.000442859	2
-73.3825	63.6516	0.00265153	-0.000469212	2
-73.0623	64.6001	0.00269753	-0.000496027	2
-72.7364	65.5473	0.00274369	-0.000523296	2
-72.4051	66.4931	0.00279002	-0.000551013	2
-72.0684	67.4377	0.00283651	-0.000579169	2
-71.7266	68.381	0.00288317	-0.000607757	2
-71.3798	69.323	0.00293001	-0.000636768	2
-71.0282	70.2639	0.00297703	-0.000666196	2
-70.6721	71.2036	0.00302423	-0.000696031	2
-70.3116	72.1421	0.00307162	-0.000726268	2
-69.9468	73.0795	0.0031192	-0.000756897	2
-69.578	74.0159	0.00316697	-0.000787911	2
-69.2096	74.9404	0.00321439	-0.00081894	2
-68.8333	75.8747	0.00326256	-0.000850697	2
-68.4534	76.8081	0.00331094	-0.000882816	2
-68.0703	77.7404	0.00335953	-0.00091529	2
-67.684	78.6719	0.00340832	-0.00094811	2
-67.2947	79.6025	0.00345734	-0.000981268	2
-66.9027	80.5322	0.00350657	-0.00101476	2
-66.508	81.461	0.00355604	-0.00104857	2
-66.1109	82.3891	0.00360572	-0.0010827	2
-65.7116	83.3165	0.00365564	-0.00111714	2
-65.3103	84.2431	0.0037058	-0.00115187	2
-64.907	85.169	0.0037562	-0.0011869	2
-64.5021	86.0942	0.00380684	-0.00122222	2
-64.0956	87.0188	0.00385772	-0.00125781	2
-63.6878	87.9428	0.00390886	-0.00129367	2
-63.2789	88.8663	0.00396025	-0.00132979	2
-62.869	89.7892	0.0040119	-0.00136616	2
-62.4583	90.7116	0.00406381	-0.00140278	2
-62.047	91.6335	0.00411599	-0.00143964	2
-61.6353	92.5549	0.00416844	-0.00147673	2
-61.2233	93.476	0.00422116	-0.00151404	2
-60.8112	94.3967	0.00427416	-0.00155157	2
-60.3993	95.317	0.00432744	-0.00158931	2
-59.9924	96.2264	0.00438039	-0.0016268	2
-59.5813	97.1461	0.00443424	-0.00166493	2
-59.1708	98.0656	0.00448838	-0.00170324	2
-58.7611	98.9848	0.00454282	-0.00174172	2

-25.0026	2.01346	-2.93286e-07	-1.03742e-07	2
-25.2082	3.15991	-2.59702e-05	-8.17989e-06	2
-25.3838	4.2971	-5.28454e-05	-1.46666e-05	2
-25.5274	5.41186	-8.06042e-05	-1.9487e-05	2
-25.6382	6.49203	-0.000108891	-2.26404e-05	2
-25.7194	7.56304	-0.000138343	-2.42268e-05	2
-25.7698	8.61247	-0.000168615	-2.42269e-05	2
-25.79	9.64063	-0.000199685	-2.26676e-05	2
-25.7804	10.6478	-0.000231531	-1.95755e-05	2
-25.7414	11.6343	-0.000264133	-1.49776e-05	2
-25.6735	12.6003	-0.000297469	-8.90064e-06	2
-25.5772	13.5463	-0.000331517	-1.37138e-06	2
-25.4529	14.4724	-0.000366256	7.58336e-06	2
-25.301	15.3789	-0.000401665	1.79368e-05	2
-25.1221	16.2662	-0.000437722	2.96621e-05	2
-24.9166	17.1346	-0.000474405	4.27324e-05	2
-24.6849	17.9843	-0.000511694	5.71211e-05	2
-24.4275	18.8155	-0.000549567	7.28012e-05	2
-24.1448	19.6287	-0.000588002	8.9746e-05	2
-23.8374	20.4241	-0.000626979	0.000107929	2
-23.5056	21.202	-0.000666475	0.000127322	2
-23.1499	21.9627	-0.000706469	0.0001479	2
-22.7707	22.7064	-0.00074694	0.000169636	2
-22.3686	23.4335	-0.000787866	0.000192502	2
-21.944	24.1442	-0.000829226	0.000216472	2
-21.4972	24.8389	-0.000870999	0.000241519	2
-21.0344	25.5101	-0.000912676	0.000267311	2
-20.5451	26.1736	-0.000955206	0.00029442	2
-20.0352	26.822	-0.000998084	0.000322526	2
-19.5049	27.4555	-0.00104129	0.000351603	2
-18.9549	28.0743	-0.0010848	0.000381623	2
-18.3855	28.6788	-0.00112859	0.000412559	2
-17.7972	29.2693	-0.00117265	0.000444385	2
-17.1905	29.846	-0.00121695	0.000477075	2
-16.5658	30.4093	-0.00126147	0.0005106	2
-15.9236	30.9594	-0.00130619	0.000544935	2
-15.2643	31.4966	-0.00135108	0.000580052	2
-14.5884	32.0212	-0.00139613	0.000615925	2
-13.8963	32.5335	-0.00144132	0.000652527	2
-13.1885	33.0338	-0.00148661	0.000689832	2
-12.4654	33.5224	-0.001532	0.000727811	2
-11.7275	33.9995	-0.00157746	0.00076644	2
-10.9753	34.4655	-0.00162297	0.00080569	2
-10.2092	34.9207	-0.0016685	0.000845535	2
-9.42971	35.3653	-0.00171404	0.000885948	2
-8.6372	35.7996	-0.00175957	0.000926903	2
-7.83216	36.2239	-0.00180505	0.000968372	2
-7.01505	36.6385	-0.00185048	0.00101033	2
-6.18632	37.0437	-0.00189583	0.00105275	2
-5.35615	37.4353	-0.00194056	0.0010951	2
-4.50567	37.8227	-0.00198568	0.00113836	2
-3.64493	38.2015	-0.00203067	0.001182	2
-2.7744	38.5721	-0.00207548	0.00122599	2
-1.89451	38.9347	-0.00212011	0.0012703	2
-1.00573	39.2897	-0.00216453	0.00131492	2
-0.108518	39.6372	-0.00220873	0.00135981	2
0.796682	39.9777	-0.00225267	0.00140495	2
1.70941	40.3114	-0.00229633	0.00145031	2
2.62921	40.6386	-0.00233971	0.00149586	2
3.55564	40.9595	-0.00238277	0.00154158	2
4.48822	41.2745	-0.00242549	0.00158744	2
5.42652	41.5839	-0.00246785	0.00163341	2
6.37007	41.8879	-0.00250984	0.00167946	2
7.31842	42.1868	-0.00255142	0.00172558	2
8.27111	42.481	-0.00259258	0.00177173	2
9.2277	42.7707	-0.0026333	0.00181788	2
10.1877	43.0562	-0.00267355	0.00186402	2
11.1507	43.3377	-0.00271331	0.0019101	2
12.1162	43.6157	-0.00275257	0.00195611	2
13.0838	43.8903	-0.00279129	0.00200202	2
14.0531	44.162	-0.00282947	0.0020478	2
15.0234	44.4308	-0.00286707	0.00209343	2
15.9945	44.6972	-0.00290408	0.00213887	2
16.9547	44.9584	-0.00294006	0.00218359	2
17.9258	45.2208	-0.00297582	0.00222859	2
18.8963	45.4816	-0.00301093	0.00227333	2
19.8657	45.7411	-0.00304536	0.00231779	2
20.8335	45.9995	-0.00307908	0.00236192	2
21.7993	46.2573	-0.00311209	0.00240572	2
22.7626	46.5146	-0.00314435	0.00244914	2
23.723	46.7718	-0.00317584	0.00249217	2
24.68	47.0291	-0.00320655	0.00253478	2
25.6332	47.2868	-0.00323645	0.00257693	2
26.5821	47.5453	-0.00326553	0.00261861	2
27.5262	47.8048	-0.00329375	0.00265979	2
28.4651	48.0656	-0.0033211	0.00270043	2
29.3984	48.328	-0.00334755	0.00274052	2
30.3256	48.5923	-0.00337309	0.00278003	2
31.2462	48.8588	-0.0033977	0.00281893	2
32.1598	49.1277	-0.00342134	0.00285719	2
33.0659	49.3993	-0.00344401	0.00289478	2
33.9641	49.6741	-0.00346567	0.00293168	2
34.8539	49.9521	-0.00348632	0.00296787	2
35.7348	50.2338	-0.00350592	0.00300331	2
36.6065	50.5194	-0.00352445	0.00303798	2
37.4684	50.8092	-0.0035419	0.00307186	2
38.3104	51.1	-0.00355806	0.00310453	2
39.1515	51.399	-0.00357329	0.00313673	2
39.9816	51.7031	-0.00358736	0.00316806	2
40.8001	52.0125	-0.00360027	0.00319849	2

24.9925	2.01322	4.19289e-07	-5.76872e-08	2
24.3614	3.14558	3.49413e-05	-4.38077e-06	2
23.7526	4.28206	6.68106e-05	-7.48671e-06	2
23.1735	5.40944	9.56646e-05	-9.34198e-06	2
22.6298	6.51491	0.000121279	-9.9704e-06	2
22.1087	7.62418	0.000144305	-9.41052e-06	2
21.6163	8.72433	0.000164485	-7.67221e-06	2
21.1523	9.81535	0.000181876	-4.77962e-06	2
20.7165	10.8973	0.000196533	-7.56941e-07	2
20.3086	11.97	0.000208514	4.37167e-06	2
19.9283	13.0336	0.000217876	1.0582e-05	2
19.5753	14.0881	0.000224674	1.785e-05	2
19.2493	15.1335	0.000228966	2.61514e-05	2
18.95	16.1696	0.000230808	3.5462e-05	2
18.6772	17.1966	0.000230256	4.57578e-05	2
18.4305	18.2145	0.000227368	5.70144e-05	2
18.2098	19.2231	0.000222199	6.92078e-05	2
18.0146	20.2226	0.000214808	8.23137e-05	2
17.8447	21.2129	0.000205249	9.63081e-05	2
17.6998	22.1941	0.000193579	0.000111167	2
17.5796	23.166	0.000179857	0.000126865	2
17.4839	24.1287	0.000164137	0.00014338	2
17.4123	25.0822	0.000146476	0.000160686	2
17.3646	26.0265	0.000126932	0.00017876	2
17.3405	26.9616	0.00010556	0.000197577	2
17.3397	27.8874	8.24174e-05	0.000217114	2
17.3615	28.7936	5.7856e-05	0.000237109	2
17.4061	29.7011	3.13607e-05	0.000258004	2
17.4732	30.5993	3.26382e-06	0.000279545	2
17.5624	31.4883	-2.6378e-05	0.00030171	2
17.6735	32.3681	-5.75082e-05	0.000324473	2
17.8062	33.2386	-9.00701e-05	0.000347811	2
17.9601	34.0998	-0.000124007	0.000371699	2
18.1351	34.9518	-0.000159263	0.000396113	2
18.3308	35.7945	-0.00019578	0.00042103	2
18.5469	36.6279	-0.000233503	0.000446424	2
18.7831	37.452	-0.000272375	0.000472271	2
19.0392	38.2668	-0.000312338	0.000498548	2
19.3149	39.0724	-0.000353338	0.000525231	2
19.6099	39.8686	-0.000395316	0.000552294	2
19.9239	40.6555	-0.000438216	0.000579715	2
20.2566	41.4331	-0.000481982	0.000607468	2
20.6077	42.2014	-0.000526558	0.00063553	2
20.9769	42.9604	-0.000571885	0.000663876	2
21.364	43.71	-0.000617909	0.000692483	2
21.7687	44.4503	-0.000664572	0.000721326	2
22.1906	45.1813	-0.000711818	0.00075038	2
22.6295	45.9029	-0.00075959	0.000779623	2
23.0852	46.6151	-0.000807831	0.000809029	2
23.5517	47.31	-0.000855924	0.000838234	2
24.0397	48.0036	-0.00090493	0.000867894	2
24.5435	48.6879	-0.000954237	0.000897645	2
25.063	49.3628	-0.00100379	0.000927463	2
25.5977	50.0283	-0.00105353	0.000957324	2
26.1473	50.6844	-0.00110339	0.000987204	2
26.7117	51.3312	-0.00115334	0.00101708	2
27.2905	51.9685	-0.0012033	0.00104692	2
27.8834	52.5964	-0.00125322	0.00107672	2
28.4902	53.2149	-0.00130304	0.00110643	2
29.1105	53.8241	-0.00135271	0.00113604	2
29.7441	54.4237	-0.00140218	0.00116553	2
30.3907	55.014	-0.00145137	0.00119486	2
31.05	55.5948	-0.00150025	0.00122402	2
31.7217	56.1662	-0.00154874	0.00125299	2
32.4055	56.7281	-0.0015968	0.00128172	2
33.1011	57.2806	-0.00164437	0.00131022	2
33.8083	57.8237	-0.00169139	0.00133844	2
34.5268	58.3573	-0.00173781	0.00136636	2
35.2562	58.8814	-0.00178356	0.00139397	2
35.9964	59.396	-0.00182859	0.00142123	2
36.7469	59.9012	-0.00187285	0.00144813	2
37.5076	60.3969	-0.00191628	0.00147463	2
38.278	60.8831	-0.00195882	0.00150072	2
39.049	61.3543	-0.00199994	0.00152607	2
39.8382	61.8216	-0.00204054	0.00155126	2
40.6364	62.2794	-0.00208009	0.00157596	2
41.4432	62.7277	-0.00211852	0.00160014	2
42.2585	63.1665	-0.00215578	0.00162379	2
43.0818	63.5958	-0.00219182	0.00164688	2
43.913	64.0155	-0.00222657	0.00166939	2
44.7517	64.4257	-0.00225998	0.00169128	2
45.5977	64.8263	-0.00229199	0.00171254	2
46.4507	65.2175	-0.00232255	0.00173314	2
47.3103	65.599	-0.0023516	0.00175307	2
48.1763	65.971	-0.00237908	0.00177228	2
49.0485	66.3335	-0.00240494	0.00179077	2
49.9264	66.6863	-0.00242912	0.0018085	2
50.8099	67.0296	-0.00245156	0.00182545	2
51.6987	67.3634	-0.00247221	0.0018416	2
52.5924	67.6875	-0.00249101	0.00185692	2
53.4908	68.0021	-0.0025079	0.0018714	2
54.3935	68.307	-0.00252283	0.00188499	2
55.3004	68.6024	-0.00253574	0.00189769	2
56.2111	68.8881	-0.00254657	0.00190947	2
57.1253	69.1643	-0.00255527	0.00192029	2
58.0428	69.4308	-0.00256178	0.00193015	2
58.9526	69.6848	-0.00256601	0.00193891	2
59.8757	69.9322	-0.002568	0.00194676	2
60.8011	70.1699	-0.00256763	0.00195357	2
61.7287	70.398	-0.00256484	0.00195931	2

74.998	2.01013	4.48082e-07	5.75616e-08	2
74.816	2.88323	3.74274e-05	4.62237e-06	2
74.6129	3.77036	7.174e-05	8.47874e-06	2
74.3912	4.66121	0.000102987	1.15901e-05	2
74.1543	5.54531	0.00013091	1.39542e-05	2
73.8975	6.44306	0.000156208	1.56467e-05	2
73.624	7.34403	0.000178588	1.6657e-05	2
73.3343	8.24803	0.000198099	1.70063e-05	2
73.0291	9.15491	0.000214791	1.67155e-05	2
72.709	10.0645	0.000228714	1.58057e-05	2
72.3747	10.9766	0.000239915	1.42979e-05	2
72.0267	11.8911	0.000248446	1.22131e-05	2
71.6656	12.8078	0.000254355	9.57241e-06	2
71.292	13.7265	0.000257692	6.39679e-06	2
70.9067	14.647	0.000258506	2.7073e-06	2
70.5101	15.5692	0.000256846	-1.47503e-06	2
70.1029	16.493	0.000252762	-6.12917e-06	2
69.6857	17.4181	0.000246303	-1.12341e-05	2
69.2592	18.3443	0.000237519	-1.67688e-05	2
68.8238	19.2716	0.000226459	-2.27121e-05	2
68.3804	20.1997	0.000213172	-2.90432e-05	2
67.9293	21.1284	0.000197707	-3.57409e-05	2
67.4714	22.0576	0.000180115	-4.27843e-05	2
67.0071	22.9872	0.000160444	-5.01522e-05	2
66.5372	23.9169	0.000138745	-5.78237e-05	2
66.0621	24.8466	0.000115065	-6.57778e-05	2
65.5881	25.7654	8.976e-05	-7.38975e-05	2
65.1048	26.6945	6.22903e-05	-8.23508e-05	2
64.6182	27.6231	3.29883e-05	-9.10238e-05	2
64.1289	28.551	1.9035e-06	-9.98955e-05	2
63.6376	29.4781	-3.09148e-05	-0.000108945	2
63.1449	30.4041	-6.54171e-05	-0.000118151	2
62.6514	31.3289	-0.000101554	-0.000127492	2
62.1577	32.2523	-0.000139277	-0.000136948	2
61.6645	33.1741	-0.000178535	-0.000146497	2
61.1722	34.0942	-0.00021928	-0.000156119	2
60.6816	35.0125	-0.000261462	-0.000165793	2
60.1933	35.9287	-0.000305032	-0.000175496	2
59.7078	36.8426	-0.00034994	-0.000185209	2
59.2259	37.7541	-0.000396137	-0.000194911	2
58.748	38.6631	-0.000443574	-0.00020458	2
58.2748	39.5693	-0.000492202	-0.000214195	2
57.807	40.4727	-0.00054197	-0.000223735	2
57.345	41.3729	-0.00059283	-0.000233179	2
56.8897	42.2699	-0.000644732	-0.000242507	2
56.4415	43.1634	-0.000697627	-0.000251697	2
56.0011	44.0534	-0.000751465	-0.000260727	2
55.569	44.9395	-0.000806197	-0.000269578	2
55.146	45.8218	-0.000861774	-0.000278228	2
54.7373	46.6899	-0.000917494	-0.000286561	2
54.334	47.5638	-0.000974603	-0.000294749	2
53.9415	48.4333	-0.00103241	-0.000302673	2
53.5605	49.2981	-0.00109086	-0.000310312	2
53.1915	50.1582	-0.00114992	-0.000317646	2
52.8352	51.0133	-0.00120952	-0.000324652	2
52.4922	51.8633	-0.00126962	-0.000331311	2
52.1631	52.708	-0.00133017	-0.000337601	2
51.8485	53.5473	-0.00139112	-0.0003435	2
51.549	54.3809	-0.00145243	-0.000348989	2
51.2653	55.2087	-0.00151403	-0.000354045	2
50.9979	56.0305	-0.00157589	-0.000358649	2
50.7475	56.8462	-0.00163795	-0.000362778	2
50.5146	57.6555	-0.00170017	-0.000366413	2
50.3	58.4584	-0.00176249	-0.000369531	2
50.1041	59.2546	-0.00182487	-0.000372112	2
49.9277	60.044	-0.00188725	-0.000374134	2
49.7713	60.8264	-0.00194959	-0.000375578	2
49.6355	61.6016	-0.00201183	-0.000376421	2
49.521	62.3694	-0.00207393	-0.000376642	2
49.4283	63.1298	-0.00213584	-0.000376222	2
49.3582	63.8825	-0.00219751	-0.000375138	2
49.3111	64.6273	-0.00225889	-0.000373369	2
49.2877	65.3642	-0.00231993	-0.000370895	2
49.2885	66.0845	-0.00237989	-0.000367736	2
49.3141	66.8048	-0.0024401	-0.000363797	2
49.3652	67.5166	-0.00249983	-0.000359089	2
49.4425	68.2198	-0.00255902	-0.000353593	2
49.5465	68.914	-0.00261763	-0.000347285	2
49.6779	69.5993	-0.0026756	-0.000340147	2
49.8373	70.2753	-0.00273289	-0.000332156	2
50.0253	70.9419	-0.00278944	-0.000323291	2
50.2425	71.599	-0.00284521	-0.000313532	2
50.4896	72.2464	-0.00290014	-0.000302858	2
50.7671	72.8838	-0.00295419	-0.000291247	2
51.0756	73.5113	-0.00300731	-0.000278678	2
51.4158	74.1284	-0.00305945	-0.000265131	2
51.7883	74.7352	-0.00311056	-0.000250584	2
52.1937	75.3314	-0.00316059	-0.000235016	2
52.6326	75.9169	-0.00320949	-0.000218407	2
53.1056	76.4914	-0.00325721	-0.000200734	2
53.6133	77.0549	-0.0033037	-0.000181979	2
54.1564	77.6071	-0.00334892	-0.000162118	2
54.7354	78.1479	-0.00339281	-0.000141131	2
55.351	78.6771	-0.00343532	-0.000118998	2
56.0038	79.1945	-0.0034764	-9.56967e-05	2
56.6944	79.7	-0.00351602	-7.12064e-05	2
57.4148	80.1878	-0.00355367	-4.58086e-05	2
58.1823	80.6691	-0.0035902	-1.88917e-05	2
58.9895	81.1379	-0.00362511	9.27707e-06	2
59.837	81.5941	-0.00365835	3.87186e-05	2

124.999	2.01203	1.82082e-08	-1.03753e-07	2
124.92	3.03891	1.77011e-06	-9.11803e-06	2
124.811	4.06224	3.90112e-06	-1.84161e-05	2
124.674	5.07029	6.36978e-06	-2.78865e-05	2
124.51	6.05202	9.11912e-06	-3.74099e-05	2
124.317	7.03053	1.219e-05	-4.71999e-05	2
124.098	7.99461	1.55291e-05	-5.71392e-05	2
123.853	8.94455	1.9113e-05	-6.722e-05	2
123.582	9.88063	2.29184e-05	-7.74345e-05	2
123.286	10.8031	2.69222e-05	-8.77751e-05	2
122.966	11.7124	3.11011e-05	-9.82339e-05	2
122.623	12.6086	3.54317e-05	-0.000108803	2
122.257	13.4922	3.98909e-05	-0.000119476	2
121.869	14.3633	4.44553e-05	-0.000130243	2
121.459	15.2222	4.91017e-05	-0.000141097	2
121.029	16.0694	5.38069e-05	-0.000152032	2
120.578	16.9049	5.85475e-05	-0.000163038	2
120.108	17.7292	6.33004e-05	-0.000174108	2
119.618	18.5425	6.80421e-05	-0.000185235	2
119.111	19.3451	7.27496e-05	-0.00019641	2
118.586	20.1373	7.73994e-05	-0.000207627	2
118.044	20.9194	8.19684e-05	-0.000218877	2
117.486	21.6916	8.64333e-05	-0.000230152	2
116.912	22.4542	9.07708e-05	-0.000241445	2
116.323	23.2076	9.49577e-05	-0.000252748	2
115.72	23.952	9.89706e-05	-0.000264053	2
115.11	24.6793	0.000102744	-0.000275223	2
114.48	25.4067	0.000106342	-0.00028651	2
113.838	26.126	0.000109696	-0.000297776	2
113.184	26.8375	0.000112784	-0.000309014	2
112.519	27.5413	0.000115582	-0.000320215	2
111.843	28.2379	0.000118067	-0.000331372	2
111.158	28.9276	0.000120215	-0.000342478	2
110.464	29.6105	0.000122003	-0.000353524	2
109.761	30.2871	0.000123409	-0.000364503	2
109.05	30.9575	0.000124408	-0.000375407	2
108.332	31.6221	0.000124977	-0.000386228	2
107.608	32.2811	0.000125094	-0.000396959	2
106.877	32.9349	0.000124735	-0.000407592	2
106.142	33.5837	0.000123876	-0.000418119	2
105.401	34.2278	0.000122495	-0.000428532	2
104.657	34.8676	0.000120567	-0.000438824	2
103.91	35.5032	0.000118071	-0.000448988	2
103.16	36.135	0.000114982	-0.000459014	2
102.408	36.7632	0.000111278	-0.000468896	2
101.655	37.3882	0.000106934	-0.000478625	2
100.901	38.0102	0.000101929	-0.000488195	2
100.147	38.6296	9.62379e-05	-0.000497597	2
99.3933	39.2465	8.98382e-05	-0.000506823	2
98.6499	39.8543	8.27926e-05	-0.000515763	2
97.8997	40.4674	7.49145e-05	-0.000524618	2
97.1521	41.0789	6.6258e-05	-0.000533274	2
96.4077	41.6892	5.68001e-05	-0.000541724	2
95.6672	42.2985	4.65174e-05	-0.00054996	2
94.9312	42.9071	3.53866e-05	-0.000557974	2
94.2004	43.5153	2.33845e-05	-0.000565758	2
93.4754	44.1235	1.04878e-05	-0.000573305	2
92.7569	44.7318	-3.32667e-06	-0.000580608	2
92.0456	45.3406	-1.80823e-05	-0.000587658	2
91.342	45.9501	-3.38023e-05	-0.000594447	2
90.6468	46.5607	-5.05099e-05	-0.000600968	2
89.9608	47.1726	-6.82284e-05	-0.000607214	2
89.2845	47.7861	-8.69811e-05	-0.000613175	2
88.6186	48.4016	-0.000106791	-0.000618846	2
87.9637	49.0192	-0.000127682	-0.000624217	2
87.3205	49.6393	-0.000149677	-0.000629282	2
86.6896	50.2622	-0.000172799	-0.000634032	2
86.0718	50.8881	-0.000197071	-0.00063846	2
85.4676	51.5173	-0.000222517	-0.000642558	2
84.8776	52.1502	-0.000249161	-0.000646318	2
84.3027	52.787	-0.000277024	-0.000649732	2
83.7433	53.428	-0.000306131	-0.000652794	2
83.2002	54.0734	-0.000336505	-0.000655494	2
82.6799	54.7162	-0.000367797	-0.000657802	2
82.171	55.3714	-0.000400759	-0.000659762	2
81.6804	56.032	-0.000435058	-0.000661338	2
81.2085	56.6981	-0.000470716	-0.000662522	2
80.7562	57.3703	-0.000507757	-0.000663306	2
80.324	58.0486	-0.000546204	-0.000663684	2
79.9126	58.7334	-0.00058608	-0.000663646	2
79.5227	59.4249	-0.000627409	-0.000663186	2
79.1549	60.1235	-0.000670214	-0.000662296	2
78.8098	60.8295	-0.000714518	-0.000660967	2
78.4881	61.5431	-0.000760344	-0.000659193	2
78.1905	62.2646	-0.000807717	-0.000656964	2
77.9176	62.9944	-0.000856658	-0.000654275	2
77.6701	63.7326	-0.000907191	-0.000651116	2
77.4486	64.4796	-0.00095934	-0.000647481	2
77.2537	65.2357	-0.00101313	-0.000643361	2
77.0861	66.0011	-0.00106858	-0.000638749	2
76.9465	66.7761	-0.00112571	-0.000633637	2
76.8355	67.5611	-0.00118456	-0.000628017	2
76.7538	68.3563	-0.00124513	-0.000621881	2
76.702	69.162	-0.00130746	-0.000615223	2
76.6808	69.9785	-0.00137157	-0.000608033	2
76.6908	70.806	-0.00143748	-0.000600305	2
76.732	71.6352	-0.00150443	-0.000592129	2
76.806	72.4857	-0.00157399	-0.000583307	2
76.9132	73.348	-0.00164542	-0.000573923	2
77.0541	74.2226	-0.00171875	-0.000563969	2

