-125.001	2.01251	4.33068e-07	-4.84831e-07	2
-125.102	3.08184	3.83837e-05	-4.06965e-05	2
-125.226	4.15015	7.81805e-05	-7.8425e-05	2
-125.37	5.20513	0.000119364	-0.000113237	2
-125.534	6.2351	0.000161413	-0.000144832	2
-125.721	7.26425	0.000205279	-0.000173996	2
-125.927	8.28074	0.000250454	-0.000200397	2
-126.153	9.2848	0.000296914	-0.000224086	2
-126.399	10.2766	0.000344631	-0.000245115	2
-126.664	11.2565	0.000393582	-0.000263534	2
-126.948	12.2246	0.000443739	-0.000279395	2
-127.25	13.1811	0.000495076	-0.00029275	2
-127.571	14.1263	0.000547569	-0.00030365	2
-127.909	15.0604	0.00060119	-0.000312145	2
-128.264	15.9836	0.000655915	-0.000318289	2
-128.637	16.8962	0.000711717	-0.000322131	2
-129.026	17.7983	0.000768571	-0.000323723	2
-129.432	18.6903	0.000826451	-0.000323116	2
-129.853	19.5722	0.00088533	-0.000320363	2
-130.29	20.4443	0.000945183	-0.000315514	2
-130.742	21.307	0.00100598	-0.00030862	2
-131.209	22.1602	0.00106771	-0.000299734	2
-131.691	23.0044	0.00113033	-0.000288905	2
-132.187	23.8397	0.00119382	-0.000276186	2
-132.696	24.6664	0.00125816	-0.000261628	2
-133.219	25.4846	0.00132331	-0.000245283	2
-133.749	26.2853	0.0013885	-0.000227418	2
-134.298	27.0874	0.0014552	-0.00020767	2
-134.859	27.8817	0.00152265	-0.000186288	2
-135.432	28.6684	0.00159082	-0.000163323	2
-136.017	29.4479	0.00165967	-0.000138827	2
-136.613	30.2202	0.00172919	-0.00011285	2
-137.22	30.9857	0.00179935	-8.54442e-05	2
-137.838	31.7444	0.00187012	-5.6661e-05	2
-138.466	32.4968	0.00194147	-2.65516e-05	2
-139.104	33.2429	0.00201339	4.83256e-06	2
-139.751	33.983	0.00208584	3.74402e-05	2
-140.407	34.7174	0.0021588	7.122e-05	2
-141.072	35.4462	0.00223225	0.000106121	2
-141.746	36.1697	0.00230615	0.000142091	2
-142.428	36.888	0.00238048	0.000179079	2
-143.117	37.6015	0.00245522	0.000217033	2
-143.814	38.3104	0.00253034	0.000255904	2
-144.518	39.0147	0.00260582	0.000295638	2
-145.229	39.7149	0.00268162	0.000336185	2
-145.946	40.4111	0.00275772	0.000377493	2
-146.668	41.1035	0.00283411	0.000419512	2
-147.397	41.7923	0.00291074	0.000462189	2
-148.13	42.4778	0.00298759	0.000505473	2
-148.86	43.1524	0.00306376	0.000548806	2
-149.603	43.8319	0.00314099	0.000593146	2
-150.35	44.5088	0.00321837	0.000637939	2
-151.101	45.1833	0.00329586	0.000683135	2
-151.856	45.8555	0.00337346	0.000728682	2
-152.613	46.5257	0.00345112	0.000774528	2
-153.373	47.1942	0.00352883	0.000820624	2
-154.136	47.8611	0.00360656	0.000866916	2
-154.9	48.5266	0.00368428	0.000913354	2
-155.667	49.1911	0.00376196	0.000959887	2
-156.434	49.8546	0.00383959	0.00100646	2
-157.203	50.5175	0.00391713	0.00105303	2
-157.972	51.18	0.00399456	0.00109954	2
-158.741	51.8422	0.00407186	0.00114593	2
-159.51	52.5044	0.00414899	0.00119217	2
-160.279	53.1669	0.00422593	0.00123819	2
-161.047	53.8298	0.00430267	0.00128395	2
-161.813	54.4933	0.00437916	0.00132939	2
-162.578	55.1578	0.00445538	0.00137446	2
-163.342	55.8233	0.00453131	0.00141911	2
-164.103	56.4902	0.00460693	0.00146329	2
-164.861	57.1587	0.0046822	0.00150695	2
-165.616	57.8289	0.00475711	0.00155004	2
-166.368	58.5011	0.00483162	0.0015925	2
-167.108	59.1678	0.00490485	0.00163382	2
-167.852	59.8447	0.0049785	0.00167488	2
-168.592	60.5242	0.00505168	0.00171518	2
-169.327	61.2066	0.00512435	0.00175464	2
-170.057	61.8922	0.00519651	0.00179322	2
-170.781	62.581	0.00526811	0.00183087	2
-171.5	63.2734	0.00533914	0.00186753	2
-172.212	63.9696	0.00540956	0.00190317	2
-172.918	64.6698	0.00547936	0.00193771	2
-173.617	65.3742	0.00554851	0.00197112	2
-174.308	66.083	0.00561698	0.00200334	2
-174.992	66.7965	0.00568474	0.00203432	2
-175.668	67.5149	0.00575177	0.00206401	2
-176.336	68.2384	0.00581805	0.00209235	2
-176.995	68.9672	0.00588354	0.00211931	2
-177.645	69.7016	0.00594822	0.00214481	2
-178.286	70.4418	0.00601208	0.00216882	2
-178.916	71.1879	0.00607507	0.00219128	2
-179.537	71.9403	0.00613717	0.00221214	2
-180.147	72.6991	0.00619837	0.00223136	2
-180.746	73.4645	0.00625863	0.00224887	2
-181.334	74.2369	0.00631792	0.00226462	2
-181.911	75.0164	0.00637623	0.00227857	2
-182.469	75.7941	0.00643286	0.00229054	2
-183.021	76.5883	0.00648913	0.00230075	2
-183.561	77.3903	0.00654432	0.002309	2
-184.088	78.2004	0.00659843	0.00231524	2

-75.0017	2.01275	8.445e-07	-5.12044e-08	2
-75.1382	3.10526	7.34439e-05	-5.15014e-06	2
-75.2607	4.2033	0.00014683	-1.16997e-05	2
-75.3679	5.29418	0.000220154	-1.96375e-05	2
-75.4588	6.36555	0.000292572	-2.88373e-05	2
-75.5358	7.44236	0.000365765	-3.95021e-05	2
-75.5979	8.5122	0.000438886	-5.15214e-05	2
-75.6452	9.57512	0.000511932	-6.48841e-05	2
-75.678	10.6312	0.000584901	-7.9579e-05	2
-75.6963	11.6804	0.000657788	-9.55947e-05	2
-75.7004	12.723	0.000730591	-0.00011292	2
-75.6903	13.7588	0.000803306	-0.000131544	2
-75.6664	14.788	0.000875929	-0.000151455	2
-75.6287	15.8107	0.000948458	-0.000172641	2
-75.5774	16.8269	0.00102089	-0.000195093	2
-75.5127	17.8366	0.00109322	-0.000218798	2
-75.4348	18.8399	0.00116544	-0.000243745	2
-75.3437	19.837	0.00123756	-0.000269923	2
-75.2398	20.8277	0.00130957	-0.00029732	2
-75.1231	21.8123	0.00138146	-0.000325926	2
-74.9938	22.7908	0.00145323	-0.00035573	2
-74.8521	23.7631	0.00152489	-0.000386719	2
-74.6981	24.7295	0.00159641	-0.000418883	2
-74.532	25.6899	0.00166781	-0.000452211	2
-74.3541	26.6444	0.00173908	-0.00048669	2
-74.1643	27.5931	0.00181022	-0.000522311	2
-73.9654	28.5252	0.0018804	-0.000558633	2
-73.7528	29.4624	0.00195126	-0.000596489	2
-73.529	30.394	0.00202197	-0.000635453	2
-73.294	31.32	0.00209253	-0.000675513	2
-73.0482	32.2405	0.00216295	-0.000716658	2
-72.7916	33.1555	0.00223321	-0.000758876	2
-72.5244	34.065	0.00230331	-0.000802157	2
-72.2467	34.9693	0.00237325	-0.000846489	2
-71.9589	35.8682	0.00244303	-0.000891862	2
-71.6609	36.7619	0.00251264	-0.000938262	2
-71.353	37.6504	0.00258207	-0.000985681	2
-71.0354	38.5339	0.00265134	-0.00103411	2
-70.7082	39.4122	0.00272042	-0.00108353	2
-70.3715	40.2856	0.00278933	-0.00113393	2
-70.0256	41.154	0.00285805	-0.0011853	2
-69.6707	42.0176	0.00292658	-0.00123764	2
-69.3068	42.8764	0.00299492	-0.00129093	2
-68.9341	43.7304	0.00306307	-0.00134515	2
-68.5529	44.5797	0.00313102	-0.00140031	2
-68.1632	45.4244	0.00319877	-0.00145638	2
-67.7653	46.2646	0.00326631	-0.00151335	2
-67.3593	47.1002	0.00333365	-0.00157122	2
-66.9454	47.9314	0.00340078	-0.00162997	2
-66.5286	48.7487	0.00346692	-0.00168891	2
-66.0994	49.5712	0.00353362	-0.00174938	2
-65.6629	50.3894	0.00360009	-0.0018107	2
-65.219	51.2035	0.00366635	-0.00187286	2
-64.7681	52.0134	0.00373237	-0.00193585	2
-64.3102	52.8192	0.00379816	-0.00199965	2
-63.8456	53.621	0.00386372	-0.00206425	2
-63.3744	54.4188	0.00392905	-0.00212965	2
-62.8968	55.2127	0.00399413	-0.00219583	2
-62.413	56.0027	0.00405896	-0.00226278	2
-61.923	56.789	0.00412355	-0.00233049	2
-61.4271	57.5716	0.00418789	-0.00239895	2
-60.9255	58.3505	0.00425198	-0.00246814	2
-60.4183	59.1257	0.0043158	-0.00253806	2
-59.9057	59.8975	0.00437937	-0.0026087	2
-59.3878	60.6657	0.00444267	-0.00268003	2
-58.8648	61.4306	0.00450571	-0.00275206	2
-58.3369	62.192	0.00456847	-0.00282477	2
-57.8043	62.9502	0.00463096	-0.00289814	2
-57.267	63.7051	0.00469318	-0.00297218	2
-56.7254	64.4569	0.00475511	-0.00304686	2
-56.1795	65.2055	0.00481676	-0.00312218	2
-55.6295	65.9511	0.00487812	-0.00319812	2
-55.0756	66.6936	0.00493919	-0.00327467	2
-54.5243	67.4248	0.00499927	-0.00335094	2
-53.9631	68.1616	0.00505975	-0.00342868	2
-53.3985	68.8955	0.00511993	-0.003507	2
-52.8306	69.6267	0.00517981	-0.00358589	2
-52.2596	70.3552	0.00523938	-0.00366533	2
-51.6857	71.0811	0.00529864	-0.00374532	2
-51.1091	71.8043	0.00535759	-0.00382584	2
-50.5299	72.5251	0.00541621	-0.00390689	2
-49.9482	73.2434	0.00547452	-0.00398845	2
-49.3643	73.9593	0.00553251	-0.00407051	2
-48.7783	74.6729	0.00559016	-0.00415306	2
-48.1904	75.3842	0.00564749	-0.00423609	2
-47.6007	76.0932	0.00570448	-0.00431958	2
-47.0094	76.8001	0.00576114	-0.00440353	2
-46.4168	77.505	0.00581745	-0.00448792	2
-45.8228	78.2077	0.00587343	-0.00457275	2
-45.2278	78.9085	0.00592905	-0.004658	2
-44.6319	79.6074	0.00598432	-0.00474366	2
-44.0352	80.3045	0.00603924	-0.00482972	2
-43.4379	80.9997	0.00609381	-0.00491617	2
-42.8402	81.6932	0.00614801	-0.00500299	2
-42.2422	82.385	0.00620185	-0.00509018	2
-41.6442	83.0752	0.00625532	-0.00517773	2
-41.0531	83.756	0.00630781	-0.00526461	2
-40.4554	84.4432	0.00636054	-0.00535282	2
-39.8581	85.1289	0.0064129	-0.00544136	2
-39.2613	85.8133	0.00646487	-0.00553021	2

-25.0033	2.01269	-2.09226e-07	-2.87104e-07	2
-25.276	3.09622	-1.86468e-05	-2.37949e-05	2
-25.5235	4.17759	-3.81769e-05	-4.52256e-05	2
-25.7427	5.24426	-5.85676e-05	-6.43367e-05	2
-25.9321	6.28437	-7.95471e-05	-8.09922e-05	2
-26.0964	7.32225	-0.000101581	-9.56236e-05	2
-26.2336	8.34589	-0.000124406	-0.000108069	2
-26.344	9.35543	-0.000148001	-0.000118373	2
-26.428	10.351	-0.000172341	-0.00012658	2
-26.4861	11.3328	-0.000197405	-0.000132735	2
-26.5184	12.301	-0.000223169	-0.000136883	2
-26.5255	13.2556	-0.000249611	-0.000139068	2
-26.5077	14.1969	-0.000276707	-0.000139334	2
-26.4652	15.1251	-0.000304434	-0.000137728	2
-26.3986	16.0402	-0.00033277	-0.000134293	2
-26.3081	16.9424	-0.000361692	-0.000129073	2
-26.1942	17.8318	-0.000391176	-0.000122115	2
-26.0571	18.7087	-0.0004212	-0.000113461	2
-25.8972	19.5732	-0.000451741	-0.000103158	2
-25.715	20.4253	-0.000482776	-9.12486e-05	2
-25.5108	21.2654	-0.000514282	-7.7779e-05	2
-25.2848	22.0934	-0.000546236	-6.27933e-05	2
-25.0376	22.9097	-0.000578615	-4.63362e-05	2
-24.7694	23.7142	-0.000611397	-2.84524e-05	2
-24.4807	24.5073	-0.000644557	-9.18659e-06	2
-24.1717	25.2889	-0.000678075	1.14166e-05	2
-23.8468	26.0506	-0.000711534	3.30537e-05	2
-23.4987	26.81	-0.000745692	5.61836e-05	2
-23.1315	27.5586	-0.000780138	8.05174e-05	2
-22.7455	28.2964	-0.000814848	0.00010601	2
-22.3411	29.0236	-0.000849801	0.000132618	2
-21.9186	29.7403	-0.000884972	0.000160295	2
-21.4785	30.4467	-0.00092034	0.000188998	2
-21.0211	31.143	-0.000955881	0.000218681	2
-20.5466	31.8292	-0.000991573	0.0002493	2
-20.0556	32.5055	-0.00102739	0.000280811	2
-19.5484	33.1722	-0.00106331	0.000313167	2
-19.0253	33.8293	-0.00109932	0.000346326	2
-18.4867	34.477	-0.00113538	0.000380242	2
-17.933	35.1154	-0.00117148	0.000414871	2
-17.3644	35.7447	-0.00120759	0.000450167	2
-16.7815	36.3651	-0.0012437	0.000486087	2
-16.1845	36.9767	-0.00127977	0.000522585	2
-15.5738	37.5796	-0.00131578	0.000559617	2
-14.9498	38.174	-0.00135171	0.000597138	2
-14.3128	38.7601	-0.00138754	0.000635103	2
-13.6632	39.3379	-0.00142325	0.000673469	2
-13.0013	39.9078	-0.00145881	0.00071219	2
-12.3276	40.4697	-0.0014942	0.000751221	2
-11.6503	41.0176	-0.00152899	0.000790065	2
-10.9541	41.5643	-0.00156397	0.000829581	2
-10.247	42.1035	-0.00159872	0.000869274	2
-9.52951	42.6355	-0.0016332	0.000909099	2
-8.80195	43.1603	-0.00166739	0.000949013	2
-8.06468	43.6781	-0.00170128	0.000988969	2
-7.31807	44.1891	-0.00173484	0.00102892	2
-6.56248	44.6934	-0.00176804	0.00106883	2
-5.79827	45.1912	-0.00180087	0.00110865	2
-5.0258	45.6826	-0.00183329	0.00114833	2
-4.24544	46.1677	-0.0018653	0.00118783	2
-3.45754	46.6468	-0.00189686	0.00122711	2
-2.66248	47.12	-0.00192795	0.00126611	2
-1.86062	47.5874	-0.00195854	0.00130481	2
-1.05231	48.0491	-0.00198863	0.00134314	2
-0.237917	48.5054	-0.00201818	0.00138107	2
0.58219	48.9563	-0.00204716	0.00141855	2
1.40765	49.4021	-0.00207557	0.00145554	2
2.23811	49.8429	-0.00210337	0.00149199	2
3.07319	50.2788	-0.00213054	0.00152786	2
3.91254	50.71	-0.00215706	0.0015631	2
4.75579	51.1366	-0.0021829	0.00159767	2
5.60259	51.5588	-0.00220804	0.00163152	2
6.45256	51.9767	-0.00223247	0.00166462	2
7.29554	52.3858	-0.00225588	0.00169654	2
8.15075	52.7957	-0.00227881	0.00172798	2
9.00807	53.2018	-0.00230094	0.00175853	2
9.86711	53.6043	-0.00232227	0.00178815	2
10.7275	54.0032	-0.00234275	0.00181678	2
11.5889	54.3988	-0.00236239	0.00184438	2
12.451	54.7911	-0.00238113	0.0018709	2
13.3134	55.1804	-0.00239898	0.00189631	2
14.1756	55.5669	-0.0024159	0.00192056	2
15.0374	55.9505	-0.00243187	0.0019436	2
15.8984	56.3316	-0.00244687	0.00196539	2
16.7583	56.7102	-0.00246087	0.00198588	2
17.6166	57.0865	-0.00247385	0.00200503	2
18.473	57.4607	-0.0024858	0.00202279	2
19.3272	57.8329	-0.00249667	0.00203913	2
20.1787	58.2032	-0.00250647	0.00205399	2
21.0273	58.5718	-0.00251515	0.00206733	2
21.8725	58.9389	-0.00252269	0.0020791	2
22.714	59.3046	-0.00252909	0.00208927	2
23.5514	59.6691	-0.0025343	0.00209778	2
24.3844	60.0325	-0.00253831	0.00210459	2
25.2126	60.395	-0.0025411	0.00210966	2
26.0356	60.7566	-0.00254264	0.00211294	2
26.8438	61.1135	-0.00254291	0.00211439	2
27.6555	61.4741	-0.0025419	0.00211398	2
28.461	61.8343	-0.00253958	0.00211165	2
29.2598	62.1944	-0.00253592	0.00210736	2

24.9946	2.01234	6.81786e-07	-4.01209e-07	2
24.5413	3.07303	5.72269e-05	-3.3687e-05	2
24.0989	4.14402	0.000110279	-6.49384e-05	2
23.6728	5.21281	0.000159233	-9.37987e-05	2
23.2675	6.26704	0.000203671	-0.00012002	2
22.8735	7.33108	0.000244703	-0.000144257	2
22.4957	8.39253	0.000281864	-0.000166235	2
22.1339	9.45125	0.000315233	-0.000185998	2
21.7882	10.5071	0.000344884	-0.000203591	2
21.4585	11.56	0.000370895	-0.000219057	2
21.1448	12.6097	0.000393342	-0.000232441	2
20.8471	13.6561	0.000412302	-0.000243788	2
20.5652	14.6992	0.00042785	-0.000253141	2
20.2991	15.7387	0.000440064	-0.000260545	2
20.0489	16.7745	0.00044902	-0.000266044	2
19.8145	17.8065	0.000454794	-0.000269682	2
19.5958	18.8346	0.000457462	-0.000271504	2
19.3928	19.8586	0.000457102	-0.000271553	2
19.2055	20.8783	0.00045379	-0.000269875	2
19.0338	21.8938	0.000447601	-0.000266513	2
18.8776	22.9047	0.000438614	-0.000261511	2
18.7371	23.911	0.000426903	-0.000254914	2
18.612	24.9125	0.000412546	-0.000246766	2
18.5024	25.9091	0.000395619	-0.000237111	2
18.4082	26.9007	0.000376198	-0.000225994	2
18.3294	27.8872	0.00035436	-0.000213459	2
18.2666	28.8571	0.000330472	-0.000199717	2
18.2183	29.8328	0.000304055	-0.000184493	2
18.1853	30.803	0.000275449	-0.000167983	2
18.1675	31.7675	0.000244731	-0.000150232	2
18.1649	32.7261	0.000211977	-0.000131282	2
18.1775	33.6788	0.000177264	-0.00011118	2
18.2052	34.6253	0.000140668	-8.99684e-05	2
18.2479	35.5656	0.000102266	-6.76922e-05	2
18.3058	36.4995	6.21336e-05	-4.43955e-05	2
18.3786	37.4269	2.0348e-05	-2.01226e-05	2
18.4663	38.3476	-2.30146e-05	5.08224e-06	2
18.569	39.2615	-6.78778e-05	3.11749e-05	2
18.6866	40.1685	-0.000114165	5.8111e-05	2
18.8191	41.0685	-0.0001618	8.58463e-05	2
18.9663	41.9612	-0.000210706	0.000114337	2
19.1283	42.8466	-0.000260806	0.000143538	2
19.3051	43.7245	-0.000312025	0.000173405	2
19.4965	44.5949	-0.000364286	0.000203895	2
19.7026	45.4574	-0.000417512	0.000234963	2
19.9233	46.3121	-0.000471627	0.000266564	2
20.1586	47.1588	-0.000526554	0.000298655	2
20.4084	47.9974	-0.000582218	0.000331191	2
20.6727	48.8276	-0.000638541	0.000364129	2
20.9482	49.6401	-0.000694789	0.000397038	2
21.2412	50.4535	-0.000752197	0.000430641	2
21.5486	51.2582	-0.000810035	0.000464513	2
21.8704	52.0541	-0.000868227	0.000498609	2
22.2065	52.841	-0.000926698	0.000532886	2
22.5568	53.6188	-0.00098537	0.000567298	2
22.9213	54.3874	-0.00104417	0.000601803	2
23.3001	55.1466	-0.00110301	0.000636354	2
23.693	55.8963	-0.00116183	0.000670909	2
24.1	56.6364	-0.00122055	0.000705423	2
24.5211	57.3667	-0.00127908	0.000739852	2
24.9562	58.0871	-0.00133736	0.000774151	2
25.4053	58.7975	-0.0013953	0.000808277	2
25.8684	59.4977	-0.00145283	0.000842184	2
26.3453	60.1875	-0.00150988	0.000875829	2
26.8362	60.8669	-0.00156636	0.000909168	2
27.3409	61.5358	-0.00162221	0.000942156	2
27.8594	62.1939	-0.00167734	0.000974749	2
28.3916	62.8411	-0.00173167	0.0010069	2
28.9376	63.4774	-0.00178514	0.00103857	2
29.4973	64.1025	-0.00183766	0.00106971	2
30.0706	64.7164	-0.00188916	0.00110029	2
30.6575	65.3188	-0.00193957	0.00113024	2
31.258	65.9097	-0.00198879	0.00115953	2
31.8649	66.4824	-0.00203623	0.0011878	2
32.4922	67.05	-0.00208289	0.00121565	2
33.133	67.6057	-0.00212815	0.0012427	2
33.7872	68.1492	-0.00217194	0.00126892	2
34.4548	68.6806	-0.00221416	0.00129426	2
35.1358	69.1996	-0.00225476	0.00131867	2
35.83	69.7061	-0.00229364	0.00134211	2
36.5375	70.2	-0.00233074	0.00136454	2
37.2582	70.6812	-0.00236598	0.00138591	2
37.992	71.1495	-0.00239928	0.00140618	2
38.7391	71.6047	-0.00243056	0.0014253	2
39.4992	72.0468	-0.00245976	0.00144323	2
40.2724	72.4756	-0.00248678	0.00145992	2
41.0586	72.891	-0.00251157	0.00147534	2
41.8578	73.2928	-0.00253403	0.00148943	2
42.6699	73.6809	-0.00255409	0.00150215	2
43.495	74.0551	-0.00257168	0.00151347	2
44.3329	74.4154	-0.00258672	0.00152332	2
45.1837	74.7616	-0.00259914	0.00153167	2
46.0472	75.0935	-0.00260885	0.00153848	2
46.9235	75.4111	-0.00261578	0.0015437	2
47.8125	75.7141	-0.00261986	0.00154729	2
48.7142	76.0025	-0.00262101	0.0015492	2
49.618	76.273	-0.00261918	0.00154939	2
50.5448	76.5319	-0.00261427	0.00154783	2
51.4841	76.7757	-0.00260619	0.00154446	2
52.436	77.0043	-0.00259488	0.00153924	2

74.9998	2.01027	4.79365e-07	3.86887e-08	2
74.9671	2.89395	4.04058e-05	2.97626e-06	2
74.9044	3.78928	7.82099e-05	5.17617e-06	2
74.8126	4.68588	0.000113452	6.61788e-06	2
74.6941	5.57332	0.000145809	7.3156e-06	2
74.5468	6.47214	0.000176074	7.30351e-06	2
74.3727	7.37191	0.000203895	6.58742e-06	2
74.1727	8.27253	0.000229312	5.18548e-06	2
73.9474	9.1739	0.000252364	3.11583e-06	2
73.6978	10.0759	0.000273092	3.96602e-07	2
73.4245	10.9784	0.000291534	-2.95406e-06	2
73.1283	11.8814	0.000307731	-6.91802e-06	2
72.8101	12.7847	0.000321721	-1.14771e-05	2
72.4706	13.6882	0.000333545	-1.66133e-05	2
72.1105	14.5919	0.000343242	-2.23083e-05	2
71.7307	15.4955	0.000350852	-2.8544e-05	2
71.332	16.399	0.000356414	-3.53023e-05	2
70.915	17.3024	0.000359968	-4.25651e-05	2
70.4807	18.2054	0.000361554	-5.03142e-05	2
70.0297	19.108	0.000361211	-5.85315e-05	2
69.5629	20.0101	0.000358979	-6.71988e-05	2
69.081	20.9116	0.000354898	-7.6298e-05	2
68.5848	21.8123	0.000349006	-8.5811e-05	2
68.0751	22.7122	0.000341344	-9.57196e-05	2
67.5527	23.6112	0.000331952	-0.000106006	2
67.0183	24.5091	0.000320868	-0.000116651	2
66.4791	25.3955	0.000308289	-0.000127509	2
65.9233	26.2911	0.00029396	-0.000138815	2
65.3578	27.1852	0.000278059	-0.000150427	2
64.7835	28.0779	0.000260624	-0.000162325	2
64.2012	28.969	0.000241696	-0.000174492	2
63.6115	29.8585	0.000221314	-0.000186909	2
63.0154	30.7461	0.000199518	-0.00019956	2
62.4135	31.6319	0.000176348	-0.000212424	2
61.8067	32.5157	0.000151842	-0.000225485	2
61.1957	33.3974	0.000126041	-0.000238724	2
60.5813	34.2768	9.89837e-05	-0.000252124	2
59.9643	35.154	7.07105e-05	-0.000265665	2
59.3454	36.0288	4.12609e-05	-0.000279329	2
58.7255	36.901	1.06742e-05	-0.000293099	2
58.1054	37.7706	-2.10098e-05	-0.000306957	2
57.4857	38.6375	-5.37515e-05	-0.000320884	2
56.8673	39.5015	-8.75113e-05	-0.000334862	2
56.251	40.3626	-0.00012225	-0.000348874	2
55.6375	41.2206	-0.000157927	-0.0003629	2
55.0277	42.0755	-0.000194503	-0.000376923	2
54.4222	42.9272	-0.000231939	-0.000390924	2
53.8219	43.7754	-0.000270196	-0.000404886	2
53.2276	44.6202	-0.000309232	-0.00041879	2
52.6467	45.4518	-0.000348548	-0.00043246	2
52.0666	46.2894	-0.000389019	-0.000446196	2
51.4947	47.1232	-0.000430152	-0.00045982	2
50.9319	47.9531	-0.000471907	-0.000473313	2
50.3789	48.779	-0.000514245	-0.000486659	2
49.8366	49.6008	-0.000557127	-0.000499838	2
49.3056	50.4184	-0.000600512	-0.000512833	2
48.7869	51.2317	-0.00064436	-0.000525625	2
48.2811	52.0406	-0.000688634	-0.000538197	2
47.789	52.845	-0.000733292	-0.000550529	2
47.3114	53.6447	-0.000778295	-0.000562605	2
46.8492	54.4397	-0.000823603	-0.000574405	2
46.403	55.2299	-0.000869178	-0.000585913	2
45.9737	56.0151	-0.000914979	-0.000597108	2
45.562	56.7953	-0.000960966	-0.000607975	2
45.1687	57.5703	-0.0010071	-0.000618493	2
44.7946	58.34	-0.00105334	-0.000628646	2
44.4405	59.1044	-0.00109965	-0.000638415	2
44.1072	59.8633	-0.00114599	-0.000647781	2
43.7953	60.6167	-0.00119232	-0.000656727	2
43.5058	61.3643	-0.00123859	-0.000665235	2
43.2394	62.1062	-0.00128478	-0.000673287	2
42.9968	62.8422	-0.00133083	-0.000680863	2
42.7789	63.5722	-0.00137672	-0.000687947	2
42.5885	64.2878	-0.00142187	-0.000694447	2
42.4219	65.0055	-0.0014673	-0.000700497	2
42.2822	65.7169	-0.00151244	-0.000706	2
42.1704	66.4219	-0.00155725	-0.000710938	2
42.087	67.1204	-0.0016017	-0.000715292	2
42.033	67.8123	-0.00164574	-0.000719045	2
42.009	68.4974	-0.00168933	-0.000722178	2
42.016	69.1757	-0.00173244	-0.000724674	2
42.0545	69.847	-0.00177502	-0.000726514	2
42.1255	70.5113	-0.00181703	-0.000727679	2
42.2298	71.1685	-0.00185844	-0.000728153	2
42.368	71.8183	-0.00189921	-0.000727916	2
42.5409	72.4608	-0.00193929	-0.000726951	2
42.7494	73.0959	-0.00197864	-0.000725239	2
42.9942	73.7233	-0.00201723	-0.000722763	2
43.2762	74.3431	-0.00205502	-0.000719503	2
43.596	74.9551	-0.00209197	-0.000715443	2
43.9544	75.5592	-0.00212803	-0.000710564	2
44.3523	76.1552	-0.00216318	-0.000704847	2
44.7904	76.7432	-0.00219736	-0.000698275	2
45.2696	77.323	-0.00223054	-0.000690829	2
45.7905	77.8945	-0.00226267	-0.000682492	2
46.3539	78.4575	-0.00229373	-0.000673244	2
46.9535	79.0057	-0.00232333	-0.000663191	2
47.6038	79.5517	-0.00235212	-0.000652081	2
48.2991	80.0889	-0.00237972	-0.000640007	2
49.04	80.6173	-0.00240607	-0.00062695	2

124.999	2.01146	-8.67428e-08	-1.5751e-07	2
124.923	2.98921	-7.28724e-06	-1.36796e-05	2
124.817	3.96306	-1.40647e-05	-2.73136e-05	2
124.684	4.92185	-2.03552e-05	-4.09059e-05	2
124.526	5.85508	-2.61168e-05	-5.43048e-05	2
124.34	6.78475	-3.1506e-05	-6.78259e-05	2
124.128	7.7002	-3.6476e-05	-8.1317e-05	2
123.891	8.60171	-4.10494e-05	-9.47821e-05	2
123.63	9.48958	-4.52489e-05	-0.000108225	2
123.344	10.3641	-4.90972e-05	-0.00012165	2
123.035	11.2255	-5.26169e-05	-0.00013506	2
122.702	12.0742	-5.58307e-05	-0.00014846	2
122.348	12.9103	-5.87614e-05	-0.000161854	2
121.971	13.7342	-6.14315e-05	-0.000175245	2
121.574	14.5461	-6.38639e-05	-0.000188638	2
121.156	15.3465	-6.60811e-05	-0.000202035	2
120.717	16.1354	-6.81058e-05	-0.000215442	2
120.259	16.9133	-6.99608e-05	-0.000228862	2
119.783	17.6803	-7.16687e-05	-0.0002423	2
119.287	18.4369	-7.32522e-05	-0.000255758	2
118.775	19.1832	-7.47339e-05	-0.000269241	2
118.244	19.9196	-7.61367e-05	-0.000282753	2
117.698	20.6463	-7.74831e-05	-0.000296298	2
117.135	21.3636	-7.87958e-05	-0.000309879	2
116.557	22.0719	-8.00975e-05	-0.000323501	2
115.963	22.7713	-8.14109e-05	-0.000337167	2
115.363	23.4544	-8.27429e-05	-0.000350724	2
114.742	24.1372	-8.4147e-05	-0.00036449	2
114.107	24.812	-8.56305e-05	-0.000378313	2
113.461	25.4792	-8.72162e-05	-0.000392196	2
112.801	26.139	-8.89268e-05	-0.000406143	2
112.131	26.7916	-9.07849e-05	-0.000420158	2
111.45	27.4375	-9.28132e-05	-0.000434244	2
110.758	28.0769	-9.50344e-05	-0.000448407	2
110.056	28.71	-9.74712e-05	-0.000462649	2
109.346	29.3371	-0.000100146	-0.000476975	2
108.627	29.9586	-0.000103082	-0.000491388	2
107.899	30.5747	-0.000106302	-0.000505893	2
107.164	31.1857	-0.000109828	-0.000520493	2
106.423	31.7918	-0.000113683	-0.000535193	2
105.675	32.3935	-0.000117889	-0.000549996	2
104.921	32.9908	-0.00012247	-0.000564906	2
104.162	33.5843	-0.000127448	-0.000579927	2
103.399	34.174	-0.000132846	-0.000595063	2
102.631	34.7603	-0.000138686	-0.000610318	2
101.86	35.3436	-0.000144991	-0.000625695	2
101.087	35.924	-0.000151785	-0.0006412	2
100.31	36.5019	-0.000159088	-0.000656835	2
99.5326	37.0775	-0.000166925	-0.000672605	2
98.7626	37.6445	-0.000175217	-0.000688329	2
97.9831	38.2165	-0.000184182	-0.000704378	2
97.2035	38.7871	-0.000193747	-0.000720573	2
96.4245	39.3566	-0.000203935	-0.000736919	2
95.6466	39.9252	-0.00021477	-0.000753419	2
94.8704	40.4933	-0.000226274	-0.000770076	2
94.0966	41.0611	-0.00023847	-0.000786896	2
93.3255	41.6289	-0.00025138	-0.000803881	2
92.5579	42.1971	-0.000265027	-0.000821037	2
91.7943	42.7658	-0.000279434	-0.000838366	2
91.0353	43.3355	-0.000294623	-0.000855872	2
90.2814	43.9062	-0.000310617	-0.00087356	2
89.5333	44.4785	-0.000327439	-0.000891434	2
88.7915	45.0524	-0.000345111	-0.000909497	2
88.0565	45.6284	-0.000363657	-0.000927754	2
87.3289	46.2067	-0.000383098	-0.000946207	2
86.6094	46.7875	-0.000403458	-0.000964862	2
85.8985	47.3713	-0.000424759	-0.000983722	2
85.1967	47.9581	-0.000447024	-0.00100279	2
84.5047	48.5485	-0.000470275	-0.00102207	2
83.823	49.1425	-0.000494536	-0.00104157	2
83.1522	49.7406	-0.000519828	-0.00106129	2
82.4928	50.343	-0.000546176	-0.00108123	2
81.8455	50.9499	-0.0005736	-0.00110141	2
81.218	51.5546	-0.00060179	-0.00112158	2
80.5963	52.1715	-0.000631424	-0.00114222	2
79.9883	52.7939	-0.000662203	-0.00116309	2
79.3947	53.4219	-0.00069415	-0.00118422	2
78.816	54.056	-0.000727287	-0.00120559	2
78.2527	54.6963	-0.000761637	-0.00122721	2
77.7055	55.3432	-0.000797223	-0.00124909	2
77.1748	55.997	-0.000834068	-0.00127123	2
76.6614	56.6579	-0.000872193	-0.00129363	2
76.1657	57.3262	-0.000911623	-0.00131631	2
75.6884	58.0023	-0.000952379	-0.00133925	2
75.23	58.6863	-0.000994484	-0.00136247	2
74.791	59.3786	-0.00103796	-0.00138596	2
74.3721	60.0795	-0.00108283	-0.00140974	2
73.9739	60.7892	-0.00112912	-0.00143381	2
73.5968	61.5081	-0.00117685	-0.00145817	2
73.2416	62.2364	-0.00122604	-0.00148283	2
72.9086	62.9744	-0.00127672	-0.00150778	2
72.5986	63.7224	-0.0013289	-0.00153304	2
72.3121	64.4807	-0.00138262	-0.0015586	2
72.0497	65.2495	-0.00143789	-0.00158448	2
71.8119	66.0292	-0.00149473	-0.00161067	2
71.5993	66.82	-0.00155318	-0.00163717	2
71.4145	67.6129	-0.00161254	-0.00166369	2
71.2538	68.4267	-0.00167423	-0.00169085	2
71.12	69.2525	-0.00173759	-0.00171833	2
71.0137	70.0905	-0.00180263	-0.00174615	2

