-124.999	2.01258	1.85382e-08	5.98078e-08	2
-124.928	3.08674	2.8075e-06	4.06152e-06	2
-124.836	4.1572	8.0035e-06	5.83505e-06	2
-124.722	5.21153	1.55448e-05	5.35383e-06	2
-124.589	6.23806	2.52622e-05	2.69472e-06	2
-124.434	7.26082	3.73388e-05	-2.17119e-06	2
-124.259	8.26796	5.16317e-05	-9.19241e-06	2
-124.064	9.25963	6.80976e-05	-1.83357e-05	2
-123.849	10.236	8.66933e-05	-2.95677e-05	2
-123.616	11.1973	0.000107376	-4.28552e-05	2
-123.363	12.1436	0.000130101	-5.8165e-05	2
-123.091	13.075	0.000154827	-7.54637e-05	2
-122.801	13.9919	0.000181511	-9.47181e-05	2
-122.493	14.8943	0.000210108	-0.000115895	2
-122.167	15.7824	0.000240575	-0.000138961	2
-121.823	16.6564	0.00027287	-0.000163883	2
-121.462	17.5164	0.00030695	-0.000190627	2
-121.084	18.3626	0.00034277	-0.000219161	2
-120.689	19.1951	0.000380288	-0.000249451	2
-120.277	20.0142	0.000419461	-0.000281464	2
-119.85	20.82	0.000460246	-0.000315166	2
-119.406	21.6127	0.000502599	-0.000350525	2
-118.947	22.3924	0.000546477	-0.000387506	2
-118.473	23.1593	0.000591837	-0.000426078	2
-117.983	23.9135	0.000638635	-0.000466206	2
-117.479	24.6553	0.000686829	-0.000507856	2
-116.967	25.3764	0.000735798	-0.000550493	2
-116.434	26.0939	0.000786639	-0.000595074	2
-115.887	26.7994	0.000838746	-0.000641079	2
-115.327	27.4931	0.000892077	-0.000688474	2
-114.753	28.1751	0.000946587	-0.000737227	2
-114.167	28.8457	0.00100223	-0.000787303	2
-113.567	29.505	0.00105898	-0.00083867	2
-112.955	30.1531	0.00111677	-0.000891295	2
-112.331	30.7902	0.00117557	-0.000945144	2
-111.695	31.4165	0.00123533	-0.00100018	2
-111.047	32.0322	0.00129601	-0.00105638	2
-110.388	32.6374	0.00135757	-0.0011137	2
-109.718	33.2323	0.00141997	-0.00117212	2
-109.037	33.817	0.00148316	-0.00123159	2
-108.346	34.3917	0.00154709	-0.00129208	2
-107.644	34.9567	0.00161173	-0.00135357	2
-106.933	35.512	0.00167703	-0.00141601	2
-106.211	36.0578	0.00174295	-0.00147938	2
-105.481	36.5942	0.00180945	-0.00154364	2
-104.741	37.1216	0.00187648	-0.00160876	2
-103.993	37.6399	0.00194399	-0.0016747	2
-103.236	38.1494	0.00201195	-0.00174144	2
-102.471	38.6503	0.00208032	-0.00180893	2
-101.706	39.1371	0.00214825	-0.00187636	2
-100.926	39.6212	0.00221729	-0.00194527	2
-100.138	40.0972	0.0022866	-0.00201483	2
-99.3425	40.5652	0.00235614	-0.00208502	2
-98.5406	41.0254	0.00242587	-0.0021558	2
-97.7321	41.4779	0.00249574	-0.00222714	2
-96.9174	41.923	0.00256571	-0.002299	2
-96.0968	42.3607	0.00263574	-0.00237136	2
-95.2705	42.7912	0.00270578	-0.00244418	2
-94.4388	43.2147	0.0027758	-0.00251742	2
-93.602	43.6315	0.00284574	-0.00259105	2
-92.7604	44.0415	0.00291557	-0.00266505	2
-91.9143	44.4451	0.00298524	-0.00273937	2
-91.0639	44.8423	0.00305471	-0.00281399	2
-90.2096	45.2334	0.00312393	-0.00288886	2
-89.3516	45.6184	0.00319286	-0.00296396	2
-88.4902	45.9977	0.00326147	-0.00303926	2
-87.6257	46.3712	0.00332969	-0.00311471	2
-86.7584	46.7393	0.00339751	-0.00319029	2
-85.8886	47.102	0.00346486	-0.00326597	2
-85.0165	47.4596	0.0035317	-0.0033417	2
-84.1424	47.8122	0.003598	-0.00341746	2
-83.2667	48.1599	0.00366371	-0.00349322	2
-82.3896	48.5029	0.00372878	-0.00356893	2
-81.5214	48.8376	0.00379244	-0.0036437	2
-80.6424	49.1719	0.00385613	-0.00371924	2
-79.7628	49.502	0.00391905	-0.00379464	2
-78.8829	49.8281	0.00398117	-0.00386987	2
-78.003	50.1503	0.00404244	-0.00394489	2
-77.1235	50.4689	0.00410282	-0.00401967	2
-76.2446	50.784	0.00416226	-0.00409418	2
-75.3665	51.0957	0.00422072	-0.00416838	2
-74.4896	51.4042	0.00427816	-0.00424225	2
-73.6141	51.7097	0.00433453	-0.00431574	2
-72.7404	52.0124	0.0043898	-0.00438883	2
-71.8687	52.3124	0.00444392	-0.00446147	2
-70.9993	52.6099	0.00449684	-0.00453365	2
-70.1324	52.9051	0.00454852	-0.00460532	2
-69.2685	53.198	0.00459892	-0.00467646	2
-68.4076	53.489	0.004648	-0.00474702	2
-67.5503	53.7781	0.00469571	-0.00481698	2
-66.6966	54.0655	0.00474201	-0.0048863	2
-65.847	54.3514	0.00478685	-0.00495495	2
-65.0016	54.636	0.0048302	-0.00502289	2
-64.1609	54.9194	0.00487201	-0.00509009	2
-63.325	55.2017	0.00491223	-0.00515653	2
-62.4942	55.4832	0.00495083	-0.00522216	2
-61.6783	55.7608	0.00498734	-0.00528621	2
-60.8586	56.0411	0.00502258	-0.00535014	2
-60.0449	56.3211	0.00505606	-0.00541317	2
-59.2375	56.6008	0.00508774	-0.00547526	2

-75.0052	2.01185	-5.88077e-07	1.96139e-08	2
-75.4363	3.02721	-5.04543e-05	1.81613e-06	2
-75.8425	4.04632	-9.94852e-05	3.84756e-06	2
-76.219	5.05734	-0.000147108	6.08418e-06	2
-76.5624	6.04879	-0.000192814	8.48685e-06	2
-76.8809	7.04375	-0.000237681	1.11014e-05	2
-77.1708	8.03062	-0.000281184	1.3891e-05	2
-77.4324	9.00944	-0.000323339	1.68455e-05	2
-77.666	9.98019	-0.000364161	1.99547e-05	2
-77.872	10.9429	-0.000403665	2.32085e-05	2
-78.0507	11.8975	-0.000441865	2.6597e-05	2
-78.2025	12.8442	-0.000478777	3.01098e-05	2
-78.3278	13.7827	-0.000514416	3.3737e-05	2
-78.4268	14.7133	-0.000548797	3.74684e-05	2
-78.4999	15.6358	-0.000581935	4.12939e-05	2
-78.5475	16.5503	-0.000613844	4.52034e-05	2
-78.5698	17.4568	-0.000644541	4.91869e-05	2
-78.5674	18.3553	-0.000674039	5.32341e-05	2
-78.5404	19.2458	-0.000702354	5.7335e-05	2
-78.4893	20.1284	-0.000729501	6.14795e-05	2
-78.4144	21.0029	-0.000755496	6.56574e-05	2
-78.316	21.8695	-0.000780352	6.98587e-05	2
-78.1946	22.728	-0.000804086	7.40733e-05	2
-78.0503	23.5787	-0.000826711	7.8291e-05	2
-77.8836	24.4213	-0.000848244	8.25017e-05	2
-77.6949	25.256	-0.000868699	8.66954e-05	2
-77.487	26.0733	-0.000887874	9.08142e-05	2
-77.2553	26.8923	-0.00090623	9.49439e-05	2
-77.0027	27.7032	-0.000923554	9.90263e-05	2
-76.7293	28.5063	-0.000939859	0.000103051	2
-76.4356	29.3014	-0.000955162	0.000107009	2
-76.1219	30.0887	-0.000969477	0.000110889	2
-75.7886	30.868	-0.000982819	0.000114681	2
-75.4359	31.6394	-0.000995203	0.000118375	2
-75.0643	32.4029	-0.00100664	0.000121962	2
-74.6741	33.1585	-0.00101716	0.00012543	2
-74.2656	33.9063	-0.00102676	0.00012877	2
-73.8391	34.6461	-0.00103546	0.000131972	2
-73.3951	35.3781	-0.00104328	0.000135026	2
-72.9339	36.1023	-0.00105024	0.000137921	2
-72.4557	36.8186	-0.00105634	0.000140648	2
-71.9611	37.527	-0.0010616	0.000143196	2
-71.4502	38.2276	-0.00106604	0.000145555	2
-70.9235	38.9203	-0.00106967	0.000147715	2
-70.3813	39.6052	-0.00107251	0.000149667	2
-69.8239	40.2823	-0.00107458	0.000151399	2
-69.2518	40.9516	-0.00107588	0.000152902	2
-68.6652	41.6131	-0.00107643	0.000154165	2
-68.0644	42.2667	-0.00107625	0.000155179	2
-67.457	42.9052	-0.00107537	0.000155927	2
-66.8293	43.5433	-0.00107378	0.000156415	2
-66.1884	44.1737	-0.0010715	0.000156623	2
-65.5348	44.7963	-0.00106855	0.000156542	2
-64.8688	45.4111	-0.00106494	0.000156161	2
-64.1908	46.0181	-0.00106069	0.00015547	2
-63.5011	46.6174	-0.00105582	0.000154458	2
-62.8	47.2089	-0.00105033	0.000153117	2
-62.0879	47.7926	-0.00104424	0.000151435	2
-61.3652	48.3687	-0.00103757	0.000149403	2
-60.6322	48.9369	-0.00103033	0.000147011	2
-59.8892	49.4975	-0.00102255	0.000144247	2
-59.1365	50.0503	-0.00101422	0.000141103	2
-58.3746	50.5954	-0.00100537	0.000137569	2
-57.6038	51.1328	-0.000996018	0.000133633	2
-56.8244	51.6625	-0.000986171	0.000129286	2
-56.0368	52.1845	-0.000975847	0.000124518	2
-55.2413	52.6988	-0.000965061	0.000119319	2
-54.4382	53.2054	-0.000953828	0.000113678	2
-53.628	53.7043	-0.000942163	0.000107586	2
-52.8109	54.1956	-0.000930081	0.000101033	2
-51.9873	54.6792	-0.000917597	9.40072e-05	2
-51.1575	55.1551	-0.000904727	8.65e-05	2
-50.322	55.6234	-0.000891485	7.8501e-05	2
-49.4906	56.0788	-0.000878044	7.01005e-05	2
-48.6445	56.5318	-0.000864107	6.10932e-05	2
-47.7937	56.9773	-0.000849843	5.15638e-05	2
-46.9384	57.4151	-0.000835267	4.15021e-05	2
-46.079	57.8453	-0.000820394	3.08981e-05	2
-45.2159	58.2678	-0.000805239	1.97417e-05	2
-44.3494	58.6828	-0.000789818	8.02275e-06	2
-43.4799	59.0901	-0.000774145	-4.26889e-06	2
-42.6076	59.4899	-0.000758235	-1.71433e-05	2
-41.7331	59.882	-0.000742103	-3.06106e-05	2
-40.8565	60.2666	-0.000725765	-4.46809e-05	2
-39.9782	60.6436	-0.000709235	-5.93642e-05	2
-39.0987	61.013	-0.000692529	-7.46708e-05	2
-38.2181	61.3749	-0.00067566	-9.06107e-05	2
-37.337	61.7292	-0.000658646	-0.000107194	2
-36.4556	62.0759	-0.000641499	-0.000124431	2
-35.5742	62.4151	-0.000624237	-0.000142331	2
-34.6933	62.7468	-0.000606872	-0.000160905	2
-33.8131	63.0709	-0.000589422	-0.000180163	2
-32.9341	63.3875	-0.000571899	-0.000200115	2
-32.0565	63.6965	-0.000554321	-0.000220771	2
-31.1807	63.9981	-0.000536701	-0.000242142	2
-30.3071	64.2921	-0.000519055	-0.000264236	2
-29.4459	64.5754	-0.0005016	-0.000286799	2
-28.5776	64.8545	-0.000483946	-0.000310363	2
-27.7124	65.1262	-0.000466311	-0.000334683	2
-26.8508	65.3903	-0.000448709	-0.000359766	2

-25.0032	2.01042	1.7631e-07	-3.01031e-07	2
-25.2754	2.91039	1.41248e-05	-2.56888e-05	2
-25.5507	3.82793	2.58251e-05	-5.03734e-05	2
-25.8256	4.75235	3.5149e-05	-7.40674e-05	2
-26.0967	5.67259	4.20774e-05	-9.6529e-05	2
-26.3701	6.60979	4.6819e-05	-0.000118294	2
-26.6422	7.55297	4.93282e-05	-0.00013911	2
-26.9129	8.50185	4.96532e-05	-0.000158991	2
-27.1818	9.45612	4.78422e-05	-0.00017795	2
-27.4487	10.4155	4.39433e-05	-0.000196	2
-27.7134	11.3797	3.80047e-05	-0.000213157	2
-27.9756	12.3484	3.00745e-05	-0.000229433	2
-28.235	13.3213	2.02011e-05	-0.000244843	2
-28.4913	14.2982	8.43246e-06	-0.000259399	2
-28.7442	15.2787	-5.18315e-06	-0.000273117	2
-28.9936	16.2625	-2.05976e-05	-0.00028601	2
-29.2391	17.2494	-3.77626e-05	-0.000298091	2
-29.4805	18.2391	-5.66301e-05	-0.000309374	2
-29.7174	19.2312	-7.71519e-05	-0.000319873	2
-29.9497	20.2254	-9.92798e-05	-0.000329603	2
-30.1771	21.2216	-0.000122966	-0.000338576	2
-30.3993	22.2193	-0.000148161	-0.000346806	2
-30.616	23.2183	-0.000174818	-0.000354308	2
-30.827	24.2183	-0.000202889	-0.000361095	2
-31.032	25.2189	-0.000232325	-0.00036718	2
-31.2307	26.22	-0.000263077	-0.000372579	2
-31.4206	27.2097	-0.000294724	-0.000377253	2
-31.6061	28.2107	-0.000327953	-0.000381325	2
-31.7845	29.2112	-0.000362354	-0.000384751	2
-31.9555	30.211	-0.000397881	-0.000387545	2
-32.119	31.2096	-0.000434484	-0.00038972	2
-32.2745	32.207	-0.000472116	-0.00039129	2
-32.422	33.2026	-0.000510728	-0.00039227	2
-32.561	34.1963	-0.000550272	-0.000392672	2
-32.6914	35.1878	-0.000590701	-0.00039251	2
-32.8128	36.1768	-0.000631965	-0.000391799	2
-32.925	37.1629	-0.000674017	-0.000390552	2
-33.0278	38.1459	-0.000716808	-0.000388783	2
-33.1208	39.1254	-0.000760291	-0.000386505	2
-33.2038	40.1013	-0.000804416	-0.000383733	2
-33.2765	41.0731	-0.000849137	-0.00038048	2
-33.3387	42.0406	-0.000894405	-0.000376761	2
-33.3901	43.0036	-0.000940171	-0.000372588	2
-33.4304	43.9616	-0.000986387	-0.000367975	2
-33.4594	44.9145	-0.00103301	-0.000362937	2
-33.4768	45.8619	-0.00107998	-0.000357487	2
-33.4823	46.8035	-0.00112726	-0.00035164	2
-33.4756	47.7391	-0.00117479	-0.000345407	2
-33.4566	48.6683	-0.00122254	-0.000338805	2
-33.4253	49.5803	-0.0012699	-0.000331928	2
-33.3807	50.4959	-0.00131791	-0.000324629	2
-33.323	51.4044	-0.001366	-0.000317002	2
-33.2518	52.3053	-0.0014141	-0.000309059	2
-33.1668	53.1984	-0.00146217	-0.000300814	2
-33.0679	54.0833	-0.00151017	-0.000292282	2
-32.9546	54.9598	-0.00155803	-0.000283475	2
-32.8268	55.8277	-0.00160572	-0.000274408	2
-32.6842	56.6865	-0.00165319	-0.000265094	2
-32.5266	57.536	-0.00170038	-0.000255548	2
-32.3536	58.376	-0.00174726	-0.000245782	2
-32.1649	59.206	-0.00179377	-0.000235812	2
-31.9604	60.0259	-0.00183986	-0.00022565	2
-31.7398	60.8353	-0.00188548	-0.00021531	2
-31.5027	61.6339	-0.0019306	-0.000204807	2
-31.249	62.4215	-0.00197515	-0.000194153	2
-30.9783	63.1977	-0.00201909	-0.000183363	2
-30.6904	63.9623	-0.00206238	-0.000172451	2
-30.385	64.7149	-0.00210496	-0.00016143	2
-30.0618	65.4553	-0.00214679	-0.000150314	2
-29.7207	66.1831	-0.00218782	-0.000139117	2
-29.3613	66.8981	-0.00222799	-0.000127853	2
-28.9833	67.6	-0.00226727	-0.000116535	2
-28.5865	68.2885	-0.00230561	-0.000105178	2
-28.1755	68.9556	-0.00234252	-9.39251e-05	2
-27.7405	69.6166	-0.00237883	-8.25294e-05	2
-27.2858	70.2632	-0.00241405	-7.11352e-05	2
-26.8113	70.8953	-0.00244813	-5.97561e-05	2
-26.3166	71.5124	-0.00248102	-4.84061e-05	2
-25.8016	72.1144	-0.00251268	-3.70989e-05	2
-25.2658	72.701	-0.00254306	-2.58482e-05	2
-24.7091	73.2717	-0.0025721	-1.4668e-05	2
-24.1312	73.8264	-0.00259977	-3.57185e-06	2
-23.5317	74.3648	-0.002626	7.42633e-06	2
-22.9106	74.8865	-0.00265077	1.83128e-05	2
-22.2674	75.3913	-0.00267401	2.90737e-05	2
-21.6019	75.8788	-0.00269567	3.96954e-05	2
-20.9139	76.3488	-0.00271572	5.01639e-05	2
-20.203	76.801	-0.0027341	6.04656e-05	2
-19.4691	77.2351	-0.00275076	7.05867e-05	2
-18.7118	77.6507	-0.00276566	8.05132e-05	2
-17.9309	78.0477	-0.00277874	9.02316e-05	2
-17.1261	78.4256	-0.00278997	9.9728e-05	2
-16.2971	78.7843	-0.00279928	0.000108989	2
-15.4437	79.1234	-0.00280664	0.000117999	2
-14.5656	79.4426	-0.00281199	0.000126747	2
-13.6626	79.7416	-0.00281529	0.000135217	2
-12.7451	80.0171	-0.00281649	0.000143305	2
-11.7917	80.2751	-0.00281556	0.000151183	2
-10.8125	80.5121	-0.00281243	0.000158743	2
-9.80723	80.7277	-0.00280706	0.000165971	2

25.0008	2.01081	-1.07916e-07	2.11878e-07	2
25.048	2.93836	-9.31035e-06	1.75754e-05	2
25.0601	3.87233	-1.84673e-05	3.34394e-05	2
25.0374	4.80194	-2.74787e-05	4.76289e-05	2
24.9814	5.71659	-3.62512e-05	6.00455e-05	2
24.8917	6.63757	-4.49964e-05	7.10145e-05	2
24.7697	7.55425	-5.36196e-05	8.04191e-05	2
24.6161	8.46664	-6.21284e-05	8.82961e-05	2
24.4319	9.37476	-7.05307e-05	9.46823e-05	2
24.2179	10.2786	-7.88345e-05	9.96146e-05	2
23.975	11.1783	-8.70474e-05	0.00010313	2
23.7041	12.0737	-9.51773e-05	0.000105265	2
23.4059	12.9649	-0.000103232	0.000106056	2
23.0813	13.852	-0.00011122	0.000105542	2
22.7312	14.7349	-0.000119148	0.000103757	2
22.3566	15.6137	-0.000127024	0.000100739	2
21.9581	16.4884	-0.000134857	9.6526e-05	2
21.5367	17.359	-0.000142653	9.11533e-05	2
21.0932	18.2255	-0.000150422	8.46584e-05	2
20.6286	19.0879	-0.00015817	7.7078e-05	2
20.1435	19.9463	-0.000165906	6.84489e-05	2
19.639	20.8007	-0.000173637	5.88081e-05	2
19.1159	21.6511	-0.000181371	4.81923e-05	2
18.575	22.4975	-0.000189116	3.66384e-05	2
18.0172	23.34	-0.000196881	2.41833e-05	2
17.4433	24.1785	-0.000204671	1.08638e-05	2
16.8611	25.0035	-0.000212407	-3.1161e-06	2
16.2579	25.8342	-0.000220274	-1.8045e-05	2
15.6411	26.6611	-0.000228191	-3.37282e-05	2
15.0118	27.4841	-0.000236167	-5.01289e-05	2
14.3706	28.3032	-0.000244208	-6.72101e-05	2
13.7186	29.1185	-0.000252322	-8.49351e-05	2
13.0565	29.9301	-0.000260518	-0.000103267	2
12.3852	30.7378	-0.000268804	-0.000122169	2
11.7055	31.5418	-0.000277186	-0.000141604	2
11.0184	32.342	-0.000285674	-0.000161536	2
10.3247	33.1385	-0.000294274	-0.000181927	2
9.62515	33.9312	-0.000302995	-0.000202741	2
8.92073	34.7203	-0.000311844	-0.00022394	2
8.21227	35.5058	-0.00032083	-0.000245489	2
7.50062	36.2875	-0.00032996	-0.00026735	2
6.78664	37.0657	-0.000339241	-0.000289486	2
6.07118	37.8402	-0.000348683	-0.000311861	2
5.35512	38.6112	-0.000358292	-0.000334437	2
4.6393	39.3785	-0.000368076	-0.000357178	2
3.92458	40.1423	-0.000378044	-0.000380047	2
3.21183	40.9026	-0.000388203	-0.000403007	2
2.5019	41.6594	-0.000398561	-0.000426021	2
1.79564	42.4127	-0.000409125	-0.000449053	2
1.10196	43.1539	-0.000419779	-0.000471801	2
0.405573	43.9002	-0.000430778	-0.000494757	2
-0.284571	44.6432	-0.000442008	-0.000517621	2
-0.967611	45.3827	-0.000453475	-0.000540356	2
-1.64269	46.1188	-0.000465188	-0.000562924	2
-2.30895	46.8516	-0.000477155	-0.000585289	2
-2.96553	47.5809	-0.000489383	-0.000607414	2
-3.61158	48.307	-0.000501881	-0.000629261	2
-4.24623	49.0297	-0.000514656	-0.000650795	2
-4.86862	49.7491	-0.000527716	-0.000671979	2
-5.47791	50.4653	-0.000541069	-0.000692775	2
-6.07322	51.1781	-0.000554722	-0.000713146	2
-6.65371	51.8877	-0.000568684	-0.000733057	2
-7.21851	52.5941	-0.000582962	-0.000752469	2
-7.76676	53.2973	-0.000597565	-0.000771347	2
-8.29761	53.9973	-0.0006125	-0.000789653	2
-8.81019	54.6942	-0.000627774	-0.00080735	2
-9.30366	55.3879	-0.000643396	-0.000824402	2
-9.77715	56.0784	-0.000659374	-0.000840772	2
-10.2298	56.7659	-0.000675715	-0.000856423	2
-10.6607	57.4503	-0.000692427	-0.000871317	2
-11.0691	58.1316	-0.000709519	-0.000885419	2
-11.4541	58.8098	-0.000726997	-0.000898692	2
-11.8148	59.485	-0.00074487	-0.000911098	2
-12.1467	60.1495	-0.000762933	-0.000922473	2
-12.4566	60.8188	-0.000781613	-0.000933047	2
-12.7397	61.485	-0.000800713	-0.000942644	2
-12.995	62.1483	-0.000820238	-0.000951227	2
-13.2219	62.8087	-0.000840196	-0.000958761	2
-13.4193	63.4662	-0.000860597	-0.000965207	2
-13.5864	64.1207	-0.000881447	-0.000970529	2
-13.7224	64.7724	-0.000902754	-0.00097469	2
-13.8264	65.4213	-0.000924526	-0.000977654	2
-13.8976	66.0672	-0.000946771	-0.000979384	2
-13.935	66.7104	-0.000969497	-0.000979842	2
-13.9379	67.3508	-0.000992712	-0.000978992	2
-13.9054	67.9884	-0.00101642	-0.000976796	2
-13.8366	68.6232	-0.00104064	-0.000973219	2
-13.7307	69.2553	-0.00106537	-0.000968224	2
-13.5868	69.8847	-0.00109061	-0.000961772	2
-13.404	70.5113	-0.00111639	-0.000953829	2
-13.1815	71.1353	-0.0011427	-0.000944356	2
-12.9184	71.7566	-0.00116955	-0.000933317	2
-12.6139	72.3753	-0.00119696	-0.000920675	2
-12.2671	72.9913	-0.00122492	-0.000906393	2
-11.8772	73.6048	-0.00125345	-0.000890435	2
-11.4432	74.2156	-0.00128256	-0.000872763	2
-10.9702	74.8169	-0.0013119	-0.000853575	2
-10.4462	75.4227	-0.00134218	-0.000832386	2
-9.87562	76.0259	-0.00137305	-0.000809374	2
-9.25762	76.6266	-0.00140452	-0.000784502	2

74.9977	2.01162	-5.31527e-07	2.68321e-07	2
74.7871	3.00144	-4.56559e-05	2.26966e-05	2
74.5504	3.9847	-9.01408e-05	4.4095e-05	2
74.2906	4.95009	-0.00013348	6.42125e-05	2
74.0114	5.88713	-0.000175219	8.28569e-05	2
73.7067	6.81792	-0.000216354	0.000100479	2
73.3802	7.73176	-0.000256419	0.000116872	2
73.0322	8.62897	-0.000295438	0.000132053	2
72.6633	9.50986	-0.000333436	0.00014604	2
72.2739	10.3747	-0.000370439	0.00015885	2
71.8644	11.2239	-0.000406472	0.000170501	2
71.4353	12.0577	-0.00044156	0.000181009	2
70.9871	12.8764	-0.000475728	0.000190393	2
70.5203	13.6803	-0.000509001	0.000198669	2
70.0351	14.4697	-0.000541404	0.000205854	2
69.5322	15.245	-0.000572963	0.000211967	2
69.012	16.0064	-0.000603703	0.000217025	2
68.4749	16.7543	-0.000633648	0.000221044	2
67.9214	17.489	-0.000662824	0.000224042	2
67.3519	18.2107	-0.000691256	0.000226038	2
66.7669	18.9199	-0.000718969	0.000227047	2
66.1669	19.6167	-0.000745989	0.000227087	2
65.5523	20.3016	-0.00077234	0.000226176	2
64.9235	20.9747	-0.000798048	0.000224332	2
64.281	21.6365	-0.000823137	0.00022157	2
63.6253	22.2872	-0.000847633	0.000217909	2
62.9646	22.9199	-0.000871289	0.000213424	2
62.2839	23.5495	-0.00089468	0.000208027	2
61.5913	24.169	-0.000917553	0.000201782	2
60.8873	24.7787	-0.000939933	0.000194707	2
60.1724	25.3788	-0.000961846	0.00018682	2
59.4469	25.9698	-0.000983315	0.000178137	2
58.7114	26.5518	-0.00100437	0.000168676	2
57.9662	27.1252	-0.00102503	0.000158455	2
57.2119	27.6904	-0.00104532	0.00014749	2
56.4489	28.2476	-0.00106527	0.000135799	2
55.6777	28.7971	-0.0010849	0.0001234	2
54.8986	29.3392	-0.00110425	0.00011031	2
54.1123	29.8743	-0.00112332	9.65459e-05	2
53.319	30.4027	-0.00114215	8.21253e-05	2
52.5193	30.9247	-0.00116077	6.70655e-05	2
51.7136	31.4405	-0.0011792	5.1384e-05	2
50.9025	31.9505	-0.00119745	3.5098e-05	2
50.0862	32.455	-0.00121557	1.8225e-05	2
49.2653	32.9544	-0.00123358	7.82277e-07	2
48.4403	33.4488	-0.00125149	-1.72128e-05	2
47.6116	33.9387	-0.00126933	-3.57429e-05	2
46.7796	34.4243	-0.00128714	-5.47906e-05	2
45.9448	34.9059	-0.00130493	-7.43386e-05	2
45.1173	35.3785	-0.00132252	-9.41366e-05	2
44.2784	35.8532	-0.00134036	-0.000114628	2
43.4379	36.3249	-0.00135825	-0.000135568	2
42.5965	36.7939	-0.00137623	-0.000156938	2
41.7546	37.2604	-0.00139432	-0.000178723	2
40.9126	37.7249	-0.00141254	-0.000200904	2
40.0709	38.1876	-0.00143093	-0.000223463	2
39.2301	38.6487	-0.0014495	-0.000246385	2
38.3906	39.1088	-0.00146828	-0.000269651	2
37.5528	39.5679	-0.00148729	-0.000293243	2
36.7173	40.0265	-0.00150657	-0.000317146	2
35.8843	40.4849	-0.00152613	-0.00034134	2
35.0545	40.9433	-0.001546	-0.000365809	2
34.2282	41.4021	-0.00156621	-0.000390536	2
33.406	41.8615	-0.00158678	-0.000415503	2
32.5882	42.322	-0.00160774	-0.000440693	2
31.7753	42.7838	-0.00162911	-0.000466088	2
30.9678	43.2472	-0.00165092	-0.000491672	2
30.1661	43.7125	-0.00167318	-0.000517426	2
29.3708	44.18	-0.00169594	-0.000543333	2
28.5821	44.6501	-0.00171921	-0.000569377	2
27.8007	45.123	-0.00174301	-0.000595539	2
27.0268	45.5991	-0.00176738	-0.000621802	2
26.2611	46.0786	-0.00179233	-0.00064815	2
25.5126	46.5564	-0.0018176	-0.00067426	2
24.7644	47.0438	-0.0018438	-0.000700723	2
24.0256	47.5355	-0.00187066	-0.000727218	2
23.2967	48.032	-0.00189821	-0.000753727	2
22.5781	48.5334	-0.00192647	-0.000780234	2
21.8704	49.0402	-0.00195546	-0.000806721	2
21.174	49.5526	-0.00198523	-0.000833171	2
20.4893	50.071	-0.00201578	-0.000859566	2
19.8168	50.5956	-0.00204714	-0.000885889	2
19.1569	51.1268	-0.00207934	-0.000912123	2
18.5101	51.6648	-0.00211241	-0.00093825	2
17.8768	52.21	-0.00214636	-0.000964252	2
17.2576	52.7627	-0.00218123	-0.000990114	2
16.6528	53.3232	-0.00221704	-0.00101582	2
16.0629	53.8918	-0.00225381	-0.00104134	2
15.4884	54.4688	-0.00229157	-0.00106668	2
14.9296	55.0545	-0.00233035	-0.0010918	2
14.3872	55.6493	-0.00237017	-0.00111669	2
13.8615	56.2534	-0.00241105	-0.00114134	2
13.3529	56.8671	-0.00245302	-0.00116572	2
12.862	57.4909	-0.0024961	-0.00118983	2
12.3892	58.1248	-0.00254033	-0.00121364	2
11.9349	58.7694	-0.00258572	-0.00123713	2
11.5045	59.4173	-0.00263176	-0.00126002	2
11.0884	60.0838	-0.00267955	-0.00128284	2
10.6923	60.7618	-0.00272857	-0.00130528	2
10.3164	61.4517	-0.00277886	-0.00132735	2

124.999	2.01077	-5.69592e-07	-1.23965e-07	2
124.876	2.93579	-4.7301e-05	-1.00591e-05	2
124.746	3.86957	-9.0086e-05	-1.86656e-05	2
124.61	4.80138	-0.00012842	-2.5844e-05	2
124.469	5.72056	-0.000162004	-3.15599e-05	2
124.32	6.64851	-0.000191683	-3.59703e-05	2
124.165	7.57455	-0.000217106	-3.90249e-05	2
124.005	8.49871	-0.00023834	-4.07481e-05	2
123.838	9.421	-0.000255449	-4.1164e-05	2
123.666	10.3415	-0.0002685	-4.0297e-05	2
123.489	11.2601	-0.000277557	-3.81713e-05	2
123.306	12.177	-0.000282686	-3.48112e-05	2
123.117	13.0921	-0.000283953	-3.02408e-05	2
122.924	14.0054	-0.000281422	-2.44846e-05	2
122.725	14.9171	-0.000275159	-1.75667e-05	2
122.522	15.827	-0.00026523	-9.51137e-06	2
122.314	16.7353	-0.0002517	-3.42918e-07	2
122.101	17.6419	-0.000234635	9.91443e-06	2
121.884	18.5469	-0.000214099	2.12364e-05	2
121.662	19.4503	-0.000190159	3.35987e-05	2
121.436	20.3522	-0.000162879	4.69772e-05	2
121.205	21.2524	-0.000132326	6.13475e-05	2
120.971	22.1512	-9.85637e-05	7.66854e-05	2
120.733	23.0484	-6.16586e-05	9.29666e-05	2
120.491	23.9442	-2.16758e-05	0.000110167	2
120.245	24.8385	2.13191e-05	0.000128262	2
119.999	25.7211	6.67164e-05	0.000147005	2
119.746	26.6125	0.000115507	0.000166807	2
119.49	27.5026	0.000167114	0.000187432	2
119.231	28.3913	0.000221473	0.000208855	2
118.968	29.2787	0.000278517	0.000231051	2
118.703	30.1648	0.000338182	0.000253997	2
118.435	31.0495	0.000400402	0.000277669	2
118.165	31.933	0.000465111	0.000302041	2
117.891	32.8153	0.000532245	0.00032709	2
117.616	33.6963	0.000601738	0.000352792	2
117.338	34.5761	0.000673524	0.000379122	2
117.057	35.4548	0.000747538	0.000406055	2
116.775	36.3323	0.000823715	0.000433569	2
116.491	37.2086	0.000901989	0.000461638	2
116.205	38.0839	0.000982294	0.000490238	2
115.917	38.9581	0.00106457	0.000519346	2
115.628	39.8312	0.00114874	0.000548935	2
115.337	40.7033	0.00123475	0.000578984	2
115.045	41.5744	0.00132253	0.000609466	2
114.751	42.4445	0.00141201	0.000640359	2
114.457	43.3136	0.00150313	0.000671637	2
114.161	44.1818	0.00159583	0.000703276	2
113.865	45.0491	0.00169003	0.000735253	2
113.571	45.9055	0.00178457	0.00076717	2
113.274	46.771	0.00188158	0.000799745	2
112.976	47.6357	0.0019799	0.000832584	2
112.677	48.4995	0.00207947	0.000865664	2
112.379	49.3626	0.00218023	0.00089896	2
112.08	50.2248	0.0022821	0.000932448	2
111.781	51.0864	0.00238502	0.000966104	2
111.482	51.9472	0.00248892	0.000999902	2
111.184	52.8072	0.00259375	0.00103382	2
110.886	53.6667	0.00269943	0.00106783	2
110.589	54.5254	0.0028059	0.00110192	2
110.292	55.3835	0.0029131	0.00113605	2
109.996	56.241	0.00302095	0.0011702	2
109.7	57.098	0.0031294	0.00120435	2
109.406	57.9543	0.00323837	0.00123847	2
109.113	58.8101	0.00334781	0.00127254	2
108.821	59.6654	0.00345764	0.00130654	2
108.531	60.5202	0.00356781	0.00134044	2
108.242	61.3746	0.00367824	0.00137421	2
107.955	62.2285	0.00378888	0.00140784	2
107.669	63.0819	0.00389965	0.00144129	2
107.385	63.935	0.00401049	0.00147455	2
107.103	64.7877	0.00412133	0.00150759	2
106.824	65.6401	0.00423211	0.00154038	2
106.55	66.4823	0.0043415	0.00157254	2
106.275	67.334	0.00445197	0.00160477	2
106.002	68.1855	0.00456218	0.00163669	2
105.732	69.0366	0.00467207	0.00166826	2
105.465	69.8876	0.00478157	0.00169947	2
105.2	70.7383	0.00489062	0.00173029	2
104.939	71.5889	0.00499915	0.0017607	2
104.68	72.4393	0.0051071	0.00179066	2
104.425	73.2895	0.0052144	0.00182017	2
104.174	74.1397	0.00532099	0.00184918	2
103.925	74.9897	0.00542679	0.00187769	2
103.681	75.8397	0.00553175	0.00190566	2
103.439	76.6896	0.0056358	0.00193307	2
103.202	77.5395	0.00573888	0.00195989	2
102.969	78.3894	0.00584091	0.00198611	2
102.74	79.2394	0.00594184	0.0020117	2
102.515	80.0894	0.00604159	0.00203662	2
102.294	80.9394	0.00614011	0.00206087	2
102.078	81.7896	0.00623732	0.00208441	2
101.867	82.6399	0.00633317	0.00210722	2
101.66	83.4903	0.00642758	0.00212928	2
101.458	84.3409	0.00652049	0.00215056	2
101.26	85.1916	0.00661184	0.00217103	2
101.071	86.0328	0.00670054	0.00219046	2
100.884	86.8841	0.00678858	0.00220927	2
100.702	87.7356	0.00687486	0.00222721	2
100.526	88.5873	0.00695932	0.00224424	2

