-125.005	2.01187	-5.31328e-07	-6.1632e-08	2
-125.397	3.02852	-4.56615e-05	-5.03459e-06	2
-125.765	4.04859	-9.01884e-05	-9.41867e-06	2
-126.105	5.06024	-0.000133591	-1.31702e-05	2
-126.412	6.05199	-0.000175399	-1.62744e-05	2
-126.696	7.04693	-0.000216595	-1.88213e-05	2
-126.952	8.03349	-0.000256697	-2.07893e-05	2
-127.18	9.0117	-0.000295714	-2.21962e-05	2
-127.382	9.98157	-0.000333658	-2.306e-05	2
-127.557	10.9431	-0.000370536	-2.33986e-05	2
-127.706	11.8963	-0.000406361	-2.32299e-05	2
-127.828	12.8413	-0.000441142	-2.2572e-05	2
-127.925	13.778	-0.000474889	-2.14427e-05	2
-127.997	14.7064	-0.000507612	-1.98599e-05	2
-128.044	15.6266	-0.000539321	-1.78417e-05	2
-128.066	16.5386	-0.000570026	-1.54058e-05	2
-128.064	17.4424	-0.000599737	-1.25704e-05	2
-128.038	18.338	-0.000628465	-9.35321e-06	2
-127.988	19.2254	-0.00065622	-5.77227e-06	2
-127.915	20.1047	-0.00068301	-1.8455e-06	2
-127.819	20.9759	-0.000708848	2.40917e-06	2
-127.7	21.8389	-0.000733742	6.97381e-06	2
-127.56	22.6939	-0.000757703	1.18305e-05	2
-127.397	23.5407	-0.00078074	1.69613e-05	2
-127.212	24.3796	-0.000802864	2.23482e-05	2
-127.007	25.2104	-0.000824086	2.79734e-05	2
-126.783	26.0237	-0.000844185	3.37505e-05	2
-126.536	26.8386	-0.000863641	3.97961e-05	2
-126.269	27.6454	-0.000882223	4.60263e-05	2
-125.982	28.4443	-0.000899943	5.24232e-05	2
-125.675	29.2353	-0.00091681	5.89689e-05	2
-125.349	30.0183	-0.000932833	6.56455e-05	2
-125.004	30.7934	-0.000948025	7.24349e-05	2
-124.641	31.5606	-0.000962393	7.93193e-05	2
-124.259	32.3199	-0.000975949	8.62807e-05	2
-123.86	33.0713	-0.000988703	9.33012e-05	2
-123.442	33.815	-0.00100066	0.000100363	2
-123.008	34.5507	-0.00101184	0.000107448	2
-122.557	35.2787	-0.00102225	0.000114538	2
-122.089	35.9989	-0.00103189	0.000121616	2
-121.605	36.7113	-0.00104079	0.000128663	2
-121.105	37.4159	-0.00104894	0.000135661	2
-120.589	38.1128	-0.00105635	0.000142593	2
-120.058	38.802	-0.00106305	0.000149441	2
-119.513	39.4835	-0.00106903	0.000156186	2
-118.953	40.1573	-0.00107432	0.000162811	2
-118.378	40.8234	-0.00107891	0.000169298	2
-117.79	41.4819	-0.00108282	0.000175629	2
-117.188	42.1327	-0.00108605	0.000181786	2
-116.58	42.7686	-0.00108861	0.000187683	2
-115.952	43.4043	-0.00109054	0.00019344	2
-115.312	44.0324	-0.00109183	0.00019897	2
-114.659	44.653	-0.00109249	0.000204254	2
-113.995	45.266	-0.00109253	0.000209275	2
-113.319	45.8715	-0.00109195	0.000214014	2
-112.632	46.4695	-0.00109078	0.000218454	2
-111.934	47.06	-0.00108901	0.000222576	2
-111.226	47.643	-0.00108666	0.000226364	2
-110.507	48.2186	-0.00108375	0.000229798	2
-109.778	48.7867	-0.00108027	0.000232861	2
-109.04	49.3474	-0.00107624	0.000235534	2
-108.293	49.9007	-0.00107167	0.000237801	2
-107.537	50.4467	-0.00106657	0.000239643	2
-106.772	50.9852	-0.00106095	0.000241043	2
-106	51.5164	-0.00105481	0.000241981	2
-105.219	52.0403	-0.00104818	0.000242441	2
-104.431	52.5568	-0.00104106	0.000242403	2
-103.636	53.0661	-0.00103346	0.000241852	2
-102.834	53.568	-0.00102538	0.000240768	2
-102.025	54.0627	-0.00101685	0.000239133	2
-101.21	54.5502	-0.00100786	0.00023693	2
-100.39	55.0304	-0.00099844	0.000234141	2
-99.5636	55.5035	-0.000988586	0.000230747	2
-98.742	55.964	-0.000978432	0.000226781	2
-97.9061	56.4227	-0.000967753	0.000222133	2
-97.0657	56.8743	-0.000956674	0.000216826	2
-96.2211	57.3188	-0.000945205	0.000210844	2
-95.3727	57.7561	-0.000933356	0.000204169	2
-94.5208	58.1863	-0.000921138	0.000196781	2
-93.6659	58.6094	-0.00090856	0.000188664	2
-92.8081	59.0255	-0.000895632	0.000179799	2
-91.9478	59.4345	-0.000882365	0.000170169	2
-91.0854	59.8365	-0.000868769	0.000159756	2
-90.2212	60.2315	-0.000854853	0.000148541	2
-89.3556	60.6195	-0.000840628	0.000136507	2
-88.4888	61.0004	-0.000826104	0.000123636	2
-87.6213	61.3745	-0.000811291	0.000109909	2
-86.7533	61.7416	-0.000796198	9.531e-05	2
-85.8852	62.1017	-0.000780837	7.98196e-05	2
-85.0173	62.455	-0.000765217	6.34202e-05	2
-84.15	62.8013	-0.000749348	4.6094e-05	2
-83.2836	63.1408	-0.00073324	2.78229e-05	2
-82.4184	63.4734	-0.000716903	8.58914e-06	2
-81.5547	63.7992	-0.000700348	-1.16253e-05	2
-80.693	64.1182	-0.000683584	-3.28384e-05	2
-79.8335	64.4304	-0.000666622	-5.5068e-05	2
-78.9864	64.7323	-0.000649669	-7.80587e-05	2
-78.1324	65.031	-0.000632342	-0.000102363	2
-77.2816	65.3229	-0.000614847	-0.000127737	2
-76.4343	65.6081	-0.000597193	-0.0001542	2

-75.0033	2.01069	2.78565e-07	-3.61155e-07	2
-75.2904	2.93334	2.28491e-05	-3.07155e-05	2
-75.5785	3.87287	4.29299e-05	-6.00192e-05	2
-75.8642	4.81829	6.02966e-05	-8.79335e-05	2
-76.1439	5.75837	7.48491e-05	-0.000114183	2
-76.424	6.71469	8.69797e-05	-0.0001394	2
-76.701	7.67608	9.6558e-05	-0.000163295	2
-76.9746	8.64225	0.000103638	-0.000185888	2
-77.2447	9.61293	0.000108275	-0.000207203	2
-77.5109	10.5878	0.000110522	-0.000227261	2
-77.7731	11.5667	0.000110433	-0.000246085	2
-78.031	12.5492	0.000108063	-0.000263697	2
-78.2845	13.5351	0.000103466	-0.00028012	2
-78.5332	14.5241	9.66968e-05	-0.000295375	2
-78.777	15.516	8.78084e-05	-0.000309484	2
-79.0157	16.5103	7.68555e-05	-0.000322471	2
-79.2489	17.507	6.38924e-05	-0.000334357	2
-79.4765	18.5057	4.89731e-05	-0.000345164	2
-79.6983	19.506	3.21519e-05	-0.000354915	2
-79.9141	20.5078	1.34831e-05	-0.000363631	2
-80.1235	21.5108	-6.97933e-06	-0.000371336	2
-80.3264	22.5146	-2.91811e-05	-0.000378051	2
-80.5226	23.519	-5.30679e-05	-0.000383799	2
-80.7118	24.5237	-7.85857e-05	-0.000388601	2
-80.8938	25.5285	-0.00010568	-0.00039248	2
-81.0684	26.533	-0.000134297	-0.000395459	2
-81.2335	27.5255	-0.000164029	-0.000397539	2
-81.3927	28.5286	-0.000195513	-0.000398792	2
-81.5437	29.5308	-0.000228357	-0.000399211	2
-81.6865	30.5315	-0.000262508	-0.000398818	2
-81.8207	31.5306	-0.000297911	-0.000397635	2
-81.9462	32.5278	-0.000334512	-0.000395684	2
-82.0626	33.5228	-0.000372257	-0.000392988	2
-82.1698	34.5154	-0.000411091	-0.000389568	2
-82.2676	35.5051	-0.000450961	-0.000385447	2
-82.3557	36.4919	-0.000491812	-0.000380648	2
-82.4339	37.4753	-0.000533591	-0.000375192	2
-82.502	38.4551	-0.000576242	-0.000369101	2
-82.5598	39.4311	-0.000619712	-0.000362399	2
-82.6069	40.4029	-0.000663946	-0.000355106	2
-82.6433	41.3702	-0.000708891	-0.000347246	2
-82.6686	42.3329	-0.000754492	-0.000338841	2
-82.6827	43.2905	-0.000800694	-0.000329912	2
-82.6853	44.2429	-0.000847445	-0.000320482	2
-82.6762	45.1897	-0.000894689	-0.000310574	2
-82.6552	46.1307	-0.000942372	-0.000300209	2
-82.622	47.0656	-0.000990441	-0.000289409	2
-82.5765	47.9941	-0.00103884	-0.000278198	2
-82.5183	48.916	-0.00108752	-0.000266596	2
-82.4482	49.8204	-0.00113585	-0.000254767	2
-82.3643	50.7281	-0.00118492	-0.000242456	2
-82.2671	51.6284	-0.0012341	-0.000229822	2
-82.1564	52.5208	-0.00128334	-0.000216887	2
-82.032	53.4052	-0.00133259	-0.000203672	2
-81.8937	54.2812	-0.00138179	-0.000190201	2
-81.7411	55.1487	-0.00143088	-0.000176495	2
-81.5741	56.0072	-0.00147983	-0.000162577	2
-81.3926	56.8566	-0.00152856	-0.000148469	2
-81.1961	57.6964	-0.00157702	-0.000134193	2
-80.9846	58.5266	-0.00162517	-0.000119772	2
-80.7577	59.3467	-0.00167295	-0.000105227	2
-80.5153	60.1565	-0.0017203	-9.05804e-05	2
-80.2572	60.9558	-0.00176716	-7.58552e-05	2
-79.9831	61.7442	-0.00181349	-6.10732e-05	2
-79.6927	62.5215	-0.00185924	-4.62566e-05	2
-79.3859	63.2873	-0.00190433	-3.14278e-05	2
-79.0625	64.0414	-0.00194873	-1.66089e-05	2
-78.7222	64.7836	-0.00199238	-1.82217e-06	2
-78.3647	65.5135	-0.00203522	1.29102e-05	2
-77.9899	66.2309	-0.0020772	2.7566e-05	2
-77.5976	66.9355	-0.00211827	4.21229e-05	2
-77.1874	67.627	-0.00215837	5.65588e-05	2
-76.7593	68.3051	-0.00219744	7.08515e-05	2
-76.3181	68.962	-0.00223501	8.48172e-05	2
-75.8534	69.6127	-0.00227188	9.87589e-05	2
-75.3701	70.2491	-0.00230758	0.000112491	2
-74.8678	70.8711	-0.00234203	0.000125991	2
-74.3464	71.4784	-0.00237519	0.000139237	2
-73.8056	72.0705	-0.002407	0.000152206	2
-73.2453	72.6474	-0.00243741	0.000164877	2
-72.6651	73.2086	-0.00246637	0.000177228	2
-72.0648	73.754	-0.00249381	0.000189235	2
-71.4443	74.2832	-0.00251969	0.000200876	2
-70.8033	74.796	-0.00254395	0.000212131	2
-70.1416	75.292	-0.00256654	0.000222975	2
-69.4589	75.7711	-0.0025874	0.000233388	2
-68.7551	76.2328	-0.00260648	0.000243346	2
-68.0298	76.677	-0.00262372	0.000252829	2
-67.283	77.1034	-0.00263907	0.000261812	2
-66.5142	77.5116	-0.00265248	0.000270275	2
-65.7234	77.9014	-0.0026639	0.000278194	2
-64.9104	78.2726	-0.00267326	0.000285548	2
-64.0747	78.6248	-0.00268051	0.000292315	2
-63.2164	78.9578	-0.0026856	0.000298472	2
-62.335	79.2712	-0.00268848	0.000303997	2
-61.4305	79.5649	-0.00268909	0.000308868	2
-60.5133	79.8354	-0.00268741	0.000313018	2
-59.5619	80.0889	-0.00268335	0.000316522	2
-58.5867	80.3217	-0.00267685	0.000319305	2
-57.5873	80.5336	-0.00266787	0.000321345	2

-24.9992	2.01065	-5.30589e-09	1.78624e-07	2
-24.9479	2.9252	-6.08759e-07	1.47598e-05	2
-24.9316	3.84734	-1.51499e-06	2.79625e-05	2
-24.9501	4.76642	-2.71833e-06	3.96414e-05	2
-25.0019	5.67191	-4.19949e-06	4.9721e-05	2
-25.0872	6.58487	-5.99254e-06	5.84685e-05	2
-25.2048	7.49473	-8.0816e-06	6.57915e-05	2
-25.3539	8.4015	-1.04663e-05	7.17234e-05	2
-25.5335	9.30516	-1.31463e-05	7.62972e-05	2
-25.7428	10.2057	-1.61212e-05	7.95463e-05	2
-25.981	11.1031	-1.93907e-05	8.15038e-05	2
-26.2472	11.9974	-2.29543e-05	8.22032e-05	2
-26.5405	12.8885	-2.68118e-05	8.16775e-05	2
-26.8601	13.7765	-3.09627e-05	7.99601e-05	2
-27.2051	14.6613	-3.54067e-05	7.70842e-05	2
-27.5747	15.5429	-4.01434e-05	7.3083e-05	2
-27.9679	16.4214	-4.51725e-05	6.79899e-05	2
-28.3839	17.2966	-5.04935e-05	6.18379e-05	2
-28.8219	18.1687	-5.61062e-05	5.46604e-05	2
-29.281	19.0375	-6.20101e-05	4.64907e-05	2
-29.7604	19.9031	-6.82049e-05	3.73619e-05	2
-30.2591	20.7655	-7.46903e-05	2.73074e-05	2
-30.7763	21.6247	-8.14658e-05	1.63603e-05	2
-31.3112	22.4806	-8.8531e-05	4.55393e-06	2
-31.8629	23.3333	-9.58858e-05	-8.07847e-06	2
-32.4305	24.1826	-0.00010353	-2.15037e-05	2
-33.0064	25.0191	-0.000111369	-3.55212e-05	2
-33.6031	25.8619	-0.000119587	-5.0424e-05	2
-34.2132	26.7015	-0.000128092	-6.60204e-05	2
-34.8357	27.5378	-0.000136885	-8.22769e-05	2
-35.4699	28.3707	-0.000145965	-9.91603e-05	2
-36.1149	29.2004	-0.000155333	-0.000116637	2
-36.7698	30.0267	-0.000164986	-0.000134675	2
-37.4337	30.8497	-0.000174926	-0.00015324	2
-38.1058	31.6693	-0.000185151	-0.000172299	2
-38.7853	32.4856	-0.000195662	-0.000191818	2
-39.4712	33.2985	-0.000206458	-0.000211765	2
-40.1627	34.108	-0.000217539	-0.000232106	2
-40.8589	34.9141	-0.000228904	-0.000252808	2
-41.5591	35.7169	-0.000240553	-0.000273838	2
-42.2622	36.5162	-0.000252485	-0.000295162	2
-42.9675	37.3122	-0.000264701	-0.000316748	2
-43.6741	38.1047	-0.000277199	-0.000338561	2
-44.3811	38.8938	-0.00028998	-0.000360569	2
-45.0877	39.6794	-0.000303044	-0.000382739	2
-45.793	40.4616	-0.000316388	-0.000405037	2
-46.4962	41.2403	-0.000330015	-0.00042743	2
-47.1963	42.0156	-0.000343922	-0.000449884	2
-47.8926	42.7874	-0.00035811	-0.000472368	2
-48.5762	43.5469	-0.00037241	-0.000494588	2
-49.2622	44.3117	-0.000387155	-0.000517029	2
-49.9417	45.0731	-0.000402179	-0.000539399	2
-50.6139	45.8309	-0.000417483	-0.000561665	2
-51.278	46.5853	-0.000433065	-0.000583794	2
-51.933	47.336	-0.000448926	-0.000605752	2
-52.5782	48.0833	-0.000465065	-0.000627506	2
-53.2125	48.827	-0.000481481	-0.000649024	2
-53.8353	49.5671	-0.000498175	-0.00067027	2
-54.4456	50.3037	-0.000515146	-0.000691214	2
-55.0425	51.0367	-0.000532394	-0.00071182	2
-55.6252	51.7661	-0.000549918	-0.000732056	2
-56.1929	52.4919	-0.000567717	-0.000751889	2
-56.7446	53.2141	-0.000585793	-0.000771286	2
-57.2796	53.9327	-0.000604143	-0.000790213	2
-57.7969	54.6477	-0.000622768	-0.000808636	2
-58.2957	55.359	-0.000641668	-0.000826523	2
-58.7751	56.0667	-0.000660842	-0.000843841	2
-59.2343	56.7708	-0.000680289	-0.000860556	2
-59.6724	57.4711	-0.00070001	-0.000876635	2
-60.0885	58.1679	-0.000720003	-0.000892044	2
-60.4818	58.8609	-0.00074027	-0.000906751	2
-60.8514	59.5503	-0.000760808	-0.000920723	2
-61.1965	60.2359	-0.000781618	-0.000933925	2
-61.5127	60.9101	-0.000802456	-0.000946187	2
-61.8064	61.5884	-0.000823806	-0.000957761	2
-62.073	62.2629	-0.000845427	-0.000968467	2
-62.3117	62.9337	-0.000867318	-0.000978271	2
-62.5215	63.6008	-0.000889479	-0.00098714	2
-62.7016	64.2642	-0.00091191	-0.000995041	2
-62.8511	64.9237	-0.00093461	-0.00100194	2
-62.9692	65.5795	-0.000957579	-0.00100781	2
-63.055	66.2316	-0.000980816	-0.0010126	2
-63.1077	66.8798	-0.00100432	-0.0010163	2
-63.1264	67.5243	-0.0010281	-0.00101886	2
-63.1102	68.1649	-0.00105214	-0.00102025	2
-63.0582	68.8017	-0.00107644	-0.00102045	2
-62.9697	69.4347	-0.00110102	-0.00101941	2
-62.8437	70.0639	-0.00112586	-0.0010171	2
-62.6794	70.6892	-0.00115097	-0.00101349	2
-62.476	71.3107	-0.00117634	-0.00100855	2
-62.2325	71.9283	-0.00120198	-0.00100224	2
-61.948	72.542	-0.00122788	-0.000994526	2
-61.6219	73.1519	-0.00125405	-0.000985383	2
-61.2531	73.7579	-0.00128048	-0.000974772	2
-60.8408	74.36	-0.00130718	-0.000962661	2
-60.3842	74.9581	-0.00133414	-0.000949017	2
-59.8883	75.5456	-0.00136104	-0.00093399	2
-59.341	76.1359	-0.00138853	-0.000917198	2
-58.7467	76.7224	-0.00141627	-0.000898774	2
-58.1046	77.3049	-0.00144428	-0.000878683	2

24.9981	2.01143	-4.92304e-07	1.86312e-07	2
24.8229	2.98581	-4.22434e-05	1.56682e-05	2
24.6212	3.95441	-8.33165e-05	3.02507e-05	2
24.3954	4.9061	-0.000123245	4.37608e-05	2
24.1488	5.83053	-0.000161617	5.60743e-05	2
23.8763	6.74949	-0.000199349	6.74907e-05	2
23.5811	7.65242	-0.000236015	7.78739e-05	2
23.2636	8.53964	-0.000271642	8.72371e-05	2
22.9243	9.41143	-0.000306256	9.55934e-05	2
22.5637	10.2681	-0.000339883	0.000102956	2
22.1823	11.1099	-0.000372549	0.000109338	2
21.7805	11.9372	-0.000404281	0.000114752	2
21.3588	12.7503	-0.000435105	0.000119213	2
20.9177	13.5494	-0.000465047	0.000122732	2
20.4577	14.3348	-0.000494134	0.000125323	2
19.9792	15.107	-0.000522391	0.000127	2
19.4827	15.866	-0.000549845	0.000127774	2
18.9687	16.6123	-0.000576522	0.000127661	2
18.4377	17.3462	-0.000602449	0.000126671	2
17.8901	18.0679	-0.000627652	0.00012482	2
17.3264	18.7777	-0.000652156	0.00012212	2
16.7471	19.476	-0.000675989	0.000118584	2
16.1526	20.163	-0.000699176	0.000114225	2
15.5436	20.839	-0.000721744	0.000109056	2
14.9203	21.5044	-0.000743719	0.000103092	2
14.2833	22.1594	-0.000765127	9.63435e-05	2
13.6406	22.7969	-0.000785758	8.89161e-05	2
12.9777	23.4321	-0.000806118	8.06496e-05	2
12.3026	24.0578	-0.000825989	7.16391e-05	2
11.6156	24.6744	-0.000845398	6.18979e-05	2
10.9173	25.282	-0.000864371	5.1439e-05	2
10.2082	25.881	-0.000882935	4.02757e-05	2
9.48862	26.4718	-0.000901115	2.8421e-05	2
8.75915	27.0545	-0.000918939	1.58882e-05	2
8.02023	27.6295	-0.000936432	2.69038e-06	2
7.27235	28.1971	-0.00095362	-1.11593e-05	2
6.51598	28.7576	-0.00097053	-2.56477e-05	2
5.7516	29.3113	-0.000987188	-4.07616e-05	2
4.97967	29.8584	-0.00100362	-5.64879e-05	2
4.20068	30.3993	-0.00101985	-7.28135e-05	2
3.4151	30.9343	-0.00103591	-8.97251e-05	2
2.6234	31.4637	-0.00105183	-0.00010721	2
1.82606	31.9877	-0.00106762	-0.000125254	2
1.02356	32.5067	-0.00108332	-0.000143845	2
0.216368	33.021	-0.00109895	-0.000162969	2
-0.595038	33.5308	-0.00111453	-0.000182614	2
-1.41018	34.0364	-0.00113011	-0.000202766	2
-2.22859	34.5382	-0.00114569	-0.000223412	2
-3.04979	35.0365	-0.00116131	-0.000244538	2
-3.86383	35.5258	-0.00117681	-0.000265882	2
-4.68917	36.0179	-0.00119258	-0.000287926	2
-5.51587	36.5073	-0.00120847	-0.000310411	2
-6.34347	36.9943	-0.0012245	-0.000333324	2
-7.17149	37.4793	-0.00124069	-0.000356653	2
-7.99945	37.9625	-0.00125708	-0.000380384	2
-8.82688	38.4442	-0.00127369	-0.000404504	2
-9.6533	38.9247	-0.00129055	-0.000429	2
-10.4782	39.4044	-0.00130768	-0.000453858	2
-11.3012	39.8834	-0.00132511	-0.000479065	2
-12.1218	40.3622	-0.00134286	-0.000504609	2
-12.9394	40.841	-0.00136097	-0.000530476	2
-13.7537	41.32	-0.00137945	-0.000556653	2
-14.5641	41.7997	-0.00139834	-0.000583127	2
-15.3702	42.2803	-0.00141766	-0.000609884	2
-16.1715	42.7621	-0.00143744	-0.000636912	2
-16.9674	43.2453	-0.0014577	-0.000664198	2
-17.7577	43.7304	-0.00147846	-0.000691727	2
-18.5417	44.2175	-0.00149977	-0.000719488	2
-19.319	44.707	-0.00152163	-0.000747466	2
-20.0891	45.1992	-0.00154408	-0.000775649	2
-20.8515	45.6944	-0.00156715	-0.000804024	2
-21.6058	46.1928	-0.00159086	-0.000832577	2
-22.3515	46.6949	-0.00161523	-0.000861296	2
-23.0798	47.1949	-0.00164001	-0.000889834	2
-23.8069	47.7049	-0.00166579	-0.000918842	2
-24.5241	48.2193	-0.00169231	-0.000947976	2
-25.2307	48.7385	-0.0017196	-0.000977222	2
-25.9264	49.2628	-0.0017477	-0.00100657	2
-26.6106	49.7924	-0.00177661	-0.001036	2
-27.2829	50.3276	-0.00180638	-0.00106551	2
-27.9428	50.8688	-0.00183702	-0.00109507	2
-28.5898	51.4163	-0.00186857	-0.00112469	2
-29.2234	51.9702	-0.00190104	-0.00115434	2
-29.8433	52.531	-0.00193447	-0.001184	2
-30.4488	53.0989	-0.00196889	-0.00121368	2
-31.0395	53.6743	-0.00200431	-0.00124335	2
-31.615	54.2574	-0.00204076	-0.001273	2
-32.1748	54.8484	-0.00207827	-0.00130262	2
-32.7183	55.4478	-0.00211688	-0.00133219	2
-33.2452	56.0559	-0.00215659	-0.00136171	2
-33.7549	56.6728	-0.00219744	-0.00139115	2
-34.247	57.2989	-0.00223946	-0.00142051	2
-34.721	57.9346	-0.00228267	-0.00144978	2
-35.1764	58.58	-0.0023271	-0.00147893	2
-35.6127	59.2356	-0.00237277	-0.00150796	2
-36.0295	59.9015	-0.00241971	-0.00153685	2
-36.4219	60.5703	-0.00246739	-0.00156526	2
-36.7984	61.2578	-0.00251693	-0.00159384	2
-37.1541	61.9565	-0.00256783	-0.00162224	2
-37.4883	62.6669	-0.0026201	-0.00165045	2

74.999	2.01091	-4.22375e-07	-2.3281e-07	2
74.91	2.94775	-3.46236e-05	-1.9316e-05	2
74.8098	3.89214	-6.49936e-05	-3.67544e-05	2
74.6998	4.83323	-9.11727e-05	-5.23471e-05	2
74.5814	5.76029	-0.000112994	-6.59776e-05	2
74.4522	6.69494	-0.000131026	-7.79947e-05	2
74.3136	7.62642	-0.000145055	-8.82613e-05	2
74.1658	8.55478	-0.000155144	-9.68092e-05	2
74.009	9.48006	-0.000161356	-0.00010367	2
73.8433	10.4023	-0.000163754	-0.000108877	2
73.6689	11.3216	-0.0001624	-0.00011246	2
73.486	12.2379	-0.000157357	-0.000114452	2
73.2948	13.1513	-0.000148688	-0.000114885	2
73.0954	14.0619	-0.000136456	-0.00011379	2
72.8881	14.9697	-0.000120724	-0.0001112	2
72.6729	15.8748	-0.000101555	-0.000107146	2
72.4501	16.7771	-7.9011e-05	-0.000101661	2
72.2199	17.6768	-5.31556e-05	-9.47754e-05	2
71.9824	18.5739	-2.40513e-05	-8.65219e-05	2
71.7378	19.4684	8.23879e-06	-7.69323e-05	2
71.4862	20.3604	4.3652e-05	-6.60383e-05	2
71.2279	21.2499	8.21254e-05	-5.38719e-05	2
70.9631	22.137	0.000123596	-4.04649e-05	2
70.6918	23.0217	0.000168001	-2.58493e-05	2
70.4143	23.9041	0.000215278	-1.00568e-05	2
70.1308	24.7842	0.000265364	6.88055e-06	2
69.8447	25.6519	0.000317573	2.47173e-05	2
69.5497	26.5276	0.000373058	4.38367e-05	2
69.2491	27.4011	0.000431163	6.40058e-05	2
68.9432	28.2725	0.000491826	8.51928e-05	2
68.6321	29.1419	0.000554985	0.000107366	2
68.316	30.0093	0.000620576	0.000130493	2
67.9951	30.8747	0.000688537	0.000154542	2
67.6695	31.7381	0.000758804	0.000179481	2
67.3395	32.5997	0.000831315	0.000205279	2
67.0051	33.4595	0.000906007	0.000231904	2
66.6667	34.3175	0.000982818	0.000259323	2
66.3243	35.1738	0.00106168	0.000287505	2
65.9781	36.0284	0.00114254	0.000316418	2
65.6283	36.8813	0.00122533	0.00034603	2
65.2752	37.7327	0.00130998	0.00037631	2
64.9187	38.5825	0.00139644	0.000407225	2
64.5592	39.4308	0.00148464	0.000438743	2
64.1969	40.2777	0.00157452	0.000470833	2
63.8318	41.1231	0.00166601	0.000503462	2
63.4641	41.9672	0.00175906	0.0005366	2
63.0941	42.81	0.00185359	0.000570213	2
62.7219	43.6515	0.00194955	0.000604271	2
62.3477	44.4918	0.00204688	0.000638741	2
61.976	45.3213	0.00214436	0.000673189	2
61.5983	46.1593	0.00224422	0.000708384	2
61.2191	46.9962	0.00234524	0.000743896	2
60.8386	47.8321	0.00244738	0.000779693	2
60.4569	48.667	0.00255057	0.000815743	2
60.0743	49.5009	0.00265475	0.000852015	2
59.6909	50.334	0.00275985	0.000888476	2
59.3069	51.1662	0.00286582	0.000925095	2
58.9224	51.9976	0.00297258	0.00096184	2
58.5377	52.8282	0.00308008	0.000998678	2
58.1529	53.6581	0.00318826	0.00103558	2
57.7682	54.4874	0.00329704	0.00107251	2
57.3838	55.316	0.00340637	0.00110944	2
56.9998	56.1441	0.00351619	0.00114633	2
56.6164	56.9716	0.00362642	0.00118316	2
56.2338	57.7987	0.00373702	0.0012199	2
55.8521	58.6253	0.00384791	0.0012565	2
55.4716	59.4516	0.00395904	0.00129294	2
55.0925	60.2775	0.00407033	0.00132919	2
54.7148	61.1031	0.00418174	0.00136522	2
54.3388	61.9284	0.00429319	0.00140099	2
53.9646	62.7536	0.00440462	0.00143647	2
53.5924	63.5786	0.00451597	0.00147162	2
53.2225	64.4035	0.00462717	0.00150643	2
52.8591	65.2188	0.0047369	0.00154046	2
52.494	66.0437	0.00484763	0.00157447	2
52.1317	66.8685	0.00495803	0.00160804	2
51.7722	67.6934	0.00506804	0.00164112	2
51.4158	68.5185	0.00517759	0.00167369	2
51.0627	69.3437	0.00528662	0.00170572	2
50.7129	70.1691	0.00539506	0.00173718	2
50.3668	70.9948	0.00550286	0.00176803	2
50.0244	71.8208	0.00560995	0.00179824	2
49.686	72.6472	0.00571627	0.00182778	2
49.3517	73.4739	0.00582176	0.00185661	2
49.0217	74.3011	0.00592635	0.00188471	2
48.6962	75.1288	0.00602997	0.00191205	2
48.3754	75.9571	0.00613258	0.00193859	2
48.0593	76.7859	0.0062341	0.00196429	2
47.7483	77.6153	0.00633447	0.00198914	2
47.4424	78.4455	0.00643363	0.00201309	2
47.1419	79.2763	0.00653151	0.00203612	2
46.8469	80.108	0.00662806	0.00205819	2
46.5576	80.9404	0.0067232	0.00207927	2
46.2742	81.7738	0.00681689	0.00209932	2
45.9968	82.608	0.00690905	0.00211833	2
45.7257	83.4432	0.00699961	0.00213625	2
45.464	84.2697	0.00708752	0.00215287	2
45.2058	85.107	0.00717474	0.00216853	2
44.9543	85.9453	0.00726019	0.00218302	2
44.7098	86.7848	0.0073438	0.0021963	2

125.001	2.01255	2.03133e-07	1.35453e-08	2
125.063	3.08508	1.87114e-05	6.53401e-08	2
125.145	4.15571	3.94988e-05	-2.10135e-06	2
125.247	5.21205	6.23234e-05	-6.46981e-06	2
125.366	6.24233	8.68497e-05	-1.29224e-05	2
125.505	7.27065	0.00011361	-2.15792e-05	2
125.662	8.28509	0.000142291	-3.23474e-05	2
125.838	9.28578	0.000172854	-4.51966e-05	2
126.032	10.2729	0.000205261	-6.00967e-05	2
126.243	11.2465	0.000239472	-7.70174e-05	2
126.472	12.2068	0.000275448	-9.59284e-05	2
126.718	13.154	0.000313152	-0.0001168	2
126.981	14.088	0.000352543	-0.0001396	2
127.261	15.0092	0.000393583	-0.000164301	2
127.557	15.9177	0.000436234	-0.000190871	2
127.87	16.8135	0.000480455	-0.00021928	2
128.198	17.6968	0.00052621	-0.000249497	2
128.542	18.5678	0.000573457	-0.000281494	2
128.902	19.4266	0.00062216	-0.000315238	2
129.277	20.2733	0.000672278	-0.000350701	2
129.666	21.1081	0.000723774	-0.000387851	2
130.071	21.9312	0.000776608	-0.000426659	2
130.49	22.7425	0.000830741	-0.000467094	2
130.923	23.5424	0.000886134	-0.000509126	2
131.37	24.331	0.000942749	-0.000552725	2
131.831	25.1083	0.00100055	-0.000597861	2
132.3	25.8658	0.0010588	-0.000643958	2
132.787	26.6212	0.00111884	-0.000692059	2
133.288	27.3658	0.00117994	-0.000741606	2
133.801	28.0997	0.00124207	-0.000792569	2
134.326	28.8232	0.00130519	-0.000844917	2
134.864	29.5362	0.00136925	-0.000898621	2
135.413	30.239	0.00143423	-0.00095365	2
135.975	30.9317	0.00150008	-0.00100997	2
136.548	31.6145	0.00156677	-0.00106756	2
137.132	32.2874	0.00163425	-0.00112638	2
137.727	32.9507	0.00170248	-0.00118641	2
138.332	33.6044	0.00177143	-0.00124761	2
138.948	34.2487	0.00184106	-0.00130995	2
139.575	34.8837	0.00191133	-0.00137341	2
140.211	35.5097	0.0019822	-0.00143795	2
140.857	36.1266	0.00205363	-0.00150355	2
141.512	36.7347	0.00212559	-0.00157016	2
142.177	37.3341	0.00219802	-0.00163777	2
142.85	37.925	0.0022709	-0.00170634	2
143.533	38.5074	0.00234419	-0.00177584	2
144.223	39.0816	0.00241785	-0.00184624	2
144.922	39.6476	0.00249183	-0.00191752	2
145.629	40.2056	0.0025661	-0.00198963	2
146.335	40.7495	0.00263977	-0.00206172	2
147.057	41.292	0.0027145	-0.00213541	2
147.786	41.8269	0.00278941	-0.00220986	2
148.522	42.3544	0.00286445	-0.00228503	2
149.265	42.8746	0.00293959	-0.00236089	2
150.014	43.3877	0.00301478	-0.00243741	2
150.769	43.8937	0.00308999	-0.00251456	2
151.53	44.3928	0.00316518	-0.0025923	2
152.297	44.8852	0.00324031	-0.00267062	2
153.069	45.371	0.00331534	-0.00274947	2
153.847	45.8503	0.00339024	-0.00282884	2
154.629	46.3234	0.00346496	-0.00290868	2
155.416	46.7902	0.00353946	-0.00298897	2
156.208	47.251	0.00361371	-0.00306968	2
157.004	47.7059	0.00368766	-0.00315077	2
157.803	48.155	0.00376129	-0.00323223	2
158.606	48.5985	0.00383454	-0.00331401	2
159.413	49.0366	0.00390738	-0.00339608	2
160.223	49.4693	0.00397978	-0.00347842	2
161.036	49.8968	0.00405169	-0.003561	2
161.852	50.3192	0.00412307	-0.00364379	2
162.669	50.7367	0.00419389	-0.00372675	2
163.49	51.1495	0.0042641	-0.00380986	2
164.312	51.5576	0.00433367	-0.00389308	2
165.126	51.9566	0.00440177	-0.00397542	2
165.951	52.3559	0.00446995	-0.00405879	2
166.777	52.751	0.00453737	-0.00414217	2
167.604	53.1419	0.00460399	-0.00422555	2
168.432	53.529	0.00466977	-0.0043089	2
169.26	53.9122	0.00473468	-0.00439217	2
170.089	54.2918	0.00479867	-0.00447536	2
170.917	54.6679	0.00486171	-0.00455841	2
171.745	55.0406	0.00492376	-0.00464131	2
172.573	55.4101	0.00498478	-0.00472402	2
173.399	55.7764	0.00504473	-0.00480652	2
174.225	56.1398	0.00510357	-0.00488876	2
175.049	56.5004	0.00516127	-0.00497073	2
175.871	56.8583	0.00521777	-0.00505239	2
176.692	57.2136	0.00527305	-0.00513372	2
177.511	57.5666	0.00532707	-0.00521467	2
178.327	57.9173	0.00537979	-0.00529523	2
179.141	58.2659	0.00543116	-0.00537535	2
179.952	58.6125	0.00548115	-0.00545502	2
180.759	58.9572	0.00552973	-0.0055342	2
181.564	59.3003	0.00557684	-0.00561286	2
182.365	59.6418	0.00562246	-0.00569097	2
183.161	59.9819	0.00566654	-0.00576849	2
183.945	60.3168	0.00570857	-0.00584453	2
184.734	60.6545	0.00574948	-0.00592082	2
185.518	60.9911	0.00578874	-0.00599643	2
186.297	61.327	0.00582631	-0.00607134	2

