-125.004	2.01309	-2.08857e-07	3.83803e-07	2
-125.362	3.12742	-1.8086e-05	3.28881e-05	2
-125.745	4.2313	-3.60058e-05	6.47699e-05	2
-126.148	5.31203	-5.37668e-05	9.56622e-05	2
-126.566	6.35795	-7.1175e-05	0.000125243	2
-127.008	7.39379	-8.86424e-05	0.000154218	2
-127.47	8.40764	-0.000105973	0.000182252	2
-127.949	9.3999	-0.000123175	0.000209364	2
-128.448	10.3709	-0.000140255	0.00023557	2
-128.964	11.3212	-0.000157221	0.000260887	2
-129.497	12.251	-0.00017408	0.000285331	2
-130.048	13.1608	-0.000190839	0.000308919	2
-130.616	14.0509	-0.000207507	0.000331667	2
-131.199	14.9218	-0.00022409	0.000353594	2
-131.799	15.7738	-0.000240596	0.000374714	2
-132.415	16.6073	-0.000257032	0.000395045	2
-133.045	17.4228	-0.000273406	0.000414604	2
-133.691	18.2205	-0.000289725	0.000433408	2
-134.351	19.001	-0.000305996	0.000451473	2
-135.025	19.7646	-0.000322228	0.000468815	2
-135.712	20.5116	-0.000338427	0.000485452	2
-136.413	21.2425	-0.000354601	0.0005014	2
-137.127	21.9577	-0.000370758	0.000516677	2
-137.853	22.6575	-0.000386904	0.000531298	2
-138.592	23.3424	-0.000403047	0.00054528	2
-139.342	24.0126	-0.000419195	0.000558641	2
-140.095	24.6613	-0.000435169	0.000571253	2
-140.867	25.3038	-0.000451348	0.000583427	2
-141.65	25.9329	-0.000467554	0.000595029	2
-142.444	26.549	-0.000483794	0.000606075	2
-143.247	27.1524	-0.000500076	0.000616584	2
-144.059	27.7437	-0.000516407	0.000626571	2
-144.881	28.3231	-0.000532795	0.000636052	2
-145.711	28.891	-0.000549246	0.000645046	2
-146.55	29.4479	-0.000565769	0.000653568	2
-147.396	29.9942	-0.000582371	0.000661635	2
-148.25	30.5301	-0.000599059	0.000669264	2
-149.111	31.0562	-0.00061584	0.000676472	2
-149.979	31.5728	-0.000632723	0.000683275	2
-150.853	32.0803	-0.000649715	0.00068969	2
-151.733	32.5791	-0.000666822	0.000695734	2
-152.619	33.0695	-0.000684053	0.000701423	2
-153.51	33.552	-0.000701414	0.000706775	2
-154.406	34.027	-0.000718914	0.000711806	2
-155.306	34.4948	-0.000736559	0.000716532	2
-156.21	34.9559	-0.000754358	0.000720971	2
-157.118	35.4106	-0.000772317	0.000725139	2
-158.029	35.8593	-0.000790444	0.000729053	2
-158.943	36.3025	-0.000808747	0.000732729	2
-159.849	36.7354	-0.000827019	0.000736147	2
-160.768	37.1686	-0.000845692	0.000739401	2
-161.688	37.5973	-0.000864563	0.000742467	2
-162.61	38.0221	-0.000883639	0.000745363	2
-163.533	38.4432	-0.000902928	0.000748105	2
-164.456	38.861	-0.000922436	0.000750709	2
-165.38	39.276	-0.000942172	0.000753193	2
-166.303	39.6885	-0.000962143	0.000755573	2
-167.226	40.099	-0.000982356	0.000757866	2
-168.148	40.5077	-0.00100282	0.000760089	2
-169.069	40.9152	-0.00102354	0.000762258	2
-169.988	41.3218	-0.00104452	0.00076439	2
-170.904	41.7278	-0.00106578	0.000766502	2
-171.819	42.1338	-0.00108731	0.00076861	2
-172.73	42.5399	-0.00110913	0.000770731	2
-173.638	42.9468	-0.00113125	0.000772883	2
-174.542	43.3547	-0.00115367	0.000775081	2
-175.443	43.764	-0.0011764	0.000777342	2
-176.339	44.1752	-0.00119944	0.000779684	2
-177.23	44.5886	-0.00122281	0.000782122	2
-178.116	45.0046	-0.00124651	0.000784674	2
-178.997	45.4236	-0.00127054	0.000787356	2
-179.871	45.846	-0.00129493	0.000790185	2
-180.739	46.2722	-0.00131966	0.000793178	2
-181.591	46.6975	-0.00134447	0.000796314	2
-182.445	47.1324	-0.00136993	0.000799682	2
-183.292	47.5722	-0.00139577	0.000803264	2
-184.131	48.0173	-0.001422	0.000807076	2
-184.962	48.4682	-0.00144861	0.000811135	2
-185.784	48.9252	-0.00147562	0.000815459	2
-186.597	49.3887	-0.00150303	0.000820062	2
-187.401	49.8591	-0.00153086	0.000824963	2
-188.195	50.3368	-0.00155911	0.000830178	2
-188.978	50.8222	-0.00158779	0.000835724	2
-189.752	51.3157	-0.0016169	0.000841617	2
-190.514	51.8176	-0.00164646	0.000847875	2
-191.265	52.3284	-0.00167647	0.000854513	2
-192.004	52.8485	-0.00170693	0.000861549	2
-192.731	53.3781	-0.00173786	0.000868999	2
-193.445	53.9178	-0.00176926	0.000876881	2
-194.147	54.4679	-0.00180114	0.00088521	2
-194.835	55.0289	-0.00183351	0.000894004	2
-195.51	55.601	-0.00186637	0.000903278	2
-196.171	56.1847	-0.00189973	0.000913051	2
-196.817	56.7804	-0.00193361	0.000923339	2
-197.448	57.3885	-0.001968	0.000934158	2
-198.065	58.0093	-0.00200292	0.000945525	2
-198.658	58.6359	-0.00203795	0.000957316	2
-199.243	59.2833	-0.00207393	0.000969823	2
-199.812	59.9446	-0.00211046	0.000982928	2
-200.364	60.6202	-0.00214754	0.000996647	2

-75.0041	2.01124	-5.72761e-07	3.04237e-07	2
-75.3477	2.97772	-4.82009e-05	2.63093e-05	2
-75.6854	3.95534	-9.31334e-05	5.22999e-05	2
-76.0131	4.93285	-0.00013484	7.7977e-05	2
-76.3273	5.89901	-0.000172938	0.000103056	2
-76.6354	6.87629	-0.000208355	0.000128126	2
-76.9338	7.85345	-0.000240673	0.000152898	2
-77.2227	8.83047	-0.000269935	0.000177377	2
-77.5022	9.80736	-0.000296181	0.00020157	2
-77.7723	10.7841	-0.000319456	0.000225481	2
-78.0331	11.7607	-0.0003398	0.000249115	2
-78.2848	12.7371	-0.000357257	0.000272479	2
-78.5275	13.7134	-0.000371869	0.000295576	2
-78.7613	14.6895	-0.000383678	0.000318413	2
-78.9862	15.6654	-0.000392728	0.000340995	2
-79.2024	16.6412	-0.000399059	0.000363327	2
-79.4101	17.6167	-0.000402714	0.000385414	2
-79.6092	18.5921	-0.000403737	0.000407262	2
-79.7999	19.5673	-0.000402168	0.000428876	2
-79.9824	20.5422	-0.000398052	0.000450261	2
-80.1566	21.517	-0.000391429	0.000471423	2
-80.3228	22.4915	-0.000382343	0.000492366	2
-80.4811	23.4658	-0.000370835	0.000513097	2
-80.6314	24.4399	-0.000356949	0.00053362	2
-80.7741	25.4137	-0.000340726	0.000553941	2
-80.909	26.3873	-0.000322209	0.000574065	2
-81.035	27.3495	-0.000301691	0.000593769	2
-81.1551	28.3225	-0.000278739	0.000613517	2
-81.2678	29.2954	-0.000253618	0.000633084	2
-81.3734	30.2679	-0.000226373	0.000652475	2
-81.4718	31.2402	-0.000197045	0.000671695	2
-81.5632	32.2122	-0.000165676	0.000690751	2
-81.6477	33.1839	-0.00013231	0.000709646	2
-81.7254	34.1553	-9.69885e-05	0.000728387	2
-81.7964	35.1265	-5.97536e-05	0.000746978	2
-81.8608	36.0973	-2.06479e-05	0.000765426	2
-81.9187	37.0678	2.02861e-05	0.000783734	2
-81.9703	38.0379	6.30062e-05	0.000801909	2
-82.0156	39.0078	0.00010747	0.000819957	2
-82.0547	39.9773	0.000153635	0.000837881	2
-82.0878	40.9465	0.000201458	0.000855687	2
-82.1149	41.9154	0.000250899	0.000873382	2
-82.1362	42.8839	0.000301913	0.000890969	2
-82.1518	43.852	0.000354459	0.000908455	2
-82.1617	44.8198	0.000408494	0.000925845	2
-82.1661	45.7872	0.000463976	0.000943143	2
-82.1651	46.7542	0.000520863	0.000960356	2
-82.1588	47.7209	0.000579112	0.000977488	2
-82.1473	48.6872	0.000638681	0.000994545	2
-82.1309	49.6419	0.000698821	0.00101134	2
-82.1093	50.6074	0.000760888	0.00102826	2
-82.0829	51.5725	0.000824148	0.00104512	2
-82.0517	52.5371	0.000888559	0.00106193	2
-82.0158	53.5014	0.000954079	0.0010787	2
-81.9753	54.4652	0.00102066	0.00109541	2
-81.9304	55.4286	0.00108827	0.00111209	2
-81.8812	56.3915	0.00115686	0.00112874	2
-81.8277	57.3541	0.00122639	0.00114536	2
-81.77	58.3161	0.00129682	0.00116196	2
-81.7083	59.2777	0.0013681	0.00117854	2
-81.6427	60.2389	0.00144019	0.0011951	2
-81.5733	61.1995	0.00151305	0.00121167	2
-81.5001	62.1597	0.00158664	0.00122823	2
-81.4234	63.1195	0.00166091	0.00124479	2
-81.3431	64.0787	0.00173582	0.00126137	2
-81.2594	65.0374	0.00181134	0.00127796	2
-81.1725	65.9957	0.00188741	0.00129457	2
-81.0824	66.9534	0.001964	0.0013112	2
-80.9891	67.9106	0.00204106	0.00132787	2
-80.893	68.8673	0.00211855	0.00134457	2
-80.7939	69.8235	0.00219642	0.00136131	2
-80.6921	70.7792	0.00227465	0.0013781	2
-80.5877	71.7343	0.00235317	0.00139494	2
-80.4819	72.6779	0.00243105	0.00141165	2
-80.3725	73.6319	0.00251005	0.00142861	2
-80.2607	74.5854	0.00258923	0.00144564	2
-80.1468	75.5383	0.00266855	0.00146274	2
-80.0307	76.4906	0.00274795	0.00147992	2
-79.9126	77.4424	0.00282741	0.00149718	2
-79.7925	78.3936	0.00290687	0.00151453	2
-79.6707	79.3442	0.00298629	0.00153198	2
-79.5472	80.2942	0.00306564	0.00154953	2
-79.4221	81.2436	0.00314487	0.00156718	2
-79.2955	82.1924	0.00322393	0.00158494	2
-79.1675	83.1406	0.00330279	0.00160282	2
-79.0383	84.0882	0.00338141	0.00162081	2
-78.9079	85.0352	0.00345973	0.00163894	2
-78.7764	85.9815	0.00353772	0.00165719	2
-78.644	86.9272	0.00361534	0.00167558	2
-78.5108	87.8722	0.00369253	0.00169412	2
-78.3768	88.8166	0.00376927	0.0017128	2
-78.2421	89.7604	0.00384551	0.00173163	2
-78.107	90.7034	0.00392121	0.00175062	2
-77.9714	91.6458	0.00399632	0.00176978	2
-77.8355	92.5876	0.00407079	0.0017891	2
-77.6994	93.5286	0.0041446	0.00180859	2
-77.5648	94.4582	0.00421686	0.00182804	2
-77.4286	95.3979	0.00428921	0.0018479	2
-77.2925	96.3369	0.00436076	0.00186795	2
-77.1567	97.2752	0.00443147	0.00188819	2

-25.0006	2.01316	-5.26277e-07	1.82895e-07	2
-25.0327	3.13287	-4.48728e-05	1.53128e-05	2
-25.0347	4.24183	-8.79165e-05	2.94293e-05	2
-25.0064	5.32716	-0.00012916	4.23732e-05	2
-24.9491	6.37709	-0.000168187	5.40388e-05	2
-24.8618	7.41633	-0.000205935	6.47209e-05	2
-24.7456	8.43282	-0.000241967	7.4301e-05	2
-24.6009	9.42686	-0.000276312	8.28026e-05	2
-24.4281	10.3987	-0.000309	9.02495e-05	2
-24.2277	11.3487	-0.000340057	9.66652e-05	2
-24	12.2772	-0.000369513	0.000102073	2
-23.7457	13.1843	-0.000397397	0.000106498	2
-23.465	14.0705	-0.000423737	0.000109962	2
-23.1585	14.936	-0.00044856	0.000112489	2
-22.8265	15.781	-0.000471897	0.000114104	2
-22.4696	16.606	-0.000493775	0.000114829	2
-22.0882	17.4111	-0.000514224	0.000114688	2
-21.6827	18.1967	-0.00053327	0.000113706	2
-21.2536	18.9631	-0.000550944	0.000111904	2
-20.8013	19.7106	-0.000567273	0.000109309	2
-20.3262	20.4393	-0.000582286	0.000105942	2
-19.8289	21.1498	-0.000596012	0.000101827	2
-19.3097	21.8422	-0.000608479	9.69886e-05	2
-18.7691	22.5168	-0.000619716	9.14499e-05	2
-18.2075	23.1739	-0.00062975	8.52345e-05	2
-17.6254	23.8139	-0.000638612	7.83662e-05	2
-17.0303	24.4299	-0.000646246	7.09582e-05	2
-16.4087	25.0365	-0.000652859	6.28617e-05	2
-15.768	25.6269	-0.000658384	5.41828e-05	2
-15.1085	26.2012	-0.000662849	4.49452e-05	2
-14.4307	26.7599	-0.000666283	3.51725e-05	2
-13.735	27.303	-0.000668715	2.48884e-05	2
-13.0219	27.8311	-0.000670173	1.41165e-05	2
-12.2919	28.3443	-0.000670685	2.88037e-06	2
-11.5454	28.843	-0.000670281	-8.79627e-06	2
-10.7827	29.3274	-0.000668988	-2.08898e-05	2
-10.0045	29.7978	-0.000666835	-3.33766e-05	2
-9.21105	30.2546	-0.00066385	-4.6233e-05	2
-8.40286	30.698	-0.000660063	-5.94354e-05	2
-7.58039	31.1283	-0.000655502	-7.29602e-05	2
-6.74406	31.5458	-0.000650195	-8.67837e-05	2
-5.89432	31.9508	-0.00064417	-0.000100882	2
-5.03163	32.3436	-0.000637457	-0.000115232	2
-4.15641	32.7245	-0.000630084	-0.00012981	2
-3.26912	33.0937	-0.000622079	-0.000144592	2
-2.37021	33.4517	-0.000613471	-0.000159555	2
-1.46011	33.7986	-0.000604288	-0.000174674	2
-0.539274	34.1347	-0.000594559	-0.000189927	2
0.391856	34.4604	-0.000584312	-0.000205289	2
1.32197	34.7724	-0.000573703	-0.00022056	2
2.27224	35.0782	-0.000562512	-0.00023607	2
3.23149	35.3744	-0.000550888	-0.000251619	2
4.19925	35.6614	-0.000538861	-0.000267184	2
5.17509	35.9393	-0.000526459	-0.00028274	2
6.15855	36.2086	-0.000513709	-0.000298264	2
7.14921	36.4694	-0.000500642	-0.000313733	2
8.1466	36.7222	-0.000487285	-0.000329123	2
9.15029	36.9671	-0.000473666	-0.00034441	2
10.1598	37.2045	-0.000459815	-0.00035957	2
11.1748	37.4346	-0.00044576	-0.00037458	2
12.1947	37.6579	-0.000431529	-0.000389417	2
13.2191	37.8744	-0.000417151	-0.000404056	2
14.2476	38.0847	-0.000402655	-0.000418474	2
15.2797	38.2888	-0.000388068	-0.000432648	2
16.3151	38.4872	-0.00037342	-0.000446553	2
17.3531	38.6801	-0.000358739	-0.000460167	2
18.3934	38.8679	-0.000344054	-0.000473465	2
19.4356	39.0507	-0.000329392	-0.000486423	2
20.4792	39.2289	-0.000314783	-0.000499019	2
21.5238	39.4029	-0.000300255	-0.000511229	2
22.5688	39.5728	-0.000285837	-0.000523028	2
23.614	39.739	-0.000271557	-0.000534394	2
24.6587	39.9018	-0.000257444	-0.000545302	2
25.6907	40.0596	-0.000243684	-0.000555613	2
26.7334	40.2165	-0.000229987	-0.000565541	2
27.7744	40.3708	-0.000216542	-0.000574942	2
28.8132	40.5228	-0.000203377	-0.000583791	2
29.8495	40.6729	-0.000190521	-0.000592065	2
30.8827	40.8213	-0.000178003	-0.00059974	2
31.9124	40.9683	-0.000165851	-0.000606792	2
32.9382	41.1142	-0.000154093	-0.000613199	2
33.9596	41.2593	-0.000142758	-0.000618935	2
34.9762	41.404	-0.000131875	-0.000623978	2
35.9876	41.5484	-0.000121472	-0.000628304	2
36.9932	41.6929	-0.000111578	-0.000631889	2
37.9927	41.8378	-0.000102221	-0.00063471	2
38.9856	41.9833	-9.34293e-05	-0.000636743	2
39.9714	42.1299	-8.52321e-05	-0.000637965	2
40.9498	42.2776	-7.76576e-05	-0.000638351	2
41.9202	42.427	-7.07343e-05	-0.000637878	2
42.8823	42.5781	-6.44909e-05	-0.000636523	2
43.8355	42.7314	-5.89557e-05	-0.000634261	2
44.7795	42.8872	-5.41574e-05	-0.00063107	2
45.7138	43.0456	-5.01245e-05	-0.000626925	2
46.6379	43.2071	-4.68854e-05	-0.000621804	2
47.5514	43.3718	-4.44688e-05	-0.000615681	2
48.4436	43.5382	-4.29161e-05	-0.000608623	2
49.3347	43.7105	-4.22196e-05	-0.00060044	2
50.2138	43.8869	-4.24308e-05	-0.000591186	2
51.0807	44.0677	-4.35781e-05	-0.000580837	2

24.9925	2.01254	-4.27907e-07	2.65436e-07	2
24.3694	3.08654	-3.69166e-05	2.27689e-05	2
23.7741	4.16327	-7.32056e-05	4.48876e-05	2
23.2138	5.23019	-0.000108871	6.63641e-05	2
22.6938	6.27524	-0.000143516	8.69706e-05	2
22.2016	7.32272	-0.000177952	0.000107194	2
21.7432	8.36046	-0.000211775	0.0001268	2
21.3181	9.38847	-0.000244988	0.000145796	2
20.926	10.4068	-0.000277595	0.00016419	2
20.5663	11.4153	-0.000309601	0.00018199	2
20.2387	12.4143	-0.000341008	0.000199205	2
19.9428	13.4035	-0.00037182	0.000215842	2
19.6782	14.3831	-0.000402042	0.00023191	2
19.4445	15.3531	-0.000431676	0.000247416	2
19.2413	16.3134	-0.000460726	0.000262369	2
19.0682	17.2642	-0.000489196	0.000276777	2
18.9247	18.2054	-0.000517089	0.000290648	2
18.8105	19.137	-0.00054441	0.000303989	2
18.7252	20.0591	-0.000571162	0.00031681	2
18.6684	20.9716	-0.000597347	0.000329118	2
18.6396	21.8746	-0.000622971	0.000340922	2
18.6385	22.7682	-0.000648037	0.000352228	2
18.6647	23.6523	-0.000672548	0.000363046	2
18.7177	24.5269	-0.000696508	0.000373384	2
18.7972	25.392	-0.000719921	0.000383249	2
18.9027	26.2478	-0.00074279	0.000392649	2
19.0322	27.0844	-0.000764866	0.000401494	2
19.1883	27.9214	-0.000786664	0.000409995	2
19.3692	28.7491	-0.00080793	0.000418056	2
19.5746	29.5674	-0.000828667	0.000425686	2
19.8041	30.3764	-0.000848879	0.000432891	2
20.0571	31.176	-0.000868568	0.00043968	2
20.3334	31.9664	-0.000887739	0.000446062	2
20.6325	32.7474	-0.000906396	0.000452044	2
20.9541	33.5192	-0.000924542	0.000457634	2
21.2976	34.2817	-0.000942181	0.00046284	2
21.6628	35.035	-0.000959316	0.000467672	2
22.0492	35.7791	-0.000975951	0.000472136	2
22.4564	36.5139	-0.000992089	0.00047624	2
22.884	37.2396	-0.00100774	0.000479993	2
23.3316	37.9561	-0.00102289	0.000483404	2
23.7988	38.6634	-0.00103756	0.000486479	2
24.2851	39.3616	-0.00105175	0.000489227	2
24.7903	40.0507	-0.00106547	0.000491657	2
25.3139	40.7307	-0.0010787	0.000493775	2
25.8554	41.4016	-0.00109147	0.000495591	2
26.4146	42.0635	-0.00110377	0.000497113	2
26.9909	42.7162	-0.0011156	0.000498347	2
27.584	43.36	-0.00112698	0.000499304	2
28.1863	43.9875	-0.00113778	0.000499984	2
28.8116	44.6133	-0.00114825	0.00050041	2
29.4524	45.2302	-0.00115827	0.000500583	2
30.1083	45.838	-0.00116785	0.00050051	2
30.7791	46.437	-0.00117699	0.000500198	2
31.4642	47.027	-0.00118569	0.000499656	2
32.1632	47.6081	-0.00119395	0.000498893	2
32.8758	48.1803	-0.00120178	0.000497915	2
33.6015	48.7436	-0.00120919	0.000496732	2
34.34	49.298	-0.00121617	0.000495352	2
35.0909	49.8436	-0.00122273	0.000493781	2
35.8536	50.3804	-0.00122888	0.00049203	2
36.6279	50.9083	-0.00123461	0.000490104	2
37.4133	51.4275	-0.00123994	0.000488014	2
38.2095	51.9379	-0.00124486	0.000485766	2
39.016	52.4395	-0.00124938	0.00048337	2
39.8324	52.9323	-0.0012535	0.000480832	2
40.6583	53.4165	-0.00125722	0.000478161	2
41.4933	53.8919	-0.00126056	0.000475366	2
42.337	54.3587	-0.00126351	0.000472453	2
43.1891	54.8167	-0.00126607	0.000469432	2
44.049	55.2661	-0.00126826	0.000466311	2
44.9165	55.7069	-0.00127007	0.000463096	2
45.791	56.139	-0.00127151	0.000459798	2
46.662	56.5577	-0.00127256	0.000456462	2
47.5495	56.9727	-0.00127327	0.00045302	2
48.4428	57.3792	-0.00127362	0.000449517	2
49.3416	57.7771	-0.00127361	0.000445962	2
50.2455	58.1665	-0.00127324	0.000442363	2
51.1541	58.5473	-0.00127252	0.000438728	2
52.067	58.9196	-0.00127146	0.000435065	2
52.9837	59.2835	-0.00127005	0.000431383	2
53.9039	59.6388	-0.00126831	0.000427688	2
54.8272	59.9857	-0.00126622	0.00042399	2
55.7531	60.3242	-0.00126381	0.000420297	2
56.6813	60.6543	-0.00126107	0.000416615	2
57.6113	60.9759	-0.001258	0.000412955	2
58.5428	61.2892	-0.00125461	0.000409323	2
59.4753	61.594	-0.0012509	0.000405728	2
60.4085	61.8906	-0.00124688	0.000402178	2
61.342	62.1788	-0.00124254	0.000398681	2
62.2752	62.4587	-0.00123791	0.000395245	2
63.2079	62.7302	-0.00123296	0.000391878	2
64.1396	62.9935	-0.00122772	0.000388588	2
65.07	63.2485	-0.00122218	0.000385383	2
65.9986	63.4953	-0.00121635	0.000382272	2
66.925	63.7339	-0.00121023	0.000379263	2
67.8382	63.9616	-0.00120391	0.000376395	2
68.759	64.1838	-0.00119722	0.000373611	2
69.6765	64.3978	-0.00119027	0.000370953	2
70.5902	64.6037	-0.00118303	0.000368429	2

74.997	2.00987	2.19533e-08	2.78918e-09	2
74.735	2.86281	9.28607e-07	-7.07775e-08	2
74.4622	3.73315	-1.0433e-07	-7.62557e-07	2
74.1821	4.61075	-3.06271e-06	-2.05548e-06	2
73.8985	5.48513	-7.84411e-06	-3.90494e-06	2
73.6051	6.37636	-1.4524e-05	-6.33426e-06	2
73.3057	7.27403	-2.30214e-05	-9.30539e-06	2
73.0006	8.17786	-3.33002e-05	-1.27985e-05	2
72.6903	9.08759	-4.53244e-05	-1.67937e-05	2
72.3753	10.0029	-5.90578e-05	-2.12711e-05	2
72.0558	10.9236	-7.44644e-05	-2.6211e-05	2
71.7324	11.8494	-9.1508e-05	-3.15934e-05	2
71.4055	12.7799	-0.000110153	-3.73985e-05	2
71.0755	13.715	-0.000130362	-4.36064e-05	2
70.7428	14.6543	-0.0001521	-5.01973e-05	2
70.4078	15.5976	-0.000175331	-5.71514e-05	2
70.071	16.5446	-0.000200018	-6.44487e-05	2
69.7328	17.495	-0.000226125	-7.20694e-05	2
69.3936	18.4486	-0.000253617	-7.99937e-05	2
69.0538	19.4051	-0.000282458	-8.82017e-05	2
68.7138	20.3641	-0.00031261	-9.66736e-05	2
68.3741	21.3255	-0.000344038	-0.000105389	2
68.0351	22.2889	-0.000376706	-0.000114329	2
67.6973	23.2541	-0.000410578	-0.000123474	2
67.3609	24.2208	-0.000445618	-0.000132803	2
67.0265	25.1888	-0.000481789	-0.000142296	2
66.6983	26.1466	-0.000518621	-0.000151822	2
66.369	27.1161	-0.000556935	-0.000161584	2
66.043	28.0861	-0.000596273	-0.000171451	2
65.7206	29.0563	-0.000636599	-0.000181403	2
65.4022	30.0262	-0.000677876	-0.000191421	2
65.0883	30.9958	-0.000720068	-0.000201485	2
64.7793	31.9647	-0.000763139	-0.000211574	2
64.4757	32.9327	-0.000807054	-0.000221669	2
64.1778	33.8994	-0.000851776	-0.000231751	2
63.886	34.8645	-0.000897269	-0.000241799	2
63.6009	35.828	-0.000943496	-0.000251793	2
63.3227	36.7893	-0.000990423	-0.000261714	2
63.052	37.7483	-0.00103801	-0.000271541	2
62.7891	38.7047	-0.00108623	-0.000281256	2
62.5345	39.6583	-0.00113503	-0.000290837	2
62.2886	40.6087	-0.00118439	-0.000300265	2
62.0518	41.5556	-0.00123427	-0.000309521	2
61.8245	42.4989	-0.00128463	-0.000318584	2
61.6072	43.4382	-0.00133544	-0.000327435	2
61.4003	44.3732	-0.00138666	-0.000336054	2
61.2042	45.3037	-0.00143825	-0.00034442	2
61.0193	46.2294	-0.00149018	-0.000352515	2
60.846	47.15	-0.00154241	-0.000360317	2
60.6866	48.0548	-0.0015943	-0.000367724	2
60.5378	48.9645	-0.00164702	-0.000374888	2
60.4018	49.8684	-0.00169994	-0.0003817	2
60.2792	50.766	-0.00175301	-0.000388141	2
60.1703	51.6573	-0.00180621	-0.000394191	2
60.0756	52.5418	-0.00185949	-0.000399831	2
59.9955	53.4193	-0.00191282	-0.00040504	2
59.9304	54.2896	-0.00196616	-0.000409799	2
59.8807	55.1523	-0.00201948	-0.000414087	2
59.8469	56.0072	-0.00207274	-0.000417885	2
59.8294	56.854	-0.00212591	-0.000421173	2
59.8286	57.6925	-0.00217894	-0.000423932	2
59.8449	58.5223	-0.00223181	-0.00042614	2
59.8787	59.3432	-0.00228448	-0.000427779	2
59.9305	60.155	-0.0023369	-0.000428829	2
60.0006	60.9572	-0.00238905	-0.00042927	2
60.0896	61.7498	-0.00244089	-0.000429081	2
60.1978	62.5323	-0.00249238	-0.000428243	2
60.3257	63.3046	-0.00254349	-0.000426737	2
60.4736	64.0663	-0.00259417	-0.000424542	2
60.642	64.8172	-0.0026444	-0.000421638	2
60.8313	65.5569	-0.00269414	-0.000418006	2
61.042	66.2853	-0.00274335	-0.000413626	2
61.2744	67.0021	-0.00279199	-0.000408477	2
61.526	67.6989	-0.00283949	-0.000402614	2
61.8029	68.3916	-0.0028869	-0.000395879	2
62.1029	69.0719	-0.00293365	-0.000388317	2
62.4263	69.7395	-0.00297968	-0.000379907	2
62.7735	70.394	-0.00302497	-0.000370631	2
63.145	71.0352	-0.00306948	-0.000360467	2
63.5413	71.6629	-0.00311317	-0.000349397	2
63.9626	72.2767	-0.00315601	-0.0003374	2
64.4095	72.8764	-0.00319797	-0.000324456	2
64.8824	73.4617	-0.00323899	-0.000310546	2
65.3817	74.0324	-0.00327906	-0.00029565	2
65.9078	74.5881	-0.00331812	-0.000279747	2
66.4611	75.1286	-0.00335616	-0.000262819	2
67.042	75.6536	-0.00339312	-0.000244845	2
67.651	76.1629	-0.00342898	-0.000225805	2
68.2886	76.6561	-0.0034637	-0.00020568	2
68.955	77.133	-0.00349724	-0.000184449	2
69.6508	77.5933	-0.00352956	-0.000162093	2
70.3764	78.0368	-0.00356064	-0.000138592	2
71.1321	78.4631	-0.00359043	-0.000113926	2
71.9184	78.872	-0.0036189	-8.80748e-05	2
72.7358	79.2633	-0.00364601	-6.10193e-05	2
73.5846	79.6365	-0.00367172	-3.27393e-05	2
74.455	79.9876	-0.00369574	-3.5614e-06	2
75.3676	80.3244	-0.00371857	2.72125e-05	2
76.3129	80.6424	-0.0037399	5.92703e-05	2
77.2913	80.9413	-0.0037597	9.26318e-05	2

125	2.01175	-2.68006e-07	2.11826e-07	2
124.967	3.01679	-2.2777e-05	1.76156e-05	2
124.902	4.02211	-4.44819e-05	3.36114e-05	2
124.805	5.01615	-6.5144e-05	4.80258e-05	2
124.678	5.98785	-8.45727e-05	6.07578e-05	2
124.52	6.95998	-0.000103249	7.21415e-05	2
124.332	7.92136	-0.00012097	8.20585e-05	2
124.115	8.87216	-0.000137765	9.05472e-05	2
123.871	9.81257	-0.000153664	9.7646e-05	2
123.599	10.7428	-0.000168697	0.000103393	2
123.301	11.6629	-0.000182892	0.000107827	2
122.977	12.5732	-0.000196279	0.000110987	2
122.628	13.4738	-0.000208887	0.00011291	2
122.255	14.3649	-0.000220746	0.000113635	2
121.858	15.2467	-0.000231885	0.000113201	2
121.44	16.1193	-0.000242334	0.000111645	2
120.999	16.9829	-0.000252121	0.000109007	2
120.537	17.8378	-0.000261277	0.000105324	2
120.055	18.684	-0.00026983	0.000100636	2
119.554	19.5218	-0.00027781	9.49795e-05	2
119.034	20.3514	-0.000285246	8.83941e-05	2
118.496	21.1728	-0.000292169	8.0918e-05	2
117.94	21.9864	-0.000298606	7.25895e-05	2
117.369	22.7922	-0.000304587	6.34471e-05	2
116.781	23.5905	-0.000310143	5.3529e-05	2
116.179	24.3814	-0.000315301	4.28738e-05	2
115.57	25.1561	-0.000320039	3.16541e-05	2
114.941	25.9329	-0.000324496	1.9647e-05	2
114.299	26.7029	-0.000328644	7.01747e-06	2
113.646	27.4661	-0.000332512	-6.1961e-06	2
112.981	28.2229	-0.00033613	-1.99553e-05	2
112.307	28.9734	-0.000339527	-3.42218e-05	2
111.622	29.7178	-0.000342733	-4.89572e-05	2
110.93	30.4562	-0.000345776	-6.4123e-05	2
110.229	31.1888	-0.000348687	-7.96809e-05	2
109.521	31.9159	-0.000351494	-9.55925e-05	2
108.807	32.6375	-0.000354228	-0.000111819	2
108.087	33.3539	-0.000356916	-0.000128323	2
107.363	34.0653	-0.00035959	-0.000145065	2
106.635	34.7717	-0.000362277	-0.000162008	2
105.903	35.4735	-0.000365008	-0.000179112	2
105.169	36.1707	-0.000367812	-0.000196339	2
104.433	36.8636	-0.000370718	-0.000213651	2
103.696	37.5523	-0.000373756	-0.00023101	2
102.959	38.2371	-0.000376955	-0.000248377	2
102.223	38.918	-0.000380344	-0.000265714	2
101.488	39.5953	-0.000383953	-0.000282982	2
100.755	40.2691	-0.000387811	-0.000300143	2
100.026	40.9396	-0.000391947	-0.000317158	2
99.308	41.5994	-0.000396339	-0.000333797	2
98.5865	42.2639	-0.000401116	-0.000350409	2
97.8702	42.9257	-0.00040626	-0.000366761	2
97.16	43.585	-0.0004118	-0.000382815	2
96.4566	44.2418	-0.000417764	-0.000398531	2
95.7608	44.8964	-0.000424183	-0.000413872	2
95.0734	45.549	-0.000431086	-0.000428799	2
94.3951	46.1998	-0.000438502	-0.000443274	2
93.7267	46.8488	-0.000446461	-0.000457258	2
93.069	47.4964	-0.000454991	-0.000470714	2
92.4228	48.1426	-0.000464123	-0.000483602	2
91.7888	48.7877	-0.000473885	-0.000495884	2
91.1678	49.4318	-0.000484308	-0.000507522	2
90.5606	50.0751	-0.000495419	-0.000518478	2
89.968	50.7178	-0.00050725	-0.000528712	2
89.3907	51.3601	-0.000519829	-0.000538187	2
88.8295	52.0021	-0.000533185	-0.000546865	2
88.2852	52.6441	-0.000547348	-0.000554706	2
87.7585	53.2861	-0.000562348	-0.000561673	2
87.2503	53.9285	-0.000578213	-0.000567727	2
86.7613	54.5712	-0.000594973	-0.00057283	2
86.2922	55.2147	-0.000612658	-0.000576943	2
85.8439	55.8589	-0.000631297	-0.000580027	2
85.4171	56.5041	-0.000650918	-0.000582046	2
85.0172	57.143	-0.00067131	-0.000582955	2
84.6355	57.7908	-0.000692974	-0.000582738	2
84.2776	58.44	-0.000715709	-0.00058134	2
83.9444	59.0909	-0.000739544	-0.000578723	2
83.6366	59.7437	-0.000764509	-0.000574847	2
83.3549	60.3986	-0.000790633	-0.000569675	2
83.1001	61.0557	-0.000817946	-0.000563169	2
82.8731	61.7152	-0.000846476	-0.000555289	2
82.6745	62.3773	-0.000876254	-0.000545997	2
82.5052	63.0422	-0.000907308	-0.000535255	2
82.366	63.71	-0.000939668	-0.000523025	2
82.2575	64.3809	-0.000973364	-0.000509268	2
82.1806	65.0552	-0.00100842	-0.000493946	2
82.1361	65.7329	-0.00104488	-0.00047702	2
82.1246	66.4143	-0.00108276	-0.000458453	2
82.1471	67.0995	-0.00112209	-0.000438205	2
82.2043	67.7887	-0.0011629	-0.000416238	2
82.2969	68.4821	-0.00120522	-0.000392514	2
82.4257	69.1799	-0.00124909	-0.000366994	2
82.5915	69.8823	-0.00129453	-0.00033964	2
82.7951	70.5893	-0.00134156	-0.000310414	2
83.0373	71.3013	-0.00139023	-0.000279278	2
83.3187	72.0183	-0.00144055	-0.000246192	2
83.6364	72.7323	-0.00149195	-0.000211533	2
83.9983	73.46	-0.00154566	-0.000174457	2
84.4019	74.1933	-0.00160112	-0.000135317	2
84.8478	74.9324	-0.00165835	-9.40749e-05	2

