-125	2.01262	6.29833e-07	-6.56522e-08	2
-125.014	3.09286	5.52687e-05	-6.62943e-06	2
-125.011	4.17545	0.000111481	-1.51024e-05	2
-124.993	5.24787	0.000168616	-2.53992e-05	2
-124.959	6.29805	0.00022598	-3.73507e-05	2
-124.908	7.3505	0.000284886	-5.12152e-05	2
-124.842	8.39305	0.000344653	-6.68442e-05	2
-124.761	9.42578	0.000405258	-8.4218e-05	2
-124.665	10.4488	0.000466681	-0.000103317	2
-124.553	11.4621	0.0005289	-0.000124121	2
-124.427	12.4659	0.000591895	-0.00014661	2
-124.286	13.4603	0.000655645	-0.000170765	2
-124.13	14.4453	0.000720128	-0.000196565	2
-123.96	15.4209	0.000785323	-0.000223992	2
-123.776	16.3874	0.000851211	-0.000253024	2
-123.578	17.3448	0.000917768	-0.000283643	2
-123.367	18.2932	0.000984976	-0.000315828	2
-123.142	19.2326	0.00105281	-0.00034956	2
-122.903	20.1632	0.00112125	-0.000384819	2
-122.652	21.0851	0.00119028	-0.000421585	2
-122.387	21.9982	0.00125988	-0.000459838	2
-122.11	22.9028	0.00133002	-0.000499558	2
-121.82	23.799	0.00140068	-0.000540727	2
-121.518	24.6867	0.00147185	-0.000583323	2
-121.203	25.5661	0.00154349	-0.000627327	2
-120.877	26.4373	0.0016156	-0.000672719	2
-120.542	27.2905	0.00168731	-0.000718934	2
-120.193	28.1457	0.00176027	-0.000767028	2
-119.831	28.9928	0.00183363	-0.000816451	2
-119.459	29.8322	0.00190736	-0.000867183	2
-119.075	30.6637	0.00198145	-0.000919204	2
-118.681	31.4876	0.00205587	-0.000972495	2
-118.275	32.3038	0.00213061	-0.00102704	2
-117.86	33.1126	0.00220564	-0.00108281	2
-117.434	33.9139	0.00228094	-0.00113979	2
-116.998	34.7079	0.00235649	-0.00119796	2
-116.551	35.4947	0.00243227	-0.0012573	2
-116.096	36.2743	0.00250826	-0.00131779	2
-115.63	37.0469	0.00258443	-0.00137942	2
-115.155	37.8125	0.00266078	-0.00144215	2
-114.671	38.5712	0.00273726	-0.00150598	2
-114.178	39.3231	0.00281388	-0.00157087	2
-113.677	40.0683	0.00289059	-0.00163682	2
-113.166	40.8069	0.00296739	-0.0017038	2
-112.648	41.5389	0.00304425	-0.0017718	2
-112.12	42.2645	0.00312114	-0.00184078	2
-111.585	42.9838	0.00319806	-0.00191074	2
-111.042	43.6968	0.00327498	-0.00198165	2
-110.492	44.4036	0.00335187	-0.00205349	2
-109.94	45.0964	0.00342784	-0.00212541	2
-109.375	45.7912	0.00350462	-0.00219904	2
-108.802	46.4801	0.00358132	-0.00227356	2
-108.223	47.1632	0.00365791	-0.00234892	2
-107.637	47.8406	0.00373437	-0.00242512	2
-107.044	48.5123	0.00381069	-0.00250214	2
-106.445	49.1785	0.00388684	-0.00257995	2
-105.84	49.8392	0.00396279	-0.00265853	2
-105.229	50.4945	0.00403853	-0.00273787	2
-104.612	51.1446	0.00411404	-0.00281794	2
-103.99	51.7895	0.0041893	-0.00289873	2
-103.362	52.4292	0.00426428	-0.00298022	2
-102.729	53.064	0.00433897	-0.00306238	2
-102.091	53.6938	0.00441333	-0.00314519	2
-101.448	54.3188	0.00448736	-0.00322864	2
-100.8	54.939	0.00456104	-0.00331271	2
-100.148	55.5546	0.00463433	-0.00339737	2
-99.4919	56.1655	0.00470722	-0.00348261	2
-98.8315	56.7721	0.00477969	-0.00356841	2
-98.1672	57.3742	0.00485171	-0.00365474	2
-97.4991	57.972	0.00492327	-0.00374159	2
-96.8276	58.5656	0.00499435	-0.00382894	2
-96.1528	59.155	0.00506492	-0.00391677	2
-95.4748	59.7405	0.00513496	-0.00400505	2
-94.8017	60.3153	0.00520366	-0.00409275	2
-94.118	60.893	0.00527259	-0.00418188	2
-93.4317	61.4668	0.00534093	-0.00427141	2
-92.7431	62.0371	0.00540866	-0.00436133	2
-92.0523	62.6037	0.00547576	-0.0044516	2
-91.3595	63.1668	0.00554221	-0.00454221	2
-90.6648	63.7265	0.00560798	-0.00463313	2
-89.9686	64.2828	0.00567305	-0.00472436	2
-89.2709	64.8359	0.00573741	-0.00481587	2
-88.5719	65.3859	0.00580104	-0.00490764	2
-87.8719	65.9328	0.0058639	-0.00499964	2
-87.171	66.4768	0.00592599	-0.00509187	2
-86.4694	67.0178	0.00598727	-0.0051843	2
-85.7674	67.5561	0.00604774	-0.0052769	2
-85.065	68.0917	0.00610736	-0.00536967	2
-84.3625	68.6246	0.00616612	-0.00546258	2
-83.6601	69.155	0.00622399	-0.00555561	2
-82.9579	69.683	0.00628096	-0.00564875	2
-82.2563	70.2086	0.00633701	-0.00574196	2
-81.5552	70.732	0.0063921	-0.00583524	2
-80.855	71.2532	0.00644623	-0.00592855	2
-80.1558	71.7723	0.00649937	-0.00602189	2
-79.4578	72.2894	0.00655149	-0.00611523	2
-78.7692	72.7987	0.00660201	-0.00620748	2
-78.0741	73.3121	0.00665207	-0.00630077	2
-77.3809	73.8238	0.00670105	-0.006394	2
-76.6896	74.3339	0.00674894	-0.00648716	2

-75.0038	2.01218	-3.4189e-07	-2.30474e-07	2
-75.3202	3.05427	-2.9718e-05	-1.91793e-05	2
-75.6127	4.09764	-5.93775e-05	-3.66182e-05	2
-75.8778	5.13018	-8.89705e-05	-5.23532e-05	2
-76.1132	6.14027	-0.000118151	-6.62678e-05	2
-76.3248	7.15149	-0.000147588	-7.87217e-05	2
-76.51	8.15209	-0.000176937	-8.95797e-05	2
-76.6692	9.14216	-0.000206188	-9.8878e-05	2
-76.8026	10.1218	-0.000235333	-0.000106653	2
-76.9106	11.091	-0.000264366	-0.00011294	2
-76.9936	12.0499	-0.000293278	-0.000117777	2
-77.0518	12.9985	-0.000322062	-0.000121198	2
-77.0856	13.937	-0.000350709	-0.000123241	2
-77.0954	14.8653	-0.000379212	-0.000123941	2
-77.0814	15.7837	-0.000407564	-0.000123335	2
-77.044	16.6921	-0.000435755	-0.000121459	2
-76.9836	17.5906	-0.00046378	-0.000118349	2
-76.9004	18.4793	-0.000491629	-0.000114042	2
-76.7948	19.3583	-0.000519295	-0.000108572	2
-76.6672	20.2277	-0.000546771	-0.000101978	2
-76.5178	21.0874	-0.000574048	-9.42944e-05	2
-76.347	21.9377	-0.000601118	-8.55579e-05	2
-76.1551	22.7785	-0.000627975	-7.58047e-05	2
-75.9425	23.6099	-0.00065461	-6.50711e-05	2
-75.7095	24.4321	-0.000681015	-5.33931e-05	2
-75.4565	25.245	-0.000707183	-4.0807e-05	2
-75.1869	26.0396	-0.000732809	-2.75085e-05	2
-74.8949	26.8345	-0.000758482	-1.32242e-05	2
-74.5838	27.6203	-0.000783894	1.85995e-06	2
-74.254	28.3972	-0.000809037	1.77079e-05	2
-73.9057	29.1653	-0.000833905	3.42833e-05	2
-73.5394	29.9246	-0.000858489	5.155e-05	2
-73.1554	30.6752	-0.00088278	6.94719e-05	2
-72.7539	31.4172	-0.000906773	8.80127e-05	2
-72.3353	32.1506	-0.000930458	0.000107136	2
-71.9	32.8756	-0.000953828	0.000126806	2
-71.4483	33.5921	-0.000976875	0.000146987	2
-70.9805	34.3003	-0.000999591	0.000167641	2
-70.497	35.0002	-0.00102197	0.000188733	2
-69.998	35.692	-0.001044	0.000210228	2
-69.484	36.3756	-0.00106568	0.000232087	2
-68.9552	37.0512	-0.001087	0.000254276	2
-68.4119	37.7189	-0.00110794	0.000276758	2
-67.8546	38.3786	-0.00112851	0.000299497	2
-67.2836	39.0306	-0.0011487	0.000322457	2
-66.6991	39.6747	-0.00116849	0.000345601	2
-66.1016	40.3113	-0.00118788	0.000368894	2
-65.4913	40.9402	-0.00120686	0.000392298	2
-64.8685	41.5616	-0.00122543	0.000415779	2
-64.2411	42.1685	-0.00124337	0.000439029	2
-63.5946	42.7752	-0.00126108	0.000462553	2
-62.9368	43.3745	-0.00127836	0.000486044	2
-62.2678	43.9666	-0.00129519	0.000509468	2
-61.5881	44.5516	-0.00131156	0.000532786	2
-60.8979	45.1295	-0.00132747	0.000555964	2
-60.1977	45.7003	-0.00134291	0.000578965	2
-59.4877	46.2643	-0.00135788	0.000601752	2
-58.7683	46.8213	-0.00137235	0.00062429	2
-58.0398	47.3716	-0.00138634	0.000646542	2
-57.3025	47.9152	-0.00139982	0.000668473	2
-56.5567	48.4521	-0.00141279	0.000690045	2
-55.8029	48.9825	-0.00142524	0.000711223	2
-55.0413	49.5063	-0.00143717	0.000731971	2
-54.2723	50.0238	-0.00144857	0.000752252	2
-53.4962	50.5349	-0.00145943	0.00077203	2
-52.7134	51.0397	-0.00146974	0.000791269	2
-51.924	51.5383	-0.00147949	0.000809933	2
-51.1286	52.0308	-0.00148868	0.000827985	2
-50.3275	52.5172	-0.00149729	0.00084539	2
-49.5208	52.9977	-0.00150533	0.000862111	2
-48.7091	53.4723	-0.00151278	0.000878112	2
-47.8927	53.941	-0.00151964	0.000893356	2
-47.0717	54.4039	-0.00152589	0.000907808	2
-46.2562	54.856	-0.00153147	0.00092128	2
-45.4275	55.3077	-0.0015365	0.000934049	2
-44.5953	55.7539	-0.00154091	0.000945917	2
-43.76	56.1946	-0.00154468	0.000956848	2
-42.9219	56.63	-0.00154781	0.000966806	2
-42.0814	57.06	-0.00155029	0.000975755	2
-41.2388	57.4848	-0.00155211	0.000983659	2
-40.3944	57.9044	-0.00155327	0.00099048	2
-39.5485	58.3189	-0.00155376	0.000996184	2
-38.7016	58.7283	-0.00155356	0.00100073	2
-37.8538	59.1329	-0.00155268	0.00100409	2
-37.0057	59.5325	-0.0015511	0.00100623	2
-36.1574	59.9273	-0.00154882	0.0010071	2
-35.3093	60.3175	-0.00154583	0.00100667	2
-34.4618	60.7029	-0.00154212	0.00100491	2
-33.6151	61.0838	-0.00153768	0.00100177	2
-32.7697	61.4602	-0.0015325	0.00099723	2
-31.9259	61.8321	-0.00152658	0.000991245	2
-31.0839	62.1997	-0.00151992	0.000983779	2
-30.2441	62.5629	-0.00151249	0.000974798	2
-29.4069	62.922	-0.0015043	0.000964264	2
-28.5726	63.2769	-0.00149533	0.000952142	2
-27.7415	63.6278	-0.00148559	0.000938396	2
-26.9234	63.9707	-0.00147518	0.000923175	2
-26.0997	64.3137	-0.00146385	0.00090609	2
-25.2801	64.6528	-0.00145172	0.000887272	2
-24.4652	64.9882	-0.00143878	0.000866685	2

-25.0042	2.01153	5.41617e-07	-4.44384e-07	2
-25.3602	3.00442	4.52783e-05	-3.7553e-05	2
-25.7116	4.01126	8.68751e-05	-7.28892e-05	2
-26.0541	5.0203	0.000124859	-0.000106048	2
-26.3838	6.01969	0.000158924	-0.000136723	2
-26.7082	7.03247	0.000189931	-0.000165667	2
-27.0235	8.0468	0.000217532	-0.00019255	2
-27.3295	9.06247	0.000241796	-0.000217411	2
-27.626	10.0793	0.000262793	-0.000240289	2
-27.9131	11.097	0.000280592	-0.000261223	2
-28.1905	12.1154	0.000295263	-0.000280252	2
-28.4583	13.1343	0.000306873	-0.000297415	2
-28.7162	14.1534	0.000315493	-0.000312752	2
-28.9643	15.1726	0.000321192	-0.0003263	2
-29.2023	16.1916	0.000324039	-0.0003381	2
-29.4303	17.2103	0.000324102	-0.00034819	2
-29.648	18.2283	0.000321452	-0.00035661	2
-29.8554	19.2455	0.000316158	-0.000363398	2
-30.0525	20.2617	0.000308288	-0.000368593	2
-30.239	21.2766	0.000297912	-0.000372235	2
-30.415	22.2901	0.0002851	-0.000374362	2
-30.5802	23.3019	0.000269919	-0.000375014	2
-30.7346	24.3118	0.00025244	-0.000374229	2
-30.8782	25.3196	0.000232731	-0.000372047	2
-31.0107	26.3251	0.000210863	-0.000368507	2
-31.1322	27.328	0.000186903	-0.000363648	2
-31.2412	28.3167	0.000161232	-0.000357585	2
-31.3403	29.3139	0.00013332	-0.000350218	2
-31.428	30.308	0.000103524	-0.000341649	2
-31.5042	31.2986	7.19132e-05	-0.000331916	2
-31.5688	32.2856	3.85565e-05	-0.000321058	2
-31.6216	33.2688	3.52317e-06	-0.000309115	2
-31.6627	34.248	-3.31175e-05	-0.000296125	2
-31.692	35.2229	-7.12964e-05	-0.000282128	2
-31.7092	36.1933	-0.000110944	-0.000267163	2
-31.7143	37.159	-0.000151992	-0.000251268	2
-31.7072	38.1198	-0.00019437	-0.000234483	2
-31.6878	39.0754	-0.00023801	-0.000216846	2
-31.6561	40.0257	-0.000282842	-0.000198398	2
-31.6118	40.9705	-0.000328797	-0.000179176	2
-31.555	41.9095	-0.000375806	-0.00015922	2
-31.4854	42.8425	-0.000423799	-0.000138569	2
-31.4031	43.7693	-0.000472708	-0.000117262	2
-31.3079	44.6896	-0.000522463	-9.53385e-05	2
-31.1996	45.6034	-0.000572995	-7.28366e-05	2
-31.0783	46.5103	-0.000624236	-4.97958e-05	2
-30.9438	47.4101	-0.000676114	-2.6255e-05	2
-30.796	48.3026	-0.000728562	-2.25346e-06	2
-30.6349	49.1876	-0.000781511	2.21699e-05	2
-30.4623	50.0549	-0.000834275	4.66889e-05	2
-30.2742	50.9244	-0.000888012	7.1835e-05	2
-30.0724	51.7857	-0.000942044	9.72862e-05	2
-29.8568	52.6387	-0.000996299	0.000123004	2
-29.6274	53.4831	-0.00105071	0.000148948	2
-29.3839	54.3186	-0.00110521	0.00017508	2
-29.1264	55.1452	-0.00115972	0.000201362	2
-28.8546	55.9626	-0.00121418	0.000227753	2
-28.5686	56.7705	-0.00126852	0.000254215	2
-28.2682	57.5688	-0.00132267	0.000280709	2
-27.9534	58.3572	-0.00137656	0.000307196	2
-27.6239	59.1355	-0.00143011	0.000333636	2
-27.2797	59.9036	-0.00148327	0.000359992	2
-26.9208	60.6611	-0.00153597	0.000386222	2
-26.547	61.4078	-0.00158812	0.00041229	2
-26.1582	62.1436	-0.00163967	0.000438155	2
-25.7543	62.8683	-0.00169055	0.000463779	2
-25.3352	63.5816	-0.00174068	0.000489122	2
-24.9009	64.2832	-0.00178999	0.000514146	2
-24.4511	64.9731	-0.00183843	0.000538811	2
-23.9859	65.651	-0.00188591	0.000563078	2
-23.5051	66.3166	-0.00193237	0.000586909	2
-23.0086	66.9697	-0.00197774	0.000610264	2
-22.4964	67.6102	-0.00202195	0.000633105	2
-21.9744	68.2306	-0.00206445	0.000655139	2
-21.4304	68.8452	-0.00210615	0.000676839	2
-20.8704	69.4465	-0.00214648	0.000697909	2
-20.2942	70.0343	-0.00218537	0.000718308	2
-19.7018	70.6083	-0.00222277	0.000737997	2
-19.0929	71.1683	-0.00225859	0.000756938	2
-18.4676	71.7142	-0.00229276	0.000775092	2
-17.8257	72.2457	-0.00232522	0.000792419	2
-17.1671	72.7625	-0.00235591	0.00080888	2
-16.4917	73.2646	-0.00238474	0.000824436	2
-15.7995	73.7516	-0.00241165	0.000839049	2
-15.0903	74.2233	-0.00243657	0.000852679	2
-14.364	74.6795	-0.00245943	0.000865287	2
-13.6205	75.1201	-0.00248017	0.000876834	2
-12.8597	75.5448	-0.00249871	0.000887282	2
-12.0816	75.9533	-0.00251498	0.00089659	2
-11.286	76.3455	-0.00252892	0.000904721	2
-10.4729	76.7211	-0.00254045	0.000911634	2
-9.64203	77.08	-0.00254951	0.000917292	2
-8.79341	77.4219	-0.00255603	0.000921654	2
-7.92692	77.7465	-0.00255993	0.000924682	2
-7.04246	78.0538	-0.00256116	0.000926337	2
-6.13993	78.3434	-0.00255963	0.00092658	2
-5.2299	78.6122	-0.00255535	0.000925393	2
-4.29114	78.8661	-0.00254815	0.000922712	2
-3.334	79.1018	-0.002538	0.000918502	2
-2.35839	79.3189	-0.00252481	0.000912723	2

25.0005	2.01038	2.79187e-07	8.98523e-08	2
25.0288	2.90297	2.35032e-05	7.26688e-06	2
25.0237	3.80559	4.54308e-05	1.34361e-05	2
24.9856	4.70778	6.58053e-05	1.85315e-05	2
24.9163	5.59913	8.44412e-05	2.2536e-05	2
24.8151	6.50029	0.000101794	2.55662e-05	2
24.6833	7.40083	0.000117661	2.75933e-05	2
24.5219	8.30068	0.000132064	2.8641e-05	2
24.3317	9.19978	0.000145026	2.8733e-05	2
24.1135	10.0981	0.000156569	2.7893e-05	2
23.8682	10.9954	0.000166716	2.61446e-05	2
23.5965	11.8919	0.000175489	2.35117e-05	2
23.2994	12.7873	0.000182911	2.00178e-05	2
22.9777	13.6816	0.000189003	1.56866e-05	2
22.6321	14.5748	0.000193789	1.05419e-05	2
22.2636	15.4667	0.000197292	4.60743e-06	2
21.873	16.3574	0.000199532	-2.09323e-06	2
21.4611	17.2467	0.000200534	-9.53633e-06	2
21.0288	18.1345	0.000200318	-1.76982e-05	2
20.5768	19.0209	0.000198909	-2.65551e-05	2
20.1062	19.9058	0.000196327	-3.60833e-05	2
19.6175	20.789	0.000192596	-4.62593e-05	2
19.1118	21.6705	0.000187738	-5.70591e-05	2
18.5899	22.5502	0.000181776	-6.84593e-05	2
18.0525	23.4282	0.000174731	-8.0436e-05	2
17.5006	24.3042	0.000166627	-9.29656e-05	2
16.9415	25.1683	0.000157597	-0.000105871	2
16.3631	26.0403	0.000147453	-0.00011943	2
15.7726	26.9103	0.000136316	-0.000133471	2
15.1709	27.7782	0.000124209	-0.000147969	2
14.5588	28.6438	0.000111154	-0.000162903	2
13.9372	29.5071	9.71738e-05	-0.000178248	2
13.3068	30.3681	8.22911e-05	-0.00019398	2
12.6686	31.2266	6.6528e-05	-0.000210075	2
12.0233	32.0827	4.99071e-05	-0.00022651	2
11.3718	32.9361	3.24507e-05	-0.000243262	2
10.715	33.787	1.41813e-05	-0.000260306	2
10.0537	34.6352	-4.87866e-06	-0.000277619	2
9.38864	35.4806	-2.47067e-05	-0.000295176	2
8.72077	36.3232	-4.52804e-05	-0.000312956	2
8.0509	37.1628	-6.65774e-05	-0.000330933	2
7.37985	37.9996	-8.85751e-05	-0.000349083	2
6.70848	38.8333	-0.000111251	-0.000367385	2
6.03762	39.6639	-0.000134583	-0.000385813	2
5.36811	40.4913	-0.000158548	-0.000404343	2
4.70078	41.3156	-0.000183125	-0.000422953	2
4.03648	42.1365	-0.00020829	-0.000441619	2
3.37604	42.9541	-0.000234021	-0.000460316	2
2.7203	43.7682	-0.000260296	-0.000479021	2
2.07754	44.5695	-0.000286781	-0.000497496	2
1.43364	45.3767	-0.00031407	-0.000516148	2
0.796942	46.1802	-0.000341835	-0.000534736	2
0.168294	46.98	-0.000370055	-0.000553238	2
-0.451472	47.776	-0.000398707	-0.00057163	2
-1.06152	48.5682	-0.000427768	-0.000589888	2
-1.661	49.3566	-0.000457215	-0.000607989	2
-2.24908	50.1409	-0.000487027	-0.000625908	2
-2.82493	50.9212	-0.000517181	-0.000643623	2
-3.38771	51.6975	-0.000547655	-0.000661109	2
-3.93657	52.4695	-0.000578425	-0.000678343	2
-4.47068	53.2374	-0.00060947	-0.000695301	2
-4.9892	54.0009	-0.000640767	-0.000711959	2
-5.49129	54.7601	-0.000672294	-0.000728293	2
-5.97611	55.5149	-0.000704029	-0.000744281	2
-6.44283	56.2651	-0.000735948	-0.000759898	2
-6.89061	57.0108	-0.000768029	-0.000775121	2
-7.31861	57.7519	-0.00080025	-0.000789925	2
-7.72598	58.4882	-0.000832589	-0.000804287	2
-8.1119	59.2198	-0.000865023	-0.000818184	2
-8.47552	59.9466	-0.000897529	-0.000831592	2
-8.816	60.6685	-0.000930086	-0.000844487	2
-9.13252	61.3854	-0.00096267	-0.000856845	2
-9.42422	62.0973	-0.00099526	-0.000868643	2
-9.68736	62.796	-0.00102746	-0.000879731	2
-9.92723	63.4976	-0.00105999	-0.000890344	2
-10.1398	64.1941	-0.00109246	-0.000900326	2
-10.3242	64.8852	-0.00112485	-0.000909654	2
-10.4796	65.571	-0.00115713	-0.000918302	2
-10.6052	66.2513	-0.00118928	-0.000926249	2
-10.7001	66.9262	-0.00122128	-0.000933469	2
-10.7635	67.5955	-0.00125311	-0.00093994	2
-10.7945	68.2591	-0.00128474	-0.000945638	2
-10.7924	68.9171	-0.00131615	-0.000950538	2
-10.7562	69.5693	-0.00134732	-0.000954618	2
-10.6852	70.2156	-0.00137822	-0.000957853	2
-10.5785	70.8561	-0.00140884	-0.00096022	2
-10.4352	71.4906	-0.00143915	-0.000961696	2
-10.2546	72.119	-0.00146913	-0.000962256	2
-10.0357	72.7414	-0.00149876	-0.000961877	2
-9.77782	73.3576	-0.00152801	-0.000960534	2
-9.48003	73.9675	-0.00155686	-0.000958206	2
-9.1415	74.5712	-0.00158529	-0.000954867	2
-8.7614	75.1684	-0.00161328	-0.000950493	2
-8.3389	75.7593	-0.0016408	-0.000945063	2
-7.87315	76.3436	-0.00166783	-0.000938551	2
-7.36332	76.9214	-0.00169435	-0.000930933	2
-6.8152	77.486	-0.00172005	-0.000922294	2
-6.21521	78.0506	-0.00174549	-0.000912409	2
-5.56864	78.6083	-0.00177035	-0.000901348	2
-4.87464	79.1592	-0.00179461	-0.000889088	2

74.9989	2.01127	-2.93267e-07	-2.57906e-08	2
74.8928	2.97274	-2.50649e-05	-2.4537e-06	2
74.7589	3.92982	-4.92375e-05	-5.33087e-06	2
74.5986	4.87152	-7.25433e-05	-8.62962e-06	2
74.415	5.78756	-9.4754e-05	-1.2303e-05	2
74.2041	6.69951	-0.000116411	-1.64344e-05	2
73.9686	7.59693	-0.000137278	-2.09819e-05	2
73.7089	8.48009	-0.000157379	-2.59434e-05	2
73.4256	9.34928	-0.00017674	-3.13171e-05	2
73.1192	10.2048	-0.000195386	-3.7101e-05	2
72.7902	11.0469	-0.000213342	-4.32934e-05	2
72.4392	11.8758	-0.000230635	-4.98924e-05	2
72.0667	12.6919	-0.000247289	-5.68959e-05	2
71.6732	13.4955	-0.000263331	-6.43023e-05	2
71.2593	14.2867	-0.000278784	-7.21095e-05	2
70.8255	15.066	-0.000293675	-8.03157e-05	2
70.3722	15.8335	-0.000308029	-8.8919e-05	2
69.9001	16.5897	-0.000321872	-9.79175e-05	2
69.4097	17.3346	-0.000335228	-0.000107309	2
68.9014	18.0687	-0.000348124	-0.000117093	2
68.3759	18.7922	-0.000360584	-0.000127266	2
67.8336	19.5053	-0.000372635	-0.000137826	2
67.2751	20.2085	-0.000384301	-0.000148773	2
66.7009	20.9019	-0.000395608	-0.000160103	2
66.1115	21.5858	-0.000406581	-0.000171815	2
65.5075	22.2606	-0.000417246	-0.000183908	2
64.8966	22.9189	-0.00042751	-0.000196233	2
64.2651	23.5762	-0.000437638	-0.000209076	2
63.6205	24.2252	-0.000447532	-0.000222293	2
62.9634	24.8661	-0.00045722	-0.000235883	2
62.2942	25.4993	-0.000466727	-0.000249843	2
61.6136	26.125	-0.000476077	-0.000264173	2
60.9221	26.7434	-0.000485297	-0.000278869	2
60.2201	27.355	-0.000494411	-0.000293931	2
59.5083	27.9599	-0.000503445	-0.000309356	2
58.787	28.5584	-0.000512425	-0.000325142	2
58.057	29.1508	-0.000521375	-0.000341288	2
57.3186	29.7374	-0.000530322	-0.000357791	2
56.5725	30.3185	-0.00053929	-0.000374649	2
55.8192	30.8944	-0.000548306	-0.000391862	2
55.0591	31.4653	-0.000557394	-0.000409426	2
54.2928	32.0316	-0.000566579	-0.000427341	2
53.5208	32.5934	-0.000575888	-0.000445603	2
52.7438	33.1511	-0.000585346	-0.000464212	2
51.9621	33.705	-0.000594978	-0.000483165	2
51.1763	34.2554	-0.000604809	-0.000502461	2
50.387	34.8025	-0.000614865	-0.000522097	2
49.5947	35.3466	-0.000625171	-0.000542072	2
48.7999	35.888	-0.000635753	-0.000562384	2
48.0123	36.4208	-0.00064651	-0.000582791	2
47.2141	36.9577	-0.000657715	-0.000603767	2
46.415	37.4927	-0.000669273	-0.000625074	2
45.6155	38.0261	-0.000681207	-0.000646711	2
44.8161	38.5582	-0.000693544	-0.000668675	2
44.0175	39.0894	-0.000706309	-0.000690964	2
43.22	39.6198	-0.000719526	-0.000713577	2
42.4242	40.1497	-0.000733223	-0.000736512	2
41.6307	40.6795	-0.000747423	-0.000759767	2
40.84	41.2094	-0.000762153	-0.000783339	2
40.0526	41.7396	-0.000777438	-0.000807228	2
39.2691	42.2706	-0.000793303	-0.000831431	2
38.4899	42.8025	-0.000809773	-0.000855946	2
37.7156	43.3357	-0.000826875	-0.000880772	2
36.9468	43.8704	-0.000844633	-0.000905906	2
36.1839	44.4068	-0.000863073	-0.000931347	2
35.4275	44.9454	-0.00088222	-0.000957093	2
34.6781	45.4864	-0.000902099	-0.000983142	2
33.9363	46.03	-0.000922737	-0.00100949	2
33.2025	46.5765	-0.000944159	-0.00103614	2
32.4773	47.1262	-0.000966389	-0.00106309	2
31.7612	47.6795	-0.000989453	-0.00109033	2
31.0548	48.2365	-0.00101338	-0.00111786	2
30.3586	48.7976	-0.00103819	-0.00114569	2
29.6809	49.3564	-0.0010636	-0.00117348	2
29.0065	49.9264	-0.00109025	-0.00120188	2
28.3439	50.5013	-0.00111785	-0.00123057	2
27.6935	51.0814	-0.00114645	-0.00125954	2
27.056	51.6669	-0.00117605	-0.00128879	2
26.4318	52.2582	-0.00120669	-0.00131833	2
25.8215	52.8555	-0.0012384	-0.00134814	2
25.2256	53.4592	-0.00127119	-0.00137823	2
24.6446	54.0694	-0.00130509	-0.00140859	2
24.0791	54.6865	-0.00134014	-0.00143923	2
23.5296	55.3107	-0.00137634	-0.00147013	2
22.9966	55.9424	-0.00141374	-0.00150131	2
22.4806	56.5819	-0.00145235	-0.00153275	2
21.9822	57.2293	-0.00149221	-0.00156446	2
21.5019	57.885	-0.00153332	-0.00159643	2
21.0403	58.5493	-0.00157574	-0.00162867	2
20.5978	59.2224	-0.00161946	-0.00166116	2
20.175	59.9046	-0.00166453	-0.00169391	2
19.7724	60.5963	-0.00171097	-0.00172692	2
19.3905	61.2976	-0.0017588	-0.00176018	2
19.03	62.009	-0.00180804	-0.00179369	2
18.6912	62.7306	-0.00185873	-0.00182745	2
18.3747	63.4627	-0.00191089	-0.00186146	2
18.0844	64.1971	-0.00196392	-0.00189532	2
17.8139	64.951	-0.00201908	-0.00192982	2
17.5674	65.7163	-0.00207578	-0.00196456	2
17.3452	66.4933	-0.00213405	-0.00199955	2

124.999	2.01162	4.32907e-08	-4.40498e-07	2
124.941	3.00679	5.2474e-06	-3.69615e-05	2
124.864	4.00547	1.34604e-05	-7.1199e-05	2
124.77	4.99617	2.45922e-05	-0.000102759	2
124.66	5.96777	3.84187e-05	-0.000131372	2
124.533	6.94299	5.52152e-05	-0.00015775	2
124.389	7.91061	7.47905e-05	-0.000181591	2
124.229	8.87077	9.70977e-05	-0.000202943	2
124.053	9.82359	0.00012209	-0.000221853	2
123.862	10.7692	0.00014972	-0.000238368	2
123.655	11.7077	0.000179942	-0.000252536	2
123.434	12.6393	0.000212709	-0.000264403	2
123.198	13.564	0.000247973	-0.000274016	2
122.947	14.4821	0.000285687	-0.000281423	2
122.682	15.3936	0.000325806	-0.000286671	2
122.404	16.2986	0.000368282	-0.000289806	2
122.112	17.1973	0.000413068	-0.000290876	2
121.807	18.0898	0.000460118	-0.000289928	2
121.489	18.9763	0.000509384	-0.000287009	2
121.158	19.8568	0.00056082	-0.000282167	2
120.815	20.7316	0.000614379	-0.000275447	2
120.46	21.6006	0.000670014	-0.000266899	2
120.093	22.4641	0.000727678	-0.000256567	2
119.715	23.3222	0.000787325	-0.0002445	2
119.325	24.175	0.000848907	-0.000230745	2
118.925	25.0227	0.000912378	-0.000215349	2
118.518	25.8556	0.000976929	-0.000198562	2
118.097	26.6934	0.00104402	-0.000180042	2
117.666	27.5264	0.00111285	-0.000160022	2
117.225	28.3547	0.00118339	-0.000138548	2
116.774	29.1785	0.00125558	-0.000115669	2
116.314	29.9979	0.00132938	-9.14295e-05	2
115.846	30.813	0.00140474	-6.58785e-05	2
115.368	31.624	0.00148162	-3.90625e-05	2
114.883	32.431	0.00155996	-1.10288e-05	2
114.389	33.2341	0.00163973	1.81757e-05	2
113.888	34.0334	0.00172087	4.85037e-05	2
113.379	34.8291	0.00180333	7.99082e-05	2
112.863	35.6213	0.00188708	0.000112342	2
112.341	36.4102	0.00197206	0.000145758	2
111.811	37.1958	0.00205822	0.00018011	2
111.276	37.9782	0.00214553	0.000215349	2
110.734	38.7577	0.00223393	0.00025143	2
110.187	39.5344	0.00232337	0.000288304	2
109.634	40.3083	0.00241381	0.000325925	2
109.076	41.0796	0.00250521	0.000364246	2
108.514	41.8484	0.00259751	0.000403219	2
107.947	42.6148	0.00269067	0.000442798	2
107.375	43.3791	0.00278464	0.000482935	2
106.806	44.1325	0.00287828	0.000523113	2
106.227	44.8927	0.00297373	0.000564221	2
105.645	45.6511	0.00306985	0.000605746	2
105.059	46.4077	0.00316659	0.000647641	2
104.471	47.1628	0.00326391	0.00068986	2
103.88	47.9164	0.00336176	0.000732355	2
103.286	48.6687	0.0034601	0.000775079	2
102.691	49.4199	0.00355887	0.000817986	2
102.094	50.1699	0.00365804	0.000861027	2
101.496	50.919	0.00375755	0.000904156	2
100.897	51.6673	0.00385735	0.000947326	2
100.297	52.4149	0.00395741	0.000990489	2
99.6962	53.1619	0.00405766	0.0010336	2
99.0954	53.9085	0.00415808	0.00107661	2
98.4947	54.6548	0.0042586	0.00111947	2
97.8943	55.4009	0.00435919	0.00116214	2
97.2946	56.147	0.00445979	0.00120456	2
96.6958	56.8932	0.00456036	0.0012467	2
96.0982	57.6396	0.00466086	0.0012885	2
95.5021	58.3863	0.00476123	0.00132992	2
94.9078	59.1335	0.00486143	0.0013709	2
94.3157	59.8812	0.00496141	0.00141141	2
93.7259	60.6297	0.00506112	0.0014514	2
93.1388	61.3791	0.00516052	0.00149081	2
92.5613	62.1208	0.00525843	0.00152916	2
91.9803	62.8722	0.00535707	0.0015673	2
91.4029	63.6248	0.00545526	0.00160472	2
90.8293	64.3789	0.00555295	0.00164139	2
90.2598	65.1344	0.0056501	0.00167724	2
89.6948	65.8915	0.00574665	0.00171225	2
89.1344	66.6503	0.00584257	0.00174635	2
88.5789	67.4111	0.00593779	0.00177951	2
88.0288	68.1738	0.00603229	0.00181167	2
87.4842	68.9387	0.006126	0.00184279	2
86.9454	69.7058	0.00621889	0.00187282	2
86.4128	70.4753	0.0063109	0.00190171	2
85.8866	71.2473	0.006402	0.00192942	2
85.3671	72.022	0.00649212	0.0019559	2
84.8547	72.7994	0.00658123	0.0019811	2
84.3495	73.5797	0.00666928	0.00200498	2
83.8518	74.3631	0.00675623	0.00202748	2
83.3621	75.1496	0.00684201	0.00204857	2
82.8805	75.9394	0.0069266	0.00206819	2
82.4074	76.7326	0.00700994	0.00208629	2
81.9429	77.5293	0.00709198	0.00210284	2
81.4876	78.3297	0.00717268	0.00211778	2
81.0415	79.1339	0.00725199	0.00213107	2
80.61	79.9327	0.00732898	0.00214253	2
80.1833	80.7448	0.00740539	0.00215238	2
79.7667	81.5611	0.00748027	0.00216044	2
79.3607	82.3817	0.00755358	0.00216666	2

