-125.001	2.01138	-9.2627e-08	-3.95819e-07	2
-125.06	2.98671	-6.36217e-06	-3.31696e-05	2
-125.135	3.96682	-9.32689e-06	-6.38054e-05	2
-125.226	4.94043	-8.9466e-06	-9.19509e-05	2
-125.33	5.89656	-5.33449e-06	-0.000117368	2
-125.451	6.85755	1.54151e-06	-0.000140692	2
-125.586	7.81235	1.16058e-05	-0.000161656	2
-125.736	8.76104	2.48058e-05	-0.000180304	2
-125.9	9.70375	4.10892e-05	-0.00019668	2
-126.078	10.6406	6.04036e-05	-0.000210828	2
-126.27	11.5716	8.26963e-05	-0.00022279	2
-126.475	12.497	0.000107915	-0.000232612	2
-126.693	13.4167	0.000136007	-0.000240336	2
-126.924	14.331	0.000166921	-0.000246006	2
-127.167	15.2399	0.000200603	-0.000249666	2
-127.423	16.1435	0.000237001	-0.00025136	2
-127.691	17.042	0.000276063	-0.000251131	2
-127.971	17.9354	0.000317737	-0.000249023	2
-128.262	18.8238	0.000361969	-0.000245079	2
-128.565	19.7073	0.000408708	-0.000239344	2
-128.878	20.5861	0.0004579	-0.000231861	2
-129.203	21.4602	0.000509495	-0.000222674	2
-129.538	22.3297	0.000563438	-0.000211826	2
-129.883	23.1948	0.000619678	-0.000199361	2
-130.238	24.0555	0.000678162	-0.000185324	2
-130.603	24.912	0.000738837	-0.000169756	2
-130.974	25.7546	0.000800918	-0.000152907	2
-131.357	26.6029	0.000865796	-0.000134428	2
-131.75	27.4472	0.000932709	-0.00011455	2
-132.151	28.2877	0.00100161	-9.33168e-05	2
-132.561	29.1245	0.00107243	-7.07719e-05	2
-132.978	29.9576	0.00114513	-4.69592e-05	2
-133.404	30.7872	0.00121966	-2.19223e-05	2
-133.838	31.6133	0.00129596	4.29515e-06	2
-134.278	32.4361	0.00137399	3.16494e-05	2
-134.726	33.2557	0.00145367	6.00968e-05	2
-135.181	34.0721	0.00153498	8.95936e-05	2
-135.643	34.8855	0.00161785	0.000120096	2
-136.111	35.6959	0.00170222	0.000151561	2
-136.584	36.5035	0.00178806	0.000183944	2
-137.064	37.3084	0.0018753	0.000217201	2
-137.549	38.1107	0.0019639	0.00025129	2
-138.04	38.9105	0.00205379	0.000286166	2
-138.536	39.7078	0.00214494	0.000321786	2
-139.036	40.5028	0.00223728	0.000358105	2
-139.541	41.2956	0.00233076	0.000395081	2
-140.05	42.0863	0.00242533	0.000432669	2
-140.564	42.875	0.00252094	0.000470826	2
-141.081	43.6617	0.00261754	0.000509509	2
-141.595	44.4376	0.00271395	0.00054822	2
-142.119	45.2209	0.00281235	0.000587817	2
-142.646	46.0026	0.00291158	0.000627808	2
-143.175	46.7827	0.00301159	0.000668151	2
-143.707	47.5615	0.00311232	0.0007088	2
-144.241	48.3389	0.00321373	0.000749713	2
-144.777	49.1152	0.00331575	0.000790846	2
-145.314	49.8903	0.00341834	0.000832155	2
-145.853	50.6645	0.00352145	0.000873597	2
-146.394	51.4377	0.00362502	0.000915127	2
-146.935	52.2102	0.003729	0.000956703	2
-147.476	52.982	0.00383333	0.00099828	2
-148.018	53.7532	0.00393797	0.00103981	2
-148.56	54.524	0.00404286	0.00108126	2
-149.102	55.2943	0.00414795	0.00112258	2
-149.644	56.0644	0.00425319	0.00116373	2
-150.185	56.8343	0.00435853	0.00120466	2
-150.725	57.6041	0.0044639	0.00124532	2
-151.264	58.3739	0.00456927	0.00128569	2
-151.801	59.1439	0.00467457	0.0013257	2
-152.336	59.9141	0.00477976	0.00136533	2
-152.87	60.6846	0.00488479	0.00140452	2
-153.401	61.4556	0.00498959	0.00144322	2
-153.93	62.2271	0.00509412	0.00148141	2
-154.45	62.9904	0.00519713	0.0015186	2
-154.973	63.7632	0.00530096	0.00155562	2
-155.493	64.537	0.00540436	0.00159198	2
-156.009	65.3116	0.00550729	0.00162765	2
-156.522	66.0873	0.00560968	0.00166257	2
-157.03	66.8642	0.00571148	0.00169671	2
-157.534	67.6423	0.00581264	0.00173003	2
-158.034	68.4218	0.00591311	0.00176247	2
-158.528	69.2027	0.00601284	0.00179399	2
-159.018	69.9851	0.00611178	0.00182456	2
-159.502	70.7693	0.00620986	0.00185412	2
-159.981	71.5552	0.00630704	0.00188264	2
-160.453	72.3429	0.00640327	0.00191006	2
-160.92	73.1326	0.0064985	0.00193636	2
-161.38	73.9244	0.00659266	0.00196147	2
-161.833	74.7184	0.00668572	0.00198536	2
-162.28	75.5146	0.00677761	0.00200799	2
-162.719	76.3132	0.00686828	0.00202931	2
-163.151	77.1143	0.00695769	0.00204928	2
-163.575	77.9179	0.00704578	0.00206785	2
-163.991	78.7242	0.00713249	0.00208498	2
-164.399	79.5333	0.00721778	0.00210063	2
-164.799	80.3453	0.00730159	0.00211475	2
-165.185	81.1509	0.00738293	0.00212716	2
-165.567	81.969	0.00746365	0.00213811	2
-165.939	82.7902	0.00754273	0.00214741	2
-166.302	83.6147	0.00762012	0.002155	2

-74.9999	2.01259	5.23338e-07	-5.15777e-08	2
-74.9851	3.08939	4.61744e-05	-5.47089e-06	2
-74.9531	4.16744	9.36342e-05	-1.29168e-05	2
-74.9044	5.23425	0.000142353	-2.23147e-05	2
-74.8399	6.27784	0.000191722	-3.35009e-05	2
-74.7584	7.32258	0.000242865	-4.67127e-05	2
-74.6607	8.35638	0.000295187	-6.18082e-05	2
-74.547	9.37934	0.000348661	-7.87647e-05	2
-74.4175	10.3916	0.000403261	-9.75592e-05	2
-74.2725	11.3931	0.00045896	-0.000118169	2
-74.112	12.3842	0.000515733	-0.000140571	2
-73.9364	13.3648	0.000573551	-0.000164742	2
-73.7459	14.3351	0.000632388	-0.00019066	2
-73.5405	15.2951	0.000692219	-0.000218302	2
-73.3206	16.245	0.000753015	-0.000247644	2
-73.0864	17.1849	0.000814752	-0.000278664	2
-72.8379	18.1148	0.000877401	-0.00031134	2
-72.5756	19.0349	0.000940936	-0.000345647	2
-72.2994	19.9453	0.00100533	-0.000381564	2
-72.0097	20.846	0.00107056	-0.000419068	2
-71.7067	21.7373	0.00113659	-0.000458135	2
-71.3905	22.6191	0.00120341	-0.000498742	2
-71.0614	23.4915	0.00127098	-0.000540868	2
-70.7195	24.3548	0.00133927	-0.000584489	2
-70.3651	25.2089	0.00140826	-0.000629581	2
-69.9983	26.054	0.00147793	-0.000676123	2
-69.6239	26.8806	0.00154743	-0.000723532	2
-69.2332	27.7081	0.00161836	-0.000772888	2
-68.8307	28.5268	0.00168988	-0.000823625	2
-68.4168	29.3369	0.00176197	-0.00087572	2
-67.9915	30.1385	0.0018346	-0.00092915	2
-67.5551	30.9317	0.00190774	-0.000983892	2
-67.1078	31.7166	0.00198137	-0.00103992	2
-66.6498	32.4932	0.00205546	-0.00109722	2
-66.1812	33.2618	0.00212999	-0.00115576	2
-65.7023	34.0223	0.00220492	-0.00121553	2
-65.2133	34.7749	0.00228023	-0.00127649	2
-64.7144	35.5197	0.0023559	-0.00133862	2
-64.2058	36.2568	0.00243189	-0.00140191	2
-63.6877	36.9863	0.00250819	-0.00146633	2
-63.1603	37.7083	0.00258475	-0.00153185	2
-62.6238	38.4228	0.00266157	-0.00159846	2
-62.0784	39.1301	0.00273861	-0.00166613	2
-61.5243	39.8302	0.00281584	-0.00173484	2
-60.9617	40.5231	0.00289324	-0.00180456	2
-60.3908	41.2091	0.00297078	-0.00187527	2
-59.8119	41.8881	0.00304844	-0.00194695	2
-59.225	42.5604	0.00312618	-0.00201958	2
-58.6305	43.226	0.00320399	-0.00209313	2
-58.0354	43.8774	0.00328093	-0.00216673	2
-57.4262	44.5299	0.00335878	-0.00224205	2
-56.8099	45.176	0.00343661	-0.00231822	2
-56.1868	45.8159	0.00351439	-0.00239523	2
-55.5569	46.4495	0.0035921	-0.00247305	2
-54.9206	47.0771	0.00366972	-0.00255165	2
-54.2781	47.6986	0.00374721	-0.00263102	2
-53.6294	48.3143	0.00382455	-0.00271113	2
-52.975	48.9242	0.00390171	-0.00279196	2
-52.3148	49.5284	0.00397866	-0.00287348	2
-51.6492	50.127	0.00405539	-0.00295568	2
-50.9783	50.7201	0.00413185	-0.00303852	2
-50.3024	51.3078	0.00420803	-0.00312199	2
-49.6217	51.8902	0.0042839	-0.00320606	2
-48.9363	52.4675	0.00435944	-0.00329072	2
-48.2464	53.0397	0.0044346	-0.00337593	2
-47.5523	53.6068	0.00450938	-0.00346168	2
-46.8542	54.1691	0.00458374	-0.00354794	2
-46.1522	54.7267	0.00465766	-0.00363469	2
-45.4466	55.2795	0.0047311	-0.0037219	2
-44.7376	55.8278	0.00480405	-0.00380956	2
-44.0253	56.3716	0.00487647	-0.00389764	2
-43.3101	56.911	0.00494834	-0.00398612	2
-42.5919	57.4461	0.00501964	-0.00407497	2
-41.8795	57.971	0.00508952	-0.00416315	2
-41.1564	58.498	0.00515958	-0.00425268	2
-40.4311	59.0209	0.00522899	-0.00434252	2
-39.7037	59.54	0.00529772	-0.00443264	2
-38.9745	60.0553	0.00536574	-0.00452302	2
-38.2438	60.567	0.00543301	-0.00461364	2
-37.5116	61.0751	0.00549953	-0.00470447	2
-36.7782	61.5797	0.00556526	-0.0047955	2
-36.0438	62.0809	0.00563016	-0.0048867	2
-35.3086	62.5789	0.00569423	-0.00497804	2
-34.5728	63.0737	0.00575742	-0.0050695	2
-33.8366	63.5655	0.00581972	-0.00516107	2
-33.1002	64.0543	0.0058811	-0.00525272	2
-32.3639	64.5402	0.00594152	-0.00534442	2
-31.6277	65.0234	0.00600097	-0.00543615	2
-30.892	65.5039	0.00605942	-0.00552789	2
-30.1568	65.9819	0.00611684	-0.00561962	2
-29.4225	66.4574	0.0061732	-0.00571131	2
-28.6892	66.9305	0.00622847	-0.00580294	2
-27.9572	67.4014	0.00628264	-0.00589449	2
-27.2266	67.8701	0.00633567	-0.00598594	2
-26.4976	68.3368	0.00638754	-0.00607725	2
-25.7704	68.8015	0.00643822	-0.00616842	2
-25.0536	69.2591	0.00648712	-0.00625837	2
-24.3306	69.7202	0.00653535	-0.00634917	2
-23.6102	70.1797	0.00658232	-0.00643975	2
-22.8923	70.6377	0.00662799	-0.00653008	2

-25.004	2.01206	-3.95681e-07	-1.91988e-07	2
-25.3383	3.04428	-3.42358e-05	-1.59717e-05	2
-25.6488	4.07856	-6.80887e-05	-3.04847e-05	2
-25.9318	5.10289	-0.000101556	-4.35709e-05	2
-26.1847	6.10573	-0.000134258	-5.51354e-05	2
-26.4139	7.11046	-0.000166952	-6.54784e-05	2
-26.6166	8.1054	-0.000199253	-7.44893e-05	2
-26.7931	9.09062	-0.000231159	-8.21997e-05	2
-26.9437	10.0662	-0.000262667	-8.86414e-05	2
-27.0688	11.0321	-0.000293775	-9.3846e-05	2
-27.1686	11.9884	-0.000324481	-9.78453e-05	2
-27.2436	12.9353	-0.000354781	-0.000100671	2
-27.294	13.8727	-0.000384675	-0.000102355	2
-27.3202	14.8007	-0.000414158	-0.000102928	2
-27.3225	15.7193	-0.000443229	-0.000102423	2
-27.3012	16.6287	-0.000471885	-0.000100871	2
-27.2567	17.5288	-0.000500123	-9.83038e-05	2
-27.1893	18.4197	-0.000527942	-9.47532e-05	2
-27.0993	19.3016	-0.000555339	-9.02508e-05	2
-26.9871	20.1743	-0.000582311	-8.48284e-05	2
-26.8529	21.038	-0.000608856	-7.85177e-05	2
-26.6972	21.8927	-0.000634972	-7.13502e-05	2
-26.5202	22.7386	-0.000660655	-6.33578e-05	2
-26.3223	23.5755	-0.000685904	-5.45722e-05	2
-26.1038	24.4037	-0.000710716	-4.5025e-05	2
-25.865	25.2231	-0.000735089	-3.47479e-05	2
-25.6094	26.0246	-0.000758747	-2.39026e-05	2
-25.3313	26.8267	-0.000782238	-1.22684e-05	2
-25.034	27.6203	-0.000805283	9.57751e-10	2
-24.7177	28.4054	-0.000827879	1.28738e-05	2
-24.3828	29.182	-0.000850023	2.63183e-05	2
-24.0296	29.9501	-0.000871713	4.03028e-05	2
-23.6584	30.7099	-0.000892946	5.47957e-05	2
-23.2696	31.4614	-0.000913721	6.97653e-05	2
-22.8635	32.2046	-0.000934033	8.51797e-05	2
-22.4404	32.9396	-0.000953882	0.000101007	2
-22.0007	33.6664	-0.000973265	0.000117217	2
-21.5447	34.3852	-0.000992179	0.000133776	2
-21.0727	35.0959	-0.00101062	0.000150653	2
-20.5851	35.7986	-0.00102859	0.000167817	2
-20.0821	36.4933	-0.00104608	0.000185235	2
-19.5642	37.1802	-0.0010631	0.000202876	2
-19.0316	37.8593	-0.00107963	0.000220709	2
-18.4846	38.5306	-0.00109568	0.000238702	2
-17.9237	39.1942	-0.00111124	0.000256822	2
-17.3491	39.8501	-0.00112632	0.000275039	2
-16.7611	40.4984	-0.0011409	0.00029332	2
-16.1602	41.1391	-0.00115499	0.000311634	2
-15.5466	41.7723	-0.00116858	0.000329949	2
-14.9278	42.391	-0.00118153	0.000348024	2
-14.29	43.0095	-0.00119413	0.000366247	2
-13.6404	43.6206	-0.00120623	0.000384377	2
-12.9795	44.2245	-0.00121782	0.000402381	2
-12.3075	44.8211	-0.00122891	0.000420229	2
-11.6249	45.4105	-0.00123948	0.000437887	2
-10.9319	45.9929	-0.00124954	0.000455326	2
-10.2288	46.5681	-0.00125909	0.000472512	2
-9.516	47.1364	-0.00126811	0.000489414	2
-8.79383	47.6977	-0.00127662	0.000506001	2
-8.06261	48.252	-0.00128461	0.000522241	2
-7.32266	48.7996	-0.00129206	0.000538102	2
-6.57432	49.3403	-0.00129899	0.000553553	2
-5.81792	49.8743	-0.0013054	0.000568561	2
-5.05378	50.4016	-0.00131126	0.000583095	2
-4.28224	50.9223	-0.0013166	0.000597123	2
-3.50362	51.4363	-0.00132139	0.000610614	2
-2.71827	51.9439	-0.00132565	0.000623537	2
-1.92649	52.445	-0.00132936	0.000635858	2
-1.12864	52.9397	-0.00133253	0.000647547	2
-0.325027	53.428	-0.00133515	0.000658571	2
0.484008	53.91	-0.00133722	0.0006689	2
1.29814	54.3857	-0.00133874	0.000678501	2
2.11703	54.8553	-0.0013397	0.000687343	2
2.93087	55.3134	-0.00134011	0.000695306	2
3.75825	55.7708	-0.00133996	0.000702544	2
4.58942	56.2221	-0.00133925	0.000708928	2
5.42403	56.6675	-0.00133798	0.000714426	2
6.26176	57.1069	-0.00133614	0.000719007	2
7.10227	57.5405	-0.00133373	0.000722639	2
7.94525	57.9682	-0.00133074	0.00072529	2
8.79035	58.3902	-0.00132719	0.000726928	2
9.63726	58.8065	-0.00132305	0.000727522	2
10.4856	59.2171	-0.00131834	0.000727041	2
11.3351	59.6221	-0.00131305	0.000725452	2
12.1855	60.0215	-0.00130717	0.000722723	2
13.0362	60.4155	-0.0013007	0.000718824	2
13.8872	60.804	-0.00129365	0.000713721	2
14.738	61.1871	-0.001286	0.000707385	2
15.5882	61.5649	-0.00127776	0.000699782	2
16.4376	61.9374	-0.00126893	0.000690882	2
17.2859	62.3047	-0.00125949	0.000680652	2
18.1326	62.6669	-0.00124946	0.000669061	2
18.9775	63.0239	-0.00123882	0.000656077	2
19.8202	63.3758	-0.00122757	0.000641668	2
20.6605	63.7228	-0.00121571	0.000625803	2
21.4979	64.0648	-0.00120325	0.00060845	2
22.3226	64.398	-0.00119032	0.000589804	2
23.1535	64.7303	-0.00117663	0.000569398	2
23.9805	65.0578	-0.00116232	0.000547409	2
24.8034	65.3806	-0.00114739	0.000523806	2

24.9961	2.01128	4.73593e-07	-4.33366e-07	2
24.6639	2.98333	3.94798e-05	-3.66834e-05	2
24.3345	3.97029	7.55173e-05	-7.13278e-05	2
24.0121	4.96064	0.000108178	-0.000103968	2
23.7003	5.9427	0.000137208	-0.000134299	2
23.3921	6.93908	0.000163348	-0.00016306	2
23.0911	7.93815	0.000186307	-0.000189922	2
22.7977	8.93966	0.000206149	-0.000214921	2
22.5119	9.94337	0.00022294	-0.000238093	2
22.2338	10.9491	0.000236747	-0.000259472	2
21.9636	11.9565	0.000247633	-0.000279094	2
21.7015	12.9654	0.000255665	-0.000296993	2
21.4475	13.9756	0.000260907	-0.000313207	2
21.2018	14.9868	0.000263426	-0.000327768	2
20.9645	15.9988	0.000263286	-0.000340714	2
20.7358	17.0113	0.000260553	-0.000352079	2
20.5158	18.0241	0.000255292	-0.000361898	2
20.3047	19.0371	0.000247569	-0.000370207	2
20.1026	20.0498	0.000237449	-0.000377041	2
19.9096	21.0622	0.000224998	-0.000382436	2
19.7259	22.0739	0.00021028	-0.000386426	2
19.5515	23.0848	0.000193362	-0.000389046	2
19.3867	24.0945	0.000174308	-0.000390333	2
19.2316	25.103	0.000153184	-0.000390322	2
19.0864	26.1098	0.000130056	-0.000389047	2
18.951	27.1148	0.000104988	-0.000386544	2
18.8272	28.1062	7.8367e-05	-0.000382898	2
18.712	29.1069	4.96375e-05	-0.000378058	2
18.6073	30.1051	1.9164e-05	-0.000372096	2
18.513	31.1005	-1.29879e-05	-0.000365046	2
18.4294	32.0929	-4.67529e-05	-0.000356945	2
18.3566	33.0821	-8.20656e-05	-0.000347826	2
18.2947	34.0677	-0.000118861	-0.000337727	2
18.2438	35.0497	-0.000157073	-0.000326681	2
18.2041	36.0278	-0.000196636	-0.000314724	2
18.1758	37.0016	-0.000237486	-0.000301892	2
18.1589	37.971	-0.000279556	-0.000288219	2
18.1537	38.9358	-0.000322782	-0.000273742	2
18.1602	39.8957	-0.000367098	-0.000258494	2
18.1786	40.8504	-0.000412439	-0.000242513	2
18.209	41.7998	-0.000458739	-0.000225832	2
18.2515	42.7436	-0.000505933	-0.000208487	2
18.3064	43.6815	-0.000553955	-0.000190514	2
18.3737	44.6134	-0.000602741	-0.000171947	2
18.4535	45.5389	-0.000652224	-0.000152823	2
18.5461	46.4579	-0.00070234	-0.000133175	2
18.6515	47.3701	-0.000753022	-0.000113041	2
18.7699	48.2753	-0.000804206	-9.24537e-05	2
18.9015	49.1732	-0.000855827	-7.14498e-05	2
19.0445	50.0535	-0.000907219	-5.03122e-05	2
19.2026	50.9362	-0.000959512	-2.85843e-05	2
19.3741	51.811	-0.00101205	-6.54485e-06	2
19.5594	52.6776	-0.00106476	1.57707e-05	2
19.7585	53.5358	-0.00111758	3.83272e-05	2
19.9715	54.3852	-0.00117044	6.10892e-05	2
20.1986	55.2258	-0.00122328	8.40216e-05	2
20.4399	56.0572	-0.00127604	0.000107089	2
20.6956	56.8792	-0.00132865	0.000130256	2
20.9658	57.6916	-0.00138104	0.000153488	2
21.2506	58.4941	-0.00143315	0.000176748	2
21.5502	59.2865	-0.00148491	0.000200003	2
21.8648	60.0686	-0.00153625	0.000223216	2
22.1943	60.8401	-0.00158712	0.000246353	2
22.5391	61.6008	-0.00163745	0.000269378	2
22.8992	62.3504	-0.00168716	0.000292255	2
23.2748	63.0888	-0.0017362	0.00031495	2
23.6659	63.8156	-0.0017845	0.000337427	2
24.0728	64.5307	-0.001832	0.000359651	2
24.4956	65.2338	-0.00187862	0.000381586	2
24.9344	65.9247	-0.00192431	0.000403198	2
25.3894	66.603	-0.001969	0.000424451	2
25.8607	67.2687	-0.00201262	0.00044531	2
26.3484	67.9214	-0.00205511	0.00046574	2
26.8467	68.5537	-0.00209593	0.000485477	2
27.3675	69.18	-0.00213598	0.000504948	2
27.9051	69.7927	-0.00217469	0.000523883	2
28.4597	70.3914	-0.00221201	0.000542248	2
29.0314	70.976	-0.00224788	0.000560008	2
29.6204	71.5463	-0.00228222	0.000577127	2
30.2268	72.102	-0.00231497	0.00059357	2
30.8507	72.6428	-0.00234607	0.000609301	2
31.4922	73.1686	-0.00237544	0.000624286	2
32.1516	73.6791	-0.00240303	0.000638489	2
32.8289	74.174	-0.00242878	0.000651875	2
33.5243	74.6531	-0.0024526	0.000664408	2
34.238	75.1162	-0.00247444	0.000676053	2
34.97	75.5631	-0.00249424	0.000686776	2
35.7205	75.9935	-0.00251193	0.00069654	2
36.4896	76.4071	-0.00252743	0.00070531	2
37.2775	76.8038	-0.0025407	0.000713051	2
38.0843	77.1832	-0.00255165	0.000719729	2
38.9101	77.5453	-0.00256024	0.000725307	2
39.7552	77.8896	-0.00256638	0.00072975	2
40.6196	78.2161	-0.00257002	0.000733023	2
41.5034	78.5244	-0.00257109	0.00073509	2
42.4068	78.8143	-0.00256952	0.000735917	2
43.3193	79.0825	-0.00256532	0.000735481	2
44.2621	79.3352	-0.00255832	0.000733736	2
45.2249	79.5687	-0.00254848	0.000730646	2
46.2079	79.7829	-0.00253576	0.000726173	2

75.0007	2.01044	2.0132e-07	1.13016e-07	2
75.0402	2.90764	1.69083e-05	9.21856e-06	2
75.0458	3.81426	3.26004e-05	1.72125e-05	2
75.0176	4.71982	4.70927e-05	2.40079e-05	2
74.9574	5.61387	6.0255e-05	2.95731e-05	2
74.8645	6.51715	7.24099e-05	3.40632e-05	2
74.7404	7.41921	8.34137e-05	3.74332e-05	2
74.5859	8.32	9.32828e-05	3.97093e-05	2
74.4019	9.21946	0.000102034	4.09175e-05	2
74.1891	10.1175	0.000109682	4.10842e-05	2
73.9485	11.0142	0.000116246	4.02354e-05	2
73.6809	11.9093	0.00012174	3.83975e-05	2
73.3872	12.803	0.000126181	3.55966e-05	2
73.0682	13.695	0.000129585	3.18589e-05	2
72.7247	14.5854	0.000131969	2.72106e-05	2
72.3576	15.4741	0.00013335	2.16778e-05	2
71.9677	16.361	0.000133743	1.52868e-05	2
71.5559	17.2461	0.000133164	8.06385e-06	2
71.1231	18.1294	0.000131631	3.50231e-08	2
70.6701	19.0108	0.00012916	-8.77343e-06	2
70.1977	19.8902	0.000125766	-1.83353e-05	2
69.7068	20.7676	0.000121466	-2.86245e-05	2
69.1983	21.6429	0.000116278	-3.96147e-05	2
68.6729	22.5161	0.000110216	-5.12797e-05	2
68.1316	23.3872	0.000103297	-6.35934e-05	2
67.5752	24.256	9.55379e-05	-7.65296e-05	2
67.0112	25.1126	8.70582e-05	-8.99032e-05	2
66.4272	25.9768	7.76766e-05	-0.000103999	2
65.8307	26.8387	6.75036e-05	-0.00011864	2
65.2225	27.6981	5.65554e-05	-0.000133798	2
64.6034	28.555	4.48484e-05	-0.000149448	2
63.9743	29.4094	3.2399e-05	-0.000165564	2
63.336	30.2612	1.92235e-05	-0.000182119	2
62.6893	31.1104	5.33816e-06	-0.000199087	2
62.0352	31.9569	-9.24054e-06	-0.000216442	2
61.3745	32.8006	-2.44963e-05	-0.000234159	2
60.708	33.6415	-4.04127e-05	-0.000252209	2
60.0366	34.4795	-5.69735e-05	-0.000270568	2
59.3611	35.3147	-7.41623e-05	-0.00028921	2
58.6823	36.1468	-9.19628e-05	-0.000308107	2
58.0012	36.976	-0.000110359	-0.000327235	2
57.3185	37.8021	-0.000129333	-0.000346566	2
56.6352	38.6251	-0.000148871	-0.000366074	2
55.9521	39.4449	-0.000168954	-0.000385734	2
55.2699	40.2615	-0.000189568	-0.000405518	2
54.5896	41.0748	-0.000210695	-0.000425402	2
53.9121	41.8847	-0.000232319	-0.000445358	2
53.2381	42.6913	-0.000254424	-0.000465361	2
52.5685	43.4945	-0.000276993	-0.000485384	2
51.9118	44.285	-0.000299744	-0.000505171	2
51.2535	45.0811	-0.000323189	-0.000525157	2
50.6022	45.8737	-0.000347049	-0.000545084	2
49.9587	46.6626	-0.000371309	-0.000564928	2
49.3238	47.4479	-0.000395951	-0.000584661	2
48.6985	48.2293	-0.00042096	-0.000604257	2
48.0835	49.007	-0.000446319	-0.000623691	2
47.4797	49.7808	-0.000472013	-0.000642935	2
46.8879	50.5507	-0.000498023	-0.000661965	2
46.309	51.3167	-0.000524335	-0.000680753	2
45.7439	52.0786	-0.000550932	-0.000699273	2
45.1934	52.8364	-0.000577797	-0.0007175	2
44.6583	53.5902	-0.000604915	-0.000735407	2
44.1396	54.3397	-0.000632268	-0.000752968	2
43.6379	55.0851	-0.00065984	-0.000770156	2
43.1543	55.8261	-0.000687616	-0.000786946	2
42.6895	56.5629	-0.000715579	-0.000803311	2
42.2444	57.2952	-0.000743711	-0.000819225	2
41.8199	58.0231	-0.000771998	-0.000834662	2
41.4167	58.7465	-0.000800423	-0.000849596	2
41.0358	59.4654	-0.000828968	-0.000864	2
40.678	60.1797	-0.000857619	-0.000877849	2
40.3441	60.8893	-0.000886359	-0.000891116	2
40.035	61.5942	-0.000915171	-0.000903774	2
39.7547	62.2864	-0.000943706	-0.000915664	2
39.4974	62.9818	-0.000972613	-0.000927036	2
39.2674	63.6724	-0.00100154	-0.000937721	2
39.0657	64.358	-0.00103048	-0.000947693	2
38.8929	65.0387	-0.00105941	-0.000956927	2
38.7501	65.7144	-0.00108831	-0.000965396	2
38.6379	66.385	-0.00111717	-0.000973074	2
38.5574	67.0505	-0.00114597	-0.000979934	2
38.5092	67.7108	-0.0011747	-0.000985951	2
38.4943	68.3659	-0.00120334	-0.000991098	2
38.5136	69.0157	-0.00123187	-0.000995349	2
38.5678	69.6601	-0.00126027	-0.000998678	2
38.6579	70.2992	-0.00128854	-0.00100106	2
38.7846	70.9329	-0.00131665	-0.00100247	2
38.9488	71.561	-0.00134458	-0.00100287	2
39.1514	72.1836	-0.00137233	-0.00100225	2
39.3933	72.8006	-0.00139987	-0.00100058	2
39.6752	73.412	-0.00142719	-0.000997821	2
39.998	74.0177	-0.00145427	-0.000993962	2
40.3625	74.6176	-0.0014811	-0.000988971	2
40.7697	75.2117	-0.00150765	-0.000982822	2
41.2204	75.7999	-0.00153392	-0.000975489	2
41.7154	76.3823	-0.00155989	-0.000966946	2
42.249	76.952	-0.00158524	-0.000957286	2
42.8347	77.5225	-0.00161055	-0.000946258	2
43.4671	78.0868	-0.00163551	-0.000933942	2
44.1473	78.645	-0.00166011	-0.000920311	2

124.999	2.01127	-3.57752e-07	2.99675e-08	2
124.877	2.97268	-3.06222e-05	2.30447e-06	2
124.728	3.92941	-6.02455e-05	3.99967e-06	2
124.553	4.87047	-8.8896e-05	5.09041e-06	2
124.355	5.78558	-0.000116286	5.57925e-06	2
124.13	6.69632	-0.00014308	5.48231e-06	2
123.882	7.59224	-0.000168978	4.79527e-06	2
123.609	8.47361	-0.000194007	3.52295e-06	2
123.313	9.34074	-0.000218193	1.67015e-06	2
122.995	10.1939	-0.000241563	-7.58321e-07	2
122.655	11.0334	-0.000264141	-3.75766e-06	2
122.293	11.8594	-0.000285955	-7.32306e-06	2
121.909	12.6724	-0.00030703	-1.14497e-05	2
121.506	13.4725	-0.000327392	-1.61328e-05	2
121.082	14.26	-0.000347067	-2.13675e-05	2
120.638	15.0353	-0.000366082	-2.71491e-05	2
120.176	15.7986	-0.000384462	-3.34727e-05	2
119.695	16.5502	-0.000402234	-4.03335e-05	2
119.196	17.2904	-0.000419423	-4.77267e-05	2
118.679	18.0194	-0.000436055	-5.56475e-05	2
118.145	18.7376	-0.000452158	-6.40911e-05	2
117.595	19.4452	-0.000467755	-7.30527e-05	2
117.029	20.1426	-0.000482874	-8.25275e-05	2
116.448	20.8299	-0.000497541	-9.25107e-05	2
115.851	21.5076	-0.000511782	-0.000102997	2
115.24	22.1758	-0.000525623	-0.000113983	2
114.622	22.8273	-0.000538936	-0.000125328	2
113.984	23.4776	-0.000552058	-0.000137291	2
113.333	24.1193	-0.000564857	-0.000149738	2
112.67	24.7527	-0.000577361	-0.000162665	2
111.995	25.3781	-0.000589593	-0.000176067	2
111.308	25.9958	-0.000601582	-0.000189938	2
110.61	26.606	-0.000613352	-0.000204275	2
109.903	27.209	-0.00062493	-0.000219073	2
109.185	27.8052	-0.000636342	-0.000234325	2
108.458	28.3948	-0.000647614	-0.000250029	2
107.722	28.978	-0.000658771	-0.000266179	2
106.978	29.5553	-0.000669841	-0.000282769	2
106.226	30.1268	-0.000680848	-0.000299796	2
105.467	30.6928	-0.00069182	-0.000317255	2
104.702	31.2536	-0.000702782	-0.00033514	2
103.93	31.8096	-0.00071376	-0.000353447	2
103.152	32.3609	-0.00072478	-0.000372171	2
102.369	32.9079	-0.000735868	-0.000391308	2
101.581	33.4509	-0.00074705	-0.000410852	2
100.79	33.9901	-0.000758353	-0.000430798	2
99.9944	34.5259	-0.000769802	-0.000451143	2
99.1958	35.0584	-0.000781424	-0.000471881	2
98.3947	35.588	-0.000793243	-0.000493006	2
97.6006	36.109	-0.000805148	-0.000514266	2
96.7958	36.6337	-0.00081744	-0.00053615	2
95.9898	37.1564	-0.000830008	-0.000558407	2
95.1833	37.6772	-0.000842878	-0.000581034	2
94.3767	38.1966	-0.000856077	-0.000604025	2
93.5706	38.7148	-0.00086963	-0.000627375	2
92.7654	39.232	-0.000883563	-0.00065108	2
91.9618	39.7486	-0.000897903	-0.000675135	2
91.1601	40.2648	-0.000912675	-0.000699535	2
90.3609	40.781	-0.000927906	-0.000724275	2
89.5647	41.2974	-0.000943622	-0.000749351	2
88.7721	41.8143	-0.000959848	-0.000774757	2
87.9835	42.3319	-0.000976611	-0.000800489	2
87.1995	42.8506	-0.000993936	-0.000826542	2
86.4205	43.3707	-0.00101185	-0.000852912	2
85.6471	43.8924	-0.00103038	-0.000879592	2
84.8799	44.416	-0.00104955	-0.00090658	2
84.1192	44.9417	-0.00106939	-0.000933869	2
83.3657	45.47	-0.00108992	-0.000961455	2
82.6199	46.0011	-0.00111116	-0.000989333	2
81.8821	46.5352	-0.00113316	-0.0010175	2
81.1531	47.0726	-0.00115592	-0.00104595	2
80.4332	47.6136	-0.00117948	-0.00107467	2
79.7231	48.1585	-0.00120387	-0.00110367	2
79.0311	48.7013	-0.00122881	-0.0011326	2
78.3418	49.2549	-0.00125491	-0.00116213	2
77.6637	49.8131	-0.00128191	-0.00119191	2
76.9973	50.3764	-0.00130983	-0.00122195	2
76.3432	50.9451	-0.00133871	-0.00125224	2
75.7019	51.5193	-0.00136857	-0.00128278	2
75.0739	52.0994	-0.00139944	-0.00131355	2
74.4596	52.6857	-0.00143133	-0.00134455	2
73.8597	53.2784	-0.00146428	-0.00137579	2
73.2746	53.8778	-0.00149832	-0.00140725	2
72.7049	54.4843	-0.00153346	-0.00143893	2
72.151	55.0981	-0.00156974	-0.00147083	2
71.6135	55.7194	-0.00160719	-0.00150294	2
71.0929	56.3487	-0.00164581	-0.00153525	2
70.5896	56.986	-0.00168566	-0.00156776	2
70.1043	57.6319	-0.00172674	-0.00160047	2
69.6374	58.2864	-0.00176909	-0.00163338	2
69.1895	58.9499	-0.00181273	-0.00166646	2
68.761	59.6228	-0.00185768	-0.00169973	2
68.3525	60.3052	-0.00190398	-0.00173318	2
67.9644	60.9974	-0.00195165	-0.0017668	2
67.5974	61.6998	-0.00200072	-0.00180058	2
67.2518	62.4126	-0.00205121	-0.00183453	2
66.9319	63.1278	-0.00210254	-0.00186824	2
66.6307	63.8621	-0.00215593	-0.0019025	2
66.3525	64.6078	-0.00221082	-0.00193691	2
66.0978	65.365	-0.00226724	-0.00197145	2

