-125.007	2.01292	6.4364e-07	-2.63417e-07	2
-125.556	3.12138	5.39961e-05	-2.18706e-05	2
-126.088	4.23678	0.000103993	-4.16491e-05	2
-126.597	5.34612	0.000150062	-5.9374e-05	2
-127.078	6.43671	0.000191814	-7.49147e-05	2
-127.541	7.53384	0.000230291	-8.86708e-05	2
-127.982	8.62474	0.000265057	-0.000100489	2
-128.4	9.70932	0.000296187	-0.000110407	2
-128.796	10.7875	0.000323751	-0.000118464	2
-129.17	11.8593	0.000347824	-0.000124698	2
-129.522	12.9246	0.000368477	-0.000129149	2
-129.852	13.9834	0.000385783	-0.000131854	2
-130.16	15.0355	0.000399815	-0.000132853	2
-130.447	16.081	0.000410645	-0.000132183	2
-130.712	17.1197	0.000418346	-0.000129884	2
-130.957	18.1515	0.00042299	-0.000125993	2
-131.18	19.1765	0.000424651	-0.000120551	2
-131.382	20.1946	0.0004234	-0.000113594	2
-131.564	21.2057	0.000419311	-0.000105162	2
-131.725	22.2097	0.000412456	-9.52931e-05	2
-131.866	23.2066	0.000402907	-8.40262e-05	2
-131.987	24.1963	0.000390738	-7.13998e-05	2
-132.087	25.1787	0.00037602	-5.74523e-05	2
-132.168	26.1538	0.000358827	-4.22224e-05	2
-132.229	27.1215	0.000339231	-2.57487e-05	2
-132.271	28.0818	0.000317305	-8.06976e-06	2
-132.293	29.0237	0.000293411	1.05528e-05	2
-132.297	29.969	0.000267066	3.05138e-05	2
-132.281	30.9066	0.000238608	5.15647e-05	2
-132.247	31.8366	0.000208109	7.36671e-05	2
-132.194	32.7588	0.000175642	9.67822e-05	2
-132.122	33.6731	0.000141279	0.000120872	2
-132.032	34.5796	0.000105094	0.000145897	2
-131.924	35.4781	6.71581e-05	0.000171819	2
-131.798	36.3686	2.75446e-05	0.000198599	2
-131.654	37.2511	-1.36741e-05	0.0002262	2
-131.492	38.1253	-5.64253e-05	0.000254582	2
-131.313	38.9914	-0.000100636	0.000283706	2
-131.117	39.8492	-0.000146235	0.000313535	2
-130.903	40.6987	-0.000193148	0.000344029	2
-130.673	41.5397	-0.000241303	0.000375151	2
-130.426	42.3723	-0.000290627	0.000406861	2
-130.162	43.1964	-0.000341049	0.00043912	2
-129.881	44.0119	-0.000392494	0.000471891	2
-129.584	44.8188	-0.000444891	0.000505135	2
-129.271	45.6169	-0.000498168	0.000538813	2
-128.942	46.4062	-0.00055225	0.000572886	2
-128.598	47.1867	-0.000607067	0.000607316	2
-128.237	47.9583	-0.000662544	0.000642065	2
-127.866	48.7122	-0.000717963	0.000676689	2
-127.475	49.4659	-0.00077454	0.000711957	2
-127.069	50.2105	-0.00083156	0.000747427	2
-126.647	50.946	-0.000888953	0.000783062	2
-126.211	51.6722	-0.000946644	0.000818822	2
-125.761	52.3891	-0.00100456	0.000854671	2
-125.296	53.0967	-0.00106263	0.000890567	2
-124.816	53.7948	-0.00112079	0.000926475	2
-124.323	54.4835	-0.00117895	0.000962353	2
-123.815	55.1627	-0.00123704	0.000998165	2
-123.294	55.8322	-0.001295	0.00103387	2
-122.759	56.4921	-0.00135276	0.00106943	2
-122.21	57.1422	-0.00141023	0.00110481	2
-121.649	57.7826	-0.00146734	0.00113997	2
-121.074	58.413	-0.00152403	0.00117487	2
-120.486	59.0336	-0.00158022	0.00120947	2
-119.885	59.6442	-0.00163583	0.00124373	2
-119.272	60.2447	-0.0016908	0.00127762	2
-118.646	60.8351	-0.00174505	0.00131109	2
-118.008	61.4154	-0.00179852	0.00134411	2
-117.358	61.9854	-0.00185112	0.00137664	2
-116.696	62.545	-0.00190278	0.00140864	2
-116.022	63.0944	-0.00195344	0.00144007	2
-115.336	63.6333	-0.00200301	0.0014709	2
-114.647	64.1556	-0.00205089	0.00150073	2
-113.939	64.6736	-0.0020981	0.00153023	2
-113.22	65.181	-0.00214401	0.00155901	2
-112.489	65.6776	-0.00218856	0.00158703	2
-111.748	66.1635	-0.00223166	0.00161425	2
-110.997	66.6386	-0.00227324	0.00164063	2
-110.234	67.1029	-0.00231324	0.00166614	2
-109.462	67.5561	-0.00235158	0.00169072	2
-108.679	67.9984	-0.00238818	0.00171436	2
-107.887	68.4296	-0.00242298	0.001737	2
-107.084	68.8497	-0.0024559	0.00175861	2
-106.272	69.2586	-0.00248687	0.00177916	2
-105.451	69.6563	-0.00251581	0.00179859	2
-104.62	70.0426	-0.00254266	0.00181688	2
-103.78	70.4175	-0.00256734	0.00183398	2
-102.932	70.781	-0.00258978	0.00184986	2
-102.074	71.133	-0.0026099	0.00186448	2
-101.208	71.4734	-0.00262764	0.00187779	2
-100.333	71.8022	-0.00264291	0.00188977	2
-99.4504	72.1193	-0.00265566	0.00190036	2
-98.5593	72.4246	-0.0026658	0.00190954	2
-97.6603	72.718	-0.00267326	0.00191727	2
-96.7536	72.9996	-0.00267798	0.0019235	2
-95.8498	73.2662	-0.00267986	0.00192815	2
-94.9281	73.524	-0.00267889	0.0019313	2
-93.9991	73.7697	-0.00267496	0.00193284	2
-93.0629	74.0032	-0.00266798	0.00193272	2

-75.0011	2.01021	5.35082e-07	3.4002e-08	2
-75.1074	2.88963	4.49972e-05	2.6138e-06	2
-75.2397	3.78186	8.68805e-05	4.54263e-06	2
-75.3962	4.67655	0.000125698	5.80424e-06	2
-75.574	5.56324	0.000161104	6.41298e-06	2
-75.7766	6.46242	0.000193969	6.40059e-06	2
-76.0012	7.36365	0.000223914	5.77406e-06	2
-76.2473	8.2668	0.000250986	4.55114e-06	2
-76.5141	9.17173	0.000275233	2.7496e-06	2
-76.8009	10.0783	0.000296705	3.87202e-07	2
-77.107	10.9864	0.000315449	-2.5183e-06	2
-77.4317	11.8959	0.000331514	-5.94915e-06	2
-77.7743	12.8066	0.000344948	-9.88759e-06	2
-78.1341	13.7184	0.000355799	-1.43158e-05	2
-78.5104	14.6312	0.000364117	-1.92162e-05	2
-78.9025	15.5448	0.000369949	-2.45708e-05	2
-79.3096	16.4592	0.000373344	-3.0362e-05	2
-79.7311	17.3741	0.000374349	-3.65719e-05	2
-80.1664	18.2894	0.000373015	-4.31829e-05	2
-80.6145	19.205	0.000369388	-5.01772e-05	2
-81.075	20.1208	0.000363517	-5.75369e-05	2
-81.547	21.0366	0.000355451	-6.52445e-05	2
-82.0299	21.9523	0.000345238	-7.32819e-05	2
-82.523	22.8677	0.000332926	-8.16317e-05	2
-83.0255	23.7828	0.000318563	-9.02759e-05	2
-83.5368	24.6973	0.000302199	-9.91968e-05	2
-84.0501	25.6007	0.000284103	-0.00010827	2
-84.5767	26.5138	0.000263902	-0.000117688	2
-85.11	27.426	0.000241843	-0.00012733	2
-85.6492	28.3372	0.000217976	-0.000137178	2
-86.1936	29.2471	0.000192347	-0.000147214	2
-86.7427	30.1557	0.000165007	-0.00015742	2
-87.2955	31.0628	0.000136003	-0.000167779	2
-87.8515	31.9684	0.000105383	-0.000178273	2
-88.41	32.8722	7.31959e-05	-0.000188884	2
-88.9701	33.7741	3.94902e-05	-0.000199594	2
-89.5314	34.6741	4.31417e-06	-0.000210386	2
-90.0929	35.5719	-3.22839e-05	-0.000221241	2
-90.6541	36.4674	-7.02556e-05	-0.000232143	2
-91.2142	37.3605	-0.000109553	-0.000243073	2
-91.7725	38.251	-0.000150126	-0.000254013	2
-92.3283	39.1389	-0.000191929	-0.000264946	2
-92.881	40.024	-0.000234911	-0.000275854	2
-93.4297	40.9061	-0.000279025	-0.000286719	2
-93.9739	41.7851	-0.000324223	-0.000297524	2
-94.5128	42.6609	-0.000370456	-0.000308251	2
-95.0457	43.5333	-0.000417675	-0.000318881	2
-95.5719	44.4022	-0.000465832	-0.000329398	2
-96.0907	45.2675	-0.00051488	-0.000339783	2
-96.5956	46.1192	-0.000564191	-0.000349902	2
-97.0975	46.9768	-0.000614864	-0.000359973	2
-97.59	47.8305	-0.000666282	-0.000369859	2
-98.0723	48.68	-0.000718398	-0.000379543	2
-98.5437	49.5251	-0.000771162	-0.000389006	2
-99.0034	50.3659	-0.000824526	-0.000398232	2
-99.4509	51.202	-0.000878442	-0.000407202	2
-99.8853	52.0334	-0.000932862	-0.000415898	2
-100.306	52.86	-0.000987737	-0.000424304	2
-100.712	53.6816	-0.00104302	-0.0004324	2
-101.103	54.4981	-0.00109866	-0.00044017	2
-101.479	55.3094	-0.00115461	-0.000447595	2
-101.838	56.1152	-0.00121082	-0.000454658	2
-102.179	56.9155	-0.00126724	-0.000461341	2
-102.503	57.7102	-0.00132383	-0.000467626	2
-102.808	58.499	-0.00138054	-0.000473496	2
-103.093	59.282	-0.00143731	-0.000478932	2
-103.359	60.0589	-0.00149411	-0.000483917	2
-103.604	60.8295	-0.00155087	-0.000488434	2
-103.827	61.5938	-0.00160756	-0.000492464	2
-104.029	62.3517	-0.00166412	-0.00049599	2
-104.207	63.1029	-0.00172051	-0.000498993	2
-104.362	63.8475	-0.00177668	-0.000501457	2
-104.492	64.5851	-0.00183257	-0.000503363	2
-104.597	65.3073	-0.00188751	-0.000504682	2
-104.677	66.0309	-0.00194273	-0.000505427	2
-104.731	66.7471	-0.00199753	-0.000505561	2
-104.758	67.456	-0.00205186	-0.000505067	2
-104.757	68.1573	-0.00210569	-0.000503926	2
-104.727	68.8509	-0.00215895	-0.000502121	2
-104.669	69.5366	-0.0022116	-0.000499635	2
-104.58	70.2145	-0.0022636	-0.00049645	2
-104.461	70.8842	-0.0023149	-0.000492547	2
-104.311	71.5457	-0.00236544	-0.000487909	2
-104.129	72.1988	-0.00241517	-0.000482518	2
-103.914	72.8434	-0.00246406	-0.000476357	2
-103.665	73.4794	-0.00251205	-0.000469407	2
-103.383	74.1066	-0.00255909	-0.000461652	2
-103.065	74.7249	-0.00260513	-0.000453073	2
-102.712	75.3342	-0.00265013	-0.000443652	2
-102.323	75.9342	-0.00269404	-0.000433372	2
-101.897	76.525	-0.00273681	-0.000422215	2
-101.434	77.1063	-0.00277839	-0.000410163	2
-100.932	77.678	-0.00281873	-0.000397198	2
-100.391	78.2401	-0.00285779	-0.000383303	2
-99.8106	78.7922	-0.00289551	-0.00036846	2
-99.1896	79.3344	-0.00293185	-0.000352652	2
-98.5353	79.8604	-0.00296636	-0.000336058	2
-97.8318	80.3822	-0.00299981	-0.000318276	2
-97.0858	80.8937	-0.00303173	-0.000299474	2
-96.2966	81.3947	-0.00306207	-0.000279637	2

-25.0007	2.01176	2.42384e-08	-1.79731e-07	2
-25.0743	3.01536	2.26454e-06	-1.55711e-05	2
-25.1774	4.01516	4.83002e-06	-3.10111e-05	2
-25.3087	4.9997	7.67488e-06	-4.63219e-05	2
-25.4655	5.9582	1.07405e-05	-6.13315e-05	2
-25.6509	6.91324	1.40769e-05	-7.63909e-05	2
-25.8626	7.85388	1.76282e-05	-9.13267e-05	2
-26.1	8.78041	2.1373e-05	-0.000106141	2
-26.3625	9.69313	2.52896e-05	-0.000120835	2
-26.6495	10.5923	2.93565e-05	-0.000135412	2
-26.9604	11.4783	3.35522e-05	-0.000149872	2
-27.2945	12.3513	3.78551e-05	-0.000164218	2
-27.6513	13.2117	4.22436e-05	-0.000178452	2
-28.0301	14.0597	4.66962e-05	-0.000192576	2
-28.4304	14.8956	5.11914e-05	-0.000206591	2
-28.8515	15.7198	5.57076e-05	-0.0002205	2
-29.2928	16.5324	6.02231e-05	-0.000234304	2
-29.7537	17.3339	6.47166e-05	-0.000248006	2
-30.2336	18.1244	6.91664e-05	-0.000261606	2
-30.7319	18.9044	7.3551e-05	-0.000275108	2
-31.2479	19.674	7.78488e-05	-0.000288512	2
-31.7811	20.4336	8.20383e-05	-0.000301822	2
-32.3308	21.1834	8.60978e-05	-0.000315038	2
-32.8965	21.9238	9.0006e-05	-0.000328162	2
-33.4775	22.6551	9.37411e-05	-0.000341197	2
-34.0731	23.3774	9.72817e-05	-0.000354145	2
-34.6759	24.0831	0.000100569	-0.000366859	2
-35.299	24.7886	0.000103659	-0.000379638	2
-35.935	25.4862	0.00010649	-0.000392335	2
-36.5833	26.1761	0.00010904	-0.000404952	2
-37.2433	26.8586	0.000111288	-0.000417491	2
-37.9143	27.5339	0.000113213	-0.000429953	2
-38.5957	28.2024	0.000114792	-0.000442342	2
-39.287	28.8643	0.000116005	-0.000454657	2
-39.9875	29.52	0.000116829	-0.000466902	2
-40.6966	30.1698	0.000117244	-0.000479079	2
-41.4137	30.8138	0.000117227	-0.000491188	2
-42.1382	31.4525	0.000116757	-0.000503233	2
-42.8695	32.0861	0.000115813	-0.000515215	2
-43.6069	32.7149	0.000114373	-0.000527135	2
-44.3499	33.3392	0.000112415	-0.000538996	2
-45.0979	33.9592	0.000109918	-0.0005508	2
-45.8501	34.5753	0.00010686	-0.000562549	2
-46.6061	35.1878	0.00010322	-0.000574244	2
-47.3652	35.797	9.89759e-05	-0.000585887	2
-48.1268	36.4031	9.41067e-05	-0.000597481	2
-48.8903	37.0064	8.85905e-05	-0.000609027	2
-49.6551	37.6073	8.24059e-05	-0.000620526	2
-50.4205	38.2059	7.55313e-05	-0.000631982	2
-51.1772	38.7959	6.80364e-05	-0.000643265	2
-51.9421	39.3911	5.97256e-05	-0.000654638	2
-52.7059	39.985	5.06604e-05	-0.000665974	2
-53.4679	40.5778	4.08191e-05	-0.000677272	2
-54.2275	41.17	3.01804e-05	-0.000688536	2
-54.9842	41.7617	1.87225e-05	-0.000699768	2
-55.7372	42.3532	6.42397e-06	-0.000710968	2
-56.486	42.9449	-6.73676e-06	-0.00072214	2
-57.23	43.5371	-2.07813e-05	-0.000733284	2
-57.9686	44.1299	-3.57311e-05	-0.000744404	2
-58.7011	44.7238	-5.16077e-05	-0.0007555	2
-59.4269	45.319	-6.84328e-05	-0.000766574	2
-60.1455	45.9157	-8.62279e-05	-0.00077763	2
-60.8562	46.5144	-0.000105014	-0.000788667	2
-61.5584	47.1153	-0.000124814	-0.000799689	2
-62.2515	47.7186	-0.000145648	-0.000810697	2
-62.9349	48.3246	-0.000167539	-0.000821693	2
-63.608	48.9338	-0.000190507	-0.00083268	2
-64.2702	49.5462	-0.000214575	-0.000843658	2
-64.9208	50.1623	-0.000239763	-0.000854629	2
-65.5592	50.7824	-0.000266094	-0.000865597	2
-66.1849	51.4066	-0.000293589	-0.000876562	2
-66.7972	52.0354	-0.000322269	-0.000887526	2
-67.3955	52.6689	-0.000352156	-0.000898492	2
-67.9725	53.3002	-0.000382907	-0.000909335	2
-68.5412	53.9441	-0.000415259	-0.000920309	2
-69.0941	54.5937	-0.000448882	-0.000931291	2
-69.6305	55.2493	-0.000483798	-0.000942281	2
-70.1499	55.9112	-0.000520029	-0.000953281	2
-70.6516	56.5795	-0.000557595	-0.000964295	2
-71.1351	57.2547	-0.00059652	-0.000975323	2
-71.5997	57.937	-0.000636824	-0.000986368	2
-72.0449	58.6268	-0.000678528	-0.000997431	2
-72.4699	59.3242	-0.000721655	-0.00100851	2
-72.8742	60.0297	-0.000766226	-0.00101962	2
-73.2573	60.7434	-0.000812262	-0.00103075	2
-73.6184	61.4657	-0.000859785	-0.0010419	2
-73.9569	62.1968	-0.000908817	-0.00105309	2
-74.2723	62.9372	-0.000959379	-0.0010643	2
-74.564	63.6869	-0.00101149	-0.00107554	2
-74.8313	64.4464	-0.00106518	-0.00108682	2
-75.0736	65.216	-0.00112046	-0.00109814	2
-75.2903	65.9959	-0.00117736	-0.00110949	2
-75.4809	66.7863	-0.00123589	-0.00112088	2
-75.6446	67.5877	-0.00129609	-0.00113231	2
-75.7808	68.4003	-0.00135797	-0.00114378	2
-75.8891	69.2244	-0.00142154	-0.0011553	2
-75.968	70.0505	-0.00148609	-0.00116673	2
-76.0186	70.8983	-0.00155312	-0.00117835	2
-76.0395	71.7584	-0.00162191	-0.00119001	2
-76.0298	72.6312	-0.00169249	-0.00120173	2

24.998	2.01327	6.16593e-07	-3.80282e-07	2
24.8167	3.1454	5.3736e-05	-3.17803e-05	2
24.6105	4.27241	0.000107653	-6.09514e-05	2
24.3817	5.38133	0.000161744	-8.75581e-05	2
24.1337	6.46002	0.000215374	-0.000111382	2
23.8611	7.53389	0.000269783	-0.000133022	2
23.5671	8.59058	0.00032434	-0.000152231	2
23.252	9.63041	0.000379036	-0.000169054	2
22.9163	10.6537	0.000433862	-0.000183536	2
22.5603	11.6607	0.000488811	-0.00019572	2
22.1844	12.6517	0.000543874	-0.000205653	2
21.789	13.6271	0.000599042	-0.000213377	2
21.3745	14.5872	0.000654307	-0.000218939	2
20.9413	15.5323	0.000709661	-0.000222383	2
20.4897	16.4626	0.000765095	-0.000223754	2
20.0201	17.3785	0.0008206	-0.000223096	2
19.533	18.2803	0.000876169	-0.000220454	2
19.0287	19.1682	0.000931792	-0.000215872	2
18.5076	20.0427	0.000987462	-0.000209396	2
17.9701	20.904	0.00104317	-0.000201069	2
17.4166	21.7523	0.00109891	-0.000190938	2
16.8474	22.5881	0.00115466	-0.000179046	2
16.263	23.4116	0.00121043	-0.000165438	2
15.6637	24.2231	0.00126621	-0.000150158	2
15.0499	25.023	0.00132198	-0.000133252	2
14.422	25.8115	0.00137773	-0.000114765	2
13.7879	26.5801	0.00143283	-9.49784e-05	2
13.1331	27.3469	0.00148853	-7.34779e-05	2
12.4654	28.1032	0.0015442	-5.0529e-05	2
11.7851	28.8494	0.00159982	-2.61766e-05	2
11.0927	29.5858	0.00165539	-4.65118e-07	2
10.3885	30.3126	0.00171089	2.65606e-05	2
9.67286	31.0302	0.00176632	5.48558e-05	2
8.94623	31.7389	0.00182167	8.4376e-05	2
8.20897	32.439	0.00187693	0.000115076	2
7.46147	33.1307	0.0019321	0.000146912	2
6.70411	33.8145	0.00198716	0.000179839	2
5.93729	34.4905	0.0020421	0.000213812	2
5.16138	35.1592	0.00209692	0.000248786	2
4.37678	35.8208	0.00215161	0.000284717	2
3.58386	36.4755	0.00220616	0.00032156	2
2.78303	37.1239	0.00226057	0.000359271	2
1.97465	37.766	0.00231481	0.000397804	2
1.15912	38.4023	0.0023689	0.000437115	2
0.336828	39.033	0.0024228	0.00047716	2
-0.491845	39.6584	0.00247653	0.000517893	2
-1.32651	40.2789	0.00253007	0.00055927	2
-2.16679	40.8948	0.0025834	0.000601247	2
-3.01228	41.5063	0.00263653	0.000643778	2
-3.85282	42.1069	0.00268884	0.000686322	2
-4.70755	42.7107	0.00274154	0.000729823	2
-5.56635	43.3111	0.002794	0.000773745	2
-6.42883	43.9083	0.00284622	0.000818043	2
-7.29461	44.5028	0.00289819	0.000862674	2
-8.1633	45.0948	0.0029499	0.000907591	2
-9.03451	45.6845	0.00300135	0.00095275	2
-9.90786	46.2724	0.00305252	0.000998107	2
-10.783	46.8586	0.00310341	0.00104362	2
-11.6594	47.4436	0.00315401	0.00108924	2
-12.5369	48.0276	0.0032043	0.00113492	2
-13.4149	48.611	0.00325429	0.00118062	2
-14.2932	49.1939	0.00330396	0.00122629	2
-15.1712	49.7768	0.00335331	0.0012719	2
-16.0487	50.36	0.00340232	0.00131739	2
-16.9253	50.9437	0.003451	0.00136272	2
-17.8005	51.5282	0.00349932	0.00140784	2
-18.674	52.114	0.00354728	0.00145272	2
-19.5454	52.7011	0.00359487	0.0014973	2
-20.4142	53.2901	0.00364209	0.00154154	2
-21.2802	53.8811	0.00368892	0.0015854	2
-22.143	54.4746	0.00373536	0.00162883	2
-23.0021	55.0707	0.0037814	0.00167179	2
-23.8571	55.6698	0.00382703	0.00171423	2
-24.698	56.2653	0.00387172	0.00175563	2
-25.5438	56.8712	0.00391651	0.00179691	2
-26.3845	57.4811	0.00396086	0.00183754	2
-27.2196	58.0952	0.00400477	0.00187748	2
-28.0487	58.7138	0.00404823	0.00191667	2
-28.8715	59.3373	0.00409123	0.00195508	2
-29.6875	59.9659	0.00413376	0.00199266	2
-30.4964	60.5999	0.00417581	0.00202936	2
-31.2978	61.2396	0.00421737	0.00206514	2
-32.0913	61.8855	0.00425844	0.00209997	2
-32.8766	62.5376	0.00429901	0.00213378	2
-33.6531	63.1964	0.00433907	0.00216654	2
-34.4206	63.8622	0.00437861	0.0021982	2
-35.1787	64.5353	0.00441762	0.00222872	2
-35.9269	65.2159	0.00445609	0.00225805	2
-36.6649	65.9045	0.00449402	0.00228615	2
-37.3924	66.6012	0.00453139	0.00231298	2
-38.1088	67.3064	0.0045682	0.00233848	2
-38.8139	68.0204	0.00460445	0.00236262	2
-39.5072	68.7435	0.00464011	0.00238534	2
-40.1883	69.476	0.00467519	0.00240661	2
-40.857	70.2183	0.00470967	0.00242639	2
-41.5127	70.9706	0.00474354	0.00244461	2
-42.1478	71.7243	0.00477643	0.00246107	2
-42.7767	72.4974	0.00480908	0.00247609	2
-43.3915	73.2815	0.0048411	0.00248943	2
-43.9919	74.0768	0.00487248	0.00250105	2

74.9969	2.01276	7.97873e-07	4.14482e-08	2
74.7369	3.10784	6.91895e-05	3.06021e-06	2
74.4899	4.21058	0.000137927	5.02115e-06	2
74.2588	5.30826	0.000206218	5.89032e-06	2
74.0459	6.38839	0.000273291	5.68382e-06	2
73.846	7.47614	0.000340713	4.4043e-06	2
73.6616	8.55896	0.000407706	2.05545e-06	2
73.4924	9.6369	0.000474276	-1.35524e-06	2
73.3383	10.71	0.000540429	-5.82024e-06	2
73.1992	11.7783	0.000606172	-1.13321e-05	2
73.0748	12.8419	0.00067151	-1.78832e-05	2
72.965	13.9008	0.000736449	-2.54661e-05	2
72.8696	14.955	0.000800995	-3.40734e-05	2
72.7885	16.0046	0.000865154	-4.36974e-05	2
72.7214	17.0496	0.000928932	-5.43307e-05	2
72.6682	18.0901	0.000992335	-6.59657e-05	2
72.6288	19.1262	0.00105537	-7.85951e-05	2
72.6029	20.1578	0.00111804	-9.22112e-05	2
72.5905	21.185	0.00118035	-0.000106807	2
72.5912	22.2079	0.00124231	-0.000122374	2
72.605	23.2264	0.00130393	-0.000138905	2
72.6317	24.2408	0.0013652	-0.000156393	2
72.6711	25.2509	0.00142615	-0.00017483	2
72.723	26.2569	0.00148676	-0.000194209	2
72.7873	27.2587	0.00154705	-0.000214523	2
72.8638	28.2565	0.00160703	-0.000235762	2
72.9513	29.2388	0.00166601	-0.000257662	2
73.0515	30.2286	0.00172538	-0.000280722	2
73.1635	31.2145	0.00178445	-0.000304687	2
73.2869	32.1965	0.00184322	-0.000329548	2
73.4218	33.1746	0.00190171	-0.000355299	2
73.5678	34.1489	0.00195992	-0.000381931	2
73.7248	35.1195	0.00201786	-0.000409438	2
73.8926	36.0863	0.00207552	-0.000437811	2
74.0712	37.0495	0.00213293	-0.000467044	2
74.2602	38.0091	0.00219007	-0.000497128	2
74.4595	38.965	0.00224697	-0.000528057	2
74.6691	39.9175	0.00230362	-0.000559822	2
74.8886	40.8664	0.00236003	-0.000592417	2
75.1179	41.812	0.00241621	-0.000625833	2
75.3568	42.7541	0.00247216	-0.000660063	2
75.6053	43.6928	0.00252789	-0.0006951	2
75.863	44.6283	0.00258341	-0.000730937	2
76.1299	45.5605	0.00263871	-0.000767565	2
76.4058	46.4894	0.00269382	-0.000804977	2
76.6904	47.4152	0.00274872	-0.000843165	2
76.9837	48.3379	0.00280343	-0.000882123	2
77.2855	49.2575	0.00285796	-0.000921843	2
77.5955	50.174	0.00291231	-0.000962316	2
77.9099	51.0771	0.00296586	-0.00100306	2
78.2359	51.9877	0.00301987	-0.00104501	2
78.5697	52.8954	0.00307372	-0.00108769	2
78.911	53.8003	0.00312741	-0.0011311	2
79.2598	54.7024	0.00318095	-0.00117522	2
79.6159	55.6016	0.00323435	-0.00122006	2
79.9791	56.4982	0.00328761	-0.00126559	2
80.3492	57.3921	0.00334073	-0.00131182	2
80.726	58.2833	0.00339373	-0.00135873	2
81.1095	59.1719	0.00344661	-0.00140633	2
81.4993	60.058	0.00349938	-0.00145459	2
81.8954	60.9416	0.00355203	-0.00150352	2
82.2976	61.8228	0.00360458	-0.00155311	2
82.7057	62.7015	0.00365704	-0.00160335	2
83.1195	63.5779	0.00370941	-0.00165422	2
83.5388	64.4519	0.00376169	-0.00170574	2
83.9636	65.3237	0.00381389	-0.00175787	2
84.3936	66.1932	0.00386602	-0.00181063	2
84.8286	67.0606	0.00391808	-0.001864	2
85.2685	67.9258	0.00397008	-0.00191797	2
85.7131	68.7889	0.00402203	-0.00197254	2
86.1623	69.6499	0.00407392	-0.0020277	2
86.6158	70.509	0.00412577	-0.00208344	2
87.0736	71.3661	0.00417759	-0.00213976	2
87.53	72.2114	0.00422878	-0.00219598	2
87.9956	73.0648	0.00428054	-0.00225341	2
88.4648	73.9163	0.00433227	-0.0023114	2
88.9376	74.766	0.004384	-0.00236993	2
89.4138	75.6139	0.00443571	-0.00242899	2
89.8931	76.4602	0.00448743	-0.00248859	2
90.3754	77.3048	0.00453915	-0.0025487	2
90.8606	78.1479	0.00459088	-0.00260933	2
91.3485	78.9893	0.00464262	-0.00267047	2
91.8388	79.8293	0.00469438	-0.00273211	2
92.3315	80.6678	0.00474618	-0.00279424	2
92.8263	81.5049	0.00479801	-0.00285685	2
93.3231	82.3405	0.00484987	-0.00291994	2
93.8218	83.1749	0.00490178	-0.00298349	2
94.322	84.008	0.00495375	-0.00304751	2
94.8238	84.8398	0.00500577	-0.00311199	2
95.3269	85.6704	0.00505785	-0.00317691	2
95.8311	86.4999	0.00511	-0.00324226	2
96.3362	87.3282	0.00516223	-0.00330805	2
96.8422	88.1555	0.00521454	-0.00337427	2
97.3488	88.9818	0.00526694	-0.0034409	2
97.8558	89.8071	0.00531942	-0.00350794	2
98.3632	90.6315	0.00537201	-0.00357538	2
98.8648	91.4455	0.0054241	-0.00364243	2
99.3722	92.2681	0.0054769	-0.00371065	2
99.8794	93.09	0.00552982	-0.00377925	2
100.386	93.9111	0.00558286	-0.00384821	2

124.997	2.01315	-1.9481e-07	-2.36405e-07	2
124.754	3.13424	-1.75741e-05	-1.93923e-05	2
124.538	4.24952	-3.63951e-05	-3.6435e-05	2
124.352	5.34605	-5.6435e-05	-5.11694e-05	2
124.197	6.41177	-7.74147e-05	-6.35062e-05	2
124.07	7.4717	-9.97943e-05	-7.37733e-05	2
123.971	8.51357	-0.000123308	-8.18555e-05	2
123.901	9.53759	-0.000147929	-8.77944e-05	2
123.859	10.544	-0.000173627	-9.16311e-05	2
123.845	11.533	-0.000200376	-9.34071e-05	2
123.857	12.5049	-0.000228146	-9.31636e-05	2
123.897	13.4598	-0.000256909	-9.0942e-05	2
123.963	14.398	-0.000286638	-8.67837e-05	2
124.055	15.3197	-0.000317304	-8.073e-05	2
124.172	16.2252	-0.000348879	-7.28221e-05	2
124.315	17.1147	-0.000381334	-6.31016e-05	2
124.482	17.9883	-0.000414642	-5.16096e-05	2
124.674	18.8464	-0.000448774	-3.83875e-05	2
124.89	19.6891	-0.000483702	-2.34767e-05	2
125.129	20.5167	-0.000519398	-6.91856e-06	2
125.392	21.3294	-0.000555833	1.12457e-05	2
125.677	22.1274	-0.00059298	3.09746e-05	2
125.984	22.911	-0.000630811	5.2227e-05	2
126.313	23.6804	-0.000669296	7.49614e-05	2
126.664	24.4358	-0.000708408	9.91364e-05	2
127.036	25.1774	-0.000748118	0.000124711	2
127.424	25.8972	-0.000787933	0.000151326	2
127.837	26.6121	-0.00082875	0.000179561	2
128.269	27.3139	-0.000870082	0.000209071	2
128.721	28.0029	-0.000911899	0.000239815	2
129.192	28.6792	-0.000954175	0.000271753	2
129.682	29.3432	-0.00099688	0.000304843	2
130.19	29.9949	-0.00103999	0.000339043	2
130.715	30.6347	-0.00108347	0.000374312	2
131.258	31.2628	-0.00112729	0.000410609	2
131.819	31.8793	-0.00117143	0.000447892	2
132.395	32.4846	-0.00121586	0.000486121	2
132.988	33.0788	-0.00126056	0.000525253	2
133.597	33.6622	-0.00130548	0.000565248	2
134.221	34.2351	-0.00135061	0.000606064	2
134.86	34.7975	-0.00139591	0.00064766	2
135.514	35.3498	-0.00144136	0.000689994	2
136.182	35.8922	-0.00148693	0.000733025	2
136.863	36.4249	-0.00153259	0.000776712	2
137.558	36.9481	-0.00157832	0.000821014	2
138.266	37.4621	-0.00162408	0.000865888	2
138.986	37.9671	-0.00166984	0.000911295	2
139.719	38.4633	-0.00171559	0.000957191	2
140.463	38.9509	-0.00176128	0.00100354	2
141.21	39.4248	-0.00180637	0.00104975	2
141.976	39.8961	-0.00185189	0.00109687	2
142.753	40.3595	-0.00189726	0.00114431	2
143.539	40.8152	-0.00194248	0.00119203	2
144.336	41.2636	-0.0019875	0.00124	2
145.142	41.7047	-0.00203231	0.00128817	2
145.956	42.1389	-0.00207687	0.0013365	2
146.779	42.5663	-0.00212115	0.00138495	2
147.61	42.9871	-0.00216514	0.00143348	2
148.449	43.4017	-0.00220878	0.00148204	2
149.295	43.8103	-0.00225207	0.0015306	2
150.148	44.2129	-0.00229498	0.00157911	2
151.007	44.61	-0.00233746	0.00162753	2
151.872	45.0017	-0.0023795	0.00167583	2
152.743	45.3882	-0.00242107	0.00172395	2
153.619	45.7697	-0.00246214	0.00177186	2
154.5	46.1466	-0.00250268	0.00181952	2
155.385	46.519	-0.00254266	0.00186689	2
156.274	46.8871	-0.00258206	0.00191391	2
157.167	47.2512	-0.00262084	0.00196057	2
158.063	47.6114	-0.00265898	0.0020068	2
158.961	47.9681	-0.00269645	0.00205257	2
159.862	48.3215	-0.00273323	0.00209784	2
160.765	48.6717	-0.00276927	0.00214257	2
161.659	49.0151	-0.00280417	0.00218621	2
162.564	49.3597	-0.00283868	0.00222974	2
163.471	49.702	-0.00287239	0.0022726	2
164.377	50.042	-0.00290526	0.00231475	2
165.283	50.38	-0.00293726	0.00235616	2
166.189	50.7162	-0.00296837	0.00239677	2
167.094	51.0509	-0.00299855	0.00243656	2
167.998	51.3843	-0.00302779	0.00247547	2
168.899	51.7166	-0.00305604	0.00251346	2
169.799	52.0481	-0.00308328	0.0025505	2
170.696	52.3789	-0.00310949	0.00258655	2
171.59	52.7093	-0.00313463	0.00262155	2
172.481	53.0395	-0.00315868	0.00265548	2
173.368	53.3697	-0.00318161	0.00268829	2
174.251	53.7002	-0.00320339	0.00271993	2
175.129	54.0312	-0.00322399	0.00275037	2
176.002	54.363	-0.00324339	0.00277956	2
176.87	54.6957	-0.00326155	0.00280747	2
177.732	55.0295	-0.00327845	0.00283406	2
178.588	55.3648	-0.00329407	0.00285927	2
179.437	55.7017	-0.00330836	0.00288307	2
180.279	56.0404	-0.0033213	0.00290542	2
181.113	56.3812	-0.00333288	0.00292628	2
181.931	56.7204	-0.00334294	0.00294539	2
182.749	57.066	-0.00335169	0.00296316	2
183.559	57.4144	-0.00335898	0.00297931	2
184.36	57.7658	-0.00336479	0.0029938	2

