-125.001	2.01154	-4.59855e-08	-1.73597e-07	2
-125.075	2.996	-3.78055e-06	-1.50488e-05	2
-125.178	3.97661	-7.13027e-06	-2.99911e-05	2
-125.309	4.94211	-1.00713e-05	-4.48308e-05	2
-125.465	5.88195	-1.25986e-05	-5.94032e-05	2
-125.649	6.81827	-1.47927e-05	-7.40512e-05	2
-125.859	7.74035	-1.66444e-05	-8.8609e-05	2
-126.095	8.64846	-1.81758e-05	-0.000103081	2
-126.355	9.5429	-1.94089e-05	-0.00011747	2
-126.64	10.424	-2.0366e-05	-0.000131782	2
-126.948	11.2919	-2.10692e-05	-0.00014602	2
-127.28	12.1471	-2.15407e-05	-0.000160188	2
-127.633	12.9897	-2.18025e-05	-0.000174291	2
-128.009	13.8201	-2.18769e-05	-0.000188332	2
-128.406	14.6385	-2.1786e-05	-0.000202316	2
-128.824	15.4452	-2.15519e-05	-0.000216247	2
-129.262	16.2406	-2.11967e-05	-0.000230128	2
-129.72	17.0249	-2.07428e-05	-0.000243965	2
-130.196	17.7984	-2.02121e-05	-0.00025776	2
-130.691	18.5614	-1.96268e-05	-0.000271519	2
-131.204	19.3141	-1.90091e-05	-0.000285245	2
-131.734	20.0569	-1.83811e-05	-0.000298943	2
-132.28	20.79	-1.7765e-05	-0.000312616	2
-132.843	21.5138	-1.7183e-05	-0.000326269	2
-133.421	22.2285	-1.66571e-05	-0.000339905	2
-134.014	22.9343	-1.62095e-05	-0.000353529	2
-134.614	23.6238	-1.58656e-05	-0.000366989	2
-135.235	24.313	-1.56396e-05	-0.000380601	2
-135.869	24.9943	-1.5558e-05	-0.000394214	2
-136.516	25.6679	-1.56431e-05	-0.00040783	2
-137.174	26.3342	-1.5917e-05	-0.000421456	2
-137.844	26.9934	-1.64018e-05	-0.000435093	2
-138.525	27.6458	-1.71198e-05	-0.000448747	2
-139.216	28.2918	-1.80929e-05	-0.000462422	2
-139.917	28.9314	-1.93435e-05	-0.000476122	2
-140.626	29.5652	-2.08936e-05	-0.00048985	2
-141.344	30.1933	-2.27654e-05	-0.000503612	2
-142.07	30.8161	-2.4981e-05	-0.00051741	2
-142.804	31.4337	-2.75626e-05	-0.00053125	2
-143.544	32.0466	-3.05323e-05	-0.000545136	2
-144.29	32.655	-3.39123e-05	-0.00055907	2
-145.042	33.2592	-3.77247e-05	-0.000573059	2
-145.798	33.8595	-4.19917e-05	-0.000587105	2
-146.559	34.4561	-4.67354e-05	-0.000601213	2
-147.324	35.0494	-5.1978e-05	-0.000615386	2
-148.092	35.6396	-5.77416e-05	-0.00062963	2
-148.863	36.227	-6.40483e-05	-0.000643948	2
-149.636	36.812	-7.09204e-05	-0.000658344	2
-150.41	37.3947	-7.83799e-05	-0.000672822	2
-151.176	37.9689	-8.63527e-05	-0.000687219	2
-151.952	38.5481	-9.50462e-05	-0.000701874	2
-152.727	39.126	-0.000104393	-0.000716623	2
-153.501	39.7028	-0.000114416	-0.000731471	2
-154.274	40.2788	-0.000125137	-0.000746421	2
-155.045	40.8544	-0.000136578	-0.000761479	2
-155.813	41.4297	-0.000148761	-0.000776647	2
-156.578	42.0052	-0.000161709	-0.000791931	2
-157.339	42.581	-0.000175443	-0.000807334	2
-158.096	43.1574	-0.000189986	-0.000822861	2
-158.848	43.7349	-0.000205359	-0.000838515	2
-159.594	44.3135	-0.000221586	-0.0008543	2
-160.334	44.8937	-0.000238688	-0.000870222	2
-161.067	45.4757	-0.000256687	-0.000886283	2
-161.794	46.0598	-0.000275605	-0.000902488	2
-162.512	46.6463	-0.000295465	-0.000918841	2
-163.222	47.2354	-0.000316289	-0.000935347	2
-163.922	47.8275	-0.000338098	-0.000952008	2
-164.614	48.4229	-0.000360916	-0.00096883	2
-165.295	49.0217	-0.000384763	-0.000985817	2
-165.965	49.6244	-0.000409663	-0.00100297	2
-166.623	50.2312	-0.000435638	-0.0010203	2
-167.27	50.8424	-0.000462709	-0.0010378	2
-167.904	51.4583	-0.000490899	-0.00105549	2
-168.518	52.0719	-0.000519886	-0.00107315	2
-169.126	52.698	-0.000550366	-0.00109121	2
-169.719	53.3295	-0.000582031	-0.00110946	2
-170.298	53.9669	-0.000614903	-0.00112791	2
-170.861	54.6104	-0.000649005	-0.00114656	2
-171.407	55.2602	-0.000684358	-0.00116542	2
-171.938	55.9168	-0.000720984	-0.00118448	2
-172.451	56.5803	-0.000758906	-0.00120376	2
-172.946	57.2511	-0.000798146	-0.00122326	2
-173.423	57.9294	-0.000838726	-0.00124297	2
-173.88	58.6156	-0.000880668	-0.00126292	2
-174.319	59.3099	-0.000923994	-0.00128309	2
-174.737	60.0126	-0.000968727	-0.0013035	2
-175.134	60.7239	-0.00101489	-0.00132415	2
-175.511	61.4443	-0.0010625	-0.00134504	2
-175.865	62.1739	-0.00111158	-0.00136618	2
-176.197	62.913	-0.00116216	-0.00138757	2
-176.505	63.662	-0.00121426	-0.00140921	2
-176.79	64.4211	-0.0012679	-0.00143111	2
-177.051	65.1907	-0.0013231	-0.00145327	2
-177.287	65.9709	-0.00137988	-0.00147571	2
-177.498	66.7621	-0.00143826	-0.00149841	2
-177.683	67.5646	-0.00149828	-0.00152139	2
-177.839	68.3692	-0.00155923	-0.00154438	2
-177.97	69.195	-0.00162254	-0.00156792	2
-178.074	70.0329	-0.00168756	-0.00159174	2
-178.149	70.8832	-0.00175428	-0.00161586	2

-75.0013	2.01274	5.04527e-07	-4.6915e-07	2
-75.1217	3.10089	4.44123e-05	-3.9354e-05	2
-75.2656	4.18684	8.98598e-05	-7.57833e-05	2
-75.4313	5.25809	0.000136322	-0.000109339	2
-75.6164	6.30282	0.000183227	-0.000139733	2
-75.8245	7.34558	0.000231646	-0.000167723	2
-76.0535	8.37437	0.000281017	-0.00019299	2
-76.3029	9.38944	0.000331322	-0.000215584	2
-76.5723	10.391	0.000382538	-0.000235556	2
-76.8613	11.3794	0.000434646	-0.000252956	2
-77.1697	12.3548	0.000487624	-0.000267835	2
-77.497	13.3175	0.000541453	-0.000280244	2
-77.8429	14.2677	0.000596112	-0.000290232	2
-78.2069	15.2057	0.000651579	-0.000297851	2
-78.5888	16.1316	0.000707836	-0.00030315	2
-78.9882	17.0458	0.00076486	-0.000306181	2
-79.4046	17.9485	0.000822632	-0.000306994	2
-79.8378	18.84	0.00088113	-0.000305639	2
-80.2873	19.7205	0.000940335	-0.000302166	2
-80.7528	20.5902	0.00100023	-0.000296628	2
-81.2339	21.4494	0.00106078	-0.000289073	2
-81.7302	22.2983	0.00112198	-0.000279552	2
-82.2415	23.1372	0.0011838	-0.000268116	2
-82.7672	23.9663	0.00124623	-0.000254816	2
-83.3071	24.7859	0.00130924	-0.000239702	2
-83.8608	25.5962	0.00137281	-0.000222824	2
-84.4213	26.3883	0.00143619	-0.000204456	2
-85.0012	27.1809	0.00150082	-0.000184221	2
-85.5938	27.965	0.00156595	-0.000162373	2
-86.1988	28.7407	0.00163156	-0.000138963	2
-86.8156	29.5084	0.00169763	-0.000114042	2
-87.4441	30.2683	0.00176414	-8.76592e-05	2
-88.0837	31.0206	0.00183106	-5.98658e-05	2
-88.7342	31.7657	0.00189839	-3.07124e-05	2
-89.3951	32.5036	0.00196609	-2.49223e-07	2
-90.0661	33.2347	0.00203415	3.14731e-05	2
-90.7469	33.9593	0.00210255	6.4404e-05	2
-91.437	34.6775	0.00217126	9.84931e-05	2
-92.1361	35.3897	0.00224026	0.00013369	2
-92.8438	36.096	0.00230954	0.000169944	2
-93.5598	36.7967	0.00237908	0.000207204	2
-94.2836	37.4921	0.00244885	0.000245421	2
-95.015	38.1824	0.00251883	0.000284543	2
-95.7535	38.8678	0.002589	0.00032452	2
-96.4987	39.5487	0.00265934	0.000365302	2
-97.2504	40.2252	0.00272984	0.000406838	2
-98.0082	40.8975	0.00280046	0.000449078	2
-98.7716	41.566	0.0028712	0.000491971	2
-99.5403	42.2309	0.00294202	0.000535466	2
-100.305	42.8849	0.0030121	0.000579005	2
-101.083	43.5433	0.00308304	0.000623548	2
-101.866	44.1988	0.00315401	0.000668543	2
-102.652	44.8518	0.00322498	0.00071394	2
-103.441	45.5023	0.00329595	0.000759687	2
-104.234	46.1507	0.00336688	0.000805734	2
-105.03	46.7972	0.00343775	0.000852031	2
-105.828	47.442	0.00350855	0.000898527	2
-106.627	48.0854	0.00357925	0.000945172	2
-107.429	48.7277	0.00364984	0.000991915	2
-108.232	49.3691	0.00372029	0.00103871	2
-109.035	50.0098	0.00379058	0.00108549	2
-109.839	50.6501	0.0038607	0.00113223	2
-110.644	51.2902	0.00393061	0.00117886	2
-111.448	51.9304	0.00400031	0.00122533	2
-112.251	52.5709	0.00406977	0.0012716	2
-113.054	53.212	0.00413896	0.00131762	2
-113.855	53.8539	0.00420788	0.00136333	2
-114.654	54.4969	0.00427649	0.00140868	2
-115.452	55.1412	0.00434479	0.00145363	2
-116.247	55.787	0.00441274	0.00149812	2
-117.039	56.4346	0.00448032	0.0015421	2
-117.828	57.0843	0.00454753	0.00158552	2
-118.614	57.7363	0.00461433	0.00162834	2
-119.386	58.3832	0.00467994	0.00167001	2
-120.164	59.0405	0.00474588	0.00171146	2
-120.936	59.7008	0.00481134	0.00175216	2
-121.704	60.3643	0.00487633	0.00179204	2
-122.466	61.0314	0.0049408	0.00183106	2
-123.223	61.7023	0.00500475	0.00186917	2
-123.974	62.3772	0.00506815	0.00190632	2
-124.718	63.0563	0.00513098	0.00194245	2
-125.455	63.7399	0.00519322	0.00197753	2
-126.185	64.4283	0.00525485	0.00201149	2
-126.907	65.1217	0.00531585	0.00204428	2
-127.622	65.8204	0.0053762	0.00207587	2
-128.328	66.5245	0.00543588	0.00210618	2
-129.025	67.2344	0.00549487	0.00213518	2
-129.714	67.9502	0.00555314	0.00216282	2
-130.393	68.6723	0.00561068	0.00218904	2
-131.062	69.4009	0.00566747	0.00221379	2
-131.721	70.1362	0.00572348	0.00223702	2
-132.369	70.8785	0.0057787	0.00225869	2
-133.007	71.628	0.00583311	0.00227874	2
-133.633	72.3849	0.00588667	0.00229712	2
-134.248	73.1496	0.00593938	0.00231378	2
-134.851	73.9222	0.00599121	0.00232867	2
-135.434	74.694	0.00604157	0.0023416	2
-136.012	75.4832	0.00609159	0.00235282	2
-136.577	76.281	0.00614068	0.00236212	2
-137.128	77.0879	0.00618881	0.00236945	2

-25.0021	2.01277	8.5631e-07	-3.21993e-08	2
-25.1733	3.10732	7.43841e-05	-3.44808e-06	2
-25.331	4.20807	0.000148536	-8.1982e-06	2
-25.4732	5.30229	0.000222455	-1.42406e-05	2
-25.5987	6.37758	0.000295297	-2.14741e-05	2
-25.7106	7.45899	0.000368755	-3.00572e-05	2
-25.8075	8.53404	0.000441982	-3.99034e-05	2
-25.8895	9.60279	0.000514977	-5.1003e-05	2
-25.957	10.6653	0.00058774	-6.33461e-05	2
-26.0099	11.7216	0.000660272	-7.69231e-05	2
-26.0484	12.7718	0.000732574	-9.17241e-05	2
-26.0728	13.8158	0.000804644	-0.000107739	2
-26.0833	14.8539	0.000876484	-0.000124959	2
-26.0798	15.886	0.000948093	-0.000143374	2
-26.0628	16.9122	0.00101947	-0.000162974	2
-26.0322	17.9325	0.00109062	-0.000183749	2
-25.9883	18.947	0.00116154	-0.000205689	2
-25.9312	19.9557	0.00123223	-0.000228785	2
-25.8611	20.9588	0.00130269	-0.000253028	2
-25.7782	21.9562	0.00137291	-0.000278406	2
-25.6826	22.948	0.00144291	-0.000304911	2
-25.5745	23.9343	0.00151268	-0.000332532	2
-25.4541	24.9152	0.00158223	-0.000361261	2
-25.3215	25.8906	0.00165154	-0.000391087	2
-25.1769	26.8606	0.00172062	-0.000422	2
-25.0204	27.8254	0.00178948	-0.00045399	2
-24.8543	28.7739	0.00185732	-0.000486663	2
-24.6748	29.7282	0.00192572	-0.000520768	2
-24.484	30.6774	0.00199389	-0.000555921	2
-24.2819	31.6216	0.00206184	-0.000592113	2
-24.0689	32.5607	0.00212955	-0.000629333	2
-23.845	33.4948	0.00219704	-0.000667573	2
-23.6105	34.424	0.00226431	-0.000706823	2
-23.3654	35.3483	0.00233134	-0.000747072	2
-23.11	36.2678	0.00239815	-0.000788311	2
-22.8444	37.1826	0.00246473	-0.00083053	2
-22.5688	38.0927	0.00253108	-0.00087372	2
-22.2833	38.9981	0.00259721	-0.00091787	2
-21.9882	39.8989	0.00266311	-0.000962971	2
-21.6835	40.7952	0.00272879	-0.00100901	2
-21.3695	41.687	0.00279424	-0.00105599	2
-21.0463	42.5744	0.00285946	-0.00110388	2
-20.7141	43.4575	0.00292446	-0.00115269	2
-20.373	44.3362	0.00298923	-0.0012024	2
-20.0233	45.2107	0.00305377	-0.001253	2
-19.665	46.0809	0.00311809	-0.00130448	2
-19.2984	46.947	0.00318219	-0.00135684	2
-18.9235	47.8091	0.00324606	-0.00141006	2
-18.5407	48.6671	0.00330971	-0.00146413	2
-18.1545	49.5113	0.0033724	-0.00151841	2
-17.7562	50.3614	0.0034356	-0.00157415	2
-17.3504	51.2077	0.00349857	-0.00163072	2
-16.9372	52.0501	0.00356133	-0.0016881	2
-16.5168	52.8888	0.00362385	-0.00174628	2
-16.0894	53.7238	0.00368616	-0.00180526	2
-15.6551	54.5551	0.00374824	-0.00186502	2
-15.2141	55.3829	0.00381009	-0.00192556	2
-14.7666	56.2071	0.00387172	-0.00198687	2
-14.3127	57.0278	0.00393313	-0.00204893	2
-13.8526	57.8451	0.00399432	-0.00211173	2
-13.3865	58.659	0.00405528	-0.00217527	2
-12.9146	59.4696	0.00411603	-0.00223954	2
-12.4369	60.277	0.00417654	-0.00230453	2
-11.9537	61.0811	0.00423684	-0.00237022	2
-11.4651	61.8821	0.00429692	-0.00243661	2
-10.9713	62.68	0.00435677	-0.00250369	2
-10.4725	63.4749	0.0044164	-0.00257144	2
-9.96878	64.2667	0.00447581	-0.00263987	2
-9.46039	65.0557	0.00453499	-0.00270895	2
-8.94745	65.8418	0.00459396	-0.00277868	2
-8.43014	66.625	0.00465271	-0.00284904	2
-7.90862	67.4055	0.00471123	-0.00292004	2
-7.38306	68.1833	0.00476953	-0.00299166	2
-6.85973	68.9495	0.00482695	-0.00306305	2
-6.32663	69.7221	0.00488481	-0.00313587	2
-5.78998	70.4921	0.00494246	-0.00320927	2
-5.24996	71.2596	0.00499988	-0.00328326	2
-4.70672	72.0247	0.00505708	-0.00335782	2
-4.16043	72.7875	0.00511407	-0.00343294	2
-3.61127	73.5479	0.00517083	-0.00350861	2
-3.05939	74.306	0.00522738	-0.00358482	2
-2.50496	75.0619	0.0052837	-0.00366156	2
-1.94814	75.8157	0.00533981	-0.00373883	2
-1.38911	76.5674	0.0053957	-0.0038166	2
-0.828031	77.317	0.00545137	-0.00389488	2
-0.265064	78.0647	0.00550682	-0.00397365	2
0.299621	78.8104	0.00556205	-0.00405291	2
0.865859	79.5542	0.00561706	-0.00413263	2
1.43348	80.2962	0.00567185	-0.00421282	2
2.00233	81.0365	0.00572643	-0.00429346	2
2.57223	81.775	0.00578079	-0.00437455	2
3.14302	82.5119	0.00583493	-0.00445607	2
3.71453	83.2471	0.00588886	-0.00453801	2
4.2866	83.9809	0.00594256	-0.00462037	2
4.85906	84.7131	0.00599605	-0.00470313	2
5.43175	85.4439	0.00604932	-0.00478629	2
5.99791	86.165	0.00610177	-0.00486887	2
6.57055	86.8931	0.00615461	-0.00495278	2
7.14292	87.6199	0.00620723	-0.00503706	2
7.71485	88.3455	0.00625964	-0.00512169	2

24.9968	2.01282	-1.93668e-07	-2.82418e-07	2
24.7325	3.10745	-1.7374e-05	-2.33589e-05	2
24.494	4.1989	-3.57932e-05	-4.42963e-05	2
24.2842	5.27454	-5.52323e-05	-6.28573e-05	2
24.1046	6.32244	-7.54252e-05	-7.89131e-05	2
23.9506	7.36713	-9.68165e-05	-9.28816e-05	2
23.8241	8.39653	-0.000119152	-0.000104608	2
23.7248	9.41079	-0.000142405	-0.000114136	2
23.6523	10.4101	-0.000166551	-0.000121512	2
23.6061	11.3946	-0.000191565	-0.000126779	2
23.586	12.3645	-0.000217421	-0.000129984	2
23.5915	13.32	-0.000244094	-0.00013117	2
23.6223	14.2612	-0.000271557	-0.000130384	2
23.678	15.1883	-0.000299787	-0.000127668	2
23.7583	16.1015	-0.000328757	-0.000123069	2
23.8626	17.0009	-0.000358442	-0.000116632	2
23.9908	17.8868	-0.000388816	-0.0001084	2
24.1424	18.7593	-0.000419855	-9.84194e-05	2
24.317	19.6185	-0.000451532	-8.67345e-05	2
24.5143	20.4647	-0.000483822	-7.33903e-05	2
24.7338	21.2979	-0.0005167	-5.84316e-05	2
24.9753	22.1185	-0.000550141	-4.19034e-05	2
25.2382	22.9265	-0.000584118	-2.38503e-05	2
25.5224	23.7222	-0.000618607	-4.31736e-06	2
25.8273	24.5057	-0.000653582	1.66506e-05	2
26.1527	25.2771	-0.000689018	3.90088e-05	2
26.494	26.0281	-0.000724474	6.24324e-05	2
26.8588	26.7761	-0.00076075	8.74217e-05	2
27.2429	27.5127	-0.000797411	0.000113667	2
27.6459	28.2379	-0.000834431	0.000141124	2
28.0675	28.9519	-0.000871784	0.000169747	2
28.5073	29.655	-0.000909446	0.000199492	2
28.9648	30.3472	-0.000947392	0.000230313	2
29.4398	31.0288	-0.000985594	0.000262166	2
29.9318	31.7	-0.00102403	0.000295007	2
30.4405	32.3608	-0.00106267	0.000328789	2
30.9655	33.0115	-0.00110149	0.000363469	2
31.5064	33.6523	-0.00114047	0.000399001	2
32.0629	34.2833	-0.00117958	0.00043534	2
32.6345	34.9047	-0.00121879	0.000472443	2
33.221	35.5166	-0.00125809	0.000510263	2
33.8219	36.1193	-0.00129743	0.000548756	2
34.4368	36.7129	-0.00133681	0.000587878	2
35.0654	37.2975	-0.00137619	0.000627582	2
35.7073	37.8735	-0.00141555	0.000667825	2
36.3622	38.4408	-0.00145486	0.000708562	2
37.0296	38.9998	-0.00149409	0.000749747	2
37.7092	39.5505	-0.00153323	0.000791336	2
38.4006	40.0932	-0.00157224	0.000833284	2
39.0953	40.6219	-0.00161066	0.000875059	2
39.8091	41.1491	-0.00164935	0.000917588	2
40.5336	41.6687	-0.00168785	0.000960342	2
41.2683	42.181	-0.00172611	0.00100328	2
42.0131	42.6861	-0.00176413	0.00104634	2
42.7674	43.1841	-0.00180187	0.0010895	2
43.5309	43.6754	-0.00183931	0.00113271	2
44.3032	44.1599	-0.00187642	0.00117591	2
45.0839	44.638	-0.00191318	0.00121908	2
45.8728	45.1097	-0.00194956	0.00126215	2
46.6693	45.5752	-0.00198554	0.00130509	2
47.4731	46.0348	-0.00202109	0.00134785	2
48.2839	46.4886	-0.00205618	0.00139038	2
49.1013	46.9367	-0.00209079	0.00143265	2
49.9249	47.3794	-0.0021249	0.0014746	2
50.7543	47.8167	-0.00215848	0.0015162	2
51.5891	48.249	-0.00219151	0.00155739	2
52.4291	48.6763	-0.00222395	0.00159814	2
53.2737	49.0988	-0.00225579	0.00163839	2
54.1227	49.5168	-0.00228699	0.0016781	2
54.9756	49.9303	-0.00231753	0.00171723	2
55.8321	50.3395	-0.0023474	0.00175574	2
56.6918	50.7447	-0.00237655	0.00179357	2
57.5543	51.1459	-0.00240497	0.00183069	2
58.4094	51.5389	-0.00243232	0.00186663	2
59.2764	51.9328	-0.0024592	0.00190218	2
60.1452	52.3234	-0.00248528	0.00193689	2
61.0153	52.7108	-0.00251052	0.0019707	2
61.8864	53.0951	-0.0025349	0.00200357	2
62.7581	53.4765	-0.00255839	0.00203545	2
63.63	53.8553	-0.00258098	0.0020663	2
64.5017	54.2315	-0.00260262	0.00209608	2
65.3729	54.6053	-0.0026233	0.00212473	2
66.2432	54.9769	-0.002643	0.00215222	2
67.1122	55.3466	-0.00266168	0.00217851	2
67.9796	55.7144	-0.00267932	0.00220353	2
68.845	56.0805	-0.0026959	0.00222726	2
69.7079	56.4451	-0.00271139	0.00224964	2
70.5681	56.8084	-0.00272576	0.00227063	2
71.4251	57.1706	-0.00273899	0.00229019	2
72.2786	57.5318	-0.00275106	0.00230827	2
73.1281	57.8921	-0.00276194	0.00232483	2
73.9735	58.2519	-0.0027716	0.00233981	2
74.8141	58.6112	-0.00278001	0.00235319	2
75.6498	58.9701	-0.00278716	0.0023649	2
76.48	59.329	-0.00279302	0.00237491	2
77.3045	59.688	-0.00279756	0.00238317	2
78.1135	60.043	-0.00280072	0.00238958	2
78.9254	60.4026	-0.00280256	0.00239423	2
79.7304	60.7627	-0.00280301	0.002397	2
80.5282	61.1236	-0.00280204	0.00239785	2

74.9943	2.01253	6.88713e-07	-3.71149e-07	2
74.514	3.08844	5.78201e-05	-3.1094e-05	2
74.0462	4.17369	0.000111446	-5.97972e-05	2
73.5966	5.25562	0.000160955	-8.61533e-05	2
73.17	6.32174	0.000205922	-0.000109942	2
72.7564	7.39674	0.000247471	-0.000131761	2
72.3608	8.46808	0.00028513	-0.000151362	2
71.983	9.53565	0.000318977	-0.000168791	2
71.6231	10.5993	0.000349088	-0.00018409	2
71.2809	11.659	0.00037554	-0.000197303	2
70.9564	12.7146	0.000398409	-0.000208474	2
70.6495	13.7659	0.000417772	-0.000217647	2
70.3601	14.8129	0.000433705	-0.000224865	2
70.0882	15.8554	0.000446284	-0.000230171	2
69.8336	16.8934	0.000455587	-0.000233609	2
69.5964	17.9267	0.000461689	-0.000235224	2
69.3763	18.9551	0.000464667	-0.000235058	2
69.1734	19.9787	0.000464598	-0.000233156	2
68.9876	20.9972	0.000461559	-0.00022956	2
68.8187	22.0106	0.000455624	-0.000224315	2
68.6668	23.0187	0.000446872	-0.000217464	2
68.5317	24.0214	0.000435379	-0.000209051	2
68.4134	25.0186	0.000421221	-0.000199119	2
68.3118	26.0103	0.000404475	-0.000187713	2
68.2268	26.9962	0.000385216	-0.000174875	2
68.1583	27.9762	0.000363523	-0.000160649	2
68.1069	28.9392	0.00033976	-0.000145266	2
68.0711	29.9073	0.000313451	-0.000128411	2
68.0516	30.8693	0.000284935	-0.000110298	2
68.0484	31.8249	0.000254289	-9.09719e-05	2
68.0614	32.7742	0.00022159	-7.04758e-05	2
68.0904	33.7169	0.000186913	-4.88533e-05	2
68.1355	34.653	0.000150335	-2.61481e-05	2
68.1965	35.5824	0.000111934	-2.40378e-06	2
68.2734	36.5049	7.17844e-05	2.2336e-05	2
68.366	37.4204	2.99638e-05	4.80275e-05	2
68.4744	38.3288	-1.34514e-05	7.46272e-05	2
68.5985	39.23	-5.83848e-05	0.000102091	2
68.7381	40.1238	-0.00010476	0.000130377	2
68.8931	41.0103	-0.0001525	0.000159439	2
69.0637	41.8891	-0.000201529	0.000189235	2
69.2495	42.7603	-0.00025177	0.000219721	2
69.4506	43.6238	-0.000303147	0.000250853	2
69.6669	44.4793	-0.000355583	0.000282588	2
69.8984	45.3268	-0.000409002	0.000314883	2
70.1448	46.1662	-0.000463327	0.000347692	2
70.4063	46.9974	-0.000518481	0.000380973	2
70.6826	47.8202	-0.000574389	0.000414683	2
70.9738	48.6345	-0.000630974	0.000448777	2
71.276	49.431	-0.000687498	0.000482815	2
71.5964	50.2282	-0.0007452	0.000517544	2
71.9314	51.0165	-0.000803351	0.000552527	2
72.2809	51.7959	-0.000861873	0.000587721	2
72.6448	52.5662	-0.000920691	0.000623081	2
73.0231	53.3274	-0.000979726	0.000658565	2
73.4157	54.0794	-0.0010389	0.000694128	2
73.8225	54.8219	-0.00109815	0.000729728	2
74.2435	55.555	-0.00115738	0.00076532	2
74.6785	56.2784	-0.00121652	0.00080086	2
75.1275	56.9921	-0.00127551	0.000836305	2
75.5904	57.6959	-0.00133425	0.000871612	2
76.0672	58.3898	-0.00139267	0.000906737	2
76.5577	59.0736	-0.0014507	0.000941635	2
77.0619	59.7473	-0.00150826	0.000976265	2
77.5797	60.4106	-0.00156527	0.00101058	2
78.1111	61.0635	-0.00162166	0.00104454	2
78.6559	61.7059	-0.00167736	0.0010781	2
79.2142	62.3376	-0.00173227	0.00111121	2
79.7857	62.9586	-0.00178633	0.00114384	2
80.3705	63.5687	-0.00183947	0.00117594	2
80.9684	64.1678	-0.0018916	0.00120746	2
81.5794	64.7558	-0.00194264	0.00123836	2
82.2035	65.3325	-0.00199253	0.0012686	2
82.8331	65.8916	-0.00204063	0.0012978	2
83.4827	66.4457	-0.00208799	0.00132659	2
84.1452	66.9882	-0.00213396	0.00135459	2
84.8204	67.5191	-0.00217846	0.00138176	2
85.5083	68.0382	-0.00222143	0.00140804	2
86.2087	68.5454	-0.00226278	0.0014334	2
86.9215	69.0406	-0.00230243	0.0014578	2
87.6468	69.5236	-0.00234032	0.00148118	2
88.3845	69.9944	-0.00237636	0.00150351	2
89.1344	70.4528	-0.00241048	0.00152474	2
89.8965	70.8987	-0.0024426	0.00154483	2
90.6707	71.332	-0.00247264	0.00156373	2
91.4569	71.7527	-0.00250053	0.00158141	2
92.2551	72.1605	-0.00252619	0.00159781	2
93.0652	72.5553	-0.00254955	0.0016129	2
93.8871	72.9371	-0.00257053	0.00162662	2
94.7207	73.3058	-0.00258904	0.00163895	2
95.566	73.6612	-0.00260503	0.00164982	2
96.4229	74.0031	-0.0026184	0.00165921	2
97.2913	74.3316	-0.00262908	0.00166706	2
98.1711	74.6464	-0.002637	0.00167333	2
99.0623	74.9475	-0.00264208	0.00167798	2
99.9648	75.2347	-0.00264424	0.00168096	2
100.868	75.5049	-0.00264344	0.00168223	2
101.793	75.7643	-0.00263957	0.00168178	2
102.728	76.0094	-0.00263256	0.00167952	2
103.675	76.2402	-0.00262233	0.00167543	2

125	2.01025	5.08656e-07	3.34972e-08	2
124.947	2.89265	4.28588e-05	2.54747e-06	2
124.866	3.78704	8.29252e-05	4.36448e-06	2
124.757	4.68304	0.000120242	5.46863e-06	2
124.623	5.57023	0.000154469	5.87668e-06	2
124.461	6.46912	0.000186445	5.61553e-06	2
124.273	7.36928	0.0002158	4.69407e-06	2
124.06	8.27062	0.000242575	3.12987e-06	2
123.824	9.173	0.000266814	9.40514e-07	2
123.564	10.0763	0.000288561	-1.85641e-06	2
123.282	10.9805	0.000307856	-5.24331e-06	2
122.978	11.8853	0.000324744	-9.20262e-06	2
122.653	12.7908	0.000339267	-1.37167e-05	2
122.308	13.6967	0.000351468	-1.87681e-05	2
121.943	14.603	0.00036139	-2.43391e-05	2
121.559	15.5096	0.000369075	-3.04122e-05	2
121.158	16.4163	0.000374567	-3.69698e-05	2
120.739	17.323	0.000377907	-4.39942e-05	2
120.304	18.2297	0.00037914	-5.1468e-05	2
119.854	19.1361	0.000378308	-5.93736e-05	2
119.388	20.0422	0.000375453	-6.76932e-05	2
118.908	20.9479	0.000370619	-7.64095e-05	2
118.415	21.8531	0.000363848	-8.55047e-05	2
117.909	22.7576	0.000355183	-9.49613e-05	2
117.392	23.6613	0.000344667	-0.000104762	2
116.863	24.5642	0.000332342	-0.000114888	2
116.33	25.4557	0.000318424	-0.000125202	2
115.781	26.3564	0.000302631	-0.000135925	2
115.224	27.256	0.000285158	-0.000146922	2
114.658	28.1541	0.000266047	-0.000158175	2
114.085	29.0509	0.000245341	-0.000169667	2
113.505	29.9461	0.000223083	-0.000181379	2
112.92	30.8396	0.000199316	-0.000193295	2
112.33	31.7313	0.000174083	-0.000205396	2
111.735	32.621	0.000147427	-0.000217666	2
111.137	33.5088	0.000119389	-0.000230086	2
110.536	34.3945	9.00139e-05	-0.00024264	2
109.933	35.2778	5.93436e-05	-0.000255308	2
109.329	36.1589	2.7421e-05	-0.000268075	2
108.724	37.0374	-5.71108e-06	-0.000280922	2
108.119	37.9134	-4.00098e-05	-0.000293831	2
107.516	38.7866	-7.54323e-05	-0.000306786	2
106.914	39.6571	-0.000111936	-0.000319768	2
106.315	40.5246	-0.000149478	-0.000332761	2
105.719	41.389	-0.000188015	-0.000345745	2
105.127	42.2503	-0.000227504	-0.000358704	2
104.54	43.1083	-0.000267904	-0.000371621	2
103.959	43.963	-0.00030917	-0.000384477	2
103.384	44.8141	-0.000351261	-0.000397255	2
102.822	45.6519	-0.000393636	-0.000409792	2
102.262	46.4957	-0.000437238	-0.000422363	2
101.711	47.3357	-0.000481536	-0.000434803	2
101.169	48.1718	-0.000526488	-0.000447095	2
100.636	49.0037	-0.000572051	-0.000459222	2
100.115	49.8315	-0.000618181	-0.000471165	2
99.6057	50.655	-0.000664836	-0.000482907	2
99.1085	51.4741	-0.000711973	-0.000494431	2
98.6245	52.2886	-0.00075955	-0.000505719	2
98.1545	53.0985	-0.000807523	-0.000516753	2
97.6991	53.9037	-0.00085585	-0.000527516	2
97.2592	54.704	-0.000904488	-0.00053799	2
96.8354	55.4993	-0.000953393	-0.000548158	2
96.4287	56.2895	-0.00100252	-0.000558002	2
96.0396	57.0745	-0.00105184	-0.000567504	2
95.6691	57.8542	-0.00110129	-0.000576648	2
95.3177	58.6284	-0.00115084	-0.000585414	2
94.9864	59.3971	-0.00120045	-0.000593786	2
94.6759	60.1601	-0.00125006	-0.000601747	2
94.3868	60.9174	-0.00129964	-0.000609278	2
94.12	61.6688	-0.00134915	-0.000616362	2
93.8763	62.4141	-0.00139855	-0.000622981	2
93.6564	63.1534	-0.00144778	-0.000629118	2
93.461	63.8864	-0.00149681	-0.000634756	2
93.2928	64.6047	-0.00154503	-0.00063982	2
93.1485	65.325	-0.00159353	-0.000644411	2
93.031	66.0387	-0.0016417	-0.00064845	2
92.9411	66.7457	-0.00168949	-0.000651919	2
92.8796	67.4459	-0.00173687	-0.000654801	2
92.8472	68.1392	-0.00178379	-0.000657077	2
92.8446	68.8255	-0.00183021	-0.000658731	2
92.8727	69.5046	-0.00187608	-0.000659745	2
92.9321	70.1764	-0.00192136	-0.0006601	2
93.0237	70.8409	-0.00196602	-0.000659781	2
93.1482	71.4979	-0.00201	-0.000658768	2
93.3064	72.1474	-0.00205326	-0.000657045	2
93.4989	72.7891	-0.00209577	-0.000654593	2
93.7267	73.4229	-0.00213747	-0.000651396	2
93.9904	74.0489	-0.00217833	-0.000647436	2
94.2908	74.6667	-0.0022183	-0.000642694	2
94.6286	75.2765	-0.00225734	-0.000637154	2
95.0047	75.8779	-0.00229541	-0.000630799	2
95.4198	76.4709	-0.00233247	-0.000623609	2
95.8745	77.0554	-0.00236846	-0.000615568	2
96.3698	77.6314	-0.00240335	-0.000606658	2
96.9064	78.1985	-0.0024371	-0.000596862	2
97.4849	78.7568	-0.00246967	-0.000586162	2
98.0989	79.2999	-0.00250065	-0.000574679	2
98.7632	79.8403	-0.00253072	-0.000562129	2
99.4719	80.3715	-0.00255948	-0.000548623	2
100.226	80.8934	-0.00258688	-0.000534142	2

