-125.005	2.0122	6.68265e-07	-4.18833e-07	2
-125.439	3.06079	5.60734e-05	-3.52171e-05	2
-125.862	4.1204	0.000108018	-6.79921e-05	2
-126.271	5.17867	0.000155909	-9.83694e-05	2
-126.661	6.22331	0.000199341	-0.000126084	2
-127.04	7.27847	0.000239399	-0.000151825	2
-127.405	8.33185	0.00027563	-0.0001753	2
-127.755	9.38328	0.000308111	-0.000196553	2
-128.091	10.4326	0.000336918	-0.000215629	2
-128.411	11.4797	0.000362126	-0.000232572	2
-128.717	12.5244	0.000383812	-0.000247425	2
-129.008	13.5666	0.000402051	-0.000260235	2
-129.285	14.606	0.000416919	-0.000271043	2
-129.547	15.6427	0.000428492	-0.000279895	2
-129.794	16.6763	0.000436846	-0.000286835	2
-130.026	17.7067	0.000442057	-0.000291907	2
-130.244	18.7339	0.000444201	-0.000295156	2
-130.447	19.7576	0.000443353	-0.000296624	2
-130.636	20.7777	0.00043959	-0.000296358	2
-130.81	21.7941	0.000432988	-0.0002944	2
-130.969	22.8065	0.000423621	-0.000290795	2
-131.114	23.8149	0.000411568	-0.000285587	2
-131.244	24.8191	0.000396902	-0.000278821	2
-131.36	25.8189	0.0003797	-0.00027054	2
-131.461	26.8142	0.000360038	-0.000260789	2
-131.547	27.8049	0.000337993	-0.000249612	2
-131.619	28.7794	0.000313931	-0.000237205	2
-131.676	29.7603	0.00028737	-0.000223323	2
-131.72	30.7361	0.000258651	-0.000208148	2
-131.748	31.7067	0.000227852	-0.000191723	2
-131.763	32.6718	0.000195046	-0.000174092	2
-131.762	33.6314	0.000160311	-0.0001553	2
-131.748	34.5852	0.000123722	-0.00013539	2
-131.719	35.5332	8.53553e-05	-0.000114408	2
-131.675	36.4751	4.52867e-05	-9.23967e-05	2
-131.617	37.4109	3.59203e-06	-6.94009e-05	2
-131.545	38.3404	-3.96528e-05	-4.54647e-05	2
-131.458	39.2633	-8.43718e-05	-2.06323e-05	2
-131.357	40.1797	-0.000130489	5.05218e-06	2
-131.241	41.0892	-0.000177929	3.15445e-05	2
-131.111	41.9919	-0.000226616	5.88004e-05	2
-130.967	42.8874	-0.000276473	8.67758e-05	2
-130.808	43.7758	-0.000327424	0.000115426	2
-130.635	44.6567	-0.000379395	0.000144708	2
-130.448	45.5301	-0.000432309	0.000174577	2
-130.247	46.3958	-0.000486089	0.000204988	2
-130.031	47.2537	-0.000540661	0.000235898	2
-129.801	48.1036	-0.000595948	0.000267262	2
-129.556	48.9454	-0.000651875	0.000299036	2
-129.301	49.7693	-0.000707713	0.000330804	2
-129.028	50.5944	-0.000764685	0.000363263	2
-128.741	51.4109	-0.00082207	0.000395999	2
-128.44	52.2187	-0.000879792	0.000428969	2
-128.124	53.0176	-0.000937774	0.000462129	2
-127.795	53.8075	-0.000995941	0.000495434	2
-127.451	54.5881	-0.00105422	0.00052884	2
-127.093	55.3594	-0.00111253	0.000562304	2
-126.721	56.1212	-0.00117079	0.00059578	2
-126.335	56.8734	-0.00122894	0.000629225	2
-125.934	57.6157	-0.00128689	0.000662595	2
-125.52	58.3481	-0.00134458	0.000695844	2
-125.091	59.0704	-0.00140191	0.00072893	2
-124.648	59.7825	-0.00145883	0.000761808	2
-124.192	60.4841	-0.00151524	0.000794433	2
-123.721	61.1752	-0.00157108	0.000826762	2
-123.236	61.8555	-0.00162627	0.00085875	2
-122.737	62.525	-0.00168074	0.000890353	2
-122.224	63.1835	-0.0017344	0.000921528	2
-121.696	63.8309	-0.00178719	0.000952229	2
-121.155	64.4669	-0.00183902	0.000982412	2
-120.6	65.0914	-0.00188982	0.00101203	2
-120.031	65.7044	-0.00193952	0.00104105	2
-119.448	66.3055	-0.00198804	0.00106942	2
-118.858	66.8881	-0.00203476	0.00109677	2
-118.247	67.4654	-0.0020807	0.00112372	2
-117.622	68.0305	-0.00212524	0.00114988	2
-116.983	68.5832	-0.00216829	0.00117521	2
-116.33	69.1234	-0.00220978	0.00119967	2
-115.664	69.651	-0.00224963	0.00122322	2
-114.983	70.1657	-0.00228777	0.00124581	2
-114.289	70.6674	-0.00232413	0.0012674	2
-113.58	71.156	-0.00235862	0.00128793	2
-112.858	71.6313	-0.00239117	0.00130738	2
-112.122	72.0932	-0.0024217	0.00132569	2
-111.372	72.5415	-0.00245015	0.00134283	2
-110.609	72.9761	-0.00247643	0.00135873	2
-109.831	73.3968	-0.00250046	0.00137337	2
-109.04	73.8035	-0.00252218	0.0013867	2
-108.235	74.1959	-0.0025415	0.00139867	2
-107.416	74.5741	-0.00255835	0.00140924	2
-106.583	74.9377	-0.00257265	0.00141837	2
-105.736	75.2867	-0.00258434	0.001426	2
-104.876	75.621	-0.00259332	0.0014321	2
-104.002	75.9402	-0.00259953	0.00143663	2
-103.114	76.2444	-0.00260289	0.00143953	2
-102.213	76.5334	-0.00260332	0.00144077	2
-101.309	76.8039	-0.0026008	0.00144031	2
-100.38	77.062	-0.00259519	0.0014381	2
-99.4375	77.3045	-0.00258642	0.0014341	2
-98.4815	77.5311	-0.00257443	0.00142825	2

-75	2.01028	4.51064e-07	4.46938e-08	2
-75.0189	2.89509	3.80256e-05	3.47645e-06	2
-75.0686	3.79128	7.36135e-05	6.13197e-06	2
-75.1482	4.68846	0.0001068	7.98533e-06	2
-75.2556	5.57621	0.000137282	9.04742e-06	2
-75.3925	6.47508	0.000165805	9.36154e-06	2
-75.557	7.37464	0.000192036	8.92968e-06	2
-75.7482	8.2748	0.000216014	7.77063e-06	2
-75.9655	9.17547	0.000237775	5.90317e-06	2
-76.208	10.0765	0.000257356	3.34611e-06	2
-76.4749	10.9779	0.000274793	1.18242e-07	2
-76.7655	11.8795	0.000290124	-3.76165e-06	2
-77.0788	12.7812	0.000303386	-8.27477e-06	2
-77.4143	13.6829	0.000314616	-1.34023e-05	2
-77.771	14.5845	0.000323849	-1.91255e-05	2
-78.1481	15.4859	0.000331124	-2.54256e-05	2
-78.5449	16.387	0.000336477	-3.22837e-05	2
-78.9606	17.2877	0.000339945	-3.9681e-05	2
-79.3944	18.188	0.000341564	-4.75989e-05	2
-79.8454	19.0876	0.000341373	-5.60184e-05	2
-80.313	19.9866	0.000339407	-6.49208e-05	2
-80.7963	20.8848	0.000335703	-7.42872e-05	2
-81.2944	21.7821	0.000330299	-8.4099e-05	2
-81.8067	22.6784	0.000323231	-9.43373e-05	2
-82.3324	23.5737	0.000314536	-0.000104983	2
-82.8705	24.4677	0.000304251	-0.000116018	2
-83.4141	25.3503	0.000292557	-0.00012729	2
-83.9748	26.2417	0.00027922	-0.000139043	2
-84.5457	27.1316	0.000264403	-0.000151128	2
-85.126	28.02	0.000248143	-0.000163527	2
-85.7148	28.9067	0.000230477	-0.000176221	2
-86.3114	29.7917	0.000211442	-0.000189192	2
-86.9151	30.6747	0.000191074	-0.00020242	2
-87.5249	31.5558	0.000169411	-0.000215887	2
-88.1402	32.4349	0.000146489	-0.000229574	2
-88.76	33.3117	0.000122346	-0.000243463	2
-89.3837	34.1863	9.7018e-05	-0.000257533	2
-90.0104	35.0586	7.0542e-05	-0.000271768	2
-90.6394	35.9283	4.2955e-05	-0.000286147	2
-91.2698	36.7956	1.42937e-05	-0.000300652	2
-91.9009	37.6601	-1.54048e-05	-0.000315264	2
-92.5318	38.5219	-4.61038e-05	-0.000329965	2
-93.1618	39.3808	-7.77663e-05	-0.000344736	2
-93.7901	40.2368	-0.000110355	-0.000359557	2
-94.4158	41.0897	-0.000143834	-0.00037441	2
-95.0383	41.9395	-0.000178166	-0.000389277	2
-95.6566	42.786	-0.000213314	-0.000404138	2
-96.2701	43.6291	-0.000249241	-0.000418975	2
-96.8778	44.4689	-0.000285911	-0.000433769	2
-97.4722	45.2954	-0.000322852	-0.000448332	2
-98.0663	46.128	-0.000360888	-0.000462984	2
-98.6524	46.9568	-0.000399556	-0.000477537	2
-99.2296	47.7817	-0.000438819	-0.000491972	2
-99.7971	48.6027	-0.00047864	-0.00050627	2
-100.354	49.4197	-0.000518983	-0.000520412	2
-100.9	50.2325	-0.000559811	-0.00053438	2
-101.434	51.0411	-0.000601086	-0.000548154	2
-101.955	51.8454	-0.000642772	-0.000561717	2
-102.463	52.6452	-0.000684832	-0.000575049	2
-102.956	53.4404	-0.000727229	-0.000588131	2
-103.433	54.2311	-0.000769926	-0.000600945	2
-103.895	55.0169	-0.000812886	-0.000613472	2
-104.34	55.798	-0.000856073	-0.000625692	2
-104.768	56.5741	-0.000899449	-0.000637588	2
-105.177	57.3452	-0.000942978	-0.00064914	2
-105.567	58.1112	-0.000986623	-0.00066033	2
-105.937	58.8719	-0.00103035	-0.000671139	2
-106.287	59.6273	-0.00107411	-0.000681548	2
-106.615	60.3773	-0.00111788	-0.000691538	2
-106.92	61.1218	-0.00116162	-0.00070109	2
-107.202	61.8606	-0.00120529	-0.000710186	2
-107.461	62.5937	-0.00124886	-0.000718807	2
-107.695	63.321	-0.00129228	-0.000726934	2
-107.901	64.0341	-0.00133503	-0.000734464	2
-108.083	64.7495	-0.00137806	-0.000741553	2
-108.238	65.4588	-0.00142084	-0.000748092	2
-108.366	66.1618	-0.00146333	-0.000754062	2
-108.464	66.8586	-0.00150549	-0.000759444	2
-108.534	67.5489	-0.00154729	-0.00076422	2
-108.573	68.2328	-0.00158869	-0.000768371	2
-108.581	68.91	-0.00162965	-0.000771878	2
-108.557	69.5805	-0.00167014	-0.000774721	2
-108.5	70.2442	-0.00171011	-0.000776884	2
-108.41	70.901	-0.00174954	-0.000778345	2
-108.286	71.5507	-0.00178839	-0.000779088	2
-108.127	72.1934	-0.00182661	-0.000779092	2
-107.933	72.8289	-0.00186418	-0.00077834	2
-107.701	73.457	-0.00190105	-0.000776812	2
-107.432	74.0778	-0.00193719	-0.00077449	2
-107.125	74.691	-0.00197256	-0.000771354	2
-106.779	75.2967	-0.00200712	-0.000767387	2
-106.394	75.8946	-0.00204084	-0.000762568	2
-105.967	76.4848	-0.00207368	-0.000756881	2
-105.5	77.0671	-0.00210561	-0.000750304	2
-104.99	77.6413	-0.00213658	-0.000742821	2
-104.438	78.2075	-0.00216657	-0.000734412	2
-103.848	78.7591	-0.00219519	-0.000725171	2
-103.208	79.3089	-0.0022231	-0.000714864	2
-102.522	79.8502	-0.0022499	-0.000703576	2
-101.791	80.3831	-0.00227557	-0.000691286	2

-25.0008	2.01141	-1.21508e-07	-1.40501e-07	2
-25.0805	2.9846	-1.02785e-05	-1.22312e-05	2
-25.1888	3.95385	-1.99803e-05	-2.44802e-05	2
-25.3245	4.90804	-2.91283e-05	-3.67502e-05	2
-25.485	5.83673	-3.76498e-05	-4.89033e-05	2
-25.6734	6.7618	-4.57657e-05	-6.12255e-05	2
-25.8874	7.67265	-5.33973e-05	-7.3579e-05	2
-26.1265	8.56957	-6.05676e-05	-8.59672e-05	2
-26.3902	9.45284	-6.72997e-05	-9.83935e-05	2
-26.6778	10.3227	-7.3617e-05	-0.000110861	2
-26.9887	11.1796	-7.95424e-05	-0.000123374	2
-27.3225	12.0236	-8.50993e-05	-0.000135935	2
-27.6786	12.8551	-9.03106e-05	-0.000148548	2
-28.0563	13.6744	-9.51997e-05	-0.000161216	2
-28.4552	14.4817	-9.97897e-05	-0.000173943	2
-28.8746	15.2773	-0.000104104	-0.000186731	2
-29.314	16.0616	-0.000108165	-0.000199585	2
-29.7729	16.8348	-0.000111997	-0.000212508	2
-30.2506	17.5972	-0.000115622	-0.000225502	2
-30.7466	18.349	-0.000119063	-0.000238573	2
-31.2604	19.0906	-0.000122345	-0.000251722	2
-31.7913	19.8222	-0.00012549	-0.000264954	2
-32.3388	20.5442	-0.00012852	-0.000278272	2
-32.9023	21.2567	-0.000131461	-0.000291679	2
-33.4813	21.9602	-0.000134333	-0.000305178	2
-34.0753	22.6548	-0.000137162	-0.000318774	2
-34.6765	23.333	-0.000139936	-0.000332311	2
-35.2983	24.0109	-0.000142745	-0.000346108	2
-35.9334	24.6808	-0.000145579	-0.000360011	2
-36.5812	25.343	-0.000148461	-0.000374023	2
-37.241	25.9978	-0.000151414	-0.000388149	2
-37.9124	26.6455	-0.000154462	-0.000402391	2
-38.5947	27.2863	-0.000157627	-0.000416753	2
-39.2874	27.9206	-0.000160932	-0.000431238	2
-39.9899	28.5486	-0.000164402	-0.00044585	2
-40.7017	29.1705	-0.000168058	-0.000460592	2
-41.4221	29.7868	-0.000171925	-0.000475467	2
-42.1507	30.3977	-0.000176025	-0.00049048	2
-42.8869	31.0034	-0.000180382	-0.000505632	2
-43.6301	31.6042	-0.000185018	-0.000520928	2
-44.3796	32.2005	-0.000189957	-0.000536372	2
-45.1351	32.7924	-0.000195222	-0.000551966	2
-45.8958	33.3804	-0.000200836	-0.000567714	2
-46.6613	33.9646	-0.000206823	-0.000583619	2
-47.431	34.5454	-0.000213205	-0.000599685	2
-48.2042	35.123	-0.000220006	-0.000615915	2
-48.9805	35.6978	-0.000227248	-0.000632313	2
-49.7593	36.2699	-0.000234956	-0.000648881	2
-50.54	36.8398	-0.000243151	-0.000665624	2
-51.313	37.4011	-0.000251755	-0.00068235	2
-52.0958	37.9672	-0.00026099	-0.000699449	2
-52.8788	38.5318	-0.000270782	-0.000716734	2
-53.6614	39.0953	-0.000281155	-0.000734206	2
-54.4432	39.6578	-0.000292132	-0.00075187	2
-55.2234	40.2198	-0.000303735	-0.000769729	2
-56.0017	40.7814	-0.000315989	-0.000787785	2
-56.7773	41.343	-0.000328915	-0.000806044	2
-57.5497	41.9048	-0.000342538	-0.000824507	2
-58.3184	42.4672	-0.000356881	-0.000843179	2
-59.0828	43.0303	-0.000371966	-0.000862062	2
-59.8423	43.5946	-0.000387817	-0.000881161	2
-60.5964	44.1602	-0.000404457	-0.000900479	2
-61.3445	44.7275	-0.000421909	-0.000920018	2
-62.086	45.2967	-0.000440196	-0.000939783	2
-62.8204	45.8681	-0.000459342	-0.000959777	2
-63.5471	46.4421	-0.000479369	-0.000980003	2
-64.2655	47.0189	-0.000500301	-0.00100046	2
-64.9751	47.5987	-0.000522161	-0.00102117	2
-65.6753	48.1819	-0.000544973	-0.00104211	2
-66.3655	48.7687	-0.000568758	-0.0010633	2
-67.0452	49.3595	-0.000593541	-0.00108474	2
-67.7138	49.9544	-0.000619345	-0.00110643	2
-68.3708	50.5539	-0.000646192	-0.00112837	2
-69.0082	51.1511	-0.000673779	-0.00115032	2
-69.6403	51.7604	-0.000702771	-0.00117279	2
-70.2591	52.375	-0.000732876	-0.00119552	2
-70.8639	52.9952	-0.000764116	-0.00121853	2
-71.4543	53.6213	-0.000796517	-0.0012418	2
-72.0296	54.2536	-0.000830099	-0.00126535	2
-72.5894	54.8924	-0.000864887	-0.00128919	2
-73.1329	55.5379	-0.000900904	-0.0013133	2
-73.6597	56.1905	-0.000938173	-0.00133771	2
-74.1692	56.8505	-0.000976718	-0.0013624	2
-74.6609	57.518	-0.00101656	-0.00138738	2
-75.1341	58.1934	-0.00105772	-0.00141267	2
-75.5883	58.877	-0.00110023	-0.00143825	2
-76.0229	59.5691	-0.00114411	-0.00146414	2
-76.4374	60.2699	-0.00118938	-0.00149033	2
-76.8312	60.9797	-0.00123606	-0.00151684	2
-77.2038	61.6989	-0.00128418	-0.00154366	2
-77.5545	62.4276	-0.00133375	-0.00157079	2
-77.8828	63.1663	-0.00138482	-0.00159825	2
-78.1882	63.915	-0.00143739	-0.00162603	2
-78.4701	64.6743	-0.00149149	-0.00165414	2
-78.7278	65.4443	-0.00154714	-0.00168258	2
-78.9609	66.2252	-0.00160437	-0.00171135	2
-79.1666	67.0083	-0.00166251	-0.00174013	2
-79.349	67.8121	-0.00172294	-0.00176958	2
-79.5051	68.6277	-0.00178502	-0.00179937	2
-79.6342	69.4554	-0.00184876	-0.00182952	2

24.9991	2.01234	3.71596e-07	-4.89381e-07	2
24.9106	3.06748	3.31801e-05	-4.10904e-05	2
24.8001	4.12245	6.80627e-05	-7.92089e-05	2
24.6689	5.16513	0.000104618	-0.000114407	2
24.519	6.18394	0.000142368	-0.000146381	2
24.3475	7.20277	0.00018216	-0.000175924	2
24.1563	8.20992	0.000223536	-0.000202701	2
23.9456	9.20558	0.000266466	-0.000226763	2
23.7159	10.19	0.000310919	-0.000248161	2
23.4676	11.1633	0.000356867	-0.000266947	2
23.2009	12.1257	0.000404279	-0.000283172	2
22.9162	13.0775	0.000453124	-0.000296888	2
22.6139	14.0188	0.000503375	-0.000308145	2
22.2942	14.9499	0.000555	-0.000316997	2
21.9577	15.8709	0.000607969	-0.000323493	2
21.6045	16.782	0.000662254	-0.000327686	2
21.2351	17.6835	0.000717824	-0.000329626	2
20.8497	18.5756	0.000774649	-0.000329366	2
20.4488	19.4584	0.000832699	-0.000326957	2
20.0327	20.3322	0.000891945	-0.00032245	2
19.6018	21.1972	0.000952357	-0.000315897	2
19.1563	22.0535	0.0010139	-0.000307349	2
18.6966	22.9014	0.00107656	-0.000296858	2
18.2232	23.7411	0.00114029	-0.000284474	2
17.7362	24.5728	0.00120506	-0.000270251	2
17.2362	25.3967	0.00127086	-0.000254238	2
16.7293	26.2036	0.00133686	-0.000236702	2
16.2042	27.0126	0.00140459	-0.000217284	2
15.667	27.8144	0.00147324	-0.000196232	2
15.118	28.6091	0.00154279	-0.000173596	2
14.5577	29.3971	0.00161321	-0.000149428	2
13.9863	30.1785	0.00168447	-0.000123778	2
13.4042	30.9535	0.00175653	-9.66998e-05	2
12.8118	31.7223	0.00182938	-6.82433e-05	2
12.2094	32.4852	0.00190297	-3.84603e-05	2
11.5973	33.2423	0.00197728	-7.4023e-06	2
10.9759	33.9938	0.00205227	2.48792e-05	2
10.3456	34.7399	0.00212793	5.83329e-05	2
9.70665	35.4809	0.00220422	9.29071e-05	2
9.05945	36.217	0.0022811	0.000128551	2
8.40433	36.9483	0.00235856	0.000165212	2
7.74165	37.675	0.00243655	0.000202839	2
7.07175	38.3974	0.00251506	0.000241381	2
6.39498	39.1157	0.00259404	0.000280787	2
5.71169	39.8301	0.00267347	0.000321005	2
5.02222	40.5407	0.00275333	0.000361983	2
4.32693	41.2478	0.00283357	0.00040367	2
3.62615	41.9515	0.00291418	0.000446014	2
2.92025	42.6522	0.00299511	0.000488965	2
2.21775	43.3419	0.00307541	0.000531967	2
1.50267	44.037	0.00315692	0.00057597	2
0.7835	44.7295	0.00323866	0.000620425	2
0.0605831	45.4198	0.00332062	0.000665281	2
-0.665732	46.1079	0.00340276	0.000710486	2
-1.3951	46.7942	0.00348505	0.000755989	2
-2.12716	47.4788	0.00356747	0.000801739	2
-2.86159	48.1618	0.00364997	0.000847684	2
-3.59802	48.8436	0.00373254	0.000893772	2
-4.33611	49.5244	0.00381514	0.000939953	2
-5.07551	50.2042	0.00389774	0.000986174	2
-5.81587	50.8834	0.00398032	0.00103238	2
-6.55686	51.5621	0.00406284	0.00107853	2
-7.29811	52.2406	0.00414527	0.00112457	2
-8.03928	52.919	0.00422759	0.00117044	2
-8.78003	53.5975	0.00430976	0.00121609	2
-9.52	54.2764	0.00439175	0.00126147	2
-10.2589	54.9559	0.00447354	0.00130654	2
-10.9962	55.6361	0.00455509	0.00135123	2
-11.7318	56.3172	0.00463638	0.0013955	2
-12.4652	56.9996	0.00471737	0.0014393	2
-13.1961	57.6833	0.00479804	0.00148257	2
-13.9241	58.3686	0.00487835	0.00152527	2
-14.6489	59.0556	0.00495827	0.00156733	2
-15.3619	59.7368	0.00503687	0.00160825	2
-16.0793	60.428	0.00511594	0.00164891	2
-16.7925	61.1216	0.00519454	0.0016888	2
-17.5011	61.8178	0.00527263	0.00172785	2
-18.2047	62.5168	0.00535019	0.00176601	2
-18.903	63.2188	0.00542718	0.00180324	2
-19.5957	63.924	0.00550358	0.00183948	2
-20.2825	64.6326	0.00557936	0.00187468	2
-20.9628	65.3448	0.00565449	0.00190879	2
-21.6365	66.0609	0.00572893	0.00194176	2
-22.3032	66.7809	0.00580266	0.00197353	2
-22.9625	67.5052	0.00587564	0.00200406	2
-23.6141	68.2339	0.00594786	0.00203329	2
-24.2576	68.9673	0.00601927	0.00206117	2
-24.8927	69.7055	0.00608984	0.00208766	2
-25.519	70.4487	0.00615956	0.00211269	2
-26.1362	71.1972	0.00622838	0.00213622	2
-26.744	71.9512	0.00629629	0.0021582	2
-27.3419	72.7108	0.00636324	0.00217857	2
-27.9297	73.4762	0.00642921	0.00219728	2
-28.507	74.2478	0.00649417	0.00221429	2
-29.0734	75.0256	0.00655808	0.00222954	2
-29.6286	75.8098	0.00662093	0.00224297	2
-30.1661	76.5916	0.00668197	0.00225442	2
-30.6981	77.3894	0.0067426	0.00226411	2
-31.2177	78.1942	0.00680207	0.00227182	2
-31.7248	79.0063	0.00686034	0.00227752	2

74.9986	2.01273	8.23891e-07	-6.13769e-08	2
74.8873	3.10328	7.17285e-05	-6.07396e-06	2
74.7903	4.19884	0.000143554	-1.3625e-05	2
74.7086	5.28674	0.00021547	-2.26406e-05	2
74.6429	6.35466	0.000286643	-3.29797e-05	2
74.5914	7.42751	0.000358721	-4.48702e-05	2
74.5549	8.4929	0.000430871	-5.81879e-05	2
74.533	9.55088	0.000503087	-7.292e-05	2
74.5258	10.6015	0.000575362	-8.90541e-05	2
74.533	11.6449	0.000647691	-0.000106578	2
74.5544	12.681	0.000720067	-0.000125478	2
74.5899	13.71	0.000792483	-0.000145743	2
74.6394	14.732	0.000864934	-0.00016736	2
74.7025	15.7469	0.000937413	-0.000190315	2
74.7793	16.7548	0.00100991	-0.000214598	2
74.8694	17.7559	0.00108243	-0.000240195	2
74.9728	18.7501	0.00115496	-0.000267093	2
75.0892	19.7376	0.00122749	-0.000295281	2
75.2186	20.7184	0.00130001	-0.000324745	2
75.3606	21.6926	0.00137253	-0.000355473	2
75.5153	22.6602	0.00144503	-0.000387452	2
75.6823	23.6213	0.00151751	-0.000420671	2
75.8615	24.5759	0.00158996	-0.000455116	2
76.0528	25.5242	0.00166238	-0.000490774	2
76.256	26.4662	0.00173476	-0.000527634	2
76.4709	27.4019	0.00180709	-0.000565683	2
76.6947	28.3208	0.00187854	-0.000604451	2
76.9325	29.2443	0.00195075	-0.000644826	2
77.1814	30.1618	0.00202291	-0.000686353	2
77.4414	31.0733	0.00209499	-0.000729018	2
77.7123	31.9788	0.00216699	-0.000772809	2
77.9938	32.8785	0.00223891	-0.000817715	2
78.286	33.7724	0.00231074	-0.000863721	2
78.5884	34.6606	0.00238247	-0.000910816	2
78.9011	35.5431	0.0024541	-0.000958987	2
79.2239	36.42	0.00252562	-0.00100822	2
79.5565	37.2914	0.00259702	-0.00105851	2
79.8988	38.1573	0.00266831	-0.00110983	2
80.2506	39.0178	0.00273946	-0.00116218	2
80.6118	39.8729	0.00281048	-0.00121554	2
80.9822	40.7228	0.00288136	-0.00126991	2
81.3617	41.5675	0.00295209	-0.00132526	2
81.75	42.407	0.00302267	-0.00138159	2
82.1469	43.2415	0.00309309	-0.00143888	2
82.5524	44.0709	0.00316334	-0.00149712	2
82.9663	44.8953	0.00323343	-0.0015563	2
83.3883	45.7149	0.00330333	-0.0016164	2
83.8184	46.5297	0.00337305	-0.00167742	2
84.2563	47.3397	0.00344258	-0.00173934	2
84.6967	48.1357	0.00351112	-0.00180142	2
85.1497	48.9364	0.00358025	-0.00186509	2
85.6101	49.7326	0.00364917	-0.00192962	2
86.0776	50.5242	0.00371788	-0.00199501	2
86.5522	51.3114	0.00378636	-0.00206123	2
87.0335	52.0943	0.00385462	-0.00212828	2
87.5216	52.8728	0.00392264	-0.00219614	2
88.0161	53.6471	0.00399042	-0.0022648	2
88.517	54.4172	0.00405796	-0.00233425	2
89.0241	55.1831	0.00412524	-0.00240447	2
89.5371	55.9451	0.00419226	-0.00247546	2
90.056	56.703	0.00425902	-0.00254719	2
90.5806	57.457	0.00432551	-0.00261967	2
91.1106	58.2072	0.00439171	-0.00269287	2
91.646	58.9535	0.00445764	-0.00276678	2
92.1865	59.6962	0.00452327	-0.00284139	2
92.732	60.4351	0.0045886	-0.00291669	2
93.2823	61.1705	0.00465364	-0.00299266	2
93.8373	61.9023	0.00471836	-0.0030693	2
94.3968	62.6307	0.00478277	-0.00314658	2
94.9605	63.3556	0.00484685	-0.00322451	2
95.5285	64.0772	0.00491061	-0.00330305	2
96.1003	64.7956	0.00497403	-0.00338221	2
96.676	65.5107	0.00503711	-0.00346197	2
97.2487	66.2145	0.00509913	-0.00354139	2
97.8315	66.9234	0.00516151	-0.0036223	2
98.4176	67.6293	0.00522354	-0.00370378	2
99.0068	68.3322	0.0052852	-0.00378581	2
99.599	69.0323	0.00534649	-0.00386837	2
100.194	69.7295	0.0054074	-0.00395146	2
100.792	70.424	0.00546793	-0.00403505	2
101.392	71.1157	0.00552807	-0.00411915	2
101.994	71.8049	0.0055878	-0.00420374	2
102.599	72.4914	0.00564714	-0.0042888	2
103.205	73.1755	0.00570607	-0.00437432	2
103.813	73.8571	0.00576458	-0.00446029	2
104.423	74.5363	0.00582267	-0.0045467	2
105.034	75.2132	0.00588033	-0.00463353	2
105.647	75.8879	0.00593755	-0.00472077	2
106.261	76.5604	0.00599434	-0.00480841	2
106.875	77.2308	0.00605068	-0.00489644	2
107.491	77.8991	0.00610657	-0.00498484	2
108.107	78.5654	0.00616199	-0.0050736	2
108.723	79.2299	0.00621695	-0.00516272	2
109.34	79.8924	0.00627144	-0.00525216	2
109.957	80.5532	0.00632545	-0.00534194	2
110.574	81.2122	0.00637898	-0.00543202	2
111.183	81.862	0.00643141	-0.00552136	2
111.8	82.5178	0.00648395	-0.00561203	2
112.415	83.172	0.00653599	-0.00570297	2
113.03	83.8248	0.00658752	-0.00579417	2

124.997	2.01258	-2.26088e-07	-2.85588e-07	2
124.717	3.08788	-2.00416e-05	-2.36983e-05	2
124.463	4.16172	-4.08219e-05	-4.51032e-05	2
124.236	5.22166	-6.23204e-05	-6.42589e-05	2
124.039	6.2559	-8.42574e-05	-8.10267e-05	2
123.867	7.28861	-0.000107123	-9.58403e-05	2
123.722	8.30782	-0.000130644	-0.000108536	2
123.603	9.31368	-0.000154802	-0.000119158	2
123.51	10.3063	-0.000179574	-0.00012775	2
123.443	11.2859	-0.000204941	-0.000134356	2
123.402	12.2525	-0.000230882	-0.00013902	2
123.386	13.2063	-0.000257376	-0.000141786	2
123.394	14.1474	-0.000284403	-0.000142698	2
123.427	15.0759	-0.000311941	-0.000141801	2
123.483	15.9921	-0.000339971	-0.000139137	2
123.564	16.896	-0.000368472	-0.000134751	2
123.668	17.7877	-0.000397422	-0.000128688	2
123.794	18.6675	-0.000426802	-0.00012099	2
123.943	19.5354	-0.00045659	-0.000111702	2
124.115	20.3915	-0.000486767	-0.000100869	2
124.308	21.2361	-0.000517311	-8.8533e-05	2
124.523	22.0692	-0.000548201	-7.47392e-05	2
124.759	22.891	-0.000579418	-5.95314e-05	2
125.016	23.7016	-0.000610941	-4.29534e-05	2
125.294	24.5012	-0.000642748	-2.50494e-05	2
125.591	25.2898	-0.000674819	-5.8632e-06	2
125.904	26.0588	-0.000706761	1.43195e-05	2
126.241	26.8261	-0.000739296	3.59244e-05	2
126.596	27.583	-0.000772034	5.868e-05	2
126.97	28.3294	-0.000804954	8.25423e-05	2
127.363	29.0657	-0.000838035	0.000107467	2
127.773	29.7918	-0.000871256	0.000133411	2
128.201	30.508	-0.000904597	0.000160329	2
128.647	31.2143	-0.000938038	0.000188178	2
129.109	31.9109	-0.000971557	0.000216914	2
129.588	32.598	-0.00100513	0.000246493	2
130.083	33.2757	-0.00103875	0.00027687	2
130.594	33.9441	-0.00107238	0.000308002	2
131.12	34.6033	-0.00110601	0.000339845	2
131.662	35.2535	-0.00113961	0.000372355	2
132.218	35.8949	-0.00117317	0.000405487	2
132.789	36.5275	-0.00120666	0.000439199	2
133.373	37.1514	-0.00124006	0.000473445	2
133.972	37.767	-0.00127336	0.000508182	2
134.584	38.3741	-0.00130653	0.000543366	2
135.209	38.9731	-0.00133955	0.000578953	2
135.846	39.5641	-0.0013724	0.000614898	2
136.496	40.147	-0.00140507	0.000651159	2
137.158	40.7223	-0.00143752	0.000687691	2
137.824	41.2833	-0.00146937	0.000724025	2
138.508	41.8434	-0.00150134	0.000760965	2
139.203	42.3962	-0.00153304	0.000798044	2
139.909	42.9416	-0.00156445	0.000835219	2
140.625	43.48	-0.00159554	0.000872444	2
141.351	44.0114	-0.0016263	0.000909678	2
142.087	44.5359	-0.00165671	0.000946875	2
142.831	45.0537	-0.00168674	0.000983992	2
143.584	45.565	-0.00171637	0.00102098	2
144.346	46.0698	-0.00174559	0.00105781	2
145.116	46.5684	-0.00177437	0.00109442	2
145.893	47.0607	-0.00180269	0.00113077	2
146.678	47.5471	-0.00183054	0.00116683	2
147.47	48.0275	-0.00185788	0.00120254	2
148.268	48.5022	-0.00188471	0.00123786	2
149.073	48.9712	-0.00191099	0.00127275	2
149.883	49.4348	-0.00193671	0.00130716	2
150.699	49.8931	-0.00196185	0.00134105	2
151.52	50.3461	-0.00198639	0.00137438	2
152.346	50.794	-0.00201031	0.0014071	2
153.177	51.237	-0.00203358	0.00143917	2
154.012	51.6752	-0.00205619	0.00147054	2
154.85	52.1087	-0.00207811	0.00150117	2
155.692	52.5377	-0.00209933	0.00153102	2
156.528	52.9574	-0.00211959	0.00155971	2
157.375	53.3778	-0.00213934	0.00158787	2
158.225	53.7941	-0.00215833	0.00161511	2
159.078	54.2063	-0.00217652	0.00164139	2
159.931	54.6147	-0.00219391	0.00166667	2
160.786	55.0194	-0.00221047	0.0016909	2
161.642	55.4205	-0.00222618	0.00171403	2
162.499	55.8181	-0.00224102	0.00173604	2
163.356	56.2124	-0.00225497	0.00175686	2
164.213	56.6036	-0.002268	0.00177646	2
165.069	56.9917	-0.0022801	0.00179479	2
165.924	57.3769	-0.00229125	0.00181181	2
166.778	57.7593	-0.00230143	0.00182747	2
167.631	58.1391	-0.00231061	0.00184174	2
168.482	58.5164	-0.00231878	0.00185456	2
169.331	58.8913	-0.00232591	0.0018659	2
170.177	59.264	-0.00233198	0.0018757	2
171.02	59.6346	-0.00233698	0.00188392	2
171.859	60.0033	-0.00234088	0.00189053	2
172.695	60.3701	-0.00234366	0.00189548	2
173.527	60.7353	-0.00234531	0.00189871	2
174.355	61.0988	-0.00234579	0.0019002	2
175.178	61.461	-0.00234509	0.00189989	2
175.986	61.8178	-0.00234322	0.00189777	2
176.799	62.1776	-0.00234012	0.00189376	2
177.605	62.5364	-0.00233577	0.00188782	2
178.406	62.8943	-0.00233016	0.00187991	2

