-125	2.01025	5.02164e-07	3.45137e-08	2
-125.048	2.89296	4.23167e-05	2.63085e-06	2
-125.124	3.78757	8.18862e-05	4.52107e-06	2
-125.229	4.68371	0.000118751	5.68837e-06	2
-125.359	5.57095	0.000152574	6.14907e-06	2
-125.517	6.46981	0.000184184	5.93139e-06	2
-125.701	7.36987	0.000213214	5.04365e-06	2
-125.91	8.27102	0.000239708	3.50354e-06	2
-126.144	9.17314	0.000263705	1.32875e-06	2
-126.401	10.0761	0.00028525	-1.46302e-06	2
-126.681	10.9799	0.000304383	-4.85409e-06	2
-126.983	11.8842	0.000321147	-8.82677e-06	2
-127.306	12.7892	0.000335584	-1.33634e-05	2
-127.65	13.6945	0.000347735	-1.84462e-05	2
-128.014	14.6001	0.000357644	-2.40575e-05	2
-128.396	15.5059	0.000365352	-3.01797e-05	2
-128.797	16.4118	0.0003709	-3.67951e-05	2
-129.215	17.3177	0.000374332	-4.38859e-05	2
-129.65	18.2234	0.000375688	-5.14344e-05	2
-130.101	19.1289	0.000375012	-5.94231e-05	2
-130.567	20.034	0.000372345	-6.78341e-05	2
-131.047	20.9387	0.00036773	-7.66499e-05	2
-131.541	21.8427	0.000361208	-8.58527e-05	2
-132.048	22.7461	0.000352821	-9.54247e-05	2
-132.567	23.6486	0.000342611	-0.000105348	2
-133.097	24.5502	0.000330621	-0.000115606	2
-133.632	25.4405	0.00031706	-0.000126057	2
-134.182	26.3399	0.000301654	-0.000136926	2
-134.742	27.2381	0.000284594	-0.000148076	2
-135.31	28.1349	0.00026592	-0.00015949	2
-135.885	29.0303	0.000245676	-0.000171149	2
-136.467	29.924	0.000223903	-0.000183036	2
-137.056	30.816	0.000200644	-0.000195134	2
-137.649	31.7063	0.000175939	-0.000207424	2
-138.247	32.5946	0.000149833	-0.000219889	2
-138.849	33.4808	0.000122365	-0.000232511	2
-139.453	34.3649	9.35796e-05	-0.000245273	2
-140.06	35.2468	6.35174e-05	-0.000258157	2
-140.668	36.1262	3.22208e-05	-0.000271145	2
-141.277	37.0032	-2.68101e-07	-0.000284219	2
-141.885	37.8776	-3.39073e-05	-0.000297362	2
-142.493	38.7493	-6.86547e-05	-0.000310556	2
-143.099	39.6181	-0.000104468	-0.000323784	2
-143.703	40.484	-0.000141306	-0.000337027	2
-144.303	41.3469	-0.000179126	-0.000350269	2
-144.9	42.2066	-0.000217885	-0.00036349	2
-145.491	43.0631	-0.000257543	-0.000376675	2
-146.078	43.9161	-0.000298057	-0.000389804	2
-146.658	44.7657	-0.000339385	-0.00040286	2
-147.224	45.602	-0.000380996	-0.000415678	2
-147.79	46.4442	-0.000423817	-0.000428537	2
-148.347	47.2827	-0.000467326	-0.000441271	2
-148.894	48.1172	-0.000511482	-0.000453861	2
-149.432	48.9477	-0.000556241	-0.000466291	2
-149.959	49.774	-0.000601563	-0.000478541	2
-150.474	50.5961	-0.000647404	-0.000490596	2
-150.977	51.4137	-0.000693724	-0.000502436	2
-151.466	52.2269	-0.000740479	-0.000514044	2
-151.942	53.0355	-0.000787629	-0.000525403	2
-152.403	53.8393	-0.00083513	-0.000536495	2
-152.849	54.6383	-0.000882941	-0.000547302	2
-153.279	55.4323	-0.000931019	-0.000557807	2
-153.691	56.2213	-0.000979324	-0.000567991	2
-154.086	57.0052	-0.00102781	-0.000577838	2
-154.463	57.7837	-0.00107644	-0.000587329	2
-154.82	58.5569	-0.00112517	-0.000596446	2
-155.157	59.3246	-0.00117396	-0.000605173	2
-155.474	60.0866	-0.00122276	-0.000613491	2
-155.769	60.8429	-0.00127153	-0.000621382	2
-156.041	61.5934	-0.00132024	-0.00062883	2
-156.291	62.3379	-0.00136884	-0.000635816	2
-156.517	63.0764	-0.00141728	-0.000642322	2
-156.718	63.8087	-0.00146553	-0.000648331	2
-156.892	64.5264	-0.00151299	-0.000653766	2
-157.042	65.2461	-0.00156072	-0.000658734	2
-157.166	65.9593	-0.00160814	-0.000663152	2
-157.261	66.6659	-0.00165519	-0.000667002	2
-157.328	67.3657	-0.00170184	-0.000670268	2
-157.366	68.0587	-0.00174804	-0.00067293	2
-157.375	68.7448	-0.00179376	-0.000674971	2
-157.352	69.4237	-0.00183894	-0.000676374	2
-157.298	70.0955	-0.00188355	-0.000677121	2
-157.212	70.76	-0.00192754	-0.000677194	2
-157.093	71.4171	-0.00197088	-0.000676575	2
-156.94	72.0667	-0.00201352	-0.000675247	2
-156.752	72.7087	-0.00205541	-0.000673193	2
-156.529	73.343	-0.00209653	-0.000670393	2
-156.271	73.9693	-0.00213682	-0.000666832	2
-155.975	74.5878	-0.00217624	-0.00066249	2
-155.642	75.1981	-0.00221475	-0.000657351	2
-155.27	75.8003	-0.00225232	-0.000651397	2
-154.86	76.3942	-0.00228889	-0.000644609	2
-154.409	76.9797	-0.00232442	-0.000636971	2
-153.918	77.5566	-0.00235887	-0.000628464	2
-153.386	78.1249	-0.00239221	-0.000619072	2
-152.811	78.6845	-0.00242439	-0.000608775	2
-152.201	79.229	-0.00245501	-0.000597691	2
-151.54	79.7708	-0.00248475	-0.000585545	2
-150.835	80.3036	-0.0025132	-0.000572442	2
-150.085	80.8272	-0.00254033	-0.000558365	2

-75.0007	2.01152	-5.54771e-08	-1.70305e-07	2
-75.0753	2.99425	-4.5972e-06	-1.47687e-05	2
-75.1788	3.97313	-8.74521e-06	-2.94434e-05	2
-75.31	4.93691	-1.24663e-05	-4.40281e-05	2
-75.4663	5.87506	-1.57468e-05	-5.83609e-05	2
-75.6509	6.80968	-1.86852e-05	-7.27792e-05	2
-75.8613	7.73007	-2.12631e-05	-8.71198e-05	2
-76.0972	8.6365	-2.3503e-05	-0.000101387	2
-76.3578	9.52927	-2.5427e-05	-0.000115585	2
-76.6426	10.4087	-2.70574e-05	-0.000129717	2
-76.9511	11.275	-2.84166e-05	-0.000143789	2
-77.2826	12.1285	-2.95267e-05	-0.000157803	2
-77.6365	12.9694	-3.041e-05	-0.000171764	2
-78.0123	13.7982	-3.10888e-05	-0.000185677	2
-78.4094	14.615	-3.15855e-05	-0.000199545	2
-78.8273	15.4201	-3.19221e-05	-0.000213372	2
-79.2652	16.2139	-3.21211e-05	-0.000227163	2
-79.7227	16.9965	-3.22046e-05	-0.000240922	2
-80.1992	17.7684	-3.2195e-05	-0.000254652	2
-80.6941	18.5298	-3.21145e-05	-0.000268359	2
-81.2067	19.2809	-3.19853e-05	-0.000282045	2
-81.7366	20.0221	-3.18298e-05	-0.000295715	2
-82.2831	20.7536	-3.16703e-05	-0.000309374	2
-82.8457	21.4758	-3.15289e-05	-0.000323025	2
-83.4238	22.1889	-3.14279e-05	-0.000336673	2
-84.0168	22.8932	-3.13897e-05	-0.000350321	2
-84.617	23.581	-3.14353e-05	-0.000363817	2
-85.2379	24.2686	-3.1588e-05	-0.000377478	2
-85.8719	24.9484	-3.18699e-05	-0.000391153	2
-86.5185	25.6204	-3.23033e-05	-0.000404844	2
-87.1771	26.2851	-3.29106e-05	-0.000418557	2
-87.8471	26.9427	-3.37139e-05	-0.000432294	2
-88.528	27.5935	-3.47355e-05	-0.000446062	2
-89.2191	28.2378	-3.59977e-05	-0.000459862	2
-89.9199	28.8759	-3.75229e-05	-0.000473701	2
-90.6297	29.508	-3.93331e-05	-0.00048758	2
-91.3481	30.1345	-4.14508e-05	-0.000501506	2
-92.0744	30.7556	-4.38981e-05	-0.000515482	2
-92.808	31.3717	-4.66974e-05	-0.000529512	2
-93.5484	31.9829	-4.98709e-05	-0.0005436	2
-94.295	32.5897	-5.34408e-05	-0.00055775	2
-95.0472	33.1922	-5.74295e-05	-0.000571966	2
-95.8044	33.7908	-6.18593e-05	-0.000586253	2
-96.5661	34.3858	-6.67523e-05	-0.000600615	2
-97.3316	34.9774	-7.21308e-05	-0.000615056	2
-98.1004	35.5659	-7.80172e-05	-0.000629579	2
-98.8718	36.1517	-8.44336e-05	-0.000644189	2
-99.6454	36.7349	-9.14024e-05	-0.000658891	2
-100.421	37.3159	-9.89459e-05	-0.000673687	2
-101.188	37.8884	-0.000106989	-0.000688411	2
-101.964	38.4659	-0.000115741	-0.000703409	2
-102.74	39.042	-0.000125135	-0.000718515	2
-103.516	39.6171	-0.000135192	-0.000733732	2
-104.29	40.1913	-0.000145934	-0.000749065	2
-105.062	40.7651	-0.000157385	-0.000764518	2
-105.831	41.3386	-0.000169565	-0.000780095	2
-106.598	41.9123	-0.000182499	-0.0007958	2
-107.361	42.4863	-0.000196207	-0.000811637	2
-108.119	43.0609	-0.000210712	-0.000827611	2
-108.873	43.6365	-0.000226036	-0.000843724	2
-109.621	44.2132	-0.000242202	-0.000859983	2
-110.363	44.7915	-0.000259232	-0.00087639	2
-111.099	45.3716	-0.000277148	-0.00089295	2
-111.827	45.9538	-0.000295972	-0.000909667	2
-112.548	46.5383	-0.000315727	-0.000926544	2
-113.26	47.1255	-0.000336435	-0.000943587	2
-113.963	47.7156	-0.000358118	-0.000960799	2
-114.657	48.309	-0.000380798	-0.000978185	2
-115.341	48.9058	-0.000404499	-0.000995748	2
-116.014	49.5065	-0.000429241	-0.00101349	2
-116.675	50.1112	-0.000455047	-0.00103142	2
-117.325	50.7203	-0.00048194	-0.00104954	2
-117.963	51.334	-0.000509942	-0.00106786	2
-118.58	51.9456	-0.000538733	-0.00108615	2
-119.191	52.5695	-0.000569006	-0.00110487	2
-119.788	53.1989	-0.000600454	-0.00112378	2
-120.371	53.834	-0.0006331	-0.00114291	2
-120.937	54.4753	-0.000666966	-0.00116226	2
-121.488	55.1229	-0.000702073	-0.00118182	2
-122.023	55.7772	-0.000738446	-0.0012016	2
-122.54	56.4384	-0.000776104	-0.00122161	2
-123.04	57.1069	-0.000815072	-0.00124186	2
-123.522	57.7829	-0.000855371	-0.00126233	2
-123.984	58.4666	-0.000897024	-0.00128305	2
-124.428	59.1585	-0.000940052	-0.00130401	2
-124.851	59.8588	-0.000984478	-0.00132521	2
-125.254	60.5677	-0.00103032	-0.00134667	2
-125.636	61.2855	-0.00107761	-0.00136839	2
-125.996	62.0126	-0.00112637	-0.00139036	2
-126.333	62.7492	-0.00117661	-0.0014126	2
-126.648	63.4956	-0.00122836	-0.0014351	2
-126.94	64.2521	-0.00128164	-0.00145788	2
-127.207	65.019	-0.00133648	-0.00148093	2
-127.45	65.7966	-0.00139289	-0.00150427	2
-127.667	66.5851	-0.0014509	-0.00152789	2
-127.859	67.3848	-0.00151053	-0.00155179	2
-128.022	68.1867	-0.00157109	-0.00157571	2
-128.161	69.0096	-0.00163401	-0.00160021	2
-128.272	69.8446	-0.00169862	-0.001625	2
-128.355	70.6921	-0.00176494	-0.0016501	2

-25.0012	2.01268	4.88265e-07	-4.74017e-07	2
-25.1165	3.09626	4.30429e-05	-3.977e-05	2
-25.2552	4.17793	8.72122e-05	-7.66006e-05	2
-25.4156	5.24523	0.000132486	-0.000110543	2
-25.5952	6.28638	0.000178304	-0.000141305	2
-25.7978	7.32584	0.000225709	-0.000169654	2
-26.021	8.35165	0.000274154	-0.000195266	2
-26.2646	9.36406	0.000323615	-0.000218191	2
-26.528	10.3633	0.000374073	-0.000238482	2
-26.811	11.3496	0.000425504	-0.000256188	2
-27.1132	12.3233	0.000477887	-0.00027136	2
-27.4343	13.2845	0.0005312	-0.000284049	2
-27.7738	14.2335	0.000585421	-0.000294306	2
-28.1314	15.1705	0.000640528	-0.000302182	2
-28.5067	16.0959	0.0006965	-0.000307727	2
-28.8994	17.0097	0.000753315	-0.000310993	2
-29.309	17.9123	0.00081095	-0.000312029	2
-29.7354	18.8039	0.000869384	-0.000310887	2
-30.1779	19.6848	0.000928595	-0.000307618	2
-30.6364	20.5551	0.000988561	-0.000302272	2
-31.1104	21.4152	0.00104926	-0.0002949	2
-31.5996	22.2652	0.00111067	-0.000285553	2
-32.1036	23.1054	0.00117277	-0.000274281	2
-32.622	23.9361	0.00123554	-0.000261136	2
-33.1545	24.7575	0.00129896	-0.000246169	2
-33.7007	25.5697	0.00136299	-0.000229429	2
-34.2538	26.364	0.00142689	-0.000211191	2
-34.8261	27.159	0.0014921	-0.000191078	2
-35.4111	27.9456	0.00155788	-0.000169346	2
-36.0083	28.724	0.00162419	-0.000146044	2
-36.6174	29.4946	0.00169101	-0.000121224	2
-37.238	30.2576	0.00175833	-9.49361e-05	2
-37.8698	31.0132	0.00182612	-6.72309e-05	2
-38.5123	31.7616	0.00189436	-3.81596e-05	2
-39.1652	32.5031	0.00196303	-7.77275e-06	2
-39.8282	33.238	0.0020321	2.38788e-05	2
-40.5009	33.9664	0.00210156	5.67441e-05	2
-41.1829	34.6886	0.00217138	9.07726e-05	2
-41.8739	35.4049	0.00224153	0.000125913	2
-42.5734	36.1154	0.00231201	0.000162116	2
-43.2812	36.8205	0.00238279	0.000199329	2
-43.9968	37.5204	0.00245384	0.000237502	2
-44.7199	38.2152	0.00252514	0.000276584	2
-45.4501	38.9053	0.00259667	0.000316525	2
-46.187	39.5909	0.00266841	0.000357273	2
-46.9304	40.2723	0.00274034	0.000398778	2
-47.6798	40.9496	0.00281244	0.000440989	2
-48.4348	41.6231	0.00288468	0.000483855	2
-49.1952	42.2931	0.00295704	0.000527326	2
-49.9516	42.9521	0.00302866	0.000570841	2
-50.7214	43.6158	0.0031012	0.000615363	2
-51.4953	44.2766	0.00317379	0.000660337	2
-52.2731	44.9348	0.00324642	0.000705714	2
-53.0544	45.5907	0.00331906	0.000751441	2
-53.8388	46.2445	0.0033917	0.000797469	2
-54.6259	46.8964	0.0034643	0.000843746	2
-55.4153	47.5466	0.00353685	0.000890222	2
-56.2068	48.1955	0.00360932	0.000936846	2
-56.9999	48.8433	0.0036817	0.000983568	2
-57.7943	49.4901	0.00375396	0.00103034	2
-58.5895	50.1363	0.00382608	0.0010771	2
-59.3854	50.7821	0.00389803	0.00112381	2
-60.1813	51.4276	0.00396981	0.00117041	2
-60.9771	52.0733	0.00404137	0.00121685	2
-61.7724	52.7192	0.00411271	0.00126309	2
-62.5667	53.3657	0.0041838	0.00130907	2
-63.3597	54.0129	0.00425462	0.00135474	2
-64.1511	54.6612	0.00432515	0.00140005	2
-64.9404	55.3107	0.00439536	0.00144495	2
-65.7274	55.9618	0.00446523	0.00148939	2
-66.5115	56.6145	0.00453475	0.00153332	2
-67.2926	57.2693	0.00460389	0.00157668	2
-68.0702	57.9262	0.00467262	0.00161943	2
-68.8351	58.5781	0.00474014	0.00166103	2
-69.6046	59.2402	0.00480801	0.00170241	2
-70.3696	59.9052	0.00487541	0.00174302	2
-71.1296	60.5735	0.00494232	0.00178282	2
-71.8844	61.2451	0.00500872	0.00182175	2
-72.6334	61.9204	0.00507459	0.00185976	2
-73.3764	62.5996	0.0051399	0.0018968	2
-74.113	63.283	0.00520463	0.00193282	2
-74.8428	63.9707	0.00526876	0.00196777	2
-75.5655	64.6631	0.00533228	0.00200161	2
-76.2806	65.3603	0.00539515	0.00203426	2
-76.9879	66.0626	0.00545736	0.0020657	2
-77.687	66.7703	0.00551888	0.00209586	2
-78.3774	67.4836	0.00557969	0.0021247	2
-79.0589	68.2027	0.00563978	0.00215217	2
-79.731	68.9278	0.00569911	0.0021782	2
-80.3934	69.6593	0.00575767	0.00220277	2
-81.0458	70.3973	0.00581543	0.0022258	2
-81.6877	71.1421	0.00587237	0.00224726	2
-82.3188	71.8939	0.00592848	0.00226708	2
-82.9388	72.653	0.00598372	0.00228523	2
-83.5472	73.4196	0.00603809	0.00230165	2
-84.1437	74.1939	0.00609154	0.00231628	2
-84.7213	74.9672	0.00614348	0.00232895	2
-85.293	75.7577	0.00619507	0.00233989	2
-85.8518	76.5566	0.00624569	0.0023489	2
-86.3972	77.3643	0.00629533	0.00235592	2

24.998	2.01276	8.55152e-07	-3.74199e-08	2
24.8354	3.10689	7.43027e-05	-3.91379e-06	2
24.6864	4.20705	0.000148412	-9.15269e-06	2
24.5528	5.30054	0.000222327	-1.57066e-05	2
24.4358	6.37494	0.000295201	-2.34678e-05	2
24.3326	7.45532	0.000368728	-3.26067e-05	2
24.2442	8.52918	0.000442059	-4.30304e-05	2
24.1707	9.5966	0.000515193	-5.47289e-05	2
24.1118	10.6576	0.000588129	-6.76921e-05	2
24.0674	11.7123	0.000660868	-8.19098e-05	2
24.0373	12.7607	0.000733408	-9.7372e-05	2
24.0214	13.8029	0.000805749	-0.000114069	2
24.0194	14.8389	0.00087789	-0.00013199	2
24.0312	15.8688	0.00094983	-0.000151125	2
24.0566	16.8926	0.00102157	-0.000171464	2
24.0956	17.9104	0.00109311	-0.000192997	2
24.1478	18.9223	0.00116444	-0.000215714	2
24.2132	19.9283	0.00123557	-0.000239605	2
24.2915	20.9285	0.0013065	-0.00026466	2
24.3827	21.9229	0.00137722	-0.000290868	2
24.4865	22.9116	0.00144774	-0.00031822	2
24.6028	23.8946	0.00151805	-0.000346705	2
24.7314	24.872	0.00158816	-0.000376314	2
24.8722	25.8439	0.00165806	-0.000407036	2
25.0249	26.8103	0.00172775	-0.000438861	2
25.1894	27.7712	0.00179724	-0.000471779	2
25.3635	28.7158	0.00186572	-0.000505383	2
25.5511	29.6661	0.00193478	-0.000540445	2
25.7499	30.6112	0.00200364	-0.000576569	2
25.9599	31.551	0.00207229	-0.000613747	2
26.1809	32.4857	0.00214072	-0.000651967	2
26.4127	33.4153	0.00220895	-0.000691219	2
26.6552	34.3398	0.00227696	-0.000731495	2
26.9082	35.2594	0.00234475	-0.000772782	2
27.1714	36.174	0.00241234	-0.000815072	2
27.4449	37.0838	0.00247971	-0.000858354	2
27.7283	37.9887	0.00254686	-0.000902619	2
28.0215	38.8889	0.0026138	-0.000947855	2
28.3244	39.7844	0.00268052	-0.000994053	2
28.6368	40.6753	0.00274702	-0.0010412	2
28.9585	41.5615	0.00281331	-0.0010893	2
29.2894	42.4433	0.00287938	-0.00113832	2
29.6293	43.3205	0.00294522	-0.00118826	2
29.978	44.1933	0.00301085	-0.00123912	2
30.3354	45.0618	0.00307626	-0.00129088	2
30.7012	45.926	0.00314145	-0.00134353	2
31.0754	46.7859	0.00320642	-0.00139706	2
31.4577	47.6416	0.00327116	-0.00145146	2
31.8481	48.4932	0.00333568	-0.00150672	2
32.2416	49.331	0.00339924	-0.00156219	2
32.6474	50.1746	0.00346332	-0.00161913	2
33.0607	51.0141	0.00352717	-0.00167691	2
33.4812	51.8498	0.00359079	-0.0017355	2
33.909	52.6816	0.00365419	-0.00179491	2
34.3438	53.5096	0.00371736	-0.00185512	2
34.7854	54.3339	0.00378031	-0.00191612	2
35.2336	55.1545	0.00384303	-0.00197789	2
35.6884	55.9714	0.00390552	-0.00204044	2
36.1495	56.7848	0.00396778	-0.00210375	2
36.6168	57.5947	0.0040298	-0.00216781	2
37.0901	58.4011	0.0040916	-0.00223261	2
37.5692	59.2041	0.00415317	-0.00229814	2
38.054	60.0038	0.00421451	-0.00236439	2
38.5444	60.8002	0.00427561	-0.00243135	2
39.04	61.5933	0.00433648	-0.002499	2
39.5408	62.3833	0.00439712	-0.00256735	2
40.0467	63.1702	0.00445752	-0.00263638	2
40.5574	63.954	0.00451769	-0.00270607	2
41.0727	64.7347	0.00457762	-0.00277643	2
41.5926	65.5126	0.00463732	-0.00284743	2
42.1169	66.2875	0.00469677	-0.00291908	2
42.6453	67.0596	0.004756	-0.00299135	2
43.1777	67.829	0.00481498	-0.00306424	2
43.7078	68.5868	0.00487305	-0.00313689	2
44.2477	69.3507	0.00493156	-0.00321099	2
44.7911	70.1121	0.00498982	-0.00328567	2
45.3379	70.8709	0.00504785	-0.00336093	2
45.8878	71.6272	0.00510563	-0.00343675	2
46.4408	72.3811	0.00516318	-0.00351314	2
46.9967	73.1325	0.00522048	-0.00359007	2
47.5552	73.8817	0.00527753	-0.00366755	2
48.1162	74.6286	0.00533435	-0.00374555	2
48.6797	75.3732	0.00539092	-0.00382407	2
49.2452	76.1157	0.00544724	-0.00390309	2
49.8129	76.8561	0.00550332	-0.00398262	2
50.3823	77.5945	0.00555915	-0.00406263	2
50.9535	78.3308	0.00561473	-0.00414312	2
51.5262	79.0653	0.00567007	-0.00422408	2
52.1003	79.7978	0.00572516	-0.00430549	2
52.6755	80.5286	0.00577999	-0.00438736	2
53.2518	81.2575	0.00583458	-0.00446966	2
53.8289	81.9848	0.00588892	-0.00455238	2
54.4067	82.7104	0.00594301	-0.00463553	2
54.9851	83.4344	0.00599685	-0.00471908	2
55.5638	84.1569	0.00605043	-0.00480303	2
56.1428	84.8779	0.00610376	-0.00488736	2
56.7151	85.5892	0.00615623	-0.0049711	2
57.2939	86.3075	0.00620906	-0.00505617	2
57.8724	87.0244	0.00626163	-0.0051416	2
58.4505	87.74	0.00631394	-0.00522738	2

74.9967	2.01279	-1.96695e-07	-2.84282e-07	2
74.7305	3.1047	-1.76195e-05	-2.35259e-05	2
74.4898	4.1937	-3.62482e-05	-4.46403e-05	2
74.2777	5.26716	-5.58613e-05	-6.3388e-05	2
74.0957	6.31316	-7.61921e-05	-7.96381e-05	2
73.9392	7.35621	-9.76888e-05	-9.3813e-05	2
73.8101	8.38422	-0.000120095	-0.000105755	2
73.7081	9.39735	-0.000143387	-0.00011551	2
73.6327	10.3958	-0.000167539	-0.000123122	2
73.5836	11.3797	-0.000192527	-0.000128636	2
73.5605	12.3492	-0.000218325	-0.000132097	2
73.5629	13.3045	-0.000244909	-0.00013355	2
73.5905	14.2458	-0.000272253	-0.00013304	2
73.6429	15.1732	-0.000300334	-0.000130612	2
73.7198	16.0869	-0.000329125	-0.00012631	2
73.8207	16.9871	-0.000358602	-0.00012018	2
73.9453	17.8739	-0.000388741	-0.000112266	2
74.0933	18.7475	-0.000419516	-0.000102613	2
74.2642	19.6081	-0.000450903	-9.12662e-05	2
74.4577	20.4558	-0.000482876	-7.82706e-05	2
74.6734	21.2908	-0.000515411	-6.3671e-05	2
74.911	22.1133	-0.000548483	-4.75122e-05	2
75.17	22.9234	-0.000582067	-2.98391e-05	2
75.4502	23.7213	-0.000616138	-1.06966e-05	2
75.751	24.5072	-0.000650671	9.87035e-06	2
76.0723	25.2813	-0.000685641	3.1817e-05	2
76.4094	26.0349	-0.000720615	5.48233e-05	2
76.77	26.7859	-0.000756381	7.93799e-05	2
77.1499	27.5255	-0.000792511	0.000105182	2
77.5486	28.2539	-0.000828978	0.000132185	2
77.9659	28.9712	-0.000865759	0.000160343	2
78.4013	29.6777	-0.000902827	0.000189612	2
78.8544	30.3736	-0.00094016	0.000219947	2
79.325	31.0589	-0.000977731	0.000251303	2
79.8125	31.7338	-0.00101552	0.000283635	2
80.3167	32.3986	-0.00105349	0.000316899	2
80.8372	33.0533	-0.00109163	0.000351049	2
81.3736	33.6982	-0.0011299	0.00038604	2
81.9256	34.3334	-0.00116829	0.000421828	2
82.4927	34.9591	-0.00120677	0.000458367	2
83.0746	35.5754	-0.00124532	0.000495613	2
83.6709	36.1826	-0.0012839	0.000533521	2
84.2813	36.7807	-0.0013225	0.000572046	2
84.9053	37.37	-0.00136109	0.000611144	2
85.5427	37.9506	-0.00139964	0.000650768	2
86.193	38.5227	-0.00143814	0.000690875	2
86.8558	39.0864	-0.00147655	0.000731419	2
87.5309	39.642	-0.00151485	0.000772356	2
88.2178	40.1895	-0.00155301	0.00081364	2
88.9081	40.7231	-0.00159058	0.000854748	2
89.6174	41.2552	-0.0016284	0.000896591	2
90.3374	41.7798	-0.00166602	0.000938646	2
91.0677	42.2971	-0.0017034	0.000980871	2
91.8081	42.8071	-0.00174052	0.00102322	2
92.558	43.3102	-0.00177736	0.00106565	2
93.3172	43.8064	-0.00181389	0.00110811	2
94.0852	44.296	-0.00185008	0.00115056	2
94.8617	44.7791	-0.00188592	0.00119295	2
95.6463	45.2558	-0.00192138	0.00123525	2
96.4387	45.7263	-0.00195642	0.00127739	2
97.2384	46.1908	-0.00199104	0.00131935	2
98.0452	46.6495	-0.00202519	0.00136107	2
98.8586	47.1026	-0.00205887	0.00140251	2
99.6782	47.5501	-0.00209204	0.00144363	2
100.504	47.9923	-0.00212467	0.00148438	2
101.335	48.4293	-0.00215675	0.00152471	2
102.171	48.8613	-0.00218824	0.00156458	2
103.012	49.2885	-0.00221913	0.00160395	2
103.857	49.711	-0.00224938	0.00164277	2
104.707	50.129	-0.00227898	0.00168099	2
105.56	50.5427	-0.0023079	0.00171857	2
106.416	50.9523	-0.00233611	0.00175547	2
107.275	51.3578	-0.00236359	0.00179164	2
108.127	51.7549	-0.00239001	0.00182663	2
108.991	52.153	-0.00241596	0.00186122	2
109.857	52.5476	-0.00244111	0.00189494	2
110.724	52.9388	-0.00246543	0.00192776	2
111.593	53.3269	-0.00248889	0.00195962	2
112.462	53.712	-0.00251146	0.00199049	2
113.331	54.0943	-0.00253314	0.00202031	2
114.2	54.4739	-0.00255388	0.00204904	2
115.069	54.8511	-0.00257367	0.00207664	2
115.937	55.2259	-0.00259248	0.00210306	2
116.804	55.5985	-0.00261028	0.00212826	2
117.669	55.9692	-0.00262706	0.0021522	2
118.533	56.338	-0.00264278	0.00217482	2
119.394	56.7052	-0.00265742	0.00219608	2
120.252	57.0709	-0.00267096	0.00221594	2
121.108	57.4353	-0.00268336	0.00223436	2
121.96	57.7985	-0.00269462	0.00225128	2
122.808	58.1607	-0.00270469	0.00226667	2
123.653	58.5222	-0.00271356	0.00228047	2
124.492	58.8829	-0.0027212	0.00229265	2
125.327	59.2432	-0.00272759	0.00230316	2
126.157	59.6032	-0.0027327	0.00231195	2
126.981	59.963	-0.00273651	0.00231898	2
127.789	60.3187	-0.00273897	0.00232415	2
128.601	60.6788	-0.00274011	0.00232755	2
129.406	61.0391	-0.00273987	0.00232905	2
130.204	61.4	-0.00273823	0.0023286	2

124.994	2.01248	6.8823e-07	-3.79216e-07	2
124.521	3.08477	5.77781e-05	-3.17884e-05	2
124.059	4.16661	0.000111362	-6.11713e-05	2
123.615	5.24542	0.000160829	-8.81924e-05	2
123.194	6.30872	0.000205756	-0.000112625	2
122.785	7.38113	0.000247263	-0.00013508	2
122.394	8.45014	0.000284881	-0.000155304	2
122.02	9.51563	0.000318688	-0.000173342	2
121.664	10.5775	0.000348759	-0.000189237	2
121.325	11.6356	0.000375171	-0.000203032	2
121.003	12.6898	0.000398001	-0.000214773	2
120.698	13.74	0.000417325	-0.000224502	2
120.411	14.7862	0.000433221	-0.000232264	2
120.14	15.828	0.000445763	-0.000238102	2
119.887	16.8656	0.00045503	-0.00024206	2
119.65	17.8986	0.000461097	-0.000244182	2
119.431	18.9271	0.000464042	-0.000244512	2
119.228	19.9508	0.00046394	-0.000243094	2
119.042	20.9697	0.000460869	-0.000239972	2
118.872	21.9837	0.000454904	-0.000235189	2
118.719	22.9925	0.000446123	-0.00022879	2
118.583	23.9962	0.000434602	-0.000220818	2
118.463	24.9946	0.000420417	-0.000211317	2
118.359	25.9875	0.000403646	-0.00020033	2
118.272	26.9749	0.000384364	-0.000187903	2
118.201	27.9567	0.000362648	-0.000174079	2
118.147	28.9214	0.000338865	-0.000159082	2
118.108	29.8915	0.000312538	-0.00014261	2
118.085	30.8555	0.000284006	-0.00012487	2
118.078	31.8134	0.000253345	-0.000105909	2
118.087	32.7651	0.000220632	-8.57689e-05	2
118.112	33.7103	0.000185945	-6.44942e-05	2
118.153	34.649	0.000149358	-4.21287e-05	2
118.21	35.5811	0.00011095	-1.87163e-05	2
118.282	36.5065	7.07961e-05	5.69924e-06	2
118.369	37.425	2.89732e-05	3.1074e-05	2
118.473	38.3365	-1.4442e-05	5.73641e-05	2
118.592	39.2409	-5.93729e-05	8.45257e-05	2
118.726	40.138	-0.000105743	0.000112515	2
118.875	41.0278	-0.000153476	0.000141288	2
119.04	41.9102	-0.000202495	0.000170801	2
119.22	42.7849	-0.000252723	0.00020101	2
119.415	43.652	-0.000304085	0.000231871	2
119.625	44.5112	-0.000356503	0.000263341	2
119.85	45.3625	-0.0004099	0.000295375	2
120.091	46.2057	-0.000464201	0.00032793	2
120.346	47.0408	-0.000519329	0.000360961	2
120.615	47.8675	-0.000575207	0.000394426	2
120.9	48.6858	-0.000631758	0.000428279	2
121.196	49.4863	-0.000688246	0.000462083	2
121.509	50.2875	-0.000745909	0.00049658	2
121.837	51.0799	-0.000804017	0.000531335	2
122.18	51.8634	-0.000862493	0.000566303	2
122.537	52.6379	-0.00092126	0.000601443	2
122.908	53.4032	-0.000980243	0.000636708	2
123.294	54.1593	-0.00103936	0.000672056	2
123.694	54.906	-0.00109855	0.000707443	2
124.108	55.6432	-0.00115772	0.000742824	2
124.536	56.3707	-0.00121679	0.000778157	2
124.978	57.0886	-0.0012757	0.000813396	2
125.434	57.7966	-0.00133437	0.000848499	2
125.904	58.4945	-0.00139271	0.000883421	2
126.388	59.1824	-0.00145066	0.000918119	2
126.885	59.8601	-0.00150813	0.000952549	2
127.397	60.5274	-0.00156505	0.000986666	2
127.921	61.1843	-0.00162134	0.00102043	2
128.46	61.8306	-0.00167693	0.00105379	2
129.012	62.4662	-0.00173174	0.00108671	2
129.577	63.091	-0.0017857	0.00111914	2
130.155	63.7048	-0.00183872	0.00115103	2
130.747	64.3076	-0.00189073	0.00118236	2
131.352	64.8992	-0.00194165	0.00121306	2
131.97	65.4795	-0.00199141	0.0012431	2
132.594	66.0419	-0.00203938	0.0012721	2
133.239	66.5994	-0.0020866	0.00130069	2
133.896	67.1452	-0.00213243	0.00132849	2
134.566	67.6792	-0.00217679	0.00135545	2
135.248	68.2014	-0.0022196	0.00138153	2
135.944	68.7115	-0.00226079	0.00140668	2
136.652	69.2095	-0.00230028	0.00143086	2
137.373	69.6953	-0.002338	0.00145403	2
138.107	70.1687	-0.00237387	0.00147614	2
138.853	70.6295	-0.00240781	0.00149715	2
139.611	71.0778	-0.00243974	0.00151702	2
140.382	71.5134	-0.0024696	0.0015357	2
141.165	71.936	-0.00249729	0.00155314	2
141.96	72.3457	-0.00252275	0.00156931	2
142.767	72.7424	-0.0025459	0.00158415	2
143.587	73.1258	-0.00256667	0.00159764	2
144.418	73.4958	-0.00258497	0.00160971	2
145.261	73.8525	-0.00260073	0.00162033	2
146.117	74.1955	-0.00261387	0.00162946	2
146.984	74.5249	-0.00262432	0.00163704	2
147.863	74.8404	-0.00263199	0.00164305	2
148.754	75.142	-0.00263682	0.00164742	2
149.656	75.4296	-0.00263873	0.00165013	2
150.559	75.6999	-0.00263767	0.00165111	2
151.484	75.9592	-0.00263354	0.00165036	2
152.421	76.204	-0.00262625	0.00164781	2
153.369	76.4344	-0.00261574	0.00164341	2

