-125.001	2.0121	-2.98254e-08	-3.68641e-08	2
-125.08	3.04491	-2.34007e-06	-3.44232e-06	2
-125.189	4.07454	-4.18141e-06	-7.35067e-06	2
-125.327	5.08918	-5.54913e-06	-1.17104e-05	2
-125.492	6.07769	-6.46024e-06	-1.64491e-05	2
-125.686	7.06333	-6.96081e-06	-2.16627e-05	2
-125.907	8.0348	-7.06282e-06	-2.72836e-05	2
-126.154	8.99238	-6.79141e-06	-3.32974e-05	2
-126.427	9.93633	-6.17169e-06	-3.96891e-05	2
-126.726	10.8669	-5.22878e-06	-4.64443e-05	2
-127.048	11.7845	-3.98779e-06	-5.35481e-05	2
-127.394	12.6893	-2.47385e-06	-6.09859e-05	2
-127.763	13.5815	-7.12075e-07	-6.8743e-05	2
-128.154	14.4615	1.27241e-06	-7.68048e-05	2
-128.567	15.3296	3.4545e-06	-8.51564e-05	2
-129.001	16.1859	5.80906e-06	-9.37833e-05	2
-129.456	17.0309	8.31098e-06	-0.000102671	2
-129.93	17.8647	1.09351e-05	-0.000111804	2
-130.422	18.6876	1.36564e-05	-0.000121168	2
-130.933	19.5	1.64497e-05	-0.000130749	2
-131.462	20.3021	1.92899e-05	-0.000140532	2
-132.008	21.0942	2.21518e-05	-0.000150502	2
-132.569	21.8765	2.50103e-05	-0.000160644	2
-133.147	22.6493	2.78404e-05	-0.000170944	2
-133.739	23.4129	3.06169e-05	-0.000181387	2
-134.345	24.1676	3.33147e-05	-0.000191958	2
-134.958	24.9051	3.58795e-05	-0.00020252	2
-135.591	25.6429	3.83461e-05	-0.000213303	2
-136.236	26.3725	4.0659e-05	-0.00022417	2
-136.892	27.0944	4.27929e-05	-0.000235107	2
-137.56	27.8087	4.47228e-05	-0.000246099	2
-138.237	28.5157	4.64236e-05	-0.000257132	2
-138.924	29.2158	4.78701e-05	-0.00026819	2
-139.62	29.9091	4.90372e-05	-0.000279259	2
-140.324	30.596	4.98998e-05	-0.000290324	2
-141.036	31.2767	5.04329e-05	-0.000301371	2
-141.754	31.9515	5.06111e-05	-0.000312385	2
-142.478	32.6207	5.04096e-05	-0.000323351	2
-143.208	33.2846	4.9803e-05	-0.000334255	2
-143.943	33.9434	4.87664e-05	-0.000345082	2
-144.682	34.5974	4.72745e-05	-0.000355816	2
-145.424	35.2469	4.53023e-05	-0.000366445	2
-146.169	35.8922	4.28247e-05	-0.000376952	2
-146.916	36.5335	3.98165e-05	-0.000387323	2
-147.665	37.1712	3.62526e-05	-0.000397543	2
-148.414	37.8054	3.21079e-05	-0.000407598	2
-149.164	38.4365	2.73573e-05	-0.000417474	2
-149.912	39.0648	2.19756e-05	-0.000427154	2
-150.66	39.6905	1.59378e-05	-0.000436626	2
-151.397	40.3067	9.29983e-06	-0.000445768	2
-152.14	40.9281	1.88256e-06	-0.000454779	2
-152.88	41.5477	-6.26594e-06	-0.000463537	2
-153.615	42.1659	-1.51708e-05	-0.000472027	2
-154.346	42.7828	-2.48571e-05	-0.000480235	2
-155.072	43.3989	-3.535e-05	-0.000488145	2
-155.792	44.0143	-4.66747e-05	-0.000495743	2
-156.505	44.6293	-5.88561e-05	-0.000503014	2
-157.211	45.2442	-7.19195e-05	-0.000509944	2
-157.909	45.8593	-8.589e-05	-0.000516518	2
-158.598	46.4749	-0.000100793	-0.000522721	2
-159.277	47.0912	-0.000116653	-0.000528539	2
-159.947	47.7085	-0.000133495	-0.000533957	2
-160.606	48.3271	-0.000151345	-0.000538959	2
-161.254	48.9473	-0.000170228	-0.000543533	2
-161.889	49.5693	-0.000190168	-0.000547662	2
-162.512	50.1934	-0.000211191	-0.000551332	2
-163.122	50.8199	-0.000233323	-0.000554528	2
-163.717	51.4491	-0.000256587	-0.000557236	2
-164.298	52.0812	-0.00028101	-0.000559442	2
-164.863	52.7165	-0.000306616	-0.000561129	2
-165.412	53.3554	-0.00033343	-0.000562284	2
-165.945	53.998	-0.000361479	-0.000562893	2
-166.46	54.6446	-0.000390785	-0.000562939	2
-166.951	55.2881	-0.000421017	-0.000562418	2
-167.429	55.9436	-0.000452902	-0.000561304	2
-167.888	56.604	-0.00048612	-0.000559584	2
-168.327	57.2695	-0.000520697	-0.000557244	2
-168.744	57.9405	-0.000556659	-0.000554269	2
-169.141	58.6172	-0.000594029	-0.000550644	2
-169.515	59.2998	-0.000632834	-0.000546355	2
-169.866	59.9887	-0.000673098	-0.000541386	2
-170.194	60.6842	-0.000714847	-0.000535724	2
-170.498	61.3864	-0.000758105	-0.000529354	2
-170.777	62.0957	-0.000802898	-0.00052226	2
-171.03	62.8124	-0.000849251	-0.000514428	2
-171.257	63.5367	-0.000897189	-0.000505844	2
-171.458	64.269	-0.000946737	-0.000496493	2
-171.631	65.0094	-0.000997921	-0.00048636	2
-171.775	65.7582	-0.00105076	-0.00047543	2
-171.891	66.5159	-0.00110529	-0.000463689	2
-171.977	67.2825	-0.00116153	-0.000451122	2
-172.033	68.0584	-0.00121951	-0.000437714	2
-172.058	68.8439	-0.00127924	-0.000423451	2
-172.051	69.6392	-0.00134077	-0.000408318	2
-172.012	70.4447	-0.0014041	-0.0003923	2
-171.94	71.2605	-0.00146927	-0.000375382	2
-171.836	72.0775	-0.00153552	-0.000357761	2
-171.697	72.9148	-0.00160441	-0.000339012	2
-171.523	73.7634	-0.00167522	-0.000319319	2
-171.313	74.6235	-0.00174796	-0.000298668	2

-75.0036	2.01385	4.56005e-07	-1.43987e-08	2
-75.3222	3.19298	3.93362e-05	-7.09383e-07	2
-75.6663	4.36228	7.79951e-05	-3.31252e-07	2
-76.0319	5.50829	0.000115981	1.1167e-06	2
-76.4141	6.61863	0.000152874	3.58213e-06	2
-76.8214	7.7195	0.000189535	7.10485e-06	2
-77.2491	8.79826	0.000225537	1.16445e-05	2
-77.6968	9.85531	0.000260884	1.71834e-05	2
-78.164	10.891	0.000295581	2.37039e-05	2
-78.6505	11.9059	0.000329631	3.11882e-05	2
-79.1558	12.9001	0.00036304	3.96186e-05	2
-79.6796	13.8743	0.000395811	4.89775e-05	2
-80.2214	14.8287	0.00042795	5.92472e-05	2
-80.7809	15.7637	0.000459461	7.041e-05	2
-81.3577	16.6799	0.000490348	8.24482e-05	2
-81.9514	17.5774	0.000520615	9.5344e-05	2
-82.5616	18.4568	0.000550268	0.00010908	2
-83.1879	19.3184	0.00057931	0.000123638	2
-83.83	20.1627	0.000607747	0.000139001	2
-84.4874	20.99	0.000635582	0.00015515	2
-85.1598	21.8007	0.00066282	0.000172069	2
-85.8467	22.5952	0.000689466	0.000189739	2
-86.5479	23.3739	0.000715523	0.000208144	2
-87.2629	24.1373	0.000740997	0.000227264	2
-87.9912	24.8856	0.000765892	0.000247083	2
-88.7327	25.6193	0.000790213	0.000267582	2
-89.478	26.3307	0.000813693	0.000288498	2
-90.2442	27.0365	0.000836884	0.000310298	2
-91.0223	27.7289	0.000859514	0.000332727	2
-91.8118	28.4083	0.000881587	0.000355765	2
-92.6125	29.0751	0.000903107	0.000379396	2
-93.4239	29.7296	0.00092408	0.000403602	2
-94.2456	30.3723	0.000944509	0.000428365	2
-95.0773	31.0035	0.000964399	0.000453667	2
-95.9186	31.6237	0.000983755	0.000479491	2
-96.769	32.2332	0.00100258	0.000505819	2
-97.6282	32.8324	0.00102088	0.000532633	2
-98.4958	33.4218	0.00103866	0.000559916	2
-99.3714	34.0017	0.00105592	0.00058765	2
-100.255	34.5725	0.00107267	0.000615817	2
-101.145	35.1346	0.00108891	0.000644399	2
-102.043	35.6884	0.00110465	0.000673379	2
-102.946	36.2343	0.00111989	0.00070274	2
-103.856	36.7728	0.00113464	0.000732463	2
-104.772	37.3041	0.0011489	0.00076253	2
-105.693	37.8287	0.00116267	0.000792925	2
-106.619	38.347	0.00117596	0.000823629	2
-107.549	38.8593	0.00118877	0.000854624	2
-108.484	39.3661	0.00120111	0.000885894	2
-109.411	39.8621	0.00121285	0.000917056	2
-110.353	40.3591	0.00122427	0.000948818	2
-111.297	40.8518	0.00123523	0.000980801	2
-112.245	41.3405	0.00124573	0.00101299	2
-113.194	41.8256	0.00125579	0.00104536	2
-114.145	42.3076	0.0012654	0.0010779	2
-115.098	42.7868	0.00127456	0.00111059	2
-116.052	43.2637	0.00128329	0.00114341	2
-117.007	43.7385	0.00129159	0.00117635	2
-117.961	44.2118	0.00129947	0.00120938	2
-118.916	44.6839	0.00130692	0.0012425	2
-119.87	45.1552	0.00131395	0.00127567	2
-120.824	45.6261	0.00132057	0.0013089	2
-121.776	46.0969	0.00132677	0.00134214	2
-122.726	46.5682	0.00133258	0.0013754	2
-123.675	47.0403	0.00133798	0.00140864	2
-124.621	47.5135	0.00134298	0.00144186	2
-125.564	47.9883	0.0013476	0.00147504	2
-126.504	48.4651	0.00135183	0.00150815	2
-127.44	48.9443	0.00135567	0.00154119	2
-128.373	49.4262	0.00135914	0.00157412	2
-129.301	49.9112	0.00136223	0.00160694	2
-130.225	50.3998	0.00136495	0.00163963	2
-131.143	50.8924	0.00136731	0.00167217	2
-132.045	51.3835	0.00136929	0.00170417	2
-132.952	51.8851	0.00137093	0.00173636	2
-133.853	52.3918	0.00137223	0.00176834	2
-134.747	52.904	0.00137318	0.0018001	2
-135.634	53.4221	0.00137378	0.00183162	2
-136.514	53.9466	0.00137405	0.00186289	2
-137.385	54.4777	0.00137398	0.00189388	2
-138.249	55.0159	0.00137358	0.00192458	2
-139.104	55.5616	0.00137286	0.00195497	2
-139.95	56.1152	0.00137182	0.00198503	2
-140.787	56.6771	0.00137047	0.00201475	2
-141.613	57.2477	0.0013688	0.00204411	2
-142.43	57.8274	0.00136682	0.00207308	2
-143.236	58.4165	0.00136455	0.00210166	2
-144.032	59.0154	0.00136197	0.00212982	2
-144.816	59.6247	0.0013591	0.00215755	2
-145.588	60.2445	0.00135595	0.00218483	2
-146.348	60.8755	0.0013525	0.00221164	2
-147.096	61.5178	0.00134878	0.00223796	2
-147.831	62.172	0.00134478	0.00226378	2
-148.553	62.8385	0.00134051	0.00228907	2
-149.261	63.5175	0.00133598	0.00231383	2
-149.955	64.2096	0.00133118	0.00233803	2
-150.627	64.9069	0.00132619	0.00236138	2
-151.292	65.6261	0.00132088	0.00238442	2
-151.942	66.3594	0.00131533	0.00240685	2
-152.577	67.1074	0.00130953	0.00242865	2

-25.0047	2.01235	2.70609e-07	2.53741e-07	2
-25.4	3.07355	2.37651e-05	2.16452e-05	2
-25.7834	4.14466	4.79778e-05	4.24256e-05	2
-26.1505	5.21335	7.26359e-05	6.23498e-05	2
-26.4974	6.2674	9.74458e-05	8.12121e-05	2
-26.8324	7.33136	0.000122982	9.94596e-05	2
-27.1516	8.39297	0.000148957	0.000116877	2
-27.4552	9.45226	0.000175367	0.000133473	2
-27.7433	10.5093	0.00020221	0.000149255	2
-28.0161	11.564	0.000229485	0.000164234	2
-28.2738	12.6164	0.000257187	0.000178416	2
-28.5166	13.6667	0.000285316	0.000191812	2
-28.7447	14.7147	0.000313869	0.00020443	2
-28.9582	15.7606	0.000342842	0.000216277	2
-29.1573	16.8043	0.000372235	0.000227364	2
-29.3422	17.8459	0.000402044	0.000237699	2
-29.5132	18.8853	0.000432267	0.00024729	2
-29.6703	19.9227	0.000462902	0.000256145	2
-29.8137	20.958	0.000493945	0.000264275	2
-29.9437	21.9913	0.000525396	0.000271687	2
-30.0604	23.0226	0.000557251	0.000278389	2
-30.1641	24.0519	0.000589508	0.000284392	2
-30.2548	25.0792	0.000622165	0.000289702	2
-30.3327	26.1046	0.000655218	0.00029433	2
-30.3981	27.1281	0.000688667	0.000298283	2
-30.4512	28.1497	0.000722508	0.000301571	2
-30.4916	29.1577	0.000756343	0.000304175	2
-30.5206	30.1756	0.000790957	0.000306164	2
-30.5378	31.1916	0.000825956	0.000307514	2
-30.5433	32.2059	0.000861338	0.000308232	2
-30.5373	33.2184	0.0008971	0.000308328	2
-30.5201	34.2291	0.00093324	0.00030781	2
-30.4917	35.2382	0.000969755	0.000306686	2
-30.4525	36.2455	0.00100664	0.000304966	2
-30.4025	37.2511	0.0010439	0.000302659	2
-30.342	38.2551	0.00108153	0.000299772	2
-30.2711	39.2575	0.00111952	0.000296314	2
-30.19	40.2582	0.00115788	0.000292295	2
-30.0988	41.2574	0.0011966	0.000287722	2
-29.9979	42.255	0.00123568	0.000282605	2
-29.8873	43.2511	0.00127511	0.000276951	2
-29.7673	44.2457	0.0013149	0.000270771	2
-29.638	45.2387	0.00135504	0.000264072	2
-29.4996	46.2304	0.00139552	0.000256862	2
-29.3523	47.2205	0.00143636	0.000249152	2
-29.1962	48.2093	0.00147754	0.000240949	2
-29.0316	49.1967	0.00151906	0.000232262	2
-28.8586	50.1827	0.00156092	0.0002231	2
-28.6774	51.1673	0.00160311	0.00021347	2
-28.4905	52.1394	0.00164515	0.000203502	2
-28.2936	53.1215	0.00168801	0.000192971	2
-28.089	54.1022	0.0017312	0.000181999	2
-27.877	55.0818	0.00177472	0.000170595	2
-27.6577	56.0601	0.00181856	0.000158767	2
-27.4313	57.0372	0.00186272	0.000146524	2
-27.198	58.0131	0.00190721	0.000133876	2
-26.958	58.9879	0.00195201	0.00012083	2
-26.7114	59.9616	0.00199713	0.000107395	2
-26.4585	60.9341	0.00204256	9.358e-05	2
-26.1993	61.9056	0.0020883	7.93935e-05	2
-25.9342	62.876	0.00213435	6.48441e-05	2
-25.6632	63.8454	0.0021807	4.99406e-05	2
-25.3866	64.8138	0.00222736	3.46915e-05	2
-25.1045	65.7811	0.00227432	1.91055e-05	2
-24.8172	66.7476	0.00232158	3.19139e-06	2
-24.5247	67.713	0.00236913	-1.30423e-05	2
-24.2274	68.6776	0.00241698	-2.95869e-05	2
-23.9253	69.6413	0.00246512	-4.64337e-05	2
-23.6187	70.6041	0.00251355	-6.3574e-05	2
-23.3077	71.566	0.00256226	-8.09993e-05	2
-22.9925	72.5272	0.00261126	-9.87008e-05	2
-22.6733	73.4875	0.00266054	-0.00011667	2
-22.3503	74.4471	0.0027101	-0.000134898	2
-22.0274	75.3949	0.00275936	-0.000153162	2
-21.6973	76.3531	0.00280947	-0.00017188	2
-21.364	77.3105	0.00285985	-0.00019083	2
-21.0275	78.2672	0.0029105	-0.000210004	2
-20.6882	79.2233	0.00296141	-0.000229395	2
-20.3461	80.1788	0.00301259	-0.000248992	2
-20.0015	81.1336	0.00306404	-0.000268788	2
-19.6544	82.0879	0.00311574	-0.000288774	2
-19.3053	83.0416	0.0031677	-0.00030894	2
-18.9541	83.9948	0.00321992	-0.000329279	2
-18.6011	84.9475	0.00327239	-0.000349782	2
-18.2464	85.8997	0.00332511	-0.00037044	2
-17.8903	86.8514	0.00337807	-0.000391244	2
-17.5329	87.8027	0.00343129	-0.000412187	2
-17.1744	88.7536	0.00348474	-0.000433258	2
-16.815	89.704	0.00353844	-0.00045445	2
-16.4549	90.6542	0.00359238	-0.000475753	2
-16.0943	91.6039	0.00364655	-0.00049716	2
-15.7332	92.5534	0.00370095	-0.000518661	2
-15.372	93.5026	0.00375559	-0.000540248	2
-15.0108	94.4515	0.00381045	-0.000561913	2
-14.6498	95.4001	0.00386554	-0.000583645	2
-14.2891	96.3485	0.00392086	-0.000605438	2
-13.9331	97.2859	0.00397575	-0.00062703	2
-13.5737	98.2339	0.00403151	-0.000648916	2
-13.2152	99.1818	0.00408748	-0.000670836	2
-12.8578	100.13	0.00414366	-0.000692781	2

24.9977	2.01352	-3.71077e-07	-2.15937e-08	2
24.8194	3.16441	-3.25118e-05	-1.30709e-06	2
24.6721	4.30474	-6.54763e-05	-1.46844e-06	2
24.5574	5.4213	-9.88805e-05	-5.00174e-07	2
24.4757	6.50198	-0.00013232	1.55138e-06	2
24.4247	7.57221	-0.000166559	4.71798e-06	2
24.405	8.61959	-0.000201198	8.966e-06	2
24.4161	9.64445	-0.000236224	1.42793e-05	2
24.4576	10.6471	-0.000271624	2.06418e-05	2
24.529	11.6278	-0.000307385	2.80374e-05	2
24.6298	12.587	-0.000343493	3.64499e-05	2
24.7595	13.5248	-0.000379935	4.58632e-05	2
24.9177	14.4417	-0.000416698	5.62612e-05	2
25.1039	15.3379	-0.000453769	6.76277e-05	2
25.3176	16.2137	-0.000491134	7.99467e-05	2
25.5584	17.0695	-0.000528781	9.3202e-05	2
25.8258	17.9055	-0.000566696	0.000107378	2
26.1193	18.7222	-0.000604866	0.000122457	2
26.4385	19.5197	-0.000643279	0.000138425	2
26.7828	20.2984	-0.000681919	0.000155264	2
27.1518	21.0586	-0.000720775	0.000172959	2
27.5451	21.8006	-0.000759834	0.000191494	2
27.9621	22.5247	-0.000799081	0.000210852	2
28.4024	23.2313	-0.000838504	0.000231017	2
28.8655	23.9206	-0.00087809	0.000251974	2
29.351	24.593	-0.000917826	0.000273705	2
29.8524	25.2412	-0.000957238	0.000295933	2
30.3809	25.8808	-0.000997232	0.000319158	2
30.9304	26.5044	-0.00103734	0.00034311	2
31.5003	27.1122	-0.00107754	0.000367772	2
32.0902	27.7047	-0.00111782	0.00039313	2
32.6996	28.282	-0.00115817	0.000419166	2
33.3281	28.8446	-0.00119859	0.000445864	2
33.9751	29.3927	-0.00123904	0.000473208	2
34.6403	29.9267	-0.00127953	0.000501183	2
35.3231	30.4468	-0.00132003	0.000529772	2
36.0231	30.9533	-0.00136054	0.000558958	2
36.7397	31.4467	-0.00140104	0.000588726	2
37.4726	31.9271	-0.00144152	0.00061906	2
38.2213	32.3949	-0.00148196	0.000649944	2
38.9852	32.8504	-0.00152236	0.000681361	2
39.7639	33.2939	-0.00156269	0.000713295	2
40.557	33.7257	-0.00160295	0.00074573	2
41.3639	34.1462	-0.00164312	0.000778651	2
42.1842	34.5556	-0.00168319	0.00081204	2
43.0175	34.9543	-0.00172315	0.000845882	2
43.8632	35.3425	-0.00176298	0.000880161	2
44.7209	35.7206	-0.00180266	0.00091486	2
45.59	36.0888	-0.0018422	0.000949964	2
46.4601	36.4435	-0.00188111	0.000985046	2
47.3508	36.7932	-0.0019203	0.00102091	2
48.2515	37.134	-0.0019593	0.00105712	2
49.1619	37.4662	-0.00199809	0.00109368	2
50.0815	37.7901	-0.00203666	0.00113056	2
51.0097	38.106	-0.00207499	0.00116775	2
51.9462	38.4143	-0.00211308	0.00120523	2
52.8904	38.7153	-0.00215091	0.00124298	2
53.8419	39.0092	-0.00218847	0.001281	2
54.8002	39.2965	-0.00222575	0.00131926	2
55.7648	39.5773	-0.00226272	0.00135774	2
56.7352	39.852	-0.00229938	0.00139644	2
57.7111	40.1209	-0.00233572	0.00143533	2
58.6918	40.3843	-0.00237172	0.0014744	2
59.677	40.6426	-0.00240737	0.00151363	2
60.6662	40.8959	-0.00244265	0.00155301	2
61.6589	41.1448	-0.00247755	0.00159252	2
62.6546	41.3894	-0.00251207	0.00163215	2
63.6528	41.6301	-0.00254618	0.00167187	2
64.6532	41.8671	-0.00257987	0.00171168	2
65.6552	42.1009	-0.00261313	0.00175155	2
66.6583	42.3316	-0.00264594	0.00179147	2
67.662	42.5597	-0.0026783	0.00183143	2
68.666	42.7853	-0.00271019	0.0018714	2
69.6582	43.0064	-0.00274124	0.00191091	2
70.6612	43.2282	-0.00277216	0.00195087	2
71.6629	43.4486	-0.00280256	0.0019908	2
72.663	43.6679	-0.00283244	0.00203068	2
73.661	43.8863	-0.00286179	0.0020705	2
74.6563	44.1043	-0.00289059	0.00211024	2
75.6485	44.3219	-0.00291882	0.00214989	2
76.6371	44.5397	-0.00294648	0.00218942	2
77.6218	44.7579	-0.00297355	0.00222883	2
78.6019	44.9769	-0.00300002	0.0022681	2
79.577	45.1968	-0.00302587	0.0023072	2
80.5467	45.4181	-0.00305109	0.00234613	2
81.5104	45.641	-0.00307568	0.00238487	2
82.4678	45.8659	-0.0030996	0.00242339	2
83.4183	46.0931	-0.00312286	0.0024617	2
84.3614	46.3228	-0.00314544	0.00249976	2
85.2968	46.5554	-0.00316732	0.00253757	2
86.2238	46.7912	-0.0031885	0.00257511	2
87.1422	47.0306	-0.00320895	0.00261236	2
88.0513	47.2737	-0.00322867	0.0026493	2
88.9507	47.521	-0.00324765	0.00268592	2
89.8399	47.7727	-0.00326586	0.00272221	2
90.7185	48.0291	-0.0032833	0.00275814	2
91.5761	48.2876	-0.00329977	0.00279329	2
92.4321	48.5545	-0.00331563	0.00282848	2
93.2761	48.827	-0.00333068	0.00286326	2
94.1076	49.1054	-0.0033449	0.00289762	2

74.9922	2.01322	2.46274e-07	5.03053e-08	2
74.3351	3.14534	2.02523e-05	4.7574e-06	2
73.7026	4.28063	3.81597e-05	1.02753e-05	2
73.1023	5.40587	5.37667e-05	1.65385e-05	2
72.5401	6.50831	6.69768e-05	2.34475e-05	2
72.0026	7.61361	7.81415e-05	3.11478e-05	2
71.4963	8.7089	8.71386e-05	3.95483e-05	2
71.0207	9.7942	9.40127e-05	4.86336e-05	2
70.5756	10.8695	9.88083e-05	5.83887e-05	2
70.1606	11.9349	0.00010157	6.87985e-05	2
69.7754	12.9903	0.000102341	7.98477e-05	2
69.4196	14.0357	0.000101168	9.15213e-05	2
69.0929	15.0712	9.80941e-05	0.000103804	2
68.7951	16.0968	9.31639e-05	0.000116681	2
68.5256	17.1125	8.6422e-05	0.000130137	2
68.2843	18.1184	7.79128e-05	0.000144156	2
68.0707	19.1143	6.76809e-05	0.000158724	2
67.8846	20.1004	5.57707e-05	0.000173826	2
67.7256	21.0766	4.22267e-05	0.000189445	2
67.5934	22.043	2.70934e-05	0.000205568	2
67.4876	22.9995	1.04152e-05	0.000222179	2
67.4079	23.9462	-7.76343e-06	0.000239263	2
67.354	24.8832	-2.73979e-05	0.000256805	2
67.3255	25.8103	-4.84438e-05	0.000274789	2
67.3221	26.7277	-7.08567e-05	0.0002932	2
67.3434	27.6353	-9.45921e-05	0.000312024	2
67.3885	28.523	-0.000119311	0.000331022	2
67.4582	29.4112	-0.000145544	0.00035062	2
67.5515	30.2897	-0.000172966	0.000370586	2
67.6683	31.1586	-0.000201534	0.000390903	2
67.8082	32.0177	-0.000231202	0.000411557	2
67.9709	32.8671	-0.000261926	0.000432533	2
68.156	33.7069	-0.000293662	0.000453815	2
68.3631	34.537	-0.000326366	0.000475388	2
68.5921	35.3575	-0.000359991	0.000497237	2
68.8424	36.1683	-0.000394495	0.000519348	2
69.1138	36.9695	-0.000429833	0.000541704	2
69.406	37.7612	-0.00046596	0.00056429	2
69.7186	38.5432	-0.000502832	0.000587093	2
70.0513	39.3156	-0.000540404	0.000610095	2
70.4038	40.0785	-0.000578633	0.000633283	2
70.7756	40.8319	-0.000617472	0.000656641	2
71.1666	41.5756	-0.000656878	0.000680154	2
71.5762	42.3099	-0.000696807	0.000703807	2
72.0043	43.0347	-0.000737214	0.000727584	2
72.4505	43.7499	-0.000778054	0.000751471	2
72.9144	44.4557	-0.000819283	0.000775452	2
73.3957	45.152	-0.000860857	0.000799512	2
73.8941	45.8388	-0.00090273	0.000823637	2
74.4032	46.5084	-0.000944374	0.000847532	2
74.9346	47.1765	-0.000986712	0.000871738	2
75.482	47.8351	-0.00102922	0.000895964	2
76.0451	48.4843	-0.00107185	0.000920193	2
76.6237	49.1241	-0.00111455	0.00094441	2
77.2173	49.7546	-0.00115729	0.000968601	2
77.8257	50.3756	-0.00120002	0.00099275	2
78.4484	50.9873	-0.00124269	0.00101684	2
79.0853	51.5897	-0.00128527	0.00104086	2
79.7358	52.1827	-0.0013277	0.00106479	2
80.3998	52.7664	-0.00136994	0.00108862	2
81.0768	53.3408	-0.00141195	0.00111234	2
81.7665	53.906	-0.00145368	0.00113592	2
82.4687	54.4618	-0.00149508	0.00115935	2
83.1829	55.0083	-0.00153613	0.00118262	2
83.9088	55.5457	-0.00157676	0.00120571	2
84.6461	56.0737	-0.00161693	0.00122861	2
85.3945	56.5926	-0.00165661	0.0012513	2
86.1535	57.1022	-0.00169574	0.00127376	2
86.923	57.6026	-0.00173428	0.00129599	2
87.7025	58.0939	-0.00177219	0.00131796	2
88.4918	58.5759	-0.00180942	0.00133966	2
89.2904	59.0488	-0.00184592	0.00136108	2
90.098	59.5125	-0.00188166	0.0013822	2
90.905	59.962	-0.0019162	0.00140277	2
91.7297	60.4076	-0.00195028	0.00142325	2
92.5624	60.844	-0.00198346	0.00144339	2
93.4028	61.2714	-0.0020157	0.00146316	2
94.2506	61.6897	-0.00204695	0.00148256	2
95.1054	62.0989	-0.00207717	0.00150158	2
95.967	62.4991	-0.00210631	0.00152018	2
96.8349	62.8902	-0.00213433	0.00153837	2
97.7089	63.2723	-0.00216118	0.00155612	2
98.5886	63.6454	-0.00218682	0.00157341	2
99.4736	64.0094	-0.0022112	0.00159025	2
100.364	64.3645	-0.00223429	0.0016066	2
101.258	64.7106	-0.00225603	0.00162246	2
102.158	65.0477	-0.00227638	0.0016378	2
103.061	65.3758	-0.00229529	0.00165262	2
103.968	65.695	-0.00231273	0.0016669	2
104.878	66.0053	-0.00232865	0.00168062	2
105.791	66.3067	-0.002343	0.00169377	2
106.707	66.5992	-0.00235574	0.00170633	2
107.626	66.8827	-0.00236682	0.00171829	2
108.546	67.1574	-0.0023762	0.00172963	2
109.468	67.4233	-0.00238384	0.00174034	2
110.391	67.6802	-0.00238969	0.0017504	2
111.305	67.9256	-0.00239366	0.00175969	2
112.23	68.165	-0.00239582	0.00176842	2
113.156	68.3956	-0.00239606	0.00177646	2
114.081	68.6174	-0.00239433	0.00178379	2

124.998	2.01007	3.58278e-07	6.94056e-08	2
124.784	2.87835	2.97076e-05	5.62028e-06	2
124.552	3.76136	5.64872e-05	1.04101e-05	2
124.304	4.64882	8.03861e-05	1.43925e-05	2
124.044	5.53027	0.000101225	1.75581e-05	2
123.766	6.42603	0.000119536	2.00034e-05	2
123.475	7.32567	0.000135107	2.17101e-05	2
123.17	8.22901	0.000147985	2.27012e-05	2
122.852	9.13586	0.000158218	2.29998e-05	2
122.521	10.046	0.000165852	2.2629e-05	2
122.179	10.9593	0.000170935	2.16117e-05	2
121.826	11.8755	0.000173515	1.99711e-05	2
121.462	12.7945	0.000173637	1.773e-05	2
121.088	13.716	0.00017135	1.49117e-05	2
120.704	14.6398	0.000166701	1.15391e-05	2
120.312	15.5659	0.000159736	7.6352e-06	2
119.911	16.4939	0.000150503	3.22312e-06	2
119.502	17.4236	0.000139049	-1.67414e-06	2
119.086	18.355	0.000125422	-7.03354e-06	2
118.663	19.2878	0.000109668	-1.2832e-05	2
118.235	20.2218	9.18342e-05	-1.90466e-05	2
117.8	21.1568	7.19684e-05	-2.56542e-05	2
117.361	22.0926	5.01174e-05	-3.26317e-05	2
116.917	23.0291	2.63286e-05	-3.99563e-05	2
116.47	23.966	6.48946e-07	-4.76047e-05	2
116.019	24.9032	-2.68743e-05	-5.5554e-05	2
115.571	25.8297	-5.58469e-05	-6.36851e-05	2
115.115	26.7668	-8.68959e-05	-7.21643e-05	2
114.658	27.7036	-0.000119648	-8.08754e-05	2
114.2	28.6399	-0.000154055	-8.97956e-05	2
113.741	29.5755	-0.00019007	-9.89017e-05	2
113.282	30.5102	-0.000227647	-0.000108171	2
112.824	31.4438	-0.000266737	-0.00011758	2
112.368	32.3762	-0.000307294	-0.000127106	2
111.913	33.3071	-0.000349271	-0.000136725	2
111.461	34.2363	-0.00039262	-0.000146415	2
111.011	35.1637	-0.000437295	-0.000156154	2
110.565	36.0891	-0.000483248	-0.000165916	2
110.123	37.0122	-0.000530431	-0.000175681	2
109.686	37.9329	-0.000578799	-0.000185424	2
109.254	38.851	-0.000628303	-0.000195123	2
108.828	39.7663	-0.000678896	-0.000204754	2
108.408	40.6786	-0.000730532	-0.000214294	2
107.996	41.5877	-0.000783162	-0.000223722	2
107.59	42.4935	-0.000836741	-0.000233012	2
107.193	43.3957	-0.000891221	-0.000242143	2
106.804	44.2941	-0.000946554	-0.000251092	2
106.425	45.1886	-0.00100269	-0.000259834	2
106.055	46.0789	-0.00105959	-0.000268348	2
105.7	46.9548	-0.00111654	-0.000276517	2
105.351	47.8363	-0.0011748	-0.000284508	2
105.014	48.7132	-0.00123369	-0.000292201	2
104.689	49.5851	-0.00129315	-0.000299574	2
104.376	50.4519	-0.00135313	-0.000306603	2
104.077	51.3135	-0.00141359	-0.000313265	2
103.791	52.1696	-0.00147448	-0.000319538	2
103.52	53.02	-0.00153575	-0.000325398	2
103.263	53.8645	-0.00159735	-0.000330822	2
103.022	54.703	-0.00165925	-0.000335787	2
102.797	55.5353	-0.00172138	-0.00034027	2
102.589	56.3611	-0.00178371	-0.000344249	2
102.397	57.1804	-0.00184619	-0.000347699	2
102.224	57.9928	-0.00190876	-0.000350599	2
102.068	58.7982	-0.00197139	-0.000352925	2
101.932	59.5964	-0.00203402	-0.000354653	2
101.814	60.3872	-0.00209661	-0.000355762	2
101.717	61.1704	-0.00215911	-0.000356227	2
101.641	61.9459	-0.00222147	-0.000356026	2
101.585	62.7134	-0.00228365	-0.000355136	2
101.551	63.4728	-0.0023456	-0.000353534	2
101.539	64.2238	-0.00240728	-0.000351197	2
101.55	64.9663	-0.00246862	-0.000348101	2
101.585	65.7	-0.0025296	-0.000344224	2
101.643	66.4166	-0.00258946	-0.000339601	2
101.725	67.1325	-0.00264955	-0.000334102	2
101.833	67.839	-0.00270913	-0.000327752	2
101.966	68.5361	-0.00276815	-0.00032053	2
102.126	69.2235	-0.00282657	-0.000312411	2
102.312	69.901	-0.00288432	-0.000303373	2
102.526	70.5684	-0.00294138	-0.000293392	2
102.767	71.2256	-0.00299769	-0.000282446	2
103.037	71.8724	-0.0030532	-0.000270512	2
103.336	72.5085	-0.00310787	-0.000257566	2
103.665	73.1338	-0.00316164	-0.000243586	2
104.024	73.7481	-0.00321448	-0.000228548	2
104.413	74.3512	-0.00326634	-0.00021243	2
104.834	74.9429	-0.00331716	-0.000195208	2
105.287	75.523	-0.0033669	-0.00017686	2
105.772	76.0913	-0.00341552	-0.000157362	2
106.29	76.6476	-0.00346296	-0.000136691	2
106.842	77.1918	-0.00350918	-0.000114824	2
107.428	77.7236	-0.00355414	-9.17388e-05	2
108.048	78.2429	-0.00359778	-6.74116e-05	2
108.704	78.7495	-0.00364005	-4.18196e-05	2
109.396	79.2431	-0.00368092	-1.49397e-05	2
110.124	79.7236	-0.00372033	1.32511e-05	2
110.88	80.1855	-0.00375781	4.24289e-05	2
111.682	80.6393	-0.00379419	7.3295e-05	2
112.522	81.0795	-0.00382896	0.000105541	2
113.401	81.5058	-0.0038621	0.000139189	2

