-124.999	2.01085	-1.3025e-07	2.18964e-07	2
-124.954	2.94188	-1.12039e-05	1.81762e-05	2
-124.944	3.87903	-2.21555e-05	3.46096e-05	2
-124.969	4.81149	-3.28644e-05	4.9338e-05	2
-125.026	5.72864	-4.32213e-05	6.22582e-05	2
-125.118	6.65183	-5.34766e-05	7.37078e-05	2
-125.242	7.57041	-6.35182e-05	8.35648e-05	2
-125.397	8.48439	-7.33559e-05	9.18667e-05	2
-125.583	9.39381	-8.29992e-05	9.86513e-05	2
-125.799	10.2987	-9.24579e-05	0.000103956	2
-126.044	11.1991	-0.000101742	0.000107819	2
-126.316	12.0949	-0.00011086	0.000110277	2
-126.616	12.9864	-0.000119823	0.000111368	2
-126.942	13.8734	-0.00012864	0.00011113	2
-127.294	14.756	-0.000137321	0.0001096	2
-127.67	15.6342	-0.000145876	0.000106816	2
-128.07	16.508	-0.000154313	0.000102815	2
-128.493	17.3776	-0.000162644	9.7636e-05	2
-128.938	18.2428	-0.000170877	9.13155e-05	2
-129.405	19.1038	-0.000179022	8.38915e-05	2
-129.891	19.9605	-0.000187089	7.54014e-05	2
-130.397	20.813	-0.000195088	6.58831e-05	2
-130.922	21.6613	-0.000203028	5.53739e-05	2
-131.464	22.5054	-0.000210919	4.39117e-05	2
-132.024	23.3454	-0.000218771	3.1534e-05	2
-132.599	24.1813	-0.000226593	1.82784e-05	2
-133.183	25.0036	-0.000234305	4.34924e-06	2
-133.788	25.8314	-0.000242097	-1.05402e-05	2
-134.406	26.6552	-0.000249889	-2.61951e-05	2
-135.037	27.4749	-0.000257689	-4.25779e-05	2
-135.68	28.2907	-0.000265508	-5.96508e-05	2
-136.333	29.1026	-0.000273355	-7.73763e-05	2
-136.997	29.9105	-0.00028124	-9.57168e-05	2
-137.67	30.7145	-0.000289173	-0.000114635	2
-138.351	31.5146	-0.000297163	-0.000134092	2
-139.04	32.3109	-0.000305221	-0.000154052	2
-139.735	33.1034	-0.000313355	-0.000174476	2
-140.436	33.892	-0.000321575	-0.000195327	2
-141.143	34.677	-0.000329892	-0.000216567	2
-141.853	35.4581	-0.000338315	-0.000238159	2
-142.566	36.2356	-0.000346853	-0.000260065	2
-143.282	37.0094	-0.000355516	-0.000282247	2
-143.999	37.7795	-0.000364315	-0.000304668	2
-144.717	38.546	-0.000373257	-0.000327291	2
-145.435	39.3089	-0.000382355	-0.000350076	2
-146.151	40.0682	-0.000391616	-0.000372988	2
-146.866	40.8239	-0.00040105	-0.000395988	2
-147.578	41.5762	-0.000410668	-0.000419039	2
-148.286	42.3249	-0.000420479	-0.000442102	2
-148.982	43.0616	-0.000430376	-0.000464877	2
-149.68	43.8034	-0.0004406	-0.000487855	2
-150.373	44.5419	-0.000451045	-0.000510733	2
-151.058	45.2769	-0.000461723	-0.000533474	2
-151.735	46.0086	-0.000472641	-0.000556041	2
-152.404	46.7369	-0.00048381	-0.000578396	2
-153.063	47.462	-0.00049524	-0.0006005	2
-153.711	48.1837	-0.000506941	-0.000622318	2
-154.348	48.9022	-0.000518921	-0.00064381	2
-154.973	49.6174	-0.000531192	-0.000664939	2
-155.585	50.3295	-0.000543761	-0.000685668	2
-156.183	51.0383	-0.00055664	-0.00070596	2
-156.766	51.744	-0.000569838	-0.000725775	2
-157.333	52.4466	-0.000583364	-0.000745077	2
-157.884	53.1461	-0.000597228	-0.000763829	2
-158.418	53.8425	-0.00061144	-0.000781992	2
-158.934	54.5359	-0.00062601	-0.000799529	2
-159.43	55.2262	-0.000640947	-0.000816403	2
-159.907	55.9136	-0.00065626	-0.000832575	2
-160.363	56.598	-0.000671961	-0.000848008	2
-160.797	57.2795	-0.000688057	-0.000862664	2
-161.208	57.958	-0.00070456	-0.000876507	2
-161.597	58.6337	-0.000721478	-0.000889498	2
-161.961	59.3065	-0.000738822	-0.000901599	2
-162.296	59.9687	-0.000756393	-0.00091265	2
-162.61	60.6359	-0.000774612	-0.000922871	2
-162.897	61.3003	-0.000793284	-0.00093209	2
-163.156	61.962	-0.00081242	-0.00094027	2
-163.387	62.6209	-0.00083203	-0.000947373	2
-163.588	63.2772	-0.000852124	-0.000953361	2
-163.759	63.9307	-0.00087271	-0.000958196	2
-163.899	64.5817	-0.000893799	-0.000961842	2
-164.008	65.23	-0.000915401	-0.00096426	2
-164.083	65.8757	-0.000937524	-0.000965413	2
-164.125	66.5188	-0.00096018	-0.000965263	2
-164.133	67.1594	-0.000983376	-0.000963773	2
-164.105	67.7975	-0.00100712	-0.000960905	2
-164.041	68.4331	-0.00103143	-0.000956621	2
-163.94	69.0662	-0.00105631	-0.000950884	2
-163.801	69.697	-0.00108177	-0.000943656	2
-163.623	70.3253	-0.00110782	-0.0009349	2
-163.406	70.9512	-0.00113447	-0.000924577	2
-163.148	71.5748	-0.00116173	-0.000912651	2
-162.849	72.196	-0.0011896	-0.000899083	2
-162.508	72.815	-0.00121811	-0.000883837	2
-162.123	73.4317	-0.00124725	-0.000866873	2
-161.695	74.0461	-0.00127705	-0.000848156	2
-161.228	74.6513	-0.00130714	-0.000827893	2
-160.71	75.2613	-0.00133825	-0.000805575	2
-160.146	75.8692	-0.00137004	-0.000781391	2
-159.534	76.4749	-0.00140251	-0.000755303	2

-75.0024	2.01167	-5.36068e-07	2.86568e-07	2
-75.222	3.00606	-4.60569e-05	2.42631e-05	2
-75.4674	3.99369	-9.09545e-05	4.71863e-05	2
-75.7358	4.9632	-0.000134718	6.87878e-05	2
-76.0233	5.90405	-0.000176887	8.88599e-05	2
-76.3362	6.83845	-0.000218468	0.000107887	2
-76.6706	7.75566	-0.000258988	0.000125648	2
-77.0263	8.65599	-0.000298472	0.000142159	2
-77.4028	9.53977	-0.000336945	0.00015744	2
-77.7995	10.4073	-0.000374431	0.000171508	2
-78.2161	11.2589	-0.000410956	0.000184382	2
-78.6522	12.0948	-0.000446543	0.000196081	2
-79.1071	12.9155	-0.000481218	0.000206621	2
-79.5806	13.7211	-0.000515005	0.000216022	2
-80.0722	14.5121	-0.00054793	0.000224302	2
-80.5814	15.2887	-0.000580016	0.000231478	2
-81.1077	16.0512	-0.000611288	0.000237571	2
-81.6508	16.8	-0.000641772	0.000242596	2
-82.2101	17.5354	-0.000671492	0.000246573	2
-82.7852	18.2576	-0.000700472	0.000249521	2
-83.3757	18.967	-0.000728737	0.000251456	2
-83.9811	19.664	-0.000756313	0.000252398	2
-84.601	20.3487	-0.000783223	0.000252365	2
-85.2349	21.0216	-0.000809492	0.000251375	2
-85.8824	21.6829	-0.000835146	0.000249446	2
-86.543	22.333	-0.000860208	0.000246596	2
-87.2084	22.9649	-0.000884426	0.000242892	2
-87.8938	23.5935	-0.000908386	0.000238266	2
-88.5909	24.2118	-0.000931829	0.000232774	2
-89.2994	24.8202	-0.000954779	0.000226435	2
-90.0187	25.4189	-0.000977261	0.000219265	2
-90.7484	26.0081	-0.0009993	0.000211285	2
-91.4882	26.5884	-0.00102092	0.000202511	2
-92.2375	27.1599	-0.00104215	0.000192963	2
-92.9958	27.7229	-0.00106301	0.000182658	2
-93.7628	28.2779	-0.00108352	0.000171615	2
-94.538	28.825	-0.00110371	0.000159851	2
-95.3209	29.3646	-0.00112361	0.000147386	2
-96.1111	29.8971	-0.00114324	0.000134238	2
-96.9081	30.4227	-0.00116262	0.000120423	2
-97.7115	30.9417	-0.00118178	0.000105962	2
-98.5209	31.4545	-0.00120075	9.08722e-05	2
-99.3357	31.9614	-0.00121955	7.51716e-05	2
-100.156	32.4626	-0.00123819	5.88786e-05	2
-100.98	32.9586	-0.00125672	4.20114e-05	2
-101.809	33.4495	-0.00127515	2.45884e-05	2
-102.641	33.9358	-0.0012935	6.62774e-06	2
-103.476	34.4177	-0.00131181	-1.18523e-05	2
-104.315	34.8956	-0.0013301	-3.08335e-05	2
-105.146	35.3643	-0.00134817	-5.00712e-05	2
-105.988	35.835	-0.00136648	-6.99948e-05	2
-106.832	36.3027	-0.00138485	-9.03649e-05	2
-107.677	36.7675	-0.00140329	-0.000111163	2
-108.523	37.2298	-0.00142182	-0.000132372	2
-109.369	37.6899	-0.00144049	-0.000153973	2
-110.214	38.1482	-0.0014593	-0.000175947	2
-111.058	38.6049	-0.00147829	-0.000198277	2
-111.902	39.0604	-0.00149747	-0.000220943	2
-112.743	39.515	-0.00151688	-0.000243929	2
-113.583	39.9689	-0.00153654	-0.000267216	2
-114.419	40.4226	-0.00155647	-0.000290784	2
-115.253	40.8763	-0.0015767	-0.000314617	2
-116.083	41.3302	-0.00159725	-0.000338696	2
-116.91	41.7849	-0.00161815	-0.000363003	2
-117.732	42.2404	-0.00163942	-0.000387519	2
-118.549	42.6973	-0.00166108	-0.000412227	2
-119.361	43.1557	-0.00168317	-0.000437107	2
-120.167	43.616	-0.00170571	-0.000462142	2
-120.967	44.0785	-0.00172871	-0.000487314	2
-121.76	44.5435	-0.00175221	-0.000512604	2
-122.546	45.0113	-0.00177623	-0.000537993	2
-123.325	45.4823	-0.0018008	-0.000563465	2
-124.095	45.9568	-0.00182593	-0.000589	2
-124.849	46.4295	-0.00185136	-0.000614286	2
-125.602	46.9117	-0.0018777	-0.000639893	2
-126.346	47.3983	-0.00190469	-0.000665509	2
-127.081	47.8896	-0.00193234	-0.000691116	2
-127.805	48.386	-0.00196068	-0.000716696	2
-128.518	48.8876	-0.00198974	-0.000742229	2
-129.221	49.3949	-0.00201955	-0.000767699	2
-129.911	49.9082	-0.00205012	-0.000793087	2
-130.59	50.4277	-0.00208148	-0.000818374	2
-131.256	50.9538	-0.00211366	-0.000843542	2
-131.91	51.4868	-0.00214668	-0.000868573	2
-132.549	52.027	-0.00218057	-0.000893449	2
-133.176	52.5747	-0.00221535	-0.000918152	2
-133.787	53.1303	-0.00225104	-0.000942663	2
-134.385	53.6939	-0.00228767	-0.000966964	2
-134.966	54.2661	-0.00232527	-0.000991037	2
-135.533	54.847	-0.00236385	-0.00101486	2
-136.083	55.437	-0.00240345	-0.00103843	2
-136.617	56.0364	-0.00244409	-0.0010617	2
-137.134	56.6454	-0.00248579	-0.00108468	2
-137.633	57.2646	-0.00252858	-0.00110734	2
-138.115	57.894	-0.00257249	-0.00112966	2
-138.578	58.5341	-0.00261753	-0.00115163	2
-139.017	59.1776	-0.00266319	-0.00117297	2
-139.443	59.8398	-0.00271057	-0.00119417	2
-139.848	60.5135	-0.00275916	-0.00121497	2
-140.234	61.1992	-0.00280898	-0.00123533	2

-25.0015	2.01075	-5.99382e-07	-9.68299e-08	2
-25.1331	2.93403	-4.98745e-05	-7.75104e-06	2
-25.2718	3.86634	-9.51962e-05	-1.4155e-05	2
-25.416	4.79694	-0.000136031	-1.92341e-05	2
-25.5639	5.71519	-0.00017205	-2.29748e-05	2
-25.7188	6.64246	-0.000204157	-2.54862e-05	2
-25.8788	7.56807	-0.000231973	-2.67397e-05	2
-26.0439	8.49206	-0.000255563	-2.67578e-05	2
-26.2139	9.41444	-0.000274994	-2.55628e-05	2
-26.3888	10.3352	-0.000290331	-2.31771e-05	2
-26.5685	11.2544	-0.000301639	-1.9623e-05	2
-26.7527	12.1721	-0.000308984	-1.4923e-05	2
-26.9415	13.0882	-0.000312433	-9.09949e-06	2
-27.1347	14.0028	-0.00031205	-2.17478e-06	2
-27.3321	14.9159	-0.000307901	5.82871e-06	2
-27.5338	15.8276	-0.000300052	1.48886e-05	2
-27.7395	16.7377	-0.000288568	2.49825e-05	2
-27.9492	17.6465	-0.000273515	3.60881e-05	2
-28.1628	18.5538	-0.00025496	4.81829e-05	2
-28.38	19.4597	-0.000232966	6.12445e-05	2
-28.601	20.3642	-0.000207601	7.52507e-05	2
-28.8254	21.2674	-0.000178929	9.01789e-05	2
-29.0533	22.1692	-0.000147016	0.000106007	2
-29.2844	23.0697	-0.000111929	0.000122712	2
-29.5188	23.9689	-7.37317e-05	0.000140272	2
-29.7562	24.8667	-3.2491e-05	0.000158665	2
-29.9938	25.7531	1.1203e-05	0.000177643	2
-30.2371	26.6485	5.83012e-05	0.000197625	2
-30.483	27.5426	0.000108247	0.000218372	2
-30.7317	28.4356	0.000160975	0.000239863	2
-30.9828	29.3273	0.000216419	0.000262075	2
-31.2364	30.2179	0.000274514	0.000284985	2
-31.4923	31.1073	0.000335193	0.000308572	2
-31.7504	31.9956	0.000398392	0.000332812	2
-32.0105	32.8827	0.000464045	0.000357683	2
-32.2727	33.7688	0.000532086	0.000383164	2
-32.5367	34.6538	0.00060245	0.000409231	2
-32.8025	35.5377	0.00067507	0.000435862	2
-33.0699	36.4206	0.000749881	0.000463035	2
-33.3389	37.3025	0.000826818	0.000490728	2
-33.6093	38.1833	0.000905814	0.000518918	2
-33.881	39.0632	0.000986805	0.000547582	2
-34.1539	39.9421	0.00106972	0.000576699	2
-34.428	40.8201	0.00115451	0.000606245	2
-34.703	41.6971	0.00124109	0.000636199	2
-34.9788	42.5732	0.0013294	0.000666538	2
-35.2555	43.4484	0.00141938	0.00069724	2
-35.5328	44.3228	0.00151095	0.000728283	2
-35.8106	45.1963	0.00160407	0.000759643	2
-36.0857	46.059	0.00169755	0.000790934	2
-36.3643	46.9308	0.00179352	0.00082286	2
-36.6431	47.8019	0.00189083	0.000855037	2
-36.9221	48.6722	0.00198941	0.000887443	2
-37.201	49.5417	0.0020892	0.000920056	2
-37.4798	50.4105	0.00219013	0.000952852	2
-37.7584	51.2786	0.00229213	0.00098581	2
-38.0366	52.146	0.00239515	0.00101891	2
-38.3144	53.0127	0.00249911	0.00105212	2
-38.5916	53.8788	0.00260395	0.00108543	2
-38.8682	54.7442	0.0027096	0.00111881	2
-39.144	55.6089	0.002816	0.00115224	2
-39.4189	56.4731	0.00292308	0.0011857	2
-39.6928	57.3367	0.00303078	0.00121916	2
-39.9656	58.1997	0.00313903	0.0012526	2
-40.2372	59.0621	0.00324777	0.00128601	2
-40.5075	59.9241	0.00335692	0.00131935	2
-40.7763	60.7855	0.00346643	0.00135261	2
-41.0435	61.6464	0.00357623	0.00138576	2
-41.3091	62.5069	0.00368625	0.00141878	2
-41.573	63.3669	0.00379643	0.00145165	2
-41.8349	64.2265	0.00390669	0.00148435	2
-42.0949	65.0856	0.00401699	0.00151684	2
-42.3528	65.9444	0.00412724	0.00154912	2
-42.6055	66.7929	0.00423612	0.0015808	2
-42.8588	67.6509	0.0043461	0.00161257	2
-43.1098	68.5086	0.00445584	0.00164407	2
-43.3582	69.366	0.00456529	0.00167525	2
-43.6039	70.223	0.00467436	0.0017061	2
-43.8469	71.0798	0.004783	0.0017366	2
-44.087	71.9363	0.00489114	0.00176673	2
-44.3241	72.7926	0.00499872	0.00179645	2
-44.5581	73.6487	0.00510567	0.00182576	2
-44.7889	74.5045	0.00521192	0.00185463	2
-45.0164	75.3601	0.00531741	0.00188303	2
-45.2405	76.2156	0.00542207	0.00191094	2
-45.4611	77.071	0.00552584	0.00193834	2
-45.678	77.9262	0.00562865	0.00196521	2
-45.8911	78.7812	0.00573044	0.00199153	2
-46.1004	79.6362	0.00583114	0.00201727	2
-46.3057	80.4912	0.00593069	0.00204241	2
-46.507	81.346	0.00602901	0.00206692	2
-46.704	82.2008	0.00612605	0.0020908	2
-46.8967	83.0557	0.00622173	0.00211401	2
-47.085	83.9105	0.006316	0.00213652	2
-47.2688	84.7653	0.00640878	0.00215833	2
-47.448	85.6202	0.00650002	0.00217941	2
-47.6204	86.4653	0.00658862	0.0021995	2
-47.79	87.3203	0.00667658	0.00221905	2
-47.9546	88.1754	0.00676279	0.00223779	2
-48.1142	89.0306	0.00684719	0.00225572	2

25.0007	2.0126	-2.37115e-08	7.09331e-08	2
25.0718	3.08762	-8.40796e-07	5.02872e-06	2
25.1653	4.15851	7.61951e-07	7.76835e-06	2
25.2803	5.21284	4.76436e-06	8.25269e-06	2
25.4148	6.23895	1.10363e-05	6.54798e-06	2
25.5716	7.26087	1.968e-05	2.64807e-06	2
25.7491	8.26674	3.05923e-05	-3.40613e-06	2
25.9469	9.25675	4.37293e-05	-1.15808e-05	2
26.1646	10.2311	5.9047e-05	-2.18422e-05	2
26.4021	11.1898	7.65016e-05	-3.41566e-05	2
26.6591	12.1333	9.60492e-05	-4.849e-05	2
26.9352	13.0615	0.000117646	-6.48087e-05	2
27.2301	13.9747	0.000141248	-8.3079e-05	2
27.5436	14.8732	0.000166811	-0.000103267	2
27.8753	15.7569	0.000194292	-0.000125339	2
28.225	16.6261	0.000223647	-0.000149261	2
28.5924	17.4811	0.000254831	-0.000174999	2
28.9772	18.3219	0.000287801	-0.00020252	2
29.379	19.1487	0.000322513	-0.00023179	2
29.7977	19.9617	0.000358923	-0.000262775	2
30.2328	20.7611	0.000396987	-0.00029544	2
30.6842	21.547	0.000436662	-0.000329753	2
31.1515	22.3197	0.000477903	-0.00036568	2
31.6344	23.0792	0.000520666	-0.000403187	2
32.1326	23.8258	0.000564909	-0.000442239	2
32.6459	24.5597	0.000610586	-0.000482804	2
33.1678	25.2727	0.000657105	-0.000524355	2
33.7101	25.9817	0.000705505	-0.000567826	2
34.2666	26.6784	0.000755208	-0.000612708	2
34.8369	27.3631	0.000806172	-0.000658968	2
35.4208	28.0358	0.000858351	-0.000706571	2
36.018	28.6968	0.000911702	-0.000755484	2
36.6282	29.3463	0.000966181	-0.000805674	2
37.2511	29.9843	0.00102174	-0.000857105	2
37.8864	30.6112	0.00107835	-0.000909744	2
38.5338	31.227	0.00113595	-0.000963559	2
39.193	31.832	0.0011945	-0.00101851	2
39.8638	32.4262	0.00125396	-0.00107458	2
40.5457	33.0099	0.00131429	-0.00113171	2
41.2387	33.5833	0.00137544	-0.00118989	2
41.9422	34.1465	0.00143736	-0.00124907	2
42.6561	34.6997	0.00150002	-0.00130922	2
43.3801	35.2431	0.00156337	-0.00137031	2
44.1139	35.7768	0.00162736	-0.0014323	2
44.8571	36.301	0.00169196	-0.00149517	2
45.6095	36.8159	0.00175711	-0.00155887	2
46.3708	37.3216	0.00182277	-0.00162337	2
47.1407	37.8184	0.00188891	-0.00168865	2
47.9189	38.3064	0.00195547	-0.00175466	2
48.696	38.7803	0.00202165	-0.0018206	2
49.4898	39.2513	0.00208892	-0.00188797	2
50.2911	39.714	0.0021565	-0.00195597	2
51.0995	40.1686	0.00222432	-0.00202458	2
51.9147	40.6153	0.00229236	-0.00209375	2
52.7365	41.0542	0.00236055	-0.00216345	2
53.5646	41.4855	0.00242887	-0.00223366	2
54.3986	41.9094	0.00249726	-0.00230432	2
55.2382	42.3261	0.00256568	-0.00237542	2
56.0833	42.7356	0.00263409	-0.00244692	2
56.9334	43.1383	0.00270244	-0.00251878	2
57.7883	43.5343	0.00277069	-0.00259098	2
58.6477	43.9236	0.0028388	-0.00266346	2
59.5114	44.3066	0.00290673	-0.00273622	2
60.3789	44.6834	0.00297442	-0.0028092	2
61.2501	45.0542	0.00304183	-0.00288237	2
62.1245	45.4191	0.00310893	-0.00295571	2
63.002	45.7783	0.00317566	-0.00302917	2
63.8823	46.132	0.00324198	-0.00310272	2
64.765	46.4803	0.00330786	-0.00317634	2
65.6498	46.8234	0.00337324	-0.00324998	2
66.5366	47.1616	0.00343808	-0.00332362	2
67.4248	47.4949	0.00350233	-0.00339721	2
68.3144	47.8235	0.00356596	-0.00347073	2
69.1947	48.144	0.00362821	-0.00354329	2
70.0859	48.4639	0.00369046	-0.00361656	2
70.9775	48.7797	0.00375196	-0.00368965	2
71.8692	49.0915	0.00381265	-0.00376253	2
72.7608	49.3995	0.0038725	-0.00383516	2
73.6518	49.7038	0.00393146	-0.00390752	2
74.5421	50.0048	0.00398949	-0.00397957	2
75.4313	50.3024	0.00404654	-0.00405127	2
76.3192	50.5969	0.00410257	-0.00412259	2
77.2054	50.8885	0.00415753	-0.0041935	2
78.0897	51.1773	0.00421139	-0.00426396	2
78.9717	51.4636	0.00426409	-0.00433394	2
79.8512	51.7474	0.0043156	-0.00440341	2
80.7279	52.029	0.00436587	-0.00447233	2
81.6014	52.3085	0.00441485	-0.00454067	2
82.4716	52.5861	0.0044625	-0.00460839	2
83.338	52.862	0.00450878	-0.00467546	2
84.2005	53.1363	0.00455365	-0.00474185	2
85.0586	53.4093	0.00459706	-0.00480752	2
85.9122	53.681	0.00463896	-0.00487244	2
86.7609	53.9517	0.00467931	-0.00493657	2
87.6044	54.2215	0.00471808	-0.00499989	2
88.4425	54.4907	0.00475521	-0.00506235	2
89.2653	54.7562	0.00479026	-0.00512323	2
90.0916	55.0245	0.004824	-0.0051839	2
90.9116	55.2926	0.00485598	-0.00524361	2
91.725	55.5607	0.00488615	-0.00530234	2

74.9947	2.01186	-5.98247e-07	3.88457e-08	2
74.5539	3.02772	-5.13143e-05	3.44097e-06	2
74.1381	4.04737	-0.000101156	7.00062e-06	2
73.7523	5.05896	-0.00014954	1.06706e-05	2
73.4001	6.05101	-0.000195953	1.43988e-05	2
73.0728	7.04658	-0.000241487	1.82635e-05	2
72.7745	8.03411	-0.000285613	2.22137e-05	2
72.5047	9.0136	-0.000328345	2.6241e-05	2
72.2632	9.98505	-0.000369699	3.03371e-05	2
72.0495	10.9485	-0.000409692	3.44937e-05	2
71.8634	11.9039	-0.000448339	3.87024e-05	2
71.7044	12.8512	-0.000485656	4.2955e-05	2
71.5722	13.7906	-0.000521659	4.7243e-05	2
71.4666	14.7219	-0.000556364	5.15582e-05	2
71.387	15.6452	-0.000589787	5.58922e-05	2
71.3333	16.5605	-0.000621944	6.02367e-05	2
71.3049	17.4678	-0.00065285	6.45834e-05	2
71.3017	18.3671	-0.000682522	6.89239e-05	2
71.3232	19.2585	-0.000710976	7.32499e-05	2
71.369	20.1418	-0.000738226	7.7553e-05	2
71.4389	21.0171	-0.00076429	8.1825e-05	2
71.5325	21.8845	-0.000789183	8.60575e-05	2
71.6494	22.7439	-0.000812922	9.02422e-05	2
71.7893	23.5953	-0.000835521	9.43707e-05	2
71.9518	24.4388	-0.000856997	9.84348e-05	2
72.1366	25.2743	-0.000877366	0.000102426	2
72.3408	26.0924	-0.000896428	0.000106292	2
72.5689	26.912	-0.000914643	0.000110113	2
72.8183	27.7238	-0.000931798	0.000113837	2
73.0885	28.5276	-0.000947909	0.000117455	2
73.3792	29.3234	-0.000962992	0.000120959	2
73.6902	30.1113	-0.000977063	0.00012434	2
74.021	30.8913	-0.000990138	0.00012759	2
74.3713	31.6634	-0.00100223	0.0001307	2
74.7408	32.4276	-0.00101336	0.000133663	2
75.129	33.1838	-0.00102355	0.00013647	2
75.5357	33.9321	-0.0010328	0.000139112	2
75.9605	34.6725	-0.00104113	0.000141582	2
76.403	35.405	-0.00104856	0.000143871	2
76.863	36.1297	-0.00105511	0.00014597	2
77.34	36.8464	-0.00106079	0.000147872	2
77.8337	37.5552	-0.00106562	0.000149568	2
78.3437	38.2562	-0.00106961	0.000151049	2
78.8697	38.9492	-0.00107277	0.000152308	2
79.4115	39.6344	-0.00107514	0.000153336	2
79.9685	40.3118	-0.00107671	0.000154124	2
80.5404	40.9812	-0.00107751	0.000154665	2
81.127	41.6428	-0.00107755	0.000154949	2
81.7278	42.2966	-0.00107685	0.00015497	2
82.3354	42.9351	-0.00107545	0.000154722	2
82.9636	43.5733	-0.00107332	0.000154192	2
83.6049	44.2035	-0.0010705	0.000153373	2
84.2591	44.826	-0.001067	0.000152257	2
84.9259	45.4406	-0.00106284	0.000150834	2
85.6048	46.0474	-0.00105804	0.000149097	2
86.2955	46.6464	-0.0010526	0.000147038	2
86.9977	47.2375	-0.00104655	0.000144648	2
87.711	47.8209	-0.0010399	0.000141919	2
88.4351	48.3964	-0.00103266	0.000138842	2
89.1696	48.9641	-0.00102486	0.000135409	2
89.9141	49.524	-0.00101651	0.000131613	2
90.6684	50.0762	-0.00100762	0.000127443	2
91.4321	50.6205	-0.000998219	0.000122893	2
92.2047	51.157	-0.00098831	0.000117954	2
92.9861	51.6858	-0.000977914	0.000112617	2
93.7758	52.2068	-0.000967046	0.000106874	2
94.5734	52.72	-0.000955723	0.000100717	2
95.3787	53.2254	-0.000943961	9.41378e-05	2
96.1912	53.7231	-0.000931774	8.71276e-05	2
97.0107	54.213	-0.00091918	7.96782e-05	2
97.8368	54.6951	-0.000906194	7.17814e-05	2
98.6691	55.1695	-0.000892832	6.34287e-05	2
99.5072	55.6362	-0.00087911	5.46119e-05	2
100.341	56.0898	-0.000865207	4.54321e-05	2
101.19	56.5411	-0.000850816	3.56676e-05	2
102.044	56.9846	-0.000836113	2.5414e-05	2
102.902	57.4204	-0.000821112	1.46631e-05	2
103.764	57.8485	-0.000805831	3.40641e-06	2
104.63	58.2688	-0.000790286	-8.36427e-06	2
105.5	58.6815	-0.000774491	-2.06573e-05	2
106.372	59.0864	-0.000758463	-3.34811e-05	2
107.248	59.4836	-0.000742218	-4.68438e-05	2
108.125	59.8731	-0.000725772	-6.07539e-05	2
109.005	60.2549	-0.000709141	-7.52197e-05	2
109.887	60.6291	-0.00069234	-9.02496e-05	2
110.769	60.9955	-0.000675385	-0.000105852	2
111.653	61.3543	-0.000658293	-0.000122035	2
112.538	61.7053	-0.000641079	-0.000138806	2
113.422	62.0487	-0.00062376	-0.000156176	2
114.307	62.3845	-0.00060635	-0.00017415	2
115.191	62.7125	-0.000588867	-0.000192739	2
116.075	63.0329	-0.000571325	-0.000211951	2
116.957	63.3457	-0.000553741	-0.000231792	2
117.838	63.6508	-0.000536131	-0.000252273	2
118.718	63.9482	-0.000518511	-0.000273401	2
119.595	64.238	-0.000500896	-0.000295185	2
120.459	64.517	-0.000483504	-0.000317371	2
121.331	64.7916	-0.000465947	-0.000340483	2
122.199	65.0586	-0.000448444	-0.000364276	2
123.064	65.318	-0.000431009	-0.000388758	2

124.997	2.01037	1.54129e-07	-2.85401e-07	2
124.727	2.90555	1.22318e-05	-2.43785e-05	2
124.454	3.81845	2.21124e-05	-4.78515e-05	2
124.181	4.7384	2.96887e-05	-7.04307e-05	2
123.911	5.65441	3.49591e-05	-9.18835e-05	2
123.638	6.5875	3.80926e-05	-0.00011272	2
123.366	7.52674	3.90617e-05	-0.000132699	2
123.096	8.47185	3.79134e-05	-0.00015183	2
122.826	9.42253	3.46945e-05	-0.000170126	2
122.558	10.3785	2.94518e-05	-0.000187598	2
122.292	11.3394	2.22323e-05	-0.000204259	2
122.029	12.305	1.30828e-05	-0.00022012	2
121.767	13.275	2.05002e-06	-0.000235193	2
121.508	14.2491	-1.08191e-05	-0.000249489	2
121.253	15.227	-2.54776e-05	-0.000263021	2
121	16.2083	-4.18788e-05	-0.000275799	2
120.751	17.1929	-5.99758e-05	-0.000287836	2
120.506	18.1803	-7.97217e-05	-0.000299144	2
120.265	19.1704	-0.00010107	-0.000309734	2
120.029	20.1628	-0.000123973	-0.000319617	2
119.797	21.1572	-0.000148384	-0.000328807	2
119.57	22.1533	-0.000174258	-0.000337314	2
119.348	23.1508	-0.000201545	-0.00034515	2
119.131	24.1494	-0.000230201	-0.000352326	2
118.92	25.1489	-0.000260178	-0.000358856	2
118.716	26.1489	-0.000291428	-0.00036475	2
118.52	27.1376	-0.000323526	-0.000369963	2
118.328	28.1377	-0.000357171	-0.000374628	2
118.143	29.1375	-0.000391951	-0.000378692	2
117.965	30.1367	-0.000427817	-0.000382168	2
117.794	31.1349	-0.000464724	-0.000385066	2
117.631	32.1318	-0.000502624	-0.000387399	2
117.476	33.1272	-0.000541472	-0.000389179	2
117.33	34.1208	-0.000581219	-0.000390416	2
117.192	35.1122	-0.000621819	-0.000391124	2
117.062	36.1012	-0.000663225	-0.000391313	2
116.942	37.0874	-0.00070539	-0.000390996	2
116.831	38.0707	-0.000748268	-0.000390184	2
116.729	39.0506	-0.000791812	-0.000388888	2
116.638	40.0269	-0.000835974	-0.000387122	2
116.557	40.9992	-0.000880708	-0.000384895	2
116.486	41.9674	-0.000925967	-0.000382221	2
116.425	42.931	-0.000971705	-0.00037911	2
116.376	43.8899	-0.00101787	-0.000375575	2
116.338	44.8436	-0.00106443	-0.000371628	2
116.312	45.7919	-0.00111132	-0.000367279	2
116.297	46.7346	-0.0011585	-0.000362541	2
116.295	47.6712	-0.00120593	-0.000357426	2
116.304	48.6016	-0.00125355	-0.000351945	2
116.327	49.5148	-0.00130077	-0.000346179	2
116.362	50.4318	-0.00134865	-0.000340005	2
116.41	51.3416	-0.00139658	-0.000333501	2
116.472	52.2439	-0.00144452	-0.000326678	2
116.548	53.1385	-0.00149243	-0.000319548	2
116.638	54.0249	-0.00154025	-0.000312122	2
116.742	54.9031	-0.00158794	-0.000304412	2
116.86	55.7726	-0.00163546	-0.000296431	2
116.994	56.6331	-0.00168275	-0.00028819	2
117.142	57.4843	-0.00172977	-0.000279699	2
117.306	58.3261	-0.00177647	-0.000270973	2
117.486	59.1579	-0.00182281	-0.000262021	2
117.682	59.9797	-0.00186874	-0.000252856	2
117.894	60.791	-0.00191421	-0.000243489	2
118.122	61.5915	-0.00195917	-0.000233933	2
118.367	62.3811	-0.00200358	-0.000224198	2
118.629	63.1593	-0.00204739	-0.000214297	2
118.909	63.9259	-0.00209056	-0.000204242	2
119.206	64.6805	-0.00213303	-0.000194044	2
119.521	65.423	-0.00217477	-0.000183715	2
119.854	66.1529	-0.00221572	-0.000173266	2
120.206	66.87	-0.00225583	-0.00016271	2
120.576	67.5741	-0.00229507	-0.000152058	2
120.966	68.2647	-0.00233338	-0.000141322	2
121.37	68.9339	-0.00237029	-0.000130638	2
121.798	69.597	-0.00240661	-0.000119769	2
122.246	70.2458	-0.00244187	-0.000108852	2
122.714	70.88	-0.00247602	-9.78966e-05	2
123.202	71.4993	-0.00250901	-8.69161e-05	2
123.711	72.1035	-0.00254078	-7.59217e-05	2
124.241	72.6922	-0.00257131	-6.49253e-05	2
124.792	73.2651	-0.00260053	-5.39385e-05	2
125.364	73.8219	-0.00262841	-4.29731e-05	2
125.959	74.3624	-0.00265489	-3.20409e-05	2
126.575	74.8862	-0.00267993	-2.11535e-05	2
127.214	75.393	-0.00270348	-1.03228e-05	2
127.875	75.8826	-0.00272549	4.39635e-07	2
128.559	76.3547	-0.00274592	1.1122e-05	2
129.266	76.8089	-0.00276473	2.17124e-05	2
129.997	77.2449	-0.00278186	3.21994e-05	2
130.751	77.6625	-0.00279726	4.2571e-05	2
131.53	78.0614	-0.0028109	5.28155e-05	2
132.332	78.4413	-0.00282272	6.29213e-05	2
133.159	78.8018	-0.00283267	7.28765e-05	2
134.011	79.1427	-0.00284072	8.26695e-05	2
134.888	79.4636	-0.00284681	9.22884e-05	2
135.791	79.7644	-0.00285089	0.000101722	2
136.708	80.0415	-0.00285292	0.000110852	2
137.661	80.3012	-0.00285288	0.000119881	2
138.641	80.5397	-0.0028507	0.000128689	2
139.647	80.7569	-0.00284632	0.000137265	2

