-125.005	2.01186	-5.40621e-07	-5.01514e-08	2
-125.402	3.02799	-4.64457e-05	-4.06789e-06	2
-125.776	4.04761	-9.17084e-05	-7.54948e-06	2
-126.12	5.05887	-0.000135799	-1.04616e-05	2
-126.433	6.05031	-0.000178241	-1.27969e-05	2
-126.721	7.04499	-0.000220033	-1.46265e-05	2
-126.982	8.03137	-0.000260686	-1.59368e-05	2
-127.215	9.00944	-0.00030021	-1.67445e-05	2
-127.421	9.97924	-0.000338616	-1.70666e-05	2
-127.6	10.9408	-0.000375915	-1.69197e-05	2
-127.753	11.8941	-0.000412118	-1.63208e-05	2
-127.88	12.8391	-0.000447236	-1.52865e-05	2
-127.981	13.7759	-0.00048128	-1.38337e-05	2
-128.056	14.7046	-0.00051426	-1.19792e-05	2
-128.107	15.625	-0.000546188	-9.73978e-06	2
-128.132	16.5373	-0.000577075	-7.13223e-06	2
-128.134	17.4414	-0.000606931	-4.17335e-06	2
-128.111	18.3374	-0.000635767	-8.79935e-07	2
-128.064	19.2252	-0.000663594	2.73121e-06	2
-127.995	20.105	-0.000690423	6.64329e-06	2
-127.902	20.9766	-0.000716265	1.08395e-05	2
-127.786	21.8402	-0.000741131	1.53031e-05	2
-127.648	22.6957	-0.000765031	2.00172e-05	2
-127.488	23.5432	-0.000787977	2.49651e-05	2
-127.306	24.3826	-0.00080998	3.01299e-05	2
-127.103	25.214	-0.00083105	3.54948e-05	2
-126.881	26.028	-0.000850972	4.09784e-05	2
-126.637	26.8436	-0.00087022	4.66915e-05	2
-126.372	27.6511	-0.000888567	5.25545e-05	2
-126.087	28.4508	-0.000906026	5.85507e-05	2
-125.782	29.2424	-0.000922606	6.46632e-05	2
-125.458	30.0262	-0.000938319	7.08753e-05	2
-125.115	30.8021	-0.000953175	7.71702e-05	2
-124.753	31.57	-0.000967186	8.3531e-05	2
-124.373	32.3301	-0.000980362	8.9941e-05	2
-123.975	33.0823	-0.000992714	9.63834e-05	2
-123.559	33.8267	-0.00100425	0.000102841	2
-123.126	34.5633	-0.00101499	0.000109298	2
-122.676	35.2921	-0.00102494	0.000115737	2
-122.209	36.013	-0.0010341	0.000122141	2
-121.726	36.7262	-0.0010425	0.000128493	2
-121.227	37.4316	-0.00105014	0.000134777	2
-120.712	38.1293	-0.00105703	0.000140976	2
-120.182	38.8192	-0.00106318	0.000147073	2
-119.637	39.5014	-0.00106861	0.00015305	2
-119.077	40.1759	-0.00107332	0.000158893	2
-118.503	40.8428	-0.00107733	0.000164583	2
-117.915	41.5019	-0.00108065	0.000170103	2
-117.314	42.1534	-0.00108328	0.000175438	2
-116.706	42.7899	-0.00108522	0.000180512	2
-116.079	43.4263	-0.00108653	0.000185427	2
-115.438	44.055	-0.00108719	0.000190106	2
-114.786	44.6761	-0.00108721	0.000194532	2
-114.121	45.2897	-0.0010866	0.000198688	2
-113.445	45.8957	-0.00108538	0.000202558	2
-112.758	46.4941	-0.00108355	0.000206124	2
-112.06	47.0851	-0.00108112	0.00020937	2
-111.351	47.6685	-0.00107811	0.000212279	2
-110.632	48.2444	-0.00107453	0.000214834	2
-109.903	48.8128	-0.00107039	0.000217019	2
-109.164	49.3738	-0.00106569	0.000218816	2
-108.417	49.9273	-0.00106045	0.000220209	2
-107.66	50.4734	-0.00105468	0.000221181	2
-106.895	51.012	-0.00104839	0.000221716	2
-106.121	51.5433	-0.0010416	0.000221796	2
-105.34	52.0671	-0.00103431	0.000221404	2
-104.551	52.5836	-0.00102653	0.000220525	2
-103.755	53.0928	-0.00101827	0.00021914	2
-102.952	53.5946	-0.00100956	0.000217234	2
-102.142	54.089	-0.00100038	0.000214789	2
-101.326	54.5762	-0.000990769	0.000211789	2
-100.504	55.0561	-0.000980722	0.000208217	2
-99.6772	55.5286	-0.000970255	0.000204056	2
-98.8544	55.9887	-0.000959504	0.000199347	2
-98.0172	56.4468	-0.000948232	0.000193965	2
-97.1754	56.8978	-0.000936571	0.000187944	2
-96.3295	57.3415	-0.000924533	0.000181267	2
-95.4797	57.778	-0.000912128	0.000173917	2
-94.6264	58.2073	-0.000899367	0.000165878	2
-93.7699	58.6295	-0.000886262	0.000157132	2
-92.9106	59.0445	-0.000872822	0.000147663	2
-92.0488	59.4523	-0.00085906	0.000137455	2
-91.1848	59.8531	-0.000844985	0.000126489	2
-90.319	60.2467	-0.000830609	0.00011475	2
-89.4517	60.6333	-0.000815943	0.000102221	2
-88.5832	61.0127	-0.000800998	8.88849e-05	2
-87.7139	61.3851	-0.000785783	7.47248e-05	2
-86.8441	61.7505	-0.000770311	5.9724e-05	2
-85.9742	62.1089	-0.000754593	4.38656e-05	2
-85.1045	62.4602	-0.000738638	2.71331e-05	2
-84.2353	62.8045	-0.000722458	9.5094e-06	2
-83.367	63.1419	-0.000706065	-9.02213e-06	2
-82.4999	63.4722	-0.000689468	-2.84783e-05	2
-81.6343	63.7957	-0.000672678	-4.8876e-05	2
-80.7706	64.1122	-0.000655707	-7.02319e-05	2
-79.9092	64.4218	-0.000638566	-9.25629e-05	2
-79.0601	64.721	-0.000621465	-0.000115612	2
-78.204	65.0169	-0.000604017	-0.000139932	2
-77.3512	65.3059	-0.000586431	-0.000165277	2
-76.5019	65.588	-0.000568717	-0.000191664	2

-75.0033	2.01065	2.63288e-07	-3.53247e-07	2
-75.2878	2.92982	2.1546e-05	-3.00559e-05	2
-75.5737	3.86598	4.03755e-05	-5.87568e-05	2
-75.8574	4.80819	5.65418e-05	-8.61237e-05	2
-76.1355	5.74526	6.9957e-05	-0.000111886	2
-76.4143	6.69868	8.09859e-05	-0.000136663	2
-76.6902	7.65732	8.95109e-05	-0.000160168	2
-76.9631	8.62089	9.55853e-05	-0.000182424	2
-77.2327	9.58911	9.92624e-05	-0.000203451	2
-77.4987	10.5617	0.000100596	-0.00022327	2
-77.7609	11.5384	9.96379e-05	-0.000241903	2
-78.0192	12.5189	9.64429e-05	-0.000259369	2
-78.2732	13.5029	9.10639e-05	-0.000275691	2
-78.5228	14.4901	8.3554e-05	-0.000290889	2
-78.7677	15.4803	7.39666e-05	-0.000304984	2
-79.0076	16.4732	6.23551e-05	-0.000317998	2
-79.2424	17.4685	4.87727e-05	-0.000329951	2
-79.4718	18.4659	3.32726e-05	-0.000340865	2
-79.6956	19.4651	1.59083e-05	-0.00035076	2
-79.9135	20.4659	-3.26698e-06	-0.000359658	2
-80.1253	21.4679	-2.42e-05	-0.000367579	2
-80.3308	22.4709	-4.68373e-05	-0.000374546	2
-80.5298	23.4747	-7.11258e-05	-0.000380578	2
-80.722	24.4788	-9.7012e-05	-0.000385697	2
-80.9072	25.4831	-0.000124443	-0.000389923	2
-81.0851	26.4872	-0.000153365	-0.000393279	2
-81.2537	27.4794	-0.000183368	-0.00039576	2
-81.4165	28.4825	-0.000215096	-0.000397446	2
-81.5714	29.4845	-0.000248157	-0.000398324	2
-81.7181	30.4853	-0.000282496	-0.000398415	2
-81.8565	31.4845	-0.000318061	-0.000397739	2
-81.9862	32.4819	-0.000354797	-0.000396319	2
-82.107	33.4772	-0.000392652	-0.000394174	2
-82.2187	34.4701	-0.000431573	-0.000391327	2
-82.3211	35.4603	-0.000471506	-0.000387797	2
-82.414	36.4475	-0.000512397	-0.000383607	2
-82.4971	37.4316	-0.000554194	-0.000378777	2
-82.5701	38.412	-0.000596843	-0.000373328	2
-82.6329	39.3887	-0.000640291	-0.000367282	2
-82.6852	40.3613	-0.000684485	-0.000360659	2
-82.7267	41.3296	-0.000729371	-0.00035348	2
-82.7574	42.2931	-0.000774895	-0.000345767	2
-82.7768	43.2518	-0.000821006	-0.00033754	2
-82.7848	44.2052	-0.000867649	-0.000328821	2
-82.7812	45.1532	-0.000914771	-0.000319631	2
-82.7657	46.0953	-0.000962318	-0.00030999	2
-82.7381	47.0314	-0.00101024	-0.00029992	2
-82.6981	47.9612	-0.00105848	-0.000289441	2
-82.6456	48.8843	-0.00110698	-0.000278576	2
-82.5811	49.7901	-0.00115514	-0.000267475	2
-82.5029	50.6992	-0.00120402	-0.000255902	2
-82.4114	51.6009	-0.001253	-0.000244005	2
-82.3064	52.4948	-0.00130203	-0.000231804	2
-82.1877	53.3807	-0.00135107	-0.000219321	2
-82.055	54.2582	-0.00140005	-0.000206577	2
-81.9081	55.1272	-0.00144893	-0.000193593	2
-81.7468	55.9873	-0.00149764	-0.00018039	2
-81.5709	56.8382	-0.00154614	-0.000166989	2
-81.38	57.6797	-0.00159438	-0.000153411	2
-81.1741	58.5115	-0.0016423	-0.000139678	2
-80.9528	59.3333	-0.00168984	-0.000125809	2
-80.7159	60.1448	-0.00173696	-0.000111826	2
-80.4631	60.9457	-0.00178359	-9.77513e-05	2
-80.1944	61.7358	-0.0018297	-8.36043e-05	2
-79.9093	62.5147	-0.00187521	-6.94068e-05	2
-79.6078	63.2823	-0.00192009	-5.51796e-05	2
-79.2895	64.0381	-0.00196428	-4.09439e-05	2
-78.9542	64.7819	-0.00200771	-2.67208e-05	2
-78.6017	65.5135	-0.00205035	-1.25311e-05	2
-78.2318	66.2326	-0.00209214	1.60392e-06	2
-77.8442	66.9388	-0.00213302	1.56633e-05	2
-77.4386	67.6319	-0.00217294	2.9626e-05	2
-77.015	68.3117	-0.00221185	4.34709e-05	2
-76.5782	68.9702	-0.00224926	5.70204e-05	2
-76.1178	69.6225	-0.002286	7.05686e-05	2
-75.6386	70.2605	-0.00232156	8.39362e-05	2
-75.1403	70.884	-0.0023559	9.7102e-05	2
-74.6227	71.4928	-0.00238896	0.000110045	2
-74.0856	72.0865	-0.00242069	0.000122744	2
-73.5288	72.6648	-0.00245103	0.000135179	2
-72.9519	73.2274	-0.00247993	0.000147327	2
-72.3549	73.7742	-0.00250734	0.000159169	2
-71.7374	74.3047	-0.00253321	0.000170683	2
-71.0992	74.8188	-0.00255748	0.000181847	2
-70.4401	75.3161	-0.0025801	0.000192641	2
-69.7598	75.7963	-0.00260101	0.000203045	2
-69.0582	76.2593	-0.00262016	0.000213036	2
-68.335	76.7046	-0.0026375	0.000222593	2
-67.5899	77.132	-0.00265298	0.000231697	2
-66.8227	77.5412	-0.00266654	0.000240325	2
-66.0333	77.932	-0.00267813	0.000248457	2
-65.2213	78.304	-0.00268769	0.000256071	2
-64.3865	78.657	-0.00269517	0.000263147	2
-63.5288	78.9907	-0.00270052	0.000269663	2
-62.6478	79.3048	-0.00270369	0.000275599	2
-61.7433	79.5991	-0.00270462	0.000280933	2
-60.8259	79.8701	-0.00270329	0.000285593	2
-59.8741	80.124	-0.00269961	0.000289668	2
-58.8981	80.3572	-0.00269353	0.000293079	2
-57.8978	80.5694	-0.00268501	0.000295804	2

-24.9992	2.01067	-2.08304e-08	1.83679e-07	2
-24.9481	2.92693	-1.92533e-06	1.51874e-05	2
-24.9319	3.85063	-4.08004e-06	2.87937e-05	2
-24.9507	4.77109	-6.46497e-06	4.08525e-05	2
-25.0026	5.67777	-9.04959e-06	5.12849e-05	2
-25.0882	6.59176	-1.18949e-05	6.03671e-05	2
-25.2061	7.5025	-1.49729e-05	6.80028e-05	2
-25.3555	8.40997	-1.82846e-05	7.42258e-05	2
-25.5355	9.31417	-2.18307e-05	7.907e-05	2
-25.7453	10.2151	-2.56122e-05	8.25692e-05	2
-25.9839	11.1127	-2.96298e-05	8.4757e-05	2
-26.2505	12.0071	-3.38845e-05	8.56674e-05	2
-26.5443	12.8982	-3.83771e-05	8.53341e-05	2
-26.8644	13.786	-4.31084e-05	8.37909e-05	2
-27.21	14.6705	-4.80793e-05	8.10716e-05	2
-27.5801	15.5516	-5.32906e-05	7.72099e-05	2
-27.9739	16.4295	-5.87432e-05	7.22397e-05	2
-28.3906	17.304	-6.4438e-05	6.61948e-05	2
-28.8293	18.1753	-7.03758e-05	5.9109e-05	2
-29.2891	19.0432	-7.65574e-05	5.10159e-05	2
-29.7691	19.9077	-8.29837e-05	4.19496e-05	2
-30.2686	20.769	-8.96556e-05	3.19436e-05	2
-30.7867	21.6269	-9.65739e-05	2.10319e-05	2
-31.3224	22.4814	-0.000103739	9.24816e-06	2
-31.8749	23.3326	-0.000111153	-3.37376e-06	2
-32.4434	24.1804	-0.000118816	-1.68001e-05	2
-33.0202	25.0152	-0.000126636	-3.08296e-05	2
-33.6179	25.8563	-0.000134796	-4.57551e-05	2
-34.2289	26.6941	-0.000143208	-6.1384e-05	2
-34.8525	27.5285	-0.000151872	-7.76826e-05	2
-35.4877	28.3595	-0.000160789	-9.4617e-05	2
-36.1338	29.1871	-0.00016996	-0.000112153	2
-36.7898	30.0113	-0.000179387	-0.000130258	2
-37.4548	30.8321	-0.000189069	-0.000148897	2
-38.1281	31.6495	-0.000199007	-0.000168037	2
-38.8088	32.4635	-0.000209204	-0.000187644	2
-39.4959	33.2741	-0.000219658	-0.000207684	2
-40.1887	34.0813	-0.000230372	-0.000228123	2
-40.8862	34.885	-0.000241345	-0.000248927	2
-41.5877	35.6853	-0.00025258	-0.000270064	2
-42.2922	36.4822	-0.000264076	-0.000291498	2
-42.9989	37.2756	-0.000275835	-0.000313197	2
-43.7069	38.0656	-0.000287857	-0.000335125	2
-44.4153	38.8521	-0.000300144	-0.000357251	2
-45.1234	39.6352	-0.000312696	-0.000379539	2
-45.8302	40.4148	-0.000325513	-0.000401956	2
-46.5349	41.1909	-0.000338598	-0.000424468	2
-47.2367	41.9636	-0.00035195	-0.000447042	2
-47.9345	42.7328	-0.000365571	-0.000469643	2
-48.6198	43.4897	-0.0003793	-0.000491978	2
-49.3074	44.2519	-0.000393458	-0.000514534	2
-49.9887	45.0107	-0.000407886	-0.000537017	2
-50.6627	45.7659	-0.000422587	-0.000559392	2
-51.3285	46.5177	-0.00043756	-0.000581626	2
-51.9853	47.2659	-0.000452807	-0.000603685	2
-52.6323	48.0106	-0.000468328	-0.000625536	2
-53.2685	48.7518	-0.000484125	-0.000647145	2
-53.8932	49.4895	-0.000500198	-0.000668477	2
-54.5054	50.2236	-0.000516548	-0.0006895	2
-55.1043	50.9542	-0.000533176	-0.000710178	2
-55.689	51.6813	-0.000550082	-0.00073048	2
-56.2587	52.4048	-0.000567269	-0.00075037	2
-56.8125	53.1247	-0.000584736	-0.000769815	2
-57.3496	53.8411	-0.000602484	-0.000788781	2
-57.869	54.5539	-0.000620514	-0.000807234	2
-58.3699	55.2632	-0.000638827	-0.000825141	2
-58.8516	55.9689	-0.000657424	-0.000842467	2
-59.313	56.671	-0.000676306	-0.00085918	2
-59.7533	57.3695	-0.000695474	-0.000875245	2
-60.1717	58.0645	-0.000714928	-0.000890628	2
-60.5674	58.7558	-0.000734669	-0.000905296	2
-60.9393	59.4435	-0.000754698	-0.000919214	2
-61.2868	60.1277	-0.000775017	-0.00093235	2
-61.6054	60.8004	-0.000795387	-0.000944532	2
-61.9015	61.4773	-0.000816282	-0.00095601	2
-62.1706	62.1507	-0.000837469	-0.000966604	2
-62.4118	62.8204	-0.000858949	-0.00097628	2
-62.6241	63.4864	-0.000880721	-0.000985005	2
-62.8068	64.1489	-0.000902788	-0.000992744	2
-62.959	64.8077	-0.00092515	-0.000999465	2
-63.0797	65.4628	-0.000947808	-0.00100513	2
-63.1682	66.1143	-0.000970762	-0.00100971	2
-63.2236	66.7621	-0.000994014	-0.00101317	2
-63.245	67.4063	-0.00101756	-0.00101548	2
-63.2316	68.0468	-0.00104141	-0.0010166	2
-63.1825	68.6836	-0.00106556	-0.00101649	2
-63.0968	69.3167	-0.00109001	-0.00101513	2
-62.9737	69.9462	-0.00111476	-0.00101248	2
-62.8123	70.5719	-0.00113982	-0.00100851	2
-62.6118	71.194	-0.00116518	-0.00100318	2
-62.3712	71.8124	-0.00119084	-0.00099646	2
-62.0898	72.427	-0.00121681	-0.000988315	2
-61.7667	73.038	-0.00124308	-0.000978711	2
-61.401	73.6452	-0.00126966	-0.000967615	2
-60.9918	74.2487	-0.00129655	-0.000954993	2
-60.5383	74.8485	-0.00132375	-0.000940812	2
-60.0456	75.4377	-0.00135093	-0.000925227	2
-59.5015	76.0301	-0.00137875	-0.000907843	2
-58.9104	76.6187	-0.00140687	-0.000888798	2
-58.2716	77.2036	-0.00143531	-0.000868059	2

24.998	2.01145	-4.9978e-07	1.9853e-07	2
24.818	2.98768	-4.28915e-05	1.67143e-05	2
24.6115	3.95804	-8.46078e-05	3.23092e-05	2
24.381	4.91136	-0.000125175	4.67984e-05	2
24.1299	5.83727	-0.000164173	6.0048e-05	2
23.853	6.7576	-0.000202533	7.23796e-05	2
23.5535	7.6618	-0.000239823	8.36469e-05	2
23.2318	8.55015	-0.000276068	9.38635e-05	2
22.8885	9.42295	-0.000311294	0.000103043	2
22.524	10.2805	-0.000345528	0.0001112	2
22.1387	11.1231	-0.000378796	0.000118348	2
21.7332	11.9511	-0.000411124	0.0001245	2
21.3079	12.7647	-0.000442539	0.00012967	2
20.8633	13.5643	-0.000473065	0.000133873	2
20.3999	14.3501	-0.00050273	0.000137122	2
19.918	15.1224	-0.00053156	0.00013943	2
19.4183	15.8816	-0.00055958	0.000140812	2
18.9012	16.6279	-0.000586817	0.000141281	2
18.3671	17.3617	-0.000613298	0.000140852	2
17.8166	18.0832	-0.000639048	0.000139537	2
17.25	18.7928	-0.000664093	0.000137351	2
16.6679	19.4907	-0.000688459	0.000134308	2
16.0708	20.1772	-0.000712174	0.000130421	2
15.459	20.8527	-0.000735262	0.000125704	2
14.8332	21.5173	-0.00075775	0.000120171	2
14.1937	22.1716	-0.000779665	0.000113835	2
13.5486	22.8083	-0.000800789	0.000106798	2
12.8833	23.4425	-0.000821641	9.89081e-05	2
12.2058	24.0672	-0.000841996	9.02574e-05	2
11.5166	24.6827	-0.000861882	8.08594e-05	2
10.8161	25.2891	-0.000881325	7.0728e-05	2
10.1047	25.8869	-0.000900351	5.98769e-05	2
9.38304	26.4762	-0.000918986	4.83199e-05	2
8.65147	27.0575	-0.000937256	3.60708e-05	2
7.9105	27.631	-0.000955187	2.31435e-05	2
7.1606	28.197	-0.000972805	9.55163e-06	2
6.40225	28.7559	-0.000990138	-4.69089e-06	2
5.6359	29.3078	-0.00100721	-1.95703e-05	2
4.86205	29.8531	-0.00102405	-3.50728e-05	2
4.08115	30.3922	-0.00104068	-5.11846e-05	2
3.29368	30.9252	-0.00105713	-6.78919e-05	2
2.50011	31.4525	-0.00107342	-8.51809e-05	2
1.70092	31.9745	-0.00108958	-0.000103038	2
0.89658	32.4913	-0.00110564	-0.000121449	2
0.087554	33.0034	-0.00112163	-0.0001404	2
-0.725681	33.5109	-0.00113756	-0.000159878	2
-1.54265	34.0142	-0.00115347	-0.000179869	2
-2.36289	34.5137	-0.00116937	-0.000200358	2
-3.18592	35.0095	-0.00118531	-0.000221333	2
-4.00177	35.4963	-0.00120112	-0.00024253	2
-4.82895	35.9858	-0.00121719	-0.000264428	2
-5.65752	36.4727	-0.00123336	-0.000286771	2
-6.48699	36.957	-0.00124967	-0.000309543	2
-7.3169	37.4393	-0.00126613	-0.000332732	2
-8.14678	37.9198	-0.00128278	-0.000356323	2
-8.97615	38.3987	-0.00129964	-0.000380303	2
-9.80455	38.8764	-0.00131673	-0.000404658	2
-10.6315	39.3531	-0.00133409	-0.000429374	2
-11.4565	39.8293	-0.00135174	-0.000454437	2
-12.2791	40.3051	-0.0013697	-0.000479834	2
-13.0989	40.7809	-0.001388	-0.000505551	2
-13.9153	41.2569	-0.00140667	-0.000531573	2
-14.7279	41.7336	-0.00142573	-0.000557888	2
-15.5363	42.211	-0.00144522	-0.000584481	2
-16.3398	42.6897	-0.00146515	-0.000611339	2
-17.1382	43.1698	-0.00148555	-0.000638447	2
-17.9308	43.6517	-0.00150645	-0.000665792	2
-18.7173	44.1356	-0.00152787	-0.000693361	2
-19.4971	44.6219	-0.00154984	-0.000721139	2
-20.2698	45.1108	-0.00157239	-0.000749112	2
-21.035	45.6027	-0.00159555	-0.000777268	2
-21.792	46.0978	-0.00161933	-0.000805591	2
-22.5406	46.5965	-0.00164376	-0.000834068	2
-23.2717	47.0933	-0.00166859	-0.000862356	2
-24.0018	47.5999	-0.0016944	-0.000891099	2
-24.7221	48.111	-0.00172095	-0.000919955	2
-25.4319	48.6268	-0.00174826	-0.000948911	2
-26.1308	49.1477	-0.00177636	-0.000977951	2
-26.8184	49.6739	-0.00180526	-0.00100706	2
-27.4941	50.2057	-0.00183501	-0.00103623	2
-28.1576	50.7435	-0.00186562	-0.00106545	2
-28.8082	51.2875	-0.00189712	-0.00109469	2
-29.4456	51.8381	-0.00192953	-0.00112395	2
-30.0693	52.3955	-0.00196289	-0.00115321	2
-30.6788	52.96	-0.00199721	-0.00118247	2
-31.2737	53.5319	-0.00203253	-0.00121169	2
-31.8534	54.1115	-0.00206887	-0.00124088	2
-32.4175	54.6992	-0.00210626	-0.00127002	2
-32.9655	55.2952	-0.00214472	-0.00129909	2
-33.497	55.8999	-0.00218428	-0.00132807	2
-34.0114	56.5134	-0.00222497	-0.00135697	2
-34.5084	57.1362	-0.00226681	-0.00138576	2
-34.9873	57.7684	-0.00230982	-0.00141442	2
-35.4479	58.4105	-0.00235404	-0.00144295	2
-35.8895	59.0628	-0.00239949	-0.00147133	2
-36.3118	59.7254	-0.0024462	-0.00149955	2
-36.7096	60.3909	-0.00249363	-0.00152727	2
-37.0919	61.0751	-0.00254291	-0.00155512	2
-37.4534	61.7706	-0.00259353	-0.00158277	2
-37.7937	62.4778	-0.00264551	-0.0016102	2

74.999	2.01089	-4.45536e-07	-2.17745e-07	2
74.9058	2.94558	-3.66148e-05	-1.8035e-05	2
74.802	3.88802	-6.8928e-05	-3.42515e-05	2
74.6889	4.82737	-9.70028e-05	-4.86804e-05	2
74.5679	5.75292	-0.000120652	-6.12168e-05	2
74.4365	6.68623	-0.000140487	-7.21825e-05	2
74.2961	7.61658	-0.000156273	-8.14528e-05	2
74.1471	8.544	-0.000168074	-8.90583e-05	2
73.9894	9.46853	-0.000175953	-9.50299e-05	2
73.8233	10.3902	-0.000179973	-9.93983e-05	2
73.649	11.3091	-0.000180198	-0.000102194	2
73.4666	12.2253	-0.000176691	-0.000103449	2
73.2763	13.1387	-0.000169515	-0.000103193	2
73.0783	14.0495	-0.000158734	-0.000101457	2
72.8727	14.9576	-0.000144411	-9.82722e-05	2
72.6597	15.8631	-0.000126609	-9.36689e-05	2
72.4394	16.7662	-0.000105392	-8.76782e-05	2
72.2121	17.6667	-8.08237e-05	-8.03308e-05	2
71.9779	18.5647	-5.29668e-05	-7.16575e-05	2
71.737	19.4604	-2.18849e-05	-6.16892e-05	2
71.4895	20.3536	1.23587e-05	-5.04567e-05	2
71.2356	21.2446	4.97005e-05	-3.79908e-05	2
70.9754	22.1332	9.00772e-05	-2.43223e-05	2
70.7093	23.0196	0.000133425	-9.48194e-06	2
70.4372	23.9039	0.000179682	6.4994e-06	2
70.1594	24.7859	0.000228783	2.35909e-05	2
69.8793	25.6558	0.000280054	4.1547e-05	2
69.5907	26.5337	0.000334623	6.07546e-05	2
69.2968	27.4095	0.000391848	8.09803e-05	2
68.9979	28.2834	0.000451666	0.000102193	2
68.694	29.1554	0.000514011	0.000124363	2
68.3855	30.0254	0.000578822	0.000147458	2
68.0724	30.8936	0.000646035	0.000171448	2
67.755	31.7599	0.000715586	0.000196302	2
67.4333	32.6245	0.000787413	0.00022199	2
67.1076	33.4874	0.000861451	0.00024848	2
66.778	34.3486	0.000937638	0.000275741	2
66.4447	35.2081	0.00101591	0.000303744	2
66.1079	36.066	0.0010962	0.000332456	2
65.7677	36.9224	0.00117845	0.000361848	2
65.4243	37.7773	0.0012626	0.000391888	2
65.0779	38.6306	0.00134858	0.000422546	2
64.7286	39.4826	0.00143633	0.00045379	2
64.3766	40.3332	0.00152578	0.000485591	2
64.0221	41.1824	0.00161687	0.000517916	2
63.6653	42.0303	0.00170954	0.000550736	2
63.3062	42.877	0.00180372	0.00058402	2
62.9451	43.7224	0.00189936	0.000617737	2
62.5822	44.5667	0.00199638	0.000651855	2
62.2217	45.4001	0.0020936	0.000685946	2
61.8556	46.2422	0.00219319	0.000720772	2
61.4881	47.0832	0.00229399	0.000755908	2
61.1194	47.9232	0.00239591	0.000791323	2
60.7498	48.7622	0.00249892	0.000826987	2
60.3792	49.6004	0.00260293	0.000862867	2
60.008	50.4376	0.00270788	0.000898935	2
59.6363	51.2741	0.00281372	0.000935158	2
59.2642	52.1097	0.00292037	0.000971506	2
58.892	52.9446	0.00302778	0.00100795	2
58.5197	53.7788	0.00313588	0.00104446	2
58.1476	54.6123	0.00324461	0.00108099	2
57.7758	55.4452	0.0033539	0.00111753	2
57.4046	56.2775	0.0034637	0.00115405	2
57.034	57.1093	0.00357393	0.0011905	2
56.6642	57.9406	0.00368454	0.00122686	2
56.2954	58.7715	0.00379546	0.0012631	2
55.9278	59.6019	0.00390663	0.00129918	2
55.5616	60.432	0.00401798	0.00133509	2
55.1968	61.2618	0.00412945	0.00137078	2
54.8337	62.0913	0.00424098	0.00140623	2
54.4725	62.9205	0.0043525	0.0014414	2
54.1133	63.7496	0.00446396	0.00147626	2
53.7562	64.5785	0.00457528	0.00151079	2
53.4056	65.3978	0.00468514	0.00154455	2
53.0533	66.2265	0.00479601	0.00157832	2
52.7038	67.0552	0.00490656	0.00161166	2
52.3571	67.884	0.00501672	0.00164453	2
52.0134	68.7128	0.00512644	0.00167692	2
51.6729	69.5417	0.00523565	0.00170878	2
51.3358	70.3708	0.00534428	0.00174009	2
51.0022	71.2001	0.00545227	0.00177082	2
50.6723	72.0296	0.00555956	0.00180093	2
50.3462	72.8593	0.00566608	0.0018304	2
50.0242	73.6894	0.00577177	0.0018592	2
49.7063	74.5199	0.00587658	0.00188728	2
49.3928	75.3508	0.00598042	0.00191463	2
49.0839	76.1821	0.00608325	0.00194122	2
48.7796	77.0139	0.006185	0.001967	2
48.4802	77.8462	0.0062856	0.00199195	2
48.1859	78.6792	0.00638499	0.00201604	2
47.8967	79.5127	0.00648311	0.00203925	2
47.613	80.3469	0.00657989	0.00206153	2
47.3347	81.1818	0.00667528	0.00208285	2
47.0622	82.0175	0.0067692	0.0021032	2
46.7955	82.854	0.0068616	0.00212252	2
46.5349	83.6912	0.0069524	0.00214081	2
46.2834	84.5198	0.00704054	0.00215782	2
46.0353	85.3588	0.007128	0.00217393	2
45.7938	86.1989	0.00721368	0.00218891	2
45.559	87.0399	0.00729752	0.00220272	2

125.001	2.01256	1.76599e-07	1.99108e-08	2
125.065	3.08512	1.64286e-05	6.12747e-07	2
125.149	4.15553	3.49849e-05	-1.01915e-06	2
125.253	5.21139	5.56292e-05	-4.86493e-06	2
125.375	6.24095	7.80495e-05	-1.08123e-05	2
125.517	7.2683	0.000102728	-1.8969e-05	2
125.678	8.28151	0.000129376	-2.92477e-05	2
125.857	9.28075	0.000157955	-4.16177e-05	2
126.054	10.2661	0.000188423	-5.60482e-05	2
126.27	11.2378	0.000220743	-7.25084e-05	2
126.503	12.196	0.000254874	-9.09676e-05	2
126.753	13.1407	0.000290776	-0.000111395	2
127.021	14.0722	0.00032841	-0.00013376	2
127.305	14.9905	0.000367737	-0.000158032	2
127.606	15.8959	0.000408717	-0.000184179	2
127.924	16.7885	0.000451309	-0.000212172	2
128.257	17.6683	0.000495476	-0.000241979	2
128.607	18.5356	0.000541176	-0.00027357	2
128.972	19.3905	0.000588371	-0.000306914	2
129.353	20.2331	0.00063702	-0.000341981	2
129.748	21.0637	0.000687085	-0.000378738	2
130.159	21.8822	0.000738525	-0.000417157	2
130.584	22.6889	0.000791301	-0.000457205	2
131.024	23.484	0.000845373	-0.000498853	2
131.477	24.2675	0.000900702	-0.000542069	2
131.945	25.0396	0.000957249	-0.000586823	2
132.42	25.7917	0.0010143	-0.000632544	2
132.914	26.5416	0.00107315	-0.000680264	2
133.422	27.2805	0.0011331	-0.00072943	2
133.942	28.0085	0.00119411	-0.000780011	2
134.475	28.7259	0.00125613	-0.000831977	2
135.02	29.4328	0.00131914	-0.000885296	2
135.577	30.1292	0.00138308	-0.000939937	2
136.146	30.8154	0.00144793	-0.000995871	2
136.726	31.4915	0.00151364	-0.00105307	2
137.318	32.1576	0.00158017	-0.00111149	2
137.921	32.8139	0.00164748	-0.00117112	2
138.534	33.4606	0.00171554	-0.00123191	2
139.159	34.0977	0.00178429	-0.00129385	2
139.793	34.7254	0.00185371	-0.00135689	2
140.437	35.3438	0.00192376	-0.001421	2
141.092	35.9532	0.00199438	-0.00148617	2
141.755	36.5536	0.00206556	-0.00155235	2
142.428	37.1452	0.00213723	-0.00161951	2
143.11	37.7281	0.00220937	-0.00168763	2
143.801	38.3025	0.00228194	-0.00175667	2
144.5	38.8685	0.00235489	-0.0018266	2
145.207	39.4263	0.00242819	-0.00189739	2
145.923	39.976	0.0025018	-0.00196902	2
146.638	40.5115	0.00257482	-0.00204061	2
147.368	41.0455	0.00264892	-0.00211379	2
148.106	41.5719	0.0027232	-0.00218772	2
148.85	42.0907	0.00279764	-0.00226235	2
149.602	42.6021	0.00287218	-0.00233766	2
150.359	43.1063	0.00294679	-0.00241361	2
151.123	43.6034	0.00302144	-0.00249019	2
151.893	44.0935	0.00309607	-0.00256734	2
152.669	44.5769	0.00317066	-0.00264506	2
153.45	45.0536	0.00324515	-0.00272329	2
154.236	45.5237	0.00331952	-0.00280202	2
155.027	45.9875	0.00339371	-0.00288121	2
155.823	46.4451	0.0034677	-0.00296083	2
156.623	46.8966	0.00354145	-0.00304086	2
157.427	47.3421	0.0036149	-0.00312125	2
158.235	47.7818	0.00368803	-0.00320198	2
159.047	48.2159	0.0037608	-0.00328302	2
159.862	48.6445	0.00383315	-0.00336434	2
160.68	49.0677	0.00390507	-0.0034459	2
161.502	49.4856	0.00397649	-0.00352768	2
162.325	49.8985	0.00404739	-0.00360965	2
163.152	50.3065	0.00411773	-0.00369177	2
163.98	50.7096	0.00418747	-0.00377402	2
164.81	51.1081	0.00425656	-0.00385635	2
165.632	51.4976	0.00432418	-0.00393781	2
166.465	51.8873	0.00439188	-0.00402024	2
167.299	52.2727	0.00445881	-0.00410267	2
168.134	52.6541	0.00452494	-0.00418507	2
168.969	53.0316	0.00459023	-0.00426742	2
169.805	53.4052	0.00465464	-0.00434967	2
170.641	53.7752	0.00471813	-0.0044318	2
171.476	54.1417	0.00478065	-0.00451378	2
172.312	54.5049	0.00484218	-0.00459557	2
173.146	54.8648	0.00490267	-0.00467715	2
173.98	55.2216	0.00496208	-0.00475849	2
174.812	55.5756	0.00502038	-0.00483955	2
175.643	55.9267	0.00507751	-0.0049203	2
176.472	56.2752	0.00513345	-0.00500072	2
177.299	56.6212	0.00518815	-0.00508077	2
178.124	56.9648	0.00524158	-0.00516042	2
178.946	57.3062	0.00529368	-0.00523964	2
179.766	57.6456	0.00534443	-0.0053184	2
180.582	57.983	0.00539379	-0.00539667	2
181.396	58.3187	0.00544171	-0.00547442	2
182.206	58.6527	0.00548816	-0.00555162	2
183.012	58.9853	0.00553309	-0.00562823	2
183.814	59.3164	0.00557647	-0.00570423	2
184.602	59.6426	0.00561778	-0.00577872	2
185.395	59.9715	0.00565795	-0.00585341	2
186.184	60.2995	0.00569645	-0.00592739	2
186.967	60.6268	0.00573324	-0.00600064	2

