-125	2.01147	-2.86699e-07	2.48941e-07	2
-125.003	2.9931	-2.44235e-05	2.07424e-05	2
-125.041	3.97686	-4.7814e-05	3.96601e-05	2
-125.111	4.9514	-7.01977e-05	5.67947e-05	2
-125.213	5.9058	-9.13607e-05	7.20206e-05	2
-125.347	6.86239	-0.000111821	8.57329e-05	2
-125.512	7.81015	-0.000131354	9.77862e-05	2
-125.706	8.74921	-0.000149986	0.000108222	2
-125.93	9.67969	-0.000167742	0.000117082	2
-126.182	10.6017	-0.000184651	0.000124408	2
-126.462	11.5154	-0.000200737	0.000130241	2
-126.768	12.421	-0.000216028	0.000134623	2
-127.1	13.3184	-0.00023055	0.000137596	2
-127.457	14.208	-0.000244329	0.0001392	2
-127.838	15.0897	-0.000257392	0.000139478	2
-128.243	15.9638	-0.000269766	0.000138471	2
-128.67	16.8303	-0.000281476	0.00013622	2
-129.119	17.6894	-0.000292549	0.000132768	2
-129.59	18.5413	-0.000303011	0.000128155	2
-130.08	19.3859	-0.000312889	0.000122424	2
-130.59	20.2236	-0.00032221	0.000115615	2
-131.118	21.0543	-0.000331	0.000107771	2
-131.664	21.8783	-0.000339285	9.89329e-05	2
-132.227	22.6956	-0.000347091	8.91421e-05	2
-132.807	23.5064	-0.000354446	7.84405e-05	2
-133.401	24.3108	-0.000361375	6.68694e-05	2
-134.003	25.0999	-0.000367833	5.46175e-05	2
-134.626	25.892	-0.000373994	4.14411e-05	2
-135.262	26.6781	-0.00037981	2.75195e-05	2
-135.909	27.4584	-0.000385305	1.28942e-05	2
-136.568	28.2329	-0.000390506	-2.39315e-06	2
-137.238	29.0018	-0.000395441	-1.83011e-05	2
-137.917	29.7652	-0.000400135	-3.4788e-05	2
-138.606	30.5233	-0.000404614	-5.18123e-05	2
-139.302	31.2761	-0.000408906	-6.93325e-05	2
-140.005	32.0239	-0.000413036	-8.73071e-05	2
-140.716	32.7666	-0.000417031	-0.000105694	2
-141.431	33.5046	-0.000420918	-0.000124453	2
-142.152	34.2378	-0.000424722	-0.000143541	2
-142.876	34.9664	-0.000428471	-0.000162917	2
-143.604	35.6906	-0.00043219	-0.00018254	2
-144.334	36.4105	-0.000435907	-0.000202368	2
-145.066	37.1262	-0.000439647	-0.000222359	2
-145.799	37.8378	-0.000443437	-0.000242473	2
-146.532	38.5455	-0.000447304	-0.000262666	2
-147.264	39.2493	-0.000451274	-0.000282898	2
-147.994	39.9495	-0.000455373	-0.000303128	2
-148.722	40.6462	-0.000459627	-0.000323313	2
-149.446	41.3394	-0.000464064	-0.000343412	2
-150.158	42.0214	-0.000468655	-0.000363155	2
-150.874	42.7082	-0.000473533	-0.00038296	2
-151.584	43.392	-0.000478672	-0.000402555	2
-152.288	44.0728	-0.000484098	-0.000421898	2
-152.984	44.7509	-0.000489839	-0.000440949	2
-153.673	45.4264	-0.00049592	-0.000459664	2
-154.352	46.0993	-0.000502368	-0.000478003	2
-155.022	46.7698	-0.000509209	-0.000495924	2
-155.681	47.438	-0.00051647	-0.000513386	2
-156.329	48.1042	-0.000524177	-0.000530347	2
-156.965	48.7683	-0.000532357	-0.000546765	2
-157.588	49.4305	-0.000541036	-0.000562599	2
-158.197	50.091	-0.000550241	-0.000577808	2
-158.792	50.7499	-0.000559998	-0.000592349	2
-159.371	51.4073	-0.000570332	-0.000606182	2
-159.934	52.0634	-0.000581272	-0.000619264	2
-160.48	52.7182	-0.000592843	-0.000631555	2
-161.009	53.3719	-0.000605072	-0.000643012	2
-161.518	54.0246	-0.000617984	-0.000653594	2
-162.009	54.6765	-0.000631607	-0.00066326	2
-162.479	55.3276	-0.000645968	-0.000671968	2
-162.928	55.9782	-0.000661091	-0.000679676	2
-163.356	56.6283	-0.000677005	-0.000686342	2
-163.76	57.2781	-0.000693734	-0.000691926	2
-164.137	57.9203	-0.0007111	-0.000696342	2
-164.495	58.5698	-0.000729531	-0.000699649	2
-164.827	59.2194	-0.000748858	-0.00070175	2
-165.134	59.8691	-0.000769107	-0.000702602	2
-165.413	60.5192	-0.000790303	-0.000702164	2
-165.666	61.1697	-0.000812474	-0.000700395	2
-165.89	61.8208	-0.000835646	-0.000697252	2
-166.085	62.4726	-0.000859846	-0.000692695	2
-166.25	63.1252	-0.000885099	-0.000686681	2
-166.384	63.7788	-0.000911433	-0.00067917	2
-166.487	64.4335	-0.000938873	-0.000670119	2
-166.558	65.0894	-0.000967447	-0.000659488	2
-166.595	65.7466	-0.00099718	-0.000647234	2
-166.599	66.4053	-0.0010281	-0.000633316	2
-166.568	67.0656	-0.00106023	-0.000617692	2
-166.501	67.7276	-0.0010936	-0.000600321	2
-166.398	68.3915	-0.00112824	-0.000581162	2
-166.258	69.0574	-0.00116416	-0.000560172	2
-166.079	69.7254	-0.00120141	-0.00053731	2
-165.862	70.3957	-0.00124	-0.000512535	2
-165.606	71.0683	-0.00127996	-0.000485806	2
-165.309	71.7435	-0.00132132	-0.000457079	2
-164.97	72.4212	-0.0013641	-0.000426315	2
-164.595	73.0939	-0.00140782	-0.000393861	2
-164.172	73.7773	-0.00145351	-0.00035892	2
-163.706	74.4637	-0.00150071	-0.000321818	2
-163.195	75.1533	-0.00154943	-0.000282511	2

-75.0037	2.0126	-3.97999e-07	4.14722e-07	2
-75.3297	3.08509	-3.43185e-05	3.53936e-05	2
-75.6804	4.14812	-6.80247e-05	6.9411e-05	2
-76.0519	5.18945	-0.000101133	0.000102074	2
-76.439	6.19785	-0.000133287	0.000133052	2
-76.8504	7.19713	-0.000165249	0.000163087	2
-77.2812	8.1758	-0.000196656	0.000191832	2
-77.7312	9.13425	-0.000227522	0.00021931	2
-78.1999	10.0728	-0.000257863	0.000245541	2
-78.6868	10.9919	-0.000287692	0.000270549	2
-79.1916	11.8918	-0.000317023	0.000294354	2
-79.714	12.773	-0.000345872	0.000316978	2
-80.2534	13.6358	-0.000374252	0.000338443	2
-80.8096	14.4805	-0.000402178	0.000358771	2
-81.382	15.3076	-0.000429664	0.000377983	2
-81.9703	16.1173	-0.000456725	0.000396102	2
-82.5742	16.9102	-0.000483375	0.000413148	2
-83.1931	17.6864	-0.000509629	0.000429144	2
-83.8268	18.4465	-0.000535501	0.000444112	2
-84.4748	19.1907	-0.000561005	0.000458072	2
-85.1367	19.9195	-0.000586155	0.000471047	2
-85.8121	20.6331	-0.000610967	0.000483059	2
-86.5006	21.3321	-0.000635455	0.000494129	2
-87.2018	22.0166	-0.000659632	0.000504279	2
-87.9153	22.6872	-0.000683514	0.000513531	2
-88.6408	23.3441	-0.000707115	0.000521907	2
-89.3693	23.9804	-0.000730182	0.000529345	2
-90.1172	24.6113	-0.000753266	0.000536042	2
-90.8759	25.2297	-0.000776112	0.000541928	2
-91.645	25.8358	-0.000798735	0.000547023	2
-92.424	26.4302	-0.000821148	0.00055135	2
-93.2125	27.0132	-0.000843366	0.000554931	2
-94.0101	27.585	-0.000865403	0.000557787	2
-94.8165	28.1462	-0.000887274	0.00055994	2
-95.6312	28.697	-0.000908994	0.000561412	2
-96.4539	29.2378	-0.000930576	0.000562225	2
-97.2841	29.7691	-0.000952036	0.0005624	2
-98.1214	30.291	-0.000973387	0.000561958	2
-98.9655	30.8042	-0.000994643	0.000560923	2
-99.816	31.3088	-0.00101582	0.000559314	2
-100.672	31.8053	-0.00103693	0.000557155	2
-101.534	32.294	-0.00105799	0.000554467	2
-102.401	32.7752	-0.00107902	0.000551272	2
-103.273	33.2495	-0.00110002	0.00054759	2
-104.149	33.7171	-0.00112101	0.000543445	2
-105.03	34.1784	-0.00114202	0.000538858	2
-105.913	34.6337	-0.00116304	0.00053385	2
-106.8	35.0834	-0.0011841	0.000528443	2
-107.69	35.528	-0.0012052	0.00052266	2
-108.571	35.9627	-0.00122613	0.000516593	2
-109.465	36.398	-0.00124738	0.000510125	2
-110.361	36.8291	-0.00126873	0.000503344	2
-111.258	37.2566	-0.00129018	0.000496273	2
-112.155	37.6806	-0.00131175	0.000488933	2
-113.053	38.1016	-0.00133346	0.000481346	2
-113.951	38.52	-0.00135532	0.000473534	2
-114.848	38.9361	-0.00137734	0.000465519	2
-115.745	39.3503	-0.00139954	0.000457322	2
-116.64	39.763	-0.00142194	0.000448965	2
-117.534	40.1745	-0.00144455	0.00044047	2
-118.425	40.5851	-0.00146737	0.000431858	2
-119.315	40.9954	-0.00149044	0.000423151	2
-120.201	41.4055	-0.00151376	0.000414372	2
-121.085	41.8159	-0.00153734	0.000405541	2
-121.964	42.227	-0.0015612	0.00039668	2
-122.84	42.6391	-0.00158536	0.000387812	2
-123.711	43.0526	-0.00160983	0.000378958	2
-124.578	43.4678	-0.00163462	0.000370139	2
-125.439	43.8852	-0.00165974	0.000361377	2
-126.294	44.305	-0.00168522	0.000352694	2
-127.144	44.7278	-0.00171107	0.000344113	2
-127.987	45.1537	-0.0017373	0.000335653	2
-128.824	45.5832	-0.00176392	0.000327338	2
-129.644	46.0117	-0.00179064	0.000319282	2
-130.465	46.4494	-0.0018181	0.000311318	2
-131.279	46.8918	-0.00184599	0.000303564	2
-132.085	47.3393	-0.00187433	0.00029604	2
-132.881	47.7922	-0.00190314	0.000288769	2
-133.669	48.2508	-0.00193244	0.000281773	2
-134.447	48.7156	-0.00196223	0.000275072	2
-135.214	49.187	-0.00199253	0.000268689	2
-135.972	49.6652	-0.00202335	0.000262646	2
-136.719	50.1506	-0.00205472	0.000256964	2
-137.454	50.6437	-0.00208663	0.000251665	2
-138.178	51.1448	-0.00211912	0.000246771	2
-138.89	51.6542	-0.00215219	0.000242304	2
-139.59	52.1723	-0.00218586	0.000238284	2
-140.277	52.6995	-0.00222013	0.000234734	2
-140.95	53.2362	-0.00225504	0.000231677	2
-141.611	53.7826	-0.00229058	0.000229132	2
-142.257	54.3393	-0.00232678	0.000227123	2
-142.889	54.9065	-0.00236365	0.00022567	2
-143.506	55.4846	-0.0024012	0.000224796	2
-144.108	56.074	-0.00243945	0.000224522	2
-144.694	56.675	-0.00247841	0.000224871	2
-145.264	57.2881	-0.00251809	0.000225863	2
-145.812	57.9063	-0.00255805	0.000227497	2
-146.35	58.5443	-0.00259923	0.000229834	2
-146.87	59.1955	-0.00264117	0.000232879	2
-147.373	59.8601	-0.0026839	0.000236655	2

-25.0033	2.01092	-7.11687e-07	2.13956e-07	2
-25.2806	2.94974	-5.9891e-05	1.86698e-05	2
-25.5556	3.89951	-0.00011572	3.74514e-05	2
-25.8251	4.84932	-0.000167541	5.63435e-05	2
-26.0861	5.78823	-0.000214883	7.5126e-05	2
-26.3447	6.73808	-0.0002589	9.42345e-05	2
-26.5979	7.68793	-0.000299073	0.00011345	2
-26.8458	8.63777	-0.000335459	0.000132771	2
-27.0884	9.58761	-0.000368112	0.000152197	2
-27.3257	10.5374	-0.000397088	0.000171727	2
-27.5578	11.4872	-0.00042244	0.000191358	2
-27.7847	12.4369	-0.000444224	0.000211091	2
-28.0065	13.3866	-0.000462496	0.000230924	2
-28.2233	14.3362	-0.000477309	0.000250855	2
-28.435	15.2858	-0.00048872	0.000270884	2
-28.6417	16.2353	-0.000496782	0.000291009	2
-28.8435	17.1847	-0.000501552	0.000311229	2
-29.0404	18.134	-0.000503083	0.000331543	2
-29.2325	19.0832	-0.000501432	0.000351949	2
-29.4198	20.0323	-0.000496653	0.000372448	2
-29.6024	20.9812	-0.000488801	0.000393036	2
-29.7802	21.9301	-0.00047793	0.000413714	2
-29.9534	22.8788	-0.000464097	0.000434479	2
-30.122	23.8273	-0.000447356	0.000455331	2
-30.286	24.7757	-0.000427761	0.000476269	2
-30.4455	25.7239	-0.000405369	0.000497291	2
-30.5988	26.661	-0.000380538	0.000518154	2
-30.7495	27.6089	-0.000352745	0.00053934	2
-30.8958	28.5566	-0.000322318	0.000560607	2
-31.0378	29.504	-0.000289313	0.000581954	2
-31.1754	30.4513	-0.000253784	0.000603379	2
-31.3089	31.3983	-0.000215786	0.000624881	2
-31.4382	32.3451	-0.000175374	0.000646459	2
-31.5633	33.2916	-0.000132604	0.000668112	2
-31.6843	34.2379	-8.75298e-05	0.000689839	2
-31.8013	35.184	-4.0207e-05	0.000711638	2
-31.9142	36.1297	9.30967e-06	0.000733508	2
-32.0233	37.0752	6.09651e-05	0.000755449	2
-32.1284	38.0205	0.000114704	0.000777458	2
-32.2296	38.9654	0.000170472	0.000799535	2
-32.327	39.91	0.000228214	0.000821678	2
-32.4207	40.8543	0.000287875	0.000843887	2
-32.5106	41.7983	0.000349399	0.000866159	2
-32.5968	42.7419	0.000412733	0.000888495	2
-32.6795	43.6852	0.00047782	0.000910892	2
-32.7585	44.6282	0.000544606	0.00093335	2
-32.834	45.5708	0.000613036	0.000955867	2
-32.906	46.513	0.000683055	0.000978442	2
-32.9745	47.4549	0.000754608	0.00100107	2
-33.039	48.3856	0.000826792	0.0010235	2
-33.1008	49.3267	0.000901231	0.00104624	2
-33.1593	50.2673	0.00097704	0.00106904	2
-33.2146	51.2076	0.00105416	0.00109188	2
-33.2667	52.1475	0.00113255	0.00111478	2
-33.3156	53.0869	0.00121213	0.00113773	2
-33.3613	54.0259	0.00129287	0.00116073	2
-33.404	54.9644	0.0013747	0.00118377	2
-33.4437	55.9025	0.00145758	0.00120686	2
-33.4804	56.8401	0.00154143	0.00122999	2
-33.5141	57.7772	0.00162622	0.00125317	2
-33.545	58.7139	0.00171188	0.00127639	2
-33.573	59.65	0.00179836	0.00129966	2
-33.5982	60.5857	0.0018856	0.00132296	2
-33.6207	61.5208	0.00197356	0.0013463	2
-33.6405	62.4554	0.00206217	0.00136968	2
-33.6576	63.3895	0.00215138	0.0013931	2
-33.6721	64.3231	0.00224113	0.00141655	2
-33.684	65.2561	0.00233137	0.00144004	2
-33.6935	66.1885	0.00242205	0.00146355	2
-33.7004	67.1204	0.00251311	0.00148711	2
-33.705	68.0517	0.00260449	0.00151069	2
-33.7071	68.9824	0.00269614	0.0015343	2
-33.7069	69.9126	0.00278801	0.00155794	2
-33.7045	70.8314	0.00287898	0.00158133	2
-33.6998	71.7603	0.00297111	0.00160502	2
-33.693	72.6886	0.00306329	0.00162874	2
-33.6839	73.6163	0.00315547	0.00165248	2
-33.6728	74.5433	0.00324758	0.00167624	2
-33.6596	75.4697	0.00333959	0.00170003	2
-33.6445	76.3954	0.00343142	0.00172383	2
-33.6273	77.3205	0.00352303	0.00174765	2
-33.6083	78.2449	0.00361435	0.00177149	2
-33.5874	79.1686	0.00370535	0.00179535	2
-33.5646	80.0916	0.00379595	0.00181922	2
-33.5401	81.0139	0.00388611	0.00184311	2
-33.5139	81.9355	0.00397577	0.001867	2
-33.486	82.8563	0.00406488	0.00189091	2
-33.4564	83.7765	0.00415338	0.00191483	2
-33.4253	84.6959	0.00424121	0.00193876	2
-33.3926	85.6145	0.00432832	0.0019627	2
-33.3584	86.5324	0.00441466	0.00198665	2
-33.3228	87.4496	0.00450017	0.0020106	2
-33.2857	88.3659	0.00458479	0.00203455	2
-33.2473	89.2815	0.00466848	0.00205851	2
-33.2076	90.1963	0.00475117	0.00208247	2
-33.1667	91.1103	0.00483281	0.00210643	2
-33.125	92.013	0.00491243	0.00213011	2
-33.0816	92.9253	0.00499182	0.00215407	2
-33.0372	93.8369	0.00507	0.00217803	2
-32.9916	94.7476	0.00514691	0.00220198	2

25.0001	2.01293	-4.44392e-07	1.79541e-07	2
25.0184	3.11415	-3.74766e-05	1.47254e-05	2
25.0649	4.20622	-7.25805e-05	2.76617e-05	2
25.1392	5.27649	-0.000105351	3.88404e-05	2
25.2395	6.31328	-0.00013549	4.81941e-05	2
25.3678	7.34095	-0.000163738	5.59717e-05	2
25.5226	8.34758	-0.000189769	6.2086e-05	2
25.7035	9.33344	-0.000213623	6.65688e-05	2
25.9102	10.2988	-0.00023534	6.94516e-05	2
26.1421	11.2439	-0.000254959	7.0766e-05	2
26.399	12.1689	-0.000272519	7.05436e-05	2
26.6805	13.0743	-0.000288058	6.8816e-05	2
26.986	13.9601	-0.000301617	6.56148e-05	2
27.3153	14.8267	-0.000313235	6.09715e-05	2
27.6679	15.6744	-0.000322951	5.49178e-05	2
28.0434	16.5033	-0.000330804	4.74852e-05	2
28.4414	17.3138	-0.000336833	3.87054e-05	2
28.8615	18.1062	-0.000341078	2.86099e-05	2
29.3033	18.8805	-0.000343578	1.72304e-05	2
29.7664	19.6372	-0.000344372	4.59836e-06	2
30.2504	20.3765	-0.000343499	-9.25455e-06	2
30.755	21.0986	-0.000340999	-2.42968e-05	2
31.2796	21.8039	-0.000336911	-4.04967e-05	2
31.8238	22.4925	-0.000331273	-5.78227e-05	2
32.3874	23.1647	-0.000324127	-7.62432e-05	2
32.9699	23.8208	-0.00031551	-9.57267e-05	2
33.5638	24.4537	-0.000305585	-0.000116	2
34.1826	25.0785	-0.00029416	-0.000137503	2
34.8191	25.688	-0.000281383	-0.000159975	2
35.4729	26.2823	-0.000267292	-0.000183383	2
36.1435	26.8618	-0.000251926	-0.000207697	2
36.8306	27.4268	-0.000235324	-0.000232885	2
37.5338	27.9774	-0.000217527	-0.000258915	2
38.2526	28.514	-0.000198573	-0.000285755	2
38.9867	29.0368	-0.000178501	-0.000313375	2
39.7357	29.546	-0.00015735	-0.000341741	2
40.4991	30.042	-0.000135161	-0.000370824	2
41.2766	30.5249	-0.000111971	-0.000400591	2
42.0677	30.9951	-8.78213e-05	-0.00043101	2
42.8721	31.4528	-6.27499e-05	-0.00046205	2
43.6893	31.8982	-3.67963e-05	-0.00049368	2
44.519	32.3316	-9.99975e-06	-0.000525867	2
45.3607	32.7533	1.76004e-05	-0.000558581	2
46.214	33.1636	4.5965e-05	-0.000591789	2
47.0786	33.5626	7.50548e-05	-0.000625461	2
47.954	33.9507	0.000104831	-0.000659563	2
48.8398	34.328	0.000135253	-0.000694066	2
49.7356	34.695	0.000166283	-0.000728937	2
50.6411	35.0517	0.000197881	-0.000764144	2
51.5453	35.3947	0.000229636	-0.000799247	2
52.4687	35.732	0.000262247	-0.00083503	2
53.4005	36.0598	0.000295309	-0.000871056	2
54.3403	36.3786	0.000328783	-0.000907292	2
55.2878	36.6884	0.000362629	-0.000943707	2
56.2425	36.9897	0.000396809	-0.00098027	2
57.204	37.2825	0.000431282	-0.00101695	2
58.1718	37.5673	0.00046601	-0.00105371	2
59.1457	37.8442	0.000500953	-0.00109053	2
60.1252	38.1135	0.000536073	-0.00112736	2
61.1099	38.3754	0.00057133	-0.00116419	2
62.0994	38.6303	0.000606684	-0.00120097	2
63.0932	38.8784	0.000642097	-0.00123768	2
64.0911	39.1199	0.000677529	-0.00127429	2
65.0925	39.3551	0.000712941	-0.00131076	2
66.0971	39.5843	0.000748293	-0.00134706	2
67.1045	39.8076	0.000783547	-0.00138316	2
68.1143	40.0255	0.000818664	-0.00141902	2
69.126	40.2381	0.000853603	-0.00145463	2
70.1393	40.4457	0.000888326	-0.00148994	2
71.1538	40.6485	0.000922794	-0.00152492	2
72.169	40.8468	0.000956966	-0.00155955	2
73.1846	41.0409	0.000990805	-0.00159378	2
74.2002	41.2311	0.00102427	-0.0016276	2
75.2037	41.4154	0.00105695	-0.00166058	2
76.2179	41.5984	0.00108955	-0.00169346	2
77.231	41.7782	0.00112167	-0.00172583	2
78.2424	41.955	0.00115326	-0.00175765	2
79.2517	42.1292	0.00118427	-0.00178889	2
80.2586	42.3009	0.00121468	-0.00181953	2
81.2626	42.4705	0.00124444	-0.00184952	2
82.2634	42.6382	0.00127352	-0.00187883	2
83.2605	42.8042	0.00130187	-0.00190744	2
84.2536	42.9688	0.00132945	-0.00193532	2
85.2421	43.1323	0.00135623	-0.00196242	2
86.2258	43.295	0.00138216	-0.00198873	2
87.2043	43.457	0.00140722	-0.0020142	2
88.177	43.6186	0.00143135	-0.00203881	2
89.1437	43.7802	0.00145452	-0.00206253	2
90.1039	43.9419	0.00147668	-0.00208532	2
91.0572	44.104	0.00149781	-0.00210715	2
92.0032	44.2669	0.00151786	-0.00212799	2
92.9416	44.4306	0.00153679	-0.00214782	2
93.8718	44.5956	0.00155456	-0.00216658	2
94.7935	44.762	0.00157114	-0.00218427	2
95.7064	44.9301	0.00158648	-0.00220084	2
96.6099	45.1002	0.00160054	-0.00221626	2
97.4935	45.2705	0.00161315	-0.00223035	2
98.3774	45.4453	0.00162456	-0.00224339	2
99.2507	45.6228	0.00163458	-0.0022552	2
100.113	45.8033	0.00164317	-0.00226573	2

74.9932	2.01223	-5.66348e-07	2.35901e-07	2
74.4224	3.0598	-4.86323e-05	2.01868e-05	2
73.8789	4.11063	-9.59791e-05	3.96975e-05	2
73.3691	5.15248	-0.000142054	5.85396e-05	2
72.8979	6.17356	-0.000186364	7.65153e-05	2
72.4541	7.1976	-0.000229951	9.40503e-05	2
72.0427	8.21269	-0.000272309	0.000110939	2
71.6636	9.21884	-0.000313451	0.000127189	2
71.3162	10.2161	-0.00035339	0.000142808	2
71.0002	11.2043	-0.00039214	0.000157803	2
70.7152	12.1837	-0.000429717	0.000172182	2
70.4608	13.1542	-0.000466132	0.000185953	2
70.2365	14.1157	-0.000501401	0.000199122	2
70.0421	15.0684	-0.000535537	0.000211697	2
69.8771	16.0121	-0.000568554	0.000223687	2
69.7412	16.947	-0.000600466	0.000235097	2
69.6338	17.873	-0.000631287	0.000245937	2
69.5548	18.7901	-0.000661031	0.000256213	2
69.5035	19.6983	-0.000689711	0.000265932	2
69.4797	20.5977	-0.000717342	0.000275103	2
69.483	21.4883	-0.000743937	0.000283733	2
69.513	22.37	-0.00076951	0.000291829	2
69.5692	23.2428	-0.000794076	0.000299399	2
69.6513	24.1069	-0.000817648	0.00030645	2
69.759	24.9621	-0.00084024	0.00031299	2
69.8917	25.8085	-0.000861866	0.000319026	2
70.0472	26.6365	-0.000882307	0.000324505	2
70.2287	27.4654	-0.000902053	0.000329562	2
70.4341	28.2854	-0.000920875	0.000334137	2
70.663	29.0967	-0.000938786	0.000338239	2
70.9152	29.8993	-0.0009558	0.000341875	2
71.19	30.693	-0.000971931	0.000345051	2
71.4872	31.478	-0.000987193	0.000347777	2
71.8064	32.2542	-0.0010016	0.000350059	2
72.1472	33.0216	-0.00101517	0.000351904	2
72.5092	33.7804	-0.00102791	0.00035332	2
72.8919	34.5303	-0.00103983	0.000354316	2
73.2951	35.2716	-0.00105096	0.000354897	2
73.7183	36.0041	-0.0010613	0.000355072	2
74.1611	36.7279	-0.00107087	0.000354848	2
74.6231	37.443	-0.00107968	0.000354233	2
75.1039	38.1493	-0.00108774	0.000353235	2
75.6032	38.847	-0.00109508	0.000351859	2
76.1206	39.536	-0.0011017	0.000350115	2
76.6556	40.2163	-0.00110762	0.00034801	2
77.2079	40.8879	-0.00111285	0.000345551	2
77.777	41.5509	-0.0011174	0.000342746	2
78.3626	42.2052	-0.0011213	0.000339601	2
78.9643	42.8508	-0.00112455	0.000336126	2
79.5746	43.4805	-0.00112714	0.000332372	2
80.2071	44.109	-0.00112914	0.00032826	2
80.8546	44.7288	-0.00113054	0.000323839	2
81.5165	45.34	-0.00113135	0.000319116	2
82.1927	45.9425	-0.00113158	0.0003141	2
82.8825	46.5365	-0.00113125	0.000308797	2
83.5857	47.1218	-0.00113036	0.000303216	2
84.3019	47.6986	-0.00112894	0.000297362	2
85.0306	48.2667	-0.001127	0.000291245	2
85.7715	48.8263	-0.00112456	0.000284872	2
86.5242	49.3772	-0.00112161	0.00027825	2
87.2882	49.9196	-0.00111819	0.000271386	2
88.0633	50.4535	-0.00111431	0.000264288	2
88.8489	50.9788	-0.00110996	0.000256964	2
89.6448	51.4955	-0.00110519	0.000249421	2
90.4505	52.0037	-0.00109998	0.000241666	2
91.2656	52.5033	-0.00109437	0.000233708	2
92.0898	52.9944	-0.00108836	0.000225553	2
92.9226	53.477	-0.00108197	0.000217209	2
93.7636	53.9511	-0.0010752	0.000208684	2
94.6125	54.4167	-0.00106809	0.000199984	2
95.4689	54.8737	-0.00106063	0.000191119	2
96.3323	55.3223	-0.00105284	0.000182094	2
97.2025	55.7623	-0.00104475	0.000172918	2
98.0688	56.189	-0.00103645	0.000163706	2
98.951	56.6122	-0.00102777	0.000154251	2
99.8388	57.027	-0.00101881	0.000144667	2
100.732	57.4333	-0.0010096	0.000134961	2
101.629	57.8311	-0.00100015	0.000125142	2
102.531	58.2205	-0.000990467	0.000115216	2
103.437	58.6014	-0.000980567	0.00010519	2
104.346	58.9739	-0.000970465	9.50738e-05	2
105.259	59.338	-0.000960174	8.4873e-05	2
106.174	59.6937	-0.000949709	7.45957e-05	2
107.092	60.0409	-0.000939083	6.42494e-05	2
108.012	60.3798	-0.000928311	5.38415e-05	2
108.933	60.7102	-0.000917406	4.33795e-05	2
109.855	61.0323	-0.000906382	3.2871e-05	2
110.779	61.3459	-0.000895252	2.23234e-05	2
111.702	61.6512	-0.000884032	1.17443e-05	2
112.626	61.9482	-0.000872735	1.14108e-06	2
113.55	62.2367	-0.000861374	-9.47868e-06	2
114.472	62.5169	-0.000849963	-2.01075e-05	2
115.393	62.7888	-0.000838518	-3.07379e-05	2
116.313	63.0523	-0.00082705	-4.13623e-05	2
117.231	63.3074	-0.000815575	-5.19734e-05	2
118.147	63.5543	-0.000804106	-6.25635e-05	2
119.049	63.7901	-0.000792788	-7.30039e-05	2
119.959	64.0204	-0.000781373	-8.35301e-05	2
120.865	64.2424	-0.000770005	-9.4013e-05	2
121.768	64.4561	-0.000758699	-0.000104445	2

124.997	2.00992	-5.56713e-09	-7.6052e-08	2
124.736	2.86675	-1.41309e-06	-6.74565e-06	2
124.466	3.74158	-4.68134e-06	-1.37444e-05	2
124.192	4.62421	-9.76865e-06	-2.0984e-05	2
123.916	5.50407	-1.65499e-05	-2.83651e-05	2
123.632	6.40131	-2.51472e-05	-3.60472e-05	2
123.345	7.30548	-3.54556e-05	-4.39334e-05	2
123.054	8.21626	-4.7439e-05	-5.20116e-05	2
122.76	9.13336	-6.10614e-05	-6.02693e-05	2
122.463	10.0565	-7.62867e-05	-6.86943e-05	2
122.163	10.9854	-9.30786e-05	-7.72744e-05	2
121.862	11.9197	-0.000111401	-8.59973e-05	2
121.559	12.8591	-0.000131218	-9.48507e-05	2
121.255	13.8035	-0.000152494	-0.000103822	2
120.949	14.7523	-0.000175192	-0.0001129	2
120.644	15.7055	-0.000199276	-0.000122071	2
120.338	16.6626	-0.00022471	-0.000131324	2
120.032	17.6234	-0.000251458	-0.000140646	2
119.727	18.5875	-0.000279485	-0.000150024	2
119.423	19.5548	-0.000308752	-0.000159447	2
119.121	20.5248	-0.000339226	-0.000168903	2
118.82	21.4974	-0.000370869	-0.000178378	2
118.521	22.4721	-0.000403646	-0.000187862	2
118.225	23.4488	-0.00043752	-0.00019734	2
117.931	24.4271	-0.000472455	-0.000206802	2
117.641	25.4067	-0.000508416	-0.000216235	2
117.358	26.376	-0.000544935	-0.000225519	2
117.076	27.3574	-0.000582827	-0.000234858	2
116.797	28.3392	-0.000621636	-0.00024413	2
116.524	29.3211	-0.000661326	-0.000253325	2
116.256	30.3029	-0.000701861	-0.00026243	2
115.993	31.2843	-0.000743205	-0.000271431	2
115.736	32.2649	-0.000785322	-0.000280318	2
115.486	33.2445	-0.000828176	-0.000289078	2
115.242	34.2228	-0.000871731	-0.000297698	2
115.005	35.1995	-0.00091595	-0.000306167	2
114.776	36.1742	-0.000960797	-0.000314472	2
114.554	37.1468	-0.00100624	-0.0003226	2
114.341	38.1168	-0.00105223	-0.00033054	2
114.136	39.0841	-0.00109875	-0.000338279	2
113.94	40.0482	-0.00114575	-0.000345805	2
113.753	41.009	-0.0011932	-0.000353106	2
113.576	41.9661	-0.00124106	-0.000360169	2
113.409	42.9193	-0.00128929	-0.000366982	2
113.252	43.8682	-0.00133787	-0.000373533	2
113.107	44.8125	-0.00138675	-0.00037981	2
112.972	45.7519	-0.00143589	-0.000385799	2
112.849	46.6863	-0.00148527	-0.00039149	2
112.738	47.6151	-0.00153484	-0.00039687	2
112.64	48.5277	-0.001584	-0.000401869	2
112.554	49.4449	-0.00163385	-0.000406593	2
112.481	50.3557	-0.00168379	-0.000410969	2
112.421	51.26	-0.00173378	-0.000414985	2
112.375	52.1573	-0.00178379	-0.000418628	2
112.344	53.0474	-0.00183378	-0.000421887	2
112.327	53.9301	-0.00188371	-0.000424748	2
112.325	54.8049	-0.00193354	-0.0004272	2
112.338	55.6717	-0.00198325	-0.000429231	2
112.367	56.53	-0.00203279	-0.000430827	2
112.412	57.3797	-0.00208213	-0.000431977	2
112.473	58.2205	-0.00213123	-0.000432669	2
112.552	59.0519	-0.00218005	-0.00043289	2
112.647	59.8739	-0.00222857	-0.000432629	2
112.761	60.6859	-0.00227674	-0.000431871	2
112.892	61.4878	-0.00232453	-0.000430607	2
113.041	62.2793	-0.0023719	-0.000428822	2
113.21	63.06	-0.00241882	-0.000426505	2
113.397	63.8298	-0.00246525	-0.000423644	2
113.604	64.5881	-0.00251115	-0.000420227	2
113.831	65.3349	-0.00255648	-0.00041624	2
114.078	66.0698	-0.00260122	-0.000411672	2
114.345	66.7924	-0.00264533	-0.000406511	2
114.634	67.5026	-0.00268876	-0.000400744	2
114.94	68.192	-0.002731	-0.000394435	2
115.272	68.8764	-0.00277299	-0.000387427	2
115.625	69.5475	-0.0028142	-0.000379777	2
116.002	70.2048	-0.0028546	-0.000371471	2
116.401	70.8482	-0.00289415	-0.000362499	2
116.823	71.4774	-0.00293281	-0.000352847	2
117.269	72.092	-0.00297054	-0.000342504	2
117.739	72.6917	-0.00300732	-0.000331457	2
118.233	73.2763	-0.0030431	-0.000319694	2
118.752	73.8454	-0.00307785	-0.000307202	2
119.297	74.3989	-0.00311153	-0.00029397	2
119.867	74.9363	-0.00314411	-0.000279985	2
120.462	75.4573	-0.00317555	-0.000265235	2
121.084	75.9618	-0.00320581	-0.000249707	2
121.733	76.4493	-0.00323486	-0.000233389	2
122.409	76.9197	-0.00326266	-0.00021627	2
123.112	77.3725	-0.00328918	-0.000198336	2
123.843	77.8076	-0.00331438	-0.000179575	2
124.602	78.2245	-0.00333822	-0.000159976	2
125.39	78.6231	-0.00336067	-0.000139525	2
126.206	79.003	-0.00338169	-0.000118211	2
127.052	79.364	-0.00340124	-9.60219e-05	2
127.928	79.7056	-0.0034193	-7.29442e-05	2
128.823	80.0242	-0.00343563	-4.92472e-05	2
129.759	80.3267	-0.00345059	-2.43673e-05	2
130.725	80.609	-0.00346395	1.43715e-06	2
131.723	80.8709	-0.00347566	2.81786e-05	2

