-125.006	2.0119	-6.20181e-07	9.81441e-08	2
-125.478	3.03139	-5.31719e-05	8.45891e-06	2
-125.925	4.05471	-0.000104769	1.67547e-05	2
-126.341	5.06994	-0.000154811	2.48843e-05	2
-126.723	6.06557	-0.000202764	3.27542e-05	2
-127.079	7.06474	-0.000249764	4.05444e-05	2
-127.405	8.05583	-0.000295259	4.81593e-05	2
-127.701	9.03885	-0.00033927	5.5596e-05	2
-127.968	10.0138	-0.000381812	6.28513e-05	2
-128.207	10.9807	-0.000422905	6.99222e-05	2
-128.417	11.9395	-0.000462566	7.68057e-05	2
-128.6	12.8902	-0.000500812	8.34987e-05	2
-128.754	13.8328	-0.000537662	8.99983e-05	2
-128.881	14.7674	-0.000573134	9.63012e-05	2
-128.982	15.6939	-0.000607244	0.000102405	2
-129.055	16.6124	-0.000640011	0.000108305	2
-129.103	17.5228	-0.000671453	0.000114	2
-129.125	18.4251	-0.000701587	0.000119487	2
-129.121	19.3193	-0.000730432	0.000124761	2
-129.092	20.2055	-0.000758004	0.000129821	2
-129.038	21.0837	-0.000784323	0.000134663	2
-128.96	21.9537	-0.000809405	0.000139284	2
-128.857	22.8157	-0.000833268	0.000143682	2
-128.732	23.6697	-0.000855931	0.000147852	2
-128.582	24.5156	-0.00087741	0.000151792	2
-128.41	25.3534	-0.000897725	0.000155499	2
-128.217	26.1737	-0.000916678	0.000158932	2
-128	26.9955	-0.000934728	0.000162166	2
-127.761	27.8093	-0.000951666	0.000165159	2
-127.501	28.615	-0.00096751	0.000167906	2
-127.219	29.4127	-0.000982278	0.000170405	2
-126.917	30.2023	-0.000995987	0.000172653	2
-126.594	30.9839	-0.00100865	0.000174647	2
-126.251	31.7574	-0.0010203	0.000176383	2
-125.888	32.5229	-0.00103094	0.000177858	2
-125.506	33.2803	-0.00104059	0.000179071	2
-125.105	34.0297	-0.00104927	0.000180017	2
-124.685	34.771	-0.001057	0.000180693	2
-124.247	35.5043	-0.0010638	0.000181097	2
-123.791	36.2296	-0.00106968	0.000181225	2
-123.317	36.9468	-0.00107466	0.000181074	2
-122.826	37.656	-0.00107876	0.000180642	2
-122.318	38.3571	-0.001082	0.000179925	2
-121.794	39.0502	-0.00108439	0.000178921	2
-121.253	39.7353	-0.00108596	0.000177625	2
-120.697	40.4123	-0.00108672	0.000176036	2
-120.125	41.0813	-0.00108668	0.000174149	2
-119.538	41.7423	-0.00108587	0.000171963	2
-118.936	42.3952	-0.0010843	0.000169474	2
-118.328	43.0327	-0.00108203	0.000166713	2
-117.698	43.6697	-0.00107901	0.000163612	2
-117.054	44.2987	-0.00107529	0.000160199	2
-116.398	44.9196	-0.00107089	0.000156471	2
-115.728	45.5324	-0.00106582	0.000152425	2
-115.046	46.1373	-0.00106009	0.000148058	2
-114.351	46.7341	-0.00105374	0.000143366	2
-113.645	47.323	-0.00104677	0.000138347	2
-112.927	47.9038	-0.00103921	0.000132998	2
-112.198	48.4765	-0.00103106	0.000127315	2
-111.459	49.0413	-0.00102236	0.000121296	2
-110.709	49.598	-0.00101311	0.000114938	2
-109.949	50.1467	-0.00100334	0.000108237	2
-109.179	50.6874	-0.000993063	0.000101191	2
-108.4	51.2201	-0.000982294	9.37954e-05	2
-107.612	51.7448	-0.000971054	8.60487e-05	2
-106.815	52.2614	-0.00095936	7.79474e-05	2
-106.01	52.7701	-0.00094723	6.94883e-05	2
-105.197	53.2707	-0.000934681	6.06685e-05	2
-104.377	53.7634	-0.000921732	5.14848e-05	2
-103.549	54.248	-0.0009084	4.19344e-05	2
-102.715	54.7246	-0.000894704	3.2014e-05	2
-101.874	55.1932	-0.00088066	2.17207e-05	2
-101.027	55.6538	-0.000866286	1.10515e-05	2
-100.185	56.1012	-0.000851772	1.32404e-07	2
-99.3267	56.5459	-0.000836796	-1.12935e-05	2
-98.4638	56.9826	-0.000821544	-2.31044e-05	2
-97.5962	57.4113	-0.000806034	-3.53035e-05	2
-96.7243	57.8319	-0.000790284	-4.78936e-05	2
-95.8485	58.2446	-0.00077431	-6.0878e-05	2
-94.9691	58.6493	-0.000758131	-7.42596e-05	2
-94.0864	59.046	-0.000741765	-8.80415e-05	2
-93.201	59.4347	-0.00072523	-0.000102227	2
-92.313	59.8154	-0.000708543	-0.000116818	2
-91.4229	60.1881	-0.000691722	-0.000131819	2
-90.531	60.5528	-0.000674785	-0.000147232	2
-89.6376	60.9095	-0.00065775	-0.000163061	2
-88.7433	61.2582	-0.000640634	-0.000179309	2
-87.8482	61.5989	-0.000623456	-0.000195977	2
-86.9528	61.9317	-0.000606232	-0.000213071	2
-86.0574	62.2565	-0.000588982	-0.000230592	2
-85.1623	62.5732	-0.000571722	-0.000248544	2
-84.2681	62.882	-0.000554471	-0.00026693	2
-83.3749	63.1828	-0.000537245	-0.000285752	2
-82.4831	63.4757	-0.000520064	-0.000305014	2
-81.5932	63.7605	-0.000502945	-0.000324719	2
-80.7055	64.0374	-0.000485905	-0.00034487	2
-79.8305	64.3032	-0.000469157	-0.000365231	2
-78.9481	64.5642	-0.000452329	-0.000386277	2
-78.069	64.8172	-0.000435633	-0.000407779	2
-77.1936	65.0623	-0.000419088	-0.000429738	2

-75.0031	2.01021	9.1083e-08	-2.33573e-07	2
-75.2671	2.89189	6.84962e-06	-2.00261e-05	2
-75.5359	3.79159	1.15536e-05	-3.94595e-05	2
-75.8061	4.69879	1.41548e-05	-5.83054e-05	2
-76.0742	5.60264	1.47018e-05	-7.63625e-05	2
-76.3463	6.52386	1.32497e-05	-9.40558e-05	2
-76.6189	7.45169	9.82342e-06	-0.000111177	2
-76.8917	8.38582	4.46606e-06	-0.000127732	2
-77.1644	9.32594	-2.77942e-06	-0.000143726	2
-77.4367	10.2718	-1.187e-05	-0.000159164	2
-77.7083	11.223	-2.27627e-05	-0.000174051	2
-77.9788	12.1793	-3.54144e-05	-0.000188393	2
-78.248	13.1404	-4.97823e-05	-0.000202195	2
-78.5156	14.106	-6.58232e-05	-0.000215461	2
-78.7813	15.0758	-8.34941e-05	-0.000228198	2
-79.0447	16.0494	-0.000102752	-0.000240411	2
-79.3056	17.0267	-0.000123554	-0.000252104	2
-79.5637	18.0072	-0.000145857	-0.000263283	2
-79.8186	18.9907	-0.000169618	-0.000273954	2
-80.07	19.9769	-0.000194794	-0.000284121	2
-80.3177	20.9655	-0.000221342	-0.000293791	2
-80.5614	21.9561	-0.000249219	-0.000302967	2
-80.8007	22.9485	-0.000278382	-0.000311656	2
-81.0353	23.9424	-0.000308788	-0.000319863	2
-81.265	24.9375	-0.000340394	-0.000327592	2
-81.4893	25.9334	-0.000373157	-0.00033485	2
-81.7057	26.9184	-0.000406638	-0.000341565	2
-81.9186	27.9152	-0.000441574	-0.0003479	2
-82.1254	28.9119	-0.000477538	-0.000353779	2
-82.3258	29.9083	-0.000514488	-0.000359208	2
-82.5193	30.904	-0.000552379	-0.00036419	2
-82.7058	31.8988	-0.000591171	-0.000368732	2
-82.8848	32.8924	-0.000630818	-0.00037284	2
-83.0561	33.8844	-0.000671279	-0.000376517	2
-83.2195	34.8746	-0.00071251	-0.00037977	2
-83.3745	35.8627	-0.000754469	-0.000382604	2
-83.5209	36.8483	-0.000797112	-0.000385023	2
-83.6584	37.8311	-0.000840396	-0.000387034	2
-83.7867	38.8109	-0.000884279	-0.000388642	2
-83.9055	39.7873	-0.000928717	-0.000389851	2
-84.0144	40.7601	-0.000973667	-0.000390667	2
-84.1132	41.7289	-0.00101909	-0.000391095	2
-84.2016	42.6935	-0.00106493	-0.000391141	2
-84.2792	43.6535	-0.00111116	-0.00039081	2
-84.3458	44.6087	-0.00115773	-0.000390107	2
-84.401	45.5586	-0.0012046	-0.000389037	2
-84.4446	46.5032	-0.00125172	-0.000387606	2
-84.4763	47.4419	-0.00129905	-0.000385819	2
-84.4956	48.3746	-0.00134655	-0.000383681	2
-84.5024	49.2903	-0.00139363	-0.000381227	2
-84.4965	50.21	-0.00144133	-0.000378407	2
-84.4774	51.1228	-0.00148908	-0.000375252	2
-84.4449	52.0282	-0.00153682	-0.000371766	2
-84.3986	52.9261	-0.00158452	-0.000367956	2
-84.3382	53.8162	-0.00163213	-0.000363827	2
-84.2634	54.698	-0.0016796	-0.000359383	2
-84.1739	55.5714	-0.0017269	-0.000354631	2
-84.0695	56.436	-0.00177398	-0.000349575	2
-83.9497	57.2915	-0.0018208	-0.000344221	2
-83.8144	58.1376	-0.00186732	-0.000338573	2
-83.6631	58.974	-0.00191348	-0.000332638	2
-83.4957	59.8005	-0.00195926	-0.00032642	2
-83.3117	60.6166	-0.00200461	-0.000319925	2
-83.1109	61.4222	-0.00204947	-0.000313158	2
-82.893	62.2169	-0.00209382	-0.000306124	2
-82.6577	63.0004	-0.00213761	-0.000298828	2
-82.4047	63.7723	-0.00218079	-0.000291277	2
-82.1336	64.5325	-0.00222332	-0.000283474	2
-81.8442	65.2806	-0.00226516	-0.000275426	2
-81.5361	66.0163	-0.00230627	-0.000267137	2
-81.2091	66.7392	-0.00234659	-0.000258612	2
-80.8629	67.4492	-0.0023861	-0.000249858	2
-80.4971	68.1459	-0.00242474	-0.00024088	2
-80.1161	68.8212	-0.00246205	-0.000231788	2
-79.7105	69.4905	-0.00249885	-0.000222378	2
-79.2845	70.1456	-0.00253466	-0.000212759	2
-78.8377	70.7861	-0.00256943	-0.000202937	2
-78.3699	71.4119	-0.00260313	-0.000192915	2
-77.8807	72.0226	-0.0026357	-0.000182701	2
-77.3698	72.6178	-0.00266711	-0.000172299	2
-76.837	73.1973	-0.00269731	-0.000161714	2
-76.2818	73.7608	-0.00272626	-0.000150951	2
-75.7041	74.308	-0.00275392	-0.000140017	2
-75.1035	74.8386	-0.00278024	-0.000128915	2
-74.4797	75.3522	-0.00280518	-0.000117652	2
-73.8324	75.8486	-0.0028287	-0.000106233	2
-73.1613	76.3275	-0.00285076	-9.46622e-05	2
-72.4661	76.7885	-0.00287131	-8.29458e-05	2
-71.7465	77.2314	-0.0028903	-7.10888e-05	2
-71.0022	77.6559	-0.0029077	-5.90964e-05	2
-70.2329	78.0617	-0.00292347	-4.6974e-05	2
-69.4383	78.4484	-0.00293755	-3.47267e-05	2
-68.618	78.8157	-0.00294991	-2.23599e-05	2
-67.7718	79.1635	-0.00296051	-9.87879e-06	2
-66.8994	79.4912	-0.00296929	2.71135e-06	2
-66.0004	79.7988	-0.00297623	1.54053e-05	2
-65.0854	80.0826	-0.00298122	2.80501e-05	2
-64.1328	80.349	-0.00298434	4.09347e-05	2
-63.1527	80.5942	-0.00298548	5.39074e-05	2
-62.1449	80.818	-0.0029846	6.69629e-05	2

-24.9994	2.01099	-1.91448e-07	2.37496e-07	2
-24.9626	2.95349	-1.63902e-05	1.97495e-05	2
-24.9606	3.90117	-3.22527e-05	3.76788e-05	2
-24.9933	4.84308	-4.76024e-05	5.38276e-05	2
-25.0589	5.76855	-6.22864e-05	6.80796e-05	2
-25.158	6.69915	-7.6661e-05	8.08057e-05	2
-25.2893	7.62413	-9.05676e-05	9.18698e-05	2
-25.4518	8.54355	-0.000104021	0.000101312	2
-25.6447	9.45746	-0.000117037	0.000109171	2
-25.8672	10.3659	-0.00012963	0.000115487	2
-26.1185	11.2689	-0.000141815	0.0001203	2
-26.3976	12.1666	-0.000153607	0.00012365	2
-26.7037	13.059	-0.00016502	0.000125576	2
-27.036	13.9461	-0.000176071	0.000126117	2
-27.3936	14.8279	-0.000186774	0.000125314	2
-27.7758	15.7047	-0.000197144	0.000123206	2
-28.1815	16.5763	-0.000207196	0.000119834	2
-28.61	17.4428	-0.000216945	0.000115235	2
-29.0605	18.3044	-0.000226406	0.000109451	2
-29.532	19.1609	-0.000235594	0.000102521	2
-30.0238	20.0126	-0.000244524	9.44844e-05	2
-30.535	20.8594	-0.000253212	8.53811e-05	2
-31.0647	21.7014	-0.000261671	7.52508e-05	2
-31.6121	22.5387	-0.000269917	6.41331e-05	2
-32.1763	23.3712	-0.000277965	5.20678e-05	2
-32.7565	24.1991	-0.00028583	3.90944e-05	2
-33.3449	25.0129	-0.000293439	2.54167e-05	2
-33.9544	25.8317	-0.000300985	1.07557e-05	2
-34.5773	26.6459	-0.000308393	-4.69459e-06	2
-35.2128	27.4557	-0.000315677	-2.08946e-05	2
-35.8601	28.2611	-0.000322853	-3.78047e-05	2
-36.5183	29.0621	-0.000329936	-5.53851e-05	2
-37.1865	29.8589	-0.000336941	-7.35962e-05	2
-37.8639	30.6513	-0.000343882	-9.23983e-05	2
-38.5497	31.4396	-0.000350776	-0.000111752	2
-39.243	32.2237	-0.000357636	-0.000131617	2
-39.943	33.0037	-0.000364478	-0.000151954	2
-40.6488	33.7797	-0.000371317	-0.000172723	2
-41.3595	34.5516	-0.000378167	-0.000193885	2
-42.0743	35.3196	-0.000385044	-0.000215399	2
-42.7924	36.0837	-0.000391964	-0.000237227	2
-43.5129	36.8439	-0.000398939	-0.000259328	2
-44.235	37.6004	-0.000405987	-0.000281664	2
-44.9578	38.353	-0.000413122	-0.000304193	2
-45.6804	39.102	-0.000420358	-0.000326877	2
-46.4021	39.8473	-0.000427711	-0.000349675	2
-47.1219	40.589	-0.000435195	-0.000372549	2
-47.8391	41.3272	-0.000442827	-0.000395458	2
-48.5527	42.0619	-0.00045062	-0.000418363	2
-49.2538	42.7847	-0.000458497	-0.000440962	2
-49.9578	43.5126	-0.000466657	-0.00046374	2
-50.6558	44.2371	-0.000475023	-0.000486396	2
-51.3469	44.9583	-0.000483611	-0.000508889	2
-52.0302	45.6762	-0.000492435	-0.00053118	2
-52.7049	46.391	-0.000501511	-0.000553229	2
-53.3701	47.1026	-0.000510853	-0.000574997	2
-54.0251	47.8111	-0.000520477	-0.000596443	2
-54.6688	48.5165	-0.000530397	-0.000617528	2
-55.3005	49.219	-0.000540629	-0.000638213	2
-55.9194	49.9185	-0.000551188	-0.000658457	2
-56.5246	50.6151	-0.000562088	-0.000678221	2
-57.1152	51.3088	-0.000573345	-0.000697466	2
-57.6903	51.9998	-0.000584973	-0.000716151	2
-58.2493	52.688	-0.000596987	-0.000734238	2
-58.7911	53.3735	-0.000609404	-0.000751685	2
-59.3149	54.0564	-0.000622237	-0.000768455	2
-59.82	54.7367	-0.000635501	-0.000784506	2
-60.3054	55.4144	-0.000649212	-0.000799799	2
-60.7703	56.0896	-0.000663384	-0.000814295	2
-61.2138	56.7624	-0.000678033	-0.000827954	2
-61.6352	57.4328	-0.000693174	-0.000840736	2
-62.0335	58.1009	-0.000708821	-0.000852601	2
-62.4078	58.7666	-0.000724989	-0.00086351	2
-62.7536	59.4225	-0.000741499	-0.000873316	2
-63.0779	60.0838	-0.000758749	-0.000882206	2
-63.3758	60.743	-0.000776566	-0.000890021	2
-63.6464	61.4001	-0.000794963	-0.000896722	2
-63.8889	62.0552	-0.000813958	-0.000902268	2
-64.1024	62.7082	-0.000833563	-0.000906621	2
-64.286	63.3594	-0.000853795	-0.00090974	2
-64.439	64.0086	-0.000874668	-0.000911587	2
-64.5604	64.656	-0.000896197	-0.00091212	2
-64.6494	65.3016	-0.000918398	-0.000911301	2
-64.7053	65.9454	-0.000941285	-0.000909089	2
-64.727	66.5876	-0.000964873	-0.000905446	2
-64.7138	67.2281	-0.000989178	-0.000900331	2
-64.6648	67.867	-0.00101421	-0.000893704	2
-64.5792	68.5044	-0.00104	-0.000885527	2
-64.4561	69.1403	-0.00106654	-0.000875759	2
-64.2947	69.7748	-0.00109386	-0.000864361	2
-64.0941	70.4079	-0.00112197	-0.000851293	2
-63.8535	71.0396	-0.00115089	-0.000836515	2
-63.572	71.67	-0.00118063	-0.000819988	2
-63.2488	72.2992	-0.0012112	-0.000801671	2
-62.883	72.9272	-0.00124263	-0.000781526	2
-62.4738	73.5541	-0.00127492	-0.000759513	2
-62.0258	74.1727	-0.00130771	-0.000735877	2
-61.5278	74.7975	-0.00134177	-0.000710031	2
-60.9837	75.4213	-0.00137674	-0.000682197	2
-60.3929	76.0441	-0.00141264	-0.000652336	2

24.9973	2.01186	-5.36472e-07	3.37281e-07	2
24.7498	3.02227	-4.61257e-05	2.86257e-05	2
24.4768	4.02524	-9.11595e-05	5.58129e-05	2
24.1815	5.00926	-0.000135124	8.15821e-05	2
23.868	5.96365	-0.000177555	0.000105682	2
23.5296	6.91092	-0.000219463	0.000128692	2
23.1702	7.8402	-0.000260369	0.000150346	2
22.7902	8.75182	-0.000300299	0.000170664	2
22.39	9.64609	-0.000339274	0.000189666	2
21.9701	10.5233	-0.000377318	0.000207373	2
21.5309	11.3839	-0.000414454	0.000223806	2
21.0728	12.2281	-0.000450705	0.000238985	2
20.5964	13.0562	-0.000486093	0.000252931	2
20.1019	13.8687	-0.000520642	0.000265664	2
19.5899	14.6657	-0.000554374	0.000277205	2
19.0608	15.4477	-0.000587314	0.000287574	2
18.5151	16.2149	-0.000619483	0.000296792	2
17.9531	16.9677	-0.000650905	0.000304879	2
17.3752	17.7064	-0.000681602	0.000311856	2
16.782	18.4313	-0.000711598	0.000317744	2
16.1739	19.1428	-0.000740916	0.000322562	2
15.5512	19.8412	-0.000769579	0.000326333	2
14.9145	20.5268	-0.000797609	0.000329075	2
14.2642	21.1999	-0.00082503	0.00033081	2
13.6006	21.8608	-0.000851865	0.000331559	2
12.9243	22.51	-0.000878137	0.000331341	2
12.2436	23.1403	-0.000903575	0.000330196	2
11.5432	23.7669	-0.000928795	0.000328118	2
10.8313	24.3827	-0.00095352	0.000325135	2
10.1084	24.9879	-0.000977774	0.000321267	2
9.3749	25.5829	-0.00100158	0.000316536	2
8.63122	26.168	-0.00102496	0.000310962	2
7.87782	26.7436	-0.00104794	0.000304565	2
7.11513	27.31	-0.00107053	0.000297366	2
6.34357	27.8674	-0.00109278	0.000289386	2
5.5636	28.4163	-0.00111468	0.000280644	2
4.77563	28.9569	-0.00113628	0.000271162	2
3.98011	29.4896	-0.00115759	0.00026096	2
3.17746	30.0147	-0.00117864	0.000250059	2
2.36814	30.5325	-0.00119944	0.000238479	2
1.55256	31.0434	-0.00122002	0.00022624	2
0.731164	31.5476	-0.00124041	0.000213364	2
-0.0956122	32.0455	-0.00126063	0.000199871	2
-0.927335	32.5374	-0.0012807	0.000185781	2
-1.76357	33.0237	-0.00130064	0.000171115	2
-2.60388	33.5047	-0.00132048	0.000155894	2
-3.44784	33.9806	-0.00134023	0.000140137	2
-4.295	34.4519	-0.00135993	0.000123866	2
-5.14494	34.9188	-0.0013796	0.000107101	2
-5.98741	35.3764	-0.00139903	9.00638e-05	2
-6.84157	35.8356	-0.00141869	7.23779e-05	2
-7.6972	36.2914	-0.00143839	5.42594e-05	2
-8.55387	36.7442	-0.00145815	3.5729e-05	2
-9.41115	37.1942	-0.00147798	1.68072e-05	2
-10.2686	37.6418	-0.00149792	-2.48548e-06	2
-11.1258	38.0874	-0.00151799	-2.21285e-05	2
-11.9823	38.5311	-0.0015382	-4.21012e-05	2
-12.8376	38.9734	-0.00155859	-6.23832e-05	2
-13.6914	39.4147	-0.00157917	-8.29539e-05	2
-14.5432	39.8551	-0.00159998	-0.000103793	2
-15.3925	40.2951	-0.00162102	-0.000124879	2
-16.239	40.7349	-0.00164232	-0.000146193	2
-17.0822	41.1749	-0.00166392	-0.000167712	2
-17.9216	41.6154	-0.00168582	-0.000189418	2
-18.7568	42.0568	-0.00170806	-0.00021129	2
-19.5875	42.4993	-0.00173065	-0.000233306	2
-20.4131	42.9433	-0.00175363	-0.000255446	2
-21.2332	43.3891	-0.001777	-0.00027769	2
-22.0474	43.8371	-0.0018008	-0.000300018	2
-22.8552	44.2875	-0.00182505	-0.000322408	2
-23.6563	44.7407	-0.00184977	-0.00034484	2
-24.4501	45.197	-0.00187499	-0.000367294	2
-25.2363	45.6567	-0.00190072	-0.000389748	2
-26.0055	46.1149	-0.00192668	-0.000411926	2
-26.7752	46.5824	-0.00195351	-0.000434322	2
-27.5359	47.0543	-0.00198093	-0.000456657	2
-28.2872	47.531	-0.00200895	-0.000478912	2
-29.0287	48.0127	-0.00203761	-0.000501065	2
-29.76	48.4998	-0.00206692	-0.000523096	2
-30.4806	48.9926	-0.0020969	-0.000544984	2
-31.19	49.4914	-0.00212759	-0.00056671	2
-31.8879	49.9966	-0.00215901	-0.000588251	2
-32.5738	50.5085	-0.00219117	-0.000609589	2
-33.2472	51.0273	-0.0022241	-0.000630702	2
-33.9078	51.5535	-0.00225782	-0.000651569	2
-34.5551	52.0873	-0.00229236	-0.000672171	2
-35.1886	52.6291	-0.00232774	-0.000692486	2
-35.808	53.1793	-0.00236398	-0.000712494	2
-36.4128	53.738	-0.00240111	-0.000732175	2
-37.0026	54.3057	-0.00243914	-0.000751508	2
-37.5768	54.8827	-0.00247811	-0.000770472	2
-38.1352	55.4692	-0.00251803	-0.000789048	2
-38.6772	56.0657	-0.00255892	-0.000807213	2
-39.2024	56.6725	-0.00260082	-0.000824948	2
-39.7105	57.2898	-0.00264374	-0.000842233	2
-40.2009	57.918	-0.0026877	-0.000859046	2
-40.6678	58.55	-0.00273221	-0.000875183	2
-41.1218	59.2009	-0.00277833	-0.000890998	2
-41.5569	59.8636	-0.00282555	-0.00090628	2
-41.9726	60.5385	-0.00287392	-0.000921009	2

74.9981	2.01071	-6.74346e-07	-1.29607e-08	2
74.8343	2.93149	-5.63748e-05	-6.172e-07	2
74.6658	3.86197	-0.000108153	-2.12791e-07	2
74.4946	4.79146	-0.0001554	1.1966e-06	2
74.3227	5.7093	-0.000197714	3.56122e-06	2
74.1462	6.63683	-0.000236144	6.9196e-06	2
73.9671	7.56339	-0.000270238	1.12332e-05	2
73.7856	8.48898	-0.000300061	1.64855e-05	2
73.6017	9.41362	-0.000325679	2.26598e-05	2
73.4155	10.3373	-0.000347156	2.97395e-05	2
73.227	11.26	-0.000364559	3.7708e-05	2
73.0364	12.1818	-0.000377953	4.65485e-05	2
72.8436	13.1027	-0.000387402	5.62445e-05	2
72.6488	14.0227	-0.000392973	6.67794e-05	2
72.452	14.9417	-0.00039473	7.81365e-05	2
72.2533	15.8598	-0.000392739	9.02993e-05	2
72.0527	16.777	-0.000387065	0.000103251	2
71.8504	17.6933	-0.000377774	0.000116975	2
71.6464	18.6088	-0.000364931	0.000131455	2
71.4408	19.5233	-0.000348601	0.000146673	2
71.2337	20.437	-0.00032885	0.000162615	2
71.025	21.3498	-0.000305743	0.000179261	2
70.8149	22.2618	-0.000279345	0.000196598	2
70.6035	23.1729	-0.000249722	0.000214606	2
70.3908	24.0831	-0.000216939	0.000233271	2
70.177	24.9925	-0.000181061	0.000252575	2
69.9644	25.8907	-0.000142617	0.000272269	2
69.7484	26.7984	-0.00010078	0.000292794	2
69.5313	27.7054	-5.60426e-05	0.00031391	2
69.3133	28.6115	-8.47138e-06	0.000335598	2
69.0945	29.5168	4.18686e-05	0.000357842	2
68.8749	30.4214	9.49119e-05	0.000380626	2
68.6545	31.3251	0.000150593	0.000403934	2
68.4336	32.2281	0.000208847	0.000427747	2
68.212	33.1303	0.000269609	0.000452051	2
67.99	34.0317	0.000332813	0.000476827	2
67.7675	34.9324	0.000398393	0.00050206	2
67.5447	35.8323	0.000466285	0.000527733	2
67.3216	36.7314	0.000536422	0.000553829	2
67.0982	37.6298	0.000608741	0.000580332	2
66.8747	38.5275	0.000683174	0.000607225	2
66.6512	39.4245	0.000759658	0.000634491	2
66.4276	40.3207	0.000838127	0.000662114	2
66.2041	41.2163	0.000918515	0.000690077	2
65.9807	42.1111	0.00100076	0.000718363	2
65.7575	43.0052	0.00108479	0.000746957	2
65.5346	43.8986	0.00117054	0.00077584	2
65.312	44.7914	0.00125795	0.000804997	2
65.0899	45.6835	0.00134696	0.000834411	2
64.8707	46.5646	0.00143644	0.000863723	2
64.6496	47.4554	0.00152842	0.000893599	2
64.4291	48.3455	0.00162179	0.000923681	2
64.2093	49.2349	0.0017165	0.000953955	2
63.9902	50.1238	0.00181247	0.000984402	2
63.772	51.0119	0.00190965	0.00101501	2
63.5547	51.8995	0.00200796	0.00104575	2
63.3383	52.7864	0.00210734	0.00107662	2
63.123	53.6727	0.00220773	0.0011076	2
62.9088	54.5584	0.00230905	0.00113867	2
62.6958	55.4435	0.00241125	0.00116981	2
62.4841	56.3281	0.00251427	0.00120101	2
62.2736	57.212	0.00261802	0.00123225	2
62.0646	58.0954	0.00272245	0.00126351	2
61.857	58.9781	0.0028275	0.00129478	2
61.651	59.8604	0.0029331	0.00132605	2
61.4466	60.742	0.00303917	0.00135729	2
61.2438	61.6232	0.00314567	0.00138848	2
61.0428	62.5037	0.00325252	0.00141962	2
60.8436	63.3838	0.00335965	0.00145068	2
60.6463	64.2633	0.003467	0.00148165	2
60.451	65.1423	0.00357451	0.00151251	2
60.2576	66.0208	0.00368212	0.00154324	2
60.0664	66.8987	0.00378974	0.00157384	2
59.8795	67.7661	0.00389609	0.00160392	2
59.6926	68.6431	0.00400358	0.00163418	2
59.5081	69.5196	0.00411089	0.00166425	2
59.3259	70.3956	0.00421797	0.00169411	2
59.1462	71.2712	0.00432474	0.00172375	2
58.969	72.1463	0.00443115	0.00175314	2
58.7944	73.0209	0.00453713	0.00178228	2
58.6224	73.8951	0.00464261	0.00181114	2
58.4532	74.7688	0.00474754	0.00183971	2
58.2868	75.6421	0.00485183	0.00186797	2
58.1232	76.515	0.00495543	0.00189591	2
57.9626	77.3875	0.00505827	0.0019235	2
57.805	78.2595	0.00516029	0.00195074	2
57.6504	79.1311	0.00526142	0.0019776	2
57.499	80.0023	0.0053616	0.00200407	2
57.3509	80.8732	0.00546076	0.00203013	2
57.206	81.7436	0.00555883	0.00205577	2
57.0645	82.6137	0.00565575	0.00208097	2
56.9264	83.4834	0.00575146	0.00210571	2
56.7918	84.3527	0.00584588	0.00212997	2
56.6608	85.2217	0.00593896	0.00215375	2
56.5334	86.0903	0.00603063	0.00217702	2
56.4097	86.9586	0.00612082	0.00219976	2
56.2912	87.8166	0.00620846	0.00222171	2
56.1751	88.6842	0.00629552	0.00224336	2
56.0629	89.5515	0.00638091	0.00226443	2
55.9548	90.4184	0.00646456	0.00228492	2

125.001	2.01265	-1.50868e-07	1.05134e-07	2
125.068	3.09162	-1.18435e-05	8.01918e-06	2
125.159	4.16511	-2.11232e-05	1.37804e-05	2
125.273	5.22068	-2.7884e-05	1.73186e-05	2
125.408	6.24668	-3.21357e-05	1.86654e-05	2
125.567	7.26717	-3.40218e-05	1.78866e-05	2
125.748	8.2703	-3.3524e-05	1.49891e-05	2
125.951	9.25628	-3.06871e-05	1.00077e-05	2
126.175	10.2253	-2.55565e-05	2.97731e-06	2
126.42	11.1775	-1.81772e-05	-6.06719e-06	2
126.685	12.1132	-8.59419e-06	-1.70909e-05	2
126.972	13.0325	3.1473e-06	-3.00589e-05	2
127.278	13.9356	1.70022e-05	-4.49364e-05	2
127.604	14.8227	3.29254e-05	-6.16884e-05	2
127.95	15.694	5.08718e-05	-8.028e-05	2
128.315	16.5497	7.07964e-05	-0.000100676	2
128.698	17.39	9.26539e-05	-0.000122843	2
129.1	18.215	0.000116399	-0.000146744	2
129.521	19.025	0.000141988	-0.000172345	2
129.959	19.8202	0.000169373	-0.000199612	2
130.414	20.6008	0.000198512	-0.000228508	2
130.887	21.3669	0.000229358	-0.000259	2
131.377	22.1187	0.000261866	-0.000291053	2
131.884	22.8565	0.000295992	-0.000324631	2
132.406	23.5804	0.00033169	-0.0003597	2
132.945	24.2907	0.000368915	-0.000396225	2
133.493	24.9795	0.000407169	-0.000433726	2
134.062	25.6631	0.000447296	-0.000473042	2
134.646	26.3337	0.000488816	-0.00051371	2
135.246	26.9913	0.000531683	-0.000555694	2
135.859	27.6363	0.000575852	-0.00059896	2
136.486	28.2687	0.000621278	-0.000643473	2
137.127	28.8888	0.000667916	-0.000689197	2
137.782	29.4968	0.000715721	-0.000736099	2
138.45	30.0928	0.000764647	-0.000784143	2
139.13	30.6771	0.00081465	-0.000833294	2
139.823	31.2499	0.000865685	-0.000883518	2
140.528	31.8113	0.000917705	-0.000934779	2
141.244	32.3615	0.000970667	-0.000987043	2
141.972	32.9008	0.00102453	-0.00104027	2
142.712	33.4293	0.00107923	-0.00109444	2
143.462	33.9472	0.00113475	-0.0011495	2
144.222	34.4548	0.00119103	-0.00120543	2
144.993	34.9521	0.00124802	-0.00126218	2
145.774	35.4395	0.00130568	-0.00131973	2
146.564	35.917	0.00136397	-0.00137803	2
147.363	36.385	0.00142284	-0.00143706	2
148.172	36.8435	0.00148224	-0.00149678	2
148.988	37.2928	0.00154214	-0.00155715	2
149.804	37.7281	0.00160178	-0.00161743	2
150.637	38.1596	0.00166251	-0.001679	2
151.478	38.5825	0.0017236	-0.00174112	2
152.326	38.997	0.001785	-0.00180375	2
153.181	39.4032	0.00184667	-0.00186686	2
154.042	39.8013	0.00190856	-0.00193041	2
154.91	40.1916	0.00197062	-0.00199438	2
155.784	40.5741	0.00203281	-0.00205872	2
156.664	40.9492	0.00209508	-0.0021234	2
157.549	41.317	0.0021574	-0.00218838	2
158.439	41.6778	0.00221971	-0.00225364	2
159.334	42.0316	0.00228197	-0.00231913	2
160.233	42.3787	0.00234413	-0.00238482	2
161.136	42.7193	0.00240616	-0.00245068	2
162.044	43.0535	0.002468	-0.00251666	2
162.954	43.3817	0.0025296	-0.00258275	2
163.868	43.7039	0.00259093	-0.00264889	2
164.785	44.0204	0.00265194	-0.00271506	2
165.704	44.3313	0.00271259	-0.00278122	2
166.625	44.6368	0.00277282	-0.00284734	2
167.548	44.9372	0.00283259	-0.00291338	2
168.473	45.2327	0.00289187	-0.0029793	2
169.399	45.5234	0.0029506	-0.00304508	2
170.326	45.8094	0.00300873	-0.00311067	2
171.242	46.0879	0.00306558	-0.0031753	2
172.17	46.3655	0.0031224	-0.00324042	2
173.098	46.6391	0.0031785	-0.00330526	2
174.025	46.9088	0.00323383	-0.00336977	2
174.951	47.1749	0.00328834	-0.00343393	2
175.877	47.4377	0.00334199	-0.0034977	2
176.801	47.6972	0.00339473	-0.00356104	2
177.724	47.9536	0.00344652	-0.00362391	2
178.644	48.2072	0.00349731	-0.00368629	2
179.563	48.4582	0.00354706	-0.00374814	2
180.478	48.7067	0.00359573	-0.00380942	2
181.391	48.953	0.00364326	-0.0038701	2
182.3	49.1972	0.00368961	-0.00393014	2
183.206	49.4396	0.00373474	-0.00398951	2
184.108	49.6802	0.0037786	-0.00404817	2
185.006	49.9194	0.00382115	-0.0041061	2
185.899	50.1573	0.00386235	-0.00416324	2
186.787	50.394	0.00390214	-0.00421958	2
187.671	50.6299	0.00394048	-0.00427507	2
188.548	50.8651	0.00397732	-0.00432968	2
189.42	51.0998	0.00401263	-0.00438337	2
190.286	51.3341	0.00404636	-0.00443611	2
191.145	51.5683	0.00407846	-0.00448787	2
191.988	51.7999	0.00410854	-0.00453803	2
192.833	52.0344	0.00413727	-0.00458772	2
193.671	52.2694	0.00416423	-0.00463633	2
194.502	52.505	0.00418938	-0.00468381	2

