-125.002	2.01274	8.38784e-07	-5.49396e-08	2
-125.13	3.10464	7.29711e-05	-5.48768e-06	2
-125.244	4.2019	0.000145933	-1.24e-05	2
-125.342	5.29184	0.000218882	-2.07252e-05	2
-125.425	6.36211	0.000290975	-3.0332e-05	2
-125.494	7.43767	0.000363884	-4.14323e-05	2
-125.547	8.50609	0.000436768	-5.39108e-05	2
-125.586	9.56743	0.000509621	-6.77557e-05	2
-125.61	10.6218	0.000582439	-8.29554e-05	2
-125.62	11.6691	0.000655219	-9.94983e-05	2
-125.616	12.7096	0.000727955	-0.000117373	2
-125.597	13.7432	0.000800644	-0.000136567	2
-125.565	14.7701	0.000873281	-0.00015707	2
-125.519	15.7903	0.000945862	-0.000178869	2
-125.459	16.8038	0.00101838	-0.000201953	2
-125.386	17.8108	0.00109084	-0.00022631	2
-125.3	18.8112	0.00116323	-0.000251929	2
-125.2	19.8051	0.00123554	-0.000278798	2
-125.088	20.7927	0.00130778	-0.000306905	2
-124.963	21.7739	0.00137994	-0.000336239	2
-124.825	22.7489	0.00145201	-0.000366787	2
-124.675	23.7176	0.00152399	-0.00039854	2
-124.513	24.6802	0.00159587	-0.000431483	2
-124.339	25.6366	0.00166766	-0.000465607	2
-124.152	26.5871	0.00173935	-0.0005009	2
-123.954	27.5316	0.00181092	-0.000537349	2
-123.747	28.4594	0.00188157	-0.000574504	2
-123.526	29.3922	0.00195292	-0.000613219	2
-123.294	30.3192	0.00202415	-0.000653055	2
-123.051	31.2405	0.00209526	-0.000694002	2
-122.797	32.1562	0.00216624	-0.000736047	2
-122.532	33.0662	0.00223709	-0.00077918	2
-122.257	33.9707	0.0023078	-0.000823387	2
-121.971	34.8698	0.00237837	-0.000868658	2
-121.675	35.7634	0.00244879	-0.000914982	2
-121.369	36.6516	0.00251906	-0.000962345	2
-121.053	37.5346	0.00258918	-0.00101074	2
-120.727	38.4124	0.00265914	-0.00106015	2
-120.392	39.2849	0.00272894	-0.00111056	2
-120.047	40.1524	0.00279858	-0.00116197	2
-119.693	41.0148	0.00286804	-0.00121436	2
-119.331	41.8723	0.00293732	-0.00126772	2
-118.959	42.7248	0.00300643	-0.00132204	2
-118.578	43.5725	0.00307535	-0.00137731	2
-118.189	44.4154	0.00314409	-0.00143351	2
-117.791	45.2535	0.00321263	-0.00149064	2
-117.386	46.0869	0.00328098	-0.00154868	2
-116.972	46.9158	0.00334912	-0.00160761	2
-116.55	47.7401	0.00341706	-0.00166744	2
-116.125	48.5505	0.00348401	-0.00172744	2
-115.688	49.3659	0.00355153	-0.001789	2
-115.244	50.177	0.00361883	-0.00185142	2
-114.793	50.9838	0.00368591	-0.00191468	2
-114.334	51.7863	0.00375277	-0.00197876	2
-113.868	52.5846	0.00381939	-0.00204367	2
-113.396	53.3789	0.00388578	-0.00210939	2
-112.917	54.169	0.00395193	-0.0021759	2
-112.432	54.9552	0.00401783	-0.00224319	2
-111.941	55.7374	0.00408349	-0.00231126	2
-111.443	56.5158	0.00414889	-0.00238008	2
-110.94	57.2903	0.00421404	-0.00244966	2
-110.431	58.0611	0.00427893	-0.00251998	2
-109.916	58.8282	0.00434355	-0.00259102	2
-109.396	59.5917	0.00440791	-0.00266277	2
-108.871	60.3516	0.00447199	-0.00273523	2
-108.34	61.108	0.00453579	-0.00280837	2
-107.805	61.861	0.00459932	-0.0028822	2
-107.265	62.6106	0.00466255	-0.0029567	2
-106.721	63.3569	0.0047255	-0.00303185	2
-106.172	64.0999	0.00478815	-0.00310764	2
-105.619	64.8397	0.0048505	-0.00318407	2
-105.062	65.5764	0.00491255	-0.00326112	2
-104.501	66.31	0.00497429	-0.00333878	2
-103.942	67.0322	0.00503502	-0.00341613	2
-103.374	67.7599	0.00509614	-0.00349496	2
-102.802	68.4847	0.00515693	-0.00357437	2
-102.228	69.2067	0.00521741	-0.00365435	2
-101.65	69.9259	0.00527755	-0.00373487	2
-101.069	70.6425	0.00533736	-0.00381593	2
-100.485	71.3563	0.00539684	-0.00389752	2
-99.8992	72.0676	0.00545597	-0.00397963	2
-99.3108	72.7764	0.00551476	-0.00406224	2
-98.7201	73.4827	0.0055732	-0.00414535	2
-98.1274	74.1866	0.00563128	-0.00422893	2
-97.5328	74.8882	0.005689	-0.00431299	2
-96.9365	75.5876	0.00574637	-0.0043975	2
-96.3387	76.2847	0.00580336	-0.00448246	2
-95.7394	76.9796	0.00585998	-0.00456786	2
-95.139	77.6725	0.00591623	-0.00465368	2
-94.5375	78.3634	0.0059721	-0.0047399	2
-93.9351	79.0523	0.00602759	-0.00482653	2
-93.332	79.7393	0.00608268	-0.00491355	2
-92.7284	80.4244	0.00613738	-0.00500094	2
-92.1244	81.1078	0.00619169	-0.0050887	2
-91.5202	81.7895	0.0062456	-0.00517681	2
-90.916	82.4695	0.0062991	-0.00526527	2
-90.3188	83.1401	0.00635158	-0.00535303	2
-89.715	83.817	0.00640426	-0.00544212	2
-89.1116	84.4924	0.00645652	-0.00553153	2
-88.5088	85.1665	0.00650836	-0.00562123	2

-75.0034	2.01265	-2.14312e-07	-2.87075e-07	2
-75.2782	3.09346	-1.90665e-05	-2.38027e-05	2
-75.5279	4.17234	-3.89708e-05	-4.5262e-05	2
-75.7496	5.23679	-5.96907e-05	-6.44224e-05	2
-75.9414	6.27496	-8.09522e-05	-8.11466e-05	2
-76.1083	7.31114	-0.000103228	-9.58677e-05	2
-76.2481	8.33333	-0.000126253	-0.000108423	2
-76.3613	9.34166	-0.000150005	-0.000118857	2
-76.4482	10.3363	-0.000174461	-0.000127213	2
-76.5091	11.3174	-0.000199601	-0.000133538	2
-76.5445	12.285	-0.0002254	-0.000137874	2
-76.5546	13.2394	-0.000251838	-0.000140267	2
-76.5399	14.1807	-0.000278892	-0.00014076	2
-76.5007	15.109	-0.000306539	-0.0001394	2
-76.4373	16.0245	-0.000334758	-0.000136229	2
-76.3502	16.9273	-0.000363527	-0.000131292	2
-76.2396	17.8175	-0.000392822	-0.000124635	2
-76.106	18.6954	-0.000422623	-0.000116301	2
-75.9497	19.561	-0.000452906	-0.000106335	2
-75.7711	20.4145	-0.00048365	-9.4782e-05	2
-75.5704	21.2561	-0.000514831	-8.16855e-05	2
-75.3482	22.0859	-0.000546429	-6.70904e-05	2
-75.1047	22.904	-0.000578421	-5.10413e-05	2
-74.8403	23.7106	-0.000610785	-3.35825e-05	2
-74.5554	24.5059	-0.000643498	-1.47587e-05	2
-74.2503	25.2899	-0.000676538	5.38566e-06	2
-73.9292	26.054	-0.000709498	2.65529e-05	2
-73.585	26.8162	-0.000743123	4.91911e-05	2
-73.2218	27.5675	-0.000777009	7.30169e-05	2
-72.8398	28.3082	-0.000811133	9.79858e-05	2
-72.4394	29.0385	-0.000845474	0.000124053	2
-72.021	29.7584	-0.000880009	0.000151175	2
-71.5849	30.4681	-0.000914716	0.000179306	2
-71.1316	31.1677	-0.000949573	0.000208403	2
-70.6613	31.8575	-0.000984558	0.00023842	2
-70.1744	32.5374	-0.00101965	0.000269314	2
-69.6713	33.2078	-0.00105482	0.000301039	2
-69.1523	33.8687	-0.00109006	0.000333551	2
-68.6178	34.5203	-0.00112533	0.000366806	2
-68.0682	35.1627	-0.00116062	0.000400759	2
-67.5038	35.7961	-0.0011959	0.000435366	2
-66.925	36.4206	-0.00123116	0.000470582	2
-66.3321	37.0363	-0.00126636	0.000506362	2
-65.7256	37.6435	-0.0013015	0.000542663	2
-65.1057	38.2422	-0.00133654	0.00057944	2
-64.4728	38.8327	-0.00137146	0.000616648	2
-63.8273	39.4149	-0.00140624	0.000654243	2
-63.1695	39.9892	-0.00144087	0.00069218	2
-62.4998	40.5556	-0.0014753	0.000730414	2
-61.8265	41.108	-0.00150915	0.000768459	2
-61.1343	41.6592	-0.00154316	0.000807153	2
-60.4312	42.203	-0.00157691	0.000846013	2
-59.7176	42.7395	-0.0016104	0.000884992	2
-58.994	43.2689	-0.00164359	0.000924048	2
-58.2606	43.7913	-0.00167647	0.000963135	2
-57.5178	44.3069	-0.00170901	0.00100221	2
-56.766	44.8158	-0.00174119	0.00104122	2
-56.0055	45.3181	-0.00177298	0.00108014	2
-55.2368	45.8141	-0.00180437	0.00111891	2
-54.4601	46.3038	-0.00183533	0.00115748	2
-53.6758	46.7873	-0.00186585	0.00119582	2
-52.8843	47.265	-0.00189589	0.00123388	2
-52.0859	47.7368	-0.00192543	0.00127162	2
-51.281	48.2029	-0.00195446	0.00130898	2
-50.47	48.6635	-0.00198296	0.00134594	2
-49.6532	49.1188	-0.00201089	0.00138243	2
-48.8309	49.5688	-0.00203824	0.00141842	2
-48.0036	50.0137	-0.00206498	0.00145387	2
-47.1716	50.4537	-0.0020911	0.00148872	2
-46.3353	50.8889	-0.00211656	0.00152294	2
-45.495	51.3195	-0.00214136	0.00155648	2
-44.6511	51.7456	-0.00216546	0.00158929	2
-43.8039	52.1673	-0.00218885	0.00162133	2
-42.9635	52.58	-0.00221124	0.0016522	2
-42.1109	52.9935	-0.00223313	0.00168258	2
-41.2561	53.4031	-0.00225424	0.00171206	2
-40.3995	53.8089	-0.00227455	0.00174059	2
-39.5414	54.2111	-0.00229403	0.00176813	2
-38.6822	54.6098	-0.00231267	0.00179463	2
-37.8222	55.0052	-0.00233043	0.00182005	2
-36.9619	55.3974	-0.0023473	0.00184435	2
-36.1016	55.7866	-0.00236325	0.00186748	2
-35.2415	56.1728	-0.00237826	0.00188939	2
-34.3822	56.5563	-0.00239232	0.00191005	2
-33.5239	56.9373	-0.00240539	0.0019294	2
-32.6671	57.3157	-0.00241745	0.0019474	2
-31.812	57.6919	-0.0024285	0.00196402	2
-30.959	58.0659	-0.00243849	0.00197919	2
-30.1086	58.4379	-0.00244741	0.00199289	2
-29.261	58.808	-0.00245523	0.00200506	2
-28.4166	59.1764	-0.00246195	0.00201566	2
-27.5758	59.5432	-0.00246752	0.00202464	2
-26.7389	59.9086	-0.00247193	0.00203197	2
-25.9063	60.2727	-0.00247516	0.00203759	2
-25.0784	60.6357	-0.00247719	0.00204147	2
-24.2555	60.9977	-0.00247799	0.00204355	2
-23.4474	61.3547	-0.00247755	0.0020438	2
-22.6355	61.7151	-0.00247585	0.00204219	2
-21.8297	62.075	-0.00247285	0.00203865	2
-21.0304	62.4345	-0.00246854	0.00203314	2

-25.0053	2.0123	6.7813e-07	-4.07436e-07	2
-25.4521	3.06909	5.69149e-05	-3.42264e-05	2
-25.8883	4.13642	0.000109667	-6.60126e-05	2
-26.3088	5.20184	0.000158333	-9.5403e-05	2
-26.709	6.25299	0.000202498	-0.000122144	2
-27.0982	7.31419	0.000243265	-0.000146902	2
-27.4717	8.37306	0.000280174	-0.000169396	2
-27.8296	9.42946	0.000313301	-0.000189671	2
-28.1719	10.4832	0.000342723	-0.000207771	2
-28.4986	11.5343	0.000368515	-0.000223741	2
-28.8097	12.5824	0.000390754	-0.000237624	2
-29.1053	13.6275	0.000409517	-0.000249465	2
-29.3854	14.6695	0.000424879	-0.000259308	2
-29.65	15.7081	0.000436917	-0.000267197	2
-29.8992	16.7432	0.000445708	-0.000273177	2
-30.1329	17.7748	0.000451327	-0.000277292	2
-30.3513	18.8026	0.000453851	-0.000279587	2
-30.5544	19.8266	0.000453357	-0.000280105	2
-30.7421	20.8465	0.00044992	-0.000278891	2
-30.9145	21.8623	0.000443618	-0.000275989	2
-31.0717	22.8738	0.000434525	-0.000271443	2
-31.2137	23.8808	0.000422719	-0.000265298	2
-31.3404	24.8832	0.000408276	-0.000257598	2
-31.452	25.881	0.000391273	-0.000248387	2
-31.5484	26.8738	0.000371785	-0.00023771	2
-31.6297	27.8617	0.000349888	-0.000225611	2
-31.6953	28.8332	0.000325952	-0.000212296	2
-31.7467	29.8107	0.000299494	-0.0001975	2
-31.783	30.7827	0.000270856	-0.000181414	2
-31.8044	31.7492	0.000240114	-0.000164083	2
-31.8107	32.7101	0.000207345	-0.00014555	2
-31.8022	33.665	0.000172625	-0.000125861	2
-31.7788	34.614	0.00013603	-0.000105058	2
-31.7405	35.5568	9.7637e-05	-8.31873e-05	2
-31.6873	36.4934	5.75217e-05	-6.02922e-05	2
-31.6193	37.4236	1.57606e-05	-3.64173e-05	2
-31.5366	38.3472	-2.75699e-05	-1.16067e-05	2
-31.4391	39.2641	-7.23935e-05	1.40952e-05	2
-31.3269	40.1742	-0.000118634	4.06441e-05	2
-31.2	41.0774	-0.000166215	6.79959e-05	2
-31.0584	41.9734	-0.00021506	9.61061e-05	2
-30.9022	42.8622	-0.000265093	0.000124931	2
-30.7314	43.7435	-0.000316237	0.000154425	2
-30.546	44.6174	-0.000368417	0.000184545	2
-30.3461	45.4835	-0.000421555	0.000215246	2
-30.1316	46.3419	-0.000475576	0.000246485	2
-29.9027	47.1923	-0.000530403	0.000278216	2
-29.6594	48.0346	-0.000585961	0.000310396	2
-29.4016	48.8687	-0.000642171	0.00034298	2
-29.1326	49.6849	-0.000698304	0.000375544	2
-28.8462	50.5022	-0.000755587	0.0004088	2
-28.5455	51.3108	-0.000813296	0.000442328	2
-28.2305	52.1106	-0.000871354	0.000476084	2
-27.9012	52.9015	-0.000929685	0.000510024	2
-27.5577	53.6832	-0.000988213	0.000544102	2
-27.1999	54.4558	-0.00104686	0.000578275	2
-26.828	55.219	-0.00110555	0.000612499	2
-26.4419	55.9727	-0.00116421	0.000646729	2
-26.0417	56.7168	-0.00122276	0.000680921	2
-25.6274	57.4511	-0.00128113	0.00071503	2
-25.1991	58.1755	-0.00133923	0.000749013	2
-24.7567	58.8898	-0.001397	0.000782825	2
-24.3003	59.5939	-0.00145435	0.000816422	2
-23.8299	60.2876	-0.00151121	0.00084976	2
-23.3456	60.9709	-0.00156751	0.000882794	2
-22.8473	61.6435	-0.00162316	0.000915479	2
-22.3352	62.3054	-0.00167809	0.000947773	2
-21.8093	62.9563	-0.00173223	0.00097963	2
-21.2695	63.5962	-0.00178549	0.00101101	2
-20.7159	64.225	-0.00183781	0.00104186	2
-20.1485	64.8424	-0.0018891	0.00107214	2
-19.5675	65.4483	-0.00193929	0.00110181	2
-18.9727	66.0426	-0.00198831	0.00113082	2
-18.3713	66.6185	-0.00203553	0.0011588	2
-17.7493	67.1893	-0.00208197	0.00118637	2
-17.1138	67.7481	-0.00212701	0.00121315	2
-16.4646	68.2947	-0.00217057	0.0012391	2
-15.8019	68.829	-0.00221257	0.00126416	2
-15.1257	69.3508	-0.00225294	0.00128831	2
-14.436	69.86	-0.0022916	0.00131148	2
-13.7328	70.3565	-0.00232846	0.00133365	2
-13.0161	70.8402	-0.00236347	0.00135475	2
-12.2861	71.3108	-0.00239654	0.00137476	2
-11.5427	71.7682	-0.00242759	0.00139362	2
-10.786	72.2124	-0.00245654	0.0014113	2
-10.0159	72.6431	-0.00248333	0.00142774	2
-9.23253	73.0602	-0.00250788	0.0014429	2
-8.43593	73.4636	-0.0025301	0.00145674	2
-7.62609	73.8532	-0.00254993	0.00146922	2
-6.80306	74.2288	-0.00256728	0.00148029	2
-5.96687	74.5902	-0.00258208	0.0014899	2
-5.11754	74.9373	-0.00259426	0.00149801	2
-4.2551	75.27	-0.00260373	0.00150458	2
-3.37959	75.5881	-0.00261042	0.00150956	2
-2.49103	75.8916	-0.00261426	0.00151291	2
-1.58945	76.1802	-0.00261516	0.00151459	2
-0.685476	76.4507	-0.0026131	0.00151455	2
0.241893	76.7094	-0.00260795	0.00151276	2
1.18219	76.9528	-0.00259964	0.00150916	2
2.13538	77.1808	-0.0025881	0.00150371	2

24.9999	2.01027	4.70698e-07	4.04503e-08	2
24.9718	2.89431	3.96776e-05	3.12273e-06	2
24.9134	3.7899	7.68051e-05	5.45549e-06	2
24.8257	4.68667	0.000111421	7.01661e-06	2
24.7108	5.5742	0.000143209	7.81936e-06	2
24.567	6.47302	0.000172947	7.90054e-06	2
24.3961	7.37271	0.000200289	7.26487e-06	2
24.199	8.27317	0.000225274	5.93068e-06	2
23.9764	9.17431	0.000247941	3.91629e-06	2
23.7292	10.076	0.000268329	1.24004e-06	2
23.458	10.9782	0.000286477	-2.07973e-06	2
23.1637	11.8807	0.000302422	-6.02471e-06	2
22.8471	12.7834	0.000316205	-1.05766e-05	2
22.5089	13.6864	0.000327863	-1.57169e-05	2
22.15	14.5893	0.000337436	-2.14275e-05	2
21.7711	15.4922	0.000344962	-2.769e-05	2
21.373	16.395	0.00035048	-3.4486e-05	2
20.9564	17.2975	0.000354029	-4.17972e-05	2
20.5223	18.1996	0.000355647	-4.96053e-05	2
20.0713	19.1012	0.000355373	-5.78919e-05	2
19.6042	20.0023	0.000353247	-6.66388e-05	2
19.1218	20.9027	0.000349306	-7.58276e-05	2
18.625	21.8024	0.000343589	-8.54399e-05	2
18.1144	22.7011	0.000336136	-9.54574e-05	2
17.5909	23.5989	0.000326985	-0.000105862	2
17.0553	24.4955	0.000316175	-0.000116635	2
16.5146	25.3807	0.000303896	-0.000127628	2
15.9571	26.2749	0.000289901	-0.00013908	2
15.3899	27.1677	0.000274363	-0.000150845	2
14.8136	28.0591	0.00025732	-0.000162905	2
14.2291	28.9488	0.000238811	-0.000175243	2
13.6371	29.8367	0.000218875	-0.00018784	2
13.0384	30.7229	0.000197551	-0.000200677	2
12.4339	31.6072	0.000174876	-0.000213736	2
11.8242	32.4894	0.000150891	-0.000226999	2
11.2103	33.3696	0.000125634	-0.000240447	2
10.5928	34.2475	9.91432e-05	-0.000254063	2
9.97252	35.1231	7.14577e-05	-0.000267827	2
9.35031	35.9962	4.26162e-05	-0.000281722	2
8.7269	36.8668	1.26576e-05	-0.000295729	2
8.1031	37.7348	-1.83795e-05	-0.000309829	2
7.47967	38.6001	-5.04563e-05	-0.000324005	2
6.85742	39.4625	-8.35341e-05	-0.000338239	2
6.23711	40.3219	-0.000117574	-0.000352511	2
5.61953	41.1783	-0.000152537	-0.000366804	2
5.00548	42.0316	-0.000188385	-0.000381098	2
4.39572	42.8815	-0.000225079	-0.000395377	2
3.79104	43.7282	-0.000262581	-0.000409621	2
3.19224	44.5713	-0.00030085	-0.000423812	2
2.60685	45.4013	-0.000339397	-0.00043777	2
2.02203	46.2373	-0.00037908	-0.000451802	2
1.44543	47.0695	-0.000419415	-0.000465726	2
0.877823	47.8978	-0.000460364	-0.000479524	2
0.31999	48.7222	-0.000501888	-0.000493178	2
-0.227283	49.5425	-0.000543949	-0.000506669	2
-0.763213	50.3585	-0.000586507	-0.000519979	2
-1.28702	51.1703	-0.000629524	-0.00053309	2
-1.79791	51.9777	-0.000672961	-0.000545984	2
-2.2951	52.7806	-0.00071678	-0.000558641	2
-2.77782	53.579	-0.000760941	-0.000571044	2
-3.24528	54.3726	-0.000805406	-0.000583175	2
-3.6967	55.1614	-0.000850136	-0.000595014	2
-4.13128	55.9453	-0.000895093	-0.000606545	2
-4.54825	56.7242	-0.000940237	-0.000617747	2
-4.94683	57.4979	-0.00098553	-0.000628604	2
-5.32622	58.2665	-0.00103093	-0.000639096	2
-5.68566	59.0297	-0.00107641	-0.000649206	2
-6.02434	59.7875	-0.00112192	-0.000658915	2
-6.3415	60.5398	-0.00116742	-0.000668205	2
-6.63634	61.2865	-0.00121287	-0.000677057	2
-6.90809	62.0274	-0.00125825	-0.000685453	2
-7.15595	62.7625	-0.0013035	-0.000693375	2
-7.37915	63.4916	-0.00134858	-0.000700805	2
-7.57478	64.2064	-0.00139296	-0.000707647	2
-7.7466	64.9235	-0.00143761	-0.000714042	2
-7.89142	65.6342	-0.00148199	-0.00071989	2
-8.00845	66.3386	-0.00152605	-0.000725172	2
-8.09691	67.0366	-0.00156976	-0.000729871	2
-8.156	67.728	-0.00161307	-0.000733967	2
-8.18496	68.4127	-0.00165595	-0.000737442	2
-8.18299	69.0907	-0.00169836	-0.000740278	2
-8.14932	69.7618	-0.00174026	-0.000742457	2
-8.08315	70.426	-0.00178162	-0.00074396	2
-7.98371	71.083	-0.00182238	-0.000744769	2
-7.85021	71.7329	-0.00186252	-0.000744866	2
-7.68186	72.3755	-0.001902	-0.000744232	2
-7.47789	73.0107	-0.00194077	-0.00074285	2
-7.23752	73.6384	-0.0019788	-0.000740699	2
-6.95994	74.2585	-0.00201605	-0.000737764	2
-6.64439	74.871	-0.00205248	-0.000734024	2
-6.29009	75.4756	-0.00208805	-0.000729462	2
-5.89623	76.0723	-0.00212273	-0.000724059	2
-5.46205	76.6611	-0.00215647	-0.000717797	2
-4.98676	77.2417	-0.00218923	-0.000710658	2
-4.46957	77.8141	-0.00222099	-0.000702623	2
-3.90971	78.3782	-0.00225169	-0.000693674	2
-3.31357	78.9275	-0.00228096	-0.000683912	2
-2.66651	79.4748	-0.00230945	-0.000673091	2
-1.97443	80.0134	-0.00233678	-0.000661302	2
-1.23654	80.5433	-0.0023629	-0.000648525	2

74.9993	2.01144	-9.7756e-08	-1.52405e-07	2
74.9217	2.98765	-8.23481e-06	-1.32449e-05	2
74.8155	3.95994	-1.59386e-05	-2.64633e-05	2
74.6817	4.91717	-2.31341e-05	-3.9659e-05	2
74.5231	5.84888	-2.97698e-05	-5.26845e-05	2
74.3364	6.77699	-3.60226e-05	-6.58463e-05	2
74.1239	7.6909	-4.18355e-05	-7.89968e-05	2
73.8863	8.59087	-4.72311e-05	-9.21397e-05	2
73.6241	9.4772	-5.22325e-05	-0.000105279	2
73.3378	10.3502	-5.68624e-05	-0.000118418	2
73.0281	11.2101	-6.11437e-05	-0.000131561	2
72.6954	12.0571	-6.50991e-05	-0.000144711	2
72.3404	12.8917	-6.87516e-05	-0.000157873	2
71.9636	13.7141	-7.21239e-05	-0.000171049	2
71.5657	14.5245	-7.52389e-05	-0.000184245	2
71.1471	15.3233	-7.81194e-05	-0.000197463	2
70.7085	16.1107	-8.07883e-05	-0.000210708	2
70.2504	16.887	-8.32684e-05	-0.000223983	2
69.7734	17.6525	-8.55825e-05	-0.000237293	2
69.2781	18.4075	-8.77535e-05	-0.00025064	2
68.765	19.1523	-8.98042e-05	-0.000264028	2
68.2347	19.8871	-9.17574e-05	-0.000277462	2
67.6877	20.6122	-9.36359e-05	-0.000290946	2
67.1248	21.328	-9.54627e-05	-0.000304482	2
66.5463	22.0347	-9.72605e-05	-0.000318075	2
65.9529	22.7325	-9.90521e-05	-0.000331728	2
65.3523	23.414	-0.000100839	-0.000345288	2
64.731	24.0952	-0.000102687	-0.000359073	2
64.0964	24.7684	-0.000104596	-0.00037293	2
63.4493	25.434	-0.00010659	-0.000386863	2
62.79	26.0921	-0.000108693	-0.000400875	2
62.1193	26.7432	-0.000110925	-0.00041497	2
61.4377	27.3874	-0.000113311	-0.000429153	2
60.7457	28.0251	-0.000115874	-0.000443426	2
60.0439	28.6566	-0.000118635	-0.000457793	2
59.3329	29.2821	-0.000121619	-0.000472259	2
58.6133	29.9019	-0.000124847	-0.000486828	2
57.8856	30.5163	-0.000128343	-0.000501502	2
57.1504	31.1255	-0.000132129	-0.000516285	2
56.4083	31.73	-0.000136228	-0.000531183	2
55.6598	32.3299	-0.000140664	-0.000546197	2
54.9056	32.9255	-0.000145458	-0.000561333	2
54.1461	33.5172	-0.000150635	-0.000576594	2
53.382	34.1051	-0.000156216	-0.000591983	2
52.6139	34.6897	-0.000162224	-0.000607504	2
51.8422	35.2711	-0.000168683	-0.000623162	2
51.0676	35.8497	-0.000175614	-0.00063896	2
50.2906	36.4258	-0.000183042	-0.000654902	2
49.5119	36.9995	-0.000190988	-0.000670991	2
48.7409	37.5648	-0.000199376	-0.000687044	2
47.9603	38.1349	-0.000208422	-0.000703438	2
47.1796	38.7036	-0.000218055	-0.000719991	2
46.3994	39.2711	-0.000228297	-0.000736706	2
45.6203	39.8378	-0.000239173	-0.000753588	2
44.8428	40.4039	-0.000250704	-0.00077064	2
44.0675	40.9698	-0.000262913	-0.000787866	2
43.2949	41.5356	-0.000275823	-0.00080527	2
42.5258	42.1017	-0.000289458	-0.000822856	2
41.7605	42.6684	-0.000303839	-0.000840627	2
40.9997	43.236	-0.00031899	-0.000858587	2
40.244	43.8047	-0.000334933	-0.00087674	2
39.4939	44.3748	-0.000351692	-0.00089509	2
38.75	44.9467	-0.000369289	-0.00091364	2
38.0129	45.5205	-0.000387747	-0.000932395	2
37.2831	46.0966	-0.000407089	-0.000951358	2
36.5612	46.6753	-0.000427338	-0.000970533	2
35.8479	47.2568	-0.000448516	-0.000989923	2
35.1435	47.8414	-0.000470646	-0.00100953	2
34.4488	48.4295	-0.000493752	-0.00102937	2
33.7643	49.0212	-0.000517856	-0.00104943	2
33.0905	49.617	-0.00054298	-0.00106972	2
32.4281	50.217	-0.000569148	-0.00109024	2
31.7776	50.8216	-0.000596383	-0.00111101	2
31.1469	51.4239	-0.000624375	-0.00113177	2
30.5217	52.0384	-0.000653798	-0.00115302	2
29.9102	52.6583	-0.000684356	-0.00117452	2
29.3129	53.2838	-0.000716072	-0.00119627	2
28.7303	53.9154	-0.000748968	-0.00121828	2
28.1631	54.5532	-0.000783067	-0.00124055	2
27.6117	55.1975	-0.000818393	-0.00126309	2
27.0769	55.8486	-0.000854967	-0.00128589	2
26.559	56.5069	-0.000892813	-0.00130897	2
26.0588	57.1726	-0.000931954	-0.00133232	2
25.5768	57.8459	-0.000972412	-0.00135595	2
25.1135	58.5272	-0.00101421	-0.00137987	2
24.6695	59.2168	-0.00105737	-0.00140407	2
24.2454	59.9149	-0.00110192	-0.00142857	2
23.8418	60.6218	-0.00114788	-0.00145336	2
23.4592	61.3378	-0.00119526	-0.00147845	2
23.0983	62.0632	-0.00124411	-0.00150384	2
22.7595	62.7982	-0.00129442	-0.00152954	2
22.4435	63.5433	-0.00134624	-0.00155555	2
22.1507	64.2985	-0.00139959	-0.00158187	2
21.8819	65.0643	-0.00145448	-0.00160851	2
21.6375	65.8409	-0.00151093	-0.00163547	2
21.4182	66.6286	-0.00156898	-0.00166276	2
21.2266	67.4184	-0.00162795	-0.00169006	2
21.0587	68.229	-0.00168923	-0.001718	2
20.9176	69.0515	-0.00175217	-0.00174629	2
20.8038	69.8863	-0.00181679	-0.00177491	2

124.999	2.01246	4.14204e-07	-4.86938e-07	2
124.902	3.07728	3.67883e-05	-4.08779e-05	2
124.783	4.14134	7.50813e-05	-7.87838e-05	2
124.643	5.19241	0.000114852	-0.000113769	2
124.483	6.21884	0.000155591	-0.000145533	2
124.302	7.24471	0.000198219	-0.000174864	2
124.101	8.25824	0.000242243	-0.000201428	2
123.879	9.25963	0.000287637	-0.000225277	2
123.639	10.2491	0.000334374	-0.000246461	2
123.379	11.2269	0.000382425	-0.000265034	2
123.101	12.1932	0.000431765	-0.000281045	2
122.804	13.1482	0.000482365	-0.000294547	2
122.49	14.0922	0.000534199	-0.00030559	2
122.158	15.0253	0.00058724	-0.000314227	2
121.808	15.9479	0.000641461	-0.000320508	2
121.442	16.86	0.000696834	-0.000324486	2
121.059	17.7619	0.000753333	-0.000326211	2
120.66	18.6539	0.00081093	-0.000325735	2
120.245	19.5361	0.000869598	-0.000323109	2
119.815	20.4088	0.000929311	-0.000318385	2
119.37	21.2722	0.00099004	-0.000311614	2
118.909	22.1265	0.00105176	-0.000302848	2
118.435	22.9719	0.00111444	-0.000292139	2
117.946	23.8086	0.00117806	-0.000279536	2
117.444	24.6369	0.00124259	-0.000265093	2
116.928	25.4569	0.00130799	-0.00024886	2
116.405	26.2596	0.00137349	-0.000231104	2
115.864	27.0639	0.00144057	-0.000211466	2
115.311	27.8606	0.00150845	-0.000190191	2
114.745	28.6499	0.0015771	-0.000167331	2
114.168	29.4321	0.0016465	-0.000142939	2
113.58	30.2073	0.00171662	-0.000117065	2
112.981	30.9758	0.00178743	-8.97604e-05	2
112.371	31.7378	0.00185891	-6.10773e-05	2
111.751	32.4935	0.00193102	-3.10669e-05	2
111.121	33.2432	0.00200375	2.19504e-07	2
110.482	33.987	0.00207705	3.27304e-05	2
109.834	34.7251	0.00215092	6.64143e-05	2
109.177	35.4578	0.00222531	0.00010122	2
108.512	36.1853	0.00230021	0.000137096	2
107.838	36.9078	0.00237558	0.00017399	2
107.157	37.6255	0.0024514	0.000211852	2
106.469	38.3387	0.00252764	0.00025063	2
105.774	39.0475	0.00260427	0.000290272	2
105.072	39.7522	0.00268127	0.000330728	2
104.363	40.453	0.00275861	0.000371945	2
103.649	41.1501	0.00283626	0.000413872	2
102.929	41.8437	0.0029142	0.000456458	2
102.205	42.5341	0.0029924	0.000499651	2
101.483	43.2135	0.00306992	0.000542895	2
100.749	43.898	0.00314855	0.000587143	2
100.011	44.5799	0.00322736	0.000631845	2
99.2684	45.2594	0.00330631	0.000676949	2
98.5229	45.9367	0.00338539	0.000722404	2
97.7742	46.6121	0.00346457	0.000768158	2
97.0228	47.2857	0.00354381	0.00081416	2
96.269	47.9578	0.0036231	0.000860359	2
95.5133	48.6285	0.0037024	0.000906703	2
94.7558	49.2982	0.00378169	0.00095314	2
93.9971	49.967	0.00386093	0.00099962	2
93.2374	50.6351	0.00394012	0.00104609	2
92.4771	51.3027	0.0040192	0.0010925	2
91.7165	51.9701	0.00409817	0.0011388	2
90.9561	52.6375	0.00417699	0.00118493	2
90.1961	53.3051	0.00425563	0.00123085	2
89.437	53.9731	0.00433407	0.0012765	2
88.679	54.6418	0.00441229	0.00132184	2
87.9226	55.3113	0.00449024	0.00136681	2
87.168	55.9818	0.00456791	0.00141135	2
86.4157	56.6537	0.00464527	0.00145542	2
85.6659	57.327	0.0047223	0.00149897	2
84.9191	58.0021	0.00479896	0.00154195	2
84.1756	58.679	0.00487522	0.0015843	2
83.4443	59.3504	0.0049502	0.00162549	2
82.7084	60.0318	0.00502561	0.00166644	2
81.9769	60.7158	0.00510054	0.00170661	2
81.2501	61.4027	0.00517497	0.00174595	2
80.5284	62.0925	0.00524888	0.00178441	2
79.8121	62.7856	0.00532223	0.00182193	2
79.1015	63.4821	0.005395	0.00185846	2
78.3971	64.1822	0.00546716	0.00189396	2
77.6992	64.8863	0.00553868	0.00192837	2
77.0082	65.5944	0.00560955	0.00196164	2
76.3243	66.3069	0.00567972	0.00199372	2
75.6479	67.0238	0.00574918	0.00202456	2
74.9795	67.7455	0.00581789	0.0020541	2
74.3194	68.4722	0.00588583	0.00208229	2
73.6678	69.204	0.00595297	0.00210909	2
73.0252	69.9412	0.00601929	0.00213444	2
72.392	70.6841	0.00608475	0.00215829	2
71.7684	71.4327	0.00614933	0.00218059	2
71.1548	72.1874	0.00621301	0.00220128	2
70.5517	72.9484	0.00627575	0.00222032	2
69.9592	73.7158	0.00633754	0.00223766	2
69.3779	74.4899	0.00639833	0.00225323	2
68.808	75.2709	0.00645811	0.002267	2
68.2563	76.0499	0.00651618	0.00227878	2
67.7102	76.8453	0.00657386	0.0022888	2
67.1767	77.6483	0.00663044	0.00229686	2
66.656	78.459	0.0066859	0.0023029	2

