-125.003	2.01289	-1.88965e-07	-2.76833e-07	2
-125.263	3.1133	-1.6999e-05	-2.28674e-05	2
-125.497	4.20999	-3.51115e-05	-4.3302e-05	2
-125.702	5.29027	-5.43112e-05	-6.13483e-05	2
-125.876	6.34216	-7.43328e-05	-7.68835e-05	2
-126.025	7.39033	-9.56156e-05	-9.03132e-05	2
-126.146	8.42262	-0.000117906	-0.000101488	2
-126.239	9.43922	-0.000141179	-0.000110452	2
-126.306	10.4403	-0.000165406	-0.000117251	2
-126.346	11.4261	-0.000190563	-0.000121928	2
-126.359	12.3967	-0.000216621	-0.000124529	2
-126.347	13.3524	-0.000243556	-0.000125098	2
-126.309	14.2934	-0.000271339	-0.00012368	2
-126.246	15.2197	-0.000299946	-0.000120319	2
-126.159	16.1316	-0.000329348	-0.00011506	2
-126.047	17.0294	-0.000359521	-0.000107947	2
-125.911	17.9131	-0.000390437	-9.90252e-05	2
-125.751	18.7829	-0.000422071	-8.83393e-05	2
-125.568	19.6391	-0.000454395	-7.59337e-05	2
-125.363	20.4818	-0.000487383	-6.1853e-05	2
-125.135	21.3112	-0.000521008	-4.61418e-05	2
-124.885	22.1275	-0.000555245	-2.88448e-05	2
-124.613	22.9309	-0.000590066	-1.00065e-05	2
-124.32	23.7215	-0.000625446	1.03284e-05	2
-124.006	24.4995	-0.000661358	3.21154e-05	2
-123.672	25.2652	-0.000697775	5.53099e-05	2
-123.322	26.0101	-0.000734244	7.95773e-05	2
-122.947	26.7517	-0.000771588	0.000105438	2
-122.554	27.4815	-0.000809357	0.000132573	2
-122.141	28.1997	-0.000847527	0.000160937	2
-121.71	28.9064	-0.000886069	0.000190486	2
-121.261	29.6018	-0.000924959	0.000221176	2
-120.793	30.2861	-0.00096417	0.000252961	2
-120.309	30.9595	-0.00100367	0.000285797	2
-119.807	31.6222	-0.00104345	0.00031964	2
-119.288	32.2744	-0.00108346	0.000354445	2
-118.753	32.9162	-0.00112369	0.000390167	2
-118.202	33.5478	-0.0011641	0.000426761	2
-117.636	34.1695	-0.00120468	0.000464184	2
-117.054	34.7813	-0.00124539	0.00050239	2
-116.457	35.3836	-0.00128621	0.000541335	2
-115.846	35.9764	-0.00132712	0.000580974	2
-115.221	36.5599	-0.00136808	0.000621263	2
-114.582	37.1344	-0.00140907	0.000662157	2
-113.93	37.7	-0.00145006	0.000703612	2
-113.265	38.2569	-0.00149103	0.000745582	2
-112.588	38.8052	-0.00153195	0.000788023	2
-111.898	39.3453	-0.00157279	0.000830891	2
-111.196	39.8772	-0.00161353	0.000874141	2
-110.492	40.3951	-0.00165367	0.000917226	2
-109.768	40.9114	-0.00169413	0.000961103	2
-109.034	41.42	-0.0017344	0.00100523	2
-108.289	41.9213	-0.00177447	0.00104956	2
-107.534	42.4153	-0.0018143	0.00109405	2
-106.77	42.9022	-0.00185387	0.00113865	2
-105.997	43.3823	-0.00189315	0.00118333	2
-105.215	43.8558	-0.00193212	0.00122803	2
-104.425	44.3227	-0.00197075	0.00127271	2
-103.626	44.7833	-0.00200901	0.00131732	2
-102.821	45.2378	-0.00204688	0.00136183	2
-102.008	45.6864	-0.00208432	0.00140619	2
-101.188	46.1292	-0.00212132	0.00145035	2
-100.361	46.5664	-0.00215785	0.00149427	2
-99.5288	46.9982	-0.00219388	0.0015379	2
-98.6906	47.4248	-0.00222938	0.0015812	2
-97.8472	47.8464	-0.00226433	0.00162412	2
-96.9988	48.2632	-0.0022987	0.00166662	2
-96.1459	48.6753	-0.00233247	0.00170866	2
-95.2888	49.083	-0.0023656	0.00175019	2
-94.4279	49.4863	-0.00239808	0.00179116	2
-93.5636	49.8856	-0.00242987	0.00183154	2
-92.6962	50.2809	-0.00246095	0.00187127	2
-91.8262	50.6726	-0.00249129	0.00191032	2
-90.964	51.0562	-0.00252054	0.00194819	2
-90.0899	51.4409	-0.00254933	0.00198573	2
-89.2143	51.8225	-0.00257731	0.00202246	2
-88.3376	52.201	-0.00260445	0.00205831	2
-87.4601	52.5767	-0.00263072	0.00209326	2
-86.5822	52.9498	-0.00265609	0.00212725	2
-85.7044	53.3205	-0.00268054	0.00216024	2
-84.8269	53.6889	-0.00270405	0.00219218	2
-83.9503	54.0552	-0.00272657	0.00222304	2
-83.0747	54.4196	-0.0027481	0.00225276	2
-82.2008	54.7823	-0.00276859	0.00228131	2
-81.3287	55.1435	-0.00278803	0.00230863	2
-80.4589	55.5033	-0.00280639	0.00233469	2
-79.5918	55.862	-0.00282365	0.00235943	2
-78.7278	56.2196	-0.00283976	0.00238282	2
-77.8672	56.5765	-0.00285472	0.0024048	2
-77.0105	56.9328	-0.00286849	0.00242534	2
-76.1579	57.2887	-0.00288105	0.00244439	2
-75.31	57.6443	-0.00289237	0.0024619	2
-74.4669	57.9999	-0.00290242	0.00247784	2
-73.6293	58.3556	-0.00291118	0.00249214	2
-72.7973	58.7116	-0.00291862	0.00250479	2
-71.9715	59.0681	-0.00292471	0.00251571	2
-71.1616	59.4212	-0.00292939	0.00252479	2
-70.349	59.7792	-0.00293272	0.00253217	2
-69.5437	60.1383	-0.00293464	0.00253771	2
-68.746	60.4986	-0.0029351	0.00254136	2

-75.0059	2.01262	6.86961e-07	-3.52295e-07	2
-75.5007	3.09611	5.7673e-05	-2.94739e-05	2
-75.982	4.18842	0.000111163	-5.65974e-05	2
-76.4441	5.27683	0.000160545	-8.14134e-05	2
-76.882	6.34879	0.000205398	-0.000103719	2
-77.3061	7.42912	0.000246839	-0.000124074	2
-77.7113	8.50525	0.000284401	-0.000142251	2
-78.0976	9.57705	0.00031816	-0.000158291	2
-78.4651	10.6444	0.000348191	-0.000172239	2
-78.814	11.7073	0.000374571	-0.000184137	2
-79.1443	12.7655	0.000397377	-0.000194028	2
-79.4561	13.819	0.000416684	-0.000201955	2
-79.7495	14.8677	0.000432568	-0.000207961	2
-80.0246	15.9114	0.000445106	-0.000212089	2
-80.2815	16.9501	0.000454374	-0.000214382	2
-80.5204	17.9836	0.000460448	-0.000214882	2
-80.7412	19.0119	0.000463405	-0.000213634	2
-80.9441	20.0349	0.00046332	-0.00021068	2
-81.1291	21.0523	0.000460269	-0.000206063	2
-81.2965	22.0643	0.000454329	-0.000199826	2
-81.4462	23.0705	0.000445576	-0.000192012	2
-81.5784	24.071	0.000434087	-0.000182664	2
-81.6931	25.0656	0.000419936	-0.000171825	2
-81.7905	26.0542	0.000403201	-0.000159538	2
-81.8706	27.0368	0.000383958	-0.000145846	2
-81.9336	28.0131	0.000362283	-0.000130791	2
-81.979	28.9721	0.000338541	-0.000114613	2
-82.0082	29.9359	0.000312256	-9.69783e-05	2
-82.0204	30.8932	0.000283767	-7.81096e-05	2
-82.0159	31.8438	0.000253149	-5.80504e-05	2
-81.9947	32.7878	0.000220479	-3.68436e-05	2
-81.9568	33.725	0.000185833	-1.45322e-05	2
-81.9025	34.6552	0.000149287	8.84084e-06	2
-81.8318	35.5785	0.000110918	3.32325e-05	2
-81.7448	36.4946	7.08018e-05	5.85998e-05	2
-81.6415	37.4036	2.90142e-05	8.48997e-05	2
-81.5221	38.3052	-1.43684e-05	0.000112089	2
-81.3867	39.1993	-5.92699e-05	0.000140125	2
-81.2354	40.086	-0.000105614	0.000168965	2
-81.0682	40.965	-0.000153324	0.000198566	2
-80.8853	41.8363	-0.000202325	0.000228884	2
-80.6868	42.6997	-0.00025254	0.000259877	2
-80.4727	43.5552	-0.000303893	0.000291501	2
-80.2431	44.4026	-0.000356308	0.000323714	2
-79.9981	45.2419	-0.000409708	0.000356473	2
-79.7379	46.0729	-0.000464017	0.000389735	2
-79.4625	46.8956	-0.00051916	0.000423456	2
-79.1721	47.7098	-0.000575059	0.000457594	2
-78.8666	48.5155	-0.00063164	0.000492106	2
-78.55	49.3033	-0.000688164	0.000526547	2
-78.215	50.0916	-0.000745872	0.000561674	2
-77.8653	50.871	-0.000804033	0.000597046	2
-77.501	51.6415	-0.000862572	0.000632621	2
-77.1222	52.4028	-0.00092141	0.000668355	2
-76.729	53.155	-0.000980474	0.000704205	2
-76.3214	53.8979	-0.00103969	0.000740129	2
-75.8996	54.6314	-0.00109897	0.000776082	2
-75.4636	55.3554	-0.00115825	0.000812023	2
-75.0137	56.0698	-0.00121745	0.000847909	2
-74.5497	56.7745	-0.00127649	0.000883696	2
-74.0719	57.4693	-0.00133531	0.000919341	2
-73.5804	58.1543	-0.00139381	0.000954801	2
-73.0752	58.8292	-0.00145193	0.000990033	2
-72.5564	59.4941	-0.00150958	0.001025	2
-72.0241	60.1487	-0.0015667	0.00105964	2
-71.4784	60.7929	-0.00162321	0.00109394	2
-70.9195	61.4268	-0.00167902	0.00112783	2
-70.3474	62.0501	-0.00173408	0.00116128	2
-69.7621	62.6628	-0.00178828	0.00119424	2
-69.1639	63.2647	-0.00184158	0.00122668	2
-68.5527	63.8558	-0.00189387	0.00125854	2
-67.9288	64.4359	-0.0019451	0.00128979	2
-67.2921	65.005	-0.00199518	0.00132038	2
-66.6503	65.5565	-0.00204348	0.00134993	2
-65.9886	66.1033	-0.00209105	0.00137909	2
-65.3145	66.6388	-0.00213725	0.00140746	2
-64.628	67.1627	-0.002182	0.001435	2
-63.9292	67.6751	-0.00222522	0.00146167	2
-63.2183	68.1758	-0.00226684	0.00148742	2
-62.4954	68.6648	-0.00230678	0.00151222	2
-61.7605	69.1418	-0.00234496	0.00153601	2
-61.0137	69.6069	-0.00238132	0.00155876	2
-60.2551	70.0599	-0.00241576	0.00158042	2
-59.4848	70.5007	-0.00244822	0.00160096	2
-58.703	70.9292	-0.00247863	0.00162032	2
-57.9096	71.3453	-0.00250689	0.00163846	2
-57.1049	71.7489	-0.00253294	0.00165535	2
-56.2888	72.1398	-0.00255671	0.00167093	2
-55.4616	72.5181	-0.00257811	0.00168517	2
-54.6232	72.8836	-0.00259707	0.00169802	2
-53.7738	73.2361	-0.00261351	0.00170944	2
-52.9135	73.5756	-0.00262736	0.00171938	2
-52.0423	73.902	-0.00263854	0.00172781	2
-51.1604	74.2152	-0.00264697	0.00173468	2
-50.2679	74.515	-0.00265258	0.00173995	2
-49.3648	74.8014	-0.0026553	0.00174357	2
-48.4618	75.0712	-0.00265506	0.00174549	2
-47.538	75.3306	-0.00265178	0.0017457	2
-46.6039	75.5762	-0.00264538	0.00174415	2
-45.6597	75.808	-0.00263578	0.00174078	2

-25.0006	2.01024	5.20022e-07	3.20306e-08	2
-25.0636	2.89202	4.38041e-05	2.42876e-06	2
-25.1551	3.78596	8.47287e-05	4.14496e-06	2
-25.2737	4.6817	0.000122818	5.16602e-06	2
-25.4169	5.56879	0.000157726	5.50922e-06	2
-25.5872	6.46775	0.000190309	5.19981e-06	2
-25.7823	7.36816	0.000220189	4.24736e-06	2
-26.0016	8.26989	0.00024741	2.66932e-06	2
-26.2443	9.17283	0.000272017	4.83117e-07	2
-26.5096	10.0769	0.000294053	-2.29381e-06	2
-26.7968	10.9819	0.000313564	-5.64404e-06	2
-27.1051	11.8877	0.000330593	-9.55012e-06	2
-27.4338	12.7943	0.000345185	-1.39946e-05	2
-27.7822	13.7015	0.000357384	-1.89601e-05	2
-28.1494	14.6092	0.000367235	-2.44292e-05	2
-28.5348	15.5173	0.000374781	-3.03844e-05	2
-28.9376	16.4256	0.000380067	-3.68082e-05	2
-29.357	17.3341	0.000383137	-4.36833e-05	2
-29.7923	18.2426	0.000384035	-5.09923e-05	2
-30.2427	19.1511	0.000382806	-5.87176e-05	2
-30.7076	20.0593	0.000379494	-6.68418e-05	2
-31.1861	20.9672	0.000374144	-7.53476e-05	2
-31.6775	21.8746	0.000366799	-8.42175e-05	2
-32.181	22.7815	0.000357503	-9.3434e-05	2
-32.696	23.6876	0.000346302	-0.00010298	2
-33.2216	24.593	0.00033324	-0.000112837	2
-33.7509	25.4871	0.000318541	-0.000122871	2
-34.2955	26.3905	0.000301908	-0.000133296	2
-34.8485	27.2928	0.000283546	-0.000143982	2
-35.4091	28.1938	0.000263499	-0.000154909	2
-35.9767	29.0934	0.000241812	-0.000166062	2
-36.5505	29.9915	0.000218528	-0.000177421	2
-37.1297	30.8879	0.000193691	-0.000188971	2
-37.7135	31.7826	0.000167347	-0.000200693	2
-38.3013	32.6755	0.00013954	-0.00021257	2
-38.8923	33.5663	0.000110313	-0.000224585	2
-39.4857	34.4551	7.97115e-05	-0.00023672	2
-40.0808	35.3416	4.77791e-05	-0.000248958	2
-40.6768	36.2258	1.45603e-05	-0.000261281	2
-41.273	37.1076	-1.99007e-05	-0.000273673	2
-41.8687	37.9867	-5.55594e-05	-0.000286114	2
-42.463	38.8632	-9.23718e-05	-0.000298589	2
-43.0553	39.7369	-0.000130293	-0.000311079	2
-43.6447	40.6076	-0.00016928	-0.000323567	2
-44.2307	41.4753	-0.000209287	-0.000336036	2
-44.8123	42.3398	-0.000250271	-0.000348468	2
-45.3888	43.201	-0.000292187	-0.000360847	2
-45.9596	44.0588	-0.00033499	-0.000373153	2
-46.5238	44.9131	-0.000378638	-0.000385371	2
-47.0743	45.754	-0.000422569	-0.000397343	2
-47.6233	46.6009	-0.000467762	-0.000409332	2
-48.1635	47.444	-0.000513666	-0.00042118	2
-48.6941	48.2831	-0.000560238	-0.000432869	2
-49.2145	49.118	-0.000607432	-0.000444382	2
-49.7238	49.9488	-0.000655204	-0.000455702	2
-50.2213	50.7751	-0.00070351	-0.00046681	2
-50.7063	51.597	-0.000752307	-0.000477691	2
-51.1781	52.4144	-0.000801548	-0.000488326	2
-51.6358	53.227	-0.000851191	-0.000498697	2
-52.0787	54.0348	-0.000901191	-0.000508788	2
-52.5061	54.8376	-0.000951504	-0.000518581	2
-52.9173	55.6354	-0.00100208	-0.000528059	2
-53.3114	56.428	-0.00105289	-0.000537204	2
-53.6878	57.2153	-0.00110388	-0.000545998	2
-54.0456	57.9972	-0.001155	-0.000554425	2
-54.3842	58.7736	-0.00120621	-0.000562466	2
-54.7027	59.5443	-0.00125747	-0.000570105	2
-55.0005	60.3093	-0.00130873	-0.000577323	2
-55.2768	61.0684	-0.00135995	-0.000584104	2
-55.5309	61.8214	-0.00141108	-0.000590431	2
-55.7619	62.5684	-0.00146209	-0.000596285	2
-55.9692	63.3091	-0.00151291	-0.000601649	2
-56.1519	64.0434	-0.00156353	-0.000606505	2
-56.3078	64.7629	-0.0016133	-0.000610791	2
-56.4396	65.4842	-0.00166334	-0.000614587	2
-56.5447	66.1989	-0.00171303	-0.000617824	2
-56.6223	66.9066	-0.00176233	-0.000620484	2
-56.6716	67.6075	-0.00181119	-0.00062255	2
-56.692	68.3013	-0.00185956	-0.000624005	2
-56.6826	68.9878	-0.00190741	-0.00062483	2
-56.6428	69.6671	-0.00195468	-0.000625009	2
-56.5717	70.339	-0.00200134	-0.000624523	2
-56.4687	71.0033	-0.00204733	-0.000623357	2
-56.3329	71.6599	-0.00209263	-0.000621491	2
-56.1636	72.3088	-0.00213717	-0.00061891	2
-55.9601	72.9498	-0.00218091	-0.000615594	2
-55.7217	73.5827	-0.00222382	-0.000611528	2
-55.4475	74.2075	-0.00226585	-0.000606693	2
-55.1368	74.8241	-0.00230695	-0.000601072	2
-54.789	75.4323	-0.00234708	-0.000594648	2
-54.4031	76.032	-0.00238619	-0.000587402	2
-53.9786	76.6231	-0.00242424	-0.000579319	2
-53.5146	77.2055	-0.00246119	-0.000570379	2
-53.0103	77.779	-0.00249699	-0.000560567	2
-52.4652	78.3436	-0.0025316	-0.000549864	2
-51.8783	78.8991	-0.00256497	-0.000538253	2
-51.2564	79.4392	-0.0025967	-0.000525865	2
-50.5843	79.9763	-0.00262749	-0.000512397	2
-49.8683	80.5039	-0.0026569	-0.000497968	2
-49.1076	81.022	-0.0026849	-0.000482562	2

24.9993	2.01158	-2.6733e-08	-1.79174e-07	2
24.926	2.99993	-2.12396e-06	-1.55235e-05	2
24.8236	3.98444	-3.85415e-06	-3.09188e-05	2
24.6933	4.95382	-5.21249e-06	-4.61898e-05	2
24.5377	5.89746	-6.2112e-06	-6.11671e-05	2
24.3539	6.8376	-6.89522e-06	-7.62029e-05	2
24.1439	7.76346	-7.27289e-06	-9.11263e-05	2
23.9085	8.67534	-7.36613e-06	-0.000105941	2
23.6482	9.57353	-7.19684e-06	-0.000120652	2
23.3636	10.4583	-6.78696e-06	-0.000135262	2
23.0553	11.33	-6.1584e-06	-0.000149776	2
22.7239	12.1888	-5.33308e-06	-0.000164197	2
22.3699	13.035	-4.33291e-06	-0.00017853	2
21.994	13.8691	-3.17982e-06	-0.000192778	2
21.5967	14.6911	-1.89572e-06	-0.000206945	2
21.1787	15.5015	-5.0253e-07	-0.000221036	2
20.7405	16.3004	9.77833e-07	-0.000235055	2
20.2827	17.0883	2.52345e-06	-0.000249004	2
19.8059	17.8653	4.1124e-06	-0.000262889	2
19.3107	18.6319	5.72277e-06	-0.000276713	2
18.7977	19.3881	7.33264e-06	-0.000290481	2
18.2675	20.1344	8.92009e-06	-0.000304196	2
17.7206	20.8711	1.04632e-05	-0.000317862	2
17.1577	21.5984	1.19401e-05	-0.000331483	2
16.5794	22.3165	1.33287e-05	-0.000345063	2
15.9861	23.0259	1.46073e-05	-0.000358606	2
15.3857	23.7188	1.57416e-05	-0.000371962	2
14.7647	24.4115	1.67361e-05	-0.000385444	2
14.1306	25.0963	1.75551e-05	-0.000398901	2
13.4839	25.7734	1.81765e-05	-0.000412337	2
12.8253	26.4432	1.85785e-05	-0.000425756	2
12.1554	27.1058	1.87392e-05	-0.000439161	2
11.4748	27.7617	1.86366e-05	-0.000452558	2
10.784	28.4111	1.82488e-05	-0.00046595	2
10.0836	29.0543	1.75539e-05	-0.00047934	2
9.37429	29.6915	1.653e-05	-0.000492733	2
8.65656	30.3231	1.51552e-05	-0.000506133	2
7.93105	30.9494	1.34075e-05	-0.000519544	2
7.19832	31.5706	1.1265e-05	-0.00053297	2
6.45899	32.187	8.70583e-06	-0.000546414	2
5.71362	32.7989	5.70805e-06	-0.000559881	2
4.96282	33.4066	2.24974e-06	-0.000573374	2
4.20718	34.0104	-1.69102e-06	-0.000586899	2
3.44727	34.6106	-6.13615e-06	-0.000600458	2
2.68371	35.2074	-1.11076e-05	-0.000614055	2
1.91706	35.8012	-1.66272e-05	-0.000627695	2
1.14793	36.3923	-2.27169e-05	-0.000641381	2
0.376899	36.9808	-2.93987e-05	-0.000655118	2
-0.395438	37.5672	-3.66944e-05	-0.00066891	2
-1.1596	38.145	-4.45311e-05	-0.0006826	2
-1.93279	38.7278	-5.31128e-05	-0.000696512	2
-2.70552	39.3094	-6.2374e-05	-0.00071049	2
-3.4772	39.8899	-7.23365e-05	-0.000724538	2
-4.24725	40.4697	-8.30224e-05	-0.000738661	2
-5.01508	41.049	-9.44534e-05	-0.000752862	2
-5.78009	41.6281	-0.000106652	-0.000767145	2
-6.5417	42.2074	-0.000119639	-0.000781514	2
-7.29931	42.7871	-0.000133437	-0.000795974	2
-8.05234	43.3674	-0.000148068	-0.000810527	2
-8.8002	43.9487	-0.000163554	-0.000825179	2
-9.54229	44.5313	-0.000179917	-0.000839933	2
-10.278	45.1154	-0.000197178	-0.000854793	2
-11.0068	45.7014	-0.00021536	-0.000869763	2
-11.7281	46.2895	-0.000234484	-0.000884848	2
-12.4412	46.8801	-0.000254573	-0.00090005	2
-13.1457	47.4733	-0.000275648	-0.000915374	2
-13.8408	48.0695	-0.000297731	-0.000930824	2
-14.5261	48.669	-0.000320844	-0.000946404	2
-15.2008	49.2721	-0.00034501	-0.000962118	2
-15.8645	49.879	-0.000370249	-0.00097797	2
-16.5165	50.4901	-0.000396584	-0.000993963	2
-17.1563	51.1056	-0.000424037	-0.0010101	2
-17.7832	51.7259	-0.00045263	-0.00102639	2
-18.3898	52.3439	-0.000482036	-0.00104265	2
-18.9894	52.9744	-0.000512961	-0.00105924	2
-19.5745	53.6104	-0.00054509	-0.001076	2
-20.1443	54.2523	-0.000578447	-0.00109293	2
-20.6984	54.9004	-0.000613053	-0.00111003	2
-21.2361	55.5549	-0.00064893	-0.0011273	2
-21.7569	56.2162	-0.000686099	-0.00114474	2
-22.2601	56.8845	-0.000724584	-0.00116237	2
-22.7451	57.56	-0.000764405	-0.00118019	2
-23.2114	58.2432	-0.000805585	-0.00119819	2
-23.6584	58.9343	-0.000848146	-0.00121639	2
-24.0855	59.6335	-0.000892109	-0.00123478	2
-24.4921	60.3412	-0.000937497	-0.00125338	2
-24.8776	61.0576	-0.000984331	-0.00127218	2
-25.2414	61.7831	-0.00103263	-0.00129119	2
-25.583	62.5179	-0.00108242	-0.00131041	2
-25.9017	63.2623	-0.00113373	-0.00132985	2
-26.1969	64.0166	-0.00118657	-0.00134952	2
-26.4681	64.7811	-0.00124096	-0.0013694	2
-26.7147	65.5561	-0.00129693	-0.00138952	2
-26.936	66.3418	-0.00135451	-0.00140987	2
-27.1316	67.1386	-0.0014137	-0.00143046	2
-27.3007	67.9467	-0.00147454	-0.00145129	2
-27.4414	68.757	-0.00153631	-0.00147212	2
-27.5563	69.5885	-0.00160048	-0.00149344	2
-27.643	70.4322	-0.00166636	-0.00151501	2
-27.701	71.2884	-0.00173397	-0.00153684	2

74.9986	2.01286	5.36997e-07	-4.56201e-07	2
74.8666	3.11087	4.71398e-05	-3.82484e-05	2
74.7106	4.20605	9.51198e-05	-7.3614e-05	2
74.5326	5.2858	0.000143922	-0.000106147	2
74.3353	6.33822	0.000192954	-0.00013557	2
74.1144	7.38805	0.000243338	-0.000162616	2
73.8725	8.42323	0.000294492	-0.000186979	2
73.61	9.444	0.000346396	-0.000208706	2
73.3272	10.4506	0.000399034	-0.000227849	2
73.0246	11.4434	0.000452388	-0.000244456	2
72.7025	12.4225	0.000506439	-0.000258578	2
72.3612	13.3883	0.00056117	-0.000270264	2
72.0012	14.341	0.000616563	-0.000279564	2
71.6228	15.2808	0.0006726	-0.000286527	2
71.2264	16.208	0.000729263	-0.000291203	2
70.8124	17.123	0.000786535	-0.000293643	2
70.3811	18.0258	0.000844398	-0.000293895	2
69.9329	18.9169	0.000902833	-0.00029201	2
69.4682	19.7964	0.000961824	-0.000288037	2
68.9873	20.6646	0.00102135	-0.000282026	2
68.4907	21.5218	0.0010814	-0.000274026	2
67.9787	22.3682	0.00114195	-0.000264088	2
67.4517	23.2041	0.00120298	-0.00025226	2
66.91	24.0298	0.00126448	-0.000238594	2
66.354	24.8454	0.00132642	-0.000223138	2
65.7842	25.6514	0.0013888	-0.000205942	2
65.2076	26.4387	0.00145086	-0.000187282	2
64.6112	27.2261	0.00151404	-0.000166774	2
64.002	28.0045	0.0015776	-0.000144675	2
63.3805	28.7742	0.00164151	-0.000121035	2
62.7468	29.5355	0.00170577	-9.59024e-05	2
62.1015	30.2886	0.00177035	-6.93278e-05	2
61.445	31.0337	0.00183523	-4.1361e-05	2
60.7775	31.7712	0.0019004	-1.20514e-05	2
60.0994	32.5013	0.00196585	1.85511e-05	2
59.4112	33.2243	0.00203154	5.03968e-05	2
58.7132	33.9404	0.00209747	8.3436e-05	2
58.0058	34.6498	0.00216361	0.000117619	2
57.2893	35.3529	0.00222996	0.000152896	2
56.5641	36.0499	0.00229648	0.000189217	2
55.8306	36.7411	0.00236317	0.000226534	2
55.0892	37.4266	0.00243	0.000264794	2
54.3403	38.1068	0.00249696	0.000303951	2
53.5841	38.782	0.00256403	0.000343952	2
52.8212	39.4524	0.00263119	0.00038475	2
52.0518	40.1182	0.00269842	0.000426293	2
51.2763	40.7797	0.00276571	0.000468533	2
50.4952	41.4372	0.00283304	0.000511419	2
49.7087	42.0909	0.00290039	0.000554903	2
48.9264	42.7336	0.00296696	0.000598424	2
48.1305	43.3806	0.0030343	0.000642947	2
47.3303	44.0246	0.0031016	0.000687918	2
46.5264	44.6658	0.00316885	0.000733287	2
45.7189	45.3046	0.00323604	0.000779005	2
44.9084	45.9412	0.00330313	0.000825023	2
44.0952	46.5758	0.00337012	0.00087129	2
43.2797	47.2086	0.00343699	0.000917756	2
42.4622	47.8401	0.00350372	0.000964373	2
41.6431	48.4704	0.00357029	0.00101109	2
40.8228	49.0997	0.00363669	0.00105786	2
40.0016	49.7284	0.00370289	0.00110463	2
39.18	50.3567	0.00376888	0.00115135	2
38.3583	50.9848	0.00383464	0.00119797	2
37.5368	51.6131	0.00390016	0.00124444	2
36.716	52.2417	0.00396541	0.00129071	2
35.8963	52.871	0.00403037	0.00133674	2
35.0779	53.5011	0.00409504	0.00138247	2
34.2613	54.1324	0.00415939	0.00142785	2
33.4469	54.7651	0.0042234	0.00147284	2
32.6349	55.3995	0.00428706	0.00151738	2
31.8259	56.0358	0.00435034	0.00156142	2
31.0201	56.6743	0.00441324	0.00160492	2
30.218	57.3153	0.00447573	0.00164782	2
29.429	57.9515	0.00453708	0.00168959	2
28.6352	58.5981	0.0045987	0.00173116	2
27.8462	59.2479	0.00465987	0.00177198	2
27.0623	59.9012	0.00472055	0.00181201	2
26.2839	60.5583	0.00478074	0.0018512	2
25.5114	61.2193	0.00484041	0.00188949	2
24.7451	61.8846	0.00489956	0.00192684	2
23.9854	62.5544	0.00495815	0.0019632	2
23.2328	63.229	0.00501617	0.00199851	2
22.4875	63.9086	0.00507361	0.00203273	2
21.7499	64.5936	0.00513045	0.00206581	2
21.0205	65.284	0.00518666	0.0020977	2
20.2995	65.9804	0.00524223	0.00212835	2
19.5875	66.6827	0.00529715	0.0021577	2
18.8846	67.3914	0.00535139	0.00218572	2
18.1914	68.1067	0.00540494	0.00221234	2
17.5081	68.8289	0.00545778	0.00223752	2
16.8352	69.5582	0.0055099	0.00226122	2
16.173	70.2948	0.00556126	0.00228337	2
15.5219	71.0391	0.00561186	0.00230393	2
14.8823	71.7912	0.00566168	0.00232286	2
14.2546	72.5516	0.0057107	0.00234009	2
13.639	73.3203	0.0057589	0.00235559	2
13.043	74.0887	0.00580573	0.00236915	2
12.4528	74.8749	0.00585225	0.00238104	2
11.8761	75.6703	0.0058979	0.00239105	2
11.313	76.4751	0.00594267	0.00239912	2

124.998	2.01277	8.54786e-07	-1.95552e-08	2
124.808	3.10807	7.42138e-05	-2.32388e-06	2
124.631	4.20989	0.00014812	-5.90134e-06	2
124.47	5.30551	0.000221721	-1.07233e-05	2
124.326	6.38249	0.000294177	-1.6704e-05	2
124.195	7.46595	0.000367175	-2.39736e-05	2
124.079	8.54336	0.000439873	-3.24605e-05	2
123.978	9.61478	0.000512272	-4.21556e-05	2
123.892	10.6803	0.000584374	-5.30497e-05	2
123.821	11.7399	0.000656182	-6.51339e-05	2
123.764	12.7937	0.000727696	-7.83989e-05	2
123.721	13.8417	0.000798919	-9.28357e-05	2
123.692	14.8839	0.000869852	-0.000108435	2
123.677	15.9205	0.000940498	-0.000125188	2
123.676	16.9515	0.00101086	-0.000143086	2
123.689	17.977	0.00108093	-0.000162119	2
123.714	18.9969	0.00115072	-0.000182278	2
123.754	20.0113	0.00122024	-0.000203554	2
123.806	21.0204	0.00128947	-0.000225939	2
123.871	22.0241	0.00135843	-0.000249422	2
123.948	23.0225	0.00142711	-0.000273996	2
124.039	24.0157	0.00149551	-0.00029965	2
124.142	25.0036	0.00156365	-0.000326375	2
124.256	25.9864	0.00163151	-0.000354164	2
124.384	26.9642	0.00169911	-0.000383005	2
124.522	27.9369	0.00176644	-0.000412892	2
124.671	28.8935	0.00183274	-0.000443452	2
124.833	29.8563	0.00189954	-0.000475388	2
125.007	30.8143	0.00196609	-0.000508341	2
125.192	31.7674	0.00203237	-0.000542302	2
125.388	32.7158	0.0020984	-0.000577262	2
125.594	33.6595	0.00216418	-0.000613212	2
125.812	34.5984	0.00222969	-0.000650142	2
126.04	35.5328	0.00229496	-0.000688044	2
126.278	36.4626	0.00235998	-0.000726909	2
126.527	37.388	0.00242475	-0.000766728	2
126.786	38.3088	0.00248927	-0.00080749	2
127.055	39.2253	0.00255354	-0.000849188	2
127.333	40.1374	0.00261758	-0.000891812	2
127.621	41.0452	0.00268137	-0.000935353	2
127.918	41.9488	0.00274492	-0.000979803	2
128.225	42.8482	0.00280823	-0.00102515	2
128.541	43.7434	0.00287131	-0.00107139	2
128.866	44.6346	0.00293415	-0.00111851	2
129.199	45.5217	0.00299677	-0.0011665	2
129.541	46.4049	0.00305915	-0.00121535	2
129.891	47.2841	0.0031213	-0.00126505	2
130.25	48.1595	0.00318322	-0.0013156	2
130.617	49.031	0.00324492	-0.00136699	2
130.987	49.8888	0.00330569	-0.0014186	2
131.369	50.753	0.00336695	-0.00147161	2
131.759	51.6134	0.00342799	-0.00152544	2
132.157	52.4702	0.0034888	-0.00158007	2
132.561	53.3235	0.00354941	-0.00163548	2
132.973	54.1733	0.00360979	-0.00169168	2
133.391	55.0197	0.00366997	-0.00174864	2
133.817	55.8626	0.00372993	-0.00180637	2
134.249	56.7022	0.00378968	-0.00186486	2
134.687	57.5385	0.00384923	-0.00192408	2
135.132	58.3716	0.00390857	-0.00198405	2
135.582	59.2015	0.00396771	-0.00204474	2
136.039	60.0283	0.00402664	-0.00210614	2
136.501	60.8519	0.00408538	-0.00216825	2
136.969	61.6726	0.00414392	-0.00223107	2
137.443	62.4903	0.00420225	-0.00229457	2
137.921	63.3051	0.0042604	-0.00235875	2
138.405	64.117	0.00431835	-0.0024236	2
138.893	64.926	0.00437611	-0.00248912	2
139.387	65.7324	0.00443368	-0.00255529	2
139.885	66.536	0.00449106	-0.0026221	2
140.387	67.337	0.00454826	-0.00268955	2
140.894	68.1353	0.00460527	-0.00275762	2
141.405	68.9311	0.0046621	-0.00282632	2
141.913	69.7154	0.0047181	-0.00289481	2
142.432	70.5063	0.00477457	-0.0029647	2
142.954	71.2948	0.00483087	-0.00303518	2
143.479	72.081	0.00488699	-0.00310625	2
144.008	72.8649	0.00494293	-0.00317788	2
144.54	73.6465	0.00499871	-0.00325007	2
145.075	74.426	0.00505431	-0.00332282	2
145.612	75.2034	0.00510975	-0.00339611	2
146.152	75.9786	0.00516502	-0.00346994	2
146.695	76.7519	0.00522012	-0.00354429	2
147.239	77.5232	0.00527506	-0.00361916	2
147.786	78.2926	0.00532985	-0.00369454	2
148.335	79.0601	0.00538447	-0.00377041	2
148.886	79.8258	0.00543893	-0.00384678	2
149.438	80.5898	0.00549324	-0.00392362	2
149.992	81.352	0.0055474	-0.00400094	2
150.546	82.1126	0.0056014	-0.00407872	2
151.102	82.8717	0.00565525	-0.00415695	2
151.659	83.6291	0.00570896	-0.00423563	2
152.217	84.3851	0.00576251	-0.00431474	2
152.775	85.1396	0.00581593	-0.00439427	2
153.334	85.8928	0.00586919	-0.00447423	2
153.893	86.6446	0.00592232	-0.00455459	2
154.446	87.3865	0.0059747	-0.00463442	2
155.005	88.1359	0.00602755	-0.00471556	2
155.564	88.884	0.00608027	-0.00479709	2
156.122	89.631	0.00613285	-0.00487898	2

