-125.001	2.01023	5.31686e-07	3.14486e-08	2
-125.081	2.89107	4.47615e-05	2.38749e-06	2
-125.189	3.78434	8.65285e-05	4.08133e-06	2
-125.323	4.67968	0.000125347	5.09891e-06	2
-125.48	5.56664	0.000160868	5.4572e-06	2
-125.663	6.46572	0.000193961	5.18176e-06	2
-125.87	7.3665	0.000224245	4.28207e-06	2
-126.101	8.26885	0.000251765	2.77553e-06	2
-126.353	9.17264	0.000276567	6.79537e-07	2
-126.627	10.0777	0.000298699	-1.9885e-06	2
-126.922	10.9841	0.000318205	-5.21119e-06	2
-127.237	11.8914	0.000335132	-8.97112e-06	2
-127.572	12.7997	0.000349527	-1.32509e-05	2
-127.925	13.7089	0.000361436	-1.80331e-05	2
-128.296	14.6187	0.000370905	-2.33004e-05	2
-128.684	15.5291	0.00037798	-2.90353e-05	2
-129.089	16.44	0.000382707	-3.52205e-05	2
-129.509	17.3511	0.000385133	-4.18385e-05	2
-129.945	18.2625	0.000385305	-4.8872e-05	2
-130.395	19.1739	0.000383267	-5.63035e-05	2
-130.858	20.0853	0.000379067	-6.41156e-05	2
-131.334	20.9964	0.000372751	-7.2291e-05	2
-131.823	21.9073	0.000364364	-8.08122e-05	2
-132.322	22.8178	0.000353954	-8.96619e-05	2
-132.832	23.7276	0.000341567	-9.88226e-05	2
-133.353	24.6368	0.000327248	-0.000108277	2
-133.876	25.5348	0.000311241	-0.000117894	2
-134.414	26.4423	0.000293219	-0.000127881	2
-134.959	27.3487	0.000273405	-0.000138109	2
-135.511	28.2539	0.000251843	-0.000148561	2
-136.07	29.1578	0.000228581	-0.000159221	2
-136.634	30.0603	0.000203665	-0.000170069	2
-137.203	30.9612	0.000177141	-0.00018109	2
-137.777	31.8605	0.000149055	-0.000192266	2
-138.353	32.7579	0.000119453	-0.000203578	2
-138.932	33.6534	8.8382e-05	-0.000215011	2
-139.513	34.5469	5.5888e-05	-0.000226545	2
-140.095	35.4381	2.20173e-05	-0.000238165	2
-140.677	36.3271	-1.3184e-05	-0.000249853	2
-141.26	37.2136	-4.96696e-05	-0.000261591	2
-141.841	38.0975	-8.73932e-05	-0.000273361	2
-142.42	38.9788	-0.000126309	-0.000285147	2
-142.997	39.8573	-0.000166369	-0.000296932	2
-143.57	40.7328	-0.00020753	-0.000308696	2
-144.14	41.6053	-0.000249743	-0.000320424	2
-144.705	42.4745	-0.000292963	-0.000332098	2
-145.265	43.3405	-0.000337143	-0.0003437	2
-145.818	44.203	-0.000382238	-0.000355214	2
-146.364	45.062	-0.000428201	-0.00036662	2
-146.897	45.9075	-0.000474444	-0.000377775	2
-147.428	46.759	-0.000521995	-0.000388918	2
-147.949	47.6066	-0.000570276	-0.000399904	2
-148.461	48.4501	-0.000619241	-0.000410713	2
-148.962	49.2894	-0.000668844	-0.000421329	2
-149.452	50.1245	-0.000719037	-0.000431735	2
-149.93	50.955	-0.000769775	-0.000441913	2
-150.395	51.7811	-0.000821012	-0.000451845	2
-150.847	52.6024	-0.000872701	-0.000461515	2
-151.284	53.4189	-0.000924796	-0.000470905	2
-151.707	54.2305	-0.000977251	-0.000479997	2
-152.114	55.0371	-0.00103002	-0.000488773	2
-152.505	55.8384	-0.00108306	-0.000497218	2
-152.878	56.6344	-0.00113631	-0.000505313	2
-153.234	57.425	-0.00118974	-0.00051304	2
-153.571	58.21	-0.0012433	-0.000520383	2
-153.889	58.9894	-0.00129695	-0.000527324	2
-154.187	59.7629	-0.00135063	-0.000533846	2
-154.464	60.5305	-0.00140429	-0.000539931	2
-154.719	61.292	-0.00145791	-0.000545562	2
-154.952	62.0473	-0.00151142	-0.000550721	2
-155.163	62.7964	-0.00156478	-0.000555391	2
-155.349	63.5389	-0.00161794	-0.000559555	2
-155.512	64.275	-0.00167086	-0.000563195	2
-155.647	64.9959	-0.0017229	-0.000566261	2
-155.759	65.7185	-0.0017752	-0.000568808	2
-155.844	66.4342	-0.00182713	-0.000570779	2
-155.901	67.1428	-0.00187863	-0.000572156	2
-155.931	67.8442	-0.00192966	-0.000572924	2
-155.932	68.5383	-0.00198017	-0.000573063	2
-155.903	69.2249	-0.00203012	-0.000572557	2
-155.844	69.904	-0.00207945	-0.000571388	2
-155.754	70.5754	-0.00212813	-0.000569539	2
-155.633	71.2389	-0.0021761	-0.000566992	2
-155.478	71.8946	-0.00222333	-0.00056373	2
-155.291	72.5421	-0.00226976	-0.000559736	2
-155.07	73.1815	-0.00231534	-0.000554992	2
-154.814	73.8126	-0.00236004	-0.000549481	2
-154.523	74.4352	-0.0024038	-0.000543185	2
-154.196	75.0493	-0.00244659	-0.000536088	2
-153.832	75.6546	-0.00248834	-0.000528171	2
-153.43	76.2512	-0.00252902	-0.000519417	2
-152.99	76.8388	-0.00256859	-0.000509809	2
-152.511	77.4173	-0.00260698	-0.000499329	2
-151.992	77.9867	-0.00264417	-0.00048796	2
-151.433	78.5467	-0.00268009	-0.000475685	2
-150.833	79.0973	-0.00271471	-0.000462487	2
-150.198	79.6322	-0.00274761	-0.000448514	2
-149.514	80.1636	-0.0027795	-0.000433427	2
-148.786	80.6852	-0.00280995	-0.000417364	2
-148.014	81.1969	-0.0028389	-0.000400307	2

-75.0007	2.01165	-1.66679e-09	-1.83312e-07	2
-75.0736	3.00616	3.3306e-08	-1.58755e-05	2
-75.1758	3.99685	4.13032e-07	-3.16064e-05	2
-75.3059	4.97235	1.11751e-06	-4.71961e-05	2
-75.4615	5.922	2.11185e-06	-6.24711e-05	2
-75.6455	6.86816	3.39772e-06	-7.77902e-05	2
-75.8557	7.8	4.94359e-06	-9.29782e-05	2
-76.0914	8.7178	6.7278e-06	-0.000108039	2
-76.3522	9.62187	8.72867e-06	-0.000122975	2
-76.6373	10.5125	1.09245e-05	-0.000137791	2
-76.9463	11.3899	1.32937e-05	-0.000152489	2
-77.2784	12.2545	1.58146e-05	-0.000167074	2
-77.6331	13.1065	1.84655e-05	-0.000181548	2
-78.0098	13.9462	2.12247e-05	-0.000195915	2
-78.4079	14.7739	2.40705e-05	-0.000210179	2
-78.8268	15.5898	2.69814e-05	-0.000224343	2
-79.2659	16.3944	2.99355e-05	-0.00023841	2
-79.7246	17.1877	3.29114e-05	-0.000252383	2
-80.2022	17.9703	3.58872e-05	-0.000266267	2
-80.6983	18.7423	3.88414e-05	-0.000280064	2
-81.2122	19.504	4.17522e-05	-0.000293778	2
-81.7434	20.2557	4.4598e-05	-0.000307413	2
-82.2911	20.9978	4.73572e-05	-0.000320972	2
-82.8548	21.7304	5.0008e-05	-0.000334458	2
-83.4339	22.4539	5.25288e-05	-0.000347874	2
-84.0279	23.1686	5.48979e-05	-0.000361225	2
-84.629	23.8667	5.70695e-05	-0.000374361	2
-85.2506	24.5648	5.90726e-05	-0.000387591	2
-85.8853	25.2548	6.08593e-05	-0.000400765	2
-86.5324	25.9372	6.24079e-05	-0.000413887	2
-87.1913	26.6122	6.36968e-05	-0.00042696	2
-87.8614	27.2801	6.47042e-05	-0.000439988	2
-88.5422	27.9412	6.54085e-05	-0.000452974	2
-89.233	28.5958	6.57881e-05	-0.000465922	2
-89.9332	29.2442	6.58212e-05	-0.000478834	2
-90.6423	29.8867	6.54862e-05	-0.000491715	2
-91.3596	30.5235	6.47615e-05	-0.000504568	2
-92.0845	31.1549	6.36253e-05	-0.000517396	2
-92.8165	31.7813	6.2056e-05	-0.000530202	2
-93.555	32.4029	6.0032e-05	-0.000542991	2
-94.2993	33.02	5.75315e-05	-0.000555765	2
-95.0488	33.6329	5.4533e-05	-0.000568528	2
-95.8029	34.2419	5.10146e-05	-0.000581283	2
-96.5612	34.8473	4.69548e-05	-0.000594034	2
-97.3228	35.4494	4.2332e-05	-0.000606784	2
-98.0874	36.0484	3.71243e-05	-0.000619537	2
-98.8541	36.6446	3.13102e-05	-0.000632296	2
-99.6226	37.2385	2.48681e-05	-0.000645065	2
-100.392	37.8301	1.77761e-05	-0.000657846	2
-101.153	38.4131	1.01058e-05	-0.000670496	2
-101.923	39.0012	1.65743e-06	-0.000683314	2
-102.692	39.5881	-7.50551e-06	-0.000696154	2
-103.46	40.174	-1.74046e-05	-0.000709021	2
-104.226	40.7591	-2.80616e-05	-0.000721918	2
-104.989	41.3438	-3.94981e-05	-0.000734848	2
-105.749	41.9283	-5.17358e-05	-0.000747815	2
-106.506	42.513	-6.47964e-05	-0.000760823	2
-107.258	43.0981	-7.87015e-05	-0.000773874	2
-108.005	43.6839	-9.34727e-05	-0.000786972	2
-108.747	44.2707	-0.000109132	-0.000800121	2
-109.482	44.8588	-0.000125701	-0.000813324	2
-110.211	45.4485	-0.0001432	-0.000826584	2
-110.933	46.0401	-0.000161653	-0.000839905	2
-111.646	46.6339	-0.00018108	-0.000853291	2
-112.351	47.2301	-0.000201504	-0.000866744	2
-113.047	47.829	-0.000222945	-0.000880268	2
-113.734	48.431	-0.000245426	-0.000893867	2
-114.41	49.0363	-0.000268968	-0.000907543	2
-115.075	49.6452	-0.000293593	-0.000921302	2
-115.728	50.258	-0.000319322	-0.000935144	2
-116.37	50.875	-0.000346178	-0.000949076	2
-116.999	51.4965	-0.000374181	-0.000963098	2
-117.614	52.1228	-0.000403354	-0.000977216	2
-118.209	52.7468	-0.000433363	-0.000991269	2
-118.796	53.3834	-0.000464926	-0.00100559	2
-119.368	54.0256	-0.000497723	-0.00102001	2
-119.925	54.6738	-0.000531776	-0.00103454	2
-120.465	55.3281	-0.000567107	-0.00104918	2
-120.988	55.989	-0.000603738	-0.00106394	2
-121.494	56.6567	-0.000641689	-0.00107882	2
-121.982	57.3314	-0.000680982	-0.00109382	2
-122.451	58.0135	-0.00072164	-0.00110895	2
-122.901	58.7033	-0.000763684	-0.0011242	2
-123.331	59.401	-0.000807136	-0.00113959	2
-123.741	60.1069	-0.000852017	-0.00115512	2
-124.129	60.8214	-0.000898349	-0.00117078	2
-124.496	61.5447	-0.000946153	-0.00118659	2
-124.84	62.2771	-0.000995452	-0.00120254	2
-125.162	63.0189	-0.00104627	-0.00121865	2
-125.46	63.7704	-0.00109862	-0.00123491	2
-125.734	64.5319	-0.00115253	-0.00125132	2
-125.984	65.3036	-0.00120802	-0.00126789	2
-126.208	66.0859	-0.00126512	-0.00128463	2
-126.406	66.879	-0.00132384	-0.00130154	2
-126.578	67.6832	-0.0013842	-0.00131861	2
-126.723	68.4989	-0.00144624	-0.00133586	2
-126.839	69.3167	-0.00150922	-0.00135308	2
-126.928	70.1559	-0.00157463	-0.00137069	2
-126.988	71.0075	-0.00164178	-0.00138848	2
-127.019	71.8716	-0.00171068	-0.00140646	2

-25.0016	2.01303	5.77856e-07	-4.30359e-07	2
-25.1528	3.1256	5.05527e-05	-3.60449e-05	2
-25.3284	4.23439	0.000101661	-6.92964e-05	2
-25.5263	5.32664	0.000153312	-9.98026e-05	2
-25.7436	6.39035	0.000204888	-0.000127307	2
-25.9849	7.45054	0.000257575	-0.000152497	2
-26.2475	8.49502	0.000310764	-0.000175086	2
-26.531	9.52408	0.000364439	-0.00019512	2
-26.8349	10.538	0.000418587	-0.00021265	2
-27.1589	11.537	0.000473195	-0.000227721	2
-27.5027	12.5215	0.000528248	-0.000240384	2
-27.8658	13.4916	0.000583733	-0.000250685	2
-28.2479	14.4477	0.000639636	-0.000258673	2
-28.6485	15.3901	0.000695943	-0.000264395	2
-29.0674	16.319	0.00075264	-0.0002679	2
-29.5041	17.2346	0.000809714	-0.000269237	2
-29.9582	18.1374	0.00086715	-0.000268452	2
-30.4295	19.0275	0.000924935	-0.000265594	2
-30.9174	19.9053	0.000983056	-0.000260711	2
-31.4216	20.7709	0.0010415	-0.000253852	2
-31.9418	21.6248	0.00110025	-0.000245063	2
-32.4775	22.4671	0.00115929	-0.000234394	2
-33.0284	23.2982	0.00121861	-0.000221892	2
-33.594	24.1184	0.0012782	-0.000207605	2
-34.1741	24.9278	0.00133804	-0.000191582	2
-34.7682	25.7268	0.00139812	-0.000173871	2
-35.3689	26.5067	0.00145773	-0.00015475	2
-35.9898	27.2859	0.00151824	-0.000133823	2
-36.6236	28.0554	0.00157895	-0.000111352	2
-37.2699	28.8157	0.00163984	-8.73838e-05	2
-37.9284	29.567	0.00170091	-6.19668e-05	2
-38.5986	30.3095	0.00176212	-3.51491e-05	2
-39.2802	31.0435	0.00182348	-6.97866e-06	2
-39.9728	31.7694	0.00188497	2.24963e-05	2
-40.676	32.4874	0.00194657	5.32279e-05	2
-41.3895	33.1977	0.00200827	8.51679e-05	2
-42.1128	33.9007	0.00207006	0.000118268	2
-42.8456	34.5966	0.00213193	0.000152481	2
-43.5875	35.2857	0.00219385	0.000187758	2
-44.3381	35.9683	0.00225581	0.000224052	2
-45.0971	36.6447	0.00231781	0.000261313	2
-45.864	37.3151	0.00237983	0.000299495	2
-46.6385	37.9798	0.00244184	0.000338549	2
-47.4202	38.6392	0.00250385	0.000378426	2
-48.2088	39.2934	0.00256584	0.00041908	2
-49.0037	39.9428	0.00262779	0.000460462	2
-49.8048	40.5876	0.00268968	0.000502523	2
-50.6115	41.2281	0.00275151	0.000545216	2
-51.4236	41.8646	0.00281326	0.000588493	2
-52.2311	42.4902	0.00287422	0.000631799	2
-53.0526	43.1196	0.00293577	0.000676094	2
-53.8782	43.7458	0.0029972	0.000720829	2
-54.7077	44.3691	0.0030585	0.000765956	2
-55.5405	44.9898	0.00311965	0.000811426	2
-56.3764	45.6082	0.00318064	0.000857193	2
-57.2149	46.2245	0.00324146	0.000903208	2
-58.0557	46.839	0.00330208	0.000949422	2
-58.8984	47.4521	0.0033625	0.000995788	2
-59.7426	48.0639	0.0034227	0.00104226	2
-60.5879	48.6747	0.00348268	0.00108878	2
-61.434	49.2849	0.00354241	0.00113532	2
-62.2805	49.8948	0.00360188	0.00118181	2
-63.127	50.5045	0.00366108	0.00122821	2
-63.9731	51.1144	0.00371999	0.00127448	2
-64.8184	51.7247	0.0037786	0.00132056	2
-65.6626	52.3357	0.0038369	0.00136641	2
-66.5052	52.9478	0.00389487	0.00141198	2
-67.346	53.5612	0.0039525	0.00145722	2
-68.1844	54.1761	0.00400977	0.00150208	2
-69.0202	54.7928	0.00406668	0.00154652	2
-69.853	55.4117	0.0041232	0.00159049	2
-70.6824	56.033	0.00417933	0.00163393	2
-71.5079	56.657	0.00423504	0.00167681	2
-72.3198	57.2767	0.0042897	0.00171858	2
-73.1367	57.9068	0.00434456	0.00176018	2
-73.9486	58.5404	0.00439897	0.00180107	2
-74.7552	59.1778	0.00445291	0.0018412	2
-75.5561	59.8193	0.00450637	0.00188052	2
-76.351	60.4651	0.00455934	0.00191898	2
-77.1394	61.1156	0.00461181	0.00195653	2
-77.9209	61.771	0.00466375	0.00199313	2
-78.6953	62.4315	0.00471516	0.00202874	2
-79.462	63.0975	0.00476602	0.00206329	2
-80.2208	63.7693	0.00481631	0.00209674	2
-80.9712	64.4471	0.00486604	0.00212905	2
-81.7129	65.1311	0.00491517	0.00216017	2
-82.4455	65.8218	0.0049637	0.00219004	2
-83.1686	66.5193	0.00501161	0.00221863	2
-83.8818	67.2239	0.00505889	0.00224588	2
-84.5847	67.936	0.00510552	0.00227174	2
-85.2771	68.6557	0.0051515	0.00229617	2
-85.9584	69.3834	0.0051968	0.00231912	2
-86.6283	70.1194	0.00524142	0.00234053	2
-87.2865	70.8639	0.00528534	0.00236037	2
-87.9325	71.6172	0.00532854	0.00237859	2
-88.566	72.3795	0.00537102	0.00239512	2
-89.1795	73.1424	0.00541227	0.00240978	2
-89.787	73.9236	0.00545326	0.00242285	2
-90.3808	74.7148	0.00549348	0.0024341	2
-90.9605	75.5162	0.00553292	0.00244348	2

24.9974	2.01278	8.41445e-07	2.88049e-09	2
24.7784	3.10861	7.30097e-05	-3.37936e-07	2
24.5726	4.21145	0.000145625	-1.86115e-06	2
24.3825	5.30857	0.000217851	-4.56135e-06	2
24.2099	6.3875	0.000288866	-8.37918e-06	2
24.0506	7.4734	0.000360327	-1.33952e-05	2
23.9064	8.55372	0.00043141	-1.95635e-05	2
23.7773	9.62852	0.000502117	-2.68758e-05	2
23.663	10.6978	0.000572454	-3.53237e-05	2
23.5635	11.7617	0.000642424	-4.4899e-05	2
23.4784	12.8203	0.000712031	-5.55934e-05	2
23.4078	13.8735	0.000781278	-6.73986e-05	2
23.3513	14.9214	0.00085017	-8.03064e-05	2
23.3088	15.9641	0.000918711	-9.43085e-05	2
23.2802	17.0017	0.000986903	-0.000109396	2
23.2653	18.0341	0.00105475	-0.000125562	2
23.2639	19.0614	0.00112226	-0.000142797	2
23.2759	20.0837	0.00118943	-0.000161094	2
23.3011	21.101	0.00125628	-0.000180443	2
23.3393	22.1134	0.00132279	-0.000200836	2
23.3903	23.1209	0.00138898	-0.000222266	2
23.454	24.1236	0.00145484	-0.000244724	2
23.5303	25.1215	0.00152039	-0.000268202	2
23.6189	26.1147	0.00158563	-0.000292691	2
23.7197	27.1032	0.00165056	-0.000318183	2
23.8325	28.0871	0.00171519	-0.00034467	2
23.9556	29.0551	0.00177877	-0.000371823	2
24.0918	30.0299	0.0018428	-0.000400263	2
24.2395	31.0003	0.00190654	-0.000429674	2
24.3986	31.9661	0.00196998	-0.000460047	2
24.5688	32.9276	0.00203314	-0.000491373	2
24.7501	33.8848	0.00209602	-0.000523645	2
24.9422	34.8377	0.00215862	-0.000556854	2
25.145	35.7863	0.00222095	-0.000590991	2
25.3583	36.7308	0.002283	-0.000626048	2
25.5819	37.6711	0.00234479	-0.000662018	2
25.8158	38.6074	0.00240632	-0.000698892	2
26.0596	39.5396	0.00246759	-0.000736661	2
26.3133	40.4678	0.0025286	-0.000775318	2
26.5766	41.3921	0.00258936	-0.000814853	2
26.8495	42.3124	0.00264988	-0.000855259	2
27.1317	43.229	0.00271015	-0.000896528	2
27.4231	44.1417	0.00277018	-0.000938651	2
27.7235	45.0507	0.00282998	-0.00098162	2
28.0327	45.9561	0.00288955	-0.00102543	2
28.3506	46.8577	0.00294888	-0.00107006	2
28.677	47.7558	0.003008	-0.00111552	2
29.0117	48.6504	0.00306689	-0.00116179	2
29.3546	49.5414	0.00312557	-0.00120886	2
29.7014	50.4188	0.00318337	-0.00125618	2
30.0601	51.3031	0.00324163	-0.00130483	2
30.4264	52.184	0.00329968	-0.00135425	2
30.8002	53.0616	0.00335754	-0.00140445	2
31.1814	53.936	0.0034152	-0.00145542	2
31.5697	54.8071	0.00347266	-0.00150714	2
31.965	55.6752	0.00352994	-0.0015596	2
32.3672	56.5401	0.00358703	-0.0016128	2
32.776	57.4019	0.00364394	-0.00166674	2
33.1913	58.2608	0.00370067	-0.00172139	2
33.6129	59.1167	0.00375723	-0.00177676	2
34.0407	59.9698	0.00381362	-0.00183283	2
34.4745	60.8199	0.00386984	-0.0018896	2
34.9142	61.6673	0.0039259	-0.00194706	2
35.3595	62.5119	0.00398181	-0.0020052	2
35.8102	63.3538	0.00403756	-0.00206401	2
36.2663	64.1931	0.00409316	-0.00212349	2
36.7276	65.0298	0.00414861	-0.00218362	2
37.1939	65.8639	0.00420392	-0.00224439	2
37.6649	66.6955	0.00425909	-0.00230581	2
38.1407	67.5246	0.00431413	-0.00236786	2
38.6209	68.3514	0.00436903	-0.00243053	2
39.1054	69.1757	0.00442381	-0.00249381	2
39.5941	69.9978	0.00447847	-0.0025577	2
40.0811	70.8082	0.00453238	-0.00262144	2
40.5776	71.6259	0.0045868	-0.00268651	2
41.0777	72.4414	0.00464111	-0.00275216	2
41.5813	73.2547	0.00469531	-0.00281838	2
42.0882	74.066	0.00474941	-0.00288517	2
42.5983	74.8754	0.00480341	-0.00295251	2
43.1113	75.6827	0.00485731	-0.00302041	2
43.6272	76.4881	0.00491112	-0.00308884	2
44.1457	77.2917	0.00496484	-0.0031578	2
44.6667	78.0935	0.00501847	-0.00322728	2
45.19	78.8935	0.00507203	-0.00329728	2
45.7154	79.6918	0.00512551	-0.00336779	2
46.2429	80.4884	0.00517892	-0.0034388	2
46.7721	81.2834	0.00523225	-0.00351029	2
47.303	82.0768	0.00528553	-0.00358227	2
47.8354	82.8688	0.00533874	-0.00365472	2
48.3691	83.6592	0.00539189	-0.00372763	2
48.9039	84.4483	0.00544499	-0.003801	2
49.4397	85.2359	0.00549804	-0.00387482	2
49.9763	86.0223	0.00555104	-0.00394908	2
50.5135	86.8074	0.00560401	-0.00402378	2
51.0512	87.5913	0.00565693	-0.00409889	2
51.5893	88.374	0.00570982	-0.00417442	2
52.1212	89.1466	0.00576207	-0.00424949	2
52.6594	89.9271	0.0058149	-0.00432582	2
53.1973	90.7067	0.00586771	-0.00440254	2
53.7349	91.4852	0.00592051	-0.00447965	2

74.9969	2.013	-1.86736e-07	-2.6382e-07	2
74.7436	3.12224	-1.68453e-05	-2.17401e-05	2
74.517	4.22689	-3.48847e-05	-4.10566e-05	2
74.3197	5.31417	-5.40906e-05	-5.79933e-05	2
74.1532	6.37208	-7.41952e-05	-7.24391e-05	2
74.0131	7.4254	-9.56386e-05	-8.47732e-05	2
73.9012	8.46196	-0.000118166	-9.48581e-05	2
73.8171	9.48194	-0.00014175	-0.000102738	2
73.7605	10.4856	-0.000166362	-0.000108455	2
73.7308	11.473	-0.000191976	-0.000112055	2
73.7278	12.4445	-0.000218563	-0.00011358	2
73.751	13.4002	-0.000246096	-0.000113074	2
73.8	14.3403	-0.000274548	-0.000110581	2
73.8745	15.2651	-0.00030389	-0.000106146	2
73.974	16.1747	-0.000334095	-9.98103e-05	2
74.0982	17.0694	-0.000365135	-9.16191e-05	2
74.2467	17.9493	-0.000396984	-8.16158e-05	2
74.419	18.8147	-0.000429612	-6.98441e-05	2
74.6149	19.6657	-0.000462993	-5.63477e-05	2
74.8338	20.5025	-0.0004971	-4.11703e-05	2
75.0754	21.3254	-0.000531903	-2.43557e-05	2
75.3394	22.1345	-0.000567376	-5.94749e-06	2
75.6253	22.9301	-0.000603492	1.40106e-05	2
75.9327	23.7124	-0.000640222	3.54747e-05	2
76.2612	24.4815	-0.000677539	5.84013e-05	2
76.6105	25.2377	-0.000715415	8.27467e-05	2
76.9758	25.9726	-0.000753378	0.000108164	2
77.3652	26.7037	-0.000792285	0.0001352	2
77.7742	27.4224	-0.000831668	0.000163525	2
78.2023	28.1289	-0.0008715	0.000193094	2
78.6493	28.8235	-0.000911754	0.000223863	2
79.1146	29.5064	-0.000952402	0.00025579	2
79.598	30.1778	-0.000993416	0.00028883	2
80.099	30.8378	-0.00103477	0.000322939	2
80.6172	31.4867	-0.00107643	0.000358074	2
81.1522	32.1246	-0.00111838	0.000394191	2
81.7037	32.7519	-0.00116058	0.000431247	2
82.2713	33.3686	-0.00120301	0.000469197	2
82.8545	33.975	-0.00124565	0.000507998	2
83.453	34.5713	-0.00128845	0.000547607	2
84.0663	35.1576	-0.0013314	0.000587979	2
84.6942	35.7342	-0.00137447	0.00062907	2
85.3361	36.3013	-0.00141763	0.000670838	2
85.9917	36.8591	-0.00146085	0.000713238	2
86.6607	37.4078	-0.0015041	0.000756227	2
87.3426	37.9476	-0.00154737	0.000799761	2
88.037	38.4787	-0.00159061	0.000843796	2
88.7435	39.0012	-0.00163381	0.000888289	2
89.4618	39.5155	-0.00167693	0.000933196	2
90.183	40.0159	-0.00171945	0.00097795	2
90.9234	40.5142	-0.00176234	0.00102355	2
91.6745	41.0048	-0.00180506	0.00106943	2
92.4357	41.488	-0.00184761	0.00111555	2
93.2067	41.9638	-0.00188994	0.00116187	2
93.9872	42.4325	-0.00193203	0.00120834	2
94.7766	42.8943	-0.00197385	0.00125492	2
95.5746	43.3495	-0.00201537	0.00130156	2
96.3809	43.7981	-0.00205657	0.00134823	2
97.195	44.2405	-0.00209742	0.00139487	2
98.0166	44.6767	-0.00213789	0.00144144	2
98.8452	45.1071	-0.00217796	0.00148791	2
99.6804	45.5318	-0.00221759	0.00153422	2
100.522	45.951	-0.00225676	0.00158033	2
101.369	46.3649	-0.00229544	0.0016262	2
102.222	46.7738	-0.0023336	0.00167179	2
103.08	47.1777	-0.00237121	0.00171705	2
103.943	47.577	-0.00240826	0.00176193	2
104.81	47.9718	-0.0024447	0.0018064	2
105.681	48.3623	-0.00248052	0.00185041	2
106.555	48.7488	-0.00251568	0.00189392	2
107.433	49.1313	-0.00255016	0.00193687	2
108.313	49.5102	-0.00258393	0.00197924	2
109.196	49.8857	-0.00261696	0.00202097	2
110.07	50.2536	-0.00264886	0.00206156	2
110.956	50.6227	-0.00268035	0.0021019	2
111.844	50.989	-0.00271101	0.00214147	2
112.732	51.3526	-0.00274082	0.00218024	2
113.621	51.7138	-0.00276976	0.00221815	2
114.509	52.0727	-0.00279779	0.00225517	2
115.397	52.4295	-0.0028249	0.00229125	2
116.285	52.7845	-0.00285104	0.00232634	2
117.171	53.1378	-0.0028762	0.0023604	2
118.056	53.4896	-0.00290034	0.0023934	2
118.938	53.8402	-0.00292345	0.00242527	2
119.819	54.1898	-0.00294548	0.00245599	2
120.696	54.5385	-0.00296642	0.00248551	2
121.571	54.8866	-0.00298623	0.00251378	2
122.442	55.2342	-0.00300489	0.00254076	2
123.309	55.5815	-0.00302238	0.00256641	2
124.172	55.9289	-0.00303865	0.00259068	2
125.03	56.2763	-0.00305369	0.00261353	2
125.883	56.6242	-0.00306747	0.00263491	2
126.73	56.9726	-0.00307996	0.00265478	2
127.572	57.3218	-0.00309113	0.00267311	2
128.407	57.6719	-0.00310096	0.00268983	2
129.236	58.0232	-0.00310941	0.00270492	2
130.048	58.3718	-0.00311639	0.00271818	2
130.863	58.726	-0.00312203	0.00272988	2
131.669	59.082	-0.00312621	0.00273981	2
132.467	59.44	-0.00312892	0.00274792	2

124.994	2.01275	6.76279e-07	-3.18799e-07	2
124.476	3.10734	5.67675e-05	-2.6603e-05	2
123.974	4.20996	0.000109399	-5.09423e-05	2
123.492	5.30776	0.00015797	-7.30594e-05	2
123.036	6.38814	0.000202065	-9.27788e-05	2
122.596	7.47612	0.000242784	-0.0001106	2
122.176	8.55903	0.000279667	-0.000126324	2
121.776	9.63679	0.000312789	-0.000139991	2
121.397	10.7093	0.000342225	-0.000151643	2
121.037	11.7765	0.000368051	-0.000161321	2
120.698	12.8382	0.000390341	-0.000169068	2
120.378	13.8945	0.000409171	-0.000174924	2
120.079	14.9452	0.000424616	-0.000178932	2
119.799	15.9902	0.00043675	-0.000181132	2
119.538	17.0294	0.00044565	-0.000181567	2
119.297	18.0628	0.000451391	-0.000180277	2
119.075	19.0902	0.000454047	-0.000177305	2
118.872	20.1116	0.000453694	-0.000172691	2
118.688	21.127	0.000450406	-0.000166478	2
118.523	22.1361	0.00044426	-0.000158707	2
118.377	23.1389	0.00043533	-0.00014942	2
118.25	24.1354	0.000423692	-0.000138658	2
118.141	25.1254	0.00040942	-0.000126462	2
118.05	26.1088	0.000392589	-0.000112875	2
117.978	27.0856	0.000373276	-9.79368e-05	2
117.923	28.0557	0.000351555	-8.16903e-05	2
117.887	29.008	0.000327791	-6.4385e-05	2
117.869	29.9645	0.000301505	-4.56595e-05	2
117.868	30.914	0.000273036	-2.57495e-05	2
117.885	31.8565	0.000242458	-4.69638e-06	2
117.919	32.7918	0.000209848	1.74582e-05	2
117.971	33.7198	0.000175281	4.06727e-05	2
118.039	34.6405	0.00013883	6.49056e-05	2
118.126	35.5539	0.000100572	9.01154e-05	2
118.229	36.4597	6.05824e-05	0.00011626	2
118.349	37.3579	1.89354e-05	0.000143299	2
118.485	38.2485	-2.42934e-05	0.00017119	2
118.639	39.1313	-6.9029e-05	0.000199892	2
118.808	40.0063	-0.000115196	0.000229363	2
118.995	40.8733	-0.00016272	0.000259561	2
119.197	41.7324	-0.000211524	0.000290446	2
119.416	42.5833	-0.000261535	0.000321975	2
119.65	43.426	-0.000312676	0.000354107	2
119.901	44.2604	-0.000364874	0.0003868	2
120.167	45.0865	-0.000418051	0.000420014	2
120.449	45.9042	-0.000472134	0.000453705	2
120.746	46.7132	-0.000527047	0.000487833	2
121.059	47.5137	-0.000582715	0.000522357	2
121.387	48.3055	-0.000639063	0.000557234	2
121.726	49.0795	-0.000695358	0.000592018	2
122.084	49.8536	-0.000752835	0.000627475	2
122.457	50.6188	-0.000810766	0.000663162	2
122.845	51.375	-0.000869078	0.000699036	2
123.247	52.122	-0.000927694	0.000735057	2
123.664	52.8598	-0.00098654	0.000771183	2
124.095	53.5882	-0.00104554	0.000807373	2
124.541	54.3072	-0.00110462	0.000843584	2
125.001	55.0168	-0.0011637	0.000879776	2
125.474	55.7168	-0.00122272	0.000915906	2
125.962	56.4071	-0.00128158	0.000951933	2
126.463	57.0876	-0.00134023	0.000987816	2
126.978	57.7584	-0.00139858	0.00102351	2
127.506	58.4191	-0.00145656	0.00105898	2
128.048	59.0699	-0.00151409	0.00109418	2
128.603	59.7106	-0.00157109	0.00112907	2
129.172	60.3411	-0.00162751	0.00116361	2
129.753	60.9613	-0.00168324	0.00119776	2
130.347	61.5712	-0.00173823	0.00123147	2
130.954	62.1706	-0.0017924	0.0012647	2
131.574	62.7595	-0.00184567	0.00129741	2
132.206	63.3378	-0.00189797	0.00132957	2
132.85	63.9053	-0.00194922	0.00136112	2
133.507	64.4621	-0.00199934	0.00139203	2
134.168	65.0018	-0.00204772	0.00142191	2
134.849	65.5368	-0.00209538	0.00145142	2
135.541	66.0608	-0.0021417	0.00148016	2
136.246	66.5737	-0.0021866	0.0015081	2
136.962	67.0753	-0.00223	0.00153518	2
137.689	67.5656	-0.00227183	0.00156137	2
138.428	68.0445	-0.002312	0.00158663	2
139.179	68.512	-0.00235045	0.00161091	2
139.94	68.9678	-0.00238711	0.00163418	2
140.713	69.412	-0.00242189	0.00165639	2
141.496	69.8445	-0.00245471	0.00167749	2
142.29	70.2651	-0.00248552	0.00169746	2
143.095	70.6738	-0.00251422	0.00171625	2
143.91	71.0705	-0.00254075	0.00173381	2
144.736	71.4551	-0.00256503	0.00175011	2
145.572	71.8276	-0.00258699	0.0017651	2
146.418	72.1877	-0.00260654	0.00177874	2
147.274	72.5355	-0.00262362	0.00179099	2
148.14	72.8709	-0.00263815	0.00180181	2
149.016	73.1937	-0.00265005	0.00181115	2
149.901	73.504	-0.00265925	0.00181898	2
150.796	73.8015	-0.00266568	0.00182526	2
151.7	74.0862	-0.00266925	0.00182993	2
152.603	74.355	-0.0026699	0.00183294	2
153.526	74.6141	-0.00266758	0.00183432	2
154.458	74.8601	-0.00266219	0.00183397	2
155.398	75.093	-0.00265364	0.00183186	2

