-125.001	2.01147	-4.20096e-08	-4.139e-07	2
-125.059	2.99391	-2.03603e-06	-3.47046e-05	2
-125.134	3.98067	-8.3022e-07	-6.67995e-05	2
-125.225	4.9604	3.56697e-06	-9.63295e-05	2
-125.331	5.92206	1.10008e-05	-0.000123044	2
-125.453	6.88812	2.15942e-05	-0.000147608	2
-125.591	7.84748	3.52282e-05	-0.000169741	2
-125.744	8.80025	5.18524e-05	-0.00018949	2
-125.912	9.74654	7.14163e-05	-0.000206899	2
-126.094	10.6865	9.38695e-05	-0.000222013	2
-126.291	11.6201	0.000119161	-0.000234877	2
-126.502	12.5477	0.000147242	-0.000245536	2
-126.726	13.4691	0.00017806	-0.000254036	2
-126.964	14.3847	0.000211566	-0.00026042	2
-127.215	15.2944	0.000247709	-0.000264735	2
-127.478	16.1985	0.000286438	-0.000267026	2
-127.755	17.097	0.000327704	-0.000267337	2
-128.044	17.9899	0.000371455	-0.000265713	2
-128.345	18.8776	0.000417642	-0.0002622	2
-128.657	19.7599	0.000466213	-0.000256842	2
-128.982	20.6371	0.000517119	-0.000249686	2
-129.317	21.5093	0.000570308	-0.000240774	2
-129.664	22.3766	0.000625732	-0.000230154	2
-130.021	23.2391	0.000683338	-0.00021787	2
-130.389	24.0968	0.000743076	-0.000203966	2
-130.767	24.95	0.000804897	-0.000188488	2
-131.15	25.789	0.000868004	-0.000171686	2
-131.548	26.6334	0.000933815	-0.000153212	2
-131.955	27.4735	0.00100156	-0.000133299	2
-132.371	28.3095	0.00107118	-0.000111991	2
-132.795	29.1415	0.00114264	-8.9334e-05	2
-133.229	29.9695	0.00121587	-6.53728e-05	2
-133.67	30.7938	0.00129083	-4.01524e-05	2
-134.12	31.6143	0.00136748	-1.37179e-05	2
-134.577	32.4313	0.00144575	1.38858e-05	2
-135.042	33.2448	0.0015256	4.26134e-05	2
-135.514	34.0549	0.00160697	7.24201e-05	2
-135.993	34.8618	0.00168983	0.000103261	2
-136.479	35.6656	0.00177411	0.00013509	2
-136.971	36.4663	0.00185977	0.000167863	2
-137.469	37.2641	0.00194675	0.000201535	2
-137.973	38.0591	0.00203501	0.000236061	2
-138.483	38.8514	0.00212449	0.000271396	2
-138.998	39.6411	0.00221515	0.000307494	2
-139.518	40.4284	0.00230694	0.00034431	2
-140.043	41.2133	0.00239979	0.0003818	2
-140.572	41.9959	0.00249367	0.000419919	2
-141.105	42.7765	0.00258853	0.000458621	2
-141.643	43.555	0.0026843	0.000497861	2
-142.178	44.3226	0.00277983	0.000537135	2
-142.722	45.0974	0.00287729	0.000577312	2
-143.27	45.8705	0.00297553	0.000617892	2
-143.82	46.6421	0.00307448	0.000658832	2
-144.373	47.4121	0.0031741	0.000700084	2
-144.929	48.1809	0.00327435	0.000741606	2
-145.486	48.9483	0.00337516	0.00078335	2
-146.045	49.7147	0.00347649	0.000825273	2
-146.606	50.48	0.00357829	0.00086733	2
-147.168	51.2444	0.00368052	0.000909475	2
-147.731	52.008	0.0037831	0.000951663	2
-148.295	52.7709	0.00388601	0.000993849	2
-148.859	53.5332	0.00398918	0.00103599	2
-149.423	54.2951	0.00409257	0.00107804	2
-149.987	55.0566	0.00419613	0.00111995	2
-150.551	55.8179	0.0042998	0.00116167	2
-151.114	56.5791	0.00440354	0.00120318	2
-151.676	57.3402	0.00450729	0.00124441	2
-152.237	58.1014	0.00461101	0.00128532	2
-152.796	58.8628	0.00471464	0.00132587	2
-153.354	59.6246	0.00481813	0.00136601	2
-153.91	60.3868	0.00492144	0.0014057	2
-154.463	61.1495	0.00502451	0.00144489	2
-155.014	61.9128	0.00512729	0.00148354	2
-155.555	62.6682	0.00522856	0.00152117	2
-156.1	63.4332	0.00533062	0.00155861	2
-156.642	64.1991	0.00543224	0.00159537	2
-157.18	64.9662	0.00553338	0.00163141	2
-157.714	65.7345	0.00563397	0.00166668	2
-158.244	66.504	0.00573397	0.00170114	2
-158.769	67.2751	0.00583334	0.00173474	2
-159.289	68.0476	0.00593201	0.00176744	2
-159.805	68.8218	0.00602994	0.00179919	2
-160.315	69.5978	0.00612708	0.00182995	2
-160.82	70.3756	0.00622338	0.00185967	2
-161.319	71.1555	0.00631878	0.00188831	2
-161.812	71.9374	0.00641325	0.00191583	2
-162.298	72.7215	0.00650671	0.00194216	2
-162.778	73.508	0.00659914	0.00196729	2
-163.251	74.2969	0.00669047	0.00199114	2
-163.717	75.0883	0.00678065	0.00201369	2
-164.176	75.8824	0.00686964	0.00203489	2
-164.626	76.6793	0.00695739	0.00205469	2
-165.069	77.479	0.00704384	0.00207305	2
-165.503	78.2817	0.00712894	0.00208992	2
-165.929	79.0876	0.00721264	0.00210525	2
-166.346	79.8966	0.0072949	0.00211901	2
-166.749	80.6996	0.00737474	0.00213101	2
-167.148	81.5154	0.00745397	0.0021415	2
-167.537	82.3347	0.0075316	0.00215027	2
-167.917	83.1576	0.00760758	0.00215729	2

-75	2.0126	5.64839e-07	-5.77309e-08	2
-74.9952	3.09061	4.97213e-05	-5.98215e-06	2
-74.9737	4.17029	0.000100601	-1.38913e-05	2
-74.9356	5.23913	0.000152613	-2.37058e-05	2
-74.882	6.28513	0.000205118	-3.52589e-05	2
-74.8116	7.33271	0.000259312	-4.87976e-05	2
-74.7253	8.36975	0.000314565	-6.41767e-05	2
-74.6233	9.39633	0.000370855	-8.13745e-05	2
-74.5056	10.4126	0.000428155	-0.000100369	2
-74.3727	11.4185	0.000486441	-0.000121139	2
-74.2246	12.4143	0.000545689	-0.000143663	2
-74.0615	13.4001	0.000605875	-0.000167918	2
-73.8836	14.3758	0.000666973	-0.000193884	2
-73.6912	15.3417	0.000728959	-0.000221538	2
-73.4844	16.2979	0.000791809	-0.000250858	2
-73.2634	17.2443	0.000855498	-0.000281823	2
-73.0285	18.1812	0.000920001	-0.000314412	2
-72.7798	19.1085	0.000985295	-0.000348602	2
-72.5175	20.0265	0.00105135	-0.000384372	2
-72.2418	20.9352	0.00111815	-0.0004217	2
-71.9529	21.8347	0.00118567	-0.000460565	2
-71.651	22.7251	0.00125388	-0.000500943	2
-71.3363	23.6064	0.00132275	-0.000542815	2
-71.0091	24.4789	0.00139227	-0.000586158	2
-70.6694	25.3426	0.0014624	-0.000630951	2
-70.3175	26.1975	0.00153313	-0.000677171	2
-69.9579	27.0341	0.00160361	-0.000724242	2
-69.5824	27.872	0.00167544	-0.000773237	2
-69.1952	28.7015	0.0017478	-0.000823595	2
-68.7966	29.5226	0.00182065	-0.000875293	2
-68.3868	30.3355	0.00189397	-0.000928312	2
-67.966	31.1402	0.00196774	-0.000982627	2
-67.5343	31.9369	0.00204193	-0.00103822	2
-67.0921	32.7257	0.00211652	-0.00109507	2
-66.6393	33.5066	0.00219148	-0.00115314	2
-66.1764	34.2797	0.00226679	-0.00121243	2
-65.7034	35.0452	0.00234242	-0.00127291	2
-65.2206	35.8032	0.00241835	-0.00133456	2
-64.7281	36.5536	0.00249456	-0.00139735	2
-64.2262	37.2967	0.00257102	-0.00146126	2
-63.7151	38.0325	0.0026477	-0.00152628	2
-63.1948	38.7612	0.00272458	-0.00159238	2
-62.6658	39.4827	0.00280164	-0.00165954	2
-62.128	40.1973	0.00287885	-0.00172773	2
-61.5819	40.905	0.00295619	-0.00179694	2
-61.0274	41.6059	0.00303363	-0.00186714	2
-60.4649	42.3001	0.00311115	-0.00193832	2
-59.8945	42.9877	0.00318872	-0.00201044	2
-59.3164	43.6688	0.00326632	-0.0020835	2
-58.7377	44.3358	0.00334303	-0.0021566	2
-58.1449	45.0042	0.00342062	-0.00223144	2
-57.5451	45.6665	0.00349816	-0.00230713	2
-56.9384	46.3226	0.00357563	-0.00238368	2
-56.325	46.9727	0.00365301	-0.00246104	2
-55.7052	47.6168	0.00373027	-0.00253919	2
-55.079	48.2552	0.00380739	-0.00261813	2
-54.4467	48.8878	0.00388434	-0.00269782	2
-53.8086	49.5148	0.0039611	-0.00277825	2
-53.1647	50.1362	0.00403764	-0.00285938	2
-52.5153	50.7522	0.00411394	-0.00294121	2
-51.8606	51.3628	0.00418998	-0.0030237	2
-51.2008	51.9682	0.00426572	-0.00310684	2
-50.5361	52.5684	0.00434115	-0.0031906	2
-49.8666	53.1636	0.00441625	-0.00327497	2
-49.1927	53.7538	0.00449098	-0.00335992	2
-48.5144	54.3392	0.00456532	-0.00344543	2
-47.832	54.9197	0.00463924	-0.00353147	2
-47.1457	55.4956	0.00471274	-0.00361803	2
-46.4556	56.067	0.00478576	-0.00370509	2
-45.762	56.6338	0.00485831	-0.00379262	2
-45.065	57.1963	0.00493034	-0.0038806	2
-44.365	57.7544	0.00500183	-0.00396901	2
-43.6619	58.3084	0.00507277	-0.00405782	2
-42.9643	58.852	0.00514232	-0.004146	2
-42.256	59.3979	0.00521206	-0.00423556	2
-41.5453	59.9399	0.00528118	-0.00432546	2
-40.8325	60.4782	0.00534964	-0.00441569	2
-40.1177	61.0127	0.00541741	-0.00450621	2
-39.4012	61.5435	0.00548448	-0.00459701	2
-38.6831	62.0709	0.00555082	-0.00468807	2
-37.9636	62.5949	0.0056164	-0.00477936	2
-37.243	63.1155	0.00568119	-0.00487086	2
-36.5214	63.6329	0.00574519	-0.00496256	2
-35.799	64.1471	0.00580835	-0.00505442	2
-35.076	64.6583	0.00587066	-0.00514643	2
-34.3526	65.1666	0.00593209	-0.00523857	2
-33.6291	65.6721	0.00599262	-0.00533081	2
-32.9056	66.1747	0.00605222	-0.00542313	2
-32.1822	66.6748	0.00611086	-0.00551551	2
-31.4593	67.1723	0.00616853	-0.00560793	2
-30.737	67.6673	0.0062252	-0.00570036	2
-30.0155	68.1599	0.00628084	-0.00579279	2
-29.2949	68.6503	0.00633543	-0.0058852	2
-28.5756	69.1385	0.00638894	-0.00597755	2
-27.8576	69.6247	0.00644135	-0.00606984	2
-27.1413	70.1089	0.00649264	-0.00616203	2
-26.4349	70.5856	0.00654221	-0.00625306	2
-25.7223	71.0661	0.00659119	-0.006345	2
-25.0119	71.545	0.00663897	-0.00643679	2
-24.3038	72.0222	0.00668553	-0.0065284	2

-25.004	2.0121	-3.75266e-07	-2.07365e-07	2
-25.3312	3.0478	-3.25201e-05	-1.72551e-05	2
-25.6347	4.08528	-6.47783e-05	-3.29429e-05	2
-25.9107	5.11251	-9.67701e-05	-4.70968e-05	2
-26.1569	6.1179	-0.000128128	-5.96131e-05	2
-26.3793	7.12491	-0.000159577	-7.08163e-05	2
-26.5753	8.12185	-0.000190746	-8.05855e-05	2
-26.7451	9.10877	-0.000221631	-8.89543e-05	2
-26.8891	10.0857	-0.000252227	-9.59561e-05	2
-27.0077	11.0528	-0.00028253	-0.000101624	2
-27.1011	12.0101	-0.000312536	-0.000105993	2
-27.1697	12.9575	-0.00034224	-0.000109094	2
-27.2138	13.8953	-0.000371638	-0.000110963	2
-27.2338	14.8234	-0.000400724	-0.000111631	2
-27.23	15.742	-0.000429496	-0.000111134	2
-27.2026	16.651	-0.000457948	-0.000109504	2
-27.1521	17.5506	-0.000486075	-0.000106774	2
-27.0788	18.4407	-0.000513874	-0.000102979	2
-26.983	19.3215	-0.00054134	-9.81515e-05	2
-26.8651	20.1931	-0.000568468	-9.2325e-05	2
-26.7253	21.0554	-0.000595255	-8.5533e-05	2
-26.564	21.9086	-0.000621695	-7.7809e-05	2
-26.3815	22.7526	-0.000647784	-6.91864e-05	2
-26.1782	23.5877	-0.000673518	-5.96989e-05	2
-25.9544	24.4137	-0.000698893	-4.93797e-05	2
-25.7104	25.2309	-0.000723903	-3.82623e-05	2
-25.4497	26.0299	-0.000748263	-2.65211e-05	2
-25.1666	26.8295	-0.000772536	-1.39161e-05	2
-24.8642	27.6204	-0.000796432	-6.12886e-07	2
-24.543	28.4026	-0.000819945	1.3355e-05	2
-24.2033	29.1762	-0.000843072	2.79541e-05	2
-23.8454	29.9413	-0.000865808	4.31509e-05	2
-23.4696	30.6979	-0.00088815	5.89121e-05	2
-23.0763	31.446	-0.000910091	7.5204e-05	2
-22.6657	32.1858	-0.000931628	9.19934e-05	2
-22.2383	32.9173	-0.000952757	0.000109247	2
-21.7944	33.6406	-0.000973473	0.00012693	2
-21.3342	34.3556	-0.000993771	0.000145011	2
-20.8582	35.0626	-0.00101365	0.000163455	2
-20.3666	35.7615	-0.0010331	0.00018223	2
-19.8597	36.4524	-0.00105212	0.000201301	2
-19.338	37.1354	-0.0010707	0.000220635	2
-18.8017	37.8105	-0.00108884	0.000240199	2
-18.2512	38.4778	-0.00110655	0.000259959	2
-17.6868	39.1373	-0.0011238	0.000279882	2
-17.1088	39.7892	-0.0011406	0.000299934	2
-16.5176	40.4334	-0.00115694	0.000320082	2
-15.9135	41.07	-0.00117282	0.000340292	2
-15.2968	41.6992	-0.00118823	0.000360531	2
-14.6751	42.3138	-0.001203	0.000380534	2
-14.0344	42.9282	-0.00121747	0.000400731	2
-13.3821	43.5353	-0.00123147	0.000420857	2
-12.7185	44.1351	-0.00124497	0.000440879	2
-12.044	44.7278	-0.00125799	0.000460763	2
-11.3589	45.3133	-0.00127052	0.000480475	2
-10.6635	45.8917	-0.00128255	0.000499983	2
-9.95821	46.4631	-0.00129408	0.000519252	2
-9.2433	47.0275	-0.0013051	0.000538249	2
-8.51912	47.5851	-0.00131561	0.000556941	2
-7.78599	48.1358	-0.00132561	0.000575294	2
-7.04425	48.6797	-0.00133508	0.000593275	2
-6.29423	49.2169	-0.00134403	0.00061085	2
-5.53626	49.7475	-0.00135246	0.000627987	2
-4.77066	50.2715	-0.00136035	0.00064465	2
-3.99778	50.789	-0.0013677	0.000660807	2
-3.21794	51.3	-0.00137451	0.000676425	2
-2.43147	51.8046	-0.00138078	0.00069147	2
-1.6387	52.3029	-0.00138649	0.000705909	2
-0.83996	52.7948	-0.00139165	0.000719707	2
-0.0355866	53.2806	-0.00139625	0.000732833	2
0.774093	53.7602	-0.00140028	0.000745251	2
1.58875	54.2337	-0.00140375	0.000756929	2
2.40805	54.7011	-0.00140664	0.000767833	2
3.22217	55.1573	-0.00140893	0.000777819	2
4.04972	55.613	-0.00141067	0.000787086	2
4.88093	56.0628	-0.00141183	0.000795478	2
5.71546	56.5067	-0.00141239	0.000802964	2
6.55299	56.945	-0.00141236	0.000809508	2
7.39318	57.3776	-0.00141173	0.000815079	2
8.23571	57.8046	-0.00141049	0.000819642	2
9.08024	58.226	-0.00140865	0.000823164	2
9.92644	58.6419	-0.00140619	0.000825611	2
10.774	59.0524	-0.00140312	0.00082695	2
11.6225	59.4576	-0.00139942	0.000827148	2
12.4718	59.8574	-0.0013951	0.000826172	2
13.3214	60.252	-0.00139015	0.000823986	2
14.171	60.6415	-0.00138456	0.000820559	2
15.0202	61.0258	-0.00137833	0.000815857	2
15.8689	61.405	-0.00137146	0.000809846	2
16.7166	61.7793	-0.00136394	0.000802492	2
17.5629	62.1486	-0.00135577	0.000793763	2
18.4077	62.513	-0.00134693	0.000783625	2
19.2504	62.8726	-0.00133744	0.000772045	2
20.0909	63.2275	-0.00132728	0.000758988	2
20.9288	63.5777	-0.00131645	0.000744422	2
21.7637	63.9232	-0.00130495	0.000728312	2
22.5857	64.2603	-0.00129291	0.000710839	2
23.4138	64.5968	-0.00128005	0.000691562	2
24.2378	64.9289	-0.0012665	0.000670643	2
25.0576	65.2566	-0.00125225	0.000648046	2

24.996	2.01137	4.99934e-07	-4.3872e-07	2
24.6553	2.99116	4.17253e-05	-3.71134e-05	2
24.318	3.9855	7.99158e-05	-7.2116e-05	2
23.9885	4.9828	0.000114638	-0.000105045	2
23.6703	5.97132	0.000145619	-0.000135593	2
23.3563	6.97382	0.000173644	-0.000164507	2
23.0504	7.97859	0.000198402	-0.000191457	2
22.7525	8.9854	0.000219958	-0.000216479	2
22.463	9.99402	0.00023838	-0.000239612	2
22.1818	11.0042	0.000253734	-0.000260891	2
21.9092	12.0158	0.000266088	-0.000280353	2
21.6451	13.0285	0.000275508	-0.000298035	2
21.3899	14.0421	0.000282061	-0.000313973	2
21.1435	15.0563	0.000285815	-0.000328206	2
20.9062	16.071	0.000286835	-0.000340768	2
20.678	17.0859	0.000285189	-0.000351698	2
20.459	18.1008	0.000280943	-0.000361032	2
20.2494	19.1154	0.000274165	-0.000368806	2
20.0493	20.1296	0.000264921	-0.000375058	2
19.8589	21.143	0.000253279	-0.000379824	2
19.6782	22.1555	0.000239304	-0.000383141	2
19.5074	23.1669	0.000223065	-0.000385046	2
19.3466	24.1768	0.000204627	-0.000385576	2
19.1959	25.1851	0.000184058	-0.000384767	2
19.0554	26.1916	0.000161425	-0.000382657	2
18.9254	27.196	0.000136793	-0.000379282	2
18.8071	28.1866	0.000110548	-0.000374738	2
18.6981	29.1861	8.21428e-05	-0.000368956	2
18.5997	30.1829	5.19404e-05	-0.00036202	2
18.5123	31.1767	2.0007e-05	-0.000353965	2
18.4358	32.1673	-1.35904e-05	-0.000344829	2
18.3704	33.1544	-4.87851e-05	-0.000334648	2
18.3163	34.1379	-8.551e-05	-0.000323459	2
18.2735	35.1174	-0.000123698	-0.0003113	2
18.2423	36.0928	-0.000163283	-0.000298206	2
18.2226	37.0638	-0.000204198	-0.000284214	2
18.2147	38.0302	-0.000246375	-0.000269362	2
18.2186	38.9918	-0.000289749	-0.000253686	2
18.2345	39.9483	-0.000334252	-0.000237223	2
18.2625	40.8995	-0.000379816	-0.000220009	2
18.3028	41.8452	-0.000426377	-0.000202083	2
18.3554	42.7852	-0.000473865	-0.000183479	2
18.4204	43.7192	-0.000522216	-0.000164235	2
18.4981	44.647	-0.000571361	-0.000144388	2
18.5885	45.5683	-0.000621234	-0.000123975	2
18.6917	46.483	-0.000671768	-0.000103033	2
18.808	47.3908	-0.000722897	-8.15971e-05	2
18.9373	48.2915	-0.000774553	-5.97056e-05	2
19.0798	49.1848	-0.000826669	-3.7395e-05	2
19.2338	50.0604	-0.000878573	-1.49648e-05	2
19.403	50.9384	-0.000931406	8.07011e-06	2
19.5858	51.8084	-0.0009845	3.14143e-05	2
19.7823	52.6702	-0.00103779	5.50309e-05	2
19.9926	53.5234	-0.0010912	7.88831e-05	2
20.2169	54.3679	-0.00114468	0.000102934	2
20.4552	55.2034	-0.00119814	0.000127148	2
20.7078	56.0298	-0.00125154	0.000151486	2
20.9747	56.8468	-0.00130479	0.000175913	2
21.2561	57.6541	-0.00135784	0.000200392	2
21.5521	58.4516	-0.00141061	0.000224885	2
21.8627	59.2389	-0.00146304	0.000249357	2
22.1882	60.016	-0.00151506	0.00027377	2
22.5286	60.7824	-0.00156661	0.000298088	2
22.8841	61.5381	-0.00161762	0.000322273	2
23.2548	62.2828	-0.00166801	0.00034629	2
23.6409	63.0162	-0.00171773	0.0003701	2
24.0423	63.7382	-0.00176671	0.000393668	2
24.4594	64.4484	-0.00181488	0.000416957	2
24.8921	65.1468	-0.00186218	0.000439929	2
25.3407	65.8329	-0.00190853	0.000462548	2
25.8052	66.5067	-0.00195387	0.000484778	2
26.2858	67.1679	-0.00199814	0.000506581	2
26.7825	67.8162	-0.00204126	0.000527921	2
27.2896	68.4442	-0.00208269	0.000548524	2
27.819	69.0662	-0.00212334	0.000568832	2
28.3648	69.6748	-0.00216265	0.000588568	2
28.9274	70.2696	-0.00220054	0.000607694	2
29.5068	70.8504	-0.00223696	0.000626172	2
30.1031	71.4169	-0.00227183	0.000643967	2
30.7165	71.9691	-0.0023051	0.000661041	2
31.347	72.5065	-0.00233668	0.000677359	2
31.9948	73.029	-0.00236652	0.000692882	2
32.6601	73.5364	-0.00239455	0.000707574	2
33.3429	74.0285	-0.0024207	0.000721399	2
34.0434	74.5049	-0.00244491	0.000734319	2
34.7617	74.9655	-0.0024671	0.000746298	2
35.498	75.4101	-0.00248722	0.000757299	2
36.2522	75.8383	-0.00250519	0.000767285	2
37.0247	76.2501	-0.00252094	0.00077622	2
37.8154	76.6451	-0.00253442	0.000784066	2
38.6245	77.0232	-0.00254555	0.000790787	2
39.4522	77.384	-0.00255427	0.000796346	2
40.2986	77.7275	-0.0025605	0.000800706	2
41.1637	78.0532	-0.00256419	0.000803831	2
42.0478	78.3611	-0.00256527	0.000805684	2
42.9509	78.6509	-0.00256367	0.000806227	2
43.8624	78.9193	-0.00255938	0.000805441	2
44.8038	79.1723	-0.00255225	0.000803272	2
45.7645	79.4066	-0.00254223	0.000799684	2
46.7447	79.6218	-0.00252927	0.00079464	2

75.0006	2.01042	2.30939e-07	1.04067e-07	2
75.0364	2.90576	1.94175e-05	8.4642e-06	2
75.0384	3.81076	3.74835e-05	1.57521e-05	2
75.0069	4.71495	5.42164e-05	2.18889e-05	2
74.9436	5.60789	6.94651e-05	2.68486e-05	2
74.848	6.51028	8.36028e-05	3.07714e-05	2
74.7214	7.41168	9.64633e-05	3.36186e-05	2
74.5646	8.31204	0.000108065	3.54154e-05	2
74.3785	9.21129	0.000118427	3.61869e-05	2
74.164	10.1094	0.000127568	3.59585e-05	2
73.9219	11.0062	0.000135506	3.47553e-05	2
73.653	11.9018	0.00014226	3.26026e-05	2
73.3582	12.7961	0.000147849	2.95256e-05	2
73.0383	13.6889	0.000152291	2.55496e-05	2
72.6942	14.5803	0.000155605	2.06997e-05	2
72.3267	15.4702	0.00015781	1.50012e-05	2
71.9367	16.3585	0.000158924	8.47937e-06	2
71.525	17.2452	0.000158966	1.15941e-06	2
71.0924	18.1301	0.000157955	-6.93346e-06	2
70.6399	19.0134	0.000155909	-1.5774e-05	2
70.1682	19.8948	0.000152847	-2.5337e-05	2
69.6782	20.7744	0.000148787	-3.55972e-05	2
69.1707	21.6521	0.000143749	-4.65293e-05	2
68.6467	22.5277	0.00013775	-5.81083e-05	2
68.1068	23.4014	0.00013081	-7.03087e-05	2
67.5521	24.2729	0.000122948	-8.31054e-05	2
66.9898	25.1323	0.000114287	-9.63164e-05	2
66.4079	25.9995	0.000104644	-0.000110224	2
65.8136	26.8645	9.41349e-05	-0.000124652	2
65.2077	27.7271	8.27772e-05	-0.000139576	2
64.5911	28.5873	7.05897e-05	-0.000154971	2
63.9647	29.4451	5.75911e-05	-0.00017081	2
63.3293	30.3004	4.38001e-05	-0.00018707	2
62.6857	31.1531	2.92352e-05	-0.000203724	2
62.0347	32.0032	1.39153e-05	-0.000220748	2
61.3773	32.8506	-2.14117e-06	-0.000238116	2
60.7143	33.6953	-1.89154e-05	-0.000255803	2
60.0464	34.5372	-3.63889e-05	-0.000273784	2
59.3747	35.3763	-5.45428e-05	-0.000292034	2
58.6998	36.2124	-7.33586e-05	-0.000310527	2
58.0227	37.0456	-9.28177e-05	-0.000329237	2
57.3442	37.8758	-0.000112901	-0.000348141	2
56.6651	38.7028	-0.000133591	-0.000367213	2
55.9864	39.5268	-0.000154867	-0.000386427	2
55.3087	40.3475	-0.000176713	-0.000405758	2
54.6331	41.165	-0.000199108	-0.000425181	2
53.9602	41.9791	-0.000222035	-0.000444671	2
53.2911	42.7899	-0.000245474	-0.000464202	2
52.6264	43.5972	-0.000269407	-0.00048375	2
51.9747	44.3919	-0.000293532	-0.000503064	2
51.3215	45.1922	-0.000318392	-0.000522569	2
50.6754	45.989	-0.00034369	-0.000542015	2
50.0372	46.782	-0.000369408	-0.000561376	2
49.4077	47.5714	-0.000395527	-0.000580628	2
48.7878	48.357	-0.000422028	-0.000599745	2
48.1783	49.1387	-0.000448892	-0.000618702	2
47.5801	49.9166	-0.000476102	-0.000637473	2
46.994	50.6905	-0.000503638	-0.000656035	2
46.4209	51.4603	-0.000531481	-0.00067436	2
45.8616	52.2261	-0.000559614	-0.000692424	2
45.3169	52.9878	-0.000588017	-0.000710203	2
44.7878	53.7453	-0.000616671	-0.000727669	2
44.275	54.4985	-0.000645559	-0.0007448	2
43.7794	55.2475	-0.000674661	-0.000761568	2
43.3018	55.992	-0.000703958	-0.000777949	2
42.8431	56.7322	-0.000733433	-0.000793917	2
42.4041	57.4679	-0.000763066	-0.000809449	2
41.9857	58.199	-0.000792839	-0.000824517	2
41.5887	58.9255	-0.000822733	-0.000839097	2
41.214	59.6474	-0.000852729	-0.000853164	2
40.8624	60.3646	-0.00088281	-0.000866692	2
40.5348	61.077	-0.000912955	-0.000879657	2
40.2319	61.7846	-0.000943147	-0.000892033	2
39.9578	62.4793	-0.000973019	-0.000903662	2
39.7068	63.1771	-0.00100325	-0.000914792	2
39.4831	63.8699	-0.00103347	-0.000925257	2
39.2876	64.5576	-0.00106366	-0.000935033	2
39.1211	65.2403	-0.0010938	-0.000944093	2
38.9845	65.9177	-0.00112388	-0.000952414	2
38.8786	66.5899	-0.00115388	-0.000959969	2
38.8042	67.2569	-0.00118377	-0.000966734	2
38.7623	67.9184	-0.00121355	-0.000972683	2
38.7536	68.5746	-0.00124318	-0.000977791	2
38.779	69.2253	-0.00127265	-0.000982032	2
38.8393	69.8705	-0.00130195	-0.000985383	2
38.9355	70.5101	-0.00133105	-0.000987816	2
39.0682	71.144	-0.00135994	-0.000989308	2
39.2385	71.7723	-0.00138859	-0.000989832	2
39.447	72.3948	-0.00141699	-0.000989364	2
39.6947	73.0115	-0.00144512	-0.000987879	2
39.9825	73.6223	-0.00147297	-0.000985351	2
40.3111	74.2272	-0.0015005	-0.000981754	2
40.6814	74.8261	-0.00152771	-0.000977064	2
41.0942	75.4189	-0.00155457	-0.000971256	2
41.5505	76.0056	-0.00158107	-0.000964304	2
42.051	76.5862	-0.00160719	-0.000956183	2
42.59	77.154	-0.00163261	-0.000946982	2
43.181	77.7221	-0.00165791	-0.000936461	2
43.8188	78.2839	-0.00168278	-0.000924696	2
44.5041	78.8393	-0.00170718	-0.000911661	2

124.999	2.01127	-3.34052e-07	8.53799e-09	2
124.883	2.97239	-2.85792e-05	4.7533e-07	2
124.74	3.92894	-5.61976e-05	4.11926e-07	2
124.571	4.86995	-8.28811e-05	-1.86541e-07	2
124.379	5.78513	-0.000108364	-1.3004e-06	2
124.16	6.69605	-0.000133265	-2.95193e-06	2
123.916	7.59227	-0.000157308	-5.12754e-06	2
123.649	8.47407	-0.00018052	-7.82356e-06	2
123.358	9.34173	-0.000202925	-1.10363e-05	2
123.045	10.1955	-0.00022455	-1.47621e-05	2
122.709	11.0358	-0.00024542	-1.89974e-05	2
122.351	11.8627	-0.000265562	-2.37383e-05	2
121.972	12.6766	-0.000285001	-2.89813e-05	2
121.573	13.4778	-0.000303763	-3.47226e-05	2
121.153	14.2666	-0.000321873	-4.09587e-05	2
120.713	15.0432	-0.000339359	-4.76857e-05	2
120.254	15.808	-0.000356245	-5.49002e-05	2
119.777	16.5611	-0.000372557	-6.25983e-05	2
119.281	17.3029	-0.000388321	-7.07764e-05	2
118.768	18.0337	-0.000403564	-7.94308e-05	2
118.238	18.7538	-0.00041831	-8.85579e-05	2
117.691	19.4634	-0.000432586	-9.8154e-05	2
117.128	20.1628	-0.000446417	-0.000108215	2
116.549	20.8523	-0.00045983	-0.000118738	2
115.955	21.5322	-0.00047285	-0.000129719	2
115.347	22.2028	-0.000485503	-0.000141155	2
114.732	22.8568	-0.000497675	-0.000152901	2
114.097	23.5097	-0.000509674	-0.000165229	2
113.448	24.1541	-0.000521384	-0.000178	2
112.788	24.7902	-0.00053283	-0.000191211	2
112.115	25.4185	-0.000544037	-0.000204858	2
111.431	26.0391	-0.000555033	-0.000218937	2
110.735	26.6524	-0.000565841	-0.000233444	2
110.03	27.2586	-0.000576489	-0.000248377	2
109.315	27.858	-0.000587003	-0.00026373	2
108.59	28.4509	-0.000597407	-0.000279502	2
107.857	29.0376	-0.000607727	-0.000295687	2
107.115	29.6184	-0.000617991	-0.000312283	2
106.365	30.1935	-0.000628223	-0.000329285	2
105.608	30.7632	-0.000638449	-0.00034669	2
104.845	31.3278	-0.000648695	-0.000364494	2
104.075	31.8876	-0.000658987	-0.000382694	2
103.3	32.4429	-0.000669351	-0.000401286	2
102.519	32.994	-0.000679813	-0.000420266	2
101.734	33.5411	-0.000690398	-0.00043963	2
100.944	34.0845	-0.000701132	-0.000459376	2
100.151	34.6245	-0.000712041	-0.000479498	2
99.3553	35.1615	-0.000723151	-0.000499995	2
98.5566	35.6955	-0.000734488	-0.00052086	2
97.7651	36.221	-0.000745943	-0.000541847	2
96.9628	36.7503	-0.000757807	-0.000563437	2
96.1595	37.2776	-0.000769976	-0.000585386	2
95.3556	37.8033	-0.000782474	-0.000607691	2
94.5518	38.3275	-0.000795327	-0.000630347	2
93.7485	38.8505	-0.000808562	-0.000653351	2
92.9463	39.3728	-0.000822205	-0.000676699	2
92.1456	39.8944	-0.00083628	-0.000700388	2
91.347	40.4158	-0.000850814	-0.000724413	2
90.551	40.9372	-0.000865833	-0.000748772	2
89.7582	41.4588	-0.000881363	-0.00077346	2
88.969	41.9811	-0.000897428	-0.000798474	2
88.1839	42.5041	-0.000914056	-0.00082381	2
87.4036	43.0283	-0.000931273	-0.000849464	2
86.6284	43.5539	-0.000949102	-0.000875434	2
85.859	44.0812	-0.000967572	-0.000901714	2
85.0958	44.6105	-0.000986707	-0.000928302	2
84.3393	45.142	-0.00100653	-0.000955194	2
83.5902	45.6761	-0.00102708	-0.000982385	2
82.8488	46.213	-0.00104836	-0.00100987	2
82.1158	46.7531	-0.00107042	-0.00103765	2
81.3915	47.2965	-0.00109327	-0.00106572	2
80.6767	47.8436	-0.00111694	-0.00109408	2
79.9717	48.3946	-0.00114146	-0.00112272	2
79.2851	48.9435	-0.00116655	-0.0011513	2
78.6013	49.5032	-0.00119283	-0.00118048	2
77.9289	50.0678	-0.00122003	-0.00120994	2
77.2685	50.6374	-0.00124818	-0.00123967	2
76.6205	51.2125	-0.0012773	-0.00126965	2
75.9856	51.7931	-0.00130743	-0.0012999	2
75.3641	52.3797	-0.00133858	-0.0013304	2
74.7567	52.9725	-0.00137078	-0.00136116	2
74.1638	53.5719	-0.00140407	-0.00139217	2
73.5859	54.178	-0.00143845	-0.00142341	2
73.0237	54.7911	-0.00147397	-0.00145491	2
72.4775	55.4117	-0.00151065	-0.00148663	2
71.948	56.0398	-0.0015485	-0.0015186	2
71.4356	56.6759	-0.00158756	-0.00155079	2
70.9409	57.3201	-0.00162786	-0.00158321	2
70.4643	57.9729	-0.00166942	-0.00161585	2
70.0065	58.6344	-0.00171226	-0.00164871	2
69.5678	59.3049	-0.00175641	-0.00168179	2
69.1489	59.9848	-0.0018019	-0.00171508	2
68.7503	60.6743	-0.00184875	-0.00174858	2
68.3724	61.3737	-0.00189699	-0.00178228	2
68.0158	62.0833	-0.00194665	-0.00181619	2
67.681	62.8033	-0.00199774	-0.00185029	2
67.3721	63.5256	-0.00204969	-0.00188419	2
67.0822	64.2673	-0.00210372	-0.00191867	2
66.8157	65.0203	-0.00215927	-0.00195334	2
66.5731	65.7848	-0.00221637	-0.00198819	2

