-125.001	2.01322	-5.33755e-07	1.76128e-07	2
-125.048	3.13812	-4.56237e-05	1.48256e-05	2
-125.066	4.25195	-8.96189e-05	2.86582e-05	2
-125.052	5.34178	-0.00013201	4.15185e-05	2
-125.008	6.3958	-0.000172362	5.32955e-05	2
-124.935	7.43881	-0.000211638	6.42834e-05	2
-124.831	8.45873	-0.000249384	7.43606e-05	2
-124.699	9.45585	-0.000285625	8.35476e-05	2
-124.538	10.4305	-0.000320385	9.1865e-05	2
-124.349	11.3829	-0.00035369	9.93334e-05	2
-124.132	12.3134	-0.000385564	0.000105973	2
-123.887	13.2224	-0.000416032	0.000111806	2
-123.616	14.11	-0.000445118	0.000116851	2
-123.319	14.9767	-0.000472848	0.000121129	2
-122.996	15.8227	-0.000499246	0.000124662	2
-122.647	16.6482	-0.000524336	0.000127469	2
-122.273	17.4537	-0.000548145	0.000129571	2
-121.875	18.2394	-0.000570695	0.000130989	2
-121.453	19.0056	-0.000592012	0.000131743	2
-121.007	19.7526	-0.000612122	0.000131855	2
-120.538	20.4808	-0.000631047	0.000131344	2
-120.046	21.1903	-0.000648814	0.000130231	2
-119.532	21.8815	-0.000665447	0.000128537	2
-118.996	22.5548	-0.000680971	0.000126283	2
-118.438	23.2104	-0.00069541	0.000123488	2
-117.86	23.8486	-0.000708789	0.000120174	2
-117.269	24.4626	-0.000720997	0.000116408	2
-116.65	25.0671	-0.000732342	0.000112123	2
-116.012	25.6552	-0.000742702	0.000107379	2
-115.355	26.227	-0.0007521	0.000102199	2
-114.679	26.7829	-0.000760562	9.66015e-05	2
-113.985	27.3233	-0.000768112	9.06082e-05	2
-113.274	27.8484	-0.000774776	8.42395e-05	2
-112.545	28.3585	-0.000780577	7.75159e-05	2
-111.799	28.8539	-0.000785541	7.04581e-05	2
-111.037	29.3349	-0.000789692	6.30866e-05	2
-110.259	29.8018	-0.000793055	5.54221e-05	2
-109.465	30.255	-0.000795654	4.74852e-05	2
-108.657	30.6946	-0.000797516	3.92964e-05	2
-107.834	31.1211	-0.000798663	3.08763e-05	2
-106.997	31.5347	-0.000799122	2.22456e-05	2
-106.146	31.9358	-0.000798916	1.34249e-05	2
-105.282	32.3245	-0.000798071	4.43469e-06	2
-104.405	32.7013	-0.000796611	-4.70435e-06	2
-103.516	33.0664	-0.000794561	-1.39716e-05	2
-102.615	33.4201	-0.000791945	-2.33466e-05	2
-101.703	33.7627	-0.000788789	-3.28086e-05	2
-100.78	34.0945	-0.000785118	-4.2337e-05	2
-99.8462	34.4159	-0.000780955	-5.19113e-05	2
-98.9134	34.7236	-0.000776381	-6.14005e-05	2
-97.9603	35.025	-0.000771315	-7.10047e-05	2
-96.9981	35.3169	-0.000765832	-8.05933e-05	2
-96.0273	35.5994	-0.000759956	-9.01455e-05	2
-95.0482	35.873	-0.000753713	-9.96409e-05	2
-94.0614	36.1379	-0.000747127	-0.000109059	2
-93.0672	36.3945	-0.000740222	-0.000118378	2
-92.0663	36.6429	-0.000733024	-0.000127579	2
-91.0589	36.8836	-0.000725558	-0.000136641	2
-90.0456	37.1168	-0.000717847	-0.000145543	2
-89.0269	37.3429	-0.000709917	-0.000154264	2
-88.0031	37.562	-0.000701793	-0.000162785	2
-86.9747	37.7746	-0.000693499	-0.000171083	2
-85.9422	37.9809	-0.000685059	-0.000179139	2
-84.9061	38.1813	-0.0006765	-0.000186933	2
-83.8667	38.376	-0.000667845	-0.000194442	2
-82.8246	38.5653	-0.000659119	-0.000201648	2
-81.7802	38.7495	-0.000650347	-0.000208529	2
-80.7339	38.9289	-0.000641553	-0.000215065	2
-79.6862	39.1039	-0.000632763	-0.000221235	2
-78.6376	39.2747	-0.000624001	-0.000227018	2
-77.5885	39.4417	-0.000615292	-0.000232394	2
-76.5394	39.6051	-0.000606661	-0.000237343	2
-75.4907	39.7652	-0.000598132	-0.000241843	2
-74.4549	39.9205	-0.000589826	-0.000245831	2
-73.4084	40.075	-0.000581574	-0.000249378	2
-72.3637	40.2272	-0.000573498	-0.000252416	2
-71.3212	40.3772	-0.000565623	-0.000254923	2
-70.2814	40.5255	-0.000557974	-0.000256879	2
-69.2447	40.6723	-0.000550575	-0.000258264	2
-68.2116	40.818	-0.000543452	-0.000259056	2
-67.1826	40.9628	-0.000536629	-0.000259236	2
-66.1581	41.107	-0.00053013	-0.000258782	2
-65.1385	41.251	-0.000523981	-0.000257674	2
-64.1244	41.395	-0.000518206	-0.000255891	2
-63.1161	41.5393	-0.00051283	-0.000253413	2
-62.1141	41.6843	-0.000507878	-0.000250219	2
-61.1189	41.8302	-0.000503374	-0.000246289	2
-60.1309	41.9773	-0.000499343	-0.000241602	2
-59.1506	42.126	-0.00049581	-0.000236137	2
-58.1785	42.2765	-0.0004928	-0.000229873	2
-57.2149	42.4291	-0.000490337	-0.000222791	2
-56.2604	42.5842	-0.000488446	-0.00021487	2
-55.3154	42.742	-0.000487152	-0.000206088	2
-54.3803	42.9029	-0.000486479	-0.000196426	2
-53.4556	43.0671	-0.000486453	-0.000185863	2
-52.5418	43.2349	-0.000487098	-0.000174378	2
-51.6496	43.4047	-0.000488419	-0.000162098	2
-50.7587	43.5807	-0.000490472	-0.000148719	2
-49.8801	43.7612	-0.00049327	-0.000134356	2
-49.0141	43.9466	-0.000496837	-0.000118989	2

-75.0076	2.01264	-3.75193e-07	2.63554e-07	2
-75.6427	3.09445	-3.2452e-05	2.26351e-05	2
-76.2499	4.17887	-6.45199e-05	4.46801e-05	2
-76.822	5.25328	-9.62036e-05	6.61422e-05	2
-77.3534	6.30551	-0.000127145	8.67919e-05	2
-77.8569	7.36006	-0.000158064	0.000107117	2
-78.3265	8.40466	-0.000188598	0.00012688	2
-78.7626	9.43932	-0.000218747	0.00014609	2
-79.1657	10.4641	-0.000248511	0.000164754	2
-79.536	11.4789	-0.000277889	0.000182878	2
-79.8741	12.4839	-0.000306881	0.00020047	2
-80.1804	13.479	-0.000335488	0.000217538	2
-80.4551	14.4643	-0.000363708	0.000234089	2
-80.6988	15.4398	-0.000391542	0.000250129	2
-80.9119	16.4054	-0.000418989	0.000265667	2
-81.0947	17.3613	-0.00044605	0.00028071	2
-81.2476	18.3074	-0.000472724	0.000295264	2
-81.3711	19.2438	-0.00049901	0.000309338	2
-81.4656	20.1705	-0.000524909	0.000322938	2
-81.5314	21.0875	-0.000550421	0.000336072	2
-81.569	21.9948	-0.000575544	0.000348747	2
-81.5788	22.8924	-0.00060028	0.000360971	2
-81.5611	23.7804	-0.000624627	0.00037275	2
-81.5165	24.6588	-0.000648586	0.000384092	2
-81.4452	25.5276	-0.000672157	0.000395004	2
-81.3477	26.3868	-0.000695338	0.000405495	2
-81.226	27.2267	-0.000717871	0.000415456	2
-81.0775	28.0669	-0.000740278	0.000425128	2
-80.9041	28.8976	-0.000762296	0.000434399	2
-80.7061	29.7187	-0.000783924	0.000443277	2
-80.4839	30.5304	-0.000805163	0.000451769	2
-80.2379	31.3327	-0.000826011	0.000459882	2
-79.9685	32.1255	-0.000846469	0.000467624	2
-79.6761	32.9088	-0.000866537	0.000475002	2
-79.3611	33.6828	-0.000886214	0.000482023	2
-79.024	34.4474	-0.000905499	0.000488694	2
-78.6651	35.2026	-0.000924394	0.000495023	2
-78.2848	35.9485	-0.000942897	0.000501018	2
-77.8836	36.6851	-0.000961009	0.000506684	2
-77.4618	37.4123	-0.000978729	0.000512031	2
-77.0199	38.1303	-0.000996057	0.000517064	2
-76.5582	38.839	-0.00101299	0.000521792	2
-76.0771	39.5384	-0.00102954	0.000526221	2
-75.5771	40.2286	-0.00104569	0.000530359	2
-75.0586	40.9097	-0.00106144	0.000534213	2
-74.5219	41.5815	-0.00107681	0.000537791	2
-73.9676	42.2442	-0.00109178	0.000541099	2
-73.3958	42.8977	-0.00110636	0.000544146	2
-72.8072	43.5421	-0.00112054	0.000546938	2
-72.2091	44.1701	-0.00113418	0.000549454	2
-71.588	44.7964	-0.00114758	0.000551761	2
-70.9512	45.4137	-0.00116059	0.000553836	2
-70.2991	46.0218	-0.0011732	0.000555685	2
-69.6321	46.621	-0.00118542	0.000557315	2
-68.9505	47.2111	-0.00119724	0.000558735	2
-68.2549	47.7923	-0.00120867	0.000559951	2
-67.5456	48.3645	-0.0012197	0.000560971	2
-66.823	48.9277	-0.00123034	0.000561801	2
-66.0875	49.482	-0.00124058	0.00056245	2
-65.3395	50.0274	-0.00125042	0.000562925	2
-64.5795	50.564	-0.00125987	0.000563232	2
-63.8077	51.0916	-0.00126892	0.00056338	2
-63.0247	51.6104	-0.00127758	0.000563375	2
-62.2309	52.1203	-0.00128584	0.000563224	2
-61.4266	52.6215	-0.0012937	0.000562936	2
-60.6122	53.1138	-0.00130116	0.000562517	2
-59.7881	53.5974	-0.00130823	0.000561975	2
-58.9549	54.0722	-0.0013149	0.000561316	2
-58.1127	54.5383	-0.00132117	0.000560549	2
-57.2621	54.9957	-0.00132705	0.00055968	2
-56.4035	55.4444	-0.00133252	0.000558718	2
-55.5373	55.8844	-0.0013376	0.000557668	2
-54.6638	56.3158	-0.00134228	0.000556539	2
-53.7937	56.7337	-0.00134651	0.000555351	2
-52.907	57.1479	-0.0013504	0.000554086	2
-52.0144	57.5535	-0.00135388	0.000552762	2
-51.1161	57.9505	-0.00135697	0.000551388	2
-50.2126	58.339	-0.00135965	0.000549971	2
-49.3043	58.719	-0.00136194	0.000548518	2
-48.3915	59.0904	-0.00136383	0.000547036	2
-47.4748	59.4533	-0.00136531	0.000545533	2
-46.5545	59.8078	-0.0013664	0.000544016	2
-45.631	60.1538	-0.00136708	0.000542493	2
-44.7047	60.4914	-0.00136737	0.00054097	2
-43.776	60.8205	-0.00136725	0.000539455	2
-42.8454	61.1413	-0.00136673	0.000537955	2
-41.9131	61.4536	-0.00136581	0.000536478	2
-40.9797	61.7576	-0.00136449	0.00053503	2
-40.0455	62.0533	-0.00136277	0.00053362	2
-39.111	62.3407	-0.00136064	0.000532254	2
-38.1765	62.6197	-0.00135811	0.000530939	2
-37.2424	62.8905	-0.00135518	0.000529684	2
-36.3092	63.153	-0.00135185	0.000528495	2
-35.3772	63.4073	-0.00134811	0.00052738	2
-34.4469	63.6533	-0.00134397	0.000526345	2
-33.5187	63.8912	-0.00133942	0.000525399	2
-32.6035	64.1183	-0.00133454	0.000524557	2
-31.6805	64.3399	-0.00132919	0.000523808	2
-30.7608	64.5533	-0.00132344	0.000523168	2
-29.8448	64.7587	-0.00131728	0.000522646	2

-25.003	2.00988	4.17993e-08	2.01064e-08	2
-25.2644	2.86304	2.62221e-06	1.39881e-06	2
-25.5373	3.73339	3.21649e-06	2.10272e-06	2
-25.8181	4.61078	1.81952e-06	2.13308e-06	2
-26.1032	5.48474	-1.48255e-06	1.52202e-06	2
-26.3986	6.37533	-6.73019e-06	2.76477e-07	2
-26.7008	7.27217	-1.38595e-05	-1.5788e-06	2
-27.0092	8.17497	-2.28338e-05	-4.02247e-06	2
-27.3235	9.08348	-3.36163e-05	-7.03316e-06	2
-27.6431	9.99743	-4.61706e-05	-1.05895e-05	2
-27.9678	10.9166	-6.04598e-05	-1.46702e-05	2
-28.2969	11.8406	-7.64473e-05	-1.92539e-05	2
-28.6301	12.7692	-9.40964e-05	-2.43192e-05	2
-28.967	13.7023	-0.00011337	-2.98448e-05	2
-29.3072	14.6394	-0.000134233	-3.58093e-05	2
-29.6501	15.5804	-0.000156647	-4.21914e-05	2
-29.9953	16.525	-0.000180575	-4.89697e-05	2
-30.3425	17.4728	-0.000205983	-5.61229e-05	2
-30.6912	18.4237	-0.000232831	-6.36295e-05	2
-31.041	19.3773	-0.000261085	-7.14684e-05	2
-31.3913	20.3335	-0.000290707	-7.9618e-05	2
-31.7419	21.2919	-0.00032166	-8.80572e-05	2
-32.0922	22.2523	-0.000353908	-9.67644e-05	2
-32.4418	23.2143	-0.000387415	-0.000105718	2
-32.7903	24.1778	-0.000422143	-0.000114898	2
-33.1372	25.1425	-0.000458056	-0.000124281	2
-33.4782	26.0969	-0.000494684	-0.000133736	2
-33.8208	27.0631	-0.000532844	-0.000143462	2
-34.1605	28.0297	-0.00057208	-0.000153328	2
-34.497	28.9963	-0.000612354	-0.000163313	2
-34.8297	29.9628	-0.000653629	-0.000173396	2
-35.1583	30.9289	-0.00069587	-0.000183554	2
-35.4822	31.8942	-0.00073904	-0.000193768	2
-35.8012	32.8586	-0.000783102	-0.000204015	2
-36.1147	33.8218	-0.000828018	-0.000214274	2
-36.4223	34.7834	-0.000873754	-0.000224524	2
-36.7237	35.7433	-0.000920271	-0.000234743	2
-37.0182	36.7012	-0.000967533	-0.00024491	2
-37.3056	37.6567	-0.0010155	-0.000255004	2
-37.5853	38.6097	-0.00106415	-0.000265004	2
-37.857	39.5599	-0.00111342	-0.000274887	2
-38.1201	40.5069	-0.0011633	-0.000284633	2
-38.3744	41.4506	-0.00121374	-0.000294221	2
-38.6193	42.3906	-0.0012647	-0.000303628	2
-38.8544	43.3268	-0.00131616	-0.000312834	2
-39.0793	44.2587	-0.00136806	-0.000321818	2
-39.2935	45.1862	-0.00142038	-0.000330557	2
-39.4966	46.1091	-0.00147308	-0.000339031	2
-39.6881	47.0269	-0.00152611	-0.000347218	2
-39.8658	47.929	-0.00157884	-0.000355008	2
-40.0331	48.8362	-0.00163245	-0.000362561	2
-40.1876	49.7376	-0.0016863	-0.000369764	2
-40.3289	50.633	-0.00174033	-0.000376595	2
-40.4564	51.522	-0.00179453	-0.000383032	2
-40.5699	52.4045	-0.00184885	-0.000389055	2
-40.6687	53.2801	-0.00190325	-0.000394642	2
-40.7526	54.1487	-0.00195771	-0.000399771	2
-40.821	55.0098	-0.00201217	-0.000404422	2
-40.8735	55.8634	-0.00206661	-0.000408573	2
-40.9098	56.709	-0.00212099	-0.000412202	2
-40.9293	57.5464	-0.00217527	-0.000415288	2
-40.9316	58.3754	-0.00222942	-0.000417811	2
-40.9164	59.1957	-0.0022834	-0.000419748	2
-40.8831	60.007	-0.00233717	-0.000421078	2
-40.8313	60.8091	-0.00239069	-0.00042178	2
-40.7606	61.6017	-0.00244393	-0.000421832	2
-40.6705	62.3845	-0.00249686	-0.000421214	2
-40.5607	63.1572	-0.00254943	-0.000419903	2
-40.4307	63.9196	-0.0026016	-0.000417879	2
-40.28	64.6715	-0.00265335	-0.000415119	2
-40.1083	65.4125	-0.00270464	-0.000411604	2
-39.915	66.1424	-0.00275543	-0.000407311	2
-39.6998	66.8609	-0.00280567	-0.000402219	2
-39.4651	67.5598	-0.00285478	-0.000396379	2
-39.2049	68.2549	-0.00290385	-0.000389635	2
-38.9215	68.9378	-0.00295227	-0.000382027	2
-38.6144	69.6083	-0.003	-0.000373536	2
-38.2833	70.2661	-0.00304702	-0.000364139	2
-37.9275	70.9109	-0.00309328	-0.000353816	2
-37.5468	71.5424	-0.00313874	-0.000342544	2
-37.1407	72.1605	-0.00318337	-0.000330302	2
-36.7087	72.7647	-0.00322714	-0.00031707	2
-36.2504	73.3549	-0.00327	-0.000302826	2
-35.7654	73.9308	-0.00331192	-0.000287547	2
-35.2532	74.4922	-0.00335286	-0.000271214	2
-34.7135	75.0386	-0.00339279	-0.000253805	2
-34.1457	75.57	-0.00343167	-0.000235298	2
-33.5495	76.086	-0.00346946	-0.000215672	2
-32.9244	76.5863	-0.00350612	-0.000194905	2
-32.27	77.0707	-0.00354163	-0.000172977	2
-31.5858	77.539	-0.00357594	-0.000149866	2
-30.8714	77.9908	-0.00360901	-0.00012555	2
-30.1264	78.4258	-0.00364081	-0.000100008	2
-29.3503	78.8439	-0.0036713	-7.32198e-05	2
-28.5428	79.2448	-0.00370045	-4.51628e-05	2
-27.7033	79.6281	-0.00372822	-1.58159e-05	2
-26.8416	79.9895	-0.00375428	1.44823e-05	2
-25.9373	80.3372	-0.00377919	4.64575e-05	2
-24.9998	80.6666	-0.00380261	7.97863e-05	2
-24.0286	80.9774	-0.00382451	0.00011449	2

24.9997	2.01182	-2.52857e-07	1.94939e-07	2
24.9595	3.02267	-2.14705e-05	1.61894e-05	2
24.8868	4.03334	-4.18925e-05	3.08445e-05	2
24.7826	5.03218	-6.12954e-05	4.40024e-05	2
24.6493	6.00811	-7.95029e-05	5.55736e-05	2
24.4848	6.98402	-9.69678e-05	6.58637e-05	2
24.2909	7.94867	-0.000113502	7.47667e-05	2
24.0687	8.90227	-0.000129136	8.23195e-05	2
23.8188	9.84501	-0.000143899	8.85589e-05	2
23.5419	10.7771	-0.00015782	9.35218e-05	2
23.2389	11.6986	-0.000170929	9.72452e-05	2
22.9105	12.6099	-0.000183257	9.97657e-05	2
22.5574	13.5111	-0.000194832	0.00010112	2
22.1805	14.4024	-0.000205683	0.000101346	2
21.7805	15.2839	-0.000215842	0.00010048	2
21.3581	16.1559	-0.000225337	9.85582e-05	2
20.9142	17.0186	-0.000234199	9.56182e-05	2
20.4495	17.8721	-0.000242456	9.16967e-05	2
19.9647	18.7167	-0.000250138	8.68306e-05	2
19.4606	19.5525	-0.000257275	8.10567e-05	2
18.938	20.3798	-0.000263897	7.44119e-05	2
18.3976	21.1986	-0.000270034	6.69331e-05	2
17.8403	22.0093	-0.000275714	5.86572e-05	2
17.2667	22.812	-0.000280968	4.9621e-05	2
16.6777	23.6068	-0.000285825	3.98614e-05	2
16.0739	24.394	-0.000290315	2.94153e-05	2
15.4634	25.1649	-0.000294421	1.84506e-05	2
14.8327	25.9376	-0.000298269	6.74895e-06	2
14.1895	26.7032	-0.000301839	-5.52908e-06	2
13.5348	27.4619	-0.000305159	-1.83466e-05	2
12.8691	28.214	-0.000308261	-3.16666e-05	2
12.1932	28.9596	-0.000311173	-4.54524e-05	2
11.5081	29.699	-0.000313924	-5.9667e-05	2
10.8143	30.4322	-0.000316546	-7.42736e-05	2
10.1127	31.1595	-0.000319067	-8.92353e-05	2
9.40396	31.8812	-0.000321517	-0.000104515	2
8.68896	32.5973	-0.000323925	-0.000120076	2
7.96841	33.3081	-0.000326322	-0.000135882	2
7.24307	34.0137	-0.000328736	-0.000151896	2
6.51371	34.7144	-0.000331199	-0.00016808	2
5.7811	35.4103	-0.000333738	-0.000184398	2
5.046	36.1017	-0.000336384	-0.000200813	2
4.30917	36.7887	-0.000339167	-0.000217288	2
3.57138	37.4715	-0.000342116	-0.000233786	2
2.83338	38.1504	-0.00034526	-0.00025027	2
2.09595	38.8254	-0.00034863	-0.000266705	2
1.35984	39.4968	-0.000352256	-0.000283051	2
0.625828	40.1649	-0.000356165	-0.000299274	2
-0.105333	40.8296	-0.00036039	-0.000315335	2
-0.824536	41.4838	-0.000364903	-0.000331018	2
-1.54775	42.1427	-0.000369841	-0.000346649	2
-2.26583	42.799	-0.000375181	-0.000362009	2
-2.97801	43.4528	-0.000380954	-0.000377061	2
-3.68352	44.1044	-0.000387189	-0.000391768	2
-4.38161	44.7539	-0.000393916	-0.000406093	2
-5.0715	45.4014	-0.000401165	-0.000419999	2
-5.75244	46.0473	-0.000408965	-0.00043345	2
-6.42366	46.6917	-0.000417345	-0.000446408	2
-7.0844	47.3347	-0.000426336	-0.000458837	2
-7.73389	47.9766	-0.000435967	-0.000470699	2
-8.37137	48.6176	-0.000446268	-0.000481958	2
-8.99608	49.2579	-0.000457269	-0.000492577	2
-9.60725	49.8976	-0.000468998	-0.000502519	2
-10.2041	50.5369	-0.000481486	-0.000511748	2
-10.7859	51.1761	-0.000494762	-0.000520225	2
-11.3519	51.8152	-0.000508857	-0.000527915	2
-11.9013	52.4546	-0.000523799	-0.000534781	2
-12.4333	53.0944	-0.000539618	-0.000540786	2
-12.9472	53.7348	-0.000556344	-0.000545892	2
-13.4422	54.376	-0.000574007	-0.000550064	2
-13.9176	55.0181	-0.000592636	-0.000553263	2
-14.3726	55.6614	-0.00061226	-0.000555454	2
-14.8063	56.3061	-0.00063291	-0.000556599	2
-15.2136	56.9449	-0.00065436	-0.000556667	2
-15.603	57.5928	-0.000677138	-0.000555623	2
-15.9689	58.2427	-0.000701029	-0.000553424	2
-16.3107	58.8947	-0.000726064	-0.000550032	2
-16.6274	59.5489	-0.000752273	-0.00054541	2
-16.9184	60.2057	-0.000779685	-0.000539522	2
-17.1829	60.8652	-0.000808329	-0.00053233	2
-17.4201	61.5276	-0.000838235	-0.000523798	2
-17.6293	62.1931	-0.000869434	-0.00051389	2
-17.8096	62.8618	-0.000901954	-0.000502567	2
-17.9604	63.5339	-0.000935825	-0.000489793	2
-18.0809	64.2098	-0.000971078	-0.000475532	2
-18.1703	64.8894	-0.00100774	-0.000459747	2
-18.2278	65.5731	-0.00104584	-0.000442399	2
-18.2527	66.261	-0.00108542	-0.000423454	2
-18.2442	66.9534	-0.00112649	-0.000402873	2
-18.2016	67.6503	-0.00116909	-0.000380621	2
-18.124	68.352	-0.00121325	-0.000356659	2
-18.0108	69.0587	-0.001259	-0.000330952	2
-17.8611	69.7706	-0.00130636	-0.000303462	2
-17.6742	70.4879	-0.00135538	-0.000274152	2
-17.4494	71.2107	-0.00140607	-0.000242986	2
-17.1858	71.9392	-0.00145847	-0.000209927	2
-16.8864	72.6653	-0.00151197	-0.000175351	2
-16.5435	73.4058	-0.00156785	-0.000138418	2
-16.1597	74.1527	-0.00162553	-9.94805e-05	2
-15.734	74.9061	-0.00168503	-5.85032e-05	2

74.9959	2.01322	-1.4554e-07	3.63188e-07	2
74.6324	3.13845	-1.26418e-05	3.11685e-05	2
74.2443	4.25304	-2.52467e-05	6.14791e-05	2
73.8359	5.34416	-3.782e-05	9.09462e-05	2
73.4129	6.40005	-5.02231e-05	0.00011926	2
72.9655	7.44567	-6.275e-05	0.000147093	2
72.4992	8.469	-7.52618e-05	0.000174126	2
72.0142	9.47045	-8.77639e-05	0.000200373	2
71.5109	10.4504	-0.000100262	0.000225849	2
70.9898	11.4092	-0.000112761	0.000250568	2
70.4511	12.3474	-0.000125267	0.000274545	2
69.8953	13.2652	-0.000137786	0.000297795	2
69.3228	14.1631	-0.000150322	0.000320331	2
68.7339	15.0416	-0.000162881	0.000342169	2
68.1291	15.9008	-0.00017547	0.000363322	2
67.5086	16.7414	-0.000188092	0.000383806	2
66.873	17.5636	-0.000200754	0.000403635	2
66.2225	18.3679	-0.000213462	0.000422823	2
65.5576	19.1547	-0.00022622	0.000441384	2
64.8786	19.9243	-0.000239034	0.000459334	2
64.186	20.6772	-0.000251911	0.000476687	2
63.48	21.4138	-0.000264854	0.000493457	2
62.7612	22.1344	-0.00027787	0.000509659	2
62.0298	22.8394	-0.000290964	0.000525307	2
61.2862	23.5293	-0.000304142	0.000540416	2
60.531	24.2044	-0.000317409	0.000555001	2
59.7732	24.8576	-0.000330616	0.000568916	2
58.9956	25.5045	-0.000344076	0.000582499	2
58.2074	26.1379	-0.000357642	0.000595602	2
57.409	26.758	-0.000371319	0.000608237	2
56.6008	27.3654	-0.000385113	0.00062042	2
55.7831	27.9604	-0.000399029	0.000632165	2
54.9563	28.5434	-0.000413072	0.000643487	2
54.1208	29.1147	-0.000427248	0.0006544	2
53.2769	29.6749	-0.000441562	0.000664918	2
52.4251	30.2243	-0.00045602	0.000675057	2
51.5658	30.7632	-0.000470628	0.000684829	2
50.6993	31.2922	-0.000485391	0.000694251	2
49.826	31.8115	-0.000500314	0.000703337	2
48.9463	32.3216	-0.000515403	0.0007121	2
48.0606	32.8229	-0.000530664	0.000720556	2
47.1692	33.3157	-0.000546101	0.000728719	2
46.2726	33.8005	-0.000561721	0.000736604	2
45.3711	34.2776	-0.000577529	0.000744225	2
44.4651	34.7475	-0.000593529	0.000751596	2
43.555	35.2106	-0.000609729	0.000758732	2
42.6411	35.6672	-0.000626133	0.000765647	2
41.724	36.1178	-0.000642747	0.000772357	2
40.8038	36.5627	-0.000659576	0.000778875	2
39.8917	36.9973	-0.000676429	0.000785144	2
38.9668	37.4321	-0.000693703	0.000791325	2
38.0401	37.8624	-0.000711208	0.000797357	2
37.1119	38.2886	-0.00072895	0.000803255	2
36.1827	38.7112	-0.000746936	0.000809034	2
35.2528	39.1305	-0.000765169	0.000814709	2
34.3227	39.5469	-0.000783656	0.000820293	2
33.3926	39.9607	-0.000802402	0.000825802	2
32.463	40.3725	-0.000821413	0.000831249	2
31.5343	40.7826	-0.000840693	0.00083665	2
30.6068	41.1914	-0.00086025	0.000842018	2
29.6809	41.5992	-0.000880087	0.000847369	2
28.7571	42.0065	-0.000900211	0.000852717	2
27.8356	42.4137	-0.000920628	0.000858075	2
26.9169	42.8212	-0.000941341	0.00086346	2
26.0014	43.2294	-0.000962358	0.000868885	2
25.0894	43.6386	-0.000983683	0.000874364	2
24.1813	44.0493	-0.00100532	0.000879913	2
23.2776	44.4618	-0.00102728	0.000885545	2
22.3785	44.8766	-0.00104956	0.000891276	2
21.4845	45.2941	-0.00107218	0.000897119	2
20.596	45.7146	-0.00109513	0.00090309	2
19.7133	46.1385	-0.00111842	0.000909202	2
18.8368	46.5663	-0.00114206	0.00091547	2
17.9768	46.9933	-0.00116577	0.000921835	2
17.1139	47.4298	-0.00119012	0.000928457	2
16.2582	47.8714	-0.00121483	0.000935279	2
15.4104	48.3185	-0.0012399	0.000942314	2
14.5706	48.7713	-0.00126535	0.000949579	2
13.7394	49.2303	-0.00129118	0.000957086	2
12.9171	49.696	-0.0013174	0.000964851	2
12.104	50.1686	-0.00134401	0.000972887	2
11.3006	50.6486	-0.00137101	0.000981211	2
10.5073	51.1365	-0.00139842	0.000989835	2
9.72432	51.6325	-0.00142623	0.000998775	2
8.9522	52.1371	-0.00145445	0.00100804	2
8.19128	52.6507	-0.0014831	0.00101766	2
7.44192	53.1737	-0.00151216	0.00102763	2
6.70453	53.7064	-0.00154166	0.00103798	2
5.97947	54.2493	-0.00157159	0.00104871	2
5.26714	54.8028	-0.00160196	0.00105985	2
4.56791	55.3672	-0.00163278	0.0010714	2
3.88218	55.943	-0.00166405	0.00108339	2
3.21031	56.5305	-0.00169577	0.00109582	2
2.5527	57.1302	-0.00172796	0.00110871	2
1.90972	57.7425	-0.00176061	0.00112208	2
1.28176	58.3676	-0.00179374	0.00113594	2
0.676161	58.9987	-0.00182696	0.00115013	2
0.0792082	59.6508	-0.00186104	0.001165	2
-0.501581	60.317	-0.00189562	0.00118041	2
-1.06582	60.9977	-0.00193068	0.00119636	2

124.996	2.01135	-5.13223e-07	3.19453e-07	2
124.637	2.987	-4.31541e-05	2.75857e-05	2
124.284	3.97377	-8.33062e-05	5.47573e-05	2
123.943	4.96032	-0.000120495	8.15216e-05	2
123.616	5.93529	-0.00015438	0.000107584	2
123.297	6.92136	-0.000185789	0.000133558	2
122.988	7.90719	-0.000214349	0.000159144	2
122.689	8.89277	-0.000240098	0.000184348	2
122.401	9.87809	-0.000263075	0.000209178	2
122.124	10.8632	-0.000283318	0.00023364	2
121.857	11.848	-0.000300864	0.00025774	2
121.599	12.8325	-0.000315753	0.000281485	2
121.352	13.8168	-0.000328023	0.000304882	2
121.114	14.8008	-0.000337712	0.000327936	2
120.887	15.7845	-0.000344859	0.000350655	2
120.669	16.768	-0.000349501	0.000373046	2
120.46	17.7511	-0.000351678	0.000395114	2
120.261	18.734	-0.000351427	0.000416866	2
120.071	19.7166	-0.000348787	0.000438309	2
119.89	20.6989	-0.000343795	0.00045945	2
119.718	21.6808	-0.000336492	0.000480295	2
119.555	22.6625	-0.000326914	0.00050085	2
119.401	23.6439	-0.0003151	0.000521122	2
119.255	24.6249	-0.000301088	0.000541117	2
119.118	25.6057	-0.000284918	0.000560843	2
118.989	26.5861	-0.000266626	0.000580306	2
118.87	27.5549	-0.000246497	0.000599292	2
118.758	28.5346	-0.000224102	0.000618251	2
118.654	29.514	-0.0001997	0.000636966	2
118.557	30.4931	-0.00017333	0.000655443	2
118.469	31.4718	-0.000145031	0.00067369	2
118.388	32.4502	-0.00011484	0.000691713	2
118.315	33.4282	-8.27953e-05	0.000709519	2
118.249	34.4059	-4.89363e-05	0.000727113	2
118.191	35.3832	-1.33009e-05	0.000744504	2
118.139	36.3602	2.40727e-05	0.000761696	2
118.095	37.3368	6.31462e-05	0.000778697	2
118.058	38.313	0.000103881	0.000795513	2
118.028	39.2888	0.000146239	0.000812152	2
118.004	40.2642	0.000190182	0.000828618	2
117.987	41.2393	0.000235671	0.00084492	2
117.976	42.214	0.000282669	0.000861063	2
117.972	43.1882	0.000331137	0.000877054	2
117.974	44.1621	0.000381036	0.0008929	2
117.982	45.1356	0.000432328	0.000908607	2
117.997	46.1087	0.000484975	0.000924181	2
118.017	47.0813	0.000538939	0.00093963	2
118.042	48.0536	0.000594181	0.00095496	2
118.074	49.0254	0.000650662	0.000970177	2
118.11	49.9856	0.000707676	0.000985115	2
118.153	50.9566	0.00076651	0.00100013	2
118.2	51.9271	0.000826468	0.00101505	2
118.253	52.8972	0.000887514	0.00102988	2
118.311	53.8669	0.000949609	0.00104463	2
118.374	54.8361	0.00101271	0.00105931	2
118.441	55.8049	0.00107679	0.00107393	2
118.514	56.7732	0.0011418	0.00108848	2
118.59	57.7411	0.00120771	0.00110298	2
118.672	58.7085	0.00127447	0.00111743	2
118.757	59.6754	0.00134205	0.00113184	2
118.847	60.6419	0.00141042	0.00114622	2
118.941	61.6079	0.00147952	0.00116057	2
119.039	62.5734	0.00154933	0.0011749	2
119.14	63.5384	0.0016198	0.00118921	2
119.246	64.503	0.00169091	0.00120352	2
119.355	65.467	0.0017626	0.00121782	2
119.467	66.4306	0.00183484	0.00123213	2
119.583	67.3937	0.00190759	0.00124646	2
119.702	68.3562	0.00198082	0.0012608	2
119.824	69.3183	0.00205448	0.00127516	2
119.949	70.2798	0.00212854	0.00128956	2
120.077	71.2409	0.00220296	0.00130399	2
120.208	72.2014	0.00227769	0.00131847	2
120.34	73.1503	0.00235185	0.00133284	2
120.476	74.1098	0.00242711	0.00134743	2
120.614	75.0687	0.00250258	0.00136208	2
120.755	76.0271	0.00257822	0.0013768	2
120.898	76.9849	0.00265398	0.0013916	2
121.043	77.9423	0.00272984	0.00140649	2
121.189	78.899	0.00280575	0.00142146	2
121.338	79.8552	0.00288167	0.00143653	2
121.488	80.8109	0.00295757	0.00145171	2
121.64	81.7659	0.00303341	0.00146699	2
121.793	82.7205	0.00310915	0.00148239	2
121.948	83.6744	0.00318474	0.00149792	2
122.103	84.6278	0.00326016	0.00151357	2
122.26	85.5806	0.00333537	0.00152936	2
122.418	86.5328	0.00341032	0.0015453	2
122.576	87.4844	0.00348498	0.00156138	2
122.736	88.4355	0.00355931	0.00157762	2
122.896	89.3859	0.00363327	0.00159402	2
123.056	90.3357	0.00370682	0.00161059	2
123.217	91.285	0.00377993	0.00162734	2
123.378	92.2336	0.00385255	0.00164427	2
123.539	93.1816	0.00392465	0.00166138	2
123.7	94.129	0.00399619	0.0016787	2
123.859	95.0649	0.00406632	0.00169601	2
124.02	96.0111	0.00413663	0.00171373	2
124.18	96.9566	0.00420627	0.00173166	2
124.34	97.9015	0.00427519	0.00174982	2

