-124.999	2.0106	3.56801e-08	1.65313e-07	2
-124.948	2.92095	2.86699e-06	1.36342e-05	2
-124.932	3.8393	5.25648e-06	2.57758e-05	2
-124.951	4.75504	7.17203e-06	3.64567e-05	2
-125.003	5.65765	8.60324e-06	4.56105e-05	2
-125.088	6.56813	9.58692e-06	5.34813e-05	2
-125.205	7.47592	1.01073e-05	5.99866e-05	2
-125.354	8.38103	1.01679e-05	6.51581e-05	2
-125.533	9.28342	9.77235e-06	6.90275e-05	2
-125.742	10.1831	8.92415e-06	7.16268e-05	2
-125.979	11.08	7.62688e-06	7.29878e-05	2
-126.245	11.9741	5.8841e-06	7.31422e-05	2
-126.537	12.8655	3.69936e-06	7.21219e-05	2
-126.856	13.754	1.07623e-06	6.99586e-05	2
-127.199	14.6398	-1.98173e-06	6.66843e-05	2
-127.568	15.5227	-5.47097e-06	6.23307e-05	2
-127.96	16.4027	-9.38793e-06	5.69296e-05	2
-128.374	17.2798	-1.3729e-05	5.05129e-05	2
-128.811	18.154	-1.84908e-05	4.31123e-05	2
-129.268	19.0254	-2.36695e-05	3.47598e-05	2
-129.746	19.8937	-2.92617e-05	2.5487e-05	2
-130.243	20.7592	-3.52639e-05	1.53258e-05	2
-130.758	21.6216	-4.16724e-05	4.30806e-06	2
-131.291	22.481	-4.84837e-05	-7.53445e-06	2
-131.84	23.3375	-5.56943e-05	-2.01699e-05	2
-132.405	24.1909	-6.33005e-05	-3.35665e-05	2
-132.979	25.0315	-7.12048e-05	-4.7526e-05	2
-133.573	25.8788	-7.95873e-05	-6.23415e-05	2
-134.181	26.723	-8.83548e-05	-7.78231e-05	2
-134.801	27.5641	-9.75038e-05	-9.3939e-05	2
-135.432	28.4021	-0.000107031	-0.000110657	2
-136.074	29.2369	-0.000116932	-0.000127946	2
-136.726	30.0686	-0.000127204	-0.000145774	2
-137.387	30.8971	-0.000137844	-0.000164108	2
-138.056	31.7224	-0.000148847	-0.000182918	2
-138.732	32.5445	-0.00016021	-0.000202171	2
-139.415	33.3633	-0.00017193	-0.000221836	2
-140.103	34.1789	-0.000184003	-0.00024188	2
-140.795	34.9911	-0.000196425	-0.000262273	2
-141.492	35.8001	-0.000209193	-0.000282981	2
-142.191	36.6058	-0.000222304	-0.000303974	2
-142.893	37.4082	-0.000235753	-0.000325219	2
-143.595	38.2071	-0.000249537	-0.000346684	2
-144.298	39.0028	-0.000263654	-0.000368339	2
-145.001	39.795	-0.000278098	-0.00039015	2
-145.702	40.5838	-0.000292867	-0.000412087	2
-146.401	41.3692	-0.000307957	-0.000434117	2
-147.097	42.1511	-0.000323364	-0.000456209	2
-147.788	42.9296	-0.000339085	-0.00047833	2
-148.467	43.6956	-0.00035493	-0.000500195	2
-149.149	44.4672	-0.000371265	-0.000522281	2
-149.824	45.2352	-0.000387903	-0.000544302	2
-150.491	45.9996	-0.00040484	-0.000566226	2
-151.15	46.7605	-0.000422074	-0.00058802	2
-151.8	47.5178	-0.0004396	-0.000609654	2
-152.44	48.2715	-0.000457415	-0.000631095	2
-153.069	49.0216	-0.000475516	-0.000652312	2
-153.687	49.768	-0.000493899	-0.000673273	2
-154.292	50.5108	-0.00051256	-0.000693945	2
-154.883	51.2499	-0.000531495	-0.000714298	2
-155.461	51.9854	-0.000550702	-0.000734299	2
-156.023	52.7171	-0.000570176	-0.000753916	2
-156.569	53.4451	-0.000589915	-0.000773119	2
-157.098	54.1693	-0.000609914	-0.000791874	2
-157.61	54.8898	-0.00063017	-0.00081015	2
-158.103	55.6064	-0.000650679	-0.000827915	2
-158.576	56.3193	-0.000671439	-0.000845138	2
-159.029	57.0283	-0.000692444	-0.000861787	2
-159.461	57.7335	-0.000713692	-0.000877829	2
-159.871	58.4349	-0.00073518	-0.000893233	2
-160.258	59.1323	-0.000756903	-0.000907968	2
-160.621	59.8258	-0.000778858	-0.000922001	2
-160.96	60.5155	-0.000801041	-0.0009353	2
-161.27	61.1933	-0.000823191	-0.000947695	2
-161.557	61.8751	-0.000845818	-0.000959441	2
-161.817	62.5529	-0.000868664	-0.000970359	2
-162.049	63.2267	-0.000891723	-0.000980416	2
-162.252	63.8965	-0.000914993	-0.000989582	2
-162.425	64.5622	-0.000938471	-0.000997823	2
-162.568	65.2239	-0.000962152	-0.00100511	2
-162.679	65.8815	-0.000986033	-0.00101141	2
-162.758	66.5351	-0.00101011	-0.00101669	2
-162.803	67.1845	-0.00103438	-0.00102091	2
-162.815	67.8298	-0.00105884	-0.00102406	2
-162.791	68.471	-0.00108349	-0.00102609	2
-162.732	69.1079	-0.00110831	-0.00102697	2
-162.636	69.7407	-0.00113332	-0.00102667	2
-162.502	70.3693	-0.0011585	-0.00102517	2
-162.331	70.9937	-0.00118386	-0.00102242	2
-162.119	71.6139	-0.00120938	-0.0010184	2
-161.868	72.2297	-0.00123506	-0.00101307	2
-161.576	72.8413	-0.00126091	-0.0010064	2
-161.242	73.4486	-0.00128691	-0.000998369	2
-160.866	74.0516	-0.00131307	-0.000988933	2
-160.445	74.6502	-0.00133938	-0.000978063	2
-159.981	75.2445	-0.00136584	-0.00096573	2
-159.477	75.8277	-0.00139213	-0.000952067	2
-158.921	76.4133	-0.00141886	-0.000936725	2
-158.319	76.9944	-0.00144573	-0.000919824	2
-157.669	77.5712	-0.00147274	-0.000901331	2

-75.0017	2.01138	-4.70486e-07	1.54371e-07	2
-75.1647	2.98153	-4.03545e-05	1.2935e-05	2
-75.3544	3.94616	-7.95576e-05	2.48753e-05	2
-75.5686	4.8942	-0.000117636	3.58325e-05	2
-75.8039	5.81531	-0.000154196	4.57087e-05	2
-76.0654	6.7312	-0.000190116	5.47449e-05	2
-76.3499	7.63138	-0.00022499	6.28323e-05	2
-76.657	8.51612	-0.000258844	6.99822e-05	2
-76.9862	9.38573	-0.000291705	7.62061e-05	2
-77.337	10.2405	-0.000323599	8.15156e-05	2
-77.7089	11.0807	-0.000354553	8.5922e-05	2
-78.1015	11.9067	-0.000384593	8.94368e-05	2
-78.5142	12.7187	-0.000413746	9.20715e-05	2
-78.9466	13.517	-0.000442038	9.38376e-05	2
-79.3982	14.3019	-0.000469495	9.47464e-05	2
-79.8684	15.0738	-0.000496144	9.48096e-05	2
-80.3569	15.8328	-0.000522011	9.40385e-05	2
-80.8632	16.5794	-0.000547123	9.24446e-05	2
-81.3867	17.3138	-0.000571506	9.00393e-05	2
-81.927	18.0362	-0.000595187	8.68342e-05	2
-82.4836	18.7471	-0.000618192	8.28407e-05	2
-83.056	19.4466	-0.000640547	7.80703e-05	2
-83.6437	20.1351	-0.000662279	7.25344e-05	2
-84.2462	20.8128	-0.000683414	6.62444e-05	2
-84.8632	21.4801	-0.000703979	5.9212e-05	2
-85.494	22.1373	-0.000724	5.14484e-05	2
-86.1307	22.7772	-0.000743282	4.30668e-05	2
-86.7876	23.415	-0.000762301	3.38835e-05	2
-87.457	24.0435	-0.000780854	2.40035e-05	2
-88.1384	24.6631	-0.000798968	1.3438e-05	2
-88.8312	25.274	-0.000816671	2.1987e-06	2
-89.535	25.8765	-0.000833988	-9.70306e-06	2
-90.2493	26.4709	-0.000850946	-2.22558e-05	2
-90.9736	27.0574	-0.000867571	-3.5448e-05	2
-91.7075	27.6365	-0.00088389	-4.92683e-05	2
-92.4504	28.2083	-0.000899929	-6.37051e-05	2
-93.2018	28.7732	-0.000915714	-7.87471e-05	2
-93.9614	29.3315	-0.000931273	-9.43827e-05	2
-94.7286	29.8834	-0.000946631	-0.0001106	2
-95.5029	30.4293	-0.000961814	-0.000127389	2
-96.2838	30.9694	-0.00097685	-0.000144737	2
-97.0709	31.5041	-0.000991764	-0.000162632	2
-97.8637	32.0335	-0.00100658	-0.000181064	2
-98.6616	32.5581	-0.00102134	-0.000200021	2
-99.4643	33.0782	-0.00103604	-0.000219491	2
-100.271	33.5939	-0.00105074	-0.000239463	2
-101.082	34.1056	-0.00106544	-0.000259926	2
-101.896	34.6137	-0.00108018	-0.000280867	2
-102.712	35.1183	-0.00109499	-0.000302276	2
-103.522	35.614	-0.00110971	-0.000323888	2
-104.343	36.1127	-0.00112472	-0.000346192	2
-105.165	36.6089	-0.00113987	-0.000368931	2
-105.988	37.1028	-0.0011552	-0.00039209	2
-106.811	37.5948	-0.00117071	-0.000415661	2
-107.634	38.0851	-0.00118645	-0.00043963	2
-108.457	38.5741	-0.00120244	-0.000463986	2
-109.278	39.062	-0.0012187	-0.000488719	2
-110.098	39.5491	-0.00123527	-0.000513816	2
-110.916	40.0358	-0.00125216	-0.000539266	2
-111.731	40.5222	-0.0012694	-0.000565057	2
-112.543	41.0088	-0.00128703	-0.000591179	2
-113.352	41.4957	-0.00130506	-0.00061762	2
-114.157	41.9833	-0.00132353	-0.000644367	2
-114.957	42.472	-0.00134245	-0.00067141	2
-115.753	42.9619	-0.00136186	-0.000698738	2
-116.543	43.4533	-0.00138179	-0.000726338	2
-117.327	43.9467	-0.00140225	-0.0007542	2
-118.105	44.4422	-0.00142328	-0.000782311	2
-118.875	44.9401	-0.0014449	-0.000810661	2
-119.639	45.4408	-0.00146714	-0.000839238	2
-120.394	45.9445	-0.00149002	-0.00086803	2
-121.142	46.4516	-0.00151358	-0.000897027	2
-121.88	46.9623	-0.00153783	-0.000926216	2
-122.601	47.4709	-0.00156252	-0.000955247	2
-123.32	47.9897	-0.00158824	-0.000984785	2
-124.03	48.5129	-0.00161473	-0.00101448	2
-124.728	49.0409	-0.00164203	-0.00104432	2
-125.415	49.5741	-0.00167016	-0.0010743	2
-126.091	50.1126	-0.00169914	-0.0011044	2
-126.754	50.6568	-0.00172901	-0.00113462	2
-127.405	51.2069	-0.00175978	-0.00116493	2
-128.042	51.7633	-0.00179149	-0.00119534	2
-128.666	52.3263	-0.00182416	-0.00122582	2
-129.276	52.8961	-0.00185782	-0.00125637	2
-129.871	53.473	-0.00189249	-0.00128698	2
-130.451	54.0574	-0.00192821	-0.00131762	2
-131.016	54.6495	-0.00196499	-0.0013483	2
-131.564	55.2496	-0.00200286	-0.00137901	2
-132.096	55.858	-0.00204186	-0.00140972	2
-132.611	56.475	-0.002082	-0.00144042	2
-133.109	57.101	-0.00212332	-0.00147112	2
-133.588	57.7361	-0.00216583	-0.00150179	2
-134.049	58.3807	-0.00220957	-0.00153242	2
-134.491	59.0351	-0.00225456	-0.00156301	2
-134.914	59.6995	-0.00230083	-0.00159353	2
-135.317	60.3743	-0.00234841	-0.00162398	2
-135.695	61.0518	-0.00239675	-0.00165401	2
-136.056	61.7481	-0.002447	-0.00168429	2
-136.396	62.4557	-0.00249863	-0.00171446	2
-136.715	63.1747	-0.00255168	-0.00174452	2

-25.0009	2.01099	-3.59976e-07	-2.70543e-07	2
-25.0805	2.954	-2.9264e-05	-2.25243e-05	2
-25.1723	3.90407	-5.44129e-05	-4.30219e-05	2
-25.2753	4.85026	-7.5508e-05	-6.15274e-05	2
-25.3878	5.78181	-9.24365e-05	-7.78962e-05	2
-25.5123	6.72044	-0.000105653	-9.25431e-05	2
-25.6474	7.65537	-0.000114998	-0.000105301	2
-25.7929	8.58663	-0.000120535	-0.000116205	2
-25.9486	9.5143	-0.000122323	-0.000125289	2
-26.1142	10.4384	-0.000120424	-0.000132588	2
-26.2896	11.3591	-0.0001149	-0.000138136	2
-26.4746	12.2763	-0.000105812	-0.000141968	2
-26.669	13.1901	-9.32206e-05	-0.000144119	2
-26.8726	14.1006	-7.71877e-05	-0.000144623	2
-27.0852	15.0078	-5.77744e-05	-0.000143514	2
-27.3066	15.9119	-3.5042e-05	-0.000140827	2
-27.5366	16.8128	-9.05187e-06	-0.000136597	2
-27.7751	17.7106	2.01348e-05	-0.000130859	2
-28.0218	18.6053	5.24567e-05	-0.000123646	2
-28.2765	19.4971	8.78526e-05	-0.000114993	2
-28.5391	20.386	0.000126261	-0.000104935	2
-28.8093	21.272	0.000167621	-9.35072e-05	2
-29.087	22.1551	0.000211871	-8.07429e-05	2
-29.3719	23.0356	0.00025895	-6.66773e-05	2
-29.6639	23.9133	0.000308796	-5.13447e-05	2
-29.9628	24.7884	0.000361349	-3.47798e-05	2
-30.2648	25.6508	0.000415897	-1.72279e-05	2
-30.5768	26.5208	0.000473649	1.68486e-06	2
-30.8951	27.3883	0.000533924	2.17267e-05	2
-31.2195	28.2534	0.000596661	4.28631e-05	2
-31.5498	29.1162	0.000661798	6.50595e-05	2
-31.8857	29.9766	0.000729274	8.82813e-05	2
-32.2273	30.8348	0.000799029	0.000112494	2
-32.5741	31.6908	0.000871	0.000137663	2
-32.9261	32.5446	0.000945127	0.000163754	2
-33.283	33.3964	0.00102135	0.000190732	2
-33.6446	34.2461	0.0010996	0.000218562	2
-34.0108	35.0939	0.00117983	0.000247211	2
-34.3813	35.9398	0.00126196	0.000276643	2
-34.756	36.7838	0.00134595	0.000306825	2
-35.1347	37.626	0.00143172	0.000337721	2
-35.5171	38.4665	0.00151922	0.000369296	2
-35.9031	39.3053	0.00160838	0.000401517	2
-36.2925	40.1424	0.00169915	0.000434349	2
-36.6851	40.978	0.00179146	0.000467757	2
-37.0807	41.812	0.00188525	0.000501707	2
-37.4791	42.6446	0.00198046	0.000536164	2
-37.8801	43.4758	0.00207703	0.000571093	2
-38.2835	44.3057	0.0021749	0.000606461	2
-38.6844	45.1247	0.00227285	0.000641819	2
-39.0921	45.9521	0.00237312	0.000677955	2
-39.5015	46.7782	0.0024745	0.000714425	2
-39.9126	47.6033	0.00257693	0.000751196	2
-40.3252	48.4272	0.00268035	0.000788233	2
-40.739	49.2502	0.00278471	0.000825501	2
-41.1538	50.0722	0.00288993	0.000862965	2
-41.5695	50.8933	0.00299596	0.000900591	2
-41.9859	51.7135	0.00310274	0.000938345	2
-42.4028	52.533	0.0032102	0.000976192	2
-42.8199	53.3517	0.00331829	0.0010141	2
-43.2372	54.1698	0.00342694	0.00105203	2
-43.6543	54.9873	0.00353609	0.00108994	2
-44.0711	55.8041	0.00364568	0.00112782	2
-44.4874	56.6205	0.00375565	0.00116561	2
-44.9031	57.4365	0.00386594	0.00120329	2
-45.3178	58.252	0.00397649	0.00124082	2
-45.7315	59.0672	0.00408723	0.00127816	2
-46.1439	59.8822	0.0041981	0.00131529	2
-46.5548	60.6969	0.00430904	0.00135217	2
-46.9641	61.5114	0.00442	0.00138876	2
-47.3715	62.3258	0.00453091	0.00142502	2
-47.7769	63.1402	0.0046417	0.00146093	2
-48.18	63.9546	0.00475233	0.00149645	2
-48.5761	64.7597	0.00486145	0.00153115	2
-48.9742	65.5742	0.00497154	0.00156579	2
-49.3695	66.389	0.00508128	0.00159993	2
-49.7618	67.2039	0.00519061	0.00163355	2
-50.1508	68.0191	0.00529945	0.0016666	2
-50.5365	68.8347	0.00540776	0.00169906	2
-50.9185	69.6507	0.00551546	0.00173088	2
-51.2968	70.4671	0.00562251	0.00176204	2
-51.6711	71.284	0.00572883	0.00179249	2
-52.0412	72.1015	0.00583436	0.00182221	2
-52.4069	72.9197	0.00593905	0.00185116	2
-52.768	73.7385	0.00604283	0.00187931	2
-53.1244	74.558	0.00614564	0.00190661	2
-53.4758	75.3783	0.00624742	0.00193304	2
-53.8221	76.1995	0.00634811	0.00195856	2
-54.1631	77.0215	0.00644765	0.00198314	2
-54.4985	77.8446	0.00654598	0.00200674	2
-54.8281	78.6686	0.00664303	0.00202933	2
-55.1519	79.4937	0.00673874	0.00205087	2
-55.4695	80.32	0.00683305	0.00207133	2
-55.7808	81.1474	0.00692591	0.00209067	2
-56.0856	81.9761	0.00701725	0.00210887	2
-56.3837	82.806	0.007107	0.00212588	2
-56.6716	83.6278	0.00719411	0.00214149	2
-56.9558	84.4605	0.00728054	0.00215604	2
-57.2327	85.2947	0.0073652	0.0021693	2
-57.5021	86.1304	0.00744804	0.00218124	2

25.0005	2.01255	2.7139e-07	-2.28941e-09	2
25.0564	3.08526	2.45787e-05	-1.29267e-06	2
25.1316	4.15675	5.1091e-05	-4.7786e-06	2
25.2255	5.21458	7.95001e-05	-1.04289e-05	2
25.3363	6.24698	0.000109411	-1.81132e-05	2
25.4666	7.27807	0.000141483	-2.79815e-05	2
25.6147	8.2959	0.000175342	-3.99278e-05	2
25.7805	9.30061	0.000210951	-5.39232e-05	2
25.9638	10.2923	0.000248274	-6.99389e-05	2
26.1642	11.2712	0.000287273	-8.79459e-05	2
26.3817	12.2373	0.000327912	-0.000107915	2
26.6158	13.1909	0.000370155	-0.000129818	2
26.8665	14.1319	0.000413965	-0.000153626	2
27.1333	15.0606	0.000459304	-0.000179309	2
27.4162	15.9772	0.000506136	-0.00020684	2
27.7149	16.8816	0.000554424	-0.000236188	2
28.029	17.7741	0.000604132	-0.000267325	2
28.3585	18.6548	0.000655223	-0.000300223	2
28.703	19.5238	0.00070766	-0.000334852	2
29.0623	20.3813	0.000761406	-0.000371183	2
29.4362	21.2274	0.000816424	-0.000409188	2
29.8244	22.0621	0.000872679	-0.000448837	2
30.2267	22.8857	0.000930132	-0.000490102	2
30.6428	23.6983	0.000988748	-0.000532954	2
31.0726	24.5	0.00104849	-0.000577364	2
31.5157	25.2909	0.00110932	-0.000623303	2
31.9666	26.0623	0.00117048	-0.000670188	2
32.4356	26.8322	0.00123337	-0.000719082	2
32.9172	27.5918	0.00129724	-0.000769418	2
33.4113	28.3411	0.00136204	-0.000821168	2
33.9175	29.0803	0.00142775	-0.000874303	2
34.4356	29.8096	0.00149434	-0.000928794	2
34.9655	30.529	0.00156175	-0.000984612	2
35.5068	31.2386	0.00162996	-0.00104173	2
36.0593	31.9387	0.00169892	-0.00110011	2
36.6228	32.6294	0.00176861	-0.00115974	2
37.197	33.3107	0.00183899	-0.00122058	2
37.7817	33.9828	0.00191001	-0.0012826	2
38.3767	34.6459	0.00198164	-0.00134577	2
38.9817	35.3001	0.00205385	-0.00141007	2
39.5965	35.9454	0.0021266	-0.00147546	2
40.2208	36.5821	0.00219984	-0.00154193	2
40.8544	37.2103	0.00227356	-0.00160943	2
41.4971	37.8301	0.0023477	-0.00167794	2
42.1485	38.4416	0.00242223	-0.00174743	2
42.8086	39.0449	0.00249711	-0.00181787	2
43.477	39.6403	0.00257231	-0.00188923	2
44.1535	40.2278	0.0026478	-0.00196149	2
44.8378	40.8075	0.00272352	-0.00203461	2
45.5218	41.3731	0.00279858	-0.00210771	2
46.2211	41.9378	0.00287469	-0.00218247	2
46.9275	42.4952	0.00295092	-0.002258	2
47.6408	43.0453	0.00302726	-0.00233429	2
48.3608	43.5884	0.00310365	-0.00241129	2
49.0872	44.1245	0.00318007	-0.00248899	2
49.8198	44.6538	0.00325648	-0.00256735	2
50.5583	45.1763	0.00333284	-0.00264634	2
51.3025	45.6924	0.00340911	-0.00272594	2
52.0523	46.2019	0.00348525	-0.00280612	2
52.8072	46.7052	0.00356124	-0.00288684	2
53.5671	47.2023	0.00363703	-0.00296808	2
54.3318	47.6934	0.00371259	-0.00304981	2
55.1009	48.1785	0.00378788	-0.003132	2
55.8744	48.6579	0.00386286	-0.00321462	2
56.6518	49.1317	0.00393749	-0.00329765	2
57.4331	49.5999	0.00401175	-0.00338105	2
58.2179	50.0627	0.00408559	-0.00346479	2
59.006	50.5203	0.00415898	-0.00354885	2
59.7972	50.9728	0.00423187	-0.0036332	2
60.5912	51.4203	0.00430424	-0.00371781	2
61.3878	51.8629	0.00437604	-0.00380264	2
62.1868	52.3008	0.00444725	-0.00388768	2
62.9878	52.7341	0.00451781	-0.00397288	2
63.7815	53.158	0.0045869	-0.00405725	2
64.5861	53.5825	0.00465609	-0.00414272	2
65.392	54.0029	0.00472453	-0.00422827	2
66.1991	54.4191	0.00479219	-0.00431387	2
67.0071	54.8314	0.00485902	-0.0043995	2
67.8158	55.24	0.004925	-0.00448514	2
68.6249	55.6448	0.00499009	-0.00457074	2
69.4343	56.0461	0.00505424	-0.00465628	2
70.2435	56.444	0.00511742	-0.00474173	2
71.0525	56.8385	0.00517961	-0.00482707	2
71.861	57.23	0.00524074	-0.00491226	2
72.6687	57.6184	0.0053008	-0.00499728	2
73.4754	58.0039	0.00535975	-0.00508209	2
74.2809	58.3867	0.00541754	-0.00516667	2
75.0849	58.7668	0.00547415	-0.00525099	2
75.8872	59.1444	0.00552953	-0.00533502	2
76.6875	59.5197	0.00558365	-0.00541873	2
77.4856	59.8927	0.00563647	-0.00550209	2
78.2813	60.2636	0.00568795	-0.00558508	2
79.0742	60.6326	0.00573807	-0.00566765	2
79.8643	60.9997	0.00578677	-0.0057498	2
80.6512	61.3651	0.00583403	-0.00583148	2
81.4347	61.7289	0.00587981	-0.00591267	2
82.2057	62.0871	0.00592356	-0.00599241	2
82.9817	62.4482	0.00596628	-0.00607253	2
83.7536	62.8081	0.00600741	-0.00615208	2
84.5212	63.1669	0.00604691	-0.00623101	2

74.9954	2.01189	-5.05602e-07	-9.11138e-08	2
74.6164	3.03042	-4.34913e-05	-7.51486e-06	2
74.2614	4.05218	-8.59843e-05	-1.42099e-05	2
73.9348	5.06528	-0.000127487	-2.01061e-05	2
73.6395	6.05827	-0.000167546	-2.51697e-05	2
73.3682	7.05426	-0.000207101	-2.95393e-05	2
73.1243	8.04168	-0.00024569	-3.31725e-05	2
72.9074	9.02054	-0.000283318	-3.60902e-05	2
72.7171	9.99087	-0.000319995	-3.83132e-05	2
72.5532	10.9527	-0.000355727	-3.98625e-05	2
72.4152	11.9061	-0.000390524	-4.0759e-05	2
72.303	12.8509	-0.000424391	-4.10236e-05	2
72.2161	13.7874	-0.000457338	-4.06771e-05	2
72.1541	14.7155	-0.000489372	-3.97405e-05	2
72.1169	15.6351	-0.000520501	-3.82347e-05	2
72.104	16.5464	-0.000550733	-3.61807e-05	2
72.1151	17.4494	-0.000580074	-3.35992e-05	2
72.1498	18.344	-0.000608534	-3.05112e-05	2
72.2079	19.2304	-0.00063612	-2.69376e-05	2
72.289	20.1085	-0.000662839	-2.28993e-05	2
72.3928	20.9783	-0.0006887	-1.84172e-05	2
72.5189	21.8399	-0.00071371	-1.35122e-05	2
72.667	22.6934	-0.000737877	-8.20527e-06	2
72.8368	23.5386	-0.000761209	-2.51724e-06	2
73.0279	24.3757	-0.000783713	3.53098e-06	2
73.24	25.2047	-0.000805398	9.91847e-06	2
73.47	26.0161	-0.000826035	1.65455e-05	2
73.7229	26.829	-0.000846113	2.35456e-05	2
73.9958	27.6339	-0.000865394	3.08224e-05	2
74.2884	28.4306	-0.000883887	3.83551e-05	2
74.6003	29.2194	-0.000901598	4.61229e-05	2
74.9313	30.0002	-0.000918537	5.41047e-05	2
75.2809	30.773	-0.00093471	6.22797e-05	2
75.6488	31.5379	-0.000950125	7.06271e-05	2
76.0348	32.2949	-0.000964791	7.91258e-05	2
76.4384	33.044	-0.000978715	8.77549e-05	2
76.8594	33.7852	-0.000991904	9.64937e-05	2
77.2973	34.5186	-0.00100437	0.000105321	2
77.752	35.2441	-0.00101611	0.000114216	2
78.223	35.9619	-0.00102714	0.000123158	2
78.71	36.6719	-0.00103747	0.000132127	2
79.2127	37.3741	-0.00104711	0.0001411	2
79.7307	38.0686	-0.00105606	0.000150057	2
80.2638	38.7554	-0.00106432	0.000158977	2
80.8115	39.4345	-0.00107192	0.00016784	2
81.3736	40.106	-0.00107885	0.000176625	2
81.9496	40.7698	-0.00108512	0.00018531	2
82.5394	41.4261	-0.00109075	0.000193874	2
83.1425	42.0747	-0.00109573	0.000202297	2
83.7514	42.7084	-0.00110004	0.000210465	2
84.38	43.3421	-0.00110377	0.000218545	2
85.021	43.9682	-0.00110688	0.000226421	2
85.674	44.5868	-0.00110939	0.000234073	2
86.3387	45.1979	-0.00111129	0.00024148	2
87.0147	45.8016	-0.0011126	0.00024862	2
87.7018	46.3979	-0.00111332	0.000255472	2
88.3995	46.9868	-0.00111347	0.000262017	2
89.1076	47.5683	-0.00111304	0.000268232	2
89.8257	48.1425	-0.00111205	0.000274097	2
90.5534	48.7093	-0.0011105	0.000279591	2
91.2905	49.2689	-0.0011084	0.000284694	2
92.0367	49.8211	-0.00110577	0.000289383	2
92.7915	50.3661	-0.0011026	0.000293639	2
93.5547	50.9039	-0.00109891	0.00029744	2
94.3259	51.4344	-0.0010947	0.000300766	2
95.1047	51.9578	-0.00108998	0.000303596	2
95.8909	52.474	-0.00108476	0.000305908	2
96.6842	52.9831	-0.00107905	0.000307682	2
97.4841	53.485	-0.00107285	0.000308897	2
98.2904	53.9799	-0.00106618	0.000309532	2
99.1026	54.4677	-0.00105903	0.000309566	2
99.9206	54.9484	-0.00105143	0.000308979	2
100.744	55.4222	-0.00104336	0.000307748	2
101.563	55.8836	-0.00103495	0.00030588	2
102.396	56.3434	-0.00102601	0.000303309	2
103.233	56.7963	-0.00101664	0.000300034	2
104.074	57.2423	-0.00100684	0.000296032	2
104.919	57.6814	-0.000996626	0.000291283	2
105.768	58.1135	-0.000986005	0.000285767	2
106.619	58.5389	-0.000974983	0.000279461	2
107.473	58.9574	-0.000963569	0.000272346	2
108.33	59.369	-0.00095177	0.000264401	2
109.188	59.7739	-0.000939594	0.000255604	2
110.048	60.1721	-0.000927049	0.000245934	2
110.91	60.5635	-0.000914143	0.000235371	2
111.772	60.9482	-0.000900884	0.000223894	2
112.636	61.3262	-0.000887278	0.000211482	2
113.499	61.6975	-0.000873335	0.000198114	2
114.363	62.0622	-0.000859061	0.000183769	2
115.226	62.4203	-0.000844465	0.000168427	2
116.089	62.7717	-0.000829554	0.000152065	2
116.95	63.1166	-0.000814336	0.000134664	2
117.811	63.455	-0.00079882	0.000116202	2
118.67	63.7868	-0.000783011	9.66592e-05	2
119.526	64.1121	-0.00076692	7.60138e-05	2
120.381	64.431	-0.000750552	5.42452e-05	2
121.223	64.7398	-0.000734109	3.16024e-05	2
122.072	65.0458	-0.000717216	7.53808e-06	2
122.917	65.3454	-0.00070007	-1.77119e-05	2
123.759	65.6387	-0.00068268	-4.41685e-05	2

124.997	2.0108	3.19072e-07	-3.8051e-07	2
124.702	2.9429	2.63042e-05	-3.23269e-05	2
124.407	3.89153	4.97018e-05	-6.30974e-05	2
124.116	4.84561	7.02494e-05	-9.23369e-05	2
123.831	5.79383	8.7815e-05	-0.00011976	2
123.547	6.75795	0.000102863	-0.00014603	2
123.267	7.72672	0.00011523	-0.000170844	2
122.991	8.69986	0.000124973	-0.000194228	2
122.719	9.6771	0.000132148	-0.000216206	2
122.452	10.6582	0.000136811	-0.000236805	2
122.189	11.6428	0.00013902	-0.000256048	2
121.932	12.6307	0.00013883	-0.000273963	2
121.679	13.6216	0.000136298	-0.000290572	2
121.432	14.6153	0.000131481	-0.000305903	2
121.191	15.6114	0.000124435	-0.000319979	2
120.955	16.6097	0.000115217	-0.000332827	2
120.726	17.6099	0.000103884	-0.000344472	2
120.502	18.6118	9.04911e-05	-0.000354938	2
120.285	19.615	7.50959e-05	-0.000364251	2
120.075	20.6194	5.77547e-05	-0.000372436	2
119.872	21.6246	3.85241e-05	-0.000379519	2
119.675	22.6303	1.74605e-05	-0.000385525	2
119.486	23.6364	-5.37938e-06	-0.000390478	2
119.305	24.6424	-2.99391e-05	-0.000394405	2
119.131	25.6482	-5.61622e-05	-0.000397329	2
118.965	26.6535	-8.3992e-05	-0.000399278	2
118.809	27.6464	-0.000113026	-0.000400268	2
118.659	28.6498	-0.000143883	-0.00040035	2
118.518	29.6518	-0.000176177	-0.00039953	2
118.385	30.6523	-0.000209853	-0.000397835	2
118.262	31.6508	-0.000244853	-0.000395289	2
118.147	32.6472	-0.000281122	-0.000391918	2
118.042	33.6412	-0.000318602	-0.000387746	2
117.947	34.6325	-0.000357238	-0.000382799	2
117.861	35.6208	-0.000396971	-0.000377103	2
117.785	36.6058	-0.000437747	-0.000370682	2
117.72	37.5873	-0.000479508	-0.000363562	2
117.664	38.565	-0.000522198	-0.000355768	2
117.62	39.5387	-0.000565761	-0.000347325	2
117.586	40.508	-0.000610139	-0.000338258	2
117.563	41.4727	-0.000655277	-0.000328593	2
117.552	42.4325	-0.000701117	-0.000318354	2
117.552	43.3872	-0.000747603	-0.000307568	2
117.563	44.3364	-0.000794679	-0.000296259	2
117.587	45.28	-0.000842288	-0.000284453	2
117.622	46.2176	-0.000890374	-0.000272174	2
117.67	47.1489	-0.000938879	-0.000259448	2
117.731	48.0737	-0.000987749	-0.0002463	2
117.804	48.9917	-0.00103692	-0.000232756	2
117.888	49.8923	-0.00108578	-0.000219002	2
117.987	50.796	-0.0011354	-0.000204744	2
118.099	51.6921	-0.00118516	-0.000190165	2
118.225	52.5803	-0.00123499	-0.00017529	2
118.365	53.4604	-0.00128486	-0.000160144	2
118.518	54.3321	-0.00133469	-0.000144752	2
118.685	55.1951	-0.00138443	-0.00012914	2
118.867	56.0491	-0.00143403	-0.000113333	2
119.064	56.8939	-0.00148342	-9.73557e-05	2
119.275	57.7292	-0.00153256	-8.12339e-05	2
119.501	58.5547	-0.00158139	-6.49928e-05	2
119.743	59.3702	-0.00162984	-4.86574e-05	2
119.999	60.1753	-0.00167787	-3.22529e-05	2
120.272	60.9698	-0.00172541	-1.58047e-05	2
120.56	61.7535	-0.00177241	6.62045e-07	2
120.864	62.526	-0.00181881	1.71222e-05	2
121.185	63.2871	-0.00186456	3.35504e-05	2
121.522	64.0365	-0.0019096	4.99215e-05	2
121.876	64.774	-0.00195388	6.62103e-05	2
122.246	65.4992	-0.00199733	8.23915e-05	2
122.634	66.212	-0.0020399	9.844e-05	2
123.039	66.9119	-0.00208153	0.00011433	2
123.461	67.5988	-0.00212217	0.000130038	2
123.901	68.2724	-0.00216176	0.000145536	2
124.354	68.9249	-0.00219981	0.000160628	2
124.83	69.5712	-0.00223715	0.000175637	2
125.324	70.2034	-0.00227327	0.000190362	2
125.837	70.8212	-0.00230811	0.000204779	2
126.368	71.4243	-0.00234162	0.000218861	2
126.919	72.0124	-0.00237375	0.000232584	2
127.488	72.5853	-0.00240443	0.000245922	2
128.077	73.1427	-0.0024336	0.00025885	2
128.686	73.6844	-0.00246122	0.000271343	2
129.314	74.21	-0.00248723	0.000283375	2
129.963	74.7193	-0.00251156	0.000294922	2
130.631	75.2121	-0.00253417	0.000305958	2
131.32	75.6879	-0.002555	0.000316458	2
132.03	76.1467	-0.00257398	0.000326397	2
132.76	76.588	-0.00259107	0.000335749	2
133.512	77.0117	-0.0026062	0.00034449	2
134.284	77.4174	-0.00261932	0.000352593	2
135.079	77.8049	-0.00263038	0.000360035	2
135.894	78.174	-0.00263931	0.000366789	2
136.732	78.5242	-0.00264607	0.00037283	2
137.592	78.8555	-0.00265058	0.000378134	2
138.474	79.1674	-0.00265281	0.000382674	2
139.379	79.4598	-0.00265268	0.000386426	2
140.295	79.7292	-0.0026502	0.000389336	2
141.245	79.9818	-0.00264523	0.000391446	2
142.218	80.2141	-0.00263775	0.000392692	2
143.215	80.4256	-0.00262769	0.000393049	2

