-125.004	2.01224	-3.18474e-07	-2.45127e-07	2
-125.313	3.05942	-2.77545e-05	-2.03952e-05	2
-125.598	4.10747	-5.5598e-05	-3.89322e-05	2
-125.855	5.14423	-8.35203e-05	-5.56491e-05	2
-126.083	6.15806	-0.000111189	-7.04221e-05	2
-126.288	7.17261	-0.000139238	-8.36325e-05	2
-126.465	8.17612	-0.000167335	-9.51364e-05	2
-126.617	9.16868	-0.00019547	-0.000104972	2
-126.743	10.1504	-0.000223633	-0.000113176	2
-126.844	11.1212	-0.000251814	-0.000119789	2
-126.919	12.0814	-0.000280002	-0.000124846	2
-126.97	13.031	-0.000308188	-0.000128388	2
-126.996	13.97	-0.000336361	-0.00013045	2
-126.999	14.8985	-0.000364511	-0.000131073	2
-126.977	15.8167	-0.000392628	-0.000130292	2
-126.933	16.7246	-0.000420702	-0.000128148	2
-126.865	17.6223	-0.000448722	-0.000124677	2
-126.775	18.5098	-0.000476679	-0.000119917	2
-126.662	19.3873	-0.000504562	-0.000113908	2
-126.527	20.2548	-0.00053236	-0.000106685	2
-126.37	21.1125	-0.000560065	-9.82888e-05	2
-126.192	21.9604	-0.000587665	-8.87559e-05	2
-125.994	22.7985	-0.00061515	-7.81247e-05	2
-125.774	23.6271	-0.000642511	-6.64331e-05	2
-125.534	24.4461	-0.000669737	-5.37192e-05	2
-125.274	25.2556	-0.000696817	-4.0021e-05	2
-124.998	26.0466	-0.000723434	-2.55501e-05	2
-124.699	26.8376	-0.000750196	-1.00075e-05	2
-124.381	27.6193	-0.000776782	6.40566e-06	2
-124.044	28.3919	-0.000803182	2.36516e-05	2
-123.69	29.1555	-0.000829387	4.16921e-05	2
-123.317	29.9101	-0.000855385	6.04893e-05	2
-122.926	30.6558	-0.000881167	8.00051e-05	2
-122.518	31.3928	-0.000906723	0.000100202	2
-122.093	32.121	-0.000932041	0.000121041	2
-121.652	32.8406	-0.000957113	0.000142484	2
-121.194	33.5517	-0.000981928	0.000164495	2
-120.72	34.2542	-0.00100648	0.000187033	2
-120.23	34.9484	-0.00103075	0.000210063	2
-119.725	35.6344	-0.00105473	0.000233545	2
-119.205	36.3121	-0.00107841	0.000257441	2
-118.671	36.9816	-0.00110179	0.000281714	2
-118.122	37.6431	-0.00112485	0.000306325	2
-117.559	38.2967	-0.00114758	0.000331237	2
-116.982	38.9424	-0.00116997	0.000356412	2
-116.392	39.5802	-0.00119202	0.00038181	2
-115.789	40.2104	-0.0012137	0.000407396	2
-115.174	40.8329	-0.00123502	0.000433129	2
-114.546	41.4479	-0.00125595	0.000458973	2
-113.914	42.0485	-0.00127626	0.000484592	2
-113.262	42.6487	-0.00129642	0.000510542	2
-112.6	43.2416	-0.00131616	0.00053649	2
-111.926	43.8274	-0.00133548	0.000562396	2
-111.242	44.4059	-0.00135437	0.000588223	2
-110.547	44.9774	-0.00137283	0.000613933	2
-109.842	45.542	-0.00139083	0.000639487	2
-109.128	46.0997	-0.00140837	0.000664849	2
-108.405	46.6506	-0.00142544	0.000689979	2
-107.672	47.1947	-0.00144203	0.00071484	2
-106.931	47.7322	-0.00145813	0.000739393	2
-106.182	48.2632	-0.00147372	0.000763601	2
-105.424	48.7877	-0.00148881	0.000787426	2
-104.659	49.3058	-0.00150337	0.000810829	2
-103.887	49.8177	-0.0015174	0.000833773	2
-103.108	50.3233	-0.00153089	0.00085622	2
-102.322	50.8228	-0.00154383	0.000878131	2
-101.53	51.3162	-0.00155621	0.000899469	2
-100.731	51.8036	-0.00156801	0.000920195	2
-99.9276	52.2852	-0.00157923	0.000940273	2
-99.1186	52.761	-0.00158985	0.000959662	2
-98.3046	53.231	-0.00159988	0.000978326	2
-97.486	53.6954	-0.00160929	0.000996227	2
-96.6631	54.1543	-0.00161808	0.00101333	2
-95.8459	54.6025	-0.00162614	0.0010294	2
-95.0155	55.0506	-0.00163366	0.0010448	2
-94.1818	55.4933	-0.00164052	0.00105927	2
-93.3452	55.9309	-0.00164672	0.0010728	2
-92.506	56.3633	-0.00165224	0.00108533	2
-91.6646	56.7907	-0.00165708	0.00109683	2
-90.8212	57.213	-0.00166123	0.00110727	2
-89.9762	57.6305	-0.00166467	0.0011166	2
-89.1299	58.0432	-0.00166739	0.00112479	2
-88.2827	58.4512	-0.00166939	0.0011318	2
-87.435	58.8546	-0.00167066	0.00113759	2
-86.5869	59.2533	-0.00167117	0.00114212	2
-85.7389	59.6477	-0.00167094	0.00114535	2
-84.8914	60.0376	-0.00166993	0.00114726	2
-84.0446	60.4232	-0.00166816	0.00114779	2
-83.1989	60.8046	-0.00166559	0.00114691	2
-82.3546	61.1819	-0.00166223	0.00114458	2
-81.512	61.5551	-0.00165806	0.00114077	2
-80.6716	61.9243	-0.00165307	0.00113544	2
-79.8335	62.2897	-0.00164726	0.00112854	2
-78.9982	62.6512	-0.00164061	0.00112005	2
-78.1661	63.009	-0.00163312	0.00110992	2
-77.3373	63.3632	-0.00162476	0.00109811	2
-76.5218	63.7098	-0.00161565	0.00108475	2
-75.7008	64.057	-0.00160556	0.0010695	2
-74.8843	64.4008	-0.00159458	0.00105246	2
-74.0726	64.7413	-0.0015827	0.00103359	2

-75.0043	2.01165	5.69799e-07	-4.45819e-07	2
-75.3723	3.0142	4.76804e-05	-3.76448e-05	2
-75.7348	4.03023	9.15796e-05	-7.3007e-05	2
-76.0874	5.04789	0.000131768	-0.000106127	2
-76.4263	6.05525	0.000167917	-0.000136702	2
-76.7591	7.07554	0.000200938	-0.000165484	2
-77.0818	8.09683	0.000230459	-0.000192145	2
-77.3943	9.11894	0.000256552	-0.000216724	2
-77.6965	10.1416	0.000279288	-0.000239264	2
-77.9884	11.1647	0.000298736	-0.000259803	2
-78.2699	12.188	0.000314969	-0.000278383	2
-78.5409	13.2113	0.000328056	-0.000295045	2
-78.8012	14.2344	0.000338069	-0.000309827	2
-79.0509	15.257	0.000345078	-0.000322772	2
-79.2899	16.279	0.000349154	-0.000333919	2
-79.518	17.3002	0.000350367	-0.000343309	2
-79.7352	18.3203	0.000348789	-0.000350982	2
-79.9414	19.3392	0.00034449	-0.000356979	2
-80.1365	20.3566	0.000337541	-0.00036134	2
-80.3204	21.3724	0.000328013	-0.000364106	2
-80.4931	22.3863	0.000315976	-0.000365317	2
-80.6545	23.3982	0.000301501	-0.000365014	2
-80.8045	24.4077	0.000284659	-0.000363236	2
-80.943	25.4148	0.000265521	-0.000360025	2
-81.0699	26.4192	0.000244157	-0.000355421	2
-81.1852	27.4208	0.000220639	-0.000349465	2
-81.2876	28.4077	0.000195342	-0.000342287	2
-81.3795	29.4029	0.000167749	-0.000333761	2
-81.4594	30.3946	0.000138213	-0.000324003	2
-81.5274	31.3825	0.000106804	-0.000313055	2
-81.5834	32.3666	7.35926e-05	-0.000300955	2
-81.6272	33.3465	3.86505e-05	-0.000287745	2
-81.6588	34.3221	2.04802e-06	-0.000273465	2
-81.678	35.2932	-3.61441e-05	-0.000258156	2
-81.6849	36.2595	-7.5855e-05	-0.000241858	2
-81.6794	37.2209	-0.000117014	-0.000224611	2
-81.6612	38.1771	-0.00015955	-0.000206456	2
-81.6305	39.128	-0.000203393	-0.000187434	2
-81.587	40.0734	-0.000248472	-0.000167584	2
-81.5308	41.013	-0.000294716	-0.000146948	2
-81.4617	41.9466	-0.000342055	-0.000125566	2
-81.3796	42.874	-0.000390417	-0.000103477	2
-81.2845	43.7951	-0.000439732	-8.07239e-05	2
-81.1763	44.7095	-0.000489928	-5.73455e-05	2
-81.0549	45.6172	-0.000540937	-3.33827e-05	2
-80.9202	46.5179	-0.000592686	-8.87595e-06	2
-80.7721	47.4114	-0.000645104	1.61343e-05	2
-80.6106	48.2975	-0.000698122	4.16076e-05	2
-80.4356	49.176	-0.000751668	6.75035e-05	2
-80.2492	50.0367	-0.000805049	9.34775e-05	2
-80.0471	50.8995	-0.000859436	0.000120093	2
-79.8311	51.754	-0.000914139	0.000147011	2
-79.6014	52.6001	-0.000969089	0.00017419	2
-79.3577	53.4375	-0.00102421	0.00020159	2
-79.0999	54.2661	-0.00107944	0.00022917	2
-78.8281	55.0857	-0.00113471	0.00025689	2
-78.5421	55.896	-0.00118993	0.000284709	2
-78.2419	56.6969	-0.00124505	0.000312587	2
-77.9273	57.4881	-0.00129999	0.000340484	2
-77.5983	58.2694	-0.00135469	0.000368359	2
-77.2548	59.0407	-0.00140906	0.000396171	2
-76.8968	59.8017	-0.00146304	0.000423881	2
-76.524	60.5522	-0.00151656	0.000451447	2
-76.1365	61.292	-0.00156955	0.00047883	2
-75.7342	62.0209	-0.00162193	0.000505988	2
-75.317	62.7388	-0.00167364	0.000532882	2
-74.8848	63.4453	-0.00172461	0.00055947	2
-74.4375	64.1403	-0.00177476	0.000585713	2
-73.9751	64.8236	-0.00182403	0.00061157	2
-73.4974	65.495	-0.00187234	0.000637	2
-73.0044	66.1542	-0.00191962	0.000661964	2
-72.496	66.8012	-0.0019658	0.000686419	2
-71.9722	67.4355	-0.00201082	0.000710328	2
-71.439	68.0501	-0.0020541	0.000733383	2
-70.8841	68.659	-0.00209658	0.000756081	2
-70.3135	69.2547	-0.00213768	0.000778111	2
-69.7271	69.837	-0.00217733	0.000799431	2
-69.1248	70.4058	-0.00221546	0.000820002	2
-68.5066	70.9608	-0.00225199	0.000839783	2
-67.8723	71.5019	-0.00228686	0.000858733	2
-67.2218	72.0287	-0.00232	0.000876812	2
-66.5552	72.5412	-0.00235133	0.00089398	2
-65.8722	73.0391	-0.00238079	0.000910195	2
-65.1729	73.5222	-0.0024083	0.000925418	2
-64.4572	73.9903	-0.0024338	0.000939609	2
-63.7249	74.4432	-0.0024572	0.000952726	2
-62.9759	74.8807	-0.00247845	0.000964729	2
-62.2103	75.3026	-0.00249747	0.000975578	2
-61.4279	75.7087	-0.00251419	0.000985232	2
-60.6286	76.0987	-0.00252853	0.000993651	2
-59.8124	76.4725	-0.00254044	0.0010008	2
-58.9792	76.8299	-0.00254983	0.00100662	2
-58.1288	77.1706	-0.00255664	0.00101109	2
-57.2613	77.4945	-0.0025608	0.00101417	2
-56.3765	77.8014	-0.00256223	0.0010158	2
-55.4743	78.091	-0.00256087	0.00101596	2
-54.5654	78.36	-0.0025567	0.00101463	2
-53.6285	78.6147	-0.00254957	0.00101173	2
-52.674	78.8515	-0.00253943	0.00100723	2
-51.7018	79.0702	-0.00252622	0.00100109	2

-24.9996	2.01036	3.13075e-07	8.01801e-08	2
-24.9777	2.90119	2.63713e-05	6.45298e-06	2
-24.9889	3.8023	5.10066e-05	1.18635e-05	2
-25.0326	4.70326	7.3931e-05	1.62541e-05	2
-25.107	5.59365	9.49351e-05	1.96141e-05	2
-25.2131	6.49411	0.000114532	2.2044e-05	2
-25.3492	7.39419	0.000132494	2.35218e-05	2
-25.5146	8.29383	0.000148845	2.407e-05	2
-25.7084	9.19297	0.00016361	2.37114e-05	2
-25.9298	10.0915	0.000176815	2.24686e-05	2
-26.178	10.9894	0.000188485	2.03642e-05	2
-26.4521	11.8866	0.000198645	1.74209e-05	2
-26.7513	12.7829	0.00020732	1.36613e-05	2
-27.0748	13.6784	0.000214536	9.10815e-06	2
-27.4217	14.5729	0.000220317	3.78401e-06	2
-27.7913	15.4664	0.000224688	-2.28844e-06	2
-28.1826	16.3588	0.000227676	-9.08655e-06	2
-28.5948	17.2501	0.000229304	-1.65877e-05	2
-29.0271	18.1401	0.000229598	-2.47691e-05	2
-29.4787	19.0288	0.000228584	-3.36083e-05	2
-29.9488	19.9161	0.000226285	-4.30826e-05	2
-30.4365	20.8019	0.000222729	-5.31692e-05	2
-30.9409	21.6862	0.000217938	-6.38456e-05	2
-31.4613	22.5689	0.00021194	-7.50892e-05	2
-31.9968	23.4499	0.000204758	-8.68771e-05	2
-32.5466	24.3292	0.000196419	-9.91869e-05	2
-33.1033	25.1966	0.000187062	-0.000111846	2
-33.6791	26.0722	0.000176495	-0.000125126	2
-34.2666	26.9458	0.000164845	-0.00013886	2
-34.8651	27.8173	0.000152137	-0.000153026	2
-35.4737	28.6868	0.000138397	-0.0001676	2
-36.0916	29.554	0.000123649	-0.000182561	2
-36.718	30.419	0.000107919	-0.000197885	2
-37.352	31.2817	9.12322e-05	-0.00021355	2
-37.9928	32.142	7.36133e-05	-0.000229533	2
-38.6396	32.9997	5.50877e-05	-0.000245812	2
-39.2915	33.855	3.56804e-05	-0.000262364	2
-39.9477	34.7076	1.54167e-05	-0.000279166	2
-40.6075	35.5575	-5.67842e-06	-0.000296195	2
-41.2698	36.4046	-2.75797e-05	-0.00031343	2
-41.934	37.2489	-5.02621e-05	-0.000330847	2
-42.5991	38.0903	-7.37003e-05	-0.000348423	2
-43.2644	38.9287	-9.78694e-05	-0.000366137	2
-43.929	39.764	-0.000122744	-0.000383965	2
-44.5921	40.5962	-0.000148299	-0.000401884	2
-45.2528	41.4252	-0.00017451	-0.000419873	2
-45.9103	42.2509	-0.00020135	-0.000437908	2
-46.5639	43.0732	-0.000228796	-0.000455967	2
-47.2125	43.8921	-0.000256821	-0.000474026	2
-47.8482	44.6982	-0.00028507	-0.000491858	2
-48.4848	45.5101	-0.000314174	-0.000509852	2
-49.114	46.3183	-0.000343783	-0.000527781	2
-49.7351	47.1229	-0.000373871	-0.00054562	2
-50.3471	47.9236	-0.000404414	-0.000563347	2
-50.9494	48.7205	-0.000435386	-0.000580939	2
-51.541	49.5134	-0.000466762	-0.000598375	2
-52.121	50.3023	-0.000498517	-0.00061563	2
-52.6888	51.0872	-0.000530626	-0.000632683	2
-53.2434	51.8679	-0.000563064	-0.000649511	2
-53.784	52.6444	-0.000595806	-0.000666091	2
-54.3098	53.4165	-0.000628826	-0.000682401	2
-54.8199	54.1843	-0.000662099	-0.000698417	2
-55.3135	54.9477	-0.0006956	-0.000714118	2
-55.7899	55.7065	-0.000729304	-0.00072948	2
-56.248	56.4607	-0.000763186	-0.000744482	2
-56.6872	57.2103	-0.000797221	-0.000759099	2
-57.1066	57.9551	-0.000831384	-0.000773311	2
-57.5053	58.6952	-0.000865649	-0.000787093	2
-57.8825	59.4303	-0.000899991	-0.000800424	2
-58.2375	60.1605	-0.000934385	-0.00081328	2
-58.5692	60.8857	-0.000968806	-0.00082564	2
-58.877	61.6057	-0.00100323	-0.000837479	2
-59.16	62.3206	-0.00103763	-0.000848777	2
-59.4146	63.0221	-0.00107159	-0.00085939	2
-59.6458	63.7265	-0.00110586	-0.000869542	2
-59.8497	64.4255	-0.00114004	-0.000879084	2
-60.0254	65.119	-0.0011741	-0.000887993	2
-60.1722	65.807	-0.00120801	-0.000896248	2
-60.2892	66.4893	-0.00124174	-0.000903824	2
-60.3756	67.166	-0.00127528	-0.0009107	2
-60.4306	67.8369	-0.00130859	-0.000916852	2
-60.4532	68.502	-0.00134165	-0.000922259	2
-60.4427	69.1612	-0.00137444	-0.000926898	2
-60.3983	69.8144	-0.00140692	-0.000930745	2
-60.3191	70.4616	-0.00143909	-0.000933778	2
-60.2042	71.1027	-0.0014709	-0.000935975	2
-60.0529	71.7375	-0.00150234	-0.000937313	2
-59.8644	72.3661	-0.00153337	-0.000937769	2
-59.6377	72.9884	-0.00156399	-0.000937321	2
-59.3721	73.6042	-0.00159415	-0.000935945	2
-59.0667	74.2135	-0.00162383	-0.00093362	2
-58.7207	74.8163	-0.00165302	-0.000930323	2
-58.3332	75.4125	-0.00168168	-0.00092603	2
-57.9035	76.002	-0.00170979	-0.00092072	2
-57.4306	76.5846	-0.00173732	-0.00091437	2
-56.9138	77.1605	-0.00176425	-0.000906957	2
-56.359	77.7229	-0.00179025	-0.000898562	2
-55.7524	78.2849	-0.00181591	-0.000888968	2
-55.0993	78.8398	-0.0018409	-0.000878243	2
-54.399	79.3876	-0.00186518	-0.000866364	2

24.999	2.01128	-2.62953e-07	-4.94395e-08	2
24.899	2.97364	-2.24539e-05	-4.47072e-06	2
24.771	3.93173	-4.40684e-05	-9.2839e-06	2
24.6165	4.87453	-6.48686e-05	-1.44389e-05	2
24.4383	5.79175	-8.4654e-05	-1.98698e-05	2
24.2327	6.705	-0.000103909	-2.57023e-05	2
24.0023	7.60381	-0.000122425	-3.18746e-05	2
23.7476	8.48846	-0.000140227	-3.8386e-05	2
23.469	9.35924	-0.000157339	-4.52357e-05	2
23.1672	10.2164	-0.000173787	-5.24231e-05	2
22.8426	11.0603	-0.000189596	-5.99475e-05	2
22.4958	11.8911	-0.00020479	-6.78082e-05	2
22.1274	12.7092	-0.000219396	-7.60046e-05	2
21.7378	13.5148	-0.000233437	-8.4536e-05	2
21.3277	14.3083	-0.000246939	-9.34016e-05	2
20.8975	15.0898	-0.000259928	-0.000102601	2
20.4477	15.8597	-0.000272427	-0.000112133	2
19.979	16.6183	-0.000284462	-0.000121997	2
19.4918	17.3658	-0.000296059	-0.000132193	2
18.9866	18.1025	-0.000307242	-0.00014272	2
18.4641	18.8287	-0.000318036	-0.000153577	2
17.9248	19.5447	-0.000328466	-0.000164764	2
17.3691	20.2508	-0.000338558	-0.000176279	2
16.7976	20.9472	-0.000348336	-0.000188123	2
16.2109	21.6343	-0.000357825	-0.000200294	2
15.6095	22.3122	-0.000367051	-0.000212791	2
15.0011	22.9737	-0.000375937	-0.000225466	2
14.372	23.6344	-0.000384713	-0.000238611	2
13.7298	24.2869	-0.000393301	-0.000252082	2
13.075	24.9314	-0.000401725	-0.000265876	2
12.4082	25.5682	-0.000410011	-0.000279994	2
11.7299	26.1976	-0.000418183	-0.000294434	2
11.0406	26.8199	-0.000426267	-0.000309197	2
10.3409	27.4354	-0.000434287	-0.00032428	2
9.63122	28.0443	-0.000442269	-0.000339685	2
8.91221	28.6469	-0.000450238	-0.000355409	2
8.18437	29.2435	-0.000458218	-0.000371453	2
7.44822	29.8344	-0.000466235	-0.000387815	2
6.70432	30.4199	-0.000474314	-0.000404495	2
5.95318	31.0002	-0.00048248	-0.000421493	2
5.19535	31.5756	-0.000490758	-0.000438807	2
4.43136	32.1465	-0.000499173	-0.000456437	2
3.66174	32.7131	-0.00050775	-0.000474382	2
2.88704	33.2756	-0.000516514	-0.000492642	2
2.10778	33.8344	-0.000525491	-0.000511215	2
1.3245	34.3897	-0.000534704	-0.000530102	2
0.537733	34.9418	-0.00054418	-0.000549301	2
-0.251982	35.4911	-0.000553943	-0.000568812	2
-1.04411	36.0377	-0.000564018	-0.000588634	2
-1.82899	36.5757	-0.000574309	-0.000608533	2
-2.62433	37.118	-0.00058508	-0.000628971	2
-3.42049	37.6585	-0.000596238	-0.000649719	2
-4.21693	38.1975	-0.000607808	-0.000670775	2
-5.01311	38.7352	-0.000619816	-0.000692139	2
-5.80851	39.2721	-0.000632286	-0.00071381	2
-6.60259	39.8083	-0.000645243	-0.000735787	2
-7.3948	40.3441	-0.000658713	-0.00075807	2
-8.18463	40.8798	-0.00067272	-0.000780657	2
-8.97152	41.4157	-0.00068729	-0.00080355	2
-9.75496	41.9521	-0.000702447	-0.000826745	2
-10.5344	42.4893	-0.000718217	-0.000850244	2
-11.3093	43.0275	-0.000734625	-0.000874045	2
-12.0791	43.567	-0.000751695	-0.000898147	2
-12.8434	44.1082	-0.000769454	-0.000922551	2
-13.6015	44.6512	-0.000787925	-0.000947254	2
-14.3529	45.1963	-0.000807134	-0.000972257	2
-15.0971	45.744	-0.000827106	-0.000997559	2
-15.8336	46.2943	-0.000847866	-0.00102316	2
-16.5618	46.8477	-0.000869439	-0.00104906	2
-17.2811	47.4043	-0.00089185	-0.00107525	2
-17.9912	47.9645	-0.000915124	-0.00110174	2
-18.6913	48.5286	-0.000939286	-0.00112853	2
-19.3811	49.0968	-0.000964362	-0.00115561	2
-20.0521	49.6629	-0.000990072	-0.00118267	2
-20.7196	50.2401	-0.00101704	-0.00121033	2
-21.375	50.8224	-0.00104499	-0.00123829	2
-22.0178	51.4099	-0.00107396	-0.00126654	2
-22.6476	52.003	-0.00110396	-0.00129508	2
-23.2638	52.6019	-0.00113503	-0.00132391	2
-23.8658	53.2068	-0.00116719	-0.00135303	2
-24.4531	53.8182	-0.00120046	-0.00138244	2
-25.0252	54.4362	-0.00123487	-0.00141214	2
-25.5815	55.0612	-0.00127044	-0.00144213	2
-26.1216	55.6934	-0.0013072	-0.0014724	2
-26.6448	56.3332	-0.00134518	-0.00150297	2
-27.1506	56.9807	-0.00138439	-0.00153381	2
-27.6386	57.6363	-0.00142487	-0.00156495	2
-28.1081	58.3002	-0.00146663	-0.00159636	2
-28.5586	58.9728	-0.00150971	-0.00162806	2
-28.9897	59.6543	-0.00155413	-0.00166005	2
-29.4007	60.345	-0.00159991	-0.00169231	2
-29.7911	61.0452	-0.00164708	-0.00172486	2
-30.1604	61.7552	-0.00169566	-0.00175769	2
-30.5081	62.4752	-0.00174569	-0.0017908	2
-30.8336	63.2055	-0.00179717	-0.00182419	2
-31.1363	63.9464	-0.00185015	-0.00185786	2
-31.4128	64.6895	-0.00190401	-0.00189141	2
-31.6688	65.4524	-0.00196002	-0.00192563	2
-31.9005	66.2267	-0.00201759	-0.00196013	2
-32.1074	67.0128	-0.00207676	-0.00199491	2

74.9994	2.01174	1.04095e-07	-4.56398e-07	2
74.9387	3.01658	1.04336e-05	-3.83095e-05	2
74.8592	4.02433	2.36246e-05	-7.38244e-05	2
74.7617	5.0234	3.95291e-05	-0.000106593	2
74.6478	6.00259	5.78744e-05	-0.000136333	2
74.5154	6.98481	7.90434e-05	-0.000163785	2
74.3659	7.95877	0.000102794	-0.000188634	2
74.1996	8.9246	0.000129082	-0.000210931	2
74.0168	9.88246	0.000157864	-0.000230722	2
73.8178	10.8325	0.000189095	-0.000248057	2
73.603	11.7748	0.000222731	-0.000262983	2
73.3725	12.7095	0.000258728	-0.00027555	2
73.1268	13.6369	0.000297042	-0.000285805	2
72.866	14.5569	0.000337629	-0.000293797	2
72.5906	15.4698	0.000380445	-0.000299574	2
72.3008	16.3757	0.000425445	-0.000303185	2
71.9969	17.2748	0.000472587	-0.000304678	2
71.6792	18.1671	0.000521824	-0.000304101	2
71.3481	19.0529	0.000573114	-0.000301502	2
71.0037	19.9322	0.000626413	-0.000296931	2
70.6465	20.8052	0.000681675	-0.000290435	2
70.2767	21.6721	0.000738858	-0.000282063	2
69.8946	22.5329	0.000797916	-0.000271863	2
69.5006	23.3879	0.000858807	-0.000259884	2
69.0949	24.2371	0.000921485	-0.000246173	2
68.6778	25.0807	0.000985907	-0.00023078	2
68.2545	25.9093	0.00105126	-0.000213957	2
67.8157	26.7423	0.00111902	-0.000195361	2
67.3664	27.57	0.00118839	-0.000175226	2
66.9069	28.3927	0.00125933	-0.000153602	2
66.4375	29.2106	0.00133179	-0.000130537	2
65.9586	30.0236	0.00140573	-0.000106078	2
65.4704	30.8321	0.00148111	-8.02748e-05	2
64.9732	31.6361	0.00155787	-5.31749e-05	2
64.4673	32.4357	0.00163599	-2.4827e-05	2
63.953	33.2312	0.00171541	4.72056e-06	2
63.4307	34.0226	0.00179609	3.54195e-05	2
62.9006	34.8101	0.00187798	6.72213e-05	2
62.3631	35.5938	0.00196104	0.000100078	2
61.8184	36.3739	0.00204523	0.00013394	2
61.2668	37.1505	0.00213051	0.000168761	2
60.7086	37.9237	0.00221682	0.000204491	2
60.1442	38.6938	0.00230412	0.000241082	2
59.5738	39.4608	0.00239238	0.000278486	2
58.9977	40.2248	0.00248154	0.000316654	2
58.4163	40.986	0.00257157	0.000355539	2
57.8298	41.7447	0.00266241	0.000395091	2
57.2386	42.5008	0.00275403	0.000435262	2
56.6428	43.2545	0.00284638	0.000476004	2
56.0499	43.9974	0.00293834	0.000516792	2
55.4462	44.7468	0.003032	0.000558526	2
54.8389	45.4943	0.00312627	0.000600686	2
54.2284	46.24	0.00322109	0.000643224	2
53.6149	46.984	0.00331642	0.000686092	2
52.9988	47.7265	0.00341221	0.000729242	2
52.3803	48.4676	0.00350843	0.000772624	2
51.7597	49.2075	0.00360503	0.00081619	2
51.1374	49.9462	0.00370195	0.000859893	2
50.5136	50.684	0.00379917	0.000903684	2
49.8887	51.421	0.00389663	0.000947515	2
49.2629	52.1573	0.0039943	0.000991336	2
48.6365	52.893	0.00409212	0.0010351	2
48.0099	53.6284	0.00419005	0.00107876	2
47.3833	54.3634	0.00428806	0.00112226	2
46.7571	55.0984	0.00438608	0.00116557	2
46.1316	55.8334	0.00448409	0.00120862	2
45.5069	56.5685	0.00458204	0.00125137	2
44.8836	57.3039	0.00467987	0.00129377	2
44.2618	58.0398	0.00477756	0.00133578	2
43.6418	58.7762	0.00487505	0.00137735	2
43.024	59.5134	0.0049723	0.00141842	2
42.4086	60.2514	0.00506927	0.00145895	2
41.796	60.9905	0.00516591	0.0014989	2
41.1934	61.7221	0.00526107	0.00153775	2
40.5872	62.4636	0.00535692	0.00157638	2
39.9846	63.2064	0.00545232	0.00161427	2
39.3859	63.9509	0.00554721	0.00165138	2
38.7915	64.697	0.00564155	0.00168766	2
38.2017	65.4449	0.0057353	0.00172306	2
37.6167	66.1949	0.00582842	0.00175754	2
37.0369	66.947	0.00592085	0.00179104	2
36.4625	67.7013	0.00601257	0.00182351	2
35.8939	68.458	0.00610351	0.00185491	2
35.3314	69.2173	0.00619364	0.0018852	2
34.7752	69.9793	0.00628291	0.00191431	2
34.2257	70.7441	0.00637128	0.0019422	2
33.6831	71.5118	0.00645871	0.00196883	2
33.1478	72.2827	0.00654515	0.00199415	2
32.62	73.0568	0.00663055	0.0020181	2
32.1001	73.8343	0.00671488	0.00204064	2
31.5884	74.6153	0.00679808	0.00206172	2
31.0852	75.4	0.00688013	0.0020813	2
30.5907	76.1885	0.00696096	0.00209932	2
30.1052	76.981	0.00704053	0.00211573	2
29.6292	77.7775	0.00711881	0.00213049	2
29.1628	78.5783	0.00719575	0.00214355	2
28.7116	79.3741	0.00727044	0.00215474	2
28.2653	80.1837	0.00734458	0.00216428	2
27.8296	80.998	0.00741725	0.00217197	2
27.4047	81.817	0.0074884	0.00217776	2

125	2.01264	6.7399e-07	-6.94824e-08	2
124.971	3.09465	5.90313e-05	-6.9307e-06	2
124.958	4.17951	0.000118848	-1.56412e-05	2
124.961	5.25468	0.000179431	-2.61132e-05	2
124.98	6.30803	0.000240054	-3.81779e-05	2
125.014	7.36416	0.000302108	-5.20978e-05	2
125.064	8.41083	0.000364874	-6.7724e-05	2
125.129	9.44814	0.000428334	-8.50382e-05	2
125.209	10.4762	0.000492468	-0.000104022	2
125.304	11.495	0.00055726	-0.000124657	2
125.413	12.5047	0.00062269	-0.000146924	2
125.537	13.5054	0.000688741	-0.000170806	2
125.675	14.4972	0.000755393	-0.000196284	2
125.828	15.48	0.000822629	-0.000223339	2
125.994	16.4541	0.00089043	-0.000251953	2
126.174	17.4195	0.000958778	-0.000282108	2
126.367	18.3763	0.00102765	-0.000313785	2
126.574	19.3246	0.00109704	-0.000346966	2
126.795	20.2644	0.00116692	-0.000381632	2
127.028	21.1959	0.00123727	-0.000417765	2
127.274	22.1191	0.00130807	-0.000455347	2
127.532	23.0341	0.00137932	-0.000494358	2
127.803	23.941	0.00145098	-0.000534782	2
128.087	24.8399	0.00152304	-0.000576598	2
128.382	25.7308	0.00159548	-0.00061979	2
128.69	26.6139	0.00166828	-0.000664338	2
129.005	27.4792	0.00174059	-0.000709689	2
129.335	28.3469	0.00181406	-0.000756879	2
129.677	29.207	0.00188784	-0.000805371	2
130.03	30.0596	0.00196191	-0.000855146	2
130.394	30.9048	0.00203625	-0.000906185	2
130.769	31.7426	0.00211085	-0.000958471	2
131.155	32.5731	0.00218568	-0.00101198	2
131.551	33.3965	0.00226072	-0.00106671	2
131.957	34.2127	0.00233597	-0.00112262	2
132.373	35.0219	0.00241139	-0.00117971	2
132.799	35.8242	0.00248697	-0.00123795	2
133.235	36.6197	0.0025627	-0.00129732	2
133.68	37.4084	0.00263855	-0.00135781	2
134.135	38.1904	0.00271451	-0.0014194	2
134.599	38.9658	0.00279056	-0.00148208	2
135.071	39.7347	0.00286667	-0.00154581	2
135.553	40.4971	0.00294284	-0.00161059	2
136.043	41.2532	0.00301904	-0.00167639	2
136.542	42.0031	0.00309525	-0.0017432	2
137.049	42.7468	0.00317146	-0.001811	2
137.564	43.4843	0.00324764	-0.00187976	2
138.086	44.2159	0.00332379	-0.00194948	2
138.617	44.9416	0.00339988	-0.00202013	2
139.148	45.6531	0.00347501	-0.00209087	2
139.694	46.3672	0.00355093	-0.00216332	2
140.246	47.0757	0.00362673	-0.00223665	2
140.805	47.7785	0.0037024	-0.00231084	2
141.371	48.4759	0.00377791	-0.00238587	2
141.944	49.1678	0.00385326	-0.00246173	2
142.523	49.8544	0.00392842	-0.00253839	2
143.108	50.5357	0.00400338	-0.00261583	2
143.699	51.2118	0.00407811	-0.00269404	2
144.296	51.8829	0.00415259	-0.002773	2
144.899	52.5489	0.00422682	-0.00285269	2
145.507	53.2101	0.00430077	-0.00293309	2
146.121	53.8664	0.00437442	-0.00301419	2
146.739	54.5179	0.00444775	-0.00309596	2
147.363	55.1648	0.00452075	-0.00317839	2
147.991	55.8071	0.0045934	-0.00326146	2
148.624	56.4449	0.00466567	-0.00334515	2
149.261	57.0783	0.00473756	-0.00342944	2
149.902	57.7073	0.00480903	-0.00351431	2
150.548	58.3321	0.00488008	-0.00359975	2
151.197	58.9527	0.00495069	-0.00368573	2
151.85	59.5693	0.00502084	-0.00377224	2
152.506	60.1819	0.0050905	-0.00385926	2
153.166	60.7905	0.00515966	-0.00394677	2
153.821	61.3884	0.00522752	-0.00403375	2
154.487	61.9895	0.00529563	-0.00412218	2
155.155	62.5869	0.00536319	-0.00421105	2
155.826	63.1808	0.00543018	-0.00430034	2
156.499	63.7712	0.00549657	-0.00439003	2
157.174	64.3581	0.00556236	-0.0044801	2
157.852	64.9418	0.00562752	-0.00457053	2
158.531	65.5222	0.00569203	-0.0046613	2
159.212	66.0994	0.00575587	-0.0047524	2
159.894	66.6736	0.00581904	-0.00484381	2
160.577	67.2447	0.0058815	-0.00493551	2
161.262	67.813	0.00594324	-0.00502747	2
161.947	68.3784	0.00600424	-0.00511969	2
162.633	68.9411	0.00606449	-0.00521215	2
163.32	69.5012	0.00612396	-0.00530481	2
164.007	70.0587	0.00618264	-0.00539768	2
164.694	70.6136	0.0062405	-0.00549072	2
165.381	71.1662	0.00629754	-0.00558392	2
166.068	71.7165	0.00635373	-0.00567727	2
166.755	72.2645	0.00640905	-0.00577073	2
167.44	72.8104	0.00646348	-0.0058643	2
168.126	73.3542	0.00651701	-0.00595796	2
168.81	73.896	0.00656962	-0.00605169	2
169.485	74.4297	0.0066207	-0.00614438	2
170.167	74.9679	0.00667143	-0.00623819	2
170.847	75.5043	0.00672117	-0.00633201	2
171.525	76.039	0.00676992	-0.00642582	2

