-125.004	2.01151	-4.14302e-07	3.33126e-07	2
-125.383	3.00097	-3.47498e-05	2.87167e-05	2
-125.753	4.00148	-6.69017e-05	5.69019e-05	2
-126.111	5.00152	-9.6488e-05	8.45636e-05	2
-126.453	5.98962	-0.000123244	0.000111401	2
-126.786	6.98875	-0.000147825	0.000138045	2
-127.108	7.98741	-0.000169937	0.000164189	2
-127.417	8.9856	-0.000189612	0.000189842	2
-127.715	9.98333	-0.000206882	0.00021501	2
-128.002	10.9806	-0.00022178	0.000239703	2
-128.276	11.9774	-0.000234339	0.000263927	2
-128.54	12.9737	-0.000244589	0.000287692	2
-128.792	13.9696	-0.000252565	0.000311004	2
-129.034	14.965	-0.000258297	0.000333871	2
-129.264	15.9599	-0.000261818	0.000356303	2
-129.484	16.9544	-0.000263161	0.000378306	2
-129.693	17.9484	-0.000262358	0.000399888	2
-129.891	18.9419	-0.000259441	0.000421058	2
-130.079	19.9349	-0.000254442	0.000441824	2
-130.257	20.9275	-0.000247394	0.000462192	2
-130.425	21.9196	-0.000238329	0.000482172	2
-130.583	22.9112	-0.000227279	0.000501771	2
-130.731	23.9024	-0.000214277	0.000520997	2
-130.87	24.8931	-0.000199354	0.000539858	2
-130.999	25.8833	-0.000182544	0.000558362	2
-131.118	26.873	-0.000163878	0.000576517	2
-131.227	27.8509	-0.000143634	0.000594128	2
-131.329	28.8397	-0.000121374	0.000611613	2
-131.421	29.828	-9.73548e-05	0.000628772	2
-131.504	30.8158	-7.16087e-05	0.000645613	2
-131.579	31.8032	-4.41681e-05	0.000662145	2
-131.645	32.79	-1.50652e-05	0.000678375	2
-131.703	33.7764	1.56677e-05	0.000694312	2
-131.752	34.7623	4.79983e-05	0.000709963	2
-131.794	35.7478	8.18943e-05	0.000725336	2
-131.827	36.7327	0.000117323	0.000740439	2
-131.852	37.7172	0.000154253	0.000755281	2
-131.87	38.7012	0.000192652	0.000769868	2
-131.88	39.6847	0.000232487	0.000784209	2
-131.883	40.6677	0.000273726	0.000798312	2
-131.878	41.6503	0.000316336	0.000812185	2
-131.866	42.6323	0.000360286	0.000825836	2
-131.847	43.6139	0.000405543	0.000839272	2
-131.821	44.595	0.000452075	0.000852502	2
-131.788	45.5756	0.000499849	0.000865533	2
-131.749	46.5557	0.000548834	0.000878374	2
-131.703	47.5353	0.000598997	0.000891032	2
-131.651	48.5144	0.000650305	0.000903515	2
-131.593	49.4931	0.000702727	0.000915832	2
-131.529	50.46	0.000755609	0.000927851	2
-131.459	51.4377	0.000810149	0.000939859	2
-131.382	52.4149	0.000865706	0.000951725	2
-131.301	53.3916	0.000922247	0.000963455	2
-131.213	54.3678	0.000979741	0.000975059	2
-131.12	55.3435	0.00103815	0.000986543	2
-131.022	56.3187	0.00109746	0.000997915	2
-130.919	57.2934	0.00115761	0.00100918	2
-130.811	58.2676	0.00121859	0.00102036	2
-130.698	59.2414	0.00128037	0.00103144	2
-130.58	60.2146	0.0013429	0.00104245	2
-130.458	61.1874	0.00140615	0.00105339	2
-130.331	62.1596	0.0014701	0.00106426	2
-130.2	63.1314	0.00153471	0.00107507	2
-130.065	64.1026	0.00159996	0.00108584	2
-129.926	65.0734	0.00166579	0.00109657	2
-129.782	66.0436	0.0017322	0.00110726	2
-129.636	67.0134	0.00179913	0.00111794	2
-129.485	67.9827	0.00186657	0.00112859	2
-129.331	68.9514	0.00193448	0.00113924	2
-129.174	69.9197	0.00200282	0.00114989	2
-129.013	70.8874	0.00207156	0.00116054	2
-128.85	71.8547	0.00214068	0.00117121	2
-128.683	72.8215	0.00221013	0.0011819	2
-128.516	73.7766	0.00227909	0.00119251	2
-128.344	74.7424	0.00234912	0.00120327	2
-128.17	75.7076	0.00241939	0.00121408	2
-127.993	76.6724	0.00248988	0.00122495	2
-127.814	77.6366	0.00256054	0.00123588	2
-127.633	78.6003	0.00263135	0.00124688	2
-127.45	79.5636	0.00270227	0.00125796	2
-127.265	80.5263	0.00277327	0.00126912	2
-127.078	81.4885	0.00284433	0.00128039	2
-126.89	82.4502	0.00291539	0.00129175	2
-126.7	83.4114	0.00298644	0.00130322	2
-126.51	84.3721	0.00305745	0.00131482	2
-126.318	85.3322	0.00312837	0.00132654	2
-126.125	86.2919	0.00319918	0.00133839	2
-125.931	87.2511	0.00326985	0.00135039	2
-125.736	88.2097	0.00334034	0.00136254	2
-125.541	89.1678	0.00341061	0.00137484	2
-125.346	90.1254	0.00348065	0.00138731	2
-125.15	91.0826	0.00355041	0.00139996	2
-124.954	92.0391	0.00361987	0.00141279	2
-124.758	92.9952	0.00368899	0.0014258	2
-124.562	93.9508	0.00375773	0.00143902	2
-124.366	94.9058	0.00382608	0.00145244	2
-124.173	95.8494	0.00389321	0.00146592	2
-123.978	96.8034	0.00396065	0.00147977	2
-123.784	97.7569	0.0040276	0.00149386	2
-123.591	98.7099	0.00409401	0.00150818	2

-75.001	2.0133	-5.33287e-07	1.60736e-07	2
-75.071	3.14513	-4.57368e-05	1.364e-05	2
-75.1099	4.26556	-9.01527e-05	2.65944e-05	2
-75.1171	5.36159	-0.000133267	3.8879e-05	2
-75.0937	6.42134	-0.000174624	5.03795e-05	2
-75.0396	7.46977	-0.000215206	6.13792e-05	2
-74.9552	8.49473	-0.000254542	7.17564e-05	2
-74.8411	9.49652	-0.000292652	8.15268e-05	2
-74.6976	10.4755	-0.000329556	9.07063e-05	2
-74.5254	11.4319	-0.000365271	9.93108e-05	2
-74.3248	12.366	-0.000399817	0.000107356	2
-74.0963	13.2783	-0.000433213	0.000114858	2
-73.8404	14.1689	-0.000465478	0.000121832	2
-73.5575	15.0382	-0.000496632	0.000128294	2
-73.2481	15.8865	-0.000526692	0.00013426	2
-72.9127	16.7141	-0.000555678	0.000139746	2
-72.5517	17.5214	-0.000583609	0.000144768	2
-72.1657	18.3085	-0.000610505	0.000149341	2
-71.755	19.076	-0.000636383	0.000153482	2
-71.3201	19.8239	-0.000661264	0.000157205	2
-70.8615	20.5528	-0.000685165	0.000160527	2
-70.3796	21.2628	-0.000708107	0.000163464	2
-69.875	21.9542	-0.000730108	0.000166032	2
-69.3481	22.6275	-0.000751187	0.000168246	2
-68.7993	23.2829	-0.000771363	0.000170122	2
-68.2292	23.9206	-0.000790655	0.000171676	2
-67.645	24.5341	-0.000808876	0.000172911	2
-67.0337	25.1378	-0.000826467	0.000173872	2
-66.4024	25.7248	-0.000843232	0.000174558	2
-65.7515	26.2955	-0.000859188	0.000174985	2
-65.0817	26.8501	-0.000874356	0.000175169	2
-64.3932	27.389	-0.000888753	0.000175125	2
-63.6865	27.9125	-0.0009024	0.000174871	2
-62.9622	28.4208	-0.000915314	0.00017442	2
-62.2207	28.9143	-0.000927516	0.000173789	2
-61.4625	29.3933	-0.000939024	0.000172995	2
-60.6879	29.8582	-0.000949857	0.000172052	2
-59.8976	30.3091	-0.000960034	0.000170977	2
-59.0919	30.7465	-0.000969575	0.000169785	2
-58.2713	31.1706	-0.000978497	0.000168493	2
-57.4363	31.5818	-0.000986821	0.000167115	2
-56.5874	31.9803	-0.000994565	0.000165668	2
-55.725	32.3665	-0.00100175	0.000164168	2
-54.8495	32.7406	-0.00100839	0.000162631	2
-53.9615	33.1031	-0.00101451	0.000161071	2
-53.0614	33.4541	-0.00102012	0.000159506	2
-52.1496	33.794	-0.00102525	0.000157951	2
-51.2267	34.1232	-0.00102992	0.000156422	2
-50.2931	34.4418	-0.00103414	0.000154934	2
-49.3602	34.7468	-0.00103788	0.000153519	2
-48.4067	35.0456	-0.00104127	0.000152161	2
-47.4439	35.3348	-0.00104427	0.000150891	2
-46.4722	35.6147	-0.00104689	0.000149727	2
-45.4922	35.8858	-0.00104917	0.000148682	2
-44.5043	36.1481	-0.00105111	0.000147774	2
-43.5089	36.4022	-0.00105273	0.000147018	2
-42.5065	36.6483	-0.00105407	0.00014643	2
-41.4975	36.8867	-0.00105512	0.000146026	2
-40.4826	37.1177	-0.00105592	0.000145821	2
-39.462	37.3416	-0.00105648	0.000145831	2
-38.4363	37.5587	-0.00105683	0.000146073	2
-37.406	37.7694	-0.00105697	0.000146562	2
-36.3714	37.9739	-0.00105693	0.000147313	2
-35.3331	38.1726	-0.00105673	0.000148343	2
-34.2916	38.3658	-0.00105639	0.000149668	2
-33.2472	38.5538	-0.00105593	0.000151303	2
-32.2005	38.7368	-0.00105536	0.000153263	2
-31.1519	38.9152	-0.0010547	0.000155566	2
-30.102	39.0894	-0.00105398	0.000158227	2
-29.051	39.2595	-0.00105321	0.000161261	2
-27.9996	39.426	-0.00105241	0.000164684	2
-26.9482	39.5891	-0.0010516	0.000168512	2
-25.8972	39.7492	-0.00105081	0.000172762	2
-24.8592	39.9047	-0.00105004	0.000177391	2
-23.8105	40.0596	-0.00104932	0.000182525	2
-22.7637	40.2124	-0.00104866	0.000188127	2
-21.7191	40.3634	-0.00104809	0.000194212	2
-20.6773	40.5129	-0.00104763	0.000200798	2
-19.6388	40.6611	-0.00104728	0.000207899	2
-18.6039	40.8085	-0.00104708	0.000215532	2
-17.5732	40.9553	-0.00104704	0.000223712	2
-16.5471	41.1018	-0.00104718	0.000232455	2
-15.5262	41.2483	-0.00104752	0.000241777	2
-14.5107	41.3952	-0.00104808	0.000251694	2
-13.5013	41.5428	-0.00104887	0.000262222	2
-12.4984	41.6913	-0.00104993	0.000273376	2
-11.5025	41.8411	-0.00105125	0.000285172	2
-10.5139	41.9924	-0.00105287	0.000297626	2
-9.53325	42.1457	-0.00105481	0.000310754	2
-8.56092	42.3012	-0.00105708	0.000324571	2
-7.59741	42.4592	-0.0010597	0.000339094	2
-6.64317	42.62	-0.00106269	0.000354339	2
-5.69868	42.7839	-0.00106607	0.00037032	2
-4.76438	42.9513	-0.00106985	0.000387055	2
-3.84076	43.1225	-0.00107407	0.000404558	2
-2.92826	43.2977	-0.00107873	0.000422845	2
-2.03766	43.4751	-0.0010838	0.000441709	2
-1.14869	43.6593	-0.0010894	0.000461604	2
-0.27224	43.8485	-0.00109551	0.000482331	2
0.591221	44.043	-0.00110215	0.000503905	2

-25.0078	2.01276	-2.92468e-07	2.52968e-07	2
-25.6569	3.10539	-2.54432e-05	2.17749e-05	2
-26.2783	4.20048	-5.08792e-05	4.30814e-05	2
-26.8644	5.2853	-7.63018e-05	6.39252e-05	2
-27.4096	6.34758	-0.000101413	8.40798e-05	2
-27.9269	7.41204	-0.00012679	0.000104019	2
-28.4103	8.4663	-0.000152136	0.000123513	2
-28.86	9.51037	-0.000177443	0.000142565	2
-29.2766	10.5443	-0.000202706	0.000161182	2
-29.6604	11.5681	-0.000227918	0.000179369	2
-30.0118	12.5817	-0.000253073	0.000197131	2
-30.3312	13.5853	-0.000278166	0.000214475	2
-30.6191	14.5788	-0.000303189	0.000231405	2
-30.8758	15.5623	-0.000328136	0.000247927	2
-31.1017	16.5358	-0.000353002	0.000264047	2
-31.2972	17.4992	-0.000377779	0.00027977	2
-31.4628	18.4527	-0.000402463	0.000295101	2
-31.5988	19.3962	-0.000427046	0.000310047	2
-31.7056	20.3298	-0.000451523	0.000324612	2
-31.7837	21.2535	-0.000475887	0.000338802	2
-31.8335	22.1673	-0.000500132	0.000352622	2
-31.8552	23.0713	-0.000524252	0.000366079	2
-31.8494	23.9654	-0.00054824	0.000379177	2
-31.8165	24.8497	-0.00057209	0.000391922	2
-31.7568	25.7242	-0.000595797	0.00040432	2
-31.6708	26.5889	-0.000619354	0.000416376	2
-31.5603	27.4341	-0.000642486	0.000427962	2
-31.4231	28.2795	-0.000665726	0.000439354	2
-31.2607	29.1151	-0.000688797	0.00045042	2
-31.0736	29.9411	-0.000711693	0.000461167	2
-30.8622	30.7575	-0.000734408	0.000471599	2
-30.6269	31.5642	-0.000756936	0.000481721	2
-30.368	32.3613	-0.00077927	0.000491541	2
-30.086	33.1488	-0.000801404	0.000501062	2
-29.7812	33.9268	-0.000823333	0.00051029	2
-29.4541	34.6952	-0.000845049	0.000519232	2
-29.1051	35.4541	-0.000866547	0.000527892	2
-28.7346	36.2035	-0.00088782	0.000536276	2
-28.343	36.9434	-0.000908863	0.000544389	2
-27.9307	37.6739	-0.000929669	0.000552237	2
-27.498	38.3949	-0.000950231	0.000559826	2
-27.0455	39.1066	-0.000970544	0.00056716	2
-26.5734	39.8088	-0.000990601	0.000574246	2
-26.0822	40.5017	-0.0010104	0.000581089	2
-25.5724	41.1853	-0.00102992	0.000587694	2
-25.0442	41.8596	-0.00104918	0.000594068	2
-24.4981	42.5246	-0.00106815	0.000600214	2
-23.9346	43.1803	-0.00108683	0.00060614	2
-23.3539	43.8267	-0.00110523	0.000611849	2
-22.7635	44.4567	-0.00112311	0.000617287	2
-22.1501	45.0849	-0.0011409	0.000622585	2
-21.5208	45.7039	-0.00115838	0.000627683	2
-20.876	46.3137	-0.00117555	0.000632587	2
-20.2161	46.9144	-0.00119239	0.000637304	2
-19.5415	47.506	-0.00120889	0.000641837	2
-18.8526	48.0885	-0.00122506	0.000646194	2
-18.1499	48.662	-0.00124089	0.000650379	2
-17.4337	49.2264	-0.00125637	0.000654397	2
-16.7044	49.7818	-0.0012715	0.000658255	2
-15.9625	50.3282	-0.00128626	0.000661958	2
-15.2083	50.8656	-0.00130066	0.000665511	2
-14.4422	51.3941	-0.00131468	0.000668919	2
-13.6647	51.9137	-0.00132832	0.000672189	2
-12.8761	52.4244	-0.00134158	0.000675326	2
-12.0768	52.9262	-0.00135445	0.000678335	2
-11.2673	53.4191	-0.00136691	0.000681222	2
-10.448	53.9033	-0.00137897	0.000683992	2
-9.61919	54.3786	-0.00139062	0.000686651	2
-8.78135	54.8451	-0.00140185	0.000689204	2
-7.93486	55.3028	-0.00141266	0.000691657	2
-7.08013	55.7519	-0.00142304	0.000694015	2
-6.21757	56.1922	-0.00143299	0.000696284	2
-5.34757	56.6238	-0.00144249	0.000698469	2
-4.48066	57.0419	-0.00145144	0.000700552	2
-3.59707	57.4563	-0.00146005	0.000702587	2
-2.70725	57.8621	-0.00146819	0.000704555	2
-1.8116	58.2592	-0.00147587	0.000706461	2
-0.910516	58.6478	-0.00148307	0.00070831	2
-0.00441173	59.0278	-0.00148979	0.000710109	2
0.906315	59.3993	-0.00149603	0.000711862	2
1.82126	59.7623	-0.00150178	0.000713576	2
2.74003	60.1168	-0.00150703	0.000715255	2
3.6622	60.4628	-0.00151177	0.000716905	2
4.5874	60.8004	-0.00151601	0.000718532	2
5.5152	61.1296	-0.00151973	0.000720142	2
6.44521	61.4504	-0.00152292	0.000721738	2
7.37702	61.7628	-0.00152559	0.000723328	2
8.31024	62.0668	-0.00152772	0.000724917	2
9.24445	62.3625	-0.00152931	0.00072651	2
10.1793	62.6499	-0.00153035	0.000728112	2
11.1143	62.9291	-0.00153084	0.000729729	2
12.0491	63.1999	-0.00153077	0.000731368	2
12.9833	63.4626	-0.00153013	0.000733032	2
13.9164	63.717	-0.00152892	0.000734728	2
14.8482	63.9632	-0.00152713	0.000736461	2
15.7782	64.2013	-0.00152475	0.000738236	2
16.6952	64.4286	-0.00152183	0.000740039	2
17.6204	64.6505	-0.00151827	0.000741916	2
18.5425	64.8643	-0.00151411	0.000743851	2
19.4612	65.07	-0.00150934	0.000745852	2

24.997	2.00989	7.75183e-08	4.02966e-08	2
24.7376	2.86417	5.67254e-06	3.11476e-06	2
24.4657	3.73529	9.20212e-06	5.45357e-06	2
24.1848	4.61309	1.06266e-05	7.03939e-06	2
23.8988	5.48712	1.00027e-05	7.88939e-06	2
23.6014	6.37746	7.3535e-06	8.0461e-06	2
23.2963	7.27372	2.7122e-06	7.51844e-06	2
22.984	8.17564	-3.88334e-06	6.32936e-06	2
22.665	9.08298	-1.23953e-05	4.50184e-06	2
22.3397	9.99546	-2.27859e-05	2.05882e-06	2
22.0086	10.9128	-3.50172e-05	-9.76719e-07	2
21.672	11.8349	-4.90515e-05	-4.58183e-06	2
21.3306	12.7613	-6.48509e-05	-8.73354e-06	2
20.9846	13.6918	-8.23776e-05	-1.34089e-05	2
20.6346	14.6262	-0.000101594	-1.85849e-05	2
20.2811	15.5643	-0.000122462	-2.42387e-05	2
19.9244	16.5056	-0.000144943	-3.03472e-05	2
19.565	17.4501	-0.000169001	-3.68875e-05	2
19.2035	18.3975	-0.000194596	-4.38367e-05	2
18.8401	19.3474	-0.000221693	-5.11717e-05	2
18.4755	20.2997	-0.000250251	-5.88696e-05	2
18.1099	21.254	-0.000280234	-6.69075e-05	2
17.744	22.2102	-0.000311604	-7.52624e-05	2
17.3781	23.1679	-0.000344323	-8.39113e-05	2
17.0127	24.127	-0.000378354	-9.28313e-05	2
16.6483	25.0871	-0.000413657	-0.000101999	2
16.2894	26.0369	-0.00044977	-0.000111283	2
15.9282	26.9984	-0.000487493	-0.000120877	2
15.5693	27.9601	-0.000526377	-0.000130649	2
15.2131	28.9219	-0.000566383	-0.000140579	2
14.8602	29.8834	-0.000607474	-0.000150641	2
14.5109	30.8445	-0.000649611	-0.000160815	2
14.1657	31.8048	-0.000692758	-0.000171076	2
13.8251	32.7641	-0.000736876	-0.000181401	2
13.4895	33.7222	-0.000781927	-0.000191769	2
13.1593	34.6788	-0.000827873	-0.000202155	2
12.8351	35.6336	-0.000874678	-0.000212537	2
12.5173	36.5864	-0.000922302	-0.000222892	2
12.2062	37.537	-0.000970708	-0.000233197	2
11.9025	38.485	-0.00101986	-0.000243428	2
11.6065	39.4302	-0.00106972	-0.000253564	2
11.3186	40.3724	-0.00112024	-0.00026358	2
11.0394	41.3113	-0.0011714	-0.000273455	2
10.7693	42.2466	-0.00122315	-0.000283164	2
10.5088	43.1781	-0.00127545	-0.000292686	2
10.2582	44.1056	-0.00132827	-0.000301997	2
10.018	45.0288	-0.00138157	-0.000311074	2
9.7888	45.9473	-0.00143531	-0.000319894	2
9.57091	46.861	-0.00148946	-0.000328435	2
9.36712	47.7593	-0.00154334	-0.00033658	2
9.17315	48.6626	-0.00159818	-0.000344496	2
8.99187	49.5604	-0.00165331	-0.000352063	2
8.82375	50.4523	-0.00170869	-0.00035926	2
8.66924	51.3381	-0.00176428	-0.000366062	2
8.52878	52.2175	-0.00182006	-0.000372446	2
8.40284	53.0903	-0.00187597	-0.000378391	2
8.29186	53.9562	-0.00193198	-0.000383872	2
8.1963	54.815	-0.00198806	-0.000388868	2
8.11661	55.6664	-0.00204416	-0.000393354	2
8.05324	56.5102	-0.00210025	-0.000397308	2
8.00665	57.346	-0.0021563	-0.000400707	2
7.97728	58.1737	-0.00221225	-0.000403528	2
7.96559	58.993	-0.00226808	-0.000405748	2
7.97203	59.8035	-0.00232374	-0.000407345	2
7.99705	60.6052	-0.00237921	-0.000408294	2
8.04112	61.3977	-0.00243443	-0.000408574	2
8.10467	62.1807	-0.00248938	-0.000408161	2
8.18816	62.9541	-0.00254402	-0.000407032	2
8.29205	63.7175	-0.0025983	-0.000405164	2
8.41678	64.4706	-0.00265219	-0.000402535	2
8.56281	65.2134	-0.00270565	-0.000399121	2
8.7306	65.9454	-0.00275865	-0.000394899	2
8.92059	66.6664	-0.00281115	-0.000389847	2
9.13066	67.3681	-0.00286251	-0.000384014	2
9.36614	68.0665	-0.00291389	-0.000377243	2
9.62518	68.7532	-0.00296465	-0.000369572	2
9.90823	69.4278	-0.00301476	-0.000360978	2
10.2157	70.0903	-0.00306418	-0.00035144	2
10.5482	70.7402	-0.00311286	-0.000340934	2
10.906	71.3773	-0.00316078	-0.000329436	2
11.2896	72.0015	-0.00320789	-0.000316925	2
11.6995	72.6123	-0.00325416	-0.000303377	2
12.1361	73.2096	-0.00329955	-0.000288769	2
12.5998	73.7931	-0.00334402	-0.000273078	2
13.0912	74.3626	-0.00338753	-0.000256281	2
13.6107	74.9177	-0.00343004	-0.000238355	2
14.1588	75.4583	-0.00347153	-0.000219278	2
14.7358	75.9841	-0.00351194	-0.000199025	2
15.3422	76.4948	-0.00355125	-0.000177576	2
15.9786	76.9902	-0.0035894	-0.000154905	2
16.6452	77.47	-0.00362638	-0.000130991	2
17.3427	77.934	-0.00366213	-0.000105811	2
18.0714	78.3818	-0.00369662	-7.93406e-05	2
18.8319	78.8133	-0.00372982	-5.1558e-05	2
19.6245	79.2282	-0.00376167	-2.244e-05	2
20.4496	79.6262	-0.00379216	8.03644e-06	2
21.2978	80.0029	-0.00382091	3.95201e-05	2
22.1892	80.3666	-0.00384855	7.27659e-05	2
23.1145	80.7127	-0.00387471	0.000107439	2
24.0743	81.0409	-0.00389934	0.000143562	2

74.9996	2.01191	-2.25613e-07	1.66908e-07	2
74.9495	3.03006	-1.9127e-05	1.38197e-05	2
74.8673	4.04738	-3.72596e-05	2.62433e-05	2
74.7541	5.05218	-5.44273e-05	3.73052e-05	2
74.6124	6.03333	-7.04785e-05	4.69352e-05	2
74.4398	7.01385	-8.58158e-05	5.53911e-05	2
74.2384	7.98247	-0.000100277	6.25878e-05	2
74.0089	8.93941	-0.000113891	6.85595e-05	2
73.7522	9.88486	-0.000126689	7.33406e-05	2
73.469	10.819	-0.000138699	7.69653e-05	2
73.1599	11.7421	-0.000149952	7.9468e-05	2
72.8259	12.6544	-0.000160477	8.08829e-05	2
72.4676	13.556	-0.000170304	8.12444e-05	2
72.0858	14.4472	-0.000179462	8.05868e-05	2
71.6812	15.3281	-0.000187981	7.89444e-05	2
71.2545	16.199	-0.00019589	7.63514e-05	2
70.8066	17.0601	-0.00020322	7.28422e-05	2
70.3382	17.9116	-0.00021	6.8451e-05	2
69.8499	18.7537	-0.00021626	6.32122e-05	2
69.3427	19.5866	-0.000222029	5.71601e-05	2
68.8171	20.4106	-0.000227337	5.0329e-05	2
68.2741	21.2257	-0.000232213	4.27532e-05	2
67.7142	22.0323	-0.000236688	3.44669e-05	2
67.1383	22.8306	-0.00024079	2.55046e-05	2
66.5472	23.6207	-0.000244551	1.59004e-05	2
65.9415	24.4029	-0.000247998	5.68871e-06	2
65.3292	25.1684	-0.000251128	-4.96909e-06	2
64.6968	25.9355	-0.000254041	-1.62869e-05	2
64.0521	26.6951	-0.000256731	-2.81097e-05	2
63.3959	27.4477	-0.000259226	-4.04032e-05	2
62.7289	28.1934	-0.000261556	-5.31331e-05	2
62.0518	28.9324	-0.000263751	-6.6265e-05	2
61.3654	29.665	-0.00026584	-7.97648e-05	2
60.6705	30.3912	-0.000267853	-9.35981e-05	2
59.9678	31.1114	-0.000269821	-0.000107731	2
59.258	31.8258	-0.000271771	-0.000122128	2
58.5419	32.5344	-0.000273735	-0.000136756	2
57.8203	33.2377	-0.000275742	-0.00015158	2
57.0939	33.9357	-0.000277821	-0.000166566	2
56.3634	34.6288	-0.000280002	-0.00018168	2
55.6296	35.317	-0.000282314	-0.000196887	2
54.8932	36.0006	-0.000284788	-0.000212153	2
54.155	36.6798	-0.000287453	-0.000227444	2
53.4158	37.3548	-0.000290339	-0.000242726	2
52.6763	38.0258	-0.000293475	-0.000257964	2
51.9372	38.6931	-0.000296891	-0.000273123	2
51.1993	39.3569	-0.000300616	-0.00028817	2
50.4633	40.0172	-0.000304681	-0.00030307	2
49.73	40.6745	-0.000309115	-0.00031779	2
49.0086	41.3212	-0.00031389	-0.000332128	2
48.2828	41.9728	-0.000319145	-0.000346386	2
47.5621	42.6219	-0.000324858	-0.000360359	2
46.8469	43.2687	-0.000331058	-0.000374015	2
46.1382	43.9134	-0.000337776	-0.000387319	2
45.4367	44.5562	-0.000345039	-0.000400236	2
44.7431	45.1973	-0.000352879	-0.000412733	2
44.0582	45.8369	-0.000361325	-0.000424774	2
43.3827	46.4752	-0.000370406	-0.000436327	2
42.7174	47.1125	-0.000380152	-0.000447355	2
42.063	47.749	-0.000390593	-0.000457825	2
41.4202	48.3848	-0.000401759	-0.000467704	2
40.7899	49.0201	-0.000413678	-0.000476955	2
40.1727	49.6553	-0.000426382	-0.000485546	2
39.5695	50.2904	-0.000439899	-0.000493441	2
38.9809	50.9257	-0.000454258	-0.000500607	2
38.4077	51.5615	-0.000469491	-0.00050701	2
37.8507	52.1978	-0.000485626	-0.000512614	2
37.3106	52.835	-0.000502693	-0.000517386	2
36.7882	53.4731	-0.000520721	-0.000521291	2
36.2842	54.1126	-0.000539741	-0.000524295	2
35.7993	54.7534	-0.000559782	-0.000526364	2
35.3343	55.3959	-0.000580874	-0.000527463	2
34.89	56.0403	-0.000603046	-0.000527558	2
34.4719	56.6793	-0.000626053	-0.000526632	2
34.0709	57.328	-0.000650462	-0.000524629	2
33.6928	57.9792	-0.000676039	-0.00052152	2
33.3383	58.633	-0.000702814	-0.00051727	2
33.0083	59.2898	-0.000730818	-0.000511844	2
32.7034	59.9497	-0.00076008	-0.00050521	2
32.4244	60.6129	-0.000790629	-0.000497332	2
32.172	61.2796	-0.000822496	-0.000488176	2
31.947	61.9501	-0.000855709	-0.000477708	2
31.7502	62.6245	-0.000890299	-0.000465893	2
31.5822	63.3031	-0.000926295	-0.000452697	2
31.4439	63.986	-0.000963726	-0.000438087	2
31.336	64.6735	-0.00100262	-0.000422027	2
31.2592	65.3658	-0.00104302	-0.000404483	2
31.2143	66.0631	-0.00108493	-0.000385421	2
31.202	66.7655	-0.0011284	-0.000364807	2
31.2231	67.4734	-0.00117346	-0.000342606	2
31.2784	68.1869	-0.00122013	-0.000318784	2
31.3685	68.9062	-0.00126844	-0.000293307	2
31.4943	69.6315	-0.00131843	-0.00026614	2
31.6564	70.3631	-0.00137012	-0.000237249	2
31.8557	71.1011	-0.00142354	-0.000206601	2
32.0929	71.8457	-0.00147872	-0.00017416	2
32.3653	72.5886	-0.00153503	-0.000140296	2
32.68	73.3471	-0.0015938	-0.000104189	2
33.0348	74.1129	-0.00165443	-6.61863e-05	2
33.4305	74.8862	-0.00171693	-2.62547e-05	2

124.996	2.01339	-5.27935e-08	3.26331e-07	2
124.628	3.15264	-4.65969e-06	2.80792e-05	2
124.236	4.28107	-9.45618e-06	5.5535e-05	2
123.823	5.38567	-1.43924e-05	8.23782e-05	2
123.396	6.45456	-1.9412e-05	0.000108322	2
122.945	7.51299	-2.46348e-05	0.000133979	2
122.474	8.5488	-3.00059e-05	0.000159057	2
121.985	9.5624	-3.55285e-05	0.000183565	2
121.477	10.5542	-4.12053e-05	0.000207515	2
120.951	11.5246	-4.70393e-05	0.000230917	2
120.408	12.4739	-5.30334e-05	0.000253783	2
119.848	13.4027	-5.91906e-05	0.000276122	2
119.271	14.3112	-6.55138e-05	0.000297947	2
118.678	15.2	-7.20058e-05	0.000319268	2
118.068	16.0693	-7.86696e-05	0.000340096	2
117.443	16.9196	-8.55081e-05	0.000360441	2
116.803	17.7514	-9.25243e-05	0.000380315	2
116.147	18.5649	-9.97211e-05	0.000399728	2
115.478	19.3607	-0.000107101	0.000418691	2
114.794	20.139	-0.000114668	0.000437215	2
114.096	20.9004	-0.000122424	0.000455312	2
113.385	21.6452	-0.000130372	0.000472991	2
112.661	22.3738	-0.000138515	0.000490263	2
111.925	23.0866	-0.000146857	0.00050714	2
111.176	23.784	-0.000155399	0.000523633	2
110.415	24.4665	-0.000164145	0.000539751	2
109.652	25.1268	-0.000172994	0.000555328	2
108.869	25.7806	-0.000182155	0.000570735	2
108.076	26.4207	-0.000191528	0.000585801	2
107.272	27.0474	-0.000201117	0.000600537	2
106.458	27.6612	-0.000210924	0.000614953	2
105.634	28.2623	-0.000220952	0.00062906	2
104.802	28.8513	-0.000231205	0.000642869	2
103.96	29.4286	-0.000241685	0.000656391	2
103.11	29.9944	-0.000252396	0.000669637	2
102.253	30.5493	-0.000263339	0.000682617	2
101.387	31.0937	-0.000274518	0.000695343	2
100.514	31.6278	-0.000285936	0.000707826	2
99.6346	32.1523	-0.000297597	0.000720075	2
98.7484	32.6673	-0.000309501	0.000732102	2
97.8561	33.1734	-0.000321654	0.000743919	2
96.9581	33.671	-0.000334057	0.000755535	2
96.0547	34.1604	-0.000346713	0.000766962	2
95.1463	34.6421	-0.000359626	0.00077821	2
94.2333	35.1164	-0.000372799	0.000789291	2
93.316	35.5838	-0.000386233	0.000800214	2
92.395	36.0446	-0.000399933	0.000810992	2
91.4705	36.4993	-0.000413901	0.000821635	2
90.5429	36.9483	-0.00042814	0.000832153	2
89.6233	37.3868	-0.000442485	0.000842439	2
88.6907	37.8256	-0.000457271	0.000852743	2
87.7562	38.2598	-0.000472338	0.000862954	2
86.8201	38.6899	-0.000487687	0.000873085	2
85.8828	39.1162	-0.000503321	0.000883146	2
84.9447	39.5392	-0.000519244	0.000893147	2
84.0063	39.9593	-0.000535459	0.0009031	2
83.0677	40.3769	-0.000551968	0.000913016	2
82.1296	40.7923	-0.000568774	0.000922905	2
81.1921	41.2061	-0.00058588	0.000932778	2
80.2558	41.6185	-0.00060329	0.000942646	2
79.3209	42.03	-0.000621005	0.00095252	2
78.3879	42.4409	-0.000639029	0.00096241	2
77.4572	42.8518	-0.000657366	0.000972329	2
76.529	43.263	-0.000676017	0.000982286	2
75.6039	43.6748	-0.000694986	0.000992292	2
74.6822	44.0877	-0.000714275	0.00100236	2
73.7643	44.5022	-0.000733888	0.0010125	2
72.8505	44.9185	-0.000753827	0.00102271	2
71.9412	45.3371	-0.000774096	0.00103303	2
71.0368	45.7585	-0.000794697	0.00104344	2
70.1378	46.1829	-0.000815633	0.00105397	2
69.2444	46.6108	-0.000836908	0.00106463	2
68.3571	47.0427	-0.000858523	0.00107542	2
67.4863	47.4738	-0.000880228	0.00108623	2
66.6121	47.9146	-0.000902531	0.00109732	2
65.7452	48.3606	-0.000925183	0.00110859	2
64.8858	48.812	-0.000948188	0.00112003	2
64.0343	49.2694	-0.000971548	0.00113166	2
63.1912	49.733	-0.000995267	0.0011435	2
62.3569	50.2034	-0.00101935	0.00115554	2
61.5316	50.6809	-0.00104379	0.00116781	2
60.7158	51.1659	-0.0010686	0.00118031	2
59.9098	51.6589	-0.00109379	0.00119306	2
59.1141	52.1602	-0.00111934	0.00120606	2
58.329	52.6702	-0.00114527	0.00121933	2
57.555	53.1893	-0.00117158	0.00123288	2
56.7923	53.718	-0.00119828	0.00124671	2
56.0413	54.2566	-0.00122535	0.00126085	2
55.3025	54.8055	-0.00125282	0.00127529	2
54.5763	55.3652	-0.00128068	0.00129005	2
53.8629	55.936	-0.00130892	0.00130515	2
53.1628	56.5184	-0.00133757	0.00132059	2
52.4764	57.1127	-0.00136662	0.00133638	2
51.8041	57.7193	-0.00139606	0.00135253	2
51.1461	58.3387	-0.00142592	0.00136906	2
50.503	58.9713	-0.00145618	0.00138597	2
49.8822	59.6099	-0.00148649	0.00140308	2
49.2696	60.2698	-0.00151757	0.0014208	2
48.673	60.944	-0.00154907	0.00143893	2
48.0928	61.633	-0.00158099	0.00145749	2

