-125.003	2.01274	7.48127e-07	7.32028e-08	2
-125.292	3.10594	6.48677e-05	5.84898e-06	2
-125.568	4.20723	0.000129296	1.06514e-05	2
-125.827	5.30393	0.000193292	1.44144e-05	2
-126.068	6.38353	0.000256133	1.71197e-05	2
-126.296	7.47119	0.000319288	1.88374e-05	2
-126.508	8.55438	0.00038203	1.95374e-05	2
-126.705	9.63312	0.000444366	1.92269e-05	2
-126.887	10.7075	0.000506302	1.79131e-05	2
-127.053	11.7775	0.000567845	1.56033e-05	2
-127.205	12.8432	0.000629001	1.23048e-05	2
-127.341	13.9046	0.000689778	8.02469e-06	2
-127.464	14.9618	0.000750181	2.77031e-06	2
-127.571	16.0148	0.000810218	-3.45113e-06	2
-127.665	17.0636	0.000869894	-1.06324e-05	2
-127.744	18.1084	0.000929217	-1.87662e-05	2
-127.81	19.1491	0.000988194	-2.78454e-05	2
-127.862	20.1858	0.00104683	-3.78626e-05	2
-127.9	21.2185	0.00110513	-4.88107e-05	2
-127.925	22.2472	0.00116311	-6.06824e-05	2
-127.937	23.2721	0.00122076	-7.34705e-05	2
-127.936	24.2931	0.00127811	-8.71678e-05	2
-127.922	25.3104	0.00133514	-0.000101767	2
-127.895	26.3238	0.00139187	-0.000117261	2
-127.856	27.3335	0.00144831	-0.000133642	2
-127.804	28.3395	0.00150447	-0.000150903	2
-127.741	29.3304	0.0015597	-0.000168824	2
-127.666	30.3293	0.0016153	-0.000187814	2
-127.578	31.3245	0.00167063	-0.000207663	2
-127.479	32.3163	0.0017257	-0.000228363	2
-127.369	33.3046	0.00178052	-0.000249907	2
-127.247	34.2894	0.00183509	-0.000272288	2
-127.114	35.2708	0.00188942	-0.000295498	2
-126.97	36.2489	0.00194352	-0.000319531	2
-126.816	37.2237	0.00199739	-0.000344379	2
-126.65	38.1952	0.00205103	-0.000370034	2
-126.475	39.1635	0.00210446	-0.000396491	2
-126.289	40.1287	0.00215769	-0.00042374	2
-126.093	41.0906	0.00221071	-0.000451776	2
-125.887	42.0495	0.00226354	-0.000480591	2
-125.671	43.0053	0.00231618	-0.000510177	2
-125.446	43.9581	0.00236863	-0.000540528	2
-125.211	44.9079	0.00242092	-0.000571636	2
-124.967	45.8548	0.00247303	-0.000603494	2
-124.714	46.7988	0.00252498	-0.000636095	2
-124.453	47.7399	0.00257678	-0.000669431	2
-124.182	48.6782	0.00262843	-0.000703495	2
-123.903	49.6138	0.00267993	-0.00073828	2
-123.616	50.5467	0.00273131	-0.000773779	2
-123.324	51.4661	0.00278196	-0.000809565	2
-123.02	52.3937	0.00283308	-0.000846462	2
-122.709	53.3186	0.00288409	-0.00088405	2
-122.39	54.241	0.00293499	-0.000922324	2
-122.064	55.1609	0.00298578	-0.000961276	2
-121.73	56.0783	0.00303648	-0.0010009	2
-121.389	56.9933	0.0030871	-0.00104118	2
-121.041	57.9058	0.00313762	-0.00108212	2
-120.686	58.8161	0.00318808	-0.00112371	2
-120.325	59.724	0.00323846	-0.00116594	2
-119.957	60.6296	0.00328878	-0.00120881	2
-119.583	61.5331	0.00333905	-0.0012523	2
-119.203	62.4343	0.00338926	-0.00129641	2
-118.817	63.3334	0.00343943	-0.00134114	2
-118.425	64.2304	0.00348957	-0.00138647	2
-118.028	65.1254	0.00353968	-0.00143239	2
-117.625	66.0183	0.00358976	-0.00147891	2
-117.217	66.9093	0.00363983	-0.00152601	2
-116.804	67.7983	0.00368989	-0.00157369	2
-116.386	68.6854	0.00373994	-0.00162194	2
-115.963	69.5707	0.00379	-0.00167075	2
-115.536	70.4542	0.00384007	-0.00172011	2
-115.104	71.3359	0.00389015	-0.00177002	2
-114.668	72.2159	0.00394026	-0.00182047	2
-114.233	73.0842	0.00398983	-0.00187087	2
-113.79	73.9609	0.00404	-0.00192237	2
-113.342	74.836	0.00409022	-0.00197439	2
-112.891	75.7095	0.00414049	-0.00202692	2
-112.437	76.5816	0.00419081	-0.00207996	2
-111.98	77.4521	0.0042412	-0.00213349	2
-111.519	78.3212	0.00429165	-0.00218752	2
-111.056	79.189	0.00434219	-0.00224202	2
-110.59	80.0554	0.0043928	-0.002297	2
-110.122	80.9204	0.00444351	-0.00235245	2
-109.651	81.7843	0.00449431	-0.00240836	2
-109.178	82.6469	0.00454521	-0.00246472	2
-108.703	83.5083	0.00459622	-0.00252153	2
-108.227	84.3686	0.00464735	-0.00257877	2
-107.749	85.2277	0.0046986	-0.00263645	2
-107.269	86.0859	0.00474998	-0.00269455	2
-106.788	86.943	0.0048015	-0.00275307	2
-106.306	87.7991	0.00485316	-0.002812	2
-105.823	88.6543	0.00490497	-0.00287133	2
-105.34	89.5087	0.00495693	-0.00293106	2
-104.856	90.3622	0.00500905	-0.00299118	2
-104.371	91.2148	0.00506135	-0.00305167	2
-103.886	92.0667	0.00511382	-0.00311254	2
-103.407	92.9082	0.00516586	-0.00317307	2
-102.922	93.7587	0.0052187	-0.00323466	2
-102.438	94.6086	0.00527173	-0.00329661	2
-101.954	95.4578	0.00532497	-0.00335889	2

-75.0029	2.01324	-2.08965e-07	-2.10513e-07	2
-75.2386	3.14211	-1.87995e-05	-1.71898e-05	2
-75.4463	4.26425	-3.8834e-05	-3.21294e-05	2
-75.6234	5.36668	-6.00759e-05	-4.48577e-05	2
-75.7688	6.43731	-8.22329e-05	-5.53043e-05	2
-75.8863	7.50126	-0.000105793	-6.37507e-05	2
-75.9744	8.54623	-0.000130477	-7.01016e-05	2
-76.0337	9.57245	-0.000156258	-7.43961e-05	2
-76.0645	10.5802	-0.000183107	-7.66728e-05	2
-76.0673	11.5696	-0.000210998	-7.69705e-05	2
-76.0424	12.5411	-0.000239902	-7.53282e-05	2
-75.9902	13.4948	-0.000269791	-7.17845e-05	2
-75.9113	14.431	-0.000300637	-6.63783e-05	2
-75.806	15.3498	-0.000332414	-5.91485e-05	2
-75.6747	16.2517	-0.000365093	-5.01338e-05	2
-75.5179	17.1367	-0.000398645	-3.93729e-05	2
-75.3359	18.0052	-0.000433045	-2.69049e-05	2
-75.1293	18.8574	-0.000468263	-1.27683e-05	2
-74.8983	19.6936	-0.000504272	2.99785e-06	2
-74.6435	20.5139	-0.000541045	2.03549e-05	2
-74.3653	21.3186	-0.000578553	3.92639e-05	2
-74.064	22.108	-0.000616768	5.96862e-05	2
-73.7401	22.8824	-0.000655664	8.15828e-05	2
-73.3941	23.6418	-0.000695211	0.000104915	2
-73.0263	24.3867	-0.000735383	0.000129644	2
-72.6371	25.1172	-0.000776151	0.000155731	2
-72.2318	25.8255	-0.00081701	0.000182815	2
-71.8015	26.5282	-0.000858882	0.000211487	2
-71.351	27.2173	-0.000901268	0.000241401	2
-70.8809	27.8929	-0.000944139	0.000272518	2
-70.3915	28.5555	-0.000987469	0.0003048	2
-69.8833	29.2051	-0.00103123	0.000338207	2
-69.3567	29.8421	-0.00107539	0.000372701	2
-68.8121	30.4667	-0.00111993	0.000408243	2
-68.25	31.0791	-0.00116481	0.000444794	2
-67.6706	31.6796	-0.00121001	0.000482316	2
-67.0746	32.2684	-0.00125551	0.000520769	2
-66.4622	32.8458	-0.00130127	0.000560114	2
-65.834	33.412	-0.00134726	0.000600314	2
-65.1903	33.9672	-0.00139346	0.000641328	2
-64.5315	34.5118	-0.00143984	0.000683119	2
-63.8581	35.0458	-0.00148638	0.000725648	2
-63.1705	35.5697	-0.00153304	0.000768875	2
-62.4691	36.0836	-0.00157979	0.000812762	2
-61.7543	36.5878	-0.00162662	0.00085727	2
-61.0266	37.0824	-0.00167348	0.00090236	2
-60.2864	37.5679	-0.00172036	0.000947993	2
-59.534	38.0443	-0.00176723	0.000994132	2
-58.7699	38.512	-0.00181405	0.00104074	2
-58.0036	38.9659	-0.00186027	0.00108722	2
-57.2176	39.4169	-0.00190693	0.00113464	2
-56.4211	39.8599	-0.00195346	0.0011824	2
-55.6146	40.295	-0.00199984	0.00123048	2
-54.7985	40.7227	-0.00204604	0.00127883	2
-53.9732	41.143	-0.00209203	0.00132741	2
-53.1392	41.5563	-0.00213779	0.00137619	2
-52.2968	41.9628	-0.00218328	0.00142512	2
-51.4465	42.3628	-0.00222848	0.00147417	2
-50.5888	42.7564	-0.00227336	0.00152329	2
-49.7239	43.1439	-0.00231789	0.00157246	2
-48.8524	43.5256	-0.00236205	0.00162163	2
-47.9747	43.9017	-0.00240581	0.00167075	2
-47.0911	44.2724	-0.00244913	0.00171981	2
-46.2022	44.6381	-0.002492	0.00176874	2
-45.3082	44.9989	-0.00253438	0.00181752	2
-44.4097	45.3551	-0.00257625	0.00186611	2
-43.5071	45.7069	-0.00261757	0.00191447	2
-42.6008	46.0546	-0.00265833	0.00196255	2
-41.6912	46.3984	-0.00269849	0.00201032	2
-40.7786	46.7386	-0.00273802	0.00205775	2
-39.8637	47.0753	-0.00277691	0.00210479	2
-38.9467	47.4089	-0.00281511	0.0021514	2
-38.0281	47.7397	-0.0028526	0.00219754	2
-37.1188	48.0639	-0.00288894	0.00224267	2
-36.1982	48.3896	-0.00292494	0.00228777	2
-35.2773	48.7131	-0.00296015	0.0023323	2
-34.3564	49.0346	-0.00299454	0.0023762	2
-33.436	49.3544	-0.00302809	0.00241945	2
-32.5165	49.6728	-0.00306076	0.002462	2
-31.5983	49.99	-0.00309253	0.00250381	2
-30.6818	50.3062	-0.00312336	0.00254484	2
-29.7675	50.6217	-0.00315324	0.00258507	2
-28.8558	50.9367	-0.00318214	0.00262444	2
-27.9471	51.2515	-0.00321002	0.00266292	2
-27.0418	51.5663	-0.00323686	0.00270046	2
-26.1403	51.8814	-0.00326263	0.00273704	2
-25.2431	52.1969	-0.0032873	0.00277261	2
-24.3506	52.5133	-0.00331085	0.00280714	2
-23.4631	52.8305	-0.00333325	0.00284058	2
-22.5812	53.1491	-0.00335447	0.00287289	2
-21.7052	53.4691	-0.00337448	0.00290404	2
-20.8356	53.7908	-0.00339325	0.00293399	2
-19.9728	54.1145	-0.00341076	0.0029627	2
-19.1171	54.4404	-0.00342698	0.00299012	2
-18.2691	54.7687	-0.00344188	0.00301623	2
-17.4291	55.0997	-0.00345543	0.00304099	2
-16.6071	55.4298	-0.00346748	0.00306408	2
-15.7843	55.7669	-0.00347827	0.00308602	2
-14.9709	56.1075	-0.00348764	0.00310648	2
-14.1671	56.4517	-0.00349554	0.00312543	2

-25.0068	2.01303	6.06132e-07	-2.1755e-07	2
-25.5784	3.13002	5.08103e-05	-1.79607e-05	2
-26.1317	4.25318	9.77756e-05	-3.39905e-05	2
-26.6602	5.36943	0.000140966	-4.81252e-05	2
-27.1584	6.46602	0.000180018	-6.02697e-05	2
-27.6381	7.5684	0.000215909	-7.0742e-05	2
-28.0935	8.66374	0.000248234	-7.9426e-05	2
-28.5248	9.75198	0.000277062	-8.63573e-05	2
-28.9323	10.8331	0.000302464	-9.15719e-05	2
-29.3161	11.907	0.000324509	-9.51054e-05	2
-29.6764	12.9737	0.000343267	-9.69935e-05	2
-30.0135	14.0331	0.000358808	-9.72721e-05	2
-30.3275	15.0851	0.000371202	-9.59768e-05	2
-30.6186	16.1298	0.000380518	-9.31435e-05	2
-30.887	17.1671	0.000386827	-8.88079e-05	2
-31.133	18.1969	0.000390198	-8.30057e-05	2
-31.3567	19.2191	0.000390702	-7.57727e-05	2
-31.5583	20.2338	0.000388407	-6.71446e-05	2
-31.7381	21.2409	0.000383384	-5.71572e-05	2
-31.8961	22.2403	0.000375703	-4.58462e-05	2
-32.0327	23.232	0.000365433	-3.32474e-05	2
-32.148	24.216	0.000352645	-1.93966e-05	2
-32.2422	25.1921	0.000337408	-4.32948e-06	2
-32.3156	26.1604	0.000319792	1.19182e-05	2
-32.3682	27.1208	0.000299867	2.93107e-05	2
-32.4003	28.0732	0.000277703	4.78123e-05	2
-32.4122	29.0069	0.000253661	6.71561e-05	2
-32.4041	29.9434	0.000227251	8.77568e-05	2
-32.3762	30.8718	0.000198811	0.00010936	2
-32.3286	31.7921	0.000168411	0.000131929	2
-32.2615	32.7041	0.000136119	0.000155429	2
-32.1751	33.608	0.000102007	0.000179824	2
-32.0696	34.5036	6.61435e-05	0.000205078	2
-31.9451	35.3908	2.85988e-05	0.000231156	2
-31.802	36.2697	-1.05574e-05	0.000258021	2
-31.6404	37.1402	-5.12551e-05	0.000285639	2
-31.4604	38.0022	-9.34246e-05	0.000313972	2
-31.2623	38.8556	-0.000136996	0.000342986	2
-31.0463	39.7005	-0.000181899	0.000372645	2
-30.8127	40.5368	-0.000228065	0.000402912	2
-30.5614	41.3645	-0.000275423	0.000433753	2
-30.2929	42.1834	-0.000323903	0.000465131	2
-30.0073	42.9936	-0.000373436	0.000497011	2
-29.7047	43.795	-0.000423952	0.000529357	2
-29.3854	44.5875	-0.000475381	0.000562133	2
-29.0496	45.3711	-0.000527653	0.000595303	2
-28.6974	46.1458	-0.000580698	0.000628832	2
-28.3291	46.9115	-0.000634447	0.000662684	2
-27.9449	47.6682	-0.000688829	0.000696823	2
-27.5497	48.4072	-0.000743141	0.000730817	2
-27.1344	49.1458	-0.000798575	0.000765421	2
-26.7037	49.8751	-0.000854434	0.000800206	2
-26.258	50.5953	-0.000910649	0.000835135	2
-25.7973	51.3062	-0.000967148	0.000870172	2
-25.3218	52.0077	-0.00102386	0.000905283	2
-24.8318	52.6999	-0.00108072	0.000940431	2
-24.3275	53.3826	-0.00113766	0.000975581	2
-23.809	54.0559	-0.0011946	0.0010107	2
-23.2766	54.7197	-0.00125148	0.00104574	2
-22.7304	55.374	-0.00130822	0.00108068	2
-22.1706	56.0186	-0.00136476	0.00111548	2
-21.5976	56.6535	-0.00142103	0.0011501	2
-21.0113	57.2788	-0.00147695	0.00118451	2
-20.4121	57.8943	-0.00153246	0.00121867	2
-19.8002	58.5	-0.00158749	0.00125255	2
-19.1757	59.0959	-0.00164196	0.0012861	2
-18.5388	59.6819	-0.00169581	0.0013193	2
-17.8897	60.258	-0.00174897	0.00135211	2
-17.2287	60.824	-0.00180136	0.00138449	2
-16.556	61.38	-0.00185293	0.0014164	2
-15.8716	61.926	-0.00190359	0.00144782	2
-15.1759	62.4618	-0.00195328	0.0014787	2
-14.4691	62.9875	-0.00200192	0.00150902	2
-13.7595	63.497	-0.00204892	0.00153839	2
-13.031	64.0023	-0.00209528	0.00156746	2
-12.292	64.4972	-0.0021404	0.00159585	2
-11.5425	64.9818	-0.0021842	0.00162354	2
-10.7829	65.456	-0.0022266	0.00165047	2
-10.0133	65.9197	-0.00226755	0.00167662	2
-9.23386	66.3729	-0.00230696	0.00170194	2
-8.44487	66.8156	-0.00234478	0.00172642	2
-7.6465	67.2476	-0.00238092	0.00175	2
-6.83894	67.669	-0.00241533	0.00177265	2
-6.02239	68.0797	-0.00244793	0.00179434	2
-5.19705	68.4797	-0.00247864	0.00181503	2
-4.36312	68.8689	-0.00250741	0.00183468	2
-3.52079	69.2472	-0.00253416	0.00185327	2
-2.67026	69.6146	-0.00255882	0.00187075	2
-1.81174	69.9712	-0.00258132	0.00188709	2
-0.945413	70.3167	-0.0026016	0.00190224	2
-0.0714877	70.6512	-0.00261957	0.00191619	2
0.809841	70.9746	-0.00263518	0.00192888	2
1.69837	71.2869	-0.00264835	0.0019403	2
2.59391	71.588	-0.00265901	0.00195039	2
3.49626	71.8779	-0.00266709	0.00195912	2
4.40521	72.1566	-0.00267253	0.00196646	2
5.31002	72.4209	-0.00267523	0.00197231	2
6.23153	72.677	-0.00267519	0.00197678	2
7.15906	72.9217	-0.0026723	0.00197975	2
8.0924	73.155	-0.00266648	0.00198118	2

24.9987	2.01019	5.27138e-07	3.80765e-08	2
24.8733	2.88843	4.42809e-05	2.96473e-06	2
24.723	3.77976	8.53977e-05	5.23765e-06	2
24.5498	4.67383	0.0001234	6.83707e-06	2
24.3568	5.56019	0.000157952	7.77408e-06	2
24.1402	6.4593	0.000189906	8.0886e-06	2
23.9028	7.36074	0.000218894	7.78431e-06	2
23.6451	8.26435	0.000244963	6.87952e-06	2
23.3681	9.17	0.000268164	5.39252e-06	2
23.0722	10.0775	0.000288545	3.34161e-06	2
22.7582	10.9868	0.000306157	7.45102e-07	2
22.4268	11.8977	0.000321048	-2.37871e-06	2
22.0786	12.8101	0.000333268	-6.01152e-06	2
21.7144	13.7238	0.000342867	-1.0135e-05	2
21.3347	14.6386	0.000349892	-1.47309e-05	2
20.9404	15.5545	0.000354395	-1.97809e-05	2
20.5321	16.4713	0.000356424	-2.52667e-05	2
20.1104	17.3888	0.000356029	-3.117e-05	2
19.6761	18.3069	0.000353258	-3.74724e-05	2
19.2298	19.2255	0.000348162	-4.41558e-05	2
18.7722	20.1444	0.00034079	-5.12017e-05	2
18.304	21.0634	0.000331191	-5.85919e-05	2
17.8258	21.9825	0.000319415	-6.63081e-05	2
17.3384	22.9015	0.00030551	-7.43319e-05	2
16.8425	23.8203	0.000289526	-8.26451e-05	2
16.3386	24.7386	0.000271513	-9.12294e-05	2
15.8335	25.6458	0.000251761	-9.99636e-05	2
15.316	26.5629	0.000229859	-0.000109033	2
14.7927	27.4792	0.000206075	-0.000118318	2
14.2642	28.3945	0.000180458	-0.000127801	2
13.7312	29.3087	0.000153059	-0.000137464	2
13.1944	30.2217	0.000123925	-0.000147289	2
12.6545	31.1332	9.3107e-05	-0.000157257	2
12.1122	32.0432	6.06538e-05	-0.00016735	2
11.5681	32.9515	2.66148e-05	-0.000177549	2
11.0229	33.858	-8.96056e-06	-0.000187836	2
10.4773	34.7625	-4.6023e-05	-0.000198194	2
9.93202	35.6649	-8.45231e-05	-0.000208603	2
9.38771	36.565	-0.000124411	-0.000219045	2
8.84505	37.4628	-0.000165639	-0.000229503	2
8.30473	38.358	-0.000208156	-0.000239957	2
7.76742	39.2504	-0.000251913	-0.00025039	2
7.23381	40.1401	-0.000296861	-0.000260783	2
6.70457	41.0268	-0.000342951	-0.000271117	2
6.1804	41.9104	-0.000390132	-0.000281376	2
5.66197	42.7907	-0.000438357	-0.000291539	2
5.14997	43.6676	-0.000487575	-0.00030159	2
4.64507	44.5409	-0.000537737	-0.000311509	2
4.14796	45.4106	-0.000588794	-0.000321278	2
3.66488	46.2665	-0.000640095	-0.00033077	2
3.18528	47.1284	-0.000692784	-0.000340188	2
2.71551	47.9861	-0.00074622	-0.000349401	2
2.25624	48.8397	-0.000800355	-0.000358391	2
1.80816	49.6888	-0.000855137	-0.000367141	2
1.37196	50.5333	-0.000910519	-0.000375631	2
0.948302	51.3732	-0.000966451	-0.000383843	2
0.537881	52.2082	-0.00102288	-0.00039176	2
0.141375	53.0383	-0.00107977	-0.000399363	2
-0.240533	53.8632	-0.00113705	-0.000406633	2
-0.607162	54.6829	-0.00119469	-0.000413552	2
-0.95783	55.4971	-0.00125263	-0.000420102	2
-1.29186	56.3058	-0.00131082	-0.000426265	2
-1.60856	57.1088	-0.00136922	-0.000432022	2
-1.90725	57.906	-0.00142777	-0.000437355	2
-2.18726	58.6972	-0.00148643	-0.000442246	2
-2.4479	59.4823	-0.00154514	-0.000446677	2
-2.68848	60.2611	-0.00160386	-0.000450628	2
-2.90833	61.0334	-0.00166254	-0.000454082	2
-3.10677	61.7993	-0.00172113	-0.000457021	2
-3.28311	62.5584	-0.00177957	-0.000459426	2
-3.43668	63.3107	-0.00183783	-0.000461279	2
-3.56678	64.056	-0.00189584	-0.000462561	2
-3.67274	64.7942	-0.00195357	-0.000463255	2
-3.75309	65.5168	-0.0020103	-0.000463344	2
-3.80902	66.2404	-0.0020673	-0.000462813	2
-3.83877	66.9564	-0.00212386	-0.000461638	2
-3.84166	67.6647	-0.00217994	-0.000459802	2
-3.81701	68.3652	-0.00223549	-0.000457285	2
-3.76413	69.0577	-0.00229045	-0.000454071	2
-3.68234	69.7421	-0.00234477	-0.000450139	2
-3.57097	70.4182	-0.00239841	-0.000445473	2
-3.42933	71.0859	-0.00245132	-0.000440054	2
-3.25674	71.7451	-0.00250344	-0.000433863	2
-3.05251	72.3955	-0.00255474	-0.000426882	2
-2.81597	73.0371	-0.00260515	-0.000419093	2
-2.54644	73.6697	-0.00265463	-0.000410478	2
-2.24322	74.2932	-0.00270313	-0.000401018	2
-1.90564	74.9074	-0.00275061	-0.000390695	2
-1.53303	75.5122	-0.002797	-0.00037949	2
-1.12469	76.1075	-0.00284227	-0.000367386	2
-0.67994	76.693	-0.00288635	-0.000354364	2
-0.198107	77.2687	-0.00292922	-0.000340406	2
0.321495	77.8344	-0.0029708	-0.000325493	2
0.879548	78.3899	-0.00301106	-0.000309608	2
1.47673	78.9352	-0.00304995	-0.000292731	2
2.11373	79.4701	-0.00308741	-0.000274845	2
2.78321	79.9884	-0.00312299	-0.000256155	2
3.5014	80.5022	-0.00315748	-0.000236207	2
4.26145	81.0051	-0.00319039	-0.000215195	2
5.06402	81.4969	-0.00322168	-0.000193101	2

74.9993	2.01184	3.46531e-08	-1.69929e-07	2
74.9245	3.02194	3.16392e-06	-1.47381e-05	2
74.82	4.02827	6.61513e-06	-2.93838e-05	2
74.6874	5.01929	1.03319e-05	-4.39374e-05	2
74.529	5.98415	1.42459e-05	-5.82334e-05	2
74.342	6.94558	1.84264e-05	-7.26045e-05	2
74.1286	7.89256	2.28078e-05	-8.6884e-05	2
73.8893	8.82539	2.73683e-05	-0.000101072	2
73.6249	9.74435	3.20863e-05	-0.00011517	2
73.336	10.6497	3.694e-05	-0.000129176	2
73.0231	11.5419	4.19079e-05	-0.000143092	2
72.6869	12.421	4.69681e-05	-0.000156917	2
72.328	13.2874	5.20991e-05	-0.000170652	2
71.9471	14.1414	5.72791e-05	-0.000184298	2
71.5447	14.9833	6.24865e-05	-0.000197853	2
71.1215	15.8134	6.76996e-05	-0.000211319	2
70.6781	16.632	7.28967e-05	-0.000224696	2
70.2151	17.4393	7.80561e-05	-0.000237983	2
69.7331	18.2357	8.31562e-05	-0.000251182	2
69.2328	19.0214	8.81752e-05	-0.000264292	2
68.7148	19.7967	9.30916e-05	-0.000277313	2
68.1796	20.562	9.78835e-05	-0.000290247	2
67.628	21.3175	0.000102529	-0.000303092	2
67.0605	22.0635	0.000107007	-0.000315849	2
66.4778	22.8003	0.000111296	-0.000328519	2
65.8804	23.5282	0.000115374	-0.000341101	2
65.2762	24.2392	0.000119176	-0.000353453	2
64.6516	24.9503	0.000122769	-0.000365863	2
64.0142	25.6533	0.000126086	-0.000378185	2
63.3647	26.3485	0.000129106	-0.000390421	2
62.7037	27.0363	0.000131807	-0.000402571	2
62.0317	27.717	0.000134166	-0.000414635	2
61.3495	28.3908	0.000136163	-0.000426612	2
60.6576	29.0579	0.000137776	-0.000438504	2
59.9566	29.7188	0.000138982	-0.000450311	2
59.2473	30.3737	0.000139761	-0.000462032	2
58.5301	31.0229	0.000140091	-0.000473669	2
57.8057	31.6667	0.000139949	-0.00048522	2
57.0748	32.3054	0.000139315	-0.000496687	2
56.3379	32.9392	0.000138166	-0.00050807	2
55.5957	33.5685	0.000136482	-0.000519368	2
54.8488	34.1935	0.000134239	-0.000530583	2
54.0978	34.8146	0.000131417	-0.000541713	2
53.3433	35.432	0.000127994	-0.000552761	2
52.586	36.0461	0.000123949	-0.000563725	2
51.8265	36.657	0.000119258	-0.000574606	2
51.0653	37.2652	0.000113902	-0.000585404	2
50.3032	37.8708	0.000107858	-0.000596119	2
49.5408	38.4743	0.000101104	-0.000606752	2
48.7873	39.0689	9.37089e-05	-0.000617182	2
48.0259	39.6689	8.54797e-05	-0.000627652	2
47.2661	40.2675	7.64762e-05	-0.000638039	2
46.5083	40.865	6.66767e-05	-0.000648346	2
45.7533	41.4618	5.60595e-05	-0.000658571	2
45.0016	42.0581	4.4603e-05	-0.000668715	2
44.2539	42.6543	3.22854e-05	-0.000678777	2
43.5108	43.2505	1.9085e-05	-0.00068876	2
42.7729	43.8472	4.98031e-06	-0.000698661	2
42.0408	44.4446	-1.00505e-05	-0.000708483	2
41.3152	45.043	-2.60291e-05	-0.000718224	2
40.5967	45.6426	-4.29771e-05	-0.000727886	2
39.8858	46.2439	-6.09163e-05	-0.000737467	2
39.1833	46.847	-7.98683e-05	-0.00074697	2
38.4897	47.4522	-9.98548e-05	-0.000756393	2
37.8057	48.0599	-0.000120897	-0.000765737	2
37.1318	48.6704	-0.000143018	-0.000775003	2
36.4687	49.2839	-0.000166238	-0.00078419	2
35.8171	49.9007	-0.000190579	-0.000793298	2
35.1775	50.5211	-0.000216063	-0.000802329	2
34.5505	51.1455	-0.000242712	-0.000811281	2
33.9368	51.774	-0.000270547	-0.000820156	2
33.337	52.407	-0.00029959	-0.000828954	2
32.7517	53.0448	-0.000329863	-0.000837674	2
32.1881	53.6803	-0.000361017	-0.000846218	2
31.6335	54.3285	-0.000393799	-0.000854785	2
31.0953	54.9823	-0.000427875	-0.000863276	2
30.5741	55.6421	-0.000463268	-0.00087169	2
30.0705	56.3081	-0.000499998	-0.000880028	2
29.5852	56.9806	-0.000538088	-0.00088829	2
29.1187	57.66	-0.000577559	-0.000896476	2
28.6716	58.3465	-0.000618433	-0.000904587	2
28.2447	59.0403	-0.000660731	-0.000912622	2
27.8385	59.7419	-0.000704476	-0.000920582	2
27.4536	60.4515	-0.000749688	-0.000928468	2
27.0906	61.1693	-0.00079639	-0.000936278	2
26.7503	61.8957	-0.000844603	-0.000944014	2
26.4331	62.6309	-0.000894349	-0.000951676	2
26.1397	63.3753	-0.000945649	-0.000959264	2
25.8708	64.1291	-0.000998526	-0.000966778	2
25.6269	64.8927	-0.001053	-0.000974219	2
25.4087	65.6663	-0.0011091	-0.000981586	2
25.2168	66.4502	-0.00116683	-0.00098888	2
25.0519	67.2447	-0.00122623	-0.000996101	2
24.9144	68.0502	-0.00128731	-0.00100325	2
24.8051	68.8668	-0.0013501	-0.00101033	2
24.7246	69.6948	-0.00141462	-0.00101733	2
24.6739	70.525	-0.00148012	-0.00102418	2
24.6525	71.3768	-0.00154813	-0.00103104	2
24.6617	72.2409	-0.00161795	-0.00103783	2
24.7021	73.1177	-0.00168957	-0.00104455	2

124.998	2.01343	6.28389e-07	-3.34662e-07	2
124.793	3.15834	5.46427e-05	-2.7899e-05	2
124.563	4.2972	0.000109227	-5.3364e-05	2
124.311	5.41689	0.000163748	-7.64365e-05	2
124.04	6.50521	0.000217575	-9.69331e-05	2
123.744	7.58776	0.000271956	-0.000115372	2
123.426	8.65213	0.000326258	-0.000131542	2
123.087	9.69863	0.000380477	-0.000145485	2
122.728	10.7276	0.000434608	-0.000157242	2
122.348	11.7393	0.000488646	-0.000166856	2
121.949	12.7342	0.000542586	-0.000174368	2
121.53	13.7125	0.000596422	-0.000179818	2
121.092	14.6745	0.000650151	-0.000183249	2
120.635	15.6206	0.000703767	-0.000184703	2
120.16	16.5511	0.000757265	-0.00018422	2
119.666	17.4664	0.000810639	-0.000181842	2
119.156	18.3667	0.000863886	-0.00017761	2
118.628	19.2523	0.000917	-0.000171567	2
118.083	20.1237	0.000969976	-0.000163754	2
117.522	20.9811	0.00102281	-0.000154212	2
116.945	21.8249	0.00107549	-0.000142983	2
116.352	22.6553	0.00112803	-0.000130107	2
115.745	23.4727	0.0011804	-0.000115628	2
115.122	24.2775	0.00123261	-9.95858e-05	2
114.485	25.0699	0.00128466	-8.20223e-05	2
113.834	25.8502	0.00133653	-6.29791e-05	2
113.176	26.6101	0.00138763	-4.27412e-05	2
112.498	27.3675	0.00143914	-2.08788e-05	2
111.808	28.1139	0.00149047	2.33915e-06	2
111.104	28.8495	0.0015416	2.68713e-05	2
110.389	29.5747	0.00159254	5.26762e-05	2
109.661	30.2898	0.00164327	7.97122e-05	2
108.923	30.9952	0.0016938	0.000107938	2
108.173	31.6911	0.00174411	0.000137312	2
107.413	32.3779	0.00179421	0.000167792	2
106.643	33.056	0.00184408	0.000199338	2
105.863	33.7255	0.00189373	0.000231907	2
105.073	34.387	0.00194314	0.000265458	2
104.275	35.0406	0.00199232	0.00029995	2
103.468	35.6867	0.00204125	0.000335341	2
102.653	36.3256	0.00208994	0.000371589	2
101.83	36.9577	0.00213837	0.000408654	2
100.999	37.5833	0.00218655	0.000446493	2
100.161	38.2027	0.00223446	0.000485065	2
99.3171	38.8163	0.00228211	0.000524329	2
98.4666	39.4242	0.00232949	0.000564242	2
97.6101	40.027	0.00237658	0.000604765	2
96.7481	40.6249	0.0024234	0.000645854	2
95.8811	41.2182	0.00246993	0.000687468	2
95.0193	41.8005	0.00251564	0.000729081	2
94.1432	42.3857	0.00256158	0.000771617	2
93.2632	42.9672	0.00260722	0.000814555	2
92.3795	43.5455	0.00265256	0.000857852	2
91.4928	44.1209	0.00269758	0.000901468	2
90.6032	44.6936	0.00274228	0.000945361	2
89.7112	45.264	0.00278667	0.00098949	2
88.8173	45.8324	0.00283072	0.00103381	2
87.9217	46.3992	0.00287445	0.00107829	2
87.0249	46.9646	0.00291784	0.00112287	2
86.1272	47.5291	0.00296088	0.00116753	2
85.2291	48.0928	0.00300358	0.00121221	2
84.3309	48.6562	0.00304593	0.00125688	2
83.4331	49.2196	0.00308792	0.00130149	2
82.536	49.7832	0.00312955	0.00134601	2
81.6399	50.3475	0.00317082	0.00139039	2
80.7454	50.9127	0.00321171	0.00143459	2
79.8528	51.4792	0.00325222	0.00147857	2
78.9624	52.0472	0.00329235	0.00152228	2
78.0747	52.6172	0.0033321	0.00156569	2
77.19	53.1894	0.00337146	0.00160876	2
76.3088	53.7642	0.00341041	0.00165144	2
75.4314	54.3418	0.00344897	0.00169369	2
74.5582	54.9227	0.00348712	0.00173547	2
73.6996	55.5004	0.00352443	0.00177626	2
72.8359	56.0886	0.00356176	0.00181698	2
71.9777	56.681	0.00359866	0.00185711	2
71.1252	57.2778	0.00363514	0.0018966	2
70.2788	57.8796	0.00367119	0.00193541	2
69.439	58.4864	0.0037068	0.00197351	2
68.6062	59.0988	0.00374197	0.00201084	2
67.7807	59.717	0.0037767	0.00204737	2
66.9628	60.3412	0.00381097	0.00208306	2
66.1531	60.972	0.00384479	0.00211787	2
65.3519	61.6095	0.00387814	0.00215174	2
64.5595	62.2541	0.00391103	0.00218465	2
63.7765	62.9061	0.00394345	0.00221655	2
63.003	63.5659	0.00397539	0.0022474	2
62.2397	64.2337	0.00400686	0.00227716	2
61.4867	64.9099	0.00403783	0.00230578	2
60.7446	65.5949	0.00406832	0.00233323	2
60.0137	66.2889	0.0040983	0.00235946	2
59.2944	66.9923	0.00412779	0.00238443	2
58.5871	67.7054	0.00415677	0.00240811	2
57.8922	68.4284	0.00418524	0.00243044	2
57.21	69.1619	0.0042132	0.00245138	2
56.541	69.906	0.00424063	0.00247091	2
55.893	70.6523	0.00426724	0.00248877	2
55.2513	71.4186	0.00429362	0.00250533	2
54.624	72.1965	0.00431947	0.00252035	2
54.0113	72.9864	0.00434477	0.00253378	2

