-125.003	2.00988	6.47526e-09	-1.8132e-08	2
-125.265	2.86315	-3.91119e-07	-1.84424e-06	2
-125.537	3.73405	-2.68967e-06	-4.21631e-06	2
-125.816	4.61241	-6.85988e-06	-7.09825e-06	2
-126.098	5.48774	-1.27867e-05	-1.04306e-05	2
-126.388	6.38012	-2.05725e-05	-1.42731e-05	2
-126.684	7.27912	-3.01231e-05	-1.85719e-05	2
-126.986	8.18446	-4.14027e-05	-2.33089e-05	2
-127.291	9.09587	-5.43757e-05	-2.84663e-05	2
-127.601	10.0131	-6.90062e-05	-3.40261e-05	2
-127.915	10.9357	-8.52584e-05	-3.99703e-05	2
-128.232	11.8637	-0.000103097	-4.62811e-05	2
-128.552	12.7965	-0.000122485	-5.29404e-05	2
-128.874	13.734	-0.000143388	-5.99303e-05	2
-129.199	14.6759	-0.00016577	-6.72329e-05	2
-129.525	15.6219	-0.000189595	-7.48302e-05	2
-129.852	16.5716	-0.000214827	-8.27043e-05	2
-130.181	17.525	-0.00024143	-9.08373e-05	2
-130.51	18.4815	-0.00026937	-9.92111e-05	2
-130.839	19.4411	-0.000298609	-0.000107808	2
-131.168	20.4033	-0.000329112	-0.00011661	2
-131.496	21.3679	-0.000360844	-0.000125598	2
-131.823	22.3347	-0.000393769	-0.000134756	2
-132.148	23.3033	-0.00042785	-0.000144065	2
-132.472	24.2735	-0.000463053	-0.000153507	2
-132.793	25.2449	-0.000499341	-0.000163065	2
-133.107	26.2062	-0.000536243	-0.000172608	2
-133.423	27.1794	-0.000574583	-0.000182341	2
-133.734	28.153	-0.000613902	-0.000192136	2
-134.042	29.1267	-0.000654164	-0.000201975	2
-134.345	30.1004	-0.000695332	-0.000211839	2
-134.643	31.0736	-0.000737372	-0.000221711	2
-134.936	32.0462	-0.000780247	-0.000231573	2
-135.224	33.0178	-0.000823922	-0.000241407	2
-135.505	33.9882	-0.000868361	-0.000251195	2
-135.781	34.957	-0.000913529	-0.000260919	2
-136.049	35.924	-0.000959388	-0.00027056	2
-136.31	36.889	-0.00100591	-0.000280102	2
-136.563	37.8515	-0.00105304	-0.000289526	2
-136.808	38.8115	-0.00110077	-0.000298815	2
-137.045	39.7684	-0.00114904	-0.000307949	2
-137.273	40.7222	-0.00119782	-0.000316912	2
-137.491	41.6725	-0.00124709	-0.000325685	2
-137.7	42.619	-0.00129679	-0.000334251	2
-137.899	43.5614	-0.00134691	-0.000342591	2
-138.087	44.4996	-0.00139739	-0.000350687	2
-138.264	45.433	-0.00144821	-0.000358523	2
-138.43	46.3616	-0.00149932	-0.000366078	2
-138.585	47.285	-0.00155071	-0.000373337	2
-138.725	48.1925	-0.00160172	-0.000380202	2
-138.855	49.1047	-0.00165352	-0.000386816	2
-138.971	50.011	-0.00170547	-0.000393079	2
-139.075	50.9109	-0.00175755	-0.000398973	2
-139.164	51.8043	-0.00180971	-0.000404481	2
-139.239	52.6908	-0.00186192	-0.000409583	2
-139.3	53.5701	-0.00191414	-0.000414263	2
-139.346	54.442	-0.00196634	-0.000418502	2
-139.376	55.3063	-0.00201849	-0.000422282	2
-139.39	56.1625	-0.00207053	-0.000425586	2
-139.389	57.0104	-0.00212245	-0.000428395	2
-139.37	57.8498	-0.00217421	-0.000430692	2
-139.335	58.6804	-0.00222576	-0.000432459	2
-139.282	59.5018	-0.00227708	-0.000433677	2
-139.211	60.3139	-0.00232812	-0.000434329	2
-139.122	61.1163	-0.00237886	-0.000434396	2
-139.014	61.9087	-0.00242925	-0.000433861	2
-138.887	62.6908	-0.00247926	-0.000432707	2
-138.741	63.4625	-0.00252886	-0.000430914	2
-138.574	64.2234	-0.002578	-0.000428465	2
-138.388	64.9731	-0.00262666	-0.000425342	2
-138.181	65.7115	-0.0026748	-0.000421527	2
-137.952	66.4383	-0.00272237	-0.000417002	2
-137.702	67.1531	-0.00276935	-0.000411749	2
-137.433	67.8477	-0.00281518	-0.000405824	2
-137.139	68.538	-0.00286087	-0.000399071	2
-136.822	69.2155	-0.00290586	-0.000391536	2
-136.482	69.88	-0.00295012	-0.000383202	2
-136.119	70.5311	-0.0029936	-0.000374051	2
-135.731	71.1687	-0.00303628	-0.000364064	2
-135.319	71.7923	-0.00307811	-0.000353224	2
-134.882	72.4017	-0.00311906	-0.000341513	2
-134.42	72.9968	-0.00315909	-0.000328912	2
-133.933	73.577	-0.00319817	-0.000315405	2
-133.419	74.1423	-0.00323627	-0.000300972	2
-132.879	74.6922	-0.00327334	-0.000285597	2
-132.312	75.2266	-0.00330936	-0.00026926	2
-131.718	75.7451	-0.00334428	-0.000251945	2
-131.096	76.2475	-0.00337806	-0.000233633	2
-130.446	76.7335	-0.00341069	-0.000214306	2
-129.768	77.2027	-0.00344211	-0.000193946	2
-129.061	77.655	-0.00347229	-0.000172536	2
-128.324	78.09	-0.0035012	-0.000150057	2
-127.558	78.5074	-0.0035288	-0.000126492	2
-126.761	78.907	-0.00355506	-0.000101822	2
-125.934	79.2885	-0.00357993	-7.60292e-05	2
-125.076	79.6517	-0.00360339	-4.90964e-05	2
-124.198	79.9923	-0.00362515	-2.13347e-05	2
-123.277	80.318	-0.00364569	7.91911e-06	2
-122.324	80.6245	-0.0036647	3.8367e-05	2
-121.339	80.9114	-0.00368216	7.00269e-05	2

-75.0001	2.01167	-2.79634e-07	2.26746e-07	2
-75.0242	3.01006	-2.37842e-05	1.88747e-05	2
-75.0814	4.00928	-4.64869e-05	3.60513e-05	2
-75.1708	4.9978	-6.81371e-05	5.15697e-05	2
-75.2902	5.96462	-8.85321e-05	6.53187e-05	2
-75.4414	6.93238	-0.000108175	7.76575e-05	2
-75.6225	7.88994	-0.000126851	8.84567e-05	2
-75.8328	8.83747	-0.00014459	9.7756e-05	2
-76.0713	9.77512	-0.00016142	0.000105595	2
-76.3375	10.7031	-0.00017737	0.000112014	2
-76.6303	11.6215	-0.000192469	0.000117052	2
-76.9492	12.5305	-0.000206745	0.000120748	2
-77.2932	13.4303	-0.000220228	0.000123144	2
-77.6616	14.3211	-0.000232947	0.000124278	2
-78.0536	15.2029	-0.000244929	0.00012419	2
-78.4685	16.0761	-0.000256205	0.000122919	2
-78.9055	16.9406	-0.000266802	0.000120507	2
-79.3636	17.7968	-0.000276751	0.000116991	2
-79.8423	18.6447	-0.000286078	0.000112413	2
-80.3407	19.4846	-0.000294814	0.000106811	2
-80.858	20.3166	-0.000302988	0.000100226	2
-81.3934	21.1408	-0.000310627	9.26962e-05	2
-81.9461	21.9574	-0.000317761	8.42627e-05	2
-82.5154	22.7666	-0.000324419	7.49648e-05	2
-83.1005	23.5686	-0.000330629	6.4842e-05	2
-83.7005	24.3635	-0.00033642	5.39343e-05	2
-84.3076	25.1424	-0.000341762	4.24192e-05	2
-84.9351	25.9237	-0.000346807	3.00684e-05	2
-85.5753	26.6983	-0.000351519	1.70513e-05	2
-86.2273	27.4665	-0.000355927	3.40748e-06	2
-86.8904	28.2285	-0.000360061	-1.08232e-05	2
-87.5638	28.9843	-0.000363948	-2.56011e-05	2
-88.2467	29.7342	-0.000367618	-4.08865e-05	2
-88.9383	30.4783	-0.0003711	-5.66397e-05	2
-89.6378	31.2168	-0.000374422	-7.28209e-05	2
-90.3445	31.9498	-0.000377614	-8.93905e-05	2
-91.0575	32.6776	-0.000380704	-0.000106309	2
-91.7761	33.4002	-0.00038372	-0.000123536	2
-92.4996	34.1178	-0.000386693	-0.000141032	2
-93.227	34.8307	-0.00038965	-0.000158758	2
-93.9576	35.5389	-0.00039262	-0.000176674	2
-94.6907	36.2426	-0.000395633	-0.000194739	2
-95.4254	36.942	-0.000398716	-0.000212915	2
-96.1611	37.6373	-0.0004019	-0.000231162	2
-96.8968	38.3286	-0.000405212	-0.000249439	2
-97.6318	39.016	-0.000408682	-0.000267708	2
-98.3653	39.6998	-0.000412338	-0.000285928	2
-99.0965	40.3802	-0.00041621	-0.00030406	2
-99.8247	41.0571	-0.000420326	-0.000322064	2
-100.541	41.7232	-0.000424662	-0.000339697	2
-101.261	42.3941	-0.000429348	-0.000357328	2
-101.975	43.0621	-0.000434365	-0.000374713	2
-102.683	43.7274	-0.000439741	-0.000391812	2
-103.384	44.3902	-0.000445505	-0.000408584	2
-104.078	45.0507	-0.000451685	-0.000424991	2
-104.763	45.709	-0.000458311	-0.000440992	2
-105.438	46.3652	-0.000465411	-0.000456548	2
-106.104	47.0196	-0.000473014	-0.000471619	2
-106.759	47.6723	-0.00048115	-0.000486166	2
-107.402	48.3235	-0.000489846	-0.000500148	2
-108.032	48.9733	-0.000499132	-0.000513526	2
-108.649	49.6219	-0.000509036	-0.00052626	2
-109.252	50.2695	-0.000519588	-0.000538311	2
-109.841	50.9162	-0.000530816	-0.000549639	2
-110.414	51.5621	-0.000542749	-0.000560203	2
-110.97	52.2075	-0.000555415	-0.000569965	2
-111.509	52.8526	-0.000568845	-0.000578885	2
-112.031	53.4974	-0.000583065	-0.000586923	2
-112.533	54.1421	-0.000598106	-0.000594038	2
-113.016	54.787	-0.000613997	-0.000600193	2
-113.479	55.4321	-0.000630765	-0.000605346	2
-113.921	56.0776	-0.00064844	-0.000609458	2
-114.34	56.7238	-0.00066705	-0.000612489	2
-114.733	57.3632	-0.000686395	-0.000614385	2
-115.107	58.011	-0.000706951	-0.000615149	2
-115.457	58.6599	-0.00072853	-0.000614715	2
-115.781	59.3101	-0.000751159	-0.000613041	2
-116.08	59.9616	-0.000774868	-0.000610088	2
-116.352	60.6148	-0.000799684	-0.000605817	2
-116.597	61.2696	-0.000825638	-0.000600188	2
-116.814	61.9264	-0.000852758	-0.000593161	2
-117.002	62.5852	-0.000881072	-0.000584696	2
-117.16	63.2463	-0.000910611	-0.000574754	2
-117.288	63.9097	-0.000941401	-0.000563295	2
-117.384	64.5757	-0.000973473	-0.000550279	2
-117.449	65.2445	-0.00100685	-0.000535666	2
-117.48	65.9161	-0.00104158	-0.000519418	2
-117.478	66.5907	-0.00107766	-0.000501493	2
-117.441	67.2686	-0.00111515	-0.000481853	2
-117.369	67.9498	-0.00115406	-0.000460458	2
-117.262	68.6346	-0.00119442	-0.000437267	2
-117.117	69.3231	-0.00123627	-0.000412242	2
-116.935	70.0154	-0.00127963	-0.000385342	2
-116.714	70.7118	-0.00132453	-0.000356528	2
-116.455	71.4124	-0.001371	-0.00032576	2
-116.155	72.1173	-0.00141907	-0.000292998	2
-115.819	72.8185	-0.00146818	-0.000258615	2
-115.438	73.5326	-0.00151951	-0.000221771	2
-115.014	74.2515	-0.00157253	-0.000182815	2
-114.548	74.9754	-0.00162726	-0.000141707	2

-25.004	2.01295	-2.73003e-07	4.00281e-07	2
-25.3545	3.11492	-2.35967e-05	3.42522e-05	2
-25.7297	4.2067	-4.68871e-05	6.73588e-05	2
-26.1252	5.27571	-6.98807e-05	9.93386e-05	2
-26.5358	6.31044	-9.23278e-05	0.000129862	2
-26.9705	7.33534	-0.00011476	0.000159656	2
-27.4243	8.33862	-0.000136923	0.00018838	2
-27.8969	9.32068	-0.000158829	0.000216052	2
-28.3879	10.2819	-0.000180485	0.000242691	2
-28.8968	11.2226	-0.000201902	0.000268315	2
-29.4234	12.1433	-0.000223088	0.000292943	2
-29.9671	13.0443	-0.000244055	0.000316594	2
-30.5276	13.9259	-0.000264811	0.000339286	2
-31.1045	14.7887	-0.000285366	0.000361039	2
-31.6975	15.6329	-0.000305729	0.000381871	2
-32.3061	16.4589	-0.00032591	0.000401801	2
-32.93	17.2672	-0.000345918	0.000420847	2
-33.5687	18.0581	-0.000365764	0.000439028	2
-34.2219	18.832	-0.000385457	0.000456364	2
-34.8893	19.5892	-0.000405005	0.000472872	2
-35.5703	20.3302	-0.00042442	0.000488572	2
-36.2646	21.0554	-0.00044371	0.000503482	2
-36.9718	21.7651	-0.000462885	0.000517621	2
-37.6916	22.4597	-0.000481954	0.000531007	2
-38.4236	23.1396	-0.000500928	0.00054366	2
-39.1673	23.8052	-0.000519815	0.000555598	2
-39.9136	24.4494	-0.00053841	0.000566715	2
-40.6795	25.0877	-0.000557155	0.000577287	2
-41.456	25.7128	-0.000575841	0.000587201	2
-42.2428	26.3251	-0.00059448	0.000596474	2
-43.0394	26.925	-0.000613079	0.000605126	2
-43.8454	27.5129	-0.00063165	0.000613175	2
-44.6604	28.0891	-0.000650202	0.000620641	2
-45.4841	28.6541	-0.000668743	0.000627541	2
-46.3161	29.2082	-0.000687285	0.000633895	2
-47.156	29.7519	-0.000705835	0.000639721	2
-48.0034	30.2854	-0.000724405	0.000645038	2
-48.8579	30.8093	-0.000743003	0.000649864	2
-49.7191	31.3238	-0.000761639	0.00065422	2
-50.5866	31.8293	-0.000780323	0.000658122	2
-51.4601	32.3263	-0.000799064	0.000661591	2
-52.3391	32.8152	-0.000817871	0.000664644	2
-53.2233	33.2962	-0.000836755	0.000667301	2
-54.1123	33.7698	-0.000855725	0.000669579	2
-55.0056	34.2364	-0.00087479	0.000671499	2
-55.903	34.6964	-0.00089396	0.000673079	2
-56.804	35.1501	-0.000913245	0.000674336	2
-57.7082	35.5979	-0.000932654	0.000675291	2
-58.6152	36.0402	-0.000952197	0.000675962	2
-59.5143	36.4724	-0.000971656	0.000676364	2
-60.4258	36.905	-0.000991493	0.000676525	2
-61.339	37.3332	-0.00101149	0.000676458	2
-62.2535	37.7574	-0.00103166	0.000676182	2
-63.1689	38.1781	-0.00105202	0.000675715	2
-64.0848	38.5956	-0.00107256	0.000675076	2
-65.0009	39.0103	-0.00109331	0.000674284	2
-65.9167	39.4225	-0.00111426	0.000673358	2
-66.8318	39.8327	-0.00113544	0.000672315	2
-67.7459	40.2413	-0.00115684	0.000671176	2
-68.6585	40.6486	-0.00117848	0.000669958	2
-69.5694	41.055	-0.00120037	0.000668681	2
-70.478	41.4609	-0.00122252	0.000667363	2
-71.3841	41.8667	-0.00124494	0.000666023	2
-72.2872	42.2727	-0.00126763	0.00066468	2
-73.1869	42.6794	-0.00129062	0.000663352	2
-74.0828	43.0872	-0.00131389	0.000662058	2
-74.9746	43.4963	-0.00133748	0.000660817	2
-75.8619	43.9073	-0.00136137	0.000659647	2
-76.7442	44.3204	-0.0013856	0.000658568	2
-77.6213	44.7361	-0.00141016	0.000657598	2
-78.4926	45.1548	-0.00143506	0.000656756	2
-79.3579	45.5768	-0.00146032	0.000656061	2
-80.2167	46.0025	-0.00148594	0.00065553	2
-81.0588	46.4273	-0.00151163	0.000655187	2
-81.9036	46.8616	-0.001538	0.000655041	2
-82.7407	47.3007	-0.00156476	0.000655116	2
-83.5698	47.7451	-0.00159193	0.000655431	2
-84.3905	48.1951	-0.0016195	0.000656005	2
-85.2024	48.6511	-0.0016475	0.000656857	2
-86.0051	49.1136	-0.00167592	0.000658005	2
-86.7982	49.5828	-0.00170479	0.000659467	2
-87.5814	50.0592	-0.00173411	0.000661264	2
-88.3542	50.5432	-0.00176388	0.000663412	2
-89.1163	51.0351	-0.00179412	0.000665932	2
-89.8673	51.5353	-0.00182485	0.000668842	2
-90.6067	52.0442	-0.00185605	0.00067216	2
-91.3342	52.5622	-0.00188776	0.000675906	2
-92.0495	53.0897	-0.00191997	0.000680098	2
-92.7521	53.6271	-0.0019527	0.000684755	2
-93.4416	54.1747	-0.00198596	0.000689895	2
-94.1176	54.7329	-0.00201975	0.000695538	2
-94.7798	55.3022	-0.00205409	0.000701701	2
-95.4278	55.8828	-0.00208898	0.000708405	2
-96.0611	56.4753	-0.00212443	0.000715667	2
-96.6794	57.0798	-0.00216046	0.000723506	2
-97.2824	57.697	-0.00219707	0.000731941	2
-97.8629	58.3197	-0.00223385	0.000740883	2
-98.434	58.963	-0.00227165	0.000750559	2
-98.9886	59.6199	-0.00231006	0.000760887	2
-99.5263	60.2909	-0.00234909	0.000771885	2

24.9962	2.01113	-6.27599e-07	2.82592e-07	2
24.6711	2.96826	-5.28371e-05	2.4484e-05	2
24.351	3.93651	-0.000102136	4.87651e-05	2
24.0396	4.90475	-0.000147943	7.2847e-05	2
23.7403	5.86184	-0.000189837	9.64597e-05	2
23.4461	6.83004	-0.00022884	0.000120156	2
23.1603	7.7982	-0.000264489	0.000143664	2
22.8828	8.76632	-0.000296833	0.000166988	2
22.6137	9.73439	-0.000325917	0.00019013	2
22.3528	10.7024	-0.000351789	0.000213095	2
22.1	11.6704	-0.000374494	0.000235887	2
21.8552	12.6382	-0.000394079	0.000258508	2
21.6183	13.606	-0.000410592	0.000280963	2
21.3893	14.5737	-0.000424077	0.000303255	2
21.168	15.5413	-0.000434583	0.000325388	2
20.9543	16.5088	-0.000442155	0.000347366	2
20.7483	17.4762	-0.000446841	0.000369192	2
20.5497	18.4435	-0.000448686	0.00039087	2
20.3585	19.4106	-0.000447737	0.000412403	2
20.1746	20.3776	-0.000444041	0.000433796	2
19.998	21.3444	-0.000437644	0.000455051	2
19.8284	22.3111	-0.000428594	0.000476173	2
19.6659	23.2777	-0.000416935	0.000497165	2
19.5103	24.244	-0.000402716	0.000518031	2
19.3616	25.2102	-0.000385983	0.000538774	2
19.2196	26.1762	-0.000366782	0.000559399	2
19.0858	27.1309	-0.000345421	0.000579673	2
18.957	28.0965	-0.000321451	0.000600072	2
18.8348	29.0619	-0.000295153	0.000620363	2
18.7189	30.0271	-0.000266572	0.00064055	2
18.6093	30.9921	-0.000235755	0.000660636	2
18.5059	31.9568	-0.00020275	0.000680625	2
18.4087	32.9213	-0.000167603	0.000700521	2
18.3175	33.8856	-0.000130359	0.000720328	2
18.2323	34.8496	-9.10665e-05	0.000740048	2
18.1529	35.8133	-4.97711e-05	0.000759686	2
18.0794	36.7767	-6.51962e-06	0.000779245	2
18.0115	37.7399	3.86414e-05	0.000798729	2
17.9492	38.7028	8.56654e-05	0.000818142	2
17.8924	39.6654	0.000134506	0.000837487	2
17.841	40.6277	0.000185116	0.000856768	2
17.7949	41.5896	0.00023745	0.000875989	2
17.7541	42.5513	0.00029146	0.000895153	2
17.7184	43.5126	0.0003471	0.000914264	2
17.6878	44.4736	0.000404325	0.000933325	2
17.6622	45.4343	0.000463086	0.000952341	2
17.6414	46.3946	0.000523337	0.000971314	2
17.6254	47.3545	0.000585033	0.000990249	2
17.6141	48.3141	0.000648125	0.00100915	2
17.6075	49.2623	0.000711821	0.0010278	2
17.6053	50.2211	0.000777554	0.00104664	2
17.6075	51.1795	0.000844545	0.00106546	2
17.614	52.1376	0.000912748	0.00108426	2
17.6248	53.0952	0.000982115	0.00110304	2
17.6398	54.0524	0.0010526	0.00112181	2
17.6588	55.0092	0.00112416	0.00114057	2
17.6818	55.9656	0.00119674	0.00115932	2
17.7087	56.9215	0.00127031	0.00117807	2
17.7394	57.877	0.0013448	0.00119683	2
17.7738	58.832	0.00142018	0.00121558	2
17.8119	59.7866	0.0014964	0.00123435	2
17.8534	60.7407	0.00157341	0.00125313	2
17.8984	61.6943	0.00165117	0.00127193	2
17.9468	62.6474	0.00172963	0.00129074	2
17.9984	63.6001	0.00180874	0.00130959	2
18.0532	64.5522	0.00188845	0.00132845	2
18.1111	65.5038	0.00196873	0.00134735	2
18.1719	66.4549	0.00204952	0.00136628	2
18.2357	67.4055	0.00213077	0.00138526	2
18.3023	68.3556	0.00221245	0.00140427	2
18.3716	69.3051	0.0022945	0.00142333	2
18.4435	70.2541	0.00237687	0.00144244	2
18.518	71.2025	0.00245953	0.0014616	2
18.594	72.1394	0.00254146	0.00148059	2
18.6733	73.0867	0.00262454	0.00149987	2
18.7548	74.0334	0.00270776	0.00151921	2
18.8386	74.9795	0.00279107	0.00153862	2
18.9244	75.9251	0.00287443	0.0015581	2
19.0122	76.87	0.00295779	0.00157765	2
19.102	77.8143	0.0030411	0.00159729	2
19.1935	78.758	0.00312432	0.001617	2
19.2868	79.701	0.00320741	0.0016368	2
19.3818	80.6434	0.00329031	0.00165669	2
19.4783	81.5852	0.00337298	0.00167667	2
19.5763	82.5263	0.00345537	0.00169675	2
19.6756	83.4668	0.00353744	0.00171693	2
19.7763	84.4066	0.00361913	0.00173722	2
19.8781	85.3457	0.00370041	0.00175761	2
19.9811	86.2842	0.00378122	0.00177811	2
20.085	87.2219	0.00386152	0.00179873	2
20.1899	88.159	0.00394127	0.00181947	2
20.2956	89.0953	0.00402041	0.00184033	2
20.4021	90.031	0.0040989	0.00186131	2
20.5092	90.9659	0.0041767	0.00188243	2
20.617	91.9001	0.00425375	0.00190368	2
20.7251	92.8335	0.00433001	0.00192506	2
20.8325	93.7555	0.00440457	0.00194634	2
20.9413	94.6874	0.00447912	0.00196801	2
21.0504	95.6186	0.00455274	0.00198983	2
21.1596	96.549	0.00462538	0.00201179	2

74.9996	2.01309	-5.10684e-07	1.86289e-07	2
74.9837	3.12713	-4.34189e-05	1.55074e-05	2
74.9975	4.23082	-8.48144e-05	2.96168e-05	2
75.0408	5.31137	-0.000124219	4.23545e-05	2
75.1123	6.35703	-0.000161245	5.36238e-05	2
75.2132	7.39239	-0.000196786	6.3713e-05	2
75.3424	8.40546	-0.000230432	7.25099e-05	2
75.4994	9.3965	-0.000262215	8.0041e-05	2
75.6839	10.3658	-0.000292169	8.63328e-05	2
75.8953	11.3137	-0.000320324	9.14118e-05	2
76.1334	12.2404	-0.000346714	9.53046e-05	2
76.3975	13.1462	-0.00037137	9.80377e-05	2
76.6874	14.0314	-0.000394325	9.96377e-05	2
77.0025	14.8963	-0.000415611	0.000100131	2
77.3424	15.7412	-0.00043526	9.9544e-05	2
77.7068	16.5663	-0.000453305	9.79035e-05	2
78.0951	17.372	-0.000469777	9.52358e-05	2
78.5069	18.1584	-0.00048471	9.15676e-05	2
78.9418	18.926	-0.000498135	8.69253e-05	2
79.3994	19.675	-0.000510084	8.13355e-05	2
79.8792	20.4056	-0.000520591	7.48247e-05	2
80.3808	21.1182	-0.000529686	6.74193e-05	2
80.9038	21.813	-0.000537403	5.9146e-05	2
81.4477	22.4903	-0.000543773	5.00312e-05	2
82.0121	23.1505	-0.000548829	4.01014e-05	2
82.5966	23.7937	-0.000552603	2.93833e-05	2
83.1936	24.4132	-0.000555105	1.80394e-05	2
83.8166	25.0236	-0.000556426	5.83225e-06	2
84.4584	25.618	-0.000556562	-7.08405e-06	2
85.1186	26.1966	-0.000555544	-2.0683e-05	2
85.7966	26.7596	-0.000553405	-3.4938e-05	2
86.4922	27.3075	-0.000550177	-4.98227e-05	2
87.2047	27.8404	-0.000545892	-6.53104e-05	2
87.9338	28.3587	-0.000540584	-8.13747e-05	2
88.6792	28.8627	-0.000534283	-9.79891e-05	2
89.4402	29.3525	-0.000527023	-0.000115127	2
90.2165	29.8285	-0.000518835	-0.000132762	2
91.0077	30.2911	-0.000509752	-0.000150867	2
91.8134	30.7404	-0.000499806	-0.000169416	2
92.633	31.1767	-0.000489029	-0.000188383	2
93.4662	31.6004	-0.000477454	-0.000207741	2
94.3125	32.0117	-0.000465112	-0.000227463	2
95.1715	32.4109	-0.000452037	-0.000247523	2
96.0428	32.7983	-0.000438259	-0.000267894	2
96.9259	33.1741	-0.000423813	-0.00028855	2
97.8204	33.5387	-0.000408729	-0.000309464	2
98.7259	33.8924	-0.00039304	-0.00033061	2
99.6419	34.2353	-0.000376778	-0.000351962	2
100.568	34.5679	-0.000359976	-0.000373492	2
101.493	34.8867	-0.000342867	-0.000394925	2
102.438	35.1995	-0.000325086	-0.000416731	2
103.392	35.5026	-0.000306861	-0.000438638	2
104.354	35.7966	-0.000288225	-0.000460617	2
105.324	36.0815	-0.000269208	-0.000482643	2
106.301	36.3577	-0.000249844	-0.000504688	2
107.286	36.6256	-0.000230166	-0.000526727	2
108.277	36.8853	-0.000210204	-0.000548733	2
109.274	37.1371	-0.000189992	-0.00057068	2
110.277	37.3814	-0.000169561	-0.00059254	2
111.286	37.6184	-0.000148945	-0.000614287	2
112.299	37.8484	-0.000128175	-0.000635895	2
113.317	38.0716	-0.000107283	-0.000657338	2
114.339	38.2885	-8.6302e-05	-0.000678588	2
115.365	38.4992	-6.52639e-05	-0.00069962	2
116.393	38.704	-4.4201e-05	-0.000720406	2
117.425	38.9033	-2.31457e-05	-0.000740921	2
118.458	39.0973	-2.13006e-06	-0.000761137	2
119.494	39.2862	1.88136e-05	-0.000781028	2
120.531	39.4704	3.9653e-05	-0.000800568	2
121.569	39.6502	6.03558e-05	-0.00081973	2
122.608	39.8258	8.089e-05	-0.000838488	2
123.646	39.9975	0.000101223	-0.000856814	2
124.685	40.1657	0.000121323	-0.000874684	2
125.71	40.3286	0.000140931	-0.000891872	2
126.747	40.4904	0.000160471	-0.000908753	2
127.782	40.6495	0.000179682	-0.000925097	2
128.815	40.8061	0.00019853	-0.000940878	2
129.845	40.9605	0.000216985	-0.000956069	2
130.873	41.113	0.000235013	-0.000970644	2
131.897	41.2639	0.000252582	-0.000984576	2
132.917	41.4135	0.000269661	-0.000997839	2
133.934	41.5621	0.000286216	-0.00101041	2
134.945	41.7098	0.000302216	-0.00102225	2
135.952	41.8571	0.000317628	-0.00103335	2
136.953	42.0042	0.00033242	-0.00104367	2
137.948	42.1514	0.00034656	-0.00105319	2
138.937	42.2989	0.000360016	-0.00106188	2
139.919	42.4471	0.000372755	-0.00106971	2
140.893	42.5962	0.000384745	-0.00107666	2
141.86	42.7466	0.000395954	-0.00108271	2
142.819	42.8984	0.000406349	-0.00108782	2
143.77	43.0521	0.000415899	-0.00109197	2
144.711	43.2078	0.00042457	-0.00109513	2
145.643	43.3658	0.000432332	-0.00109728	2
146.566	43.5265	0.000439151	-0.00109839	2
147.478	43.6902	0.000444995	-0.00109843	2
148.369	43.855	0.000449782	-0.0010974	2
149.259	44.0253	0.000453592	-0.00109523	2
150.138	44.1993	0.000456331	-0.00109193	2
151.004	44.3774	0.000457967	-0.00108745	2

124.993	2.01245	-4.78107e-07	2.62305e-07	2
124.384	3.07811	-4.11667e-05	2.24772e-05	2
123.803	4.14666	-8.14711e-05	4.42653e-05	2
123.257	5.20565	-0.000120921	6.53729e-05	2
122.75	6.24309	-0.000159083	8.55772e-05	2
122.271	7.28313	-0.000196854	0.000105357	2
121.826	8.31365	-0.000233792	0.000124481	2
121.414	9.33468	-0.000269905	0.000142958	2
121.034	10.3462	-0.000305199	0.000160797	2
120.687	11.3483	-0.000339682	0.000178006	2
120.372	12.3409	-0.000373361	0.000194594	2
120.088	13.3241	-0.000406244	0.000210568	2
119.835	14.2978	-0.000438337	0.000225939	2
119.612	15.2622	-0.00046965	0.000240713	2
119.42	16.2171	-0.000500187	0.0002549	2
119.258	17.1626	-0.000529958	0.000268507	2
119.125	18.0988	-0.000558969	0.000281544	2
119.021	19.0256	-0.000587228	0.000294019	2
118.946	19.9431	-0.000614742	0.00030594	2
118.899	20.8512	-0.000641518	0.000317316	2
118.88	21.7501	-0.000667564	0.000328155	2
118.888	22.6396	-0.000692887	0.000338466	2
118.923	23.5198	-0.000717495	0.000348257	2
118.985	24.3908	-0.000741394	0.000357537	2
119.073	25.2525	-0.000764592	0.000366314	2
119.187	26.1049	-0.000787097	0.000374596	2
119.325	26.9385	-0.000808668	0.000382305	2
119.489	27.7726	-0.000829815	0.00038963	2
119.678	28.5975	-0.000850291	0.000396485	2
119.891	29.4132	-0.000870102	0.000402879	2
120.128	30.2197	-0.000889256	0.000408822	2
120.388	31.0171	-0.000907761	0.00041432	2
120.671	31.8053	-0.000925623	0.000419384	2
120.977	32.5844	-0.000942851	0.00042402	2
121.305	33.3543	-0.00095945	0.000428238	2
121.654	34.1152	-0.00097543	0.000432047	2
122.026	34.8669	-0.000990796	0.000435454	2
122.418	35.6096	-0.00100556	0.000438467	2
122.831	36.3432	-0.00101972	0.000441097	2
123.264	37.0678	-0.00103329	0.00044335	2
123.717	37.7833	-0.00104628	0.000445236	2
124.189	38.4898	-0.00105869	0.000446763	2
124.68	39.1873	-0.00107053	0.000447939	2
125.19	39.8758	-0.00108182	0.000448773	2
125.718	40.5553	-0.00109254	0.000449274	2
126.264	41.2258	-0.00110272	0.000449449	2
126.827	41.8874	-0.00111236	0.000449307	2
127.407	42.54	-0.00112147	0.000448857	2
128.004	43.1838	-0.00113006	0.000448107	2
128.61	43.8113	-0.00113803	0.00044708	2
129.238	44.4373	-0.0011456	0.000445759	2
129.882	45.0544	-0.00115265	0.000444164	2
130.541	45.6627	-0.00115922	0.000442302	2
131.215	46.2621	-0.00116529	0.000440184	2
131.903	46.8526	-0.00117089	0.000437815	2
132.604	47.4344	-0.00117601	0.000435207	2
133.319	48.0073	-0.00118066	0.000432366	2
134.047	48.5714	-0.00118486	0.000429301	2
134.787	49.1267	-0.0011886	0.000426021	2
135.54	49.6732	-0.0011919	0.000422534	2
136.304	50.211	-0.00119476	0.000418849	2
137.08	50.7401	-0.0011972	0.000414974	2
137.867	51.2604	-0.00119921	0.000410918	2
138.664	51.772	-0.0012008	0.000406688	2
139.472	52.2748	-0.00120199	0.000402295	2
140.289	52.769	-0.00120278	0.000397745	2
141.116	53.2546	-0.00120318	0.000393047	2
141.952	53.7314	-0.00120319	0.000388211	2
142.796	54.1996	-0.00120282	0.000383244	2
143.648	54.6592	-0.00120208	0.000378155	2
144.508	55.1102	-0.00120098	0.000372952	2
145.376	55.5525	-0.00119952	0.000367643	2
146.25	55.9863	-0.00119771	0.000362239	2
147.121	56.4066	-0.00119559	0.000356809	2
148.008	56.8233	-0.00119311	0.000351237	2
148.901	57.2315	-0.00119031	0.000345593	2
149.799	57.6311	-0.00118718	0.000339887	2
150.702	58.0222	-0.00118375	0.000334126	2
151.61	58.4048	-0.00118	0.000328318	2
152.522	58.7789	-0.00117596	0.000322474	2
153.438	59.1445	-0.00117163	0.0003166	2
154.357	59.5017	-0.00116702	0.000310705	2
155.279	59.8504	-0.00116213	0.000304799	2
156.203	60.1907	-0.00115698	0.000298888	2
157.13	60.5225	-0.00115156	0.000292982	2
158.058	60.8459	-0.00114589	0.00028709	2
158.988	61.1609	-0.00113997	0.000281219	2
159.919	61.4676	-0.00113382	0.000275378	2
160.85	61.7659	-0.00112743	0.000269576	2
161.781	62.0558	-0.00112082	0.000263821	2
162.713	62.3374	-0.00111399	0.000258121	2
163.643	62.6106	-0.00110696	0.000252486	2
164.572	62.8755	-0.00109972	0.000246923	2
165.5	63.1322	-0.00109228	0.00024144	2
166.426	63.3805	-0.00108466	0.000236048	2
167.35	63.6206	-0.00107686	0.000230753	2
168.261	63.8498	-0.00106898	0.000225623	2
169.179	64.0735	-0.00106084	0.000220548	2
170.094	64.2889	-0.00105255	0.000215596	2
171.004	64.4962	-0.0010441	0.000210775	2

