-125.004	2.01381	3.14739e-07	1.08939e-07	2
-125.351	3.18912	2.70722e-05	9.73541e-06	2
-125.722	4.35387	5.35194e-05	1.99871e-05	2
-126.115	5.49466	7.93457e-05	3.07471e-05	2
-126.524	6.59919	0.000104269	4.18753e-05	2
-126.957	7.69355	0.000128872	5.36227e-05	2
-127.411	8.76516	0.000152866	6.58549e-05	2
-127.883	9.81444	0.000176254	7.85639e-05	2
-128.375	10.8418	0.000199042	9.17419e-05	2
-128.885	11.8476	0.000221232	0.000105381	2
-129.414	12.8323	0.000242828	0.000119473	2
-129.961	13.7962	0.000263835	0.000134011	2
-130.525	14.7399	0.000284256	0.000148985	2
-131.106	15.6637	0.000304096	0.00016439	2
-131.704	16.5679	0.000323358	0.000180216	2
-132.319	17.4531	0.000342046	0.000196455	2
-132.949	18.3195	0.000360164	0.0002131	2
-133.596	19.1677	0.000377716	0.000230144	2
-134.257	19.998	0.000394706	0.000247577	2
-134.933	20.8109	0.000411138	0.000265392	2
-135.624	21.6066	0.000427016	0.000283582	2
-136.329	22.3857	0.000442343	0.000302137	2
-137.047	23.1486	0.000457125	0.000321052	2
-137.779	23.8956	0.000471364	0.000340316	2
-138.524	24.6272	0.000485064	0.000359924	2
-139.281	25.3437	0.00049823	0.000379866	2
-140.042	26.0376	0.000510724	0.0003999	2
-140.823	26.7254	0.000522839	0.000420484	2
-141.615	27.3995	0.000534431	0.000441379	2
-142.419	28.06	0.000545504	0.000462577	2
-143.233	28.7076	0.000556063	0.000484071	2
-144.058	29.3426	0.00056611	0.000505852	2
-144.892	29.9653	0.000575651	0.000527913	2
-145.736	30.5763	0.000584688	0.000550245	2
-146.589	31.1759	0.000593226	0.000572841	2
-147.451	31.7645	0.00060127	0.000595693	2
-148.321	32.3425	0.000608821	0.000618792	2
-149.199	32.9103	0.000615886	0.000642132	2
-150.085	33.4684	0.000622467	0.000665704	2
-150.977	34.0171	0.000628569	0.0006895	2
-151.877	34.5569	0.000634195	0.000713513	2
-152.783	35.0881	0.000639349	0.000737734	2
-153.695	35.6111	0.000644036	0.000762155	2
-154.613	36.1265	0.000648259	0.000786769	2
-155.536	36.6345	0.000652022	0.000811568	2
-156.465	37.1355	0.000655329	0.000836544	2
-157.397	37.6301	0.000658185	0.000861688	2
-158.334	38.1185	0.000660592	0.000886994	2
-159.274	38.6012	0.000662555	0.000912453	2
-160.207	39.0731	0.000664063	0.000937762	2
-161.154	39.5457	0.000665155	0.000963502	2
-162.104	40.0138	0.000665815	0.000989371	2
-163.055	40.4777	0.000666046	0.00101536	2
-164.009	40.938	0.000665853	0.00104147	2
-164.964	41.395	0.000665239	0.00106768	2
-165.92	41.8491	0.000664208	0.00109399	2
-166.877	42.3008	0.000662765	0.00112039	2
-167.834	42.7504	0.000660913	0.00114687	2
-168.791	43.1983	0.000658657	0.00117342	2
-169.747	43.645	0.000655999	0.00120004	2
-170.703	44.0908	0.000652945	0.00122672	2
-171.658	44.5362	0.000649497	0.00125345	2
-172.611	44.9816	0.000645661	0.00128023	2
-173.562	45.4273	0.000641439	0.00130704	2
-174.51	45.8738	0.000636836	0.00133387	2
-175.456	46.3215	0.000631856	0.00136073	2
-176.399	46.7708	0.000626503	0.00138759	2
-177.338	47.2221	0.00062078	0.00141446	2
-178.274	47.6757	0.000614691	0.00144132	2
-179.205	48.1322	0.000608242	0.00146817	2
-180.131	48.5919	0.000601434	0.00149501	2
-181.053	49.0552	0.000594273	0.00152181	2
-181.969	49.5225	0.000586762	0.00154857	2
-182.868	49.9888	0.000578997	0.00157499	2
-183.773	50.4653	0.000570803	0.00160166	2
-184.67	50.9471	0.00056227	0.00162827	2
-185.561	51.4345	0.000553403	0.00165481	2
-186.444	51.9279	0.000544206	0.00168128	2
-187.319	52.4278	0.000534683	0.00170766	2
-188.187	52.9346	0.000524838	0.00173395	2
-189.046	53.4486	0.000514674	0.00176015	2
-189.896	53.9703	0.000504196	0.00178623	2
-190.737	54.5	0.000493408	0.0018122	2
-191.568	55.0383	0.000482313	0.00183805	2
-192.389	55.5854	0.000470915	0.00186377	2
-193.2	56.1418	0.000459219	0.00188934	2
-194	56.7079	0.000447228	0.00191477	2
-194.789	57.2841	0.000434946	0.00194005	2
-195.566	57.8708	0.000422377	0.00196516	2
-196.332	58.4685	0.000409526	0.00199011	2
-197.085	59.0774	0.000396395	0.00201487	2
-197.825	59.6981	0.00038299	0.00203945	2
-198.553	60.3309	0.000369313	0.00206383	2
-199.267	60.9763	0.000355369	0.00208802	2
-199.967	61.6346	0.000341162	0.00211199	2
-200.653	62.3062	0.000326695	0.00213574	2
-201.316	62.9836	0.000312144	0.002159	2
-201.973	63.683	0.000297173	0.0021823	2
-202.614	64.397	0.000281955	0.00220536	2
-203.239	65.1259	0.000266493	0.00222816	2

-75.0048	2.01212	4.69935e-08	3.02702e-07	2
-75.4121	3.05327	4.61257e-06	2.59365e-05	2
-75.8082	4.10481	1.02787e-05	5.10728e-05	2
-76.1886	5.15463	1.69881e-05	7.54181e-05	2
-76.5493	6.19072	2.46355e-05	9.87155e-05	2
-76.8989	7.23717	3.33886e-05	0.000121516	2
-77.2333	8.28196	4.31538e-05	0.000143553	2
-77.5526	9.3251	5.3921e-05	0.000164836	2
-77.8571	10.3666	6.56796e-05	0.000185375	2
-78.1469	11.4065	7.84193e-05	0.000205179	2
-78.4222	12.4447	9.21298e-05	0.000224257	2
-78.6831	13.4814	0.000106801	0.000242619	2
-78.9298	14.5166	0.000122422	0.000260273	2
-79.1626	15.5501	0.000138982	0.000277229	2
-79.3816	16.5821	0.000156472	0.000293497	2
-79.5869	17.6126	0.000174881	0.000309085	2
-79.7788	18.6416	0.000194198	0.000324004	2
-79.9574	19.6691	0.000214414	0.000338261	2
-80.1229	20.6952	0.000235517	0.000351868	2
-80.2755	21.7197	0.000257498	0.000364832	2
-80.4153	22.7429	0.000280346	0.000377164	2
-80.5426	23.7646	0.00030405	0.000388872	2
-80.6575	24.7849	0.000328601	0.000399966	2
-80.7601	25.8038	0.000353988	0.000410455	2
-80.8508	26.8213	0.0003802	0.000420349	2
-80.9295	27.8375	0.000407228	0.000429656	2
-80.9959	28.8406	0.000434736	0.00043829	2
-81.0515	29.8541	0.000463354	0.000446459	2
-81.0959	30.8663	0.000492756	0.000454071	2
-81.1291	31.8772	0.000522932	0.000461133	2
-81.1513	32.8868	0.000553872	0.000467655	2
-81.1627	33.8952	0.000585564	0.000473647	2
-81.1635	34.9023	0.000618	0.000479118	2
-81.1538	35.9082	0.000651168	0.000484077	2
-81.1338	36.9128	0.000685058	0.000488533	2
-81.1038	37.9163	0.000719659	0.000492497	2
-81.0638	38.9186	0.000754962	0.000495976	2
-81.0141	39.9197	0.000790956	0.000498981	2
-80.9548	40.9197	0.00082763	0.00050152	2
-80.8861	41.9185	0.000864975	0.000503604	2
-80.8082	42.9162	0.000902979	0.000505241	2
-80.7213	43.9128	0.000941633	0.00050644	2
-80.6255	44.9084	0.000980925	0.000507212	2
-80.521	45.9028	0.00102085	0.000507565	2
-80.408	46.8962	0.00106139	0.000507508	2
-80.2867	47.8886	0.00110253	0.000507052	2
-80.1572	48.8799	0.00114428	0.000506204	2
-80.0198	49.8703	0.00118661	0.000504975	2
-79.8745	50.8596	0.00122952	0.000503374	2
-79.7235	51.8367	0.0012725	0.000501435	2
-79.5632	52.8241	0.00131652	0.000499122	2
-79.3957	53.8106	0.00136109	0.000496464	2
-79.2211	54.7962	0.0014062	0.000493471	2
-79.0396	55.7808	0.00145183	0.000490152	2
-78.8513	56.7646	0.00149798	0.000486517	2
-78.6565	57.7475	0.00154463	0.000482575	2
-78.4552	58.7296	0.00159178	0.000478336	2
-78.2478	59.7108	0.00163941	0.000473807	2
-78.0343	60.6912	0.00168751	0.000469	2
-77.815	61.6707	0.00173607	0.000463922	2
-77.59	62.6495	0.00178509	0.000458584	2
-77.3595	63.6275	0.00183455	0.000452995	2
-77.1236	64.6047	0.00188444	0.000447164	2
-76.8826	65.5812	0.00193476	0.000441101	2
-76.6366	66.557	0.00198548	0.000434814	2
-76.3859	67.532	0.00203661	0.000428313	2
-76.1305	68.5064	0.00208812	0.000421607	2
-75.8706	69.4801	0.00214002	0.000414706	2
-75.6065	70.4531	0.00219228	0.000407619	2
-75.3383	71.4254	0.00224491	0.000400355	2
-75.0662	72.3972	0.00229788	0.000392923	2
-74.7903	73.3683	0.00235119	0.000385334	2
-74.5109	74.3388	0.00240483	0.000377596	2
-74.2314	75.2976	0.00245817	0.000369809	2
-73.9454	76.267	0.00251243	0.000361803	2
-73.6564	77.2358	0.00256699	0.000353675	2
-73.3645	78.2041	0.00262184	0.000345436	2
-73.07	79.1718	0.00267696	0.000337094	2
-72.7729	80.1391	0.00273235	0.000328659	2
-72.4735	81.1059	0.00278799	0.000320141	2
-72.172	82.0722	0.00284388	0.000311548	2
-71.8685	83.0381	0.0029	0.00030289	2
-71.5632	84.0035	0.00295635	0.000294176	2
-71.2563	84.9685	0.00301291	0.000285415	2
-70.9479	85.9331	0.00306968	0.000276618	2
-70.6383	86.8973	0.00312664	0.000267792	2
-70.3276	87.8611	0.00318378	0.000258948	2
-70.0159	88.8246	0.0032411	0.000250094	2
-69.7036	89.7877	0.00329858	0.000241241	2
-69.3907	90.7506	0.00335621	0.000232397	2
-69.0773	91.7131	0.00341398	0.000223571	2
-68.7638	92.6753	0.00347188	0.000214774	2
-68.4503	93.6372	0.00352991	0.000206014	2
-68.1369	94.5989	0.00358804	0.0001973	2
-67.8238	95.5603	0.00364628	0.000188642	2
-67.5113	96.5216	0.0037046	0.00018005	2
-67.2029	97.4715	0.00376233	0.000171629	2
-66.8919	98.4323	0.0038208	0.000163194	2
-66.5819	99.393	0.00387934	0.000154852	2
-66.2731	100.353	0.00393791	0.000146612	2

-25.0019	2.01351	-4.40554e-07	4.88225e-08	2
-25.1505	3.163	-3.82976e-05	4.53805e-06	2
-25.2676	4.30118	-7.65308e-05	9.66001e-06	2
-25.3519	5.41487	-0.000114696	1.53601e-05	2
-25.4034	6.492	-0.000152351	2.15573e-05	2
-25.4237	7.55793	-0.000190369	2.839e-05	2
-25.4125	8.60032	-0.000228307	3.57836e-05	2
-25.3705	9.6195	-0.000266161	4.37324e-05	2
-25.2979	10.6158	-0.000303927	5.22306e-05	2
-25.1953	11.5895	-0.000341603	6.12725e-05	2
-25.0632	12.5409	-0.000379183	7.08522e-05	2
-24.902	13.4704	-0.000416663	8.09641e-05	2
-24.7123	14.3783	-0.000454041	9.16023e-05	2
-24.4944	15.2648	-0.000491312	0.000102761	2
-24.249	16.1304	-0.000528473	0.000114435	2
-23.9764	16.9753	-0.000565519	0.000126618	2
-23.6772	17.7999	-0.000602446	0.000139304	2
-23.3517	18.6044	-0.000639251	0.000152487	2
-23.0006	19.3893	-0.00067593	0.000166163	2
-22.6243	20.1547	-0.000712479	0.000180324	2
-22.2232	20.9011	-0.000748894	0.000194966	2
-21.7979	21.6287	-0.000785172	0.000210082	2
-21.3487	22.338	-0.000821308	0.000225667	2
-20.8763	23.0291	-0.000857299	0.000241715	2
-20.381	23.7024	-0.00089314	0.00025822	2
-19.8634	24.3582	-0.000928828	0.000275177	2
-19.3303	24.9896	-0.000963952	0.000292377	2
-18.7697	25.6117	-0.000999324	0.000310214	2
-18.1881	26.2172	-0.00103453	0.000328486	2
-17.5861	26.8066	-0.00106957	0.000347186	2
-16.9642	27.38	-0.00110444	0.000366308	2
-16.3228	27.9379	-0.00113913	0.000385848	2
-15.6623	28.4806	-0.00117364	0.000405799	2
-14.9834	29.0083	-0.00120797	0.000426155	2
-14.2864	29.5215	-0.0012421	0.000446911	2
-13.5719	30.0203	-0.00127605	0.000468061	2
-12.8402	30.5052	-0.0013098	0.000489599	2
-12.092	30.9765	-0.00134335	0.000511519	2
-11.3276	31.4345	-0.0013767	0.000533816	2
-10.5475	31.8794	-0.00140985	0.000556484	2
-9.75233	32.3117	-0.00144278	0.000579517	2
-8.94243	32.7315	-0.00147549	0.000602909	2
-8.11832	33.1394	-0.00150799	0.000626655	2
-7.28047	33.5355	-0.00154027	0.000650749	2
-6.42936	33.9202	-0.00157231	0.000675184	2
-5.56548	34.2939	-0.00160413	0.000699956	2
-4.68929	34.6567	-0.00163572	0.000725059	2
-3.80129	35.0092	-0.00166706	0.000750486	2
-2.90194	35.3514	-0.00169817	0.000776233	2
-2.00225	35.6802	-0.00172867	0.000801991	2
-1.08177	36.0033	-0.00175928	0.000828354	2
-0.151378	36.3172	-0.00178964	0.00085502	2
0.788446	36.6223	-0.00181975	0.000881981	2
1.73722	36.9188	-0.00184959	0.000909232	2
2.69448	37.2071	-0.00187916	0.000936768	2
3.65973	37.4876	-0.00190847	0.000964583	2
4.63249	37.7604	-0.0019375	0.000992671	2
5.6123	38.026	-0.00196626	0.00102103	2
6.59867	38.2847	-0.00199474	0.00104964	2
7.59111	38.5367	-0.00202293	0.00107851	2
8.58916	38.7825	-0.00205084	0.00110764	2
9.59234	39.0222	-0.00207845	0.001137	2
10.6002	39.2563	-0.00210577	0.00116661	2
11.6121	39.4851	-0.00213279	0.00119644	2
12.6278	39.7088	-0.0021595	0.00122651	2
13.6467	39.9279	-0.00218591	0.00125679	2
14.6683	40.1425	-0.002212	0.00128729	2
15.6922	40.3531	-0.00223778	0.001318	2
16.7178	40.56	-0.00226325	0.00134892	2
17.7447	40.7634	-0.00228839	0.00138003	2
18.7725	40.9637	-0.0023132	0.00141133	2
19.8006	41.1613	-0.00233768	0.00144283	2
20.8285	41.3563	-0.00236183	0.0014745	2
21.844	41.5471	-0.00238537	0.00150598	2
22.8703	41.7382	-0.00240884	0.00153799	2
23.8949	41.9278	-0.00243196	0.00157017	2
24.9175	42.1162	-0.00245474	0.0016025	2
25.9376	42.3037	-0.00247716	0.00163499	2
26.9547	42.4907	-0.00249923	0.00166762	2
27.9683	42.6775	-0.00252093	0.0017004	2
28.9779	42.8643	-0.00254227	0.00173331	2
29.983	43.0516	-0.00256324	0.00176634	2
30.9833	43.2396	-0.00258383	0.00179951	2
31.9781	43.4286	-0.00260405	0.00183278	2
32.9671	43.619	-0.00262389	0.00186617	2
33.9497	43.811	-0.00264335	0.00189967	2
34.9254	44.0051	-0.00266241	0.00193327	2
35.8939	44.2015	-0.00268109	0.00196696	2
36.8545	44.4005	-0.00269936	0.00200074	2
37.8069	44.6025	-0.00271724	0.0020346	2
38.7505	44.8078	-0.00273472	0.00206854	2
39.6849	45.0166	-0.00275178	0.00210255	2
40.6095	45.2294	-0.00276844	0.00213663	2
41.524	45.4464	-0.00278468	0.00217076	2
42.4278	45.668	-0.0028005	0.00220495	2
43.3205	45.8945	-0.0028159	0.00223919	2
44.1915	46.1234	-0.0028307	0.00227308	2
45.0605	46.3606	-0.00284524	0.0023074	2
45.917	46.6035	-0.00285935	0.00234174	2
46.7605	46.8526	-0.00287303	0.00237612	2

24.992	2.01314	7.44767e-08	1.35783e-07	2
24.324	3.13817	5.67281e-06	1.1967e-05	2
23.6822	4.26582	9.73501e-06	2.42404e-05	2
23.0741	5.38299	1.2219e-05	3.6813e-05	2
22.5059	6.47704	1.3155e-05	4.9528e-05	2
21.9639	7.57342	1.25969e-05	6.26738e-05	2
21.4545	8.65938	1.05575e-05	7.60969e-05	2
20.9775	9.73495	7.06898e-06	8.97901e-05	2
20.5324	10.8001	2.16387e-06	0.000103746	2
20.1189	11.855	-4.12547e-06	0.000117957	2
19.7365	12.8995	-1.17666e-05	0.000132417	2
19.385	13.9337	-2.07272e-05	0.000147117	2
19.064	14.9576	-3.09749e-05	0.000162051	2
18.7731	15.9712	-4.24772e-05	0.000177211	2
18.5119	16.9747	-5.52017e-05	0.00019259	2
18.2801	17.9678	-6.91161e-05	0.000208181	2
18.0772	18.9508	-8.4188e-05	0.000223976	2
17.903	19.9237	-0.000100385	0.000239968	2
17.7571	20.8863	-0.000117675	0.00025615	2
17.639	21.8389	-0.000136024	0.000272514	2
17.5485	22.7813	-0.000155402	0.000289053	2
17.4852	23.7137	-0.000175775	0.000305761	2
17.4486	24.636	-0.000197112	0.000322629	2
17.4385	25.5482	-0.000219379	0.00033965	2
17.4545	26.4505	-0.000242544	0.000356817	2
17.4961	27.3427	-0.000266575	0.000374122	2
17.5621	28.2149	-0.00029115	0.000391358	2
17.6538	29.0874	-0.000316807	0.000408918	2
17.77	29.9499	-0.000343233	0.000426594	2
17.9105	30.8025	-0.000370395	0.00044438	2
18.0748	31.6452	-0.000398262	0.000462269	2
18.2626	32.4781	-0.000426801	0.000480252	2
18.4736	33.3011	-0.00045598	0.000498323	2
18.7073	34.1144	-0.000485765	0.000516474	2
18.9634	34.9178	-0.000516126	0.000534698	2
19.2415	35.7115	-0.000547028	0.000552988	2
19.5413	36.4954	-0.000578441	0.000571337	2
19.8624	37.2696	-0.000610331	0.000589736	2
20.2044	38.0341	-0.000642666	0.00060818	2
20.5669	38.7889	-0.000675414	0.00062666	2
20.9497	39.534	-0.000708543	0.000645169	2
21.3522	40.2696	-0.000742019	0.0006637	2
21.7743	40.9955	-0.000775811	0.000682246	2
22.2154	41.7118	-0.000809886	0.000700799	2
22.6752	42.4185	-0.000844212	0.000719352	2
23.1534	43.1158	-0.000878756	0.000737898	2
23.6496	43.8034	-0.000913487	0.000756429	2
24.1634	44.4816	-0.00094837	0.000774939	2
24.6944	45.1504	-0.000983376	0.000793419	2
25.236	45.8021	-0.00101807	0.000811651	2
25.8002	46.452	-0.00105322	0.000830052	2
26.3807	47.0926	-0.00108839	0.000848401	2
26.9769	47.7237	-0.00112356	0.000866693	2
27.5885	48.3455	-0.00115868	0.000884919	2
28.2152	48.9579	-0.00119374	0.000903072	2
28.8566	49.561	-0.00122868	0.000921144	2
29.5123	50.1548	-0.00126349	0.00093913	2
30.1819	50.7394	-0.00129813	0.00095702	2
30.8651	51.3147	-0.00133257	0.000974809	2
31.5616	51.8807	-0.00136677	0.000992488	2
32.2709	52.4376	-0.00140071	0.00101005	2
32.9926	52.9853	-0.00143435	0.00102749	2
33.7265	53.5238	-0.00146765	0.0010448	2
34.4722	54.0531	-0.00150059	0.00106196	2
35.2292	54.5734	-0.00153314	0.00107899	2
35.9973	55.0845	-0.00156525	0.00109586	2
36.7759	55.5866	-0.0015969	0.00111257	2
37.5649	56.0796	-0.00162806	0.00112911	2
38.3638	56.5636	-0.00165869	0.00114547	2
39.1722	57.0386	-0.00168877	0.00116166	2
39.9898	57.5047	-0.00171825	0.00117765	2
40.8162	57.9617	-0.00174711	0.00119345	2
41.6511	58.4098	-0.00177531	0.00120904	2
42.4843	58.844	-0.00180252	0.00122425	2
43.3349	59.2745	-0.00182932	0.00123941	2
44.1928	59.696	-0.00185537	0.00125435	2
45.0577	60.1087	-0.00188063	0.00126906	2
45.9292	60.5126	-0.00190508	0.00128352	2
46.8069	60.9076	-0.00192868	0.00129774	2
47.6905	61.2939	-0.0019514	0.0013117	2
48.5797	61.6714	-0.0019732	0.0013254	2
49.474	62.0402	-0.00199405	0.00133883	2
50.373	62.4003	-0.00201392	0.00135199	2
51.2765	62.7517	-0.00203279	0.00136485	2
52.184	63.0944	-0.0020506	0.00137743	2
53.0952	63.4285	-0.00206735	0.00138971	2
54.0097	63.7539	-0.00208298	0.00140168	2
54.9271	64.0708	-0.00209747	0.00141333	2
55.8471	64.3791	-0.00211079	0.00142467	2
56.7693	64.6788	-0.0021229	0.00143568	2
57.6934	64.9699	-0.00213377	0.00144635	2
58.6189	65.2526	-0.00214337	0.00145668	2
59.5455	65.5268	-0.00215167	0.00146666	2
60.4729	65.7925	-0.00215863	0.00147628	2
61.4006	66.0498	-0.00216423	0.00148554	2
62.3283	66.2986	-0.00216842	0.00149442	2
63.245	66.5364	-0.00217116	0.00150283	2
64.1717	66.7686	-0.00217247	0.00151096	2
65.0972	66.9924	-0.00217228	0.00151868	2
66.0213	67.2079	-0.00217057	0.00152601	2

74.9973	2.01001	2.65527e-07	7.30965e-08	2
74.7623	2.87341	2.17555e-05	5.9224e-06	2
74.5106	3.75218	4.08182e-05	1.09767e-05	2
74.2456	4.63612	5.72325e-05	1.51873e-05	2
73.9709	5.51477	7.08986e-05	1.8544e-05	2
73.6808	6.40834	8.2178e-05	2.11489e-05	2
73.3788	7.30644	9.09414e-05	2.29826e-05	2
73.0656	8.20886	9.72328e-05	2.40693e-05	2
72.7416	9.11538	0.000101097	2.44335e-05	2
72.4073	10.0258	0.000102577	2.40993e-05	2
72.0634	10.9399	0.000101719	2.3091e-05	2
71.7103	11.8575	9.85658e-05	2.1433e-05	2
71.3485	12.7783	9.31621e-05	1.91495e-05	2
70.9786	13.7022	8.55523e-05	1.62647e-05	2
70.6012	14.6289	7.57805e-05	1.28031e-05	2
70.2166	15.5583	6.3891e-05	8.7888e-06	2
69.8255	16.4901	4.99282e-05	4.24616e-06	2
69.4284	17.4241	3.39363e-05	-8.00551e-07	2
69.0259	18.36	1.59595e-05	-6.32704e-06	2
68.6184	19.2978	-3.95778e-06	-1.2309e-05	2
68.2064	20.2371	-2.57714e-05	-1.87222e-05	2
67.7906	21.1778	-4.9437e-05	-2.55424e-05	2
67.3714	22.1196	-7.49103e-05	-3.27452e-05	2
66.9493	23.0624	-0.000102147	-4.03063e-05	2
66.525	24.0059	-0.000131103	-4.82015e-05	2
66.0989	24.9499	-0.000161734	-5.64065e-05	2
65.6764	25.8834	-0.000193616	-6.47979e-05	2
65.2483	26.8278	-0.000227446	-7.35468e-05	2
64.82	27.7721	-0.000262818	-8.25329e-05	2
64.392	28.716	-0.000299689	-9.17319e-05	2
63.9649	29.6595	-0.000338014	-0.00010112	2
63.5392	30.6021	-0.000377749	-0.000110672	2
63.1153	31.5439	-0.000418849	-0.000120364	2
62.694	32.4844	-0.00046127	-0.000130172	2
62.2755	33.4236	-0.000504969	-0.000140071	2
61.8606	34.3611	-0.0005499	-0.000150038	2
61.4497	35.2969	-0.00059602	-0.000160047	2
61.0434	36.2306	-0.000643283	-0.000170076	2
60.6421	37.1621	-0.000691647	-0.000180098	2
60.2465	38.0912	-0.000741066	-0.000190091	2
59.857	39.0176	-0.000791496	-0.000200029	2
59.4741	39.9412	-0.000842894	-0.000209889	2
59.0985	40.8617	-0.000895214	-0.000219647	2
58.7306	41.7789	-0.000948413	-0.000229277	2
58.3709	42.6926	-0.00100245	-0.000238756	2
58.02	43.6026	-0.00105727	-0.000248059	2
57.6784	44.5086	-0.00111284	-0.000257162	2
57.3467	45.4106	-0.00116911	-0.000266042	2
57.0253	46.3082	-0.00122603	-0.000274672	2
56.7183	47.191	-0.00128291	-0.000282936	2
56.4191	48.0793	-0.00134101	-0.000291	2
56.1319	48.9627	-0.00139964	-0.000298744	2
55.8571	49.8409	-0.00145875	-0.000306142	2
55.5953	50.7137	-0.00151829	-0.00031317	2
55.347	51.5808	-0.00157823	-0.000319805	2
55.1129	52.4422	-0.00163851	-0.000326021	2
54.8932	53.2975	-0.0016991	-0.000331795	2
54.6887	54.1466	-0.00175994	-0.000337102	2
54.4999	54.9893	-0.001821	-0.000341918	2
54.3272	55.8253	-0.00188224	-0.000346219	2
54.1712	56.6544	-0.00194359	-0.00034998	2
54.0325	57.4764	-0.00200503	-0.000353178	2
53.9115	58.2911	-0.00206651	-0.000355787	2
53.8088	59.0983	-0.00212798	-0.000357783	2
53.7249	59.8978	-0.0021894	-0.000359143	2
53.6603	60.6894	-0.00225073	-0.000359842	2
53.6156	61.4728	-0.00231192	-0.000359856	2
53.5913	62.2479	-0.00237292	-0.00035916	2
53.588	63.0144	-0.00243369	-0.00035773	2
53.6061	63.7721	-0.0024942	-0.000355542	2
53.6461	64.5208	-0.00255438	-0.000352571	2
53.7087	65.2604	-0.00261421	-0.000348794	2
53.7944	65.9905	-0.00267363	-0.000344185	2
53.9022	66.7028	-0.00273193	-0.00033879	2
54.0352	67.4136	-0.00279041	-0.000332457	2
54.1928	68.1143	-0.00284836	-0.00032522	2
54.3756	68.8048	-0.00290572	-0.000317056	2
54.584	69.4849	-0.00296246	-0.000307939	2
54.8187	70.1542	-0.00301853	-0.000297846	2
55.0801	70.8127	-0.00307389	-0.000286752	2
55.3687	71.4601	-0.00312848	-0.000274633	2
55.6851	72.0962	-0.00318228	-0.000261465	2
56.0299	72.7207	-0.00323522	-0.000247224	2
56.4035	73.3335	-0.00328728	-0.000231884	2
56.8065	73.9344	-0.0033384	-0.000215422	2
57.2393	74.5231	-0.00338853	-0.000197814	2
57.7026	75.0995	-0.00343765	-0.000179035	2
58.1969	75.6633	-0.0034857	-0.000159061	2
58.7226	76.2143	-0.00353263	-0.000137868	2
59.2804	76.7523	-0.00357841	-0.000115432	2
59.8707	77.277	-0.00362298	-9.17269e-05	2
60.4941	77.7884	-0.00366631	-6.67301e-05	2
61.1511	78.2861	-0.00370835	-4.04169e-05	2
61.8422	78.77	-0.00374906	-1.2763e-05	2
62.568	79.2399	-0.00378838	1.62559e-05	2
63.3289	79.6954	-0.00382629	4.66642e-05	2
64.1162	80.1315	-0.00386231	7.81121e-05	2
64.9487	80.5581	-0.00389726	0.000111355	2
65.818	80.9698	-0.00393065	0.00014606	2
66.7245	81.3663	-0.00396243	0.000182251	2

124.999	2.0121	-8.965e-08	3.04917e-08	2
124.925	3.04543	-7.46442e-06	2.2687e-06	2
124.819	4.0761	-1.42687e-05	3.77446e-06	2
124.684	5.09229	-2.04397e-05	4.53864e-06	2
124.522	6.08281	-2.59439e-05	4.5861e-06	2
124.33	7.07096	-3.09359e-05	3.9391e-06	2
124.111	8.0454	-3.53754e-05	2.61435e-06	2
123.865	9.00639	-3.92892e-05	6.33191e-07	2
123.593	9.9542	-4.27043e-05	-1.98301e-06	2
123.296	10.8891	-4.56478e-05	-5.21289e-06	2
122.974	11.8113	-4.81466e-05	-9.0351e-06	2
122.628	12.7211	-5.02276e-05	-1.34283e-05	2
122.259	13.6187	-5.19178e-05	-1.83711e-05	2
121.867	14.5045	-5.32443e-05	-2.38421e-05	2
121.453	15.3787	-5.42339e-05	-2.98201e-05	2
121.019	16.2414	-5.49137e-05	-3.62836e-05	2
120.563	17.0931	-5.53107e-05	-4.32113e-05	2
120.088	17.934	-5.54517e-05	-5.05818e-05	2
119.594	18.7642	-5.53638e-05	-5.83738e-05	2
119.082	19.5842	-5.50739e-05	-6.65659e-05	2
118.552	20.3941	-5.4609e-05	-7.51368e-05	2
118.005	21.1942	-5.39962e-05	-8.4065e-05	2
117.442	21.9847	-5.32623e-05	-9.33294e-05	2
116.863	22.766	-5.24343e-05	-0.000102908	2
116.269	23.5382	-5.15392e-05	-0.000112781	2
115.661	24.3017	-5.0604e-05	-0.000122925	2
115.046	25.0481	-4.96666e-05	-0.000133199	2
114.412	25.795	-4.87317e-05	-0.000143821	2
113.766	26.5339	-4.78374e-05	-0.000154651	2
113.108	27.265	-4.70105e-05	-0.000165667	2
112.44	27.9888	-4.6278e-05	-0.000176849	2
111.761	28.7053	-4.5667e-05	-0.000188175	2
111.073	29.4149	-4.52043e-05	-0.000199624	2
110.377	30.1178	-4.4917e-05	-0.000211174	2
109.672	30.8143	-4.4832e-05	-0.000222805	2
108.961	31.5047	-4.49763e-05	-0.000234494	2
108.242	32.1892	-4.53768e-05	-0.00024622	2
107.518	32.868	-4.60606e-05	-0.000257962	2
106.789	33.5415	-4.70546e-05	-0.000269699	2
106.055	34.2099	-4.83858e-05	-0.000281408	2
105.318	34.8734	-5.00811e-05	-0.00029307	2
104.577	35.5323	-5.21676e-05	-0.000304663	2
103.834	36.1869	-5.46721e-05	-0.000316164	2
103.09	36.8375	-5.76218e-05	-0.000327553	2
102.344	37.4842	-6.10435e-05	-0.000338809	2
101.598	38.1275	-6.49642e-05	-0.00034991	2
100.853	38.7674	-6.94109e-05	-0.000360834	2
100.108	39.4043	-7.44105e-05	-0.000371561	2
99.3659	40.0384	-7.99901e-05	-0.000382069	2
98.6344	40.6628	-8.6102e-05	-0.00039222	2
97.8975	41.2923	-9.29149e-05	-0.000402229	2
97.1645	41.9197	-0.000100388	-0.000411955	2
96.436	42.5454	-0.000108549	-0.000421377	2
95.7129	43.1697	-0.000117425	-0.000430473	2
94.9957	43.7928	-0.000127042	-0.000439223	2
94.2852	44.4149	-0.000137427	-0.000447604	2
93.582	45.0364	-0.000148608	-0.000455596	2
92.8869	45.6574	-0.000160611	-0.000463176	2
92.2006	46.2783	-0.000173464	-0.000470325	2
91.5237	46.8993	-0.000187193	-0.00047702	2
90.857	47.5207	-0.000201825	-0.000483239	2
90.2011	48.1427	-0.000217387	-0.000488963	2
89.5568	48.7655	-0.000233907	-0.000494168	2
88.9246	49.3896	-0.000251411	-0.000498835	2
88.3055	50.015	-0.000269926	-0.000502941	2
87.6999	50.6421	-0.000289479	-0.000506465	2
87.1087	51.2711	-0.000310097	-0.000509386	2
86.5325	51.9024	-0.000331808	-0.000511683	2
85.972	52.536	-0.000354637	-0.000513334	2
85.4279	53.1724	-0.000378613	-0.000514317	2
84.901	53.8118	-0.000403761	-0.000514612	2
84.3918	54.4544	-0.00043011	-0.000514197	2
83.9011	55.1005	-0.000457686	-0.00051305	2
83.435	55.7429	-0.000486177	-0.000511177	2
82.9832	56.3967	-0.000516272	-0.000508513	2
82.552	57.0548	-0.000547675	-0.000505054	2
82.142	57.7174	-0.000580413	-0.000500778	2
81.7541	58.3849	-0.000614512	-0.000495665	2
81.3888	59.0574	-0.00065	-0.000489692	2
81.0469	59.7352	-0.000686903	-0.000482839	2
80.729	60.4186	-0.000725248	-0.000475083	2
80.4359	61.1078	-0.000765063	-0.000466405	2
80.1683	61.8031	-0.000806375	-0.000456782	2
79.9268	62.5048	-0.00084921	-0.000446192	2
79.7121	63.2132	-0.000893595	-0.000434616	2
79.525	63.9284	-0.000939557	-0.000422031	2
79.3662	64.6507	-0.000987124	-0.000408416	2
79.2362	65.3804	-0.00103632	-0.000393749	2
79.136	66.1179	-0.00108718	-0.000378009	2
79.066	66.8632	-0.00113972	-0.000361176	2
79.0271	67.6167	-0.00119397	-0.000343227	2
79.0198	68.3787	-0.00124996	-0.000324141	2
79.045	69.1494	-0.00130772	-0.000303897	2
79.1033	69.929	-0.00136728	-0.000282473	2
79.1955	70.7179	-0.00142865	-0.000259848	2
79.3221	71.5163	-0.00149187	-0.000236001	2
79.4818	72.3151	-0.0015562	-0.000211206	2
79.6792	73.1331	-0.00162317	-0.000184866	2
79.913	73.9614	-0.00169207	-0.000157239	2
80.1842	74.8002	-0.00176293	-0.000128304	2

