-125.004	2.01102	3.91435e-07	-4.09478e-07	2
-125.314	2.9609	3.24751e-05	-3.47273e-05	2
-125.622	3.92662	6.17943e-05	-6.76591e-05	2
-125.926	4.89692	8.80183e-05	-9.88257e-05	2
-126.222	5.86031	0.000110958	-0.000127929	2
-126.516	6.83893	0.000131208	-0.000155675	2
-126.804	7.82136	0.000148543	-0.000181746	2
-127.086	8.80733	0.000163026	-0.000206172	2
-127.363	9.7966	0.000174716	-0.000228984	2
-127.634	10.7889	0.000183675	-0.000250211	2
-127.899	11.784	0.000189963	-0.000269884	2
-128.158	12.7815	0.00019364	-0.000288033	2
-128.41	13.7814	0.000194768	-0.000304688	2
-128.655	14.7832	0.000193407	-0.000319879	2
-128.893	15.7868	0.000189618	-0.000333637	2
-129.125	16.7919	0.000183462	-0.000345991	2
-129.349	17.7982	0.000174999	-0.000356973	2
-129.566	18.8055	0.00016429	-0.000366611	2
-129.775	19.8135	0.000151395	-0.000374937	2
-129.977	20.8219	0.000136376	-0.00038198	2
-130.171	21.8306	0.000119293	-0.000387771	2
-130.356	22.8392	0.000100207	-0.00039234	2
-130.533	23.8474	7.91788e-05	-0.000395717	2
-130.702	24.8552	5.62685e-05	-0.000397932	2
-130.863	25.862	3.15373e-05	-0.000399015	2
-131.014	26.8678	5.04563e-06	-0.000398998	2
-131.155	27.8607	-2.28122e-05	-0.000397927	2
-131.289	28.8636	-5.26238e-05	-0.000395809	2
-131.413	29.8646	-8.40144e-05	-0.000392679	2
-131.527	30.8635	-0.000116923	-0.000388569	2
-131.632	31.86	-0.00015129	-0.000383508	2
-131.727	32.8539	-0.000187053	-0.000377526	2
-131.812	33.8449	-0.000224152	-0.000370654	2
-131.887	34.8328	-0.000262526	-0.000362922	2
-131.952	35.8173	-0.000302115	-0.00035436	2
-132.006	36.7981	-0.000342859	-0.000344998	2
-132.049	37.775	-0.000384695	-0.000334866	2
-132.081	38.7477	-0.000427564	-0.000323995	2
-132.102	39.716	-0.000471405	-0.000312415	2
-132.112	40.6796	-0.000516157	-0.000300155	2
-132.111	41.6382	-0.000561759	-0.000287247	2
-132.097	42.5917	-0.000608151	-0.00027372	2
-132.072	43.5397	-0.000655272	-0.000259605	2
-132.035	44.482	-0.000703061	-0.000244932	2
-131.986	45.4183	-0.000751458	-0.00022973	2
-131.925	46.3484	-0.000800402	-0.000214031	2
-131.85	47.2719	-0.000849832	-0.000197863	2
-131.764	48.1888	-0.000899687	-0.000181259	2
-131.664	49.0986	-0.000949907	-0.000164247	2
-131.553	49.9909	-0.000999849	-0.00014706	2
-131.427	50.886	-0.00105061	-0.000129327	2
-131.288	51.7734	-0.00110156	-0.000111278	2
-131.135	52.6527	-0.00115263	-9.29418e-05	2
-130.969	53.5238	-0.00120377	-7.4349e-05	2
-130.788	54.3863	-0.0012549	-5.55296e-05	2
-130.594	55.24	-0.00130598	-3.65139e-05	2
-130.385	56.0847	-0.00135693	-1.73321e-05	2
-130.162	56.92	-0.0014077	1.98565e-06	2
-129.924	57.7458	-0.00145824	2.14091e-05	2
-129.671	58.5617	-0.00150847	4.09081e-05	2
-129.403	59.3675	-0.00155833	6.04525e-05	2
-129.12	60.163	-0.00160778	8.0012e-05	2
-128.822	60.9479	-0.00165673	9.95565e-05	2
-128.508	61.7219	-0.00170515	0.000119056	2
-128.179	62.4848	-0.00175295	0.00013848	2
-127.833	63.2364	-0.00180009	0.000157798	2
-127.472	63.9763	-0.00184651	0.00017698	2
-127.094	64.7043	-0.00189213	0.000195997	2
-126.7	65.4202	-0.00193691	0.000214817	2
-126.289	66.1236	-0.00198078	0.000233411	2
-125.862	66.8144	-0.00202368	0.000251748	2
-125.417	67.4923	-0.00206554	0.000269799	2
-124.955	68.157	-0.00210632	0.000287532	2
-124.482	68.8008	-0.00214549	0.000304721	2
-123.986	69.4385	-0.00218391	0.000321735	2
-123.472	70.0623	-0.00222107	0.000338341	2
-122.94	70.6719	-0.00225688	0.00035451	2
-122.391	71.267	-0.00229131	0.000370212	2
-121.823	71.8474	-0.00232427	0.000385416	2
-121.237	72.4128	-0.00235573	0.000400091	2
-120.632	72.963	-0.0023856	0.000414209	2
-120.008	73.4977	-0.00241384	0.000427738	2
-119.366	74.0167	-0.00244038	0.000440649	2
-118.704	74.5196	-0.00246516	0.000452911	2
-118.024	75.0063	-0.00248813	0.000464495	2
-117.323	75.4764	-0.00250921	0.000475369	2
-116.604	75.9298	-0.00252835	0.000485503	2
-115.864	76.3662	-0.00254549	0.000494869	2
-115.104	76.7852	-0.00256057	0.000503434	2
-114.325	77.1867	-0.00257352	0.00051117	2
-113.525	77.5704	-0.0025843	0.000518046	2
-112.704	77.936	-0.00259282	0.000524031	2
-111.863	78.2833	-0.00259905	0.000529096	2
-111.001	78.6121	-0.0026029	0.000533211	2
-110.118	78.922	-0.00260433	0.000536344	2
-109.214	79.2127	-0.00260328	0.000538467	2
-108.299	79.4812	-0.00259973	0.000539542	2
-107.352	79.7332	-0.00259355	0.000539564	2
-106.383	79.9654	-0.0025847	0.000538485	2
-105.392	80.1775	-0.00257312	0.000536275	2

-74.9992	2.01052	1.12031e-07	1.40817e-07	2
-74.9515	2.91415	9.34074e-06	1.15645e-05	2
-74.9384	3.82647	1.78665e-05	2.1759e-05	2
-74.9596	4.73692	2.55866e-05	3.06128e-05	2
-75.0136	5.63505	3.24356e-05	3.80757e-05	2
-75.1007	6.54171	3.8582e-05	4.43502e-05	2
-75.2196	7.44639	4.39512e-05	4.93711e-05	2
-75.3696	8.34908	4.85524e-05	5.31677e-05	2
-75.5497	9.24972	5.23954e-05	5.57691e-05	2
-75.7591	10.1483	5.54893e-05	5.72046e-05	2
-75.9968	11.0448	5.78438e-05	5.75032e-05	2
-76.2622	11.9391	5.94683e-05	5.66943e-05	2
-76.5543	12.8312	6.03723e-05	5.48069e-05	2
-76.8722	13.7212	6.05651e-05	5.18703e-05	2
-77.2151	14.6088	6.00563e-05	4.79137e-05	2
-77.5821	15.4942	5.88553e-05	4.29661e-05	2
-77.9724	16.3773	5.69716e-05	3.70569e-05	2
-78.3852	17.258	5.44146e-05	3.02152e-05	2
-78.8195	18.1364	5.11938e-05	2.24702e-05	2
-79.2745	19.0123	4.73186e-05	1.3851e-05	2
-79.7493	19.8857	4.27985e-05	4.38692e-06	2
-80.2432	20.7566	3.7643e-05	-5.89296e-06	2
-80.7551	21.625	3.18614e-05	-1.69594e-05	2
-81.2844	22.4909	2.54634e-05	-2.87833e-05	2
-81.83	23.3541	1.84582e-05	-4.13354e-05	2
-82.3913	24.2147	1.08554e-05	-5.45865e-05	2
-82.9605	25.0628	2.76194e-06	-6.83437e-05	2
-83.5501	25.9181	-6.00113e-06	-8.28982e-05	2
-84.1527	26.7706	-1.53336e-05	-9.80644e-05	2
-84.7675	27.6203	-2.52259e-05	-0.000113813	2
-85.3935	28.4672	-3.56687e-05	-0.000130116	2
-86.03	29.3113	-4.66525e-05	-0.000146942	2
-86.676	30.1524	-5.81678e-05	-0.000164264	2
-87.3307	30.9907	-7.02052e-05	-0.000182051	2
-87.9933	31.826	-8.27552e-05	-0.000200276	2
-88.6629	32.6583	-9.58084e-05	-0.000218907	2
-89.3387	33.4876	-0.000109355	-0.000237918	2
-90.0197	34.3138	-0.000123387	-0.000257277	2
-90.7051	35.1369	-0.000137893	-0.000276956	2
-91.3941	35.9569	-0.000152864	-0.000296926	2
-92.0858	36.7737	-0.000168291	-0.000317158	2
-92.7794	37.5873	-0.000184165	-0.000337622	2
-93.4739	38.3977	-0.000200475	-0.000358289	2
-94.1686	39.2048	-0.000217214	-0.000379131	2
-94.8626	40.0085	-0.00023437	-0.000400117	2
-95.5549	40.809	-0.000251935	-0.000421219	2
-96.2449	41.606	-0.000269899	-0.000442408	2
-96.9315	42.3997	-0.000288252	-0.000463653	2
-97.6141	43.1899	-0.000306986	-0.000484927	2
-98.2838	43.9676	-0.000325869	-0.000505956	2
-98.9555	44.7508	-0.000345331	-0.000527199	2
-99.6205	45.5305	-0.000365145	-0.000548383	2
-100.278	46.3065	-0.000385301	-0.000569479	2
-100.927	47.079	-0.000405791	-0.000590457	2
-101.567	47.8478	-0.000426604	-0.000611289	2
-102.196	48.6128	-0.000447731	-0.000631945	2
-102.815	49.3742	-0.000469163	-0.000652396	2
-103.421	50.1318	-0.00049089	-0.000672613	2
-104.015	50.8856	-0.000512903	-0.000692566	2
-104.596	51.6355	-0.000535193	-0.000712227	2
-105.162	52.3815	-0.000557749	-0.000731566	2
-105.713	53.1237	-0.000580563	-0.000750554	2
-106.247	53.8619	-0.000603624	-0.000769163	2
-106.765	54.5961	-0.000626924	-0.000787361	2
-107.264	55.3263	-0.000650453	-0.000805122	2
-107.745	56.0525	-0.000674202	-0.000822415	2
-108.207	56.7745	-0.000698161	-0.00083921	2
-108.648	57.4925	-0.00072232	-0.00085548	2
-109.067	58.2063	-0.000746671	-0.000871195	2
-109.465	58.9159	-0.000771204	-0.000886325	2
-109.839	59.6212	-0.000795909	-0.000900842	2
-110.19	60.3223	-0.000820776	-0.000914716	2
-110.516	61.0191	-0.000845797	-0.000927918	2
-110.813	61.7036	-0.000870672	-0.000940279	2
-111.087	62.3918	-0.00089597	-0.000952058	2
-111.334	63.0755	-0.000921394	-0.000963078	2
-111.553	63.7548	-0.000946932	-0.00097331	2
-111.743	64.4296	-0.000972577	-0.000982724	2
-111.903	65.0999	-0.000998319	-0.000991292	2
-112.032	65.7657	-0.00102415	-0.000998983	2
-112.13	66.4269	-0.00105006	-0.00100577	2
-112.195	67.0834	-0.00107603	-0.00101162	2
-112.227	67.7353	-0.00110207	-0.00101651	2
-112.225	68.3826	-0.00112815	-0.00102041	2
-112.188	69.0251	-0.00115427	-0.00102328	2
-112.115	69.6628	-0.00118043	-0.0010251	2
-112.005	70.2957	-0.0012066	-0.00102585	2
-111.858	70.9238	-0.00123279	-0.00102548	2
-111.672	71.5471	-0.00125898	-0.00102398	2
-111.447	72.1654	-0.00128516	-0.0010213	2
-111.182	72.7789	-0.00131133	-0.00101743	2
-110.876	73.3873	-0.00133747	-0.00101234	2
-110.528	73.9907	-0.00136357	-0.00100599	2
-110.137	74.5891	-0.00138963	-0.000998353	2
-109.703	75.1824	-0.00141563	-0.000989405	2
-109.224	75.7706	-0.00144157	-0.000979113	2
-108.706	76.347	-0.00146714	-0.000967591	2
-108.136	76.9249	-0.00149293	-0.000954543	2
-107.52	77.4976	-0.00151862	-0.000940064	2
-106.855	78.0651	-0.00154421	-0.000924126	2

-25.0015	2.01131	-4.22941e-07	9.60906e-08	2
-25.144	2.97589	-3.62461e-05	7.95207e-06	2
-25.3136	3.93537	-7.13975e-05	1.50846e-05	2
-25.5082	4.87874	-0.000105481	2.14058e-05	2
-25.7249	5.79571	-0.000138148	2.68653e-05	2
-25.9679	6.70789	-0.000170185	3.15982e-05	2
-26.2346	7.60481	-0.000201233	3.55449e-05	2
-26.5244	8.48677	-0.000231318	3.87136e-05	2
-26.8369	9.35405	-0.000260467	4.11126e-05	2
-27.1714	10.2069	-0.000288705	4.27505e-05	2
-27.5275	11.0457	-0.000316061	4.36354e-05	2
-27.9048	11.8707	-0.000342559	4.37757e-05	2
-28.3027	12.6821	-0.000368226	4.31799e-05	2
-28.7207	13.4804	-0.000393089	4.18561e-05	2
-29.1583	14.2656	-0.000417174	3.98128e-05	2
-29.6151	15.0382	-0.000440508	3.70583e-05	2
-30.0905	15.7984	-0.000463117	3.3601e-05	2
-30.584	16.5465	-0.000485028	2.94492e-05	2
-31.0952	17.2829	-0.000506266	2.46112e-05	2
-31.6235	18.0077	-0.000526859	1.90954e-05	2
-32.1685	18.7213	-0.000546833	1.29101e-05	2
-32.7296	19.4239	-0.000566213	6.06375e-06	2
-33.3063	20.1159	-0.000585028	-1.43542e-06	2
-33.8982	20.7976	-0.000603303	-9.57901e-06	2
-34.5048	21.4692	-0.000621064	-1.83587e-05	2
-35.1255	22.131	-0.000638338	-2.77661e-05	2
-35.7525	22.7758	-0.000654961	-3.76742e-05	2
-36.3999	23.419	-0.000671346	-4.83051e-05	2
-37.0599	24.0533	-0.000687322	-5.95388e-05	2
-37.7322	24.6789	-0.000702917	-7.1367e-05	2
-38.4161	25.2962	-0.000718157	-8.37813e-05	2
-39.1112	25.9054	-0.000733068	-9.67734e-05	2
-39.817	26.5069	-0.000747677	-0.000110335	2
-40.5329	27.1008	-0.00076201	-0.000124457	2
-41.2585	27.6876	-0.000776093	-0.000139133	2
-41.9934	28.2674	-0.000789954	-0.000154352	2
-42.7369	28.8407	-0.000803618	-0.000170108	2
-43.4886	29.4076	-0.000817113	-0.000186392	2
-44.248	29.9684	-0.000830463	-0.000203194	2
-45.0147	30.5235	-0.000843697	-0.000220508	2
-45.788	31.0732	-0.000856839	-0.000238325	2
-46.5675	31.6176	-0.000869918	-0.000256636	2
-47.3527	32.1572	-0.000882958	-0.000275432	2
-48.1432	32.6921	-0.000895987	-0.000294707	2
-48.9384	33.2227	-0.000909031	-0.000314451	2
-49.7377	33.7493	-0.000922117	-0.000334655	2
-50.5408	34.2722	-0.00093527	-0.000355313	2
-51.3472	34.7916	-0.000948518	-0.000376414	2
-52.1562	35.3078	-0.000961886	-0.000397952	2
-52.9581	35.8153	-0.000975245	-0.000419662	2
-53.7711	36.3261	-0.000988932	-0.000442041	2
-54.5854	36.8346	-0.00100282	-0.000464832	2
-55.4003	37.341	-0.00101693	-0.000488025	2
-56.2155	37.8458	-0.0010313	-0.000511612	2
-57.0305	38.3491	-0.00104594	-0.000535586	2
-57.8447	38.8512	-0.00106089	-0.000559937	2
-58.6577	39.3525	-0.00107618	-0.000584657	2
-59.4689	39.8532	-0.00109182	-0.000609738	2
-60.2779	40.3536	-0.00110784	-0.000635171	2
-61.0841	40.854	-0.00112428	-0.000660949	2
-61.8871	41.3547	-0.00114115	-0.000687063	2
-62.6864	41.8559	-0.00115849	-0.000713504	2
-63.4814	42.358	-0.00117632	-0.000740265	2
-64.2717	42.8613	-0.00119467	-0.000767336	2
-65.0568	43.366	-0.00121356	-0.00079471	2
-65.8361	43.8724	-0.00123301	-0.000822378	2
-66.6093	44.3808	-0.00125307	-0.000850332	2
-67.3757	44.8916	-0.00127375	-0.000878563	2
-68.1349	45.4049	-0.00129508	-0.000907063	2
-68.8864	45.9211	-0.00131708	-0.000935824	2
-69.6297	46.4405	-0.00133978	-0.000964838	2
-70.3642	46.9633	-0.00136322	-0.000994095	2
-71.0896	47.4898	-0.00138741	-0.00102359	2
-71.7971	48.0143	-0.00141209	-0.00105297	2
-72.5027	48.5491	-0.00143785	-0.0010829	2
-73.1976	49.0886	-0.00146446	-0.00111305	2
-73.8813	49.6329	-0.00149192	-0.0011434	2
-74.5533	50.1824	-0.00152027	-0.00117395	2
-75.2132	50.7374	-0.00154953	-0.00120468	2
-75.8603	51.2981	-0.00157973	-0.00123559	2
-76.4943	51.8648	-0.0016109	-0.00126666	2
-77.1146	52.4379	-0.00164306	-0.0012979	2
-77.7208	53.0176	-0.00167624	-0.00132929	2
-78.3123	53.6042	-0.00171047	-0.00136082	2
-78.8886	54.198	-0.00174577	-0.00139249	2
-79.4492	54.7992	-0.00178216	-0.00142429	2
-79.9937	55.4083	-0.00181968	-0.00145621	2
-80.5215	56.0254	-0.00185836	-0.00148823	2
-81.0322	56.6508	-0.00189821	-0.00152036	2
-81.5252	57.2849	-0.00193926	-0.00155259	2
-82.0001	57.9278	-0.00198154	-0.0015849	2
-82.4563	58.58	-0.00202508	-0.00161728	2
-82.8934	59.2417	-0.00206991	-0.00164974	2
-83.3108	59.9131	-0.00211604	-0.00168225	2
-83.7081	60.5947	-0.00216351	-0.00171482	2
-84.0848	61.2865	-0.00221235	-0.00174743	2
-84.4363	61.9809	-0.00226198	-0.0017797	2
-84.7705	62.6943	-0.0023136	-0.00181238	2
-85.0825	63.4188	-0.00236667	-0.00184507	2
-85.3719	64.1548	-0.0024212	-0.00187778	2

24.9993	2.01115	-2.39383e-07	-3.33613e-07	2
24.9326	2.96764	-1.89223e-05	-2.78852e-05	2
24.8516	3.93018	-3.40306e-05	-5.34915e-05	2
24.7575	4.8877	-4.53825e-05	-7.68579e-05	2
24.6516	5.82934	-5.29686e-05	-9.77927e-05	2
24.5317	6.77709	-5.70224e-05	-0.000116821	2
24.3993	7.72004	-5.74923e-05	-0.000133727	2
24.2545	8.65828	-5.44359e-05	-0.000148549	2
24.0976	9.59186	-4.79108e-05	-0.000161326	2
23.9288	10.5209	-3.79749e-05	-0.000172098	2
23.7484	11.4454	-2.46857e-05	-0.000180902	2
23.5564	12.3655	-8.10101e-06	-0.00018778	2
23.3533	13.2813	1.17216e-05	-0.000192769	2
23.1392	14.1928	3.47244e-05	-0.000195908	2
22.9143	15.1001	6.08497e-05	-0.000197238	2
22.6789	16.0033	9.00398e-05	-0.000196796	2
22.4331	16.9025	0.000122237	-0.000194622	2
22.1773	17.7977	0.000157384	-0.000190756	2
21.9116	18.6891	0.000195422	-0.000185235	2
21.6362	19.5766	0.000236295	-0.0001781	2
21.3515	20.4604	0.000279944	-0.000169389	2
21.0576	21.3405	0.000326312	-0.000159142	2
20.7547	22.2171	0.000375341	-0.000147397	2
20.4431	23.0902	0.000426973	-0.000134194	2
20.123	23.9598	0.000481151	-0.000119572	2
19.7946	24.8261	0.000537817	-0.00010357	2
19.462	25.6792	0.00059622	-8.64328e-05	2
19.1178	26.5391	0.000657662	-6.78022e-05	2
18.766	27.3958	0.00072142	-4.79082e-05	2
18.4069	28.2495	0.000787435	-2.679e-05	2
18.0406	29.1002	0.000855651	-4.48667e-06	2
17.6673	29.9481	0.000926009	1.89626e-05	2
17.2874	30.7931	0.000998453	4.35189e-05	2
16.901	31.6353	0.00107292	6.91429e-05	2
16.5083	32.475	0.00114936	9.57957e-05	2
16.1097	33.312	0.00122772	0.000123438	2
15.7052	34.1465	0.00130792	0.000152031	2
15.2952	34.9786	0.00138992	0.000181535	2
14.8798	35.8083	0.00147367	0.000211912	2
14.4593	36.6357	0.00155909	0.000243122	2
14.0339	37.461	0.00164613	0.000275126	2
13.6039	38.2841	0.00173475	0.000307885	2
13.1694	39.1051	0.00182487	0.00034136	2
12.7308	39.9242	0.00191644	0.000375512	2
12.2881	40.7413	0.0020094	0.000410302	2
11.8417	41.5567	0.0021037	0.00044569	2
11.3917	42.3703	0.00219927	0.000481638	2
10.9385	43.1822	0.00229607	0.000518106	2
10.4822	43.9925	0.00239403	0.000555056	2
10.0283	44.792	0.00249194	0.000592016	2
9.56649	45.5994	0.00259204	0.000629806	2
9.10231	46.4054	0.00269313	0.000667961	2
8.63595	47.2101	0.00279514	0.000706442	2
8.16765	48.0136	0.00289804	0.000745209	2
7.69762	48.8159	0.00300174	0.000784223	2
7.22609	49.6172	0.00310621	0.000823446	2
6.75329	50.4175	0.00321138	0.000862837	2
6.27945	51.2169	0.00331719	0.000902359	2
5.80479	52.0155	0.00342359	0.000941971	2
5.32953	52.8133	0.00353052	0.000981635	2
4.85392	53.6104	0.00363792	0.00102131	2
4.37816	54.4069	0.00374573	0.00106096	2
3.90248	55.2029	0.00385389	0.00110055	2
3.42712	55.9984	0.00396235	0.00114003	2
2.9523	56.7935	0.00407106	0.00117936	2
2.47824	57.5884	0.00417994	0.00121852	2
2.00518	58.383	0.00428895	0.00125745	2
1.53333	59.1774	0.00439802	0.00129612	2
1.06292	59.9718	0.00450711	0.00133449	2
0.594185	60.7662	0.00461614	0.00137252	2
0.127346	61.5607	0.00472507	0.00141017	2
-0.337372	62.3553	0.00483384	0.00144741	2
-0.799741	63.1502	0.00494238	0.00148419	2
-1.25427	63.9362	0.00504941	0.00152006	2
-1.71129	64.7318	0.00515734	0.00155581	2
-2.1653	65.5278	0.00526487	0.00159099	2
-2.61605	66.3243	0.00537196	0.00162556	2
-3.06332	67.1215	0.00547854	0.00165948	2
-3.5069	67.9193	0.00558455	0.00169271	2
-3.94654	68.7179	0.00568993	0.0017252	2
-4.38203	69.5174	0.00579463	0.00175693	2
-4.81313	70.3177	0.00589859	0.00178785	2
-5.23963	71.1191	0.00600176	0.00181793	2
-5.6613	71.9215	0.00610407	0.00184711	2
-6.0779	72.7251	0.00620546	0.00187538	2
-6.48922	73.5299	0.00630589	0.00190267	2
-6.89502	74.3359	0.00640528	0.00192897	2
-7.29509	75.1434	0.00650359	0.00195422	2
-7.68919	75.9523	0.00660076	0.00197839	2
-8.0771	76.7628	0.00669672	0.00200144	2
-8.45859	77.5748	0.00679143	0.00202333	2
-8.83343	78.3885	0.00688482	0.00204402	2
-9.20141	79.204	0.00697683	0.00206347	2
-9.56229	80.0213	0.00706741	0.00208165	2
-9.91585	80.8405	0.0071565	0.00209851	2
-10.2619	81.6617	0.00724404	0.00211401	2
-10.5963	82.4755	0.007329	0.00212797	2
-10.9266	83.3009	0.0074133	0.00214066	2
-11.2487	84.1284	0.00749587	0.00215189	2
-11.5623	84.9583	0.00757667	0.0021616	2

75.0004	2.01256	3.92282e-07	-2.8053e-08	2
75.0403	3.08657	3.49534e-05	-3.48876e-06	2
75.0984	4.16052	7.15542e-05	-9.08081e-06	2
75.1743	5.22197	0.00010977	-1.675e-05	2
75.2665	6.25905	0.000149102	-2.63467e-05	2
75.3769	7.29599	0.000190433	-3.80684e-05	2
75.5043	8.32078	0.000233283	-5.17888e-05	2
75.6485	9.33353	0.000277618	-6.74819e-05	2
75.8093	10.3344	0.000323407	-8.51214e-05	2
75.9864	11.3234	0.000370617	-0.000104681	2
76.1797	12.3007	0.000419216	-0.000126135	2
76.389	13.2665	0.000469171	-0.000149456	2
76.6139	14.2208	0.000520451	-0.000174619	2
76.8543	15.1638	0.000573022	-0.000201598	2
77.11	16.0955	0.000626852	-0.000230366	2
77.3807	17.0162	0.00068191	-0.000260897	2
77.6662	17.9258	0.000738162	-0.000293164	2
77.9664	18.8246	0.000795576	-0.000327143	2
78.2809	19.7126	0.00085412	-0.000362805	2
78.6095	20.59	0.000913762	-0.000400126	2
78.9521	21.4569	0.000974469	-0.000439079	2
79.3084	22.3133	0.00103621	-0.000479638	2
79.6782	23.1595	0.00109895	-0.000521777	2
80.0613	23.9955	0.00116266	-0.000565469	2
80.4574	24.8214	0.0012273	-0.000610688	2
80.8664	25.6374	0.00129285	-0.000657408	2
81.283	26.4344	0.0013585	-0.000705041	2
81.7168	27.2309	0.00142574	-0.000754668	2
82.1628	28.0179	0.0014938	-0.000805718	2
82.6207	28.7954	0.00156262	-0.000858165	2
83.0903	29.5635	0.00163219	-0.000911982	2
83.5715	30.3224	0.00170247	-0.000967143	2
84.0639	31.0722	0.00177343	-0.00102362	2
84.5674	31.8129	0.00184503	-0.00108139	2
85.0818	32.5447	0.00191724	-0.00114043	2
85.6067	33.2678	0.00199003	-0.0012007	2
86.1421	33.9822	0.00206337	-0.00126219	2
86.6877	34.6881	0.00213723	-0.00132487	2
87.2432	35.3855	0.00221157	-0.00138871	2
87.8084	36.0746	0.00228636	-0.00145368	2
88.3832	36.7555	0.00236156	-0.00151976	2
88.9673	37.4283	0.00243716	-0.00158692	2
89.5604	38.0932	0.0025131	-0.00165514	2
90.1624	38.7502	0.00258937	-0.00172438	2
90.773	39.3995	0.00266592	-0.00179464	2
91.3921	40.0412	0.00274274	-0.00186586	2
92.0193	40.6753	0.00281977	-0.00193804	2
92.6545	41.3021	0.002897	-0.00201115	2
93.2975	41.9216	0.00297439	-0.00208515	2
93.9405	42.527	0.00305101	-0.00215916	2
94.5982	43.1324	0.00312861	-0.00223488	2
95.263	43.7309	0.00320628	-0.00231141	2
95.9346	44.3225	0.00328398	-0.00238874	2
96.613	44.9075	0.00336168	-0.00246683	2
97.2977	45.486	0.00343934	-0.00254567	2
97.9887	46.0579	0.00351694	-0.00262523	2
98.6856	46.6236	0.00359443	-0.00270547	2
99.3883	47.183	0.0036718	-0.00278638	2
100.097	47.7363	0.003749	-0.00286792	2
100.81	48.2836	0.003826	-0.00295007	2
101.529	48.825	0.00390277	-0.00303281	2
102.252	49.3607	0.00397929	-0.00311611	2
102.981	49.8907	0.0040555	-0.00319994	2
103.713	50.4153	0.0041314	-0.00328428	2
104.45	50.9344	0.00420693	-0.00336909	2
105.191	51.4482	0.00428208	-0.00345436	2
105.936	51.9569	0.0043568	-0.00354006	2
106.684	52.4604	0.00443106	-0.00362616	2
107.435	52.9591	0.00450484	-0.00371263	2
108.19	53.4529	0.0045781	-0.00379946	2
108.947	53.942	0.0046508	-0.0038866	2
109.708	54.4265	0.00472292	-0.00397405	2
110.47	54.9066	0.00479443	-0.00406176	2
111.226	55.3768	0.00486447	-0.0041487	2
111.993	55.8483	0.00493465	-0.00423688	2
112.762	56.3157	0.00500411	-0.00432524	2
113.532	56.779	0.00507283	-0.00441377	2
114.304	57.2385	0.00514077	-0.00450244	2
115.076	57.6941	0.0052079	-0.00459122	2
115.85	58.1461	0.00527418	-0.00468009	2
116.624	58.5946	0.00533959	-0.00476903	2
117.399	59.0396	0.00540409	-0.00485799	2
118.174	59.4813	0.00546765	-0.00494697	2
118.949	59.9199	0.00553024	-0.00503593	2
119.724	60.3553	0.00559182	-0.00512484	2
120.498	60.7878	0.00565236	-0.00521369	2
121.272	61.2174	0.00571183	-0.00530243	2
122.045	61.6443	0.0057702	-0.00539106	2
122.817	62.0685	0.00582744	-0.00547954	2
123.587	62.4903	0.00588351	-0.00556784	2
124.356	62.9097	0.00593838	-0.00565594	2
125.124	63.3268	0.00599201	-0.00574382	2
125.889	63.7418	0.00604439	-0.00583144	2
126.652	64.1547	0.00609546	-0.00591878	2
127.413	64.5657	0.00614521	-0.00600582	2
128.171	64.9749	0.00619359	-0.00609252	2
128.917	65.3778	0.00624005	-0.00617788	2
129.67	65.7838	0.00628564	-0.00626384	2
130.419	66.1883	0.00632976	-0.0063494	2
131.164	66.5915	0.00637239	-0.00643452	2

124.996	2.01196	-4.5588e-07	-1.40929e-07	2
124.639	3.03562	-3.93012e-05	-1.16977e-05	2
124.306	4.06205	-7.78756e-05	-2.22735e-05	2
124.001	5.07933	-0.000115726	-3.17535e-05	2
123.726	6.07595	-0.000152434	-4.00729e-05	2
123.475	7.07512	-0.000188855	-4.74513e-05	2
123.251	8.06525	-0.000224562	-5.38118e-05	2
123.054	9.04636	-0.000259558	-5.91804e-05	2
122.883	10.0185	-0.000293847	-6.35835e-05	2
122.738	10.9817	-0.000327432	-6.70469e-05	2
122.618	11.936	-0.000360315	-6.95968e-05	2
122.524	12.8814	-0.000392501	-7.12593e-05	2
122.454	13.818	-0.000423992	-7.20606e-05	2
122.409	14.7458	-0.000454792	-7.20266e-05	2
122.388	15.6649	-0.000484903	-7.11835e-05	2
122.392	16.5752	-0.00051433	-6.95574e-05	2
122.418	17.4768	-0.000543075	-6.71744e-05	2
122.468	18.3698	-0.000571141	-6.40606e-05	2
122.541	19.2542	-0.000598533	-6.0242e-05	2
122.637	20.13	-0.000625252	-5.57448e-05	2
122.755	20.9972	-0.000651303	-5.05951e-05	2
122.894	21.856	-0.000676688	-4.48189e-05	2
123.056	22.7063	-0.000701411	-3.84424e-05	2
123.238	23.5481	-0.000725476	-3.14916e-05	2
123.442	24.3816	-0.000748884	-2.39927e-05	2
123.666	25.2067	-0.00077164	-1.59717e-05	2
123.907	26.0141	-0.000793496	-7.55535e-06	2
124.171	26.8227	-0.000814964	1.42621e-06	2
124.455	27.623	-0.000835789	1.08518e-05	2
124.758	28.4151	-0.000855974	2.06955e-05	2
125.08	29.1991	-0.000875523	3.0931e-05	2
125.421	29.9749	-0.000894439	4.15322e-05	2
125.78	30.7425	-0.000912725	5.24732e-05	2
126.156	31.5022	-0.000930384	6.37278e-05	2
126.551	32.2537	-0.00094742	7.52698e-05	2
126.963	32.9973	-0.000963836	8.70733e-05	2
127.391	33.733	-0.000979634	9.91121e-05	2
127.837	34.4607	-0.000994819	0.00011136	2
128.299	35.1805	-0.00100939	0.000123791	2
128.776	35.8924	-0.00102336	0.000136379	2
129.27	36.5966	-0.00103672	0.000149098	2
129.778	37.2929	-0.00104949	0.000161922	2
130.302	37.9816	-0.00106165	0.000174825	2
130.84	38.6625	-0.00107322	0.00018778	2
131.393	39.3357	-0.0010842	0.000200762	2
131.96	40.0013	-0.00109459	0.000213744	2
132.54	40.6593	-0.0011044	0.000226701	2
133.134	41.3098	-0.00111363	0.000239606	2
133.741	41.9527	-0.00112227	0.000252433	2
134.353	42.5809	-0.00113026	0.00026501	2
134.985	43.2089	-0.00113777	0.000277605	2
135.628	43.8296	-0.0011447	0.000290044	2
136.284	44.4428	-0.00115108	0.000302301	2
136.95	45.0488	-0.00115689	0.00031435	2
137.628	45.6474	-0.00116214	0.000326164	2
138.317	46.2387	-0.00116684	0.000337719	2
139.015	46.8228	-0.00117099	0.000348987	2
139.724	47.3997	-0.00117458	0.000359943	2
140.443	47.9694	-0.00117763	0.000370561	2
141.171	48.532	-0.00118014	0.000380813	2
141.908	49.0876	-0.00118211	0.000390676	2
142.654	49.636	-0.00118354	0.000400121	2
143.408	50.1775	-0.00118444	0.000409123	2
144.17	50.7119	-0.00118481	0.000417657	2
144.94	51.2394	-0.00118466	0.000425695	2
145.718	51.76	-0.00118398	0.000433213	2
146.502	52.2738	-0.00118278	0.000440183	2
147.293	52.7807	-0.00118106	0.000446579	2
148.091	53.2808	-0.00117884	0.000452377	2
148.894	53.7741	-0.0011761	0.000457548	2
149.704	54.2607	-0.00117285	0.000462068	2
150.519	54.7406	-0.0011691	0.000465911	2
151.339	55.2138	-0.00116485	0.000469049	2
152.154	55.6751	-0.00116016	0.000471434	2
152.983	56.1352	-0.00115492	0.000473096	2
153.816	56.5888	-0.0011492	0.000473975	2
154.653	57.0359	-0.00114298	0.000474047	2
155.494	57.4765	-0.00113628	0.000473284	2
156.337	57.9106	-0.0011291	0.000471662	2
157.184	58.3383	-0.00112144	0.000469153	2
158.032	58.7597	-0.00111331	0.000465732	2
158.883	59.1748	-0.00110471	0.000461373	2
159.736	59.5835	-0.00109564	0.000456049	2
160.59	59.986	-0.0010861	0.000449734	2
161.445	60.3823	-0.0010761	0.000442403	2
162.302	60.7724	-0.00106564	0.000434029	2
163.158	61.1563	-0.00105473	0.000424587	2
164.015	61.5341	-0.00104337	0.000414049	2
164.871	61.9059	-0.00103155	0.00040239	2
165.727	62.2716	-0.0010193	0.000389584	2
166.583	62.6313	-0.0010066	0.000375605	2
167.437	62.985	-0.000993456	0.000360426	2
168.289	63.3328	-0.00097988	0.000344022	2
169.14	63.6747	-0.000965872	0.000326367	2
169.988	64.0108	-0.000951435	0.000307434	2
170.834	64.341	-0.000936571	0.000287197	2
171.668	64.6617	-0.000921463	0.000265886	2
172.508	64.9805	-0.000905762	0.000242979	2
173.344	65.2935	-0.000889645	0.00021869	2
174.177	65.6009	-0.000873114	0.000192994	2

