-125.003	2.00989	-3.65037e-09	-4.45975e-08	2
-125.265	2.86437	-1.25288e-06	-4.08523e-06	2
-125.536	3.73667	-4.37442e-06	-8.5755e-06	2
-125.813	4.61663	-9.32892e-06	-1.34554e-05	2
-126.092	5.49371	-1.5993e-05	-1.8647e-05	2
-126.379	6.38803	-2.44862e-05	-2.42559e-05	2
-126.671	7.28914	-3.47056e-05	-3.02083e-05	2
-126.967	8.19675	-4.66155e-05	-3.64889e-05	2
-127.267	9.11058	-6.01802e-05	-4.30821e-05	2
-127.571	10.0303	-7.5364e-05	-4.99727e-05	2
-127.878	10.9557	-9.21311e-05	-5.71451e-05	2
-128.187	11.8865	-0.000110446	-6.45841e-05	2
-128.499	12.8223	-0.000130273	-7.2274e-05	2
-128.813	13.7629	-0.000151575	-8.01996e-05	2
-129.128	14.7079	-0.000174319	-8.83454e-05	2
-129.444	15.6572	-0.000198467	-9.6696e-05	2
-129.762	16.6104	-0.000223984	-0.000105236	2
-130.079	17.5672	-0.000250835	-0.00011395	2
-130.396	18.5273	-0.000278983	-0.000122822	2
-130.713	19.4905	-0.000308393	-0.000131838	2
-131.03	20.4564	-0.000339029	-0.000140981	2
-131.345	21.4248	-0.000370856	-0.000150237	2
-131.658	22.3954	-0.000403838	-0.000159589	2
-131.969	23.3679	-0.000437938	-0.000169023	2
-132.278	24.342	-0.000473122	-0.000178523	2
-132.584	25.3174	-0.000509354	-0.000188074	2
-132.884	26.2826	-0.000546163	-0.000197549	2
-133.183	27.2597	-0.000584372	-0.000207154	2
-133.478	28.2374	-0.000623521	-0.000216764	2
-133.769	29.2151	-0.000663576	-0.000226363	2
-134.055	30.1928	-0.0007045	-0.000235936	2
-134.336	31.1701	-0.000746258	-0.000245467	2
-134.612	32.1466	-0.000788814	-0.000254941	2
-134.882	33.1222	-0.000832132	-0.000264342	2
-135.145	34.0965	-0.000876176	-0.000273656	2
-135.401	35.0693	-0.000920912	-0.000282866	2
-135.651	36.0402	-0.000966303	-0.000291957	2
-135.893	37.009	-0.00101231	-0.000300914	2
-136.126	37.9753	-0.00105891	-0.000309721	2
-136.352	38.9389	-0.00110605	-0.000318364	2
-136.569	39.8995	-0.0011537	-0.000326826	2
-136.777	40.8569	-0.00120183	-0.000335092	2
-136.975	41.8106	-0.0012504	-0.000343146	2
-137.164	42.7605	-0.00129938	-0.000350974	2
-137.342	43.7063	-0.00134873	-0.00035856	2
-137.509	44.6476	-0.00139841	-0.000365888	2
-137.666	45.5841	-0.00144839	-0.000372943	2
-137.811	46.5157	-0.00149863	-0.00037971	2
-137.944	47.4419	-0.00154909	-0.000386173	2
-138.064	48.3521	-0.00159917	-0.000392248	2
-138.172	49.2669	-0.00164998	-0.000398062	2
-138.268	50.1756	-0.00170091	-0.000403525	2
-138.349	51.0778	-0.00175192	-0.000408623	2
-138.418	51.9733	-0.00180299	-0.00041334	2
-138.472	52.8617	-0.00185406	-0.000417661	2
-138.511	53.7428	-0.00190512	-0.00042157	2
-138.535	54.6164	-0.00195611	-0.000425053	2
-138.544	55.482	-0.00200701	-0.000428093	2
-138.538	56.3394	-0.00205778	-0.000430675	2
-138.515	57.1884	-0.00210838	-0.000432784	2
-138.475	58.0286	-0.00215879	-0.000434405	2
-138.419	58.8598	-0.00220895	-0.000435521	2
-138.345	59.6816	-0.00225884	-0.000436118	2
-138.253	60.4938	-0.00230843	-0.00043618	2
-138.143	61.2961	-0.00235766	-0.000435692	2
-138.015	62.0882	-0.00240652	-0.000434638	2
-137.868	62.8698	-0.00245496	-0.000433003	2
-137.701	63.6406	-0.00250296	-0.000430771	2
-137.515	64.4004	-0.00255046	-0.000427927	2
-137.309	65.1488	-0.00259744	-0.000424456	2
-137.082	65.8856	-0.00264386	-0.000420342	2
-136.834	66.6104	-0.00268969	-0.00041557	2
-136.565	67.323	-0.00273488	-0.000410124	2
-136.278	68.0152	-0.00277891	-0.000404064	2
-135.965	68.7027	-0.00282275	-0.000397232	2
-135.63	69.3771	-0.00286585	-0.000389681	2
-135.272	70.0381	-0.00290817	-0.000381395	2
-134.891	70.6855	-0.00294969	-0.000372358	2
-134.486	71.3189	-0.00299037	-0.000362556	2
-134.058	71.9381	-0.00303016	-0.000351972	2
-133.604	72.5428	-0.00306905	-0.000340591	2
-133.126	73.1327	-0.00310697	-0.000328398	2
-132.623	73.7075	-0.00314392	-0.000315377	2
-132.094	74.2669	-0.00317984	-0.000301513	2
-131.539	74.8107	-0.0032147	-0.000286791	2
-130.958	75.3384	-0.00324846	-0.000271194	2
-130.35	75.85	-0.0032811	-0.000254709	2
-129.714	76.345	-0.00331257	-0.000237318	2
-129.051	76.8231	-0.00334284	-0.000219008	2
-128.36	77.2842	-0.00337188	-0.000199762	2
-127.641	77.7279	-0.00339964	-0.000179565	2
-126.893	78.1538	-0.00342609	-0.000158401	2
-126.116	78.5619	-0.0034512	-0.000136256	2
-125.309	78.9516	-0.00347492	-0.000113113	2
-124.473	79.3228	-0.00349724	-8.89581e-05	2
-123.606	79.6751	-0.0035181	-6.37748e-05	2
-122.718	80.0046	-0.00353726	-3.78554e-05	2
-121.79	80.3187	-0.00355513	-1.05819e-05	2
-120.83	80.613	-0.00357144	1.77658e-05	2
-119.838	80.8873	-0.00358616	4.7203e-05	2

-75	2.01158	-2.86701e-07	2.39705e-07	2
-75.0142	3.00203	-2.44046e-05	1.99664e-05	2
-75.0619	3.99393	-4.77384e-05	3.81636e-05	2
-75.1423	4.97584	-7.00293e-05	5.46323e-05	2
-75.253	5.93679	-9.10662e-05	6.9253e-05	2
-75.396	6.89928	-0.000111366	8.24059e-05	2
-75.5693	7.85222	-0.000130706	9.39524e-05	2
-75.772	8.79575	-0.000149115	0.000103933	2
-76.0035	9.73004	-0.000166619	0.000112389	2
-76.2628	10.6552	-0.000183248	0.000119361	2
-76.5493	11.5714	-0.000199028	0.00012489	2
-76.8621	12.4788	-0.000213988	0.000129017	2
-77.2004	13.3776	-0.000228155	0.000131782	2
-77.5634	14.2678	-0.000241558	0.000133226	2
-77.9504	15.1496	-0.000254225	0.000133391	2
-78.3604	16.0232	-0.000266182	0.000132316	2
-78.7928	16.8888	-0.000277459	0.000130043	2
-79.2468	17.7464	-0.000288082	0.000126613	2
-79.7215	18.5962	-0.000298081	0.000122066	2
-80.2161	19.4384	-0.000307482	0.000116444	2
-80.7298	20.2731	-0.000316313	0.000109786	2
-81.2619	21.1004	-0.000324603	0.000102135	2
-81.8116	21.9206	-0.000332379	9.35298e-05	2
-82.378	22.7337	-0.00033967	8.40124e-05	2
-82.9604	23.5399	-0.000346502	7.36233e-05	2
-83.5579	24.3393	-0.000352905	6.24035e-05	2
-84.1627	25.1231	-0.000358838	5.0536e-05	2
-84.788	25.9095	-0.000364468	3.77853e-05	2
-85.4261	26.6896	-0.000369751	2.43257e-05	2
-86.0762	27.4636	-0.000374715	1.01982e-05	2
-86.7374	28.2315	-0.000379388	-4.5565e-06	2
-87.4091	28.9936	-0.000383798	-1.98976e-05	2
-88.0904	29.7499	-0.000387972	-3.57842e-05	2
-88.7804	30.5007	-0.000391939	-5.21755e-05	2
-89.4785	31.246	-0.000395727	-6.90308e-05	2
-90.1838	31.986	-0.000399362	-8.63091e-05	2
-90.8954	32.7209	-0.000402874	-0.00010397	2
-91.6127	33.4507	-0.00040629	-0.000121972	2
-92.3348	34.1758	-0.000409638	-0.000140274	2
-93.061	34.8961	-0.000412945	-0.000158837	2
-93.7903	35.6119	-0.000416241	-0.000177618	2
-94.5221	36.3233	-0.000419551	-0.000196577	2
-95.2555	37.0304	-0.000422905	-0.000215674	2
-95.9898	37.7334	-0.000426331	-0.000234867	2
-96.7241	38.4324	-0.000429855	-0.000254116	2
-97.4576	39.1276	-0.000433507	-0.00027338	2
-98.1896	39.8192	-0.000437313	-0.000292618	2
-98.9192	40.5072	-0.000441302	-0.000311789	2
-99.6457	41.1918	-0.000445501	-0.000330852	2
-100.36	41.8654	-0.000449887	-0.000349551	2
-101.078	42.5438	-0.000454588	-0.000368279	2
-101.79	43.2192	-0.000459583	-0.000386777	2
-102.496	43.8918	-0.0004649	-0.000405006	2
-103.195	44.5618	-0.000470567	-0.000422922	2
-103.886	45.2293	-0.000476611	-0.000440487	2
-104.568	45.8945	-0.00048306	-0.000457659	2
-105.241	46.5574	-0.000489942	-0.000474397	2
-105.903	47.2183	-0.000497286	-0.00049066	2
-106.555	47.8772	-0.000505119	-0.000506408	2
-107.194	48.5344	-0.000513468	-0.0005216	2
-107.821	49.19	-0.000522363	-0.000536195	2
-108.434	49.8441	-0.000531829	-0.000550152	2
-109.033	50.4969	-0.000541897	-0.000563431	2
-109.617	51.1485	-0.000552592	-0.00057599	2
-110.185	51.7991	-0.000563944	-0.000587788	2
-110.736	52.4488	-0.00057598	-0.000598786	2
-111.27	53.0978	-0.000588728	-0.000608941	2
-111.786	53.7461	-0.000602216	-0.000618214	2
-112.282	54.3941	-0.000616471	-0.000626563	2
-112.759	55.0417	-0.000631522	-0.000633948	2
-113.215	55.6892	-0.000647396	-0.000640327	2
-113.649	56.3367	-0.000664122	-0.000645661	2
-114.062	56.9843	-0.000681727	-0.000649907	2
-114.447	57.6248	-0.000700021	-0.000652997	2
-114.812	58.2732	-0.000719457	-0.00065496	2
-115.153	58.9222	-0.000739855	-0.000655716	2
-115.469	59.5718	-0.000761244	-0.000655221	2
-115.758	60.2224	-0.00078365	-0.000653436	2
-116.021	60.874	-0.000807103	-0.000650319	2
-116.255	61.5268	-0.00083163	-0.00064583	2
-116.461	62.1809	-0.000857259	-0.000639928	2
-116.637	62.8364	-0.000884017	-0.000632573	2
-116.784	63.4936	-0.000911933	-0.000623723	2
-116.899	64.1525	-0.000941035	-0.000613337	2
-116.983	64.8134	-0.000971349	-0.000601375	2
-117.033	65.4763	-0.00100291	-0.000587796	2
-117.051	66.1414	-0.00103573	-0.000572559	2
-117.034	66.8088	-0.00106985	-0.000555623	2
-116.983	67.4788	-0.0011053	-0.000536948	2
-116.895	68.1513	-0.0011421	-0.000516492	2
-116.771	68.8267	-0.00118028	-0.000494215	2
-116.61	69.505	-0.00121987	-0.000470076	2
-116.41	70.1864	-0.00126089	-0.000444034	2
-116.171	70.8711	-0.00130338	-0.000416048	2
-115.893	71.5591	-0.00134736	-0.000386078	2
-115.574	72.2506	-0.00139286	-0.000354082	2
-115.218	72.9378	-0.00143936	-0.000320424	2
-114.817	73.6368	-0.00148796	-0.00028428	2
-114.372	74.3397	-0.00153817	-0.000245988	2
-113.883	75.0467	-0.00159001	-0.000205509	2

-25.0038	2.01278	-3.37823e-07	4.11341e-07	2
-25.3436	3.10057	-2.916e-05	3.51507e-05	2
-25.7081	4.17849	-5.78612e-05	6.90283e-05	2
-26.093	5.23414	-8.61156e-05	0.000101653	2
-26.4932	6.25615	-0.000113618	0.000132692	2
-26.9176	7.26863	-0.000141019	0.000162887	2
-27.3613	8.25998	-0.00016801	0.00019189	2
-27.8238	9.23055	-0.000194601	0.000219723	2
-28.3049	10.1807	-0.000220805	0.000246405	2
-28.8041	11.1109	-0.000246634	0.000271956	2
-29.3209	12.0214	-0.000272099	0.000296399	2
-29.8551	12.9127	-0.000297214	0.000319752	2
-30.4062	13.785	-0.000321988	0.000342036	2
-30.9738	14.6389	-0.000346436	0.000363273	2
-31.5576	15.4746	-0.000370568	0.000383481	2
-32.1571	16.2926	-0.000394396	0.000402683	2
-32.772	17.0931	-0.000417932	0.000420897	2
-33.4018	17.8767	-0.00044119	0.000438146	2
-34.0462	18.6436	-0.000464179	0.000454448	2
-34.7047	19.3943	-0.000486912	0.000469826	2
-35.3771	20.129	-0.000509402	0.000484298	2
-36.0628	20.8483	-0.00053166	0.000497886	2
-36.7615	21.5525	-0.000553698	0.00051061	2
-37.4728	22.2418	-0.000575528	0.000522491	2
-38.1964	22.9168	-0.000597162	0.000533549	2
-38.9317	23.5778	-0.000618612	0.000543804	2
-39.6699	24.2178	-0.000639646	0.000553173	2
-40.4275	24.8521	-0.000660765	0.000561893	2
-41.1959	25.4735	-0.000681736	0.000569872	2
-41.9744	26.0824	-0.000702571	0.00057713	2
-42.7629	26.6792	-0.000723281	0.000583688	2
-43.5608	27.2642	-0.000743878	0.000589566	2
-44.3678	27.8378	-0.000764375	0.000594784	2
-45.1834	28.4004	-0.000784784	0.000599364	2
-46.0074	28.9524	-0.000805115	0.000603325	2
-46.8392	29.4942	-0.000825382	0.000606688	2
-47.6786	30.0261	-0.000845596	0.000609473	2
-48.525	30.5484	-0.00086577	0.000611701	2
-49.3782	31.0617	-0.000885914	0.000613393	2
-50.2377	31.5662	-0.000906042	0.000614569	2
-51.1031	32.0624	-0.000926164	0.000615249	2
-51.9741	32.5505	-0.000946294	0.000615454	2
-52.8502	33.031	-0.000966442	0.000615204	2
-53.7311	33.5043	-0.000986621	0.00061452	2
-54.6163	33.9708	-0.00100684	0.000613422	2
-55.5055	34.4307	-0.00102712	0.000611931	2
-56.3983	34.8845	-0.00104746	0.000610067	2
-57.2943	35.3326	-0.00106789	0.00060785	2
-58.1931	35.7753	-0.0010884	0.000605302	2
-59.0838	36.208	-0.00110878	0.000602477	2
-59.987	36.6412	-0.0011295	0.00059933	2
-60.8918	37.0701	-0.00115036	0.000595912	2
-61.7977	37.4952	-0.00117135	0.000592243	2
-62.7046	37.9168	-0.0011925	0.000588345	2
-63.6118	38.3353	-0.0012138	0.000584238	2
-64.5191	38.751	-0.00123528	0.000579942	2
-65.4261	39.1644	-0.00125694	0.000575478	2
-66.3323	39.5758	-0.00127881	0.000570865	2
-67.2374	39.9855	-0.00130088	0.000566126	2
-68.141	40.3941	-0.00132318	0.000561279	2
-69.0427	40.8018	-0.00134571	0.000556346	2
-69.942	41.209	-0.00136848	0.000551347	2
-70.8387	41.6161	-0.00139151	0.000546303	2
-71.7322	42.0235	-0.00141482	0.000541233	2
-72.6223	42.4315	-0.0014384	0.000536159	2
-73.5085	42.8405	-0.00146228	0.000531101	2
-74.3905	43.251	-0.00148646	0.000526079	2
-75.2677	43.6632	-0.00151096	0.000521114	2
-76.1399	44.0776	-0.00153579	0.000516226	2
-77.0067	44.4945	-0.00156096	0.000511437	2
-77.8676	44.9143	-0.00158649	0.000506765	2
-78.7223	45.3373	-0.00161238	0.000502232	2
-79.5703	45.7641	-0.00163864	0.000497859	2
-80.4018	46.1899	-0.00166499	0.000493712	2
-81.2355	46.625	-0.00169204	0.000489716	2
-82.0614	47.0649	-0.00171951	0.00048594	2
-82.8791	47.5099	-0.0017474	0.000482405	2
-83.6883	47.9605	-0.00177573	0.000479132	2
-84.4884	48.4169	-0.0018045	0.00047614	2
-85.2792	48.8797	-0.00183374	0.000473451	2
-86.0602	49.3491	-0.00186345	0.000471084	2
-86.8311	49.8256	-0.00189364	0.000469061	2
-87.5914	50.3094	-0.00192433	0.000467401	2
-88.3408	50.8011	-0.00195553	0.000466125	2
-89.0789	51.3009	-0.00198725	0.000465254	2
-89.8052	51.8092	-0.0020195	0.000464809	2
-90.5194	52.3264	-0.0020523	0.000464809	2
-91.2211	52.853	-0.00208565	0.000465274	2
-91.9099	53.3892	-0.00211957	0.000466227	2
-92.5854	53.9354	-0.00215407	0.000467686	2
-93.2472	54.4921	-0.00218916	0.000469673	2
-93.8949	55.0595	-0.00222486	0.000472208	2
-94.5282	55.6381	-0.00226117	0.000475311	2
-95.1466	56.2283	-0.00229812	0.000479003	2
-95.7497	56.8303	-0.0023357	0.000483305	2
-96.3372	57.4447	-0.00237393	0.000488236	2
-96.9021	58.0645	-0.00241237	0.00049375	2
-97.4573	58.7044	-0.00245194	0.000499995	2
-97.9957	59.3577	-0.00249219	0.00050693	2
-98.5168	60.0249	-0.00253314	0.000514578	2

24.9964	2.01102	-6.75888e-07	2.5247e-07	2
24.6938	2.95865	-5.69022e-05	2.19354e-05	2
24.3949	3.91735	-0.000109994	4.38122e-05	2
24.1032	4.8761	-0.000159326	6.56318e-05	2
23.8219	5.82386	-0.000204445	8.71458e-05	2
23.5444	6.78266	-0.000246452	0.000108856	2
23.2739	7.74148	-0.000284851	0.000130514	2
23.0104	8.7003	-0.000319694	0.00015212	2
22.7538	9.65913	-0.00035103	0.000173676	2
22.504	10.6179	-0.000378912	0.000195185	2
22.2609	11.5767	-0.000403389	0.000216646	2
22.0246	12.5355	-0.000424514	0.000238062	2
21.7948	13.4942	-0.000442336	0.000259435	2
21.5716	14.4529	-0.000456906	0.000280765	2
21.3549	15.4115	-0.000468276	0.000302054	2
21.1445	16.3701	-0.000476496	0.000323304	2
20.9405	17.3286	-0.000481617	0.000344516	2
20.7428	18.287	-0.000483691	0.000365692	2
20.5512	19.2453	-0.000482767	0.000386833	2
20.3658	20.2035	-0.000478897	0.000407941	2
20.1864	21.1616	-0.000472132	0.000429016	2
20.0131	22.1196	-0.000462522	0.000450062	2
19.8456	23.0774	-0.000450119	0.000471078	2
19.684	24.0351	-0.000434974	0.000492067	2
19.5281	24.9927	-0.000417136	0.00051303	2
19.378	25.9501	-0.000396658	0.000533969	2
19.2351	26.8964	-0.000373869	0.000554644	2
19.0961	27.8534	-0.00034829	0.000575539	2
18.9626	28.8103	-0.000320223	0.000596413	2
18.8345	29.767	-0.000289717	0.000617269	2
18.7118	30.7235	-0.000256825	0.000638108	2
18.5944	31.6798	-0.000221596	0.000658932	2
18.4821	32.6359	-0.000184082	0.000679741	2
18.3751	33.5918	-0.000144334	0.000700538	2
18.2731	34.5474	-0.000102402	0.000721324	2
18.1761	35.5028	-5.83375e-05	0.0007421	2
18.0841	36.4579	-1.21912e-05	0.000762868	2
17.9969	37.4127	3.5986e-05	0.00078363	2
17.9146	38.3673	8.61432e-05	0.000804387	2
17.8369	39.3216	0.00013823	0.00082514	2
17.764	40.2756	0.000192194	0.000845891	2
17.6956	41.2294	0.000247986	0.000866641	2
17.6317	42.1828	0.000305555	0.000887392	2
17.5723	43.1359	0.000364849	0.000908146	2
17.5173	44.0886	0.000425817	0.000928903	2
17.4666	45.0411	0.00048841	0.000949666	2
17.4202	45.9932	0.000552575	0.000970435	2
17.3779	46.9449	0.000618263	0.000991213	2
17.3397	47.8963	0.000685422	0.001012	2
17.3059	48.8363	0.000753205	0.00103256	2
17.2757	49.787	0.000823138	0.00105337	2
17.2494	50.7372	0.00089439	0.0010742	2
17.2269	51.6871	0.000966911	0.00109504	2
17.2081	52.6365	0.00104065	0.0011159	2
17.1931	53.5855	0.00111555	0.00113678	2
17.1816	54.5341	0.00119157	0.00115767	2
17.1737	55.4823	0.00126866	0.00117859	2
17.1693	56.43	0.00134676	0.00119954	2
17.1683	57.3773	0.00142582	0.0012205	2
17.1706	58.3241	0.00150579	0.0012415	2
17.1763	59.2705	0.00158663	0.00126252	2
17.1851	60.2163	0.00166827	0.00128357	2
17.197	61.1617	0.00175067	0.00130465	2
17.212	62.1066	0.00183379	0.00132576	2
17.23	63.051	0.00191756	0.00134691	2
17.2509	63.9948	0.00200194	0.00136809	2
17.2746	64.9382	0.00208687	0.00138931	2
17.3012	65.881	0.00217231	0.00141057	2
17.3304	66.8232	0.0022582	0.00143186	2
17.3623	67.7649	0.0023445	0.0014532	2
17.3968	68.7061	0.00243114	0.00147458	2
17.4337	69.6467	0.00251809	0.001496	2
17.4731	70.5867	0.00260529	0.00151747	2
17.5144	71.5153	0.00269169	0.00153874	2
17.5584	72.4542	0.00277924	0.00156031	2
17.6047	73.3924	0.00286688	0.00158192	2
17.6531	74.33	0.00295457	0.00160359	2
17.7036	75.267	0.00304226	0.00162531	2
17.7561	76.2034	0.0031299	0.00164708	2
17.8106	77.1391	0.00321743	0.00166891	2
17.8669	78.0742	0.00330481	0.0016908	2
17.9251	79.0086	0.00339198	0.00171274	2
17.985	79.9424	0.00347889	0.00173475	2
18.0465	80.8755	0.00356549	0.00175682	2
18.1097	81.8079	0.00365173	0.00177895	2
18.1744	82.7396	0.00373757	0.00180114	2
18.2405	83.6706	0.00382294	0.00182341	2
18.308	84.6009	0.0039078	0.00184574	2
18.3769	85.5304	0.00399209	0.00186814	2
18.447	86.4593	0.00407578	0.00189061	2
18.5182	87.3874	0.0041588	0.00191315	2
18.5906	88.3147	0.0042411	0.00193577	2
18.6641	89.2413	0.00432263	0.00195846	2
18.7385	90.1672	0.00440335	0.00198123	2
18.8138	91.0922	0.0044832	0.00200408	2
18.8899	92.0165	0.00456214	0.002027	2
18.9659	92.9294	0.00463921	0.00204975	2
19.0435	93.852	0.00471616	0.00207284	2
19.1217	94.7739	0.00479204	0.00209601	2
19.2004	95.695	0.0048668	0.00211927	2

74.9998	2.01301	-4.83873e-07	1.85471e-07	2
75.0012	3.12074	-4.09925e-05	1.53352e-05	2
75.0315	4.21868	-7.97743e-05	2.90695e-05	2
75.0906	5.29407	-0.000116381	4.12322e-05	2
75.1768	6.33522	-0.000150465	5.17392e-05	2
75.2917	7.36661	-0.000182854	6.08637e-05	2
75.4341	8.37626	-0.000213176	6.85041e-05	2
75.6036	9.36447	-0.000241466	7.46895e-05	2
75.7997	10.3315	-0.00026776	7.94493e-05	2
76.022	11.2776	-0.000292095	8.28127e-05	2
76.2702	12.2031	-0.000314506	8.48089e-05	2
76.5437	13.1082	-0.000335029	8.54673e-05	2
76.8422	13.9932	-0.000353701	8.4817e-05	2
77.1652	14.8584	-0.000370557	8.28873e-05	2
77.5123	15.704	-0.000385632	7.97076e-05	2
77.8831	16.5304	-0.000398964	7.53069e-05	2
78.2773	17.3377	-0.000410588	6.97147e-05	2
78.6943	18.1264	-0.00042054	6.29601e-05	2
79.1337	18.8965	-0.000428855	5.50724e-05	2
79.5951	19.6485	-0.00043557	4.60809e-05	2
80.0782	20.3825	-0.000440721	3.60148e-05	2
80.5824	21.0989	-0.000444343	2.49034e-05	2
81.1075	21.798	-0.000446473	1.27759e-05	2
81.6528	22.4799	-0.000447147	-3.38436e-07	2
82.2181	23.145	-0.0004464	-1.44103e-05	2
82.8029	23.7935	-0.000444268	-2.94105e-05	2
83.3998	24.4186	-0.000440836	-4.51219e-05	2
84.0221	25.035	-0.000436058	-6.18811e-05	2
84.6627	25.6357	-0.000430002	-7.94811e-05	2
85.3212	26.2209	-0.000422706	-9.78928e-05	2
85.997	26.7909	-0.000414204	-0.000117087	2
86.6899	27.3459	-0.000404532	-0.000137034	2
87.3993	27.8863	-0.000393727	-0.000157705	2
88.1249	28.4123	-0.000381825	-0.00017907	2
88.8662	28.9242	-0.000368861	-0.000201101	2
89.6229	29.4223	-0.000354872	-0.000223768	2
90.3945	29.9068	-0.000339892	-0.000247042	2
91.1805	30.378	-0.000323959	-0.000270893	2
91.9806	30.8361	-0.000307108	-0.000295293	2
92.7943	31.2816	-0.000289376	-0.000320211	2
93.6213	31.7145	-0.000270797	-0.00034562	2
94.4611	32.1352	-0.000251408	-0.000371489	2
95.3132	32.544	-0.000231245	-0.000397789	2
96.1774	32.9411	-0.000210344	-0.000424491	2
97.053	33.3268	-0.000188741	-0.000451567	2
97.9398	33.7014	-0.000166472	-0.000478985	2
98.8374	34.0651	-0.000143572	-0.000506718	2
99.7452	34.4183	-0.000120078	-0.000534736	2
100.663	34.7611	-9.60256e-05	-0.000563009	2
101.579	35.0902	-7.17359e-05	-0.000591181	2
102.515	35.4134	-4.66796e-05	-0.000619876	2
103.46	35.727	-2.11724e-05	-0.000648739	2
104.413	36.0315	4.75002e-06	-0.000677742	2
105.373	36.327	3.10516e-05	-0.000706854	2
106.341	36.6138	5.76963e-05	-0.000736047	2
107.316	36.8922	8.46484e-05	-0.000765291	2
108.298	37.1625	0.000111872	-0.000794558	2
109.285	37.4249	0.000139331	-0.000823817	2
110.279	37.6797	0.000166989	-0.000853039	2
111.277	37.9273	0.000194811	-0.000882196	2
112.28	38.1677	0.00022276	-0.000911258	2
113.288	38.4014	0.000250801	-0.000940195	2
114.3	38.6286	0.000278898	-0.000968979	2
115.315	38.8495	0.000307015	-0.00099758	2
116.334	39.0645	0.000335115	-0.00102597	2
117.355	39.2738	0.000363163	-0.00105412	2
118.379	39.4777	0.000391124	-0.00108199	2
119.404	39.6765	0.00041896	-0.00110957	2
120.431	39.8703	0.000446636	-0.00113682	2
121.459	40.0596	0.000474117	-0.00116371	2
122.488	40.2446	0.000501366	-0.00119021	2
123.517	40.4255	0.000528347	-0.0012163	2
124.546	40.6026	0.000555024	-0.00124194	2
125.562	40.7742	0.000581061	-0.00126682	2
126.589	40.9446	0.000607028	-0.00129148	2
127.615	41.112	0.000632584	-0.00131562	2
128.639	41.2767	0.000657693	-0.00133919	2
129.66	41.439	0.000682318	-0.00136216	2
130.679	41.5992	0.000706425	-0.00138452	2
131.695	41.7575	0.000729977	-0.00140623	2
132.707	41.9141	0.000752939	-0.00142725	2
133.715	42.0694	0.000775273	-0.00144757	2
134.719	42.2237	0.000796945	-0.00146715	2
135.718	42.3771	0.000817919	-0.00148596	2
136.712	42.53	0.000838157	-0.00150397	2
137.7	42.6827	0.000857626	-0.00152116	2
138.682	42.8354	0.000876288	-0.00153749	2
139.658	42.9884	0.000894108	-0.00155294	2
140.626	43.142	0.000911049	-0.00156748	2
141.588	43.2963	0.000927076	-0.00158107	2
142.542	43.4518	0.000942153	-0.00159369	2
143.487	43.6087	0.000956244	-0.00160531	2
144.424	43.7673	0.000969313	-0.00161589	2
145.352	43.9277	0.000981325	-0.00162542	2
146.271	44.0904	0.000992242	-0.00163386	2
147.179	44.2555	0.00100203	-0.00164117	2
148.068	44.4214	0.00101056	-0.00164728	2
148.956	44.5922	0.00101799	-0.00165229	2
149.833	44.7664	0.00102419	-0.00165609	2
150.698	44.944	0.00102911	-0.00165865	2

124.993	2.01234	-5.25742e-07	2.52738e-07	2
124.402	3.06898	-4.51979e-05	2.16393e-05	2
123.838	4.12869	-8.93072e-05	4.2578e-05	2
123.309	5.17912	-0.000132339	6.28245e-05	2
122.819	6.20839	-0.000173827	8.21661e-05	2
122.357	7.24042	-0.000214747	0.000101061	2
121.927	8.26322	-0.000254622	0.000119288	2
121.53	9.27679	-0.000293463	0.000136856	2
121.166	10.2811	-0.00033128	0.000153774	2
120.833	11.2763	-0.000368085	0.000170049	2
120.532	12.2622	-0.000403887	0.00018569	2
120.262	13.239	-0.000438699	0.000200705	2
120.023	14.2066	-0.00047253	0.000215103	2
119.814	15.165	-0.000505392	0.000228891	2
119.635	16.1143	-0.000537296	0.000242079	2
119.485	17.0544	-0.000568253	0.000254674	2
119.364	17.9854	-0.000598272	0.000266685	2
119.272	18.9073	-0.000627366	0.00027812	2
119.209	19.8201	-0.000655545	0.000288987	2
119.173	20.7237	-0.00068282	0.000299295	2
119.164	21.6183	-0.000709202	0.000309052	2
119.183	22.5038	-0.000734701	0.000318266	2
119.229	23.3802	-0.000759329	0.000326946	2
119.3	24.2476	-0.000783097	0.0003351	2
119.398	25.1059	-0.000806015	0.000342737	2
119.521	25.9551	-0.000828094	0.000349863	2
119.668	26.7858	-0.000849105	0.000356416	2
119.84	27.6171	-0.000869548	0.000362554	2
120.037	28.4394	-0.000889185	0.000368208	2
120.258	29.2527	-0.000908027	0.000373386	2
120.503	30.0571	-0.000926083	0.000378096	2
120.77	30.8524	-0.000943366	0.000382346	2
121.061	31.6388	-0.000959887	0.000386145	2
121.373	32.4163	-0.000975655	0.000389501	2
121.708	33.1847	-0.000990682	0.000392422	2
122.064	33.9443	-0.00100498	0.000394917	2
122.441	34.6949	-0.00101856	0.000396993	2
122.839	35.4366	-0.00103142	0.00039866	2
123.257	36.1695	-0.0010436	0.000399926	2
123.695	36.8934	-0.00105508	0.000400798	2
124.153	37.6084	-0.00106589	0.000401286	2
124.63	38.3146	-0.00107603	0.000401397	2
125.125	39.0119	-0.00108552	0.00040114	2
125.639	39.7004	-0.00109437	0.000400523	2
126.171	40.38	-0.00110258	0.000399555	2
126.721	41.0508	-0.00111017	0.000398243	2
127.287	41.7127	-0.00111715	0.000396596	2
127.871	42.3659	-0.00112353	0.000394623	2
128.471	43.0102	-0.00112933	0.000392332	2
129.079	43.6386	-0.00113448	0.000389762	2
129.71	44.2654	-0.00113914	0.000386862	2
130.357	44.8836	-0.00114324	0.000383669	2
131.018	45.4929	-0.00114679	0.00038019	2
131.693	46.0936	-0.0011498	0.000376435	2
132.382	46.6854	-0.0011523	0.000372412	2
133.085	47.2686	-0.00115428	0.000368128	2
133.802	47.843	-0.00115575	0.000363592	2
134.53	48.4088	-0.00115674	0.000358813	2
135.272	48.9658	-0.00115724	0.000353798	2
136.025	49.5142	-0.00115728	0.000348557	2
136.79	50.0539	-0.00115686	0.000343097	2
137.566	50.5849	-0.00115599	0.000337426	2
138.353	51.1073	-0.00115468	0.000331554	2
139.15	51.621	-0.00115295	0.000325488	2
139.958	52.1261	-0.0011508	0.000319236	2
140.775	52.6226	-0.00114825	0.000312808	2
141.601	53.1104	-0.0011453	0.000306211	2
142.436	53.5897	-0.00114197	0.000299453	2
143.279	54.0604	-0.00113827	0.000292543	2
144.13	54.5225	-0.00113421	0.00028549	2
144.989	54.976	-0.0011298	0.0002783	2
145.856	55.421	-0.00112505	0.000270984	2
146.729	55.8574	-0.00111997	0.000263549	2
147.598	56.2804	-0.00111463	0.000256091	2
148.483	56.6999	-0.00110893	0.000248444	2
149.374	57.1108	-0.00110294	0.000240703	2
150.271	57.5132	-0.00109666	0.000232877	2
151.172	57.9072	-0.00109011	0.000224973	2
152.077	58.2926	-0.00108329	0.000217	2
152.987	58.6696	-0.00107622	0.000208966	2
153.9	59.0381	-0.00106891	0.00020088	2
154.817	59.3982	-0.00106137	0.00019275	2
155.736	59.7498	-0.0010536	0.000184584	2
156.658	60.093	-0.00104563	0.00017639	2
157.582	60.4277	-0.00103747	0.000168178	2
158.507	60.7541	-0.00102911	0.000159954	2
159.434	61.072	-0.00102058	0.000151728	2
160.362	61.3816	-0.00101188	0.000143507	2
161.29	61.6827	-0.00100303	0.000135301	2
162.218	61.9755	-0.000994036	0.000127117	2
163.146	62.26	-0.000984908	0.000118964	2
164.073	62.5361	-0.000975658	0.000110849	2
164.999	62.8038	-0.000966298	0.000102782	2
165.923	63.0632	-0.000956837	9.47712e-05	2
166.846	63.3143	-0.000947287	8.68238e-05	2
167.766	63.5571	-0.000937658	7.89487e-05	2
168.673	63.789	-0.000928074	7.12432e-05	2
169.587	64.0153	-0.000918322	6.35365e-05	2
170.498	64.2333	-0.000908524	5.59269e-05	2
171.405	64.4431	-0.000898691	4.84227e-05	2

