-124.999	2.01262	-7.62539e-08	8.49622e-08	2
-124.929	3.08901	-5.38282e-06	6.25206e-06	2
-124.836	4.16073	-8.26353e-06	1.02211e-05	2
-124.72	5.21533	-8.6867e-06	1.19414e-05	2
-124.585	6.24117	-6.73327e-06	1.14655e-05	2
-124.426	7.26228	-2.40194e-06	8.81635e-06	2
-124.247	8.26682	4.25381e-06	4.02114e-06	2
-124.046	9.25497	1.31894e-05	-2.88578e-06	2
-123.825	10.2269	2.43604e-05	-1.18701e-05	2
-123.584	11.1828	3.77221e-05	-2.28973e-05	2
-123.323	12.1229	5.323e-05	-3.59333e-05	2
-123.042	13.0473	7.08396e-05	-5.09436e-05	2
-122.741	13.9562	9.05064e-05	-6.78938e-05	2
-122.422	14.8498	0.000112186	-8.67496e-05	2
-122.084	15.7283	0.000135833	-0.000107477	2
-121.728	16.5918	0.000161404	-0.000130041	2
-121.353	17.4406	0.000188854	-0.000154408	2
-120.961	18.2748	0.000218138	-0.000180542	2
-120.551	19.0945	0.000249212	-0.000208411	2
-120.124	19.9001	0.000282031	-0.00023798	2
-119.679	20.6916	0.000316551	-0.000269213	2
-119.219	21.4693	0.000352727	-0.000302077	2
-118.742	22.2333	0.000390515	-0.000336538	2
-118.249	22.9838	0.00042987	-0.000372561	2
-117.74	23.721	0.000470747	-0.000410112	2
-117.216	24.445	0.000513103	-0.000449157	2
-116.683	25.148	0.000556381	-0.000489186	2
-116.129	25.8465	0.000601543	-0.000531098	2
-115.561	26.5324	0.00064805	-0.000574401	2
-114.978	27.2058	0.000695857	-0.000619061	2
-114.382	27.8671	0.00074492	-0.000665042	2
-113.772	28.5162	0.000795194	-0.000712311	2
-113.149	29.1536	0.000846635	-0.000760834	2
-112.513	29.7792	0.000899198	-0.000810576	2
-111.864	30.3933	0.000952839	-0.000861502	2
-111.203	30.9961	0.00100751	-0.000913579	2
-110.529	31.5877	0.00106317	-0.000966772	2
-109.844	32.1684	0.00111978	-0.00102105	2
-109.148	32.7383	0.00117729	-0.00107637	2
-108.44	33.2976	0.00123565	-0.0011327	2
-107.722	33.8464	0.00129482	-0.00119002	2
-106.993	34.3851	0.00135475	-0.00124828	2
-106.253	34.9136	0.00141541	-0.00130744	2
-105.504	35.4323	0.00147674	-0.00136749	2
-104.746	35.9413	0.00153871	-0.00142837	2
-103.977	36.4408	0.00160126	-0.00149006	2
-103.2	36.9309	0.00166436	-0.00155253	2
-102.414	37.4119	0.00172796	-0.00161573	2
-101.62	37.8839	0.001792	-0.00167964	2
-100.827	38.3418	0.00185572	-0.00174347	2
-100.017	38.7965	0.00192054	-0.00180867	2
-99.1994	39.2427	0.00198568	-0.00187448	2
-98.3746	39.6807	0.00205109	-0.00194085	2
-97.5429	40.1107	0.00211674	-0.00200775	2
-96.7047	40.5327	0.00218258	-0.00207516	2
-95.8601	40.9471	0.00224855	-0.00214302	2
-95.0095	41.3539	0.00231463	-0.00221132	2
-94.1533	41.7533	0.00238076	-0.00228001	2
-93.2917	42.1456	0.0024469	-0.00234906	2
-92.425	42.5309	0.002513	-0.00241844	2
-91.5536	42.9094	0.00257902	-0.00248811	2
-90.6777	43.2813	0.00264492	-0.00255804	2
-89.7976	43.6467	0.00271065	-0.0026282	2
-88.9137	44.0058	0.00277616	-0.00269854	2
-88.0262	44.3589	0.00284142	-0.00276903	2
-87.1355	44.7061	0.00290637	-0.00283965	2
-86.2418	45.0476	0.00297097	-0.00291035	2
-85.3455	45.3835	0.00303519	-0.00298111	2
-84.4469	45.714	0.00309896	-0.00305188	2
-83.5462	46.0394	0.00316226	-0.00312263	2
-82.6438	46.3598	0.00322503	-0.00319334	2
-81.7399	46.6754	0.00328723	-0.00326395	2
-80.835	46.9863	0.00334881	-0.00333445	2
-79.9396	47.2893	0.00340904	-0.00340399	2
-79.0333	47.5916	0.00346927	-0.00347414	2
-78.1268	47.8897	0.00352875	-0.00354408	2
-77.2204	48.184	0.00358744	-0.00361375	2
-76.3144	48.4745	0.0036453	-0.00368314	2
-75.4091	48.7615	0.00370227	-0.0037522	2
-74.5048	49.0451	0.00375831	-0.0038209	2
-73.6018	49.3255	0.00381339	-0.00388921	2
-72.7004	49.6029	0.00386745	-0.00395708	2
-71.8009	49.8775	0.00392045	-0.0040245	2
-70.9036	50.1494	0.00397234	-0.00409141	2
-70.0088	50.4189	0.00402309	-0.0041578	2
-69.1169	50.6861	0.00407264	-0.00422362	2
-68.2281	50.9511	0.00412096	-0.00428883	2
-67.3427	51.2143	0.00416799	-0.00435342	2
-66.4611	51.4757	0.00421369	-0.00441733	2
-65.5835	51.7356	0.00425803	-0.00448054	2
-64.7103	51.994	0.00430095	-0.00454301	2
-63.8417	52.2513	0.0043424	-0.00460471	2
-62.978	52.5076	0.00438235	-0.00466561	2
-62.1196	52.763	0.00442076	-0.00472566	2
-61.2668	53.0178	0.00445756	-0.00478484	2
-60.4198	53.2721	0.00449273	-0.0048431	2
-59.5887	53.5231	0.00452584	-0.00489978	2
-58.7543	53.777	0.00455762	-0.00495613	2
-57.9266	54.031	0.00458763	-0.00501148	2
-57.1061	54.2852	0.00461581	-0.00506578	2

-75.0054	2.01187	-6.09022e-07	6.30148e-08	2
-75.4588	3.02882	-5.22261e-05	5.4847e-06	2
-75.887	4.04958	-0.000102928	1.09702e-05	2
-76.2848	5.0623	-0.000152123	1.64504e-05	2
-76.6486	6.05547	-0.000199288	2.18564e-05	2
-76.9871	7.0522	-0.000245536	2.73078e-05	2
-77.2964	8.04088	-0.000290328	3.27355e-05	2
-77.5767	9.02153	-0.000333679	3.81334e-05	2
-77.8285	9.99414	-0.000375607	4.34954e-05	2
-78.0521	10.9587	-0.000416129	4.88152e-05	2
-78.2478	11.9153	-0.000455261	5.40869e-05	2
-78.416	12.8638	-0.00049302	5.93042e-05	2
-78.5571	13.8043	-0.000529424	6.4461e-05	2
-78.6713	14.7368	-0.000564488	6.95512e-05	2
-78.7591	15.6613	-0.000598231	7.45686e-05	2
-78.8208	16.5777	-0.000630668	7.95071e-05	2
-78.8568	17.4861	-0.000661816	8.43605e-05	2
-78.8674	18.3866	-0.000691693	8.91227e-05	2
-78.8529	19.279	-0.000720314	9.37876e-05	2
-78.8138	20.1634	-0.000747698	9.83491e-05	2
-78.7503	21.0398	-0.000773861	0.000102801	2
-78.6629	21.9083	-0.000798819	0.000107137	2
-78.5518	22.7687	-0.000822589	0.000111351	2
-78.4175	23.6211	-0.000845189	0.000115437	2
-78.2603	24.4656	-0.000866635	0.000119389	2
-78.0805	25.302	-0.000886943	0.000123201	2
-77.8809	26.121	-0.000905918	0.000126825	2
-77.6573	26.9416	-0.000924015	0.00013034	2
-77.4121	27.7542	-0.000941026	0.000133696	2
-77.1459	28.5588	-0.000956967	0.000136887	2
-76.8588	29.3555	-0.000971854	0.000139907	2
-76.5512	30.1442	-0.000985706	0.00014275	2
-76.2236	30.9249	-0.000998538	0.00014541	2
-75.8763	31.6976	-0.00101037	0.00014788	2
-75.5095	32.4624	-0.00102121	0.000150155	2
-75.1237	33.2193	-0.00103108	0.000152229	2
-74.7193	33.9681	-0.00104001	0.000154095	2
-74.2965	34.7091	-0.00104799	0.000155746	2
-73.8557	35.442	-0.00105506	0.000157178	2
-73.3974	36.1671	-0.00106123	0.000158384	2
-72.9217	36.8841	-0.00106651	0.000159357	2
-72.4291	37.5933	-0.00107092	0.000160092	2
-71.92	38.2945	-0.00107449	0.000160582	2
-71.3947	38.9877	-0.00107721	0.000160822	2
-70.8535	39.673	-0.00107913	0.000160804	2
-70.2968	40.3504	-0.00108024	0.000160524	2
-69.725	41.0199	-0.00108056	0.000159975	2
-69.1384	41.6814	-0.00108012	0.00015915	2
-68.5373	42.335	-0.00107893	0.000158044	2
-67.9293	42.9733	-0.00107703	0.000156668	2
-67.3006	43.6112	-0.0010744	0.000154984	2
-66.6585	44.2411	-0.00107106	0.000153	2
-66.0033	44.8632	-0.00106705	0.00015071	2
-65.3355	45.4773	-0.00106237	0.000148109	2
-64.6553	46.0835	-0.00105703	0.000145189	2
-63.9632	46.6818	-0.00105107	0.000141945	2
-63.2595	47.2723	-0.00104449	0.00013837	2
-62.5444	47.8548	-0.00103731	0.000134459	2
-61.8185	48.4294	-0.00102955	0.000130205	2
-61.082	48.9961	-0.00102122	0.000125602	2
-60.3354	49.5549	-0.00101235	0.000120644	2
-59.5788	50.1059	-0.00100294	0.000115325	2
-58.8128	50.649	-0.000993019	0.000109639	2
-58.0376	51.1841	-0.000982599	0.000103579	2
-57.2536	51.7114	-0.000971699	9.71401e-05	2
-56.4612	52.2309	-0.000960334	9.03152e-05	2
-55.6607	52.7424	-0.000948521	8.30984e-05	2
-54.8525	53.2461	-0.000936278	7.54836e-05	2
-54.0368	53.7419	-0.000923621	6.74647e-05	2
-53.2142	54.2299	-0.000910567	5.90355e-05	2
-52.3849	54.7099	-0.000897132	5.019e-05	2
-51.5493	55.1822	-0.000883335	4.09219e-05	2
-50.7077	55.6465	-0.00086919	3.12252e-05	2
-49.8702	56.0979	-0.000854885	2.12126e-05	2
-49.0178	56.5466	-0.000840101	1.06452e-05	2
-48.1605	56.9875	-0.000825022	-3.69267e-07	2
-47.2986	57.4206	-0.000809663	-1.18368e-05	2
-46.4325	57.8458	-0.000794042	-2.37637e-05	2
-45.5626	58.2632	-0.000778174	-3.6156e-05	2
-44.6891	58.6727	-0.000762078	-4.90199e-05	2
-43.8125	59.0744	-0.00074577	-6.23615e-05	2
-42.9332	59.4683	-0.000729266	-7.61869e-05	2
-42.0514	59.8543	-0.000712585	-9.05024e-05	2
-41.1675	60.2325	-0.000695741	-0.000105314	2
-40.2818	60.6029	-0.000678753	-0.000120628	2
-39.3948	60.9655	-0.000661636	-0.00013645	2
-38.5068	61.3202	-0.000644409	-0.000152787	2
-37.6181	61.6672	-0.000627087	-0.000169644	2
-36.7291	62.0063	-0.000609688	-0.000187028	2
-35.8401	62.3376	-0.000592228	-0.000204946	2
-34.9515	62.6611	-0.000574725	-0.000223402	2
-34.0636	62.9768	-0.000557194	-0.000242403	2
-33.1769	63.2847	-0.000539653	-0.000261956	2
-32.2916	63.5848	-0.000522119	-0.000282067	2
-31.408	63.8771	-0.000504609	-0.000302741	2
-30.5267	64.1616	-0.000487139	-0.000323985	2
-29.6579	64.4352	-0.000469925	-0.000345551	2
-28.7819	64.7042	-0.000452585	-0.000367946	2
-27.9091	64.9654	-0.000435336	-0.000390929	2
-27.0398	65.2189	-0.000418194	-0.000414506	2

-25.0031	2.0103	1.27417e-07	-2.64968e-07	2
-25.2702	2.89977	9.95172e-06	-2.26639e-05	2
-25.5412	3.80709	1.764e-05	-4.45481e-05	2
-25.8129	4.72166	2.311e-05	-6.56618e-05	2
-26.0818	5.63256	2.63813e-05	-8.57844e-05	2
-26.3538	6.56067	2.75748e-05	-0.000105393	2
-26.6256	7.49513	2.66853e-05	-0.000124258	2
-26.8969	8.43566	2.3758e-05	-0.00014239	2
-27.1673	9.38195	1.88381e-05	-0.000159796	2
-27.4366	10.3337	1.19709e-05	-0.000176486	2
-27.7045	11.2906	3.20164e-06	-0.00019247	2
-27.9708	12.2524	-7.42445e-06	-0.000207756	2
-28.2351	13.2187	-1.98621e-05	-0.000222354	2
-28.4971	14.1893	-3.40662e-05	-0.000236273	2
-28.7565	15.1639	-4.99913e-05	-0.000249521	2
-29.0132	16.1422	-6.75924e-05	-0.000262108	2
-29.2667	17.1238	-8.6824e-05	-0.000274043	2
-29.5167	18.1084	-0.000107641	-0.000285336	2
-29.7631	19.0959	-0.000129998	-0.000295995	2
-30.0055	20.0858	-0.00015385	-0.000306029	2
-30.2437	21.0779	-0.000179152	-0.000315448	2
-30.4773	22.0719	-0.000205859	-0.000324261	2
-30.706	23.0674	-0.000233924	-0.000332477	2
-30.9296	24.0642	-0.000263304	-0.000340104	2
-31.1477	25.062	-0.000293952	-0.000347153	2
-31.3602	26.0605	-0.000325823	-0.000353633	2
-31.5643	27.0478	-0.000358487	-0.000359486	2
-31.7645	28.0467	-0.000392657	-0.00036486	2
-31.9582	29.0455	-0.000427915	-0.000369691	2
-32.145	30.0436	-0.000464217	-0.000373988	2
-32.3247	31.041	-0.000501516	-0.000377762	2
-32.4969	32.0373	-0.000539768	-0.000381021	2
-32.6614	33.0321	-0.000578927	-0.000383773	2
-32.8179	34.0252	-0.000618949	-0.000386029	2
-32.9661	35.0163	-0.000659787	-0.000387798	2
-33.1057	36.0052	-0.000701396	-0.000389088	2
-33.2365	36.9913	-0.000743733	-0.000389908	2
-33.358	37.9746	-0.00078675	-0.000390268	2
-33.4702	38.9547	-0.000830403	-0.000390178	2
-33.5726	39.9313	-0.000874647	-0.000389645	2
-33.665	40.904	-0.000919436	-0.000388679	2
-33.747	41.8727	-0.000964726	-0.00038729	2
-33.8185	42.8369	-0.00101047	-0.000385486	2
-33.8791	43.7965	-0.00105662	-0.000383277	2
-33.9285	44.751	-0.00110314	-0.000380672	2
-33.9665	45.7003	-0.00114998	-0.000377679	2
-33.9927	46.6439	-0.00119709	-0.000374309	2
-34.0068	47.5816	-0.00124443	-0.000370569	2
-34.0087	48.5132	-0.00129196	-0.00036647	2
-33.9981	49.4276	-0.00133907	-0.000362073	2
-33.9746	50.3459	-0.00138682	-0.000357286	2
-33.9379	51.2572	-0.00143463	-0.000352166	2
-33.8877	52.161	-0.00148243	-0.000346723	2
-33.8238	53.0571	-0.0015302	-0.000340965	2
-33.7458	53.9453	-0.00157787	-0.000334903	2
-33.6535	54.8252	-0.00162542	-0.000328545	2
-33.5466	55.6964	-0.00167278	-0.000321899	2
-33.4247	56.5588	-0.00171993	-0.000314977	2
-33.2877	57.412	-0.0017668	-0.000307785	2
-33.1352	58.2557	-0.00181336	-0.000300335	2
-32.9669	59.0896	-0.00185956	-0.000292634	2
-32.7826	59.9135	-0.00190536	-0.000284692	2
-32.5819	60.7269	-0.00195071	-0.000276517	2
-32.3645	61.5297	-0.00199556	-0.000268121	2
-32.1303	62.3215	-0.00203988	-0.00025951	2
-31.8788	63.102	-0.00208361	-0.000250695	2
-31.6099	63.8709	-0.0021267	-0.000241684	2
-31.3231	64.628	-0.00216913	-0.000232487	2
-31.0183	65.3729	-0.00221083	-0.000223113	2
-30.6951	66.1052	-0.00225177	-0.000213571	2
-30.3533	66.8249	-0.00229189	-0.000203869	2
-29.9926	67.5314	-0.00233116	-0.000194018	2
-29.6126	68.2246	-0.00236953	-0.000184027	2
-29.2178	68.8963	-0.00240652	-0.000174021	2
-28.7987	69.562	-0.00244296	-0.000163777	2
-28.3596	70.2134	-0.00247837	-0.000153419	2
-27.9001	70.8503	-0.00251269	-0.000142957	2
-27.4199	71.4722	-0.00254588	-0.000132401	2
-26.9188	72.0791	-0.0025779	-0.000121758	2
-26.3965	72.6704	-0.0026087	-0.000111038	2
-25.8526	73.246	-0.00263824	-0.000100251	2
-25.2869	73.8055	-0.00266647	-8.94052e-05	2
-24.6992	74.3487	-0.00269335	-7.85099e-05	2
-24.089	74.8752	-0.00271883	-6.75743e-05	2
-23.4562	75.3847	-0.00274287	-5.66076e-05	2
-22.8004	75.877	-0.00276541	-4.56188e-05	2
-22.1214	76.3517	-0.00278642	-3.46172e-05	2
-21.4188	76.8085	-0.00280585	-2.36118e-05	2
-20.6924	77.2472	-0.00282366	-1.26117e-05	2
-19.9419	77.6675	-0.00283979	-1.62622e-06	2
-19.167	78.069	-0.00285422	9.33567e-06	2
-18.3675	78.4514	-0.00286687	2.02648e-05	2
-17.5429	78.8145	-0.00287773	3.1152e-05	2
-16.6931	79.1579	-0.00288673	4.19881e-05	2
-15.8178	79.4814	-0.00289384	5.27641e-05	2
-14.9166	79.7846	-0.002899	6.34708e-05	2
-14.0001	80.0641	-0.00290215	7.39774e-05	2
-13.0466	80.3262	-0.00290332	8.45191e-05	2
-12.0665	80.5671	-0.00290241	9.49642e-05	2
-11.0595	80.7866	-0.00289938	0.000105304	2

25.0007	2.01091	-1.56022e-07	2.26974e-07	2
25.043	2.94636	-1.33885e-05	1.88557e-05	2
25.0502	3.88757	-2.64098e-05	3.59344e-05	2
25.0227	4.82367	-3.90756e-05	5.12744e-05	2
24.9621	5.74402	-5.12581e-05	6.4767e-05	2
24.8678	6.67005	-6.32524e-05	7.67641e-05	2
24.7413	7.59107	-7.49268e-05	8.71377e-05	2
24.5834	8.50713	-8.6293e-05	9.59263e-05	2
24.3949	9.41824	-9.73631e-05	0.000103168	2
24.1768	10.3245	-0.000108149	0.000108902	2
23.9297	11.2258	-0.000118662	0.000113167	2
23.6547	12.1223	-0.000128915	0.000116	2
23.3525	13.0141	-0.000138919	0.000117441	2
23.024	13.9011	-0.000148686	0.000117528	2
22.6702	14.7833	-0.000158228	0.000116299	2
22.2917	15.6609	-0.000167557	0.000113793	2
21.8895	16.5338	-0.000176685	0.000110049	2
21.4644	17.4021	-0.000185623	0.000105105	2
21.0173	18.2658	-0.000194384	9.89991e-05	2
20.549	19.125	-0.000202979	9.17703e-05	2
20.0605	19.9797	-0.000211421	8.3457e-05	2
19.5525	20.8299	-0.00021972	7.40977e-05	2
19.0258	21.6757	-0.00022789	6.37309e-05	2
18.4815	22.5171	-0.000235942	5.23951e-05	2
17.9202	23.3541	-0.000243887	4.01288e-05	2
17.3429	24.1868	-0.000251738	2.69705e-05	2
16.7573	25.0057	-0.000259417	1.31244e-05	2
16.1506	25.8299	-0.000267115	-1.69319e-06	2
15.5305	26.6499	-0.000274755	-1.72877e-05	2
14.8977	27.4657	-0.000282347	-3.36207e-05	2
14.2531	28.2774	-0.000289904	-5.06536e-05	2
13.5977	29.0849	-0.000297438	-6.83479e-05	2
12.9321	29.8884	-0.000304961	-8.66652e-05	2
12.2573	30.6878	-0.000312484	-0.000105567	2
11.5742	31.4833	-0.000320019	-0.000125014	2
10.8836	32.2747	-0.000327578	-0.000144969	2
10.1863	33.0622	-0.000335174	-0.000165393	2
9.48316	33.8459	-0.000342817	-0.000186247	2
8.77512	34.6257	-0.00035052	-0.000207494	2
8.06298	35.4016	-0.000358295	-0.000229093	2
7.34761	36.1738	-0.000366153	-0.000251008	2
6.62985	36.9422	-0.000374107	-0.000273198	2
5.91057	37.7069	-0.000382168	-0.000295627	2
5.1906	38.4679	-0.000390348	-0.000318255	2
4.47082	39.2252	-0.000398659	-0.000341044	2
3.75207	39.979	-0.000407113	-0.000363955	2
3.03521	40.7292	-0.000415722	-0.000386951	2
2.32108	41.4758	-0.000424497	-0.000409991	2
1.61055	42.219	-0.000433451	-0.000433039	2
0.91256	42.9502	-0.000442489	-0.00045579	2
0.211718	43.6865	-0.000451833	-0.000478737	2
-0.482978	44.4194	-0.000461391	-0.000501576	2
-1.17067	45.1489	-0.000471175	-0.000524267	2
-1.85051	45.8751	-0.000481197	-0.000546774	2
-2.52164	46.5981	-0.000491468	-0.000569057	2
-3.18321	47.3178	-0.000502001	-0.000591077	2
-3.83435	48.0342	-0.000512807	-0.000612797	2
-4.47423	48.7475	-0.000523898	-0.000634178	2
-5.10198	49.4577	-0.000535287	-0.000655181	2
-5.71675	50.1647	-0.000546984	-0.000675768	2
-6.31769	50.8687	-0.000559002	-0.0006959	2
-6.90394	51.5696	-0.000571353	-0.000715539	2
-7.47464	52.2676	-0.000584048	-0.000734646	2
-8.02895	52.9625	-0.0005971	-0.000753183	2
-8.56601	53.6546	-0.00061052	-0.000771111	2
-9.08497	54.3437	-0.00062432	-0.000788392	2
-9.58496	55.03	-0.000638512	-0.000804987	2
-10.0651	55.7135	-0.000653108	-0.000820858	2
-10.5247	56.3942	-0.00066812	-0.000835966	2
-10.9627	57.0722	-0.00068356	-0.000850273	2
-11.3783	57.7474	-0.000699439	-0.00086374	2
-11.7707	58.42	-0.00071577	-0.000876329	2
-12.139	59.0899	-0.000732563	-0.000888001	2
-12.4786	59.7495	-0.000749631	-0.0008986	2
-12.7964	60.4143	-0.000767381	-0.000908335	2
-13.0877	61.0766	-0.00078563	-0.000917037	2
-13.3514	61.7363	-0.00080439	-0.00092467	2
-13.5869	62.3936	-0.000823672	-0.000931194	2
-13.7931	63.0485	-0.000843489	-0.00093657	2
-13.9692	63.7009	-0.000863851	-0.00094076	2
-14.1145	64.351	-0.000884772	-0.000943727	2
-14.228	64.9988	-0.000906263	-0.00094543	2
-14.3089	65.6444	-0.000928335	-0.000945832	2
-14.3563	66.2876	-0.000951002	-0.000944894	2
-14.3694	66.9287	-0.000974274	-0.000942578	2
-14.3473	67.5676	-0.000998163	-0.000938845	2
-14.2892	68.2043	-0.00102268	-0.000933656	2
-14.1942	68.839	-0.00104784	-0.000926974	2
-14.0614	69.4716	-0.00107365	-0.000918759	2
-13.8901	70.1021	-0.00110013	-0.000908973	2
-13.6793	70.7307	-0.00112729	-0.000897578	2
-13.4283	71.3573	-0.00115513	-0.000884536	2
-13.136	71.9819	-0.00118367	-0.000869806	2
-12.8018	72.6047	-0.00121293	-0.000853352	2
-12.4247	73.2257	-0.00124291	-0.000835135	2
-12.0039	73.8448	-0.00127363	-0.000815115	2
-11.5441	74.455	-0.00130473	-0.000793517	2
-11.0338	75.0707	-0.00133694	-0.0007698	2
-10.4772	75.6846	-0.00136993	-0.000744167	2
-9.87354	76.2968	-0.0014037	-0.000716577	2

74.9975	2.01174	-5.38752e-07	3.078e-07	2
74.7668	3.01216	-4.6301e-05	2.60878e-05	2
74.5105	4.00555	-9.14639e-05	5.07908e-05	2
74.2315	4.9805	-0.000135513	7.41283e-05	2
73.9337	5.92642	-0.000177984	9.58742e-05	2
73.6108	6.86562	-0.000219889	0.000116553	2
73.2664	7.78733	-0.000260753	0.000135924	2
72.9012	8.69185	-0.000300598	0.000154007	2
72.5153	9.57951	-0.000339449	0.000170819	2
72.1095	10.4506	-0.000377331	0.000186381	2
71.684	11.3055	-0.000414267	0.000200713	2
71.2393	12.1445	-0.000450282	0.000213832	2
70.7758	12.9678	-0.0004854	0.000225759	2
70.2941	13.7759	-0.000519644	0.000236512	2
69.7945	14.5691	-0.000553039	0.000246111	2
69.2775	15.3475	-0.000585608	0.000254575	2
68.7435	16.1117	-0.000617377	0.000261924	2
68.1931	16.8619	-0.000648369	0.000268176	2
67.6265	17.5983	-0.000678608	0.000273351	2
67.0443	18.3214	-0.000708119	0.000277468	2
66.4469	19.0314	-0.000736925	0.000280547	2
65.8347	19.7287	-0.00076505	0.000282606	2
65.2082	20.4136	-0.000792519	0.000283665	2
64.5679	21.0864	-0.000819356	0.000283743	2
63.9141	21.7474	-0.000845585	0.000282859	2
63.2474	22.3969	-0.000871229	0.000281033	2
62.576	23.028	-0.000896029	0.00027832	2
61.8848	23.6556	-0.000920584	0.000274677	2
61.1819	24.2727	-0.000944626	0.000270149	2
60.4679	24.8797	-0.000968181	0.000264755	2
59.743	25.4767	-0.000991272	0.000258515	2
59.0078	26.0642	-0.00101392	0.000251448	2
58.2628	26.6424	-0.00103616	0.000243572	2
57.5083	27.2117	-0.001058	0.000234908	2
56.7448	27.7723	-0.00107948	0.000225474	2
55.9728	28.3247	-0.00110061	0.00021529	2
55.1926	28.8691	-0.00112143	0.000204375	2
54.4049	29.4058	-0.00114195	0.000192749	2
53.6098	29.9352	-0.00116219	0.00018043	2
52.808	30.4575	-0.0011822	0.000167437	2
51.9999	30.9732	-0.00120197	0.000153791	2
51.1859	31.4824	-0.00122155	0.00013951	2
50.3664	31.9856	-0.00124096	0.000124613	2
49.542	32.483	-0.00126021	0.00010912	2
48.713	32.9749	-0.00127934	9.30495e-05	2
47.8798	33.4618	-0.00129837	7.64215e-05	2
47.043	33.9438	-0.00131731	5.9255e-05	2
46.203	34.4213	-0.00133621	4.15691e-05	2
45.3601	34.8947	-0.00135507	2.33832e-05	2
44.5247	35.3588	-0.00137371	4.93364e-06	2
43.6777	35.8249	-0.00139259	-1.41895e-05	2
42.8291	36.2876	-0.0014115	-3.37553e-05	2
41.9796	36.7475	-0.00143049	-5.37444e-05	2
41.1295	37.2048	-0.00144956	-7.41375e-05	2
40.2793	37.6598	-0.00146875	-9.49155e-05	2
39.4294	38.1129	-0.00148808	-0.000116059	2
38.5802	38.5643	-0.00150757	-0.000137549	2
37.7323	39.0144	-0.00152724	-0.000159366	2
36.886	39.4635	-0.00154713	-0.000181491	2
36.0417	39.9119	-0.00156725	-0.000203905	2
35.2	40.36	-0.00158763	-0.000226588	2
34.3613	40.808	-0.00160829	-0.000249521	2
33.526	41.2562	-0.00162926	-0.000272685	2
32.6945	41.7051	-0.00165057	-0.00029606	2
31.8674	42.1548	-0.00167222	-0.000319629	2
31.045	42.6058	-0.00169426	-0.00034337	2
30.2278	43.0583	-0.0017167	-0.000367265	2
29.4162	43.5127	-0.00173957	-0.000391295	2
28.6107	43.9692	-0.00176289	-0.00041544	2
27.8117	44.4282	-0.00178668	-0.000439682	2
27.0197	44.8901	-0.00181098	-0.000464	2
26.2351	45.355	-0.0018358	-0.000488376	2
25.4583	45.8234	-0.00186117	-0.000512791	2
24.6987	46.2901	-0.0018868	-0.000536944	2
23.9388	46.7663	-0.00191333	-0.000561378	2
23.1882	47.2469	-0.00194048	-0.000585792	2
22.4471	47.7321	-0.00196828	-0.000610169	2
21.7162	48.2224	-0.00199674	-0.000634488	2
20.9957	48.7181	-0.00202589	-0.00065873	2
20.2862	49.2194	-0.00205576	-0.000682877	2
19.588	49.7266	-0.00208638	-0.000706908	2
18.9018	50.2402	-0.00211775	-0.000730804	2
18.2277	50.7604	-0.00214992	-0.000754547	2
17.5664	51.2875	-0.0021829	-0.000778117	2
16.9183	51.8219	-0.00221671	-0.000801494	2
16.2838	52.3638	-0.00225139	-0.00082466	2
15.6633	52.9136	-0.00228695	-0.000847595	2
15.0574	53.4716	-0.00232343	-0.000870281	2
14.4663	54.0381	-0.00236083	-0.000892697	2
13.8907	54.6134	-0.00239919	-0.000914825	2
13.3309	55.1979	-0.00243854	-0.000936645	2
12.7873	55.7919	-0.00247889	-0.000958138	2
12.2605	56.3956	-0.00252027	-0.000979285	2
11.7508	57.0095	-0.00256271	-0.00100007	2
11.2587	57.6338	-0.00260622	-0.00102046	2
10.7847	58.2688	-0.00265083	-0.00104046	2
10.3342	58.9073	-0.00269604	-0.0010598	2
9.89739	59.5646	-0.00274292	-0.00107894	2
9.47992	60.2336	-0.00279097	-0.00109761	2
9.08225	60.9146	-0.00284022	-0.0011158	2

124.998	2.01073	-6.32343e-07	-6.34573e-08	2
124.854	2.9325	-5.27272e-05	-4.91237e-06	2
124.704	3.86359	-0.000100871	-8.60709e-06	2
124.55	4.79328	-0.000144498	-1.11042e-05	2
124.393	5.71091	-0.000183248	-1.24153e-05	2
124.23	6.63786	-0.000218088	-1.25908e-05	2
124.063	7.56344	-0.000248606	-1.16287e-05	2
123.892	8.48768	-0.00027487	-9.54915e-06	2
123.717	9.41059	-0.000296944	-6.37224e-06	2
123.538	10.3322	-0.000314894	-2.11806e-06	2
123.355	11.2525	-0.000328786	3.19332e-06	2
123.169	12.1715	-0.000338685	9.5418e-06	2
122.979	13.0892	-0.000344658	1.69073e-05	2
122.786	14.0056	-0.00034677	2.52697e-05	2
122.589	14.9208	-0.000345087	3.4609e-05	2
122.389	15.8348	-0.000339674	4.4905e-05	2
122.185	16.7476	-0.000330597	5.61377e-05	2
121.979	17.6591	-0.000317922	6.82869e-05	2
121.77	18.5695	-0.000301715	8.13327e-05	2
121.558	19.4786	-0.000282041	9.52548e-05	2
121.342	20.3866	-0.000258965	0.000110033	2
121.125	21.2935	-0.000232555	0.000125648	2
120.904	22.1992	-0.000202875	0.000142079	2
120.681	23.1038	-0.000169991	0.000159306	2
120.456	24.0073	-0.000133969	0.000177309	2
120.228	24.9097	-9.48741e-05	0.000196067	2
120.001	25.8006	-5.32734e-05	0.000215334	2
119.769	26.7009	-8.26432e-06	0.000235536	2
119.535	27.6001	3.96209e-05	0.000256434	2
119.299	28.4982	9.03166e-05	0.000278007	2
119.061	29.3954	0.000143757	0.000300237	2
118.821	30.2915	0.000199876	0.000323102	2
118.579	31.1866	0.000258609	0.000346582	2
118.336	32.0807	0.000319889	0.000370658	2
118.092	32.9739	0.000383652	0.000395309	2
117.846	33.8661	0.00044983	0.000420516	2
117.599	34.7573	0.000518359	0.000446257	2
117.35	35.6477	0.000589173	0.000472514	2
117.101	36.5371	0.000662205	0.000499265	2
116.85	37.4256	0.000737392	0.000526492	2
116.599	38.3132	0.000814665	0.000554173	2
116.346	39.1999	0.000893961	0.000582289	2
116.093	40.0858	0.000975213	0.00061082	2
115.84	40.9708	0.00105836	0.000639745	2
115.585	41.855	0.00114332	0.000669044	2
115.331	42.7384	0.00123005	0.000698698	2
115.076	43.621	0.00131847	0.000728686	2
114.82	44.5028	0.00140852	0.000758989	2
114.565	45.3838	0.00150013	0.000789585	2
114.312	46.2539	0.00159215	0.000820099	2
114.057	47.1334	0.00168667	0.000851221	2
113.801	48.0122	0.00178256	0.000882577	2
113.546	48.8902	0.00187975	0.000914146	2
113.291	49.7675	0.00197817	0.00094591	2
113.037	50.6442	0.00207776	0.000977847	2
112.783	51.5201	0.00217845	0.00100994	2
112.529	52.3954	0.00228018	0.00104216	2
112.276	53.2701	0.00238288	0.0010745	2
112.024	54.1441	0.00248648	0.00110693	2
111.773	55.0174	0.00259093	0.00113944	2
111.523	55.8902	0.00269615	0.001172	2
111.274	56.7623	0.00280208	0.00120459	2
111.026	57.6339	0.00290865	0.00123719	2
110.779	58.5049	0.0030158	0.00126979	2
110.534	59.3754	0.00312346	0.00130236	2
110.29	60.2453	0.00323156	0.00133488	2
110.047	61.1146	0.00334005	0.00136734	2
109.806	61.9835	0.00344885	0.00139971	2
109.567	62.8519	0.0035579	0.00143197	2
109.33	63.7197	0.00366713	0.0014641	2
109.095	64.5871	0.00377648	0.00149609	2
108.861	65.4541	0.00388588	0.00152791	2
108.63	66.3206	0.00399527	0.00155954	2
108.404	67.1767	0.00410332	0.0015906	2
108.177	68.0423	0.00421248	0.0016218	2
107.952	68.9075	0.00432143	0.00165275	2
107.73	69.7724	0.00443011	0.00168343	2
107.511	70.6369	0.00453844	0.00171383	2
107.294	71.501	0.00464637	0.00174391	2
107.08	72.3647	0.00475382	0.00177367	2
106.869	73.2282	0.00486074	0.00180308	2
106.661	74.0913	0.00496705	0.00183212	2
106.456	74.9541	0.00507269	0.00186077	2
106.253	75.8166	0.00517759	0.00188902	2
106.055	76.6788	0.00528169	0.00191683	2
105.859	77.5408	0.00538492	0.0019442	2
105.667	78.4025	0.00548722	0.0019711	2
105.479	79.2639	0.00558852	0.00199751	2
105.294	80.1252	0.00568876	0.00202341	2
105.112	80.9862	0.00578787	0.00204878	2
104.935	81.847	0.00588578	0.0020736	2
104.761	82.7077	0.00598242	0.00209785	2
104.592	83.5682	0.00607774	0.00212152	2
104.426	84.4285	0.00617167	0.00214457	2
104.265	85.2887	0.00626414	0.002167	2
104.108	86.1487	0.00635508	0.00218877	2
103.957	86.9988	0.00644342	0.00220964	2
103.808	87.8587	0.00653113	0.00223006	2
103.664	88.7184	0.00661713	0.00224978	2
103.525	89.5781	0.00670134	0.00226876	2

