-125	2.01035	3.3429e-07	7.42768e-08	2
-124.982	2.90014	2.81659e-05	5.95661e-06	2
-124.998	3.80038	5.44938e-05	1.09051e-05	2
-125.046	4.70063	7.90105e-05	1.48675e-05	2
-125.124	5.59049	0.000101492	1.78368e-05	2
-125.233	6.49056	0.000122486	1.99038e-05	2
-125.372	7.39042	0.00014175	2.10505e-05	2
-125.541	8.29	0.00015931	2.12988e-05	2
-125.737	9.18922	0.000175193	2.06709e-05	2
-125.961	10.088	0.000189425	1.91887e-05	2
-126.211	10.9863	0.000202034	1.68742e-05	2
-126.487	11.8839	0.000213046	1.37495e-05	2
-126.788	12.7809	0.000222488	9.83653e-06	2
-127.112	13.6772	0.000230387	5.15732e-06	2
-127.46	14.5726	0.000236771	-2.66115e-07	2
-127.831	15.4672	0.000241665	-6.41176e-06	2
-128.223	16.3607	0.000245096	-1.32576e-05	2
-128.635	17.2532	0.000247093	-2.07816e-05	2
-129.067	18.1446	0.00024768	-2.89619e-05	2
-129.519	19.0348	0.000246886	-3.77763e-05	2
-129.989	19.9237	0.000244737	-4.72028e-05	2
-130.476	20.8112	0.00024126	-5.72195e-05	2
-130.979	21.6973	0.000236481	-6.78043e-05	2
-131.499	22.5819	0.000230429	-7.89353e-05	2
-132.033	23.4649	0.000223128	-9.05904e-05	2
-132.581	24.3463	0.000214608	-0.000102748	2
-133.136	25.2158	0.000205011	-0.000115237	2
-133.71	26.0936	0.000194143	-0.000128327	2
-134.296	26.9695	0.000182135	-0.000141854	2
-134.892	27.8434	0.000169013	-0.000155795	2
-135.498	28.7153	0.000154804	-0.000170128	2
-136.114	29.5851	0.000139535	-0.000184831	2
-136.738	30.4526	0.000123234	-0.000199883	2
-137.369	31.3179	0.000105927	-0.000215261	2
-138.006	32.1809	8.76399e-05	-0.000230943	2
-138.65	33.0414	6.84009e-05	-0.000246908	2
-139.299	33.8994	4.82364e-05	-0.000263132	2
-139.951	34.7548	2.71734e-05	-0.000279595	2
-140.607	35.6075	5.23852e-06	-0.000296274	2
-141.266	36.4576	-1.75412e-05	-0.000313148	2
-141.926	37.3048	-4.1139e-05	-0.000330193	2
-142.587	38.1491	-6.5528e-05	-0.000347389	2
-143.248	38.9904	-9.06813e-05	-0.000364713	2
-143.909	39.8287	-0.000116572	-0.000382143	2
-144.567	40.6639	-0.000143173	-0.000399657	2
-145.224	41.4959	-0.000170459	-0.000417234	2
-145.877	42.3246	-0.000198401	-0.00043485	2
-146.525	43.15	-0.000226973	-0.000452485	2
-147.169	43.9719	-0.000256148	-0.000470116	2
-147.8	44.781	-0.000285554	-0.000487518	2
-148.432	45.5959	-0.000315849	-0.000505076	2
-149.056	46.4071	-0.000346667	-0.000522564	2
-149.672	47.2146	-0.00037798	-0.00053996	2
-150.278	48.0183	-0.000409763	-0.000557243	2
-150.875	48.8181	-0.000441989	-0.00057439	2
-151.461	49.614	-0.000474629	-0.000591379	2
-152.036	50.4058	-0.000507659	-0.000608188	2
-152.598	51.1935	-0.00054105	-0.000624796	2
-153.147	51.977	-0.000574776	-0.00064118	2
-153.682	52.7562	-0.00060881	-0.000657318	2
-154.202	53.5311	-0.000643125	-0.000673188	2
-154.707	54.3015	-0.000677694	-0.000688769	2
-155.195	55.0675	-0.000712491	-0.000704038	2
-155.665	55.8289	-0.000747489	-0.000718973	2
-156.117	56.5856	-0.00078266	-0.000733552	2
-156.551	57.3377	-0.000817978	-0.000747753	2
-156.964	58.0849	-0.000853416	-0.000761555	2
-157.357	58.8272	-0.000888948	-0.000774934	2
-157.728	59.5645	-0.000924545	-0.00078787	2
-158.077	60.2969	-0.000960182	-0.00080034	2
-158.403	61.0241	-0.000995832	-0.000812322	2
-158.705	61.7461	-0.00103147	-0.000823794	2
-158.982	62.4629	-0.00106706	-0.000834735	2
-159.231	63.1661	-0.00110218	-0.000845005	2
-159.456	63.8722	-0.00113761	-0.000854822	2
-159.654	64.5728	-0.00117292	-0.000864042	2
-159.824	65.2678	-0.00120809	-0.000872641	2
-159.965	65.9571	-0.00124307	-0.000880599	2
-160.076	66.6407	-0.00127786	-0.000887894	2
-160.157	67.3186	-0.00131242	-0.000894503	2
-160.206	67.9905	-0.00134672	-0.000900403	2
-160.223	68.6565	-0.00138074	-0.000905575	2
-160.207	69.3165	-0.00141445	-0.000909994	2
-160.157	69.9703	-0.00144782	-0.00091364	2
-160.072	70.618	-0.00148083	-0.00091649	2
-159.952	71.2594	-0.00151345	-0.000918522	2
-159.795	71.8945	-0.00154565	-0.000919714	2
-159.602	72.5231	-0.00157741	-0.000920044	2
-159.37	73.1453	-0.0016087	-0.000919491	2
-159.099	73.7609	-0.00163949	-0.000918032	2
-158.788	74.3698	-0.00166976	-0.000915645	2
-158.437	74.9721	-0.00169947	-0.000912308	2
-158.045	75.5675	-0.00172861	-0.000907999	2
-157.611	76.1561	-0.00175714	-0.000902697	2
-157.133	76.7377	-0.00178505	-0.000896378	2
-156.612	77.3123	-0.00181229	-0.000889022	2
-156.052	77.8732	-0.00183854	-0.000880708	2
-155.441	78.4336	-0.0018644	-0.000871223	2
-154.784	78.9868	-0.00188951	-0.000860633	2
-154.08	79.5325	-0.00191386	-0.000848918	2

-75.001	2.01129	-2.43232e-07	-6.40311e-08	2
-75.0974	2.9745	-2.07556e-05	-5.71493e-06	2
-75.2219	3.9335	-4.0707e-05	-1.17217e-05	2
-75.373	4.87727	-5.98792e-05	-1.80203e-05	2
-75.548	5.7955	-7.80892e-05	-2.45334e-05	2
-75.7504	6.70983	-9.57854e-05	-3.14125e-05	2
-75.9778	7.60976	-0.000112776	-3.85835e-05	2
-76.2297	8.4956	-0.000129087	-4.60466e-05	2
-76.5055	9.36761	-0.000144742	-5.38018e-05	2
-76.8046	10.2261	-0.000159766	-6.18491e-05	2
-77.1266	11.0713	-0.000174184	-7.01886e-05	2
-77.471	11.9035	-0.000188021	-7.88203e-05	2
-77.837	12.7231	-0.000201301	-8.77442e-05	2
-78.2243	13.5302	-0.00021405	-9.69604e-05	2
-78.6323	14.3252	-0.000226293	-0.000106469	2
-79.0605	15.1083	-0.000238053	-0.00011627	2
-79.5082	15.8799	-0.000249356	-0.000126363	2
-79.975	16.6401	-0.000260227	-0.000136749	2
-80.4603	17.3894	-0.00027069	-0.000147427	2
-80.9637	18.1279	-0.000280771	-0.000158398	2
-81.4844	18.856	-0.000290493	-0.000169662	2
-82.0221	19.574	-0.000299883	-0.000181218	2
-82.5762	20.282	-0.000308964	-0.000193067	2
-83.1461	20.9804	-0.000317762	-0.000205208	2
-83.7312	21.6696	-0.000326301	-0.000217643	2
-84.3312	22.3497	-0.000334606	-0.00023037	2
-84.9382	23.0133	-0.00034261	-0.000243238	2
-85.5659	23.6763	-0.000350523	-0.000256548	2
-86.2067	24.331	-0.000358277	-0.00027015	2
-86.8601	24.9779	-0.000365896	-0.000284046	2
-87.5256	25.6171	-0.000373405	-0.000298234	2
-88.2026	26.2489	-0.000380828	-0.000312716	2
-88.8906	26.8737	-0.000388191	-0.00032749	2
-89.589	27.4917	-0.000395518	-0.000342558	2
-90.2974	28.1032	-0.000402835	-0.000357919	2
-91.0151	28.7085	-0.000410165	-0.000373573	2
-91.7416	29.3078	-0.000417533	-0.000389521	2
-92.4765	29.9015	-0.000424966	-0.000405762	2
-93.219	30.4897	-0.000432486	-0.000422296	2
-93.9688	31.0729	-0.00044012	-0.000439124	2
-94.7253	31.6513	-0.000447891	-0.000456245	2
-95.4879	32.2251	-0.000455825	-0.000473659	2
-96.2561	32.7947	-0.000463947	-0.000491368	2
-97.0294	33.3603	-0.000472281	-0.000509369	2
-97.8072	33.9222	-0.000480852	-0.000527665	2
-98.5889	34.4806	-0.000489685	-0.000546254	2
-99.3741	35.036	-0.000498805	-0.000565137	2
-100.162	35.5885	-0.000508236	-0.000584313	2
-100.953	36.1385	-0.000518004	-0.000603784	2
-101.736	36.6798	-0.000528014	-0.000623319	2
-102.529	37.2255	-0.000538524	-0.000643374	2
-103.324	37.7695	-0.000549445	-0.000663723	2
-104.118	38.312	-0.000560801	-0.000684365	2
-104.912	38.8533	-0.000572617	-0.000705302	2
-105.706	39.3938	-0.000584918	-0.000726533	2
-106.498	39.9337	-0.000597728	-0.000748058	2
-107.287	40.4732	-0.000611073	-0.000769877	2
-108.075	41.0127	-0.000624978	-0.00079199	2
-108.859	41.5525	-0.000639466	-0.000814397	2
-109.64	42.0928	-0.000654564	-0.000837099	2
-110.417	42.6338	-0.000670295	-0.000860095	2
-111.189	43.176	-0.000686685	-0.000883386	2
-111.956	43.7196	-0.000703758	-0.000906971	2
-112.717	44.2648	-0.000721539	-0.00093085	2
-113.472	44.8119	-0.000740053	-0.000955024	2
-114.221	45.3613	-0.000759325	-0.000979492	2
-114.961	45.9131	-0.000779379	-0.00100426	2
-115.694	46.4678	-0.000800241	-0.00102931	2
-116.419	47.0255	-0.000821935	-0.00105467	2
-117.134	47.5865	-0.000844486	-0.00108031	2
-117.841	48.1512	-0.000867918	-0.00110625	2
-118.537	48.7197	-0.000892258	-0.00113249	2
-119.222	49.2925	-0.000917528	-0.00115902	2
-119.889	49.863	-0.000943448	-0.00118554	2
-120.552	50.4449	-0.000970645	-0.00121266	2
-121.202	51.0319	-0.000998847	-0.00124007	2
-121.84	51.6241	-0.00102808	-0.00126778	2
-122.465	52.2219	-0.00105837	-0.00129578	2
-123.076	52.8256	-0.00108973	-0.00132408	2
-123.672	53.4355	-0.00112221	-0.00135267	2
-124.254	54.0518	-0.00115581	-0.00138156	2
-124.82	54.6748	-0.00119056	-0.00141074	2
-125.371	55.3048	-0.0012265	-0.00144022	2
-125.904	55.9421	-0.00126364	-0.00147	2
-126.421	56.587	-0.00130201	-0.00150007	2
-126.92	57.2397	-0.00134163	-0.00153043	2
-127.401	57.9005	-0.00138253	-0.00156109	2
-127.864	58.5697	-0.00142473	-0.00159205	2
-128.307	59.2476	-0.00146826	-0.0016233	2
-128.73	59.9345	-0.00151314	-0.00165485	2
-129.134	60.6306	-0.00155941	-0.00168669	2
-129.516	61.3363	-0.00160707	-0.00171883	2
-129.877	62.0517	-0.00165616	-0.00175126	2
-130.216	62.7773	-0.0017067	-0.00178399	2
-130.533	63.5132	-0.00175872	-0.00181702	2
-130.827	64.2598	-0.00181225	-0.00185034	2
-131.094	65.0086	-0.00186665	-0.00188357	2
-131.341	65.7772	-0.00192323	-0.00191748	2
-131.563	66.5573	-0.00198139	-0.00195168	2
-131.759	67.3493	-0.00204115	-0.00198619	2

-25.0006	2.01181	1.42907e-07	-4.6514e-07	2
-25.0633	3.02311	1.37414e-05	-3.90501e-05	2
-25.1453	4.03693	3.01023e-05	-7.52655e-05	2
-25.2458	5.04159	4.90403e-05	-0.000108695	2
-25.363	6.02586	7.02522e-05	-0.000139051	2
-25.4992	7.01277	9.41894e-05	-0.000167088	2
-25.653	7.99098	0.000120578	-0.000192486	2
-25.8239	8.96063	0.000149374	-0.000215293	2
-26.0118	9.92187	0.000180537	-0.000235561	2
-26.2162	10.8748	0.000214024	-0.000253336	2
-26.437	11.8197	0.000249793	-0.000268669	2
-26.6737	12.7566	0.000287802	-0.000281608	2
-26.9261	13.6857	0.000328007	-0.000292203	2
-27.1938	14.6071	0.000370368	-0.000300503	2
-27.4766	15.521	0.000414842	-0.000306556	2
-27.7741	16.4276	0.000461386	-0.000310413	2
-28.0861	17.3269	0.000509958	-0.000312121	2
-28.4122	18.2192	0.000560516	-0.00031173	2
-28.7521	19.1045	0.000613018	-0.000309289	2
-29.1056	19.983	0.000667421	-0.000304847	2
-29.4722	20.855	0.000723684	-0.000298453	2
-29.8518	21.7204	0.000781763	-0.000290157	2
-30.2439	22.5796	0.000841617	-0.000280007	2
-30.6483	23.4325	0.000903204	-0.000268052	2
-31.0647	24.2794	0.00096648	-0.000254342	2
-31.4927	25.1205	0.0010314	-0.000238926	2
-31.927	25.9462	0.00109716	-0.000222057	2
-32.3773	26.776	0.00116524	-0.000203393	2
-32.8384	27.6003	0.00123483	-0.00018317	2
-33.3099	28.4194	0.00130591	-0.000161435	2
-33.7915	29.2333	0.00137842	-0.000138239	2
-34.2829	30.0422	0.00145233	-0.000113631	2
-34.7839	30.8463	0.00152759	-8.7659e-05	2
-35.294	31.6457	0.00160416	-6.03727e-05	2
-35.8131	32.4405	0.001682	-3.18211e-05	2
-36.3407	33.231	0.00176107	-2.05334e-06	2
-36.8766	34.0172	0.00184131	2.88816e-05	2
-37.4205	34.7993	0.0019227	6.09346e-05	2
-37.9721	35.5774	0.00200519	9.40565e-05	2
-38.531	36.3518	0.00208873	0.000128198	2
-39.0969	37.1224	0.00217329	0.000163311	2
-39.6696	37.8896	0.00225882	0.000199346	2
-40.2487	38.6535	0.00234529	0.000236253	2
-40.834	39.4141	0.00243263	0.000273983	2
-41.425	40.1716	0.00252083	0.000312489	2
-42.0216	40.9263	0.00260982	0.000351719	2
-42.6233	41.6782	0.00269958	0.000391626	2
-43.23	42.4275	0.00279006	0.000432161	2
-43.8412	43.1743	0.00288121	0.000473273	2
-44.4496	43.9102	0.00297194	0.000514433	2
-45.069	44.6526	0.00306431	0.00055655	2
-45.6921	45.3929	0.00315723	0.000599098	2
-46.3185	46.1314	0.00325066	0.000642028	2
-46.948	46.8681	0.00334455	0.000685292	2
-47.5802	47.6033	0.00343887	0.00072884	2
-48.2148	48.3371	0.00353357	0.000772624	2
-48.8516	49.0695	0.00362861	0.000816593	2
-49.4902	49.8009	0.00372394	0.0008607	2
-50.1303	50.5312	0.00381953	0.000904895	2
-50.7715	51.2607	0.00391533	0.000949128	2
-51.4137	51.9896	0.0040113	0.000993351	2
-52.0564	52.7179	0.00410739	0.00103752	2
-52.6994	53.4458	0.00420357	0.00108157	2
-53.3424	54.1735	0.0042998	0.00112547	2
-53.985	54.9011	0.00439602	0.00116916	2
-54.627	55.6288	0.00449221	0.0012126	2
-55.268	56.3567	0.0045883	0.00125573	2
-55.9078	57.0849	0.00468428	0.00129851	2
-56.546	57.8136	0.00478008	0.00134088	2
-57.1822	58.543	0.00487567	0.00138281	2
-57.8163	59.2732	0.00497101	0.00142423	2
-58.4479	60.0044	0.00506606	0.0014651	2
-59.0767	60.7366	0.00516077	0.00150538	2
-59.6952	61.4617	0.00525401	0.00154455	2
-60.3175	62.1966	0.00534792	0.00158349	2
-60.936	62.933	0.00544137	0.00162168	2
-61.5506	63.6711	0.00553431	0.00165907	2
-62.1607	64.4111	0.0056267	0.00169562	2
-62.7662	65.1531	0.0057185	0.00173128	2
-63.3668	65.8972	0.00580967	0.001766	2
-63.9621	66.6436	0.00590016	0.00179973	2
-64.5518	67.3924	0.00598994	0.00183241	2
-65.1356	68.1438	0.00607895	0.00186401	2
-65.7132	68.898	0.00616716	0.00189447	2
-66.2843	69.655	0.00625453	0.00192374	2
-66.8487	70.4151	0.00634102	0.00195177	2
-67.4058	71.1783	0.00642657	0.00197852	2
-67.9556	71.9449	0.00651115	0.00200393	2
-68.4976	72.7149	0.00659472	0.00202796	2
-69.0316	73.4886	0.00667723	0.00205056	2
-69.5573	74.2661	0.00675865	0.00207167	2
-70.0742	75.0475	0.00683893	0.00209126	2
-70.5822	75.8329	0.00691802	0.00210926	2
-71.081	76.6226	0.00699589	0.00212564	2
-71.5701	77.4166	0.00707249	0.00214033	2
-72.0494	78.2152	0.00714778	0.0021533	2
-72.5131	79.0092	0.00722088	0.00216438	2
-72.9718	79.8172	0.00729344	0.00217377	2
-73.4197	80.6301	0.00736457	0.00218128	2
-73.8564	81.4482	0.00743422	0.00218687	2

24.9995	2.01265	7.00177e-07	-7.09675e-08	2
24.9609	3.09583	6.12596e-05	-7.03926e-06	2
24.9378	4.18217	0.000123205	-1.58172e-05	2
24.9305	5.25911	0.000185818	-2.63163e-05	2
24.9387	6.3145	0.000248353	-3.8369e-05	2
24.9623	7.37298	0.000312247	-5.22384e-05	2
25.0012	8.42229	0.00037676	-6.77765e-05	2
25.0553	9.46252	0.000441875	-8.49657e-05	2
25.1243	10.4937	0.000507576	-0.000103788	2
25.208	11.516	0.000573846	-0.000124227	2
25.3062	12.5295	0.000640668	-0.000146265	2
25.4189	13.5342	0.000708025	-0.000169883	2
25.5458	14.5302	0.000775901	-0.000195064	2
25.6867	15.5177	0.00084428	-0.000221792	2
25.8414	16.4966	0.000913144	-0.000250047	2
26.0098	17.467	0.000982477	-0.000279814	2
26.1916	18.4292	0.00105226	-0.000311073	2
26.3868	19.383	0.00112248	-0.000343809	2
26.5951	20.3287	0.00119312	-0.000378002	2
26.8163	21.2662	0.00126416	-0.000413636	2
27.0503	22.1957	0.00133559	-0.000450693	2
27.2968	23.1173	0.00140739	-0.000489155	2
27.5558	24.0309	0.00147954	-0.000529005	2
27.8269	24.9368	0.00155202	-0.000570225	2
28.1101	25.835	0.00162482	-0.000612799	2
28.4051	26.7256	0.00169793	-0.000656707	2
28.7082	27.5985	0.00177047	-0.000701406	2
29.0263	28.4741	0.00184413	-0.000747918	2
29.3557	29.3424	0.00191804	-0.000795712	2
29.6962	30.2033	0.00199218	-0.000844771	2
30.0477	31.057	0.00206654	-0.000895078	2
30.4099	31.9036	0.00214111	-0.000946616	2
30.7827	32.7431	0.00221586	-0.000999366	2
31.1659	33.5756	0.00229078	-0.00105331	2
31.5594	34.4013	0.00236585	-0.00110843	2
31.9628	35.2201	0.00244106	-0.00116472	2
32.3762	36.0322	0.00251639	-0.00122214	2
32.7992	36.8376	0.00259182	-0.00128069	2
33.2318	37.6364	0.00266733	-0.00134035	2
33.6736	38.4287	0.00274292	-0.00140109	2
34.1246	39.2147	0.00281855	-0.00146291	2
34.5846	39.9943	0.00289422	-0.00152579	2
35.0533	40.7676	0.00296991	-0.0015897	2
35.5307	41.5348	0.00304561	-0.00165463	2
36.0164	42.2958	0.00312129	-0.00172056	2
36.5104	43.0509	0.00319693	-0.00178747	2
37.0125	43.8	0.00327253	-0.00185536	2
37.5224	44.5433	0.00334807	-0.00192419	2
38.04	45.2808	0.00342352	-0.00199395	2
38.5591	46.0043	0.00349801	-0.00206382	2
39.0915	46.7306	0.00357326	-0.00213538	2
39.631	47.4513	0.00364837	-0.00220783	2
40.1775	48.1666	0.00372334	-0.00228113	2
40.7308	48.8766	0.00379814	-0.00235528	2
41.2907	49.5812	0.00387276	-0.00243026	2
41.857	50.2807	0.00394718	-0.00250605	2
42.4296	50.975	0.00402139	-0.00258262	2
43.0083	51.6643	0.00409536	-0.00265998	2
43.5928	52.3487	0.00416909	-0.00273809	2
44.1831	53.0281	0.00424256	-0.00281693	2
44.7789	53.7028	0.00431574	-0.0028965	2
45.38	54.3727	0.00438863	-0.00297677	2
45.9863	55.038	0.0044612	-0.00305773	2
46.5975	55.6987	0.00453344	-0.00313936	2
47.2136	56.355	0.00460534	-0.00322164	2
47.8343	57.0069	0.00467687	-0.00330455	2
48.4594	57.6545	0.00474802	-0.00338808	2
49.0888	58.2978	0.00481877	-0.00347221	2
49.7223	58.937	0.00488911	-0.00355692	2
50.3597	59.5721	0.00495901	-0.00364219	2
51.0007	60.2032	0.00502847	-0.00372801	2
51.6454	60.8304	0.00509746	-0.00381435	2
52.2933	61.4538	0.00516598	-0.00390121	2
52.937	62.0663	0.00523321	-0.00398755	2
53.5911	62.6823	0.00530072	-0.00407537	2
54.248	63.2947	0.0053677	-0.00416365	2
54.9076	63.9036	0.00543412	-0.00425237	2
55.5696	64.5091	0.00549999	-0.00434151	2
56.2339	65.1113	0.00556527	-0.00443106	2
56.9003	65.7101	0.00562996	-0.004521	2
57.5686	66.3058	0.00569403	-0.00461131	2
58.2386	66.8984	0.00575747	-0.00470197	2
58.9102	67.488	0.00582026	-0.00479296	2
59.5831	68.0746	0.00588239	-0.00488428	2
60.2573	68.6584	0.00594384	-0.00497589	2
60.9324	69.2394	0.00600459	-0.00506779	2
61.6084	69.8177	0.00606463	-0.00515995	2
62.285	70.3934	0.00612394	-0.00525236	2
62.962	70.9666	0.0061825	-0.005345	2
63.6394	71.5373	0.00624029	-0.00543785	2
64.3169	72.1056	0.0062973	-0.0055309	2
64.9942	72.6716	0.00635352	-0.00562413	2
65.6714	73.2354	0.00640892	-0.00571751	2
66.348	73.7971	0.00646349	-0.00581104	2
67.0241	74.3567	0.00651721	-0.00590469	2
67.6993	74.9144	0.00657007	-0.00599845	2
68.3659	75.4638	0.00662146	-0.00609122	2
69.039	76.0178	0.00667255	-0.00618515	2
69.7108	76.5701	0.00672273	-0.00627912	2
70.381	77.1207	0.00677197	-0.00637314	2

74.9963	2.01229	-3.03538e-07	-2.53745e-07	2
74.692	3.06301	-2.65034e-05	-2.11081e-05	2
74.4117	4.11432	-5.31924e-05	-4.02843e-05	2
74.1588	5.15402	-8.00553e-05	-5.75677e-05	2
73.9354	6.17045	-0.000106769	-7.28304e-05	2
73.7361	7.18733	-0.000133942	-8.64661e-05	2
73.5631	8.19286	-0.000161255	-9.83259e-05	2
73.4163	9.18714	-0.000188694	-0.000108449	2
73.2951	10.1703	-0.000216248	-0.000116874	2
73.1993	11.1423	-0.000243906	-0.000123641	2
73.1287	12.1034	-0.000271656	-0.000128788	2
73.0827	13.0535	-0.000299486	-0.000132356	2
73.0611	13.9929	-0.000327384	-0.000134382	2
73.0635	14.9215	-0.000355338	-0.000134905	2
73.0897	15.8396	-0.000383337	-0.000133966	2
73.1393	16.7471	-0.000411369	-0.000131603	2
73.2118	17.6441	-0.000439422	-0.000127856	2
73.3071	18.5308	-0.000467484	-0.000122763	2
73.4248	19.4072	-0.000495544	-0.000116363	2
73.5644	20.2735	-0.000523591	-0.000108696	2
73.7258	21.1296	-0.000551611	-9.98011e-05	2
73.9085	21.9758	-0.000579593	-8.97169e-05	2
74.1122	22.8121	-0.000607527	-7.84828e-05	2
74.3366	23.6385	-0.000635399	-6.61378e-05	2
74.5813	24.4553	-0.000663198	-5.27211e-05	2
74.8461	25.2624	-0.000690913	-3.82718e-05	2
75.1271	26.0508	-0.000718215	-2.3012e-05	2
75.4306	26.839	-0.000745726	-6.62557e-06	2
75.7531	27.6178	-0.000773118	1.06765e-05	2
76.0943	28.3874	-0.000800378	2.88551e-05	2
76.4538	29.1478	-0.000827495	4.78712e-05	2
76.8312	29.899	-0.000854457	6.76856e-05	2
77.2263	30.6413	-0.000881253	8.82592e-05	2
77.6388	31.3747	-0.00090787	0.000109553	2
78.0682	32.0992	-0.000934296	0.000131527	2
78.5142	32.815	-0.000960521	0.000154144	2
78.9765	33.5221	-0.000986532	0.000177363	2
79.4548	34.2207	-0.00101232	0.000201146	2
79.9487	34.9108	-0.00103786	0.000225453	2
80.458	35.5925	-0.00106316	0.000250246	2
80.9821	36.266	-0.0010882	0.000275484	2
81.5209	36.9312	-0.00111297	0.00030113	2
82.0739	37.5884	-0.00113745	0.000327144	2
82.6409	38.2375	-0.00116163	0.000353487	2
83.2215	38.8787	-0.00118551	0.000380119	2
83.8153	39.512	-0.00120907	0.000407002	2
84.4221	40.1376	-0.0012323	0.000434097	2
85.0415	40.7556	-0.00125518	0.000461364	2
85.6731	41.366	-0.00127771	0.000488764	2
86.3092	41.962	-0.00129962	0.000515942	2
86.9642	42.5576	-0.00132141	0.000543491	2
87.6304	43.1459	-0.0013428	0.000571056	2
88.3076	43.727	-0.0013638	0.000598599	2
88.9953	44.3009	-0.00138438	0.000626079	2
89.6932	44.8678	-0.00140454	0.000653459	2
90.4011	45.4278	-0.00142426	0.000680698	2
91.1185	45.981	-0.00144354	0.000707758	2
91.8451	46.5274	-0.00146235	0.0007346	2
92.5806	47.0671	-0.00148069	0.000761184	2
93.3247	47.6002	-0.00149854	0.000787472	2
94.077	48.1268	-0.0015159	0.000813424	2
94.8371	48.6471	-0.00153275	0.000839001	2
95.6048	49.161	-0.00154909	0.000864164	2
96.3797	49.6687	-0.00156489	0.000888873	2
97.1615	50.1703	-0.00158015	0.000913091	2
97.9498	50.6658	-0.00159485	0.000936777	2
98.7442	51.1554	-0.00160899	0.000959893	2
99.5446	51.6391	-0.00162255	0.000982399	2
100.35	52.117	-0.00163552	0.00100426	2
101.161	52.5893	-0.00164789	0.00102543	2
101.977	53.056	-0.00165965	0.00104587	2
102.798	53.5171	-0.00167078	0.00106554	2
103.622	53.9729	-0.00168127	0.00108442	2
104.441	54.4182	-0.00169101	0.00110224	2
105.273	54.8634	-0.0017002	0.00111939	2
106.108	55.3035	-0.00170872	0.00113563	2
106.946	55.7386	-0.00171656	0.0011509	2
107.786	56.1687	-0.0017237	0.00116517	2
108.628	56.5939	-0.00173014	0.0011784	2
109.473	57.0143	-0.00173585	0.00119055	2
110.318	57.4301	-0.00174084	0.00120158	2
111.165	57.8412	-0.00174508	0.00121146	2
112.013	58.2478	-0.00174857	0.00122014	2
112.861	58.65	-0.00175129	0.00122759	2
113.709	59.0479	-0.00175324	0.00123376	2
114.557	59.4415	-0.00175439	0.00123862	2
115.405	59.831	-0.00175475	0.00124213	2
116.251	60.2164	-0.00175429	0.00124424	2
117.097	60.5978	-0.00175301	0.00124492	2
117.941	60.9753	-0.00175089	0.00124414	2
118.783	61.349	-0.00174792	0.00124184	2
119.622	61.7191	-0.00174409	0.001238	2
120.459	62.0855	-0.00173939	0.00123257	2
121.294	62.4484	-0.00173381	0.00122551	2
122.125	62.8078	-0.00172733	0.00121679	2
122.952	63.1639	-0.00171994	0.00120637	2
123.766	63.5128	-0.00171174	0.00119435	2
124.585	63.8625	-0.00170252	0.00118041	2
125.4	64.2091	-0.00169235	0.00116466	2
126.21	64.5528	-0.00168123	0.00114705	2

124.996	2.01172	5.87272e-07	-4.4547e-07	2
124.619	3.02071	4.91697e-05	-3.75955e-05	2
124.249	4.04286	9.44962e-05	-7.28704e-05	2
123.889	5.06624	0.000136051	-0.000105866	2
123.544	6.07887	0.000173492	-0.000136283	2
123.206	7.10412	0.000207761	-0.000164869	2
122.878	8.13001	0.000238472	-0.0001913	2
122.561	9.15634	0.000265698	-0.000215615	2
122.254	10.1829	0.000289511	-0.000237858	2
121.959	11.2096	0.000309981	-0.000258069	2
121.675	12.236	0.000327181	-0.000276288	2
121.401	13.2622	0.000341182	-0.000292559	2
121.139	14.2877	0.000352057	-0.000306921	2
120.888	15.3126	0.000359876	-0.000319416	2
120.648	16.3365	0.000364712	-0.000330086	2
120.42	17.3592	0.000366636	-0.000338972	2
120.203	18.3806	0.00036572	-0.000346114	2
119.998	19.4005	0.000362035	-0.000351555	2
119.804	20.4186	0.000355654	-0.000355335	2
119.621	21.4348	0.000346648	-0.000357496	2
119.451	22.4489	0.000335088	-0.000358079	2
119.292	23.4607	0.000321047	-0.000357125	2
119.145	24.4699	0.000304596	-0.000354676	2
119.009	25.4763	0.000285807	-0.000350773	2
118.886	26.4799	0.000264752	-0.000345458	2
118.775	27.4803	0.000241502	-0.00033877	2
118.677	28.466	0.000216432	-0.000330852	2
118.59	29.4596	0.000189031	-0.00032156	2
118.515	30.4495	0.000159649	-0.00031102	2
118.452	31.4355	0.000128359	-0.000299273	2
118.402	32.4174	9.52311e-05	-0.000286361	2
118.364	33.395	6.03383e-05	-0.000272324	2
118.339	34.368	2.37519e-05	-0.000257204	2
118.326	35.3364	-1.44564e-05	-0.000241043	2
118.326	36.2998	-5.4215e-05	-0.000223881	2
118.339	37.2581	-9.5452e-05	-0.000205759	2
118.364	38.2112	-0.000138096	-0.00018672	2
118.403	39.1587	-0.000182075	-0.000166804	2
118.454	40.1005	-0.000227317	-0.000146053	2
118.518	41.0365	-0.000273751	-0.000124508	2
118.596	41.9663	-0.000321305	-0.00010221	2
118.686	42.8898	-0.000369907	-7.92007e-05	2
118.79	43.8069	-0.000419486	-5.5521e-05	2
118.907	44.7172	-0.000469969	-3.12123e-05	2
119.037	45.6207	-0.000521286	-6.31602e-06	2
119.181	46.5171	-0.000573364	1.91267e-05	2
119.338	47.4062	-0.000626132	4.50745e-05	2
119.509	48.2878	-0.000679518	7.14861e-05	2
119.693	49.1617	-0.00073345	9.83203e-05	2
119.889	50.0178	-0.000787229	0.000125221	2
120.1	50.8759	-0.000842034	0.000152773	2
120.326	51.7257	-0.000897172	0.000180624	2
120.565	52.567	-0.00095257	0.000208732	2
120.818	53.3996	-0.00100816	0.000237058	2
121.085	54.2234	-0.00106386	0.000265559	2
121.367	55.0381	-0.00111961	0.000294193	2
121.662	55.8435	-0.00117533	0.000322921	2
121.972	56.6395	-0.00123095	0.0003517	2
122.296	57.4258	-0.00128641	0.000380489	2
122.635	58.2022	-0.00134162	0.000409248	2
122.988	58.9686	-0.00139652	0.000437934	2
123.355	59.7247	-0.00145103	0.000466506	2
123.737	60.4704	-0.00150509	0.000494923	2
124.134	61.2054	-0.00155862	0.000523144	2
124.545	61.9295	-0.00161155	0.000551128	2
124.972	62.6426	-0.0016638	0.000578833	2
125.413	63.3445	-0.00171532	0.000606218	2
125.869	64.0349	-0.00176601	0.000633242	2
126.34	64.7136	-0.00181582	0.000659863	2
126.826	65.3806	-0.00186468	0.00068604	2
127.327	66.0354	-0.0019125	0.000711732	2
127.843	66.6781	-0.00195922	0.000736898	2
128.375	67.3083	-0.00200476	0.000761496	2
128.916	67.9188	-0.00204856	0.000785213	2
129.478	68.5236	-0.00209156	0.000808559	2
130.056	69.1155	-0.00213317	0.000831214	2
130.649	69.6941	-0.00217332	0.000853137	2
131.258	70.2593	-0.00221194	0.000874287	2
131.883	70.8108	-0.00224896	0.000894621	2
132.523	71.3485	-0.0022843	0.000914099	2
133.179	71.8722	-0.00231789	0.00093268	2
133.851	72.3817	-0.00234967	0.000950322	2
134.54	72.8768	-0.00237955	0.000966984	2
135.244	73.3572	-0.00240748	0.000982625	2
135.964	73.8228	-0.00243337	0.000997203	2
136.7	74.2734	-0.00245715	0.00101068	2
137.453	74.7088	-0.00247876	0.00102301	2
138.222	75.1288	-0.00249812	0.00103415	2
139.007	75.5332	-0.00251516	0.00104406	2
139.809	75.9217	-0.00252981	0.00105271	2
140.627	76.2943	-0.00254199	0.00106004	2
141.462	76.6507	-0.00255164	0.00106603	2
142.314	76.9906	-0.00255869	0.00107062	2
143.182	77.314	-0.00256305	0.00107378	2
144.067	77.6205	-0.00256466	0.00107546	2
144.969	77.9101	-0.00256345	0.00107562	2
145.877	78.1794	-0.00255941	0.00107426	2
146.813	78.4345	-0.00255238	0.00107128	2
147.766	78.6721	-0.0025423	0.00106667	2
148.735	78.8919	-0.00252912	0.00106037	2

