-125	2.01115	-2.40681e-07	2.50056e-07	2
-124.974	2.96655	-2.05569e-05	2.08197e-05	2
-124.984	3.9261	-4.03534e-05	3.97745e-05	2
-125.028	4.87873	-5.94092e-05	5.69057e-05	2
-125.104	5.81367	-7.75373e-05	7.2088e-05	2
-125.214	6.75276	-9.51791e-05	8.57152e-05	2
-125.355	7.68515	-0.000112139	9.76418e-05	2
-125.527	8.61092	-0.000128438	0.000107909	2
-125.729	9.53015	-0.000144094	0.000116558	2
-125.96	10.4429	-0.000159128	0.00012363	2
-126.22	11.3493	-0.00017356	0.000129165	2
-126.508	12.2493	-0.000187409	0.000133207	2
-126.822	13.1432	-0.000200695	0.000135794	2
-127.162	14.0308	-0.000213437	0.000136969	2
-127.527	14.9124	-0.000225657	0.000136773	2
-127.916	15.788	-0.000237373	0.000135246	2
-128.329	16.6576	-0.000248605	0.000132431	2
-128.764	17.5214	-0.000259373	0.000128368	2
-129.221	18.3794	-0.000269696	0.000123098	2
-129.698	19.2316	-0.000279595	0.000116663	2
-130.196	20.0783	-0.00028909	0.000109104	2
-130.713	20.9194	-0.000298199	0.000100461	2
-131.248	21.7551	-0.000306943	9.07771e-05	2
-131.801	22.5853	-0.000315342	8.0092e-05	2
-132.37	23.4102	-0.000323415	6.84472e-05	2
-132.956	24.2299	-0.000331183	5.58841e-05	2
-133.549	25.0351	-0.00033858	4.2603e-05	2
-134.163	25.8445	-0.000345797	2.83358e-05	2
-134.791	26.649	-0.000352768	1.32733e-05	2
-135.431	27.4485	-0.000359512	-2.54347e-06	2
-136.082	28.2432	-0.000366049	-1.90733e-05	2
-136.745	29.033	-0.000372399	-3.6275e-05	2
-137.417	29.8182	-0.00037858	-5.41075e-05	2
-138.099	30.5987	-0.000384614	-7.25295e-05	2
-138.789	31.3746	-0.00039052	-9.14998e-05	2
-139.486	32.1461	-0.000396317	-0.000110977	2
-140.19	32.9131	-0.000402026	-0.000130921	2
-140.9	33.6759	-0.000407666	-0.00015129	2
-141.615	34.4343	-0.000413256	-0.000172042	2
-142.333	35.1886	-0.000418818	-0.000193137	2
-143.055	35.9388	-0.00042437	-0.000214533	2
-143.78	36.685	-0.000429932	-0.000236189	2
-144.506	37.4272	-0.000435525	-0.000258065	2
-145.233	38.1656	-0.000441167	-0.000280118	2
-145.96	38.9001	-0.000446879	-0.000302308	2
-146.686	39.6309	-0.00045268	-0.000324594	2
-147.41	40.3581	-0.00045859	-0.000346934	2
-148.131	41.0817	-0.00046463	-0.000369287	2
-148.849	41.8019	-0.000470818	-0.000391612	2
-149.555	42.5104	-0.0004771	-0.000413613	2
-150.264	43.2238	-0.000483642	-0.000435761	2
-150.966	43.9339	-0.000490392	-0.000457757	2
-151.662	44.6409	-0.00049737	-0.000479561	2
-152.351	45.3447	-0.000504595	-0.000501132	2
-153.031	46.0455	-0.000512087	-0.000522428	2
-153.702	46.7434	-0.000519867	-0.000543409	2
-154.362	47.4384	-0.000527952	-0.000564033	2
-155.012	48.1305	-0.000536364	-0.000584259	2
-155.649	48.82	-0.000545123	-0.000604046	2
-156.275	49.5068	-0.000554247	-0.000623352	2
-156.886	50.191	-0.000563757	-0.000642137	2
-157.484	50.8727	-0.000573673	-0.000660359	2
-158.066	51.552	-0.000584014	-0.000677978	2
-158.632	52.2289	-0.0005948	-0.000694951	2
-159.181	52.9036	-0.000606051	-0.000711239	2
-159.713	53.576	-0.000617786	-0.000726798	2
-160.226	54.2464	-0.000630026	-0.00074159	2
-160.72	54.9147	-0.00064279	-0.000755572	2
-161.194	55.581	-0.000656098	-0.000768703	2
-161.647	56.2455	-0.00066997	-0.000780942	2
-162.077	56.9081	-0.000684425	-0.000792247	2
-162.485	57.569	-0.000699483	-0.000802579	2
-162.87	58.2283	-0.000715165	-0.000811895	2
-163.226	58.8784	-0.000731298	-0.000820065	2
-163.561	59.5346	-0.000748277	-0.000827239	2
-163.871	60.1893	-0.000765938	-0.000833275	2
-164.153	60.8427	-0.000784301	-0.000838131	2
-164.408	61.4948	-0.000803386	-0.000841766	2
-164.634	62.1457	-0.000823212	-0.000844139	2
-164.831	62.7954	-0.0008438	-0.000845209	2
-164.997	63.4441	-0.000865169	-0.000844935	2
-165.132	64.0919	-0.000887338	-0.000843275	2
-165.236	64.7387	-0.000910328	-0.000840188	2
-165.307	65.3847	-0.000934158	-0.000835633	2
-165.344	66.03	-0.000958848	-0.00082957	2
-165.347	66.6746	-0.000984418	-0.000821956	2
-165.314	67.3186	-0.00101089	-0.000812751	2
-165.246	67.9621	-0.00103828	-0.000801913	2
-165.14	68.6052	-0.00106661	-0.000789401	2
-164.997	69.2479	-0.00109589	-0.000775175	2
-164.815	69.8903	-0.00112616	-0.000759192	2
-164.594	70.5325	-0.00115742	-0.000741413	2
-164.332	71.1745	-0.00118971	-0.000721795	2
-164.029	71.8165	-0.00122303	-0.000700297	2
-163.685	72.4585	-0.00125741	-0.000676879	2
-163.297	73.1006	-0.00129286	-0.000651498	2
-162.871	73.7355	-0.00132899	-0.000624441	2
-162.396	74.378	-0.00136665	-0.000595038	2
-161.876	75.0209	-0.00140544	-0.000563549	2
-161.309	75.6641	-0.00144539	-0.000529934	2

-75.0031	2.01209	-5.1348e-07	3.78659e-07	2
-75.2793	3.04185	-4.41853e-05	3.22023e-05	2
-75.5808	4.06348	-8.73979e-05	6.292e-05	2
-75.9039	5.06522	-0.000129658	9.21752e-05	2
-76.2441	6.03622	-0.000170518	0.000119678	2
-76.6091	6.99941	-0.000210946	0.000146091	2
-76.9944	7.94372	-0.000250485	0.000171106	2
-77.3998	8.86949	-0.000289153	0.000194748	2
-77.8247	9.77705	-0.000326972	0.000217037	2
-78.2688	10.6668	-0.000363962	0.000237995	2
-78.7316	11.5389	-0.000400145	0.000257645	2
-79.2127	12.3939	-0.00043554	0.000276009	2
-79.7118	13.2321	-0.000470168	0.000293109	2
-80.2282	14.0537	-0.000504049	0.000308966	2
-80.7618	14.8592	-0.000537205	0.000323604	2
-81.312	15.6488	-0.000569656	0.000337043	2
-81.8783	16.4229	-0.000601423	0.000349306	2
-82.4605	17.1819	-0.000632526	0.000360416	2
-83.058	17.9261	-0.000662985	0.000370394	2
-83.6705	18.6558	-0.000692822	0.000379262	2
-84.2975	19.3713	-0.000722057	0.000387042	2
-84.9386	20.073	-0.000750711	0.000393757	2
-85.5934	20.7613	-0.000778803	0.000399428	2
-86.2615	21.4365	-0.000806356	0.000404078	2
-86.9424	22.0988	-0.000833389	0.000407729	2
-87.6357	22.7488	-0.000859922	0.000410402	2
-88.3329	23.3793	-0.000885681	0.000412105	2
-89.0497	24.0055	-0.000911284	0.0004129	2
-89.7776	24.6202	-0.000936449	0.000412784	2
-90.5163	25.2239	-0.000961197	0.000411779	2
-91.2653	25.8167	-0.000985549	0.000409906	2
-92.0243	26.3992	-0.00100953	0.000407188	2
-92.7927	26.9716	-0.00103315	0.000403647	2
-93.5701	27.5342	-0.00105643	0.000399305	2
-94.3562	28.0874	-0.00107941	0.000394183	2
-95.1506	28.6316	-0.00110209	0.000388305	2
-95.9527	29.167	-0.0011245	0.000381692	2
-96.7622	29.6941	-0.00114665	0.000374367	2
-97.5787	30.213	-0.00116857	0.00036635	2
-98.4017	30.7243	-0.00119029	0.000357665	2
-99.2308	31.2282	-0.00121181	0.000348333	2
-100.066	31.7251	-0.00123316	0.000338377	2
-100.906	32.2153	-0.00125437	0.000327818	2
-101.751	32.6991	-0.00127544	0.000316679	2
-102.6	33.1769	-0.00129641	0.000304982	2
-103.454	33.649	-0.00131729	0.000292748	2
-104.311	34.1157	-0.00133811	0.00028	2
-105.171	34.5775	-0.00135888	0.00026676	2
-106.034	35.0346	-0.00137962	0.00025305	2
-106.889	35.4821	-0.00140012	0.000239058	2
-107.756	35.931	-0.00142087	0.000224478	2
-108.625	36.3761	-0.00144166	0.000209495	2
-109.495	36.818	-0.00146251	0.00019413	2
-110.365	37.2568	-0.00148343	0.000178404	2
-111.236	37.6931	-0.00150445	0.000162341	2
-112.106	38.127	-0.0015256	0.000145962	2
-112.976	38.5589	-0.00154687	0.000129289	2
-113.845	38.9893	-0.00156831	0.000112345	2
-114.712	39.4183	-0.00158993	9.51503e-05	2
-115.577	39.8464	-0.00161176	7.77285e-05	2
-116.441	40.2739	-0.0016338	6.01011e-05	2
-117.301	40.7012	-0.00165608	4.22903e-05	2
-118.158	41.1284	-0.00167863	2.43181e-05	2
-119.012	41.5561	-0.00170146	6.20664e-06	2
-119.862	41.9846	-0.0017246	-1.20221e-05	2
-120.707	42.4141	-0.00174806	-3.0346e-05	2
-121.548	42.8451	-0.00177186	-4.87431e-05	2
-122.383	43.2778	-0.00179603	-6.71912e-05	2
-123.213	43.7126	-0.00182059	-8.56682e-05	2
-124.037	44.1498	-0.00184555	-0.000104152	2
-124.854	44.5899	-0.00187095	-0.000122621	2
-125.664	45.033	-0.00189679	-0.000141053	2
-126.467	45.4796	-0.00192309	-0.000159425	2
-127.253	45.9248	-0.00194958	-0.000177506	2
-128.04	46.3792	-0.00197688	-0.000195695	2
-128.819	46.8381	-0.00200472	-0.000213759	2
-129.588	47.3019	-0.0020331	-0.000231675	2
-130.348	47.7707	-0.00206206	-0.000249422	2
-131.098	48.2451	-0.0020916	-0.000266978	2
-131.838	48.7253	-0.00212176	-0.00028432	2
-132.567	49.2116	-0.00215256	-0.000301427	2
-133.285	49.7044	-0.00218401	-0.000318275	2
-133.992	50.2041	-0.00221613	-0.000334845	2
-134.686	50.7109	-0.00224895	-0.000351112	2
-135.369	51.2252	-0.00228248	-0.000367056	2
-136.038	51.7474	-0.00231675	-0.000382653	2
-136.694	52.2778	-0.00235178	-0.000397883	2
-137.337	52.8167	-0.00238758	-0.000412723	2
-137.965	53.3644	-0.00242419	-0.000427151	2
-138.579	53.9214	-0.00246161	-0.000441144	2
-139.178	54.4879	-0.00249987	-0.000454681	2
-139.762	55.0643	-0.00253899	-0.00046774	2
-140.33	55.6509	-0.00257899	-0.000480299	2
-140.882	56.2481	-0.0026199	-0.000492335	2
-141.417	56.8561	-0.00266172	-0.000503827	2
-141.935	57.4754	-0.00270449	-0.000514752	2
-142.43	58.099	-0.00274771	-0.000524973	2
-142.914	58.7416	-0.00279241	-0.000534706	2
-143.378	59.3965	-0.00283812	-0.000543806	2
-143.825	60.064	-0.00288485	-0.000552252	2

-25.0023	2.01073	-7.21677e-07	7.17211e-08	2
-25.2034	2.93343	-6.05275e-05	6.58463e-06	2
-25.4066	3.86641	-0.000116528	1.38599e-05	2
-25.6097	4.79893	-0.000168064	2.18149e-05	2
-25.8103	5.72028	-0.000214682	3.03358e-05	2
-26.013	6.6519	-0.00025753	3.96101e-05	2
-26.2155	7.58305	-0.000296103	4.95317e-05	2
-26.4177	8.51374	-0.000330466	6.00897e-05	2
-26.6197	9.44397	-0.00036068	7.12731e-05	2
-26.8213	10.3737	-0.00038681	8.30712e-05	2
-27.0225	11.303	-0.000408919	9.5473e-05	2
-27.2234	12.2319	-0.00042707	0.000108468	2
-27.4239	13.1602	-0.000441327	0.000122044	2
-27.624	14.0881	-0.000451753	0.000136192	2
-27.8235	15.0155	-0.000458411	0.0001509	2
-28.0226	15.9424	-0.000461366	0.000166158	2
-28.2212	16.8689	-0.000460679	0.000181954	2
-28.4192	17.7949	-0.000456415	0.000198278	2
-28.6166	18.7204	-0.000448637	0.000215118	2
-28.8135	19.6454	-0.000437409	0.000232464	2
-29.0097	20.5699	-0.000422793	0.000250306	2
-29.2052	21.494	-0.000404853	0.000268631	2
-29.4	22.4175	-0.000383653	0.00028743	2
-29.5941	23.3406	-0.000359255	0.000306691	2
-29.7875	24.2632	-0.000331724	0.000326404	2
-29.9801	25.1853	-0.000301123	0.000346557	2
-30.1696	26.0963	-0.000267917	0.000366901	2
-30.3606	27.0174	-0.000231399	0.000387899	2
-30.5506	27.938	-0.000191999	0.000409304	2
-30.7398	28.8581	-0.000149782	0.000431107	2
-30.928	29.7777	-0.00010481	0.000453296	2
-31.1153	30.6968	-5.71479e-05	0.000475861	2
-31.3017	31.6154	-6.85807e-06	0.00049879	2
-31.487	32.5335	4.59958e-05	0.000522073	2
-31.6712	33.4511	0.00010135	0.000545699	2
-31.8544	34.3681	0.000159142	0.000569658	2
-32.0365	35.2847	0.000219308	0.000593937	2
-32.2175	36.2007	0.000281785	0.000618527	2
-32.3973	37.1163	0.000346509	0.000643416	2
-32.5759	38.0313	0.000413416	0.000668593	2
-32.7533	38.9458	0.000482444	0.000694049	2
-32.9295	39.8598	0.000553529	0.000719771	2
-33.1044	40.7732	0.000626608	0.000745749	2
-33.278	41.6861	0.000701617	0.000771972	2
-33.4503	42.5985	0.000778493	0.00079843	2
-33.6212	43.5104	0.000857173	0.00082511	2
-33.7907	44.4218	0.000937592	0.000852003	2
-33.9589	45.3326	0.00101969	0.000879098	2
-34.1255	46.2429	0.0011034	0.000906384	2
-34.2888	47.1422	0.00118767	0.000933532	2
-34.4526	48.0514	0.0012744	0.000961165	2
-34.6148	48.9601	0.00136255	0.000988955	2
-34.7754	49.8682	0.00145207	0.00101689	2
-34.9344	50.7758	0.00154288	0.00104497	2
-35.0919	51.6828	0.00163493	0.00107317	2
-35.2476	52.5894	0.00172814	0.00110148	2
-35.4017	53.4953	0.00182247	0.0011299	2
-35.5542	54.4007	0.00191783	0.00115841	2
-35.7048	55.3056	0.00201418	0.00118701	2
-35.8537	56.2099	0.00211145	0.00121567	2
-36.0009	57.1137	0.00220956	0.0012444	2
-36.1462	58.0169	0.00230847	0.00127317	2
-36.2896	58.9196	0.00240811	0.00130198	2
-36.4312	59.8216	0.00250841	0.00133082	2
-36.5709	60.7232	0.00260931	0.00135968	2
-36.7087	61.6241	0.00271074	0.00138855	2
-36.8445	62.5246	0.00281265	0.00141741	2
-36.9782	63.4244	0.00291497	0.00144625	2
-37.11	64.3237	0.00301764	0.00147507	2
-37.2398	65.2224	0.00312059	0.00150384	2
-37.3674	66.1205	0.00322375	0.00153258	2
-37.493	67.0181	0.00332708	0.00156125	2
-37.6164	67.9151	0.0034305	0.00158985	2
-37.7362	68.8012	0.00353276	0.00161804	2
-37.8553	69.697	0.00363617	0.00164647	2
-37.9722	70.5923	0.00373949	0.0016748	2
-38.0868	71.487	0.00384265	0.00170301	2
-38.1991	72.3811	0.00394559	0.0017311	2
-38.3091	73.2746	0.00404824	0.00175905	2
-38.4168	74.1675	0.00415054	0.00178686	2
-38.5222	75.0598	0.00425242	0.00181451	2
-38.6251	75.9516	0.00435383	0.001842	2
-38.7256	76.8427	0.0044547	0.0018693	2
-38.8237	77.7333	0.00455497	0.00189642	2
-38.9192	78.6233	0.00465457	0.00192333	2
-39.0123	79.5127	0.00475344	0.00195003	2
-39.1028	80.4014	0.00485152	0.00197651	2
-39.1908	81.2896	0.00494874	0.00200276	2
-39.2762	82.1772	0.00504504	0.00202876	2
-39.3589	83.0642	0.00514035	0.00205451	2
-39.439	83.9505	0.00523462	0.00208	2
-39.5164	84.8363	0.00532778	0.0021052	2
-39.5911	85.7214	0.00541977	0.00213012	2
-39.6631	86.606	0.00551051	0.00215474	2
-39.7323	87.4899	0.00559996	0.00217905	2
-39.7986	88.3732	0.00568804	0.00220305	2
-39.8615	89.2458	0.00577371	0.00222644	2
-39.9222	90.1279	0.0058589	0.00224976	2
-39.9801	91.0093	0.00594253	0.00227273	2
-40.0351	91.8902	0.00602454	0.00229533	2

25.0005	2.01273	-2.69808e-07	1.37297e-07	2
25.0568	3.0977	-2.21754e-05	1.08636e-05	2
25.1386	4.17586	-4.17543e-05	1.95628e-05	2
25.245	5.23469	-5.87815e-05	2.61325e-05	2
25.3741	6.26256	-7.31489e-05	3.05681e-05	2
25.5284	7.28359	-8.52351e-05	3.30073e-05	2
25.7063	8.28594	-9.49033e-05	3.34217e-05	2
25.9074	9.26981	-0.000102198	3.18461e-05	2
26.1314	10.2354	-0.000107165	2.83156e-05	2
26.378	11.183	-0.000109848	2.28652e-05	2
26.6467	12.1128	-0.000110292	1.55298e-05	2
26.9372	13.025	-0.000108543	6.34453e-06	2
27.2493	13.9197	-0.000104643	-4.65575e-06	2
27.5824	14.7974	-9.86397e-05	-1.7436e-05	2
27.9364	15.658	-9.05761e-05	-3.19612e-05	2
28.3107	16.5019	-8.04975e-05	-4.81965e-05	2
28.7052	17.3293	-6.84487e-05	-6.61067e-05	2
29.1194	18.1404	-5.44743e-05	-8.5657e-05	2
29.553	18.9354	-3.86192e-05	-0.000106812	2
30.0056	19.7145	-2.09282e-05	-0.000129538	2
30.4769	20.478	-1.44589e-06	-0.000153798	2
30.9666	21.226	1.97828e-05	-0.000179558	2
31.4742	21.9587	4.27133e-05	-0.000206784	2
31.9995	22.6765	6.73006e-05	-0.00023544	2
32.5421	23.3795	9.35001e-05	-0.00026549	2
33.1016	24.0679	0.000121267	-0.000296901	2
33.671	24.7343	0.000150211	-0.000329253	2
34.2631	25.3943	0.000180962	-0.000363265	2
34.8712	26.0404	0.000213146	-0.000398532	2
35.4948	26.6729	0.000246719	-0.000435019	2
36.1336	27.2918	0.000281636	-0.000472693	2
36.7873	27.8974	0.000317853	-0.000511516	2
37.4555	28.4899	0.000355324	-0.000551456	2
38.1378	29.0696	0.000394005	-0.000592475	2
38.8339	29.6367	0.000433851	-0.000634541	2
39.5435	30.1913	0.000474817	-0.000677617	2
40.2662	30.7337	0.000516858	-0.000721669	2
41.0016	31.2642	0.000559931	-0.000766661	2
41.7494	31.7829	0.000603989	-0.000812559	2
42.5093	32.29	0.000648988	-0.000859328	2
43.2809	32.7858	0.000694884	-0.000906933	2
44.0639	33.2704	0.000741632	-0.000955338	2
44.8579	33.7442	0.000789187	-0.00100451	2
45.6625	34.2072	0.000837503	-0.00105441	2
46.4775	34.6598	0.000886537	-0.00110501	2
47.3024	35.1021	0.000936244	-0.00115627	2
48.1369	35.5344	0.000986578	-0.00120815	2
48.9807	35.9568	0.0010375	-0.00126062	2
49.8334	36.3697	0.00108895	-0.00131365	2
50.6847	36.7685	0.0011403	-0.00136659	2
51.5541	37.1629	0.00119269	-0.00142062	2
52.4314	37.5483	0.00124549	-0.0014751	2
53.3162	37.9249	0.00129865	-0.00153	2
54.2082	38.2931	0.00135212	-0.00158528	2
55.107	38.6529	0.00140587	-0.00164091	2
56.0122	39.0046	0.00145983	-0.00169684	2
56.9236	39.3484	0.00151398	-0.00175306	2
57.8408	39.6845	0.00156827	-0.00180951	2
58.7634	40.0132	0.00162265	-0.00186617	2
59.691	40.3347	0.00167707	-0.00192301	2
60.6234	40.6491	0.00173149	-0.00197998	2
61.5602	40.9567	0.00178587	-0.00203705	2
62.501	41.2578	0.00184017	-0.00209418	2
63.4455	41.5524	0.00189433	-0.00215135	2
64.3933	41.8409	0.00194831	-0.00220852	2
65.3441	42.1235	0.00200207	-0.00226564	2
66.2976	42.4003	0.00205557	-0.00232269	2
67.2533	42.6717	0.00210875	-0.00237964	2
68.2109	42.9377	0.00216158	-0.00243644	2
69.1702	43.1987	0.002214	-0.00249306	2
70.1307	43.4548	0.00226598	-0.00254947	2
71.092	43.7063	0.00231747	-0.00260563	2
72.0539	43.9533	0.00236842	-0.0026615	2
73.005	44.1933	0.00241822	-0.00271642	2
73.9669	44.4322	0.00246797	-0.00277163	2
74.9284	44.6673	0.00251706	-0.00282645	2
75.889	44.8988	0.00256543	-0.00288085	2
76.8483	45.127	0.00261304	-0.00293478	2
77.8062	45.352	0.00265985	-0.00298823	2
78.7621	45.5742	0.00270581	-0.00304115	2
79.7158	45.7936	0.00275088	-0.0030935	2
80.6668	46.0105	0.00279501	-0.00314526	2
81.615	46.2252	0.00283816	-0.00319638	2
82.5598	46.4378	0.00288028	-0.00324683	2
83.501	46.6486	0.00292132	-0.00329659	2
84.4382	46.8577	0.00296125	-0.0033456	2
85.371	47.0654	0.00300002	-0.00339384	2
86.2991	47.272	0.00303758	-0.00344128	2
87.2222	47.4776	0.0030739	-0.00348787	2
88.1399	47.6824	0.00310891	-0.00353358	2
89.0519	47.8867	0.00314259	-0.00357838	2
89.9578	48.0906	0.00317487	-0.00362223	2
90.8572	48.2945	0.00320573	-0.0036651	2
91.7498	48.4985	0.00323512	-0.00370695	2
92.6354	48.7027	0.00326298	-0.00374774	2
93.5134	48.9076	0.00328928	-0.00378745	2
94.3736	49.1108	0.00331369	-0.0038256	2
95.2357	49.3173	0.00333675	-0.00386305	2
96.0892	49.525	0.00335811	-0.0038993	2
96.9339	49.7341	0.00337772	-0.00393432	2

74.9939	2.01198	-6.23824e-07	1.53994e-07	2
74.4876	3.03834	-5.34851e-05	1.31978e-05	2
74.0075	4.06841	-0.000105389	2.59928e-05	2
73.5592	5.09022	-0.000155729	3.83865e-05	2
73.1471	6.09216	-0.000203972	5.02449e-05	2
72.7612	7.09754	-0.000251257	6.18455e-05	2
72.4061	8.09465	-0.000297034	7.30497e-05	2
72.0814	9.08351	-0.00034132	8.38591e-05	2
71.7867	10.0641	-0.000384133	9.42754e-05	2
71.5217	11.0364	-0.000425491	0.0001043	2
71.286	12.0005	-0.000465414	0.000113935	2
71.0792	12.9563	-0.000503918	0.000123182	2
70.901	13.9039	-0.000541022	0.000132041	2
70.751	14.8432	-0.000576744	0.000140516	2
70.6288	15.7742	-0.000611103	0.000148608	2
70.5341	16.697	-0.000644117	0.000156317	2
70.4664	17.6115	-0.000675803	0.000163647	2
70.4254	18.5178	-0.00070618	0.000170598	2
70.4108	19.4158	-0.000735266	0.000177172	2
70.4221	20.3056	-0.00076308	0.000183371	2
70.459	21.1871	-0.000789638	0.000189196	2
70.5211	22.0604	-0.000814961	0.000194649	2
70.6081	22.9254	-0.000839065	0.000199732	2
70.7196	23.7821	-0.00086197	0.000204446	2
70.8551	24.6306	-0.000883692	0.000208793	2
71.0144	25.4709	-0.000904251	0.000212774	2
71.1948	26.2934	-0.000923448	0.000216352	2
71.4002	27.1173	-0.000941747	0.000219611	2
71.6282	27.9329	-0.000958936	0.00022251	2
71.8785	28.7402	-0.000975035	0.000225049	2
72.1506	29.5394	-0.00099006	0.000227231	2
72.4443	30.3302	-0.00100403	0.000229058	2
72.7591	31.1129	-0.00101696	0.00023053	2
73.0946	31.8873	-0.00102888	0.00023165	2
73.4506	32.6534	-0.0010398	0.000232418	2
73.8266	33.4113	-0.00104973	0.000232838	2
74.2222	34.161	-0.0010587	0.000232909	2
74.6371	34.9024	-0.00106672	0.000232635	2
75.071	35.6355	-0.00107382	0.000232016	2
75.5233	36.3605	-0.00108	0.000231055	2
75.9939	37.0772	-0.0010853	0.000229752	2
76.4822	37.7856	-0.00108972	0.00022811	2
76.988	38.4859	-0.00109329	0.00022613	2
77.5108	39.1778	-0.00109602	0.000223813	2
78.0503	39.8616	-0.00109793	0.000221162	2
78.6061	40.5371	-0.00109904	0.000218178	2
79.1779	41.2044	-0.00109937	0.000214863	2
79.7652	41.8634	-0.00109894	0.000211217	2
80.3678	42.5142	-0.00109776	0.000207244	2
80.9779	43.1495	-0.00109587	0.000202995	2
81.6096	43.7839	-0.00109326	0.000198374	2
82.2553	44.4101	-0.00108996	0.000193429	2
82.9148	45.0281	-0.00108599	0.000188163	2
83.5876	45.6379	-0.00108136	0.000182577	2
84.2734	46.2394	-0.00107609	0.000176672	2
84.9718	46.8327	-0.00107021	0.000170451	2
85.6824	47.4177	-0.00106372	0.000163914	2
86.4049	47.9946	-0.00105665	0.000157064	2
87.1389	48.5632	-0.00104902	0.000149901	2
87.884	49.1235	-0.00104084	0.000142429	2
88.6399	49.6757	-0.00103214	0.000134648	2
89.4061	50.2196	-0.00102292	0.000126559	2
90.1823	50.7553	-0.00101321	0.000118166	2
90.9682	51.2828	-0.00100303	0.000109468	2
91.7633	51.8021	-0.000992395	0.000100469	2
92.5674	52.3131	-0.000981321	9.11684e-05	2
93.3799	52.8159	-0.000969829	8.15692e-05	2
94.2006	53.3105	-0.000957936	7.16728e-05	2
95.0291	53.7969	-0.00094566	6.14806e-05	2
95.865	54.2751	-0.00093302	5.09944e-05	2
96.7079	54.745	-0.000920034	4.02158e-05	2
97.5575	55.2067	-0.00090672	2.91464e-05	2
98.4134	55.6602	-0.000893096	1.77878e-05	2
99.2653	56.1004	-0.000879342	6.27711e-06	2
100.133	56.5376	-0.000865156	-5.6517e-06	2
101.005	56.9666	-0.000850714	-1.78648e-05	2
101.882	57.3873	-0.000836036	-3.03607e-05	2
102.764	57.7998	-0.000821138	-4.31376e-05	2
103.65	58.2041	-0.000806039	-5.61939e-05	2
104.539	58.6002	-0.000790757	-6.95281e-05	2
105.432	58.9881	-0.000775311	-8.31385e-05	2
106.328	59.3678	-0.000759718	-9.70234e-05	2
107.226	59.7392	-0.000743997	-0.000111181	2
108.127	60.1025	-0.000728166	-0.000125611	2
109.029	60.4575	-0.000712243	-0.000140309	2
109.933	60.8044	-0.000696247	-0.000155276	2
110.838	61.143	-0.000680194	-0.00017051	2
111.744	61.4734	-0.000664105	-0.000186008	2
112.65	61.7956	-0.000647996	-0.00020177	2
113.556	62.1096	-0.000631886	-0.000217793	2
114.462	62.4155	-0.000615793	-0.000234075	2
115.367	62.7131	-0.000599736	-0.000250617	2
116.271	63.0025	-0.000583732	-0.000267415	2
117.173	63.2836	-0.0005678	-0.000284468	2
118.074	63.5566	-0.000551958	-0.000301774	2
118.972	63.8214	-0.000536223	-0.000319333	2
119.857	64.0751	-0.000520794	-0.000336935	2
120.75	64.3236	-0.000505328	-0.000354989	2
121.639	64.5639	-0.000490025	-0.00037329	2
122.525	64.796	-0.000474903	-0.000391837	2

124.997	2.01007	4.05553e-08	-1.78584e-07	2
124.736	2.88059	2.53365e-06	-1.53982e-05	2
124.469	3.76927	3.08121e-06	-3.05152e-05	2
124.199	4.66572	1.68246e-06	-4.53497e-05	2
123.93	5.55923	-1.57414e-06	-5.97349e-05	2
123.655	6.47025	-6.72494e-06	-7.40043e-05	2
123.379	7.38815	-1.37032e-05	-8.79875e-05	2
123.102	8.31262	-2.24691e-05	-0.000101684	2
122.824	9.24336	-3.29828e-05	-0.000115091	2
122.545	10.1801	-4.52046e-05	-0.000128209	2
122.265	11.1224	-5.90948e-05	-0.000141036	2
121.985	12.0702	-7.46135e-05	-0.000153572	2
121.706	13.0229	-9.17209e-05	-0.000165814	2
121.427	13.9805	-0.000110377	-0.000177761	2
121.15	14.9425	-0.000130543	-0.000189413	2
120.873	15.9086	-0.000152178	-0.000200768	2
120.598	16.8786	-0.000175242	-0.000211826	2
120.325	17.8521	-0.000199697	-0.000222584	2
120.054	18.8288	-0.000225502	-0.000233041	2
119.786	19.8085	-0.000252616	-0.000243197	2
119.521	20.7909	-0.000281002	-0.000253051	2
119.259	21.7755	-0.000310618	-0.0002626	2
119.001	22.7622	-0.000341425	-0.000271844	2
118.746	23.7506	-0.000373383	-0.000280782	2
118.496	24.7404	-0.000406453	-0.000289412	2
118.25	25.7313	-0.000440594	-0.000297733	2
118.012	26.7117	-0.000475357	-0.000305654	2
117.776	27.7039	-0.000511511	-0.000313358	2
117.546	28.6964	-0.000548617	-0.00032075	2
117.322	29.6888	-0.000586637	-0.000327828	2
117.104	30.6808	-0.00062553	-0.000334591	2
116.892	31.6721	-0.000665256	-0.000341038	2
116.688	32.6623	-0.000705776	-0.000347168	2
116.49	33.6513	-0.000747049	-0.00035298	2
116.3	34.6387	-0.000789037	-0.000358472	2
116.118	35.6241	-0.000831699	-0.000363644	2
115.945	36.6074	-0.000874995	-0.000368494	2
115.779	37.5881	-0.000918886	-0.00037302	2
115.623	38.566	-0.000963332	-0.000377222	2
115.476	39.5408	-0.00100829	-0.000381099	2
115.338	40.5122	-0.00105373	-0.000384649	2
115.21	41.4798	-0.0010996	-0.000387871	2
115.092	42.4434	-0.00114587	-0.000390764	2
114.985	43.4027	-0.00119249	-0.000393327	2
114.889	44.3573	-0.00123943	-0.000395558	2
114.803	45.307	-0.00128665	-0.000397457	2
114.73	46.2515	-0.0013341	-0.000399021	2
114.668	47.1904	-0.00138175	-0.000400251	2
114.618	48.1234	-0.00142956	-0.000401144	2
114.581	49.0397	-0.00147694	-0.000401696	2
114.556	49.9602	-0.00152494	-0.000401917	2
114.545	50.874	-0.00157298	-0.000401798	2
114.547	51.7807	-0.00162102	-0.000401338	2
114.563	52.6801	-0.00166901	-0.000400536	2
114.593	53.5717	-0.00171693	-0.00039939	2
114.637	54.4554	-0.00176472	-0.0003979	2
114.696	55.3309	-0.00181236	-0.000396064	2
114.771	56.1978	-0.00185979	-0.000393881	2
114.86	57.0558	-0.00190699	-0.000391349	2
114.966	57.9046	-0.0019539	-0.000388469	2
115.088	58.7439	-0.00200049	-0.000385237	2
115.226	59.5735	-0.00204673	-0.000381654	2
115.381	60.3929	-0.00209256	-0.000377718	2
115.553	61.202	-0.00213796	-0.000373427	2
115.742	62.0004	-0.00218288	-0.000368781	2
115.95	62.7877	-0.00222728	-0.000363779	2
116.175	63.5638	-0.00227112	-0.000358418	2
116.419	64.3283	-0.00231436	-0.000352699	2
116.681	65.0808	-0.00235696	-0.000346619	2
116.963	65.8212	-0.00239889	-0.000340178	2
117.264	66.549	-0.0024401	-0.000333375	2
117.584	67.2641	-0.00248055	-0.000326208	2
117.925	67.966	-0.0025202	-0.000318675	2
118.282	68.6466	-0.00255858	-0.00031087	2
118.664	69.3215	-0.00259653	-0.000302608	2
119.067	69.9824	-0.00263356	-0.000293978	2
119.491	70.629	-0.00266964	-0.000284978	2
119.937	71.2609	-0.00270473	-0.000275607	2
120.405	71.8779	-0.00273877	-0.000265863	2
120.895	72.4797	-0.00277175	-0.000255747	2
121.408	73.0659	-0.0028036	-0.000245256	2
121.945	73.6363	-0.00283431	-0.000234389	2
122.504	74.1906	-0.00286382	-0.000223145	2
123.087	74.7284	-0.00289209	-0.000211523	2
123.694	75.2494	-0.00291909	-0.000199522	2
124.326	75.7534	-0.00294478	-0.00018714	2
124.982	76.24	-0.00296911	-0.000174377	2
125.664	76.709	-0.00299205	-0.00016123	2
126.37	77.16	-0.00301356	-0.0001477	2
127.103	77.5927	-0.00303359	-0.000133784	2
127.861	78.0069	-0.00305211	-0.000119481	2
128.646	78.4022	-0.00306908	-0.000104791	2
129.458	78.7783	-0.00308446	-8.9712e-05	2
130.296	79.1349	-0.0030982	-7.42428e-05	2
131.162	79.4718	-0.00311027	-5.83823e-05	2
132.055	79.7885	-0.00312063	-4.21293e-05	2
132.966	80.0816	-0.00312916	-2.56762e-05	2
133.915	80.3576	-0.00313599	-8.6391e-06	2
134.894	80.6125	-0.003141	8.79406e-06	2
135.901	80.8462	-0.00314414	2.66245e-05	2

