-125	2.01169	-2.76921e-07	2.22962e-07	2
-125.027	3.01195	-2.35486e-05	1.85555e-05	2
-125.086	4.01289	-4.60166e-05	3.54331e-05	2
-125.178	5.00297	-6.74331e-05	5.06721e-05	2
-125.299	5.97116	-8.75983e-05	6.41642e-05	2
-125.452	6.94015	-0.00010701	7.62621e-05	2
-125.635	7.89879	-0.000125457	8.68392e-05	2
-125.847	8.84725	-0.000142968	9.59348e-05	2
-126.088	9.78569	-0.000159572	0.000103588	2
-126.355	10.7143	-0.000175298	0.000109839	2
-126.65	11.6332	-0.000190176	0.000114727	2
-126.97	12.5426	-0.000204233	0.000118291	2
-127.315	13.4426	-0.0002175	0.00012057	2
-127.685	14.3335	-0.000230005	0.000121604	2
-128.078	15.2153	-0.000241777	0.000121432	2
-128.494	16.0883	-0.000252846	0.000120094	2
-128.932	16.9527	-0.000263239	0.000117629	2
-129.391	17.8085	-0.000272987	0.000114076	2
-129.871	18.656	-0.000282118	0.000109476	2
-130.37	19.4953	-0.000290661	0.000103866	2
-130.888	20.3266	-0.000298646	9.72866e-05	2
-131.424	21.15	-0.000306101	8.97774e-05	2
-131.978	21.9658	-0.000313055	8.13775e-05	2
-132.548	22.7741	-0.000319537	7.21263e-05	2
-133.134	23.575	-0.000325577	6.20631e-05	2
-133.734	24.3688	-0.000331203	5.12275e-05	2
-134.342	25.1466	-0.000336386	3.97956e-05	2
-134.97	25.9266	-0.000341275	2.75408e-05	2
-135.611	26.6999	-0.000345837	1.46311e-05	2
-136.263	27.4668	-0.000350101	1.10598e-06	2
-136.926	28.2273	-0.000354097	-1.29952e-05	2
-137.6	28.9816	-0.000357852	-2.76331e-05	2
-138.283	29.73	-0.000361396	-4.27683e-05	2
-138.975	30.4725	-0.000364758	-5.83615e-05	2
-139.675	31.2094	-0.000367968	-7.43731e-05	2
-140.382	31.9407	-0.000371053	-9.07639e-05	2
-141.096	32.6668	-0.000374043	-0.000107495	2
-141.815	33.3877	-0.000376968	-0.000124525	2
-142.538	34.1035	-0.000379855	-0.000141817	2
-143.266	34.8146	-0.000382734	-0.000159331	2
-143.997	35.521	-0.000385635	-0.000177027	2
-144.73	36.2229	-0.000388585	-0.000194866	2
-145.465	36.9205	-0.000391615	-0.000212808	2
-146.201	37.614	-0.000394752	-0.000230814	2
-146.937	38.3034	-0.000398027	-0.000248845	2
-147.673	38.989	-0.000401468	-0.000266861	2
-148.407	39.671	-0.000405104	-0.000284823	2
-149.138	40.3495	-0.000408964	-0.000302692	2
-149.867	41.0247	-0.000413077	-0.000320428	2
-150.583	41.689	-0.00041742	-0.000337791	2
-151.304	42.3581	-0.000422122	-0.000355146	2
-152.018	43.0244	-0.000427165	-0.00037225	2
-152.727	43.688	-0.000432576	-0.000389064	2
-153.429	44.3491	-0.000438385	-0.00040555	2
-154.123	45.0079	-0.00044462	-0.000421666	2
-154.809	45.6646	-0.000451312	-0.000437374	2
-155.485	46.3193	-0.000458488	-0.000452635	2
-156.151	46.9722	-0.000466179	-0.000467409	2
-156.807	47.6235	-0.000474412	-0.000481657	2
-157.451	48.2733	-0.000483217	-0.000495339	2
-158.082	48.9217	-0.000492623	-0.000508416	2
-158.7	49.569	-0.000502658	-0.000520849	2
-159.305	50.2154	-0.000513353	-0.000532599	2
-159.894	50.861	-0.000524735	-0.000543625	2
-160.468	51.5059	-0.000536834	-0.000553888	2
-161.026	52.1503	-0.00054968	-0.00056335	2
-161.567	52.7945	-0.0005633	-0.00057197	2
-162.089	53.4385	-0.000577724	-0.00057971	2
-162.593	54.0825	-0.000592981	-0.000586529	2
-163.078	54.7267	-0.000609099	-0.00059239	2
-163.542	55.3714	-0.000626109	-0.000597251	2
-163.986	56.0165	-0.000644039	-0.000601074	2
-164.407	56.6624	-0.000662917	-0.00060382	2
-164.802	57.3016	-0.00068254	-0.000605436	2
-165.178	57.9494	-0.000703392	-0.000605922	2
-165.53	58.5983	-0.000725279	-0.000605213	2
-165.857	59.2487	-0.000748231	-0.000603269	2
-166.158	59.9005	-0.000772277	-0.00060005	2
-166.433	60.5541	-0.000797445	-0.000595519	2
-166.681	61.2095	-0.000823765	-0.000589634	2
-166.9	61.867	-0.000851266	-0.000582358	2
-167.091	62.5267	-0.000879976	-0.00057365	2
-167.252	63.1888	-0.000909925	-0.000563471	2
-167.383	63.8534	-0.000941142	-0.000551781	2
-167.483	64.5208	-0.000973655	-0.000538542	2
-167.55	65.191	-0.00100749	-0.000523714	2
-167.585	65.8642	-0.00104269	-0.000507257	2
-167.587	66.5407	-0.00107927	-0.000489132	2
-167.554	67.2206	-0.00111726	-0.0004693	2
-167.486	67.904	-0.00115669	-0.000447722	2
-167.382	68.5911	-0.00119759	-0.000424357	2
-167.242	69.2821	-0.00123999	-0.000399167	2
-167.064	69.9772	-0.00128392	-0.000372113	2
-166.848	70.6765	-0.00132941	-0.000343154	2
-166.593	71.3801	-0.00137649	-0.000312251	2
-166.299	72.0884	-0.00142518	-0.000279366	2
-165.968	72.7931	-0.00147493	-0.000244871	2
-165.591	73.5109	-0.00152692	-0.000207925	2
-165.173	74.2338	-0.00158061	-0.000168879	2
-164.712	74.9618	-0.00163604	-0.000127693	2

-75.004	2.01299	-2.56086e-07	3.96414e-07	2
-75.3568	3.11836	-2.21439e-05	3.39335e-05	2
-75.7343	4.21347	-4.40193e-05	6.6757e-05	2
-76.1321	5.2857	-6.56353e-05	9.84888e-05	2
-76.5448	6.32351	-8.67567e-05	0.000128801	2
-76.9817	7.3514	-0.000107884	0.000158416	2
-77.4378	8.35758	-0.000128778	0.000186993	2
-77.9125	9.34242	-0.000149449	0.000214552	2
-78.4056	10.3063	-0.000169905	0.00024111	2
-78.9166	11.2497	-0.000190155	0.000266686	2
-79.4452	12.1728	-0.000210209	0.000291297	2
-79.991	13.0762	-0.000230075	0.000314962	2
-80.5536	13.9601	-0.000249763	0.000337699	2
-81.1325	14.8251	-0.000269281	0.000359526	2
-81.7275	15.6714	-0.000288638	0.000380462	2
-82.3381	16.4994	-0.000307844	0.000400525	2
-82.964	17.3096	-0.000326907	0.000419733	2
-83.6047	18.1024	-0.000345836	0.000438105	2
-84.2598	18.878	-0.000364641	0.000455657	2
-84.9291	19.6369	-0.00038333	0.00047241	2
-85.612	20.3796	-0.000401912	0.00048838	2
-86.3082	21.1062	-0.000420396	0.000503587	2
-87.0174	21.8174	-0.000438792	0.000518048	2
-87.739	22.5134	-0.000457108	0.000531782	2
-88.4728	23.1946	-0.000475353	0.000544806	2
-89.2184	23.8614	-0.000493536	0.00055714	2
-89.9666	24.5068	-0.000511459	0.000568671	2
-90.7344	25.1461	-0.000529546	0.000579685	2
-91.5128	25.7722	-0.000547598	0.000590063	2
-92.3014	26.3855	-0.000565625	0.000599822	2
-93.0998	26.9863	-0.000583634	0.000608982	2
-93.9076	27.575	-0.000601635	0.00061756	2
-94.7245	28.152	-0.000619638	0.000625575	2
-95.5501	28.7178	-0.00063765	0.000633044	2
-96.3839	29.2726	-0.000655682	0.000639986	2
-97.2257	29.8168	-0.000673741	0.000646419	2
-98.0749	30.351	-0.000691838	0.000652362	2
-98.9312	30.8753	-0.00070998	0.000657833	2
-99.7943	31.3903	-0.000728178	0.000662849	2
-100.664	31.8963	-0.000746439	0.00066743	2
-101.539	32.3937	-0.000764773	0.000671593	2
-102.42	32.8828	-0.000783189	0.000675356	2
-103.306	33.3642	-0.000801697	0.000678739	2
-104.197	33.8381	-0.000820304	0.000681758	2
-105.092	34.3049	-0.000839019	0.000684433	2
-105.991	34.765	-0.000857853	0.000686781	2
-106.894	35.2189	-0.000876814	0.000688821	2
-107.801	35.6669	-0.00089591	0.000690571	2
-108.71	36.1093	-0.000915152	0.000692049	2
-109.61	36.5416	-0.000934323	0.000693261	2
-110.524	36.9742	-0.000953879	0.000694253	2
-111.439	37.4025	-0.000973607	0.000695027	2
-112.356	37.8267	-0.000993516	0.000695603	2
-113.273	38.2474	-0.00101361	0.000695998	2
-114.191	38.6649	-0.00103391	0.00069623	2
-115.109	39.0795	-0.00105442	0.000696317	2
-116.027	39.4917	-0.00107514	0.000696279	2
-116.944	39.9019	-0.00109608	0.000696132	2
-117.861	40.3104	-0.00111726	0.000695896	2
-118.776	40.7176	-0.00113869	0.000695588	2
-119.689	41.1239	-0.00116037	0.000695228	2
-120.599	41.5297	-0.00118231	0.000694832	2
-121.508	41.9354	-0.00120452	0.000694419	2
-122.413	42.3414	-0.00122701	0.000694008	2
-123.315	42.748	-0.00124978	0.000693616	2
-124.213	43.1556	-0.00127286	0.000693263	2
-125.108	43.5647	-0.00129624	0.000692965	2
-125.997	43.9756	-0.00131994	0.000692742	2
-126.882	44.3887	-0.00134396	0.000692612	2
-127.762	44.8043	-0.00136832	0.000692592	2
-128.635	45.2229	-0.00139301	0.000692701	2
-129.503	45.6449	-0.00141806	0.000692958	2
-130.365	46.0706	-0.00144347	0.00069338	2
-131.209	46.4955	-0.00146895	0.000693978	2
-132.057	46.9298	-0.00149511	0.000694784	2
-132.897	47.369	-0.00152165	0.000695809	2
-133.728	47.8134	-0.00154859	0.000697073	2
-134.552	48.2635	-0.00157593	0.000698593	2
-135.367	48.7197	-0.00160369	0.000700388	2
-136.172	49.1823	-0.00163187	0.000702476	2
-136.968	49.6517	-0.00166048	0.000704875	2
-137.754	50.1284	-0.00168953	0.000707603	2
-138.53	50.6126	-0.00171903	0.000710679	2
-139.295	51.1048	-0.001749	0.000714121	2
-140.049	51.6053	-0.00177943	0.000717947	2
-140.792	52.1147	-0.00181034	0.000722175	2
-141.523	52.6331	-0.00184173	0.000726824	2
-142.241	53.1611	-0.00187362	0.000731911	2
-142.947	53.6989	-0.00190602	0.000737456	2
-143.64	54.2471	-0.00193892	0.000743476	2
-144.319	54.806	-0.00197235	0.000749989	2
-144.985	55.3759	-0.00200631	0.000757014	2
-145.636	55.9572	-0.00204081	0.000764568	2
-146.273	56.5504	-0.00207586	0.000772671	2
-146.895	57.1559	-0.00211147	0.000781341	2
-147.502	57.7739	-0.00214765	0.000790595	2
-148.086	58.3976	-0.00218397	0.000800335	2
-148.661	59.0418	-0.0022213	0.000810805	2
-149.219	59.6999	-0.00225922	0.000821915	2
-149.761	60.372	-0.00229775	0.000833682	2

-25.0039	2.01116	-6.1374e-07	2.88993e-07	2
-25.3342	2.97076	-5.16668e-05	2.50246e-05	2
-25.6592	3.94149	-9.98665e-05	4.98135e-05	2
-25.9752	4.91219	-0.000144645	7.43708e-05	2
-26.2786	5.87169	-0.00018559	9.84224e-05	2
-26.5768	6.8423	-0.000223699	0.000122532	2
-26.8662	7.81286	-0.000258522	0.000146421	2
-27.1468	8.78335	-0.000290105	0.000170096	2
-27.4188	9.75377	-0.000318493	0.00019356	2
-27.6823	10.7241	-0.000343732	0.000216817	2
-27.9374	11.6944	-0.000365866	0.000239872	2
-28.1842	12.6645	-0.000384942	0.000262728	2
-28.4227	13.6346	-0.000401005	0.000285389	2
-28.6531	14.6046	-0.0004141	0.00030786	2
-28.8754	15.5744	-0.000424274	0.000330145	2
-29.0898	16.5441	-0.00043157	0.000352248	2
-29.2963	17.5137	-0.000436035	0.000374173	2
-29.495	18.4832	-0.000437714	0.000395924	2
-29.6861	19.4525	-0.000436653	0.000417506	2
-29.8696	20.4217	-0.000432897	0.000438922	2
-30.0457	21.3907	-0.000426492	0.000460177	2
-30.2143	22.3595	-0.000417483	0.000481274	2
-30.3757	23.3281	-0.000405915	0.000502219	2
-30.5298	24.2966	-0.000391833	0.000523014	2
-30.6769	25.2649	-0.000375285	0.000543665	2
-30.8169	26.233	-0.000356314	0.000564174	2
-30.9485	27.1897	-0.000335225	0.000584314	2
-31.0749	28.1574	-0.000311573	0.000604556	2
-31.1946	29.1248	-0.000285634	0.00062467	2
-31.3076	30.092	-0.000257454	0.00064466	2
-31.4141	31.059	-0.000227079	0.000664529	2
-31.5141	32.0258	-0.000194554	0.000684283	2
-31.6078	32.9923	-0.000159925	0.000703925	2
-31.6953	33.9585	-0.000123236	0.000723459	2
-31.7766	34.9245	-8.4534e-05	0.000742889	2
-31.8518	35.8901	-4.38636e-05	0.00076222	2
-31.921	36.8556	-1.27052e-06	0.000781456	2
-31.9844	37.8207	4.31998e-05	0.0008006	2
-32.042	38.7855	8.9502e-05	0.000819657	2
-32.0939	39.75	0.00013759	0.000838632	2
-32.1402	40.7143	0.00018742	0.000857527	2
-32.181	41.6781	0.000238945	0.000876348	2
-32.2164	42.6417	0.000292119	0.000895099	2
-32.2465	43.605	0.000346899	0.000913783	2
-32.2714	44.5679	0.000403237	0.000932405	2
-32.2912	45.5304	0.000461089	0.000950968	2
-32.3059	46.4926	0.000520409	0.000969478	2
-32.3157	47.4544	0.000581152	0.000987937	2
-32.3207	48.4159	0.000643272	0.00100635	2
-32.3209	49.3659	0.000705988	0.00102451	2
-32.3166	50.3266	0.000770711	0.00104285	2
-32.3076	51.2869	0.000836677	0.00106115	2
-32.2943	52.2468	0.000903838	0.00107942	2
-32.2765	53.2063	0.000972149	0.00109767	2
-32.2545	54.1654	0.00104157	0.0011159	2
-32.2283	55.1241	0.00111204	0.00113411	2
-32.198	56.0823	0.00118353	0.0011523	2
-32.1637	57.0401	0.00125599	0.00117049	2
-32.1255	57.9975	0.00132937	0.00118867	2
-32.0836	58.9543	0.00140363	0.00120686	2
-32.0379	59.9108	0.00147873	0.00122504	2
-31.9886	60.8667	0.00155461	0.00124324	2
-31.9358	61.8222	0.00163123	0.00126145	2
-31.8796	62.7772	0.00170854	0.00127967	2
-31.82	63.7317	0.00178651	0.00129791	2
-31.7573	64.6858	0.00186508	0.00131618	2
-31.6913	65.6393	0.00194422	0.00133448	2
-31.6224	66.5923	0.00202386	0.00135281	2
-31.5505	67.5447	0.00210398	0.00137117	2
-31.4757	68.4967	0.00218451	0.00138958	2
-31.3982	69.4481	0.00226543	0.00140803	2
-31.318	70.399	0.00234668	0.00142653	2
-31.2352	71.3493	0.00242821	0.00144509	2
-31.1509	72.2881	0.00250905	0.00146349	2
-31.0633	73.2373	0.00259102	0.00148216	2
-30.9735	74.1859	0.00267314	0.0015009	2
-30.8814	75.134	0.00275537	0.00151971	2
-30.7872	76.0814	0.00283765	0.00153859	2
-30.691	77.0283	0.00291996	0.00155755	2
-30.5929	77.9746	0.00300223	0.00157659	2
-30.493	78.9202	0.00308442	0.00159572	2
-30.3913	79.8652	0.00316649	0.00161494	2
-30.288	80.8096	0.0032484	0.00163425	2
-30.1832	81.7534	0.00333009	0.00165367	2
-30.077	82.6965	0.00341153	0.00167318	2
-29.9694	83.639	0.00349266	0.00169281	2
-29.8605	84.5808	0.00357344	0.00171254	2
-29.7505	85.522	0.00365383	0.00173239	2
-29.6395	86.4625	0.00373378	0.00175236	2
-29.5274	87.4023	0.00381324	0.00177245	2
-29.4145	88.3414	0.00389218	0.00179267	2
-29.3009	89.2798	0.00397053	0.00181302	2
-29.1865	90.2176	0.00404827	0.00183351	2
-29.0715	91.1546	0.00412533	0.00185414	2
-28.9561	92.0909	0.00420169	0.00187491	2
-28.8402	93.0264	0.00427728	0.00189583	2
-28.7254	93.9506	0.00435122	0.00191666	2
-28.609	94.8847	0.00442518	0.00193789	2
-28.4926	95.818	0.00449824	0.00195927	2
-28.3761	96.7507	0.00457036	0.00198083	2

24.9996	2.01311	-5.15711e-07	1.85759e-07	2
24.9793	3.12869	-4.38815e-05	1.54878e-05	2
24.9888	4.23382	-8.57902e-05	2.96305e-05	2
25.0282	5.31566	-0.000125757	4.2454e-05	2
25.0959	6.36246	-0.000163387	5.38588e-05	2
25.1932	7.39885	-0.000199586	6.41355e-05	2
25.3189	8.41281	-0.000233937	7.317e-05	2
25.4727	9.40464	-0.000266472	8.09881e-05	2
25.6541	10.3746	-0.00029722	8.76155e-05	2
25.8627	11.323	-0.000326214	9.30781e-05	2
26.098	12.2501	-0.000353486	9.74015e-05	2
26.3596	13.1562	-0.000379065	0.000100612	2
26.6471	14.0416	-0.000402984	0.000102734	2
26.96	14.9066	-0.000425274	0.000103795	2
27.2979	15.7515	-0.000445966	0.00010382	2
27.6604	16.5764	-0.000465092	0.000102834	2
28.047	17.3819	-0.000482681	0.000100864	2
28.4572	18.168	-0.000498767	9.79354e-05	2
28.8907	18.9351	-0.00051338	9.40738e-05	2
29.3471	19.6836	-0.000526552	8.93051e-05	2
29.8258	20.4136	-0.000538313	8.36551e-05	2
30.3264	21.1255	-0.000548696	7.71495e-05	2
30.8485	21.8195	-0.00055773	6.9814e-05	2
31.3917	22.496	-0.000565449	6.16746e-05	2
31.9555	23.1552	-0.000571882	5.27568e-05	2
32.5395	23.7974	-0.000577061	4.30866e-05	2
33.1362	24.4157	-0.000580979	3.28133e-05	2
33.759	25.025	-0.000583758	2.17234e-05	2
34.4008	25.6181	-0.000585376	9.95804e-06	2
35.0609	26.1954	-0.000585866	-2.45698e-06	2
35.7391	26.7571	-0.000585257	-1.54959e-05	2
36.4349	27.3035	-0.000583582	-2.91329e-05	2
37.1478	27.835	-0.000580872	-4.33423e-05	2
37.8774	28.3517	-0.000577158	-5.80982e-05	2
38.6232	28.854	-0.000572471	-7.3375e-05	2
39.3849	29.3422	-0.000566842	-8.91467e-05	2
40.162	29.8165	-0.000560304	-0.000105388	2
40.954	30.2773	-0.000552886	-0.000122072	2
41.7606	30.7248	-0.000544621	-0.000139174	2
42.5812	31.1593	-0.000535539	-0.000156668	2
43.4155	31.5811	-0.000525673	-0.000174528	2
44.263	31.9905	-0.000515052	-0.000192729	2
45.1232	32.3877	-0.00050371	-0.000211244	2
45.9958	32.7731	-0.000491676	-0.000230048	2
46.8803	33.147	-0.000478982	-0.000249115	2
47.7763	33.5096	-0.000465659	-0.000268419	2
48.6832	33.8612	-0.000451739	-0.000287935	2
49.6008	34.2021	-0.000437252	-0.000307636	2
50.5285	34.5325	-0.000422231	-0.000327498	2
51.4551	34.8493	-0.000406888	-0.000347263	2
52.4017	35.1599	-0.000390896	-0.000367365	2
53.3571	35.4609	-0.000374463	-0.000387551	2
54.321	35.7527	-0.00035762	-0.000407794	2
55.2928	36.0355	-0.000340398	-0.000428068	2
56.2722	36.3096	-0.000322828	-0.000448347	2
57.2586	36.5753	-0.000304943	-0.000468607	2
58.2518	36.8329	-0.000286772	-0.00048882	2
59.2511	37.0826	-0.000268347	-0.000508962	2
60.2562	37.3248	-0.0002497	-0.000529006	2
61.2667	37.5597	-0.000230862	-0.000548927	2
62.2821	37.7876	-0.000211864	-0.000568699	2
63.302	38.0088	-0.000192738	-0.000588296	2
64.326	38.2236	-0.000173514	-0.000607692	2
65.3535	38.4322	-0.000154224	-0.000626862	2
66.3842	38.6351	-0.000134899	-0.00064578	2
67.4177	38.8324	-0.000115571	-0.000664419	2
68.4534	39.0244	-9.62708e-05	-0.000682755	2
69.491	39.2114	-7.70294e-05	-0.000700762	2
70.53	39.3938	-5.78784e-05	-0.000718413	2
71.57	39.5717	-3.8849e-05	-0.000735683	2
72.6106	39.7455	-1.99725e-05	-0.000752546	2
73.6513	39.9155	-1.28016e-06	-0.000768977	2
74.6916	40.0819	1.71967e-05	-0.000784949	2
75.7192	40.2432	3.52189e-05	-0.000800262	2
76.7577	40.4034	5.31744e-05	-0.000815246	2
77.7944	40.5609	7.0821e-05	-0.000829695	2
78.8291	40.716	8.81275e-05	-0.000843582	2
79.8614	40.869	0.000105062	-0.000856883	2
80.8906	41.0202	0.000121595	-0.000869571	2
81.9165	41.1698	0.000137693	-0.00088162	2
82.9386	41.3181	0.000153326	-0.000893005	2
83.9565	41.4654	0.000168462	-0.0009037	2
84.9696	41.6121	0.00018307	-0.000913679	2
85.9777	41.7584	0.00019712	-0.000922916	2
86.9801	41.9045	0.000210579	-0.000931386	2
87.9766	42.0508	0.000223416	-0.000939063	2
88.9667	42.1976	0.0002356	-0.00094592	2
89.9498	42.3451	0.0002471	-0.000951933	2
90.9257	42.4936	0.000257884	-0.000957076	2
91.8939	42.6434	0.000267922	-0.000961322	2
92.8538	42.7948	0.000277182	-0.000964646	2
93.8052	42.9481	0.000285632	-0.000967023	2
94.7475	43.1036	0.000293241	-0.000968425	2
95.6803	43.2616	0.000299979	-0.000968829	2
96.6032	43.4222	0.000305814	-0.000968207	2
97.5157	43.5859	0.000310714	-0.000966534	2
98.4071	43.751	0.000314608	-0.000963822	2
99.2977	43.9216	0.000317557	-0.000959983	2
100.177	44.096	0.000319478	-0.000955016	2
101.044	44.2747	0.00032034	-0.000948895	2

74.9927	2.01247	-4.65139e-07	2.63676e-07	2
74.3798	3.08039	-4.00689e-05	2.26004e-05	2
73.7948	4.15114	-7.93365e-05	4.45196e-05	2
73.2445	5.21227	-0.000117809	6.57661e-05	2
72.7342	6.25176	-0.000155064	8.61155e-05	2
72.2518	7.29381	-0.000191975	0.000106049	2
71.8029	8.32627	-0.00022811	0.000125335	2
71.3871	9.34917	-0.000263476	0.000143982	2
71.004	10.3625	-0.000298078	0.000161999	2
70.6532	11.3663	-0.000331923	0.000179393	2
70.3344	12.3606	-0.000365019	0.000196172	2
70.0471	13.3454	-0.00039737	0.000212347	2
69.7909	14.3208	-0.000428984	0.000227924	2
69.5654	15.2866	-0.000459866	0.000242912	2
69.3702	16.243	-0.000490024	0.000257321	2
69.2049	17.1899	-0.000519463	0.000271157	2
69.0691	18.1274	-0.00054819	0.00028443	2
68.9624	19.0555	-0.000576212	0.000297147	2
68.8845	19.9742	-0.000603534	0.000309319	2
68.8348	20.8835	-0.000630163	0.000320951	2
68.813	21.7834	-0.000656106	0.000332054	2
68.8187	22.674	-0.000681369	0.000342636	2
68.8515	23.5552	-0.000705958	0.000352704	2
68.911	24.4271	-0.000729879	0.000362268	2
68.9968	25.2897	-0.00075314	0.000371336	2
69.1085	26.143	-0.000775746	0.000379916	2
69.2439	26.9774	-0.000797455	0.000387926	2
69.4059	27.8122	-0.000818778	0.000395561	2
69.5925	28.6378	-0.000839466	0.000402733	2
69.8035	29.4542	-0.000859524	0.000409451	2
70.0383	30.2614	-0.00087896	0.000415723	2
70.2965	31.0593	-0.00089778	0.000421558	2
70.5779	31.848	-0.000915989	0.000426963	2
70.8819	32.6276	-0.000933595	0.000431948	2
71.2082	33.398	-0.000950604	0.000436521	2
71.5564	34.1593	-0.000967022	0.00044069	2
71.926	34.9114	-0.000982855	0.000444464	2
72.3167	35.6544	-0.00099811	0.000447851	2
72.7281	36.3883	-0.00101279	0.000450859	2
73.1597	37.1131	-0.00102691	0.000453497	2
73.6112	37.8288	-0.00104047	0.000455774	2
74.0821	38.5355	-0.00105348	0.000457697	2
74.5721	39.2331	-0.00106594	0.000459275	2
75.0808	39.9217	-0.00107786	0.000460516	2
75.6077	40.6013	-0.00108925	0.00046143	2
76.1525	41.2718	-0.00110011	0.000462024	2
76.7147	41.9334	-0.00111045	0.000462306	2
77.2939	42.5861	-0.00112027	0.000462286	2
77.8898	43.2297	-0.00112959	0.000461972	2
78.4948	43.8572	-0.00113831	0.000461379	2
79.1226	44.4831	-0.00114664	0.000460504	2
79.7658	45.1001	-0.00115447	0.00045936	2
80.4241	45.7082	-0.00116183	0.000457954	2
81.097	46.3074	-0.00116871	0.000456296	2
81.7841	46.8977	-0.00117512	0.000454394	2
82.4851	47.4792	-0.00118107	0.000452257	2
83.1995	48.0518	-0.00118656	0.000449892	2
83.9269	48.6156	-0.0011916	0.000447308	2
84.6669	49.1707	-0.00119619	0.000444514	2
85.4192	49.7169	-0.00120035	0.000441518	2
86.1833	50.2543	-0.00120408	0.000438328	2
86.9588	50.783	-0.00120738	0.000434953	2
87.7454	51.3029	-0.00121026	0.000431401	2
88.5425	51.8141	-0.00121273	0.000427681	2
89.3499	52.3166	-0.0012148	0.0004238	2
90.1671	52.8103	-0.00121646	0.000419769	2
90.9936	53.2954	-0.00121773	0.000415594	2
91.8292	53.7718	-0.00121862	0.000411284	2
92.6734	54.2395	-0.00121912	0.000406848	2
93.5258	54.6986	-0.00121926	0.000402294	2
94.386	55.1491	-0.00121902	0.000397631	2
95.2536	55.5909	-0.00121842	0.000392867	2
96.1282	56.0242	-0.00121747	0.000388009	2
96.9993	56.444	-0.00121619	0.000383125	2
97.8866	56.8602	-0.00121455	0.000378109	2
98.7797	57.2678	-0.00121258	0.000373025	2
99.6782	57.6669	-0.00121027	0.000367882	2
100.582	58.0574	-0.00120765	0.000362688	2
101.49	58.4395	-0.00120471	0.000357452	2
102.402	58.813	-0.00120145	0.000352182	2
103.318	59.1781	-0.0011979	0.000346886	2
104.238	59.5346	-0.00119404	0.000341573	2
105.16	59.8828	-0.0011899	0.000336252	2
106.085	60.2225	-0.00118547	0.00033093	2
107.012	60.5537	-0.00118076	0.000325617	2
107.941	60.8766	-0.00117578	0.00032032	2
108.871	61.1911	-0.00117054	0.000315048	2
109.803	61.4972	-0.00116503	0.000309809	2
110.735	61.7949	-0.00115928	0.000304613	2
111.667	62.0842	-0.00115327	0.000299466	2
112.598	62.3653	-0.00114703	0.000294378	2
113.53	62.638	-0.00114056	0.000289357	2
114.46	62.9024	-0.00113385	0.000284412	2
115.388	63.1585	-0.00112693	0.00027955	2
116.315	63.4063	-0.00111979	0.00027478	2
117.24	63.6459	-0.00111244	0.000270112	2
118.151	63.8746	-0.00110498	0.000265604	2
119.07	64.0978	-0.00109724	0.00026116	2
119.985	64.3128	-0.00108931	0.000256842	2
120.897	64.5196	-0.0010812	0.000252659	2

124.997	2.00987	9.98079e-09	-1.23653e-08	2
124.735	2.863	-9.23603e-08	-1.35559e-06	2
124.463	3.73369	-2.1047e-06	-3.26506e-06	2
124.183	4.61179	-6.00119e-06	-5.70993e-06	2
123.901	5.48682	-1.16696e-05	-8.63481e-06	2
123.61	6.37884	-1.92063e-05	-1.20894e-05	2
123.313	7.27744	-2.85202e-05	-1.60242e-05	2
123.011	8.18234	-3.95753e-05	-2.04206e-05	2
122.704	9.09326	-5.23358e-05	-2.52603e-05	2
122.392	10.0099	-6.6766e-05	-3.05247e-05	2
122.077	10.9321	-8.283e-05	-3.61953e-05	2
121.758	11.8594	-0.000100492	-4.22536e-05	2
121.437	12.7916	-0.000119716	-4.86813e-05	2
121.112	13.7284	-0.000140467	-5.54597e-05	2
120.786	14.6696	-0.000162708	-6.25705e-05	2
120.457	15.6148	-0.000186404	-6.99951e-05	2
120.127	16.5639	-0.000211518	-7.77151e-05	2
119.796	17.5164	-0.000238016	-8.57119e-05	2
119.464	18.4722	-0.000265861	-9.39671e-05	2
119.132	19.4309	-0.000295018	-0.000102462	2
118.8	20.3922	-0.00032545	-0.000111179	2
118.469	21.356	-0.000357121	-0.000120098	2
118.139	22.3219	-0.000389997	-0.000129202	2
117.81	23.2896	-0.000424041	-0.000138472	2
117.484	24.2589	-0.000459217	-0.000147889	2
117.159	25.2294	-0.00049549	-0.000157436	2
116.841	26.1897	-0.000532388	-0.000166981	2
116.522	27.162	-0.000570735	-0.000176729	2
116.207	28.1346	-0.000610071	-0.000186551	2
115.895	29.1074	-0.000650361	-0.000196428	2
115.588	30.0801	-0.000691568	-0.000206342	2
115.285	31.0524	-0.000733658	-0.000216275	2
114.988	32.024	-0.000776594	-0.000226207	2
114.696	32.9947	-0.00082034	-0.000236121	2
114.41	33.9641	-0.00086486	-0.000245997	2
114.131	34.932	-0.000910119	-0.000255818	2
113.858	35.898	-0.000956081	-0.000265565	2
113.593	36.862	-0.00100271	-0.000275219	2
113.335	37.8237	-0.00104997	-0.000284762	2
113.085	38.7827	-0.00109783	-0.000294176	2
112.844	39.7388	-0.00114624	-0.000303442	2
112.611	40.6917	-0.00119518	-0.000312541	2
112.388	41.6411	-0.00124461	-0.000321455	2
112.174	42.5868	-0.00129449	-0.000330166	2
111.97	43.5284	-0.00134478	-0.000338655	2
111.777	44.4657	-0.00139546	-0.000346903	2
111.595	45.3984	-0.00144648	-0.000354893	2
111.424	46.3263	-0.00149781	-0.000362605	2
111.265	47.249	-0.00154941	-0.000370022	2
111.12	48.1557	-0.00160065	-0.000377044	2
110.985	49.0674	-0.00165269	-0.000383817	2
110.863	49.973	-0.0017049	-0.00039024	2
110.755	50.8724	-0.00175723	-0.000396292	2
110.66	51.7652	-0.00180966	-0.000401957	2
110.58	52.6512	-0.00186215	-0.000407215	2
110.514	53.53	-0.00191466	-0.000412048	2
110.463	54.4015	-0.00196716	-0.000416437	2
110.428	55.2654	-0.00201961	-0.000420365	2
110.409	56.1213	-0.00207197	-0.000423812	2
110.405	56.9689	-0.00212421	-0.00042676	2
110.419	57.8081	-0.0021763	-0.000429191	2
110.449	58.6385	-0.00222819	-0.000431086	2
110.497	59.4598	-0.00227986	-0.000432427	2
110.563	60.2718	-0.00233126	-0.000433194	2
110.647	61.0742	-0.00238237	-0.000433371	2
110.75	61.8666	-0.00243313	-0.000432937	2
110.872	62.6489	-0.00248353	-0.000431875	2
111.014	63.4207	-0.00253352	-0.000430167	2
111.175	64.1818	-0.00258306	-0.000427793	2
111.357	64.9319	-0.00263213	-0.000424735	2
111.56	65.6707	-0.00268068	-0.000420975	2
111.784	66.3979	-0.00272868	-0.000416495	2
112.029	67.1132	-0.0027761	-0.000411275	2
112.293	67.8084	-0.00282236	-0.000405371	2
112.583	68.4993	-0.0028685	-0.000398626	2
112.895	69.1776	-0.00291395	-0.000391088	2
113.231	69.8428	-0.00295867	-0.000382736	2
113.59	70.4949	-0.00300263	-0.000373552	2
113.974	71.1334	-0.00304578	-0.000363519	2
114.382	71.7581	-0.0030881	-0.000352618	2
114.814	72.3687	-0.00312954	-0.00034083	2
115.273	72.9649	-0.00317008	-0.000328136	2
115.756	73.5465	-0.00320967	-0.000314519	2
116.266	74.1131	-0.00324829	-0.000299959	2
116.803	74.6646	-0.00328589	-0.000284439	2
117.366	75.2006	-0.00332243	-0.000267939	2
117.957	75.7208	-0.00335789	-0.000250442	2
118.575	76.2249	-0.00339223	-0.000231928	2
119.222	76.7128	-0.0034254	-0.00021238	2
119.897	77.184	-0.00345738	-0.000191779	2
120.602	77.6383	-0.00348814	-0.000170106	2
121.336	78.0755	-0.00351762	-0.000147342	2
122.099	78.4953	-0.0035458	-0.000123471	2
122.893	78.8973	-0.00357265	-9.84717e-05	2
123.717	79.2813	-0.00359812	-7.23273e-05	2
124.573	79.6471	-0.00362218	-4.50188e-05	2
125.45	79.9904	-0.00364454	-1.6862e-05	2
126.368	80.319	-0.00366569	1.28161e-05	2
127.319	80.6284	-0.00368532	4.37135e-05	2
128.303	80.9185	-0.0037034	7.58487e-05	2

