-125.005	2.01219	1.09667e-07	2.90882e-07	2
-125.41	3.05925	9.97612e-06	2.48984e-05	2
-125.805	4.11657	2.08272e-05	4.89765e-05	2
-126.183	5.17199	3.25452e-05	7.22435e-05	2
-126.541	6.21342	4.49728e-05	9.4455e-05	2
-126.888	7.26511	5.83912e-05	0.000116137	2
-127.22	8.31494	7.26527e-05	0.000137034	2
-127.536	9.36294	8.77494e-05	0.000157158	2
-127.837	10.4091	0.000103673	0.000176516	2
-128.124	11.4535	0.000120416	0.000195118	2
-128.395	12.4961	0.000137971	0.000212973	2
-128.652	13.537	0.000156329	0.00023009	2
-128.895	14.5761	0.000175482	0.000246479	2
-129.123	15.6135	0.000195422	0.000262148	2
-129.338	16.6492	0.000216142	0.000277107	2
-129.538	17.6832	0.000237633	0.000291365	2
-129.725	18.7156	0.000259888	0.000304932	2
-129.899	19.7463	0.000282898	0.000317815	2
-130.059	20.7753	0.000306656	0.000330025	2
-130.206	21.8028	0.000331153	0.00034157	2
-130.341	22.8286	0.000356382	0.000352461	2
-130.462	23.8529	0.000382334	0.000362705	2
-130.571	24.8756	0.000409002	0.000372312	2
-130.667	25.8968	0.000436378	0.000381292	2
-130.751	26.9165	0.000464454	0.000389654	2
-130.824	27.9347	0.000493221	0.000397406	2
-130.883	28.9397	0.000522329	0.000404479	2
-130.932	29.9549	0.000552448	0.000411046	2
-130.969	30.9687	0.000583235	0.000417032	2
-130.995	31.9811	0.000614682	0.000422445	2
-131.01	32.992	0.000646781	0.000427295	2
-131.014	34.0016	0.000679524	0.00043159	2
-131.007	35.0098	0.000712903	0.00043534	2
-130.99	36.0166	0.00074691	0.000438554	2
-130.962	37.0221	0.000781537	0.000441241	2
-130.923	38.0263	0.000816776	0.000443411	2
-130.875	39.0292	0.000852619	0.000445072	2
-130.817	40.0308	0.000889058	0.000446233	2
-130.749	41.0312	0.000926086	0.000446905	2
-130.671	42.0303	0.000963694	0.000447096	2
-130.584	43.0281	0.00100187	0.000446814	2
-130.488	44.0248	0.00104062	0.000446071	2
-130.383	45.0203	0.00107992	0.000444874	2
-130.27	46.0146	0.00111977	0.000443232	2
-130.147	47.0077	0.00116016	0.000441156	2
-130.016	47.9998	0.00120108	0.000438653	2
-129.877	48.9907	0.00124253	0.000435734	2
-129.729	49.9805	0.00128449	0.000432407	2
-129.574	50.9692	0.00132696	0.000428682	2
-129.413	51.9455	0.00136944	0.000424617	2
-129.243	52.9322	0.00141289	0.000420127	2
-129.065	53.9178	0.00145684	0.000415266	2
-128.88	54.9024	0.00150126	0.000410044	2
-128.687	55.886	0.00154615	0.000404468	2
-128.488	56.8687	0.0015915	0.00039855	2
-128.283	57.8504	0.0016373	0.000392297	2
-128.07	58.8312	0.00168355	0.000385718	2
-127.852	59.811	0.00173023	0.000378824	2
-127.627	60.79	0.00177735	0.000371624	2
-127.397	61.7681	0.00182488	0.000364125	2
-127.16	62.7453	0.00187283	0.000356339	2
-126.918	63.7217	0.00192118	0.000348273	2
-126.671	64.6973	0.00196993	0.000339937	2
-126.418	65.6721	0.00201907	0.00033134	2
-126.16	66.646	0.00206859	0.000322492	2
-125.898	67.6193	0.00211848	0.000313401	2
-125.63	68.5917	0.00216874	0.000304077	2
-125.359	69.5635	0.00221935	0.000294528	2
-125.082	70.5345	0.00227031	0.000284765	2
-124.802	71.5048	0.00232162	0.000274796	2
-124.517	72.4745	0.00237326	0.00026463	2
-124.229	73.4435	0.00242522	0.000254277	2
-123.937	74.4119	0.0024775	0.000243745	2
-123.645	75.3685	0.00252949	0.000233169	2
-123.347	76.3357	0.00258237	0.00022231	2
-123.045	77.3022	0.00263556	0.0002113	2
-122.741	78.2682	0.00268902	0.000200149	2
-122.433	79.2337	0.00274277	0.000188865	2
-122.123	80.1986	0.00279678	0.000177458	2
-121.811	81.1631	0.00285106	0.000165937	2
-121.497	82.127	0.00290559	0.000154311	2
-121.18	83.0905	0.00296036	0.000142589	2
-120.862	84.0535	0.00301538	0.00013078	2
-120.542	85.0161	0.00307062	0.000118894	2
-120.22	85.9782	0.00312609	0.00010694	2
-119.897	86.94	0.00318176	9.49262e-05	2
-119.573	87.9014	0.00323765	8.28628e-05	2
-119.248	88.8624	0.00329373	7.07587e-05	2
-118.923	89.823	0.00335	5.86231e-05	2
-118.596	90.7834	0.00340646	4.6465e-05	2
-118.27	91.7434	0.00346308	3.42937e-05	2
-117.943	92.7032	0.00351988	2.21184e-05	2
-117.615	93.6627	0.00357683	9.94821e-06	2
-117.289	94.6219	0.00363393	-2.20767e-06	2
-116.962	95.5809	0.00369118	-1.43401e-05	2
-116.636	96.5397	0.00374855	-2.64398e-05	2
-116.314	97.4873	0.0038054	-3.83594e-05	2
-115.989	98.4457	0.00386302	-5.03669e-05	2
-115.666	99.4039	0.00392075	-6.23144e-05	2
-115.343	100.362	0.00397858	-7.41926e-05	2

-75.002	2.01352	-4.22051e-07	3.00418e-08	2
-75.1593	3.16388	-3.67635e-05	2.98421e-06	2
-75.2853	4.3031	-7.36137e-05	6.71243e-06	2
-75.3784	5.41799	-0.000110544	1.1176e-05	2
-75.4385	6.49645	-0.000147122	1.63025e-05	2
-75.4677	7.56388	-0.000184193	2.22026e-05	2
-75.4654	8.60792	-0.000221323	2.88122e-05	2
-75.4321	9.62889	-0.000258508	3.61226e-05	2
-75.3683	10.6271	-0.00029574	4.41251e-05	2
-75.2746	11.6029	-0.000333013	5.28111e-05	2
-75.1512	12.5565	-0.00037032	6.21719e-05	2
-74.9989	13.4884	-0.000407654	7.21988e-05	2
-74.8179	14.3988	-0.00044501	8.28833e-05	2
-74.6089	15.288	-0.000482379	9.42166e-05	2
-74.3722	16.1563	-0.000519757	0.00010619	2
-74.1083	17.0042	-0.000557136	0.000118795	2
-73.8178	17.8318	-0.000594509	0.000132023	2
-73.5011	18.6395	-0.000631871	0.000145865	2
-73.1587	19.4277	-0.000669214	0.000160312	2
-72.7911	20.1965	-0.000706532	0.000175357	2
-72.3986	20.9465	-0.000743818	0.000190989	2
-71.9819	21.6778	-0.000781066	0.000207201	2
-71.5414	22.3908	-0.000818269	0.000223984	2
-71.0776	23.0859	-0.000855421	0.000241329	2
-70.5909	23.7632	-0.000892514	0.000259228	2
-70.0818	24.4232	-0.000929543	0.000277671	2
-69.5571	25.0589	-0.000966076	0.00029643	2
-69.005	25.6853	-0.00100296	0.000315931	2
-68.4319	26.2954	-0.00103975	0.000335952	2
-67.8384	26.8893	-0.00107646	0.000356482	2
-67.2248	27.4675	-0.00111307	0.000377514	2
-66.5918	28.0302	-0.00114957	0.00039904	2
-65.9397	28.5778	-0.00118596	0.000421049	2
-65.269	29.1106	-0.00122224	0.000443535	2
-64.5803	29.6289	-0.00125839	0.000466487	2
-63.874	30.133	-0.00129441	0.000489898	2
-63.1505	30.6232	-0.0013303	0.000513758	2
-62.4104	31.0999	-0.00136604	0.000538059	2
-61.6541	31.5634	-0.00140163	0.000562793	2
-60.8822	32.014	-0.00143707	0.000587951	2
-60.095	32.4519	-0.00147234	0.000613523	2
-59.2931	32.8776	-0.00150744	0.000639502	2
-58.4769	33.2914	-0.00154236	0.000665879	2
-57.6469	33.6935	-0.0015771	0.000692644	2
-56.8036	34.0843	-0.00161166	0.00071979	2
-55.9475	34.464	-0.00164601	0.000747308	2
-55.0791	34.8331	-0.00168016	0.000775189	2
-54.1987	35.1919	-0.00171411	0.000803424	2
-53.307	35.5406	-0.00174783	0.000832005	2
-52.4148	35.8757	-0.00178095	0.000860589	2
-51.5018	36.2053	-0.00181423	0.000889831	2
-50.5789	36.5258	-0.00184728	0.000919394	2
-49.6465	36.8376	-0.00188008	0.000949268	2
-48.705	37.1409	-0.00191263	0.000979444	2
-47.7551	37.436	-0.00194492	0.00100991	2
-46.797	37.7234	-0.00197696	0.00104067	2
-45.8314	38.0032	-0.00200872	0.0010717	2
-44.8587	38.2758	-0.00204021	0.001103	2
-43.8793	38.5415	-0.00207142	0.00113456	2
-42.8938	38.8007	-0.00210234	0.00116637	2
-41.9027	39.0536	-0.00213296	0.00119842	2
-40.9063	39.3006	-0.00216328	0.00123071	2
-39.9052	39.542	-0.0021933	0.00126321	2
-38.8999	39.7782	-0.002223	0.00129594	2
-37.8908	40.0093	-0.00225238	0.00132887	2
-36.8785	40.2358	-0.00228143	0.001362	2
-35.8633	40.458	-0.00231014	0.00139532	2
-34.8458	40.6761	-0.00233852	0.00142883	2
-33.8265	40.8906	-0.00236655	0.0014625	2
-32.8058	41.1016	-0.00239422	0.00149634	2
-31.7841	41.3096	-0.00242153	0.00153033	2
-30.7621	41.5149	-0.00244848	0.00156447	2
-29.7401	41.7177	-0.00247505	0.00159875	2
-28.7304	41.9161	-0.00250094	0.00163276	2
-27.71	42.1151	-0.00252675	0.00166729	2
-26.691	42.3125	-0.00255216	0.00170193	2
-25.674	42.5088	-0.00257717	0.00173667	2
-24.6595	42.7043	-0.00260178	0.00177151	2
-23.6479	42.8992	-0.00262597	0.00180643	2
-22.6396	43.094	-0.00264975	0.00184143	2
-21.6353	43.2888	-0.00267309	0.0018765	2
-20.6353	43.4841	-0.00269601	0.00191163	2
-19.6401	43.6801	-0.00271848	0.00194681	2
-18.6502	43.8772	-0.00274051	0.00198204	2
-17.6661	44.0756	-0.00276208	0.00201729	2
-16.6883	44.2758	-0.0027832	0.00205258	2
-15.7172	44.4779	-0.00280384	0.00208788	2
-14.7534	44.6824	-0.00282402	0.00212318	2
-13.7972	44.8896	-0.00284372	0.00215849	2
-12.8492	45.0997	-0.00286293	0.00219379	2
-11.9098	45.3131	-0.00288164	0.00222907	2
-10.9796	45.5301	-0.00289986	0.00226432	2
-10.059	45.7511	-0.00291758	0.00229954	2
-9.14841	45.9762	-0.00293478	0.00233472	2
-8.24843	46.206	-0.00295146	0.00236984	2
-7.35948	46.4406	-0.00296762	0.0024049	2
-6.49206	46.6776	-0.00298306	0.00243949	2
-5.62648	46.9228	-0.00299816	0.0024744	2
-4.77336	47.1739	-0.0030127	0.00250923	2
-3.93318	47.4311	-0.0030267	0.00254396	2

-25.0079	2.01317	1.22897e-07	1.13619e-07	2
-25.6742	3.14076	9.78132e-06	1.01001e-05	2
-26.3146	4.2711	1.77437e-05	2.06292e-05	2
-26.9216	5.39103	2.39231e-05	3.15781e-05	2
-27.4892	6.48789	2.8314e-05	4.28044e-05	2
-28.031	7.5872	3.10541e-05	5.45599e-05	2
-28.5404	8.67617	3.2118e-05	6.67069e-05	2
-29.018	9.75482	3.15418e-05	7.92362e-05	2
-29.4639	10.8232	2.9361e-05	9.21383e-05	2
-29.8786	11.8812	2.56116e-05	0.000105404	2
-30.2624	12.929	2.03294e-05	0.000119023	2
-30.6158	13.9666	1.35501e-05	0.000132987	2
-30.939	14.994	5.30957e-06	0.000147286	2
-31.2324	16.0111	-4.35636e-06	0.000161911	2
-31.4964	17.0181	-1.54119e-05	0.000176852	2
-31.7313	18.0149	-2.78213e-05	0.000192101	2
-31.9375	19.0016	-4.15486e-05	0.000207646	2
-32.1154	19.9781	-5.65582e-05	0.00022348	2
-32.2653	20.9446	-7.28141e-05	0.000239593	2
-32.3875	21.901	-9.02806e-05	0.000255975	2
-32.4825	22.8473	-0.000108922	0.000272617	2
-32.5506	23.7836	-0.000128702	0.000289509	2
-32.5921	24.7099	-0.000149585	0.000306643	2
-32.6074	25.6262	-0.000171536	0.000324008	2
-32.5969	26.5326	-0.000194519	0.000341595	2
-32.5609	27.4289	-0.000218497	0.000359396	2
-32.5006	28.3053	-0.000243142	0.000377191	2
-32.415	29.1819	-0.000268994	0.000395387	2
-32.305	30.0487	-0.000295734	0.000413768	2
-32.171	30.9055	-0.000323328	0.000432324	2
-32.0133	31.7526	-0.000351738	0.000451046	2
-31.8323	32.5898	-0.00038093	0.000469924	2
-31.6283	33.4172	-0.000410867	0.00048895	2
-31.4017	34.2348	-0.000441514	0.000508114	2
-31.1528	35.0426	-0.000472834	0.000527405	2
-30.8821	35.8407	-0.000504793	0.000546816	2
-30.5898	36.6291	-0.000537354	0.000566337	2
-30.2764	37.4078	-0.000570482	0.000585957	2
-29.9421	38.1767	-0.00060414	0.000605668	2
-29.5874	38.936	-0.000638293	0.000625461	2
-29.2127	39.6857	-0.000672905	0.000645325	2
-28.8181	40.4258	-0.00070794	0.000665252	2
-28.4042	41.1562	-0.000743363	0.000685232	2
-27.9713	41.8771	-0.000779137	0.000705256	2
-27.5198	42.5884	-0.000815227	0.000725314	2
-27.0499	43.2901	-0.000851597	0.000745397	2
-26.5621	43.9823	-0.000888211	0.000765496	2
-26.0568	44.6651	-0.000925034	0.000785601	2
-25.5342	45.3383	-0.000962029	0.000805702	2
-25.001	45.9945	-0.000998733	0.00082556	2
-24.4452	46.649	-0.00103597	0.000845627	2
-23.8733	47.294	-0.00107326	0.000865662	2
-23.2857	47.9297	-0.00111059	0.000885657	2
-22.6825	48.5559	-0.00114791	0.000905601	2
-22.0644	49.1728	-0.00118519	0.000925486	2
-21.4315	49.7804	-0.00122239	0.000945301	2
-20.7842	50.3787	-0.00125948	0.000965038	2
-20.123	50.9676	-0.00129642	0.000984688	2
-19.4481	51.5473	-0.00133317	0.00100424	2
-18.76	52.1177	-0.00136971	0.00102369	2
-18.059	52.6789	-0.00140598	0.00104301	2
-17.3454	53.2309	-0.00144197	0.00106222	2
-16.6196	53.7737	-0.00147762	0.00108129	2
-15.8819	54.3073	-0.00151291	0.00110021	2
-15.1328	54.8317	-0.0015478	0.00111898	2
-14.3726	55.347	-0.00158226	0.00113759	2
-13.6017	55.8533	-0.00161624	0.00115603	2
-12.8203	56.3504	-0.00164972	0.00117428	2
-12.0289	56.8384	-0.00168265	0.00119234	2
-11.2278	57.3174	-0.00171501	0.0012102	2
-10.4174	57.7874	-0.00174675	0.00122786	2
-9.598	58.2484	-0.00177784	0.00124529	2
-8.77003	58.7003	-0.00180824	0.00126249	2
-7.94347	59.1383	-0.00183758	0.00127926	2
-7.09946	59.5725	-0.00186651	0.00129598	2
-6.24792	59.9977	-0.00189465	0.00131244	2
-5.38921	60.414	-0.00192196	0.00132864	2
-4.52369	60.8215	-0.0019484	0.00134456	2
-3.65172	61.22	-0.00197395	0.0013602	2
-2.77366	61.6098	-0.00199855	0.00137554	2
-1.88986	61.9907	-0.00202219	0.00139057	2
-1.0007	62.3628	-0.00204481	0.0014053	2
-0.106513	62.7261	-0.00206639	0.0014197	2
0.792324	63.0807	-0.00208689	0.00143377	2
1.69546	63.4265	-0.00210628	0.00144749	2
2.60253	63.7636	-0.00212451	0.00146087	2
3.51317	64.0919	-0.00214156	0.00147388	2
4.42704	64.4116	-0.00215738	0.00148653	2
5.34377	64.7227	-0.00217195	0.00149879	2
6.26299	65.0251	-0.00218522	0.00151067	2
7.18436	65.3189	-0.00219716	0.00152215	2
8.10751	65.6041	-0.00220773	0.00153322	2
9.03208	65.8807	-0.0022169	0.00154387	2
9.95771	66.1487	-0.00222464	0.0015541	2
10.884	66.4082	-0.0022309	0.00156389	2
11.8107	66.6592	-0.00223565	0.00157324	2
12.7268	66.899	-0.00223882	0.00158203	2
13.6531	67.1331	-0.00224047	0.00159047	2
14.5786	67.3588	-0.00224049	0.00159843	2
15.5031	67.576	-0.00223886	0.00160591	2

24.9974	2.01003	2.91724e-07	7.29873e-08	2
24.7676	2.8748	2.4e-05	5.91649e-06	2
24.5207	3.75477	4.5238e-05	1.0972e-05	2
24.2598	4.6397	6.37589e-05	1.51906e-05	2
23.9886	5.51913	7.94408e-05	1.85616e-05	2
23.7013	6.41332	9.26931e-05	2.11873e-05	2
23.4017	7.31185	0.000103363	2.30478e-05	2
23.0901	8.21453	0.000111497	2.41671e-05	2
22.7672	9.12115	0.000117138	2.45694e-05	2
22.4336	10.0315	0.000120332	2.42785e-05	2
22.0896	10.9454	0.000121125	2.33186e-05	2
21.7359	11.8626	0.000119562	2.17136e-05	2
21.3731	12.7829	0.000115687	1.94876e-05	2
21.0016	13.7061	0.000109546	1.66645e-05	2
20.622	14.632	0.000101184	1.32685e-05	2
20.2348	15.5604	9.06458e-05	9.3235e-06	2
19.8406	16.4912	7.79769e-05	4.85354e-06	2
19.4399	17.424	6.32223e-05	-1.17346e-07	2
19.0332	18.3586	4.64271e-05	-5.56515e-06	2
18.6211	19.295	2.76364e-05	-1.14658e-05	2
18.2042	20.2328	6.89541e-06	-1.77954e-05	2
17.7829	21.1719	-1.57508e-05	-2.45298e-05	2
17.3579	22.1121	-4.0257e-05	-3.1645e-05	2
16.9295	23.0531	-6.65782e-05	-3.91171e-05	2
16.4985	23.9947	-9.46691e-05	-4.69219e-05	2
16.0652	24.9368	-0.000124485	-5.50355e-05	2
15.6354	25.8683	-0.000155609	-6.33357e-05	2
15.1994	26.8107	-0.00018872	-7.19919e-05	2
14.7629	27.7529	-0.000223421	-8.08851e-05	2
14.3263	28.6947	-0.000259666	-8.99912e-05	2
13.8903	29.6359	-0.000297411	-9.92862e-05	2
13.4552	30.5764	-0.000336611	-0.000108746	2
13.0218	31.5158	-0.00037722	-0.000118347	2
12.5905	32.4541	-0.000419193	-0.000128065	2
12.1619	33.3909	-0.000462485	-0.000137875	2
11.7364	34.3262	-0.000507051	-0.000147755	2
11.3147	35.2596	-0.000552846	-0.000157679	2
10.8973	36.191	-0.000599824	-0.000167624	2
10.4847	37.1201	-0.000647941	-0.000177566	2
10.0775	38.0469	-0.000697151	-0.00018748	2
9.67616	38.971	-0.00074741	-0.000197344	2
9.28125	39.8922	-0.000798672	-0.000207131	2
8.89332	40.8104	-0.000850891	-0.00021682	2
8.5129	41.7253	-0.000904024	-0.000226385	2
8.14054	42.6368	-0.000958024	-0.000235803	2
7.77676	43.5446	-0.00101285	-0.00024505	2
7.42211	44.4486	-0.00106845	-0.000254101	2
7.07713	45.3484	-0.00112478	-0.000262933	2
6.74236	46.244	-0.0011818	-0.000271521	2
6.422	47.1249	-0.0012388	-0.000279748	2
6.10913	48.0113	-0.00129705	-0.000287781	2
5.80807	48.8929	-0.00135585	-0.000295498	2
5.51937	49.7693	-0.00141517	-0.000302877	2
5.24357	50.6405	-0.00147494	-0.000309892	2
4.9812	51.5061	-0.00153513	-0.000316519	2
4.73281	52.366	-0.0015957	-0.000322736	2
4.49892	53.22	-0.00165659	-0.000328517	2
4.28009	54.0678	-0.00171776	-0.000333839	2
4.07685	54.9093	-0.00177916	-0.000338677	2
3.88974	55.7443	-0.00184076	-0.000343008	2
3.71929	56.5725	-0.00190251	-0.000346808	2
3.56605	57.3938	-0.00196436	-0.000350052	2
3.43055	58.2079	-0.00202626	-0.000352717	2
3.31334	59.0146	-0.00208817	-0.000354778	2
3.21495	59.8138	-0.00215005	-0.000356211	2
3.13593	60.6052	-0.00221185	-0.000356994	2
3.0768	61.3886	-0.00227353	-0.0003571	2
3.03811	62.1638	-0.00233503	-0.000356507	2
3.0204	62.9306	-0.00239632	-0.000355191	2
3.02421	63.6888	-0.00245735	-0.000353127	2
3.05008	64.4383	-0.00251808	-0.000350291	2
3.09854	65.1787	-0.00257845	-0.000346659	2
3.17013	65.9099	-0.00263843	-0.000342208	2
3.26416	66.6234	-0.00269729	-0.000336979	2
3.38336	67.3357	-0.00275635	-0.000330827	2
3.5273	68.0381	-0.00281488	-0.000323783	2
3.69652	68.7305	-0.00287284	-0.000315824	2
3.89156	69.4126	-0.00293017	-0.000306925	2
4.11297	70.0844	-0.00298684	-0.000297063	2
4.36127	70.7454	-0.0030428	-0.000286213	2
4.63702	71.3956	-0.003098	-0.000274351	2
4.94074	72.0347	-0.0031524	-0.000261454	2
5.27297	72.6626	-0.00320595	-0.000247498	2
5.63426	73.279	-0.00325862	-0.000232458	2
6.02515	73.8837	-0.00331035	-0.00021631	2
6.44616	74.4765	-0.00336109	-0.00019903	2
6.89785	75.0573	-0.00341081	-0.000180595	2
7.38075	75.6257	-0.00345946	-0.00016098	2
7.8954	76.1816	-0.00350699	-0.000140161	2
8.44234	76.7249	-0.00355336	-0.000118115	2
9.0221	77.2552	-0.00359852	-9.48166e-05	2
9.63523	77.7724	-0.00364243	-7.02426e-05	2
10.2823	78.2762	-0.00368504	-4.43687e-05	2
10.9637	78.7666	-0.00372631	-1.71711e-05	2
11.6802	79.2432	-0.00376619	1.13744e-05	2
12.4322	79.7058	-0.00380464	4.12918e-05	2
13.211	80.1493	-0.00384119	7.22371e-05	2
14.0352	80.5836	-0.00387666	0.000104954	2
14.8965	81.0033	-0.00391056	0.000139114	2
15.7955	81.4084	-0.00394284	0.000174742	2

74.9993	2.01211	-7.215e-08	1.16793e-08	2
74.923	3.04577	-5.96505e-06	6.74049e-07	2
74.8159	4.07662	-1.13164e-05	6.68989e-07	2
74.6794	5.09282	-1.60805e-05	4.33599e-09	2
74.5164	6.0832	-2.02386e-05	-1.28183e-06	2
74.3236	7.07105	-2.39137e-05	-3.20009e-06	2
74.1035	8.04503	-2.70806e-05	-5.71962e-06	2
73.8568	9.00543	-2.97658e-05	-8.82089e-06	2
73.5841	9.95249	-3.19958e-05	-1.24844e-05	2
73.2863	10.8865	-3.37971e-05	-1.66906e-05	2
72.9639	11.8077	-3.51961e-05	-2.142e-05	2
72.6176	12.7164	-3.62192e-05	-2.66531e-05	2
72.2482	13.6128	-3.68931e-05	-3.23703e-05	2
71.8563	14.4972	-3.72441e-05	-3.85522e-05	2
71.4426	15.3698	-3.72986e-05	-4.51792e-05	2
71.0078	16.231	-3.70833e-05	-5.22317e-05	2
70.5527	17.081	-3.66244e-05	-5.96904e-05	2
70.0778	17.9201	-3.59485e-05	-6.75357e-05	2
69.5839	18.7485	-3.50822e-05	-7.5748e-05	2
69.0716	19.5664	-3.40517e-05	-8.43078e-05	2
68.5417	20.3743	-3.28836e-05	-9.31956e-05	2
67.9949	21.1722	-3.16044e-05	-0.000102392	2
67.4318	21.9606	-3.02405e-05	-0.000111877	2
66.8531	22.7396	-2.88184e-05	-0.000121632	2
66.2595	23.5095	-2.73646e-05	-0.000131637	2
65.6517	24.2706	-2.59055e-05	-0.000141872	2
65.0377	25.0146	-2.44838e-05	-0.000152197	2
64.4037	25.7589	-2.30929e-05	-0.000162832	2
63.7577	26.4953	-2.17758e-05	-0.00017364	2
63.1001	27.2239	-2.05589e-05	-0.0001846	2
62.4319	27.945	-1.94688e-05	-0.000195693	2
61.7535	28.6589	-1.8532e-05	-0.000206899	2
61.0658	29.3658	-1.77748e-05	-0.0002182	2
60.3694	30.066	-1.72238e-05	-0.000229575	2
59.665	30.7598	-1.69054e-05	-0.000241005	2
58.9533	31.4475	-1.68461e-05	-0.000252471	2
58.235	32.1292	-1.70723e-05	-0.000263953	2
57.5108	32.8053	-1.76106e-05	-0.000275431	2
56.7813	33.4761	-1.84873e-05	-0.000286886	2
56.0473	34.1418	-1.97291e-05	-0.000298298	2
55.3095	34.8026	-2.13622e-05	-0.000309648	2
54.5684	35.4588	-2.34132e-05	-0.000320917	2
53.8249	36.1108	-2.59086e-05	-0.000332084	2
53.0796	36.7587	-2.88748e-05	-0.000343131	2
52.3332	37.4028	-3.23383e-05	-0.000354038	2
51.5864	38.0435	-3.63256e-05	-0.000364785	2
50.8399	38.6809	-4.0863e-05	-0.000375352	2
50.0944	39.3153	-4.59772e-05	-0.000385721	2
49.3505	39.947	-5.16945e-05	-0.000395872	2
48.6175	40.5691	-5.79649e-05	-0.000405672	2
47.879	41.1962	-6.49602e-05	-0.000415331	2
47.1442	41.8214	-7.26378e-05	-0.000424713	2
46.4138	42.445	-8.10241e-05	-0.000433799	2
45.6885	43.0671	-9.01456e-05	-0.000442569	2
44.9691	43.6882	-0.000100029	-0.000451004	2
44.2561	44.3084	-0.0001107	-0.000459085	2
43.5503	44.928	-0.000122186	-0.000466791	2
42.8523	45.5473	-0.000134513	-0.000474104	2
42.1629	46.1666	-0.000147707	-0.000481004	2
41.4828	46.786	-0.000161796	-0.00048747	2
40.8125	47.4059	-0.000176805	-0.000493485	2
40.1529	48.0266	-0.00019276	-0.000499028	2
39.5047	48.6483	-0.00020969	-0.000504079	2
38.8684	49.2712	-0.000227619	-0.00050862	2
38.2448	49.8957	-0.000246574	-0.00051263	2
37.6346	50.522	-0.000266582	-0.00051609	2
37.0385	51.1503	-0.000287669	-0.000518982	2
36.4571	51.781	-0.000309863	-0.000521284	2
35.8912	52.4143	-0.000333188	-0.000522978	2
35.3414	53.0505	-0.000357672	-0.000524044	2
34.8085	53.6898	-0.000383341	-0.000524462	2
34.2931	54.3324	-0.000410221	-0.000524214	2
33.7959	54.9788	-0.00043834	-0.000523279	2
33.323	55.6216	-0.000467378	-0.000521661	2
32.864	56.276	-0.000498038	-0.000519303	2
32.4254	56.9349	-0.000530014	-0.000516201	2
32.0077	57.5985	-0.000563334	-0.000512334	2
31.6116	58.267	-0.000598024	-0.000507683	2
31.2379	58.9409	-0.000634111	-0.000502229	2
30.8873	59.6202	-0.00067162	-0.000495952	2
30.5603	60.3054	-0.000710579	-0.000488833	2
30.2578	60.9966	-0.000751015	-0.000480851	2
29.9804	61.6941	-0.000792952	-0.000471989	2
29.7287	62.3982	-0.000836418	-0.000462225	2
29.5036	63.1091	-0.00088144	-0.000451541	2
29.3056	63.8271	-0.000928044	-0.000439917	2
29.1355	64.5526	-0.000976255	-0.000427333	2
28.9939	65.2856	-0.0010261	-0.000413771	2
28.8816	66.0266	-0.00107761	-0.00039921	2
28.7992	66.7758	-0.00113081	-0.000383631	2
28.7474	67.5334	-0.00118571	-0.000367014	2
28.727	68.2997	-0.00124237	-0.000349341	2
28.7385	69.0749	-0.00130078	-0.00033059	2
28.7828	69.8594	-0.00136099	-0.000310744	2
28.8604	70.6534	-0.00142302	-0.000289782	2
28.9721	71.4572	-0.0014869	-0.000267685	2
29.1166	72.2616	-0.00155189	-0.000244707	2
29.2981	73.0856	-0.00161951	-0.000220294	2
29.5157	73.9201	-0.00168907	-0.000194689	2
29.7702	74.7655	-0.00176057	-0.00016787	2

124.996	2.01383	3.56059e-07	7.6125e-08	2
124.656	3.19104	3.06534e-05	6.95835e-06	2
124.291	4.35786	6.06545e-05	1.45884e-05	2
123.904	5.50086	9.00076e-05	2.28798e-05	2
123.502	6.60769	0.000118391	3.17153e-05	2
123.075	7.70451	0.000146468	4.12901e-05	2
122.627	8.77872	0.00017391	5.14946e-05	2
122.16	9.83071	0.000200721	6.23182e-05	2
121.674	10.8609	0.000226906	7.37505e-05	2
121.169	11.8697	0.000252468	8.57808e-05	2
120.646	12.8574	0.000277412	9.83986e-05	2
120.105	13.8246	0.000301742	0.000111593	2
119.545	14.7716	0.000325463	0.000125355	2
118.969	15.6988	0.000348578	0.000139672	2
118.376	16.6066	0.000371092	0.000154534	2
117.766	17.4954	0.00039301	0.000169932	2
117.14	18.3656	0.000414335	0.000185853	2
116.498	19.2177	0.000435072	0.000202288	2
115.841	20.0519	0.000455224	0.000219227	2
115.169	20.8689	0.000474797	0.000236658	2
114.483	21.6688	0.000493795	0.000254571	2
113.782	22.4522	0.000512222	0.000272956	2
113.067	23.2194	0.000530081	0.000291801	2
112.339	23.9709	0.000547378	0.000311098	2
111.598	24.707	0.000564117	0.000330834	2
110.844	25.4281	0.000580302	0.000350999	2
110.086	26.1267	0.00059576	0.000371344	2
109.308	26.8193	0.000610856	0.000392332	2
108.519	27.4982	0.00062541	0.000413718	2
107.718	28.1638	0.000639427	0.000435491	2
106.907	28.8164	0.000652912	0.000457641	2
106.085	29.4565	0.000665868	0.000480157	2
105.253	30.0844	0.0006783	0.000503028	2
104.411	30.7007	0.000690212	0.000526245	2
103.561	31.3056	0.000701608	0.000549797	2
102.701	31.8996	0.000712493	0.000573672	2
101.833	32.4831	0.00072287	0.000597861	2
100.957	33.0564	0.000732745	0.000622353	2
100.073	33.6201	0.000742122	0.000647137	2
99.182	34.1744	0.000751003	0.000672204	2
98.2839	34.7199	0.000759395	0.000697541	2
97.3793	35.2569	0.000767301	0.00072314	2
96.4685	35.7857	0.000774726	0.000748988	2
95.5519	36.3069	0.000781673	0.000775077	2
94.6299	36.8208	0.000788148	0.000801394	2
93.703	37.3278	0.000794154	0.00082793	2
92.7713	37.8283	0.000799695	0.000854674	2
91.8355	38.3228	0.000804776	0.000881616	2
90.8957	38.8116	0.000809401	0.000908744	2
89.9634	39.2896	0.00081353	0.000935735	2
89.0171	39.7683	0.000817261	0.000963204	2
88.0681	40.2425	0.000820549	0.000990828	2
87.1168	40.7127	0.000823399	0.0010186	2
86.1635	41.1792	0.000825814	0.0010465	2
85.2087	41.6425	0.000827798	0.00107453	2
84.2526	42.1029	0.000829357	0.00110267	2
83.2958	42.5609	0.000830494	0.00113091	2
82.3386	43.0168	0.000831213	0.00115925	2
81.3813	43.4711	0.000831519	0.00118767	2
80.4244	43.9241	0.000831416	0.00121616	2
79.4682	44.3764	0.000830909	0.00124471	2
78.5131	44.8282	0.000830001	0.00127331	2
77.5595	45.2799	0.000828697	0.00130194	2
76.6078	45.7321	0.000827001	0.00133061	2
75.6584	46.185	0.000824918	0.0013593	2
74.7117	46.6391	0.000822451	0.00138799	2
73.7679	47.0948	0.000819605	0.00141668	2
72.8276	47.5525	0.000816384	0.00144536	2
71.8911	48.0125	0.000812793	0.00147402	2
70.9588	48.4754	0.000808836	0.00150264	2
70.0311	48.9415	0.000804516	0.00153121	2
69.1083	49.4112	0.000799839	0.00155973	2
68.1909	49.8849	0.000794809	0.00158818	2
67.2896	50.3575	0.000789493	0.00161624	2
66.3839	50.8404	0.000783772	0.00164453	2
65.4847	51.3285	0.000777711	0.00167272	2
64.5924	51.8222	0.000771313	0.00170081	2
63.7073	52.3219	0.000764584	0.00172877	2
62.8298	52.8281	0.000757526	0.00175661	2
61.9604	53.341	0.000750145	0.00178431	2
61.0994	53.8613	0.000742444	0.00181186	2
60.2472	54.3891	0.000734429	0.00183925	2
59.4041	54.925	0.000726102	0.00186646	2
58.5706	55.4694	0.00071747	0.0018935	2
57.747	56.0226	0.000708535	0.00192034	2
56.9338	56.585	0.000699302	0.00194698	2
56.1313	57.1571	0.000689775	0.00197341	2
55.3398	57.7393	0.000679959	0.00199961	2
54.5598	58.3319	0.000669858	0.00202557	2
53.7917	58.9354	0.000659476	0.0020513	2
53.0358	59.5502	0.000648817	0.00207676	2
52.2926	60.1766	0.000637886	0.00210196	2
51.5623	60.8151	0.000626687	0.00212689	2
50.8455	61.4661	0.000615224	0.00215152	2
50.1424	62.13	0.000603502	0.00217586	2
49.4535	62.8071	0.000591524	0.00219989	2
48.7868	63.49	0.000579437	0.00222333	2
48.1271	64.1947	0.000566965	0.00224672	2
47.4828	64.914	0.00055425	0.00226977	2
46.8542	65.6482	0.000541297	0.00229246	2

