-125.008	2.01318	1.38877e-07	1.0598e-07	2
-125.673	3.14152	1.11374e-05	9.45612e-06	2
-126.313	4.27266	2.03874e-05	1.93827e-05	2
-126.92	5.39343	2.77869e-05	2.97697e-05	2
-127.487	6.49114	3.33188e-05	4.04799e-05	2
-128.028	7.59135	3.71484e-05	5.17523e-05	2
-128.538	8.68125	3.92379e-05	6.34549e-05	2
-129.015	9.76085	3.96242e-05	7.55774e-05	2
-129.461	10.8302	3.83443e-05	8.81099e-05	2
-129.876	11.8893	3.54351e-05	0.000101042	2
-130.26	12.9381	3.09335e-05	0.000114364	2
-130.614	13.9768	2.48765e-05	0.000128066	2
-130.938	15.0052	1.7301e-05	0.000142136	2
-131.232	16.0235	8.24394e-06	0.000156567	2
-131.497	17.0317	-2.25777e-06	0.000171346	2
-131.733	18.0297	-1.41672e-05	0.000186465	2
-131.94	19.0175	-2.74474e-05	0.000201912	2
-132.119	19.9953	-4.20614e-05	0.000217678	2
-132.27	20.9631	-5.79723e-05	0.000233753	2
-132.394	21.9207	-7.51432e-05	0.000250127	2
-132.49	22.8684	-9.35372e-05	0.000266789	2
-132.56	23.806	-0.000113117	0.000283729	2
-132.603	24.7336	-0.000133846	0.000300938	2
-132.62	25.6513	-0.000155688	0.000318405	2
-132.611	26.559	-0.000178605	0.00033612	2
-132.577	27.4568	-0.00020256	0.000354072	2
-132.519	28.3345	-0.000227224	0.000372043	2
-132.435	29.2125	-0.000253134	0.000390438	2
-132.327	30.0807	-0.000279973	0.000409042	2
-132.196	30.9391	-0.000307702	0.000427843	2
-132.04	31.7876	-0.000336285	0.000446831	2
-131.861	32.6263	-0.000365686	0.000465997	2
-131.66	33.4552	-0.000395867	0.000485329	2
-131.436	34.2743	-0.000426791	0.000504819	2
-131.189	35.0837	-0.000458422	0.000524456	2
-130.921	35.8833	-0.000490722	0.00054423	2
-130.631	36.6732	-0.000523655	0.00056413	2
-130.32	37.4534	-0.000557183	0.000584147	2
-129.989	38.2239	-0.00059127	0.00060427	2
-129.637	38.9848	-0.000625879	0.00062449	2
-129.265	39.736	-0.000660973	0.000644796	2
-128.873	40.4776	-0.000696514	0.000665178	2
-128.462	41.2097	-0.000732467	0.000685626	2
-128.032	41.9321	-0.000768793	0.00070613	2
-127.583	42.645	-0.000805457	0.00072668	2
-127.116	43.3483	-0.00084242	0.000747265	2
-126.631	44.0421	-0.000879647	0.000767876	2
-126.129	44.7265	-0.0009171	0.000788502	2
-125.609	45.4013	-0.000954743	0.000809134	2
-125.079	46.0591	-0.000992103	0.000829523	2
-124.526	46.7151	-0.00103001	0.000850135	2
-123.957	47.3618	-0.001068	0.000870723	2
-123.372	47.999	-0.00110603	0.000891274	2
-122.772	48.6268	-0.00114407	0.000911781	2
-122.157	49.2453	-0.00118207	0.000932233	2
-121.527	49.8544	-0.00122	0.000952619	2
-120.882	50.4542	-0.00125783	0.000972929	2
-120.224	51.0448	-0.00129552	0.000993154	2
-119.552	51.626	-0.00133303	0.00101328	2
-118.867	52.1979	-0.00137032	0.00103331	2
-118.169	52.7607	-0.00140736	0.00105321	2
-117.458	53.3142	-0.0014441	0.00107299	2
-116.735	53.8584	-0.00148052	0.00109264	2
-116	54.3936	-0.00151658	0.00111214	2
-115.254	54.9195	-0.00155223	0.00113148	2
-114.496	55.4363	-0.00158745	0.00115065	2
-113.728	55.944	-0.00162219	0.00116965	2
-112.949	56.4425	-0.00165642	0.00118846	2
-112.16	56.932	-0.0016901	0.00120708	2
-111.362	57.4124	-0.00172319	0.00122549	2
-110.554	57.8838	-0.00175567	0.00124368	2
-109.737	58.3461	-0.00178748	0.00126164	2
-108.911	58.7995	-0.00181859	0.00127937	2
-108.087	59.2388	-0.00184863	0.00129665	2
-107.246	59.6743	-0.00187825	0.00131387	2
-106.396	60.1008	-0.00190706	0.00133082	2
-105.54	60.5184	-0.00193503	0.0013475	2
-104.676	60.9271	-0.00196212	0.00136389	2
-103.806	61.3269	-0.00198829	0.00137998	2
-102.93	61.7179	-0.00201351	0.00139577	2
-102.048	62.1	-0.00203774	0.00141123	2
-101.161	62.4732	-0.00206093	0.00142637	2
-100.268	62.8377	-0.00208306	0.00144117	2
-99.3711	63.1934	-0.00210409	0.00145562	2
-98.4695	63.5402	-0.00212398	0.00146971	2
-97.5639	63.8784	-0.00214269	0.00148343	2
-96.6546	64.2078	-0.00216019	0.00149678	2
-95.742	64.5285	-0.00217644	0.00150973	2
-94.8264	64.8405	-0.0021914	0.00152229	2
-93.9082	65.1439	-0.00220504	0.00153443	2
-92.9878	65.4386	-0.00221732	0.00154616	2
-92.0655	65.7246	-0.0022282	0.00155746	2
-91.1417	66.0021	-0.00223764	0.00156831	2
-90.2166	66.2709	-0.00224562	0.00157872	2
-89.2908	66.5312	-0.00225208	0.00158867	2
-88.3645	66.7829	-0.002257	0.00159815	2
-87.4487	67.0234	-0.00226031	0.00160704	2
-86.5226	67.2582	-0.00226204	0.00161555	2
-85.597	67.4845	-0.00226212	0.00162357	2
-84.6724	67.7023	-0.00226051	0.00163107	2

-75.0026	2.01003	3.00376e-07	7.27823e-08	2
-75.2305	2.87526	2.47416e-05	5.90017e-06	2
-75.4757	3.75562	4.66985e-05	1.09424e-05	2
-75.7352	4.64088	6.59164e-05	1.51505e-05	2
-76.0051	5.52058	8.22656e-05	1.8514e-05	2
-76.2913	6.41497	9.61715e-05	2.11347e-05	2
-76.5901	7.31365	0.000107474	2.29928e-05	2
-76.901	8.21642	0.000116218	2.41122e-05	2
-77.2234	9.12307	0.00012245	2.45169e-05	2
-77.5568	10.0334	0.000126214	2.42308e-05	2
-77.9007	10.9472	0.000127557	2.32778e-05	2
-78.2545	11.8643	0.000126523	2.16818e-05	2
-78.6176	12.7844	0.000123158	1.94668e-05	2
-78.9896	13.7074	0.000117508	1.66566e-05	2
-79.3698	14.6331	0.000109617	1.32751e-05	2
-79.7578	15.5612	9.95315e-05	9.34636e-06	2
-80.153	16.4915	8.72965e-05	4.8942e-06	2
-80.5548	17.424	7.29575e-05	-5.74313e-08	2
-80.9628	18.3582	5.65599e-05	-5.48463e-06	2
-81.3763	19.2941	3.81491e-05	-1.13635e-05	2
-81.7948	20.2314	1.77705e-05	-1.767e-05	2
-82.2179	21.17	-4.53052e-06	-2.43804e-05	2
-82.6448	22.1096	-2.87085e-05	-3.14707e-05	2
-83.0752	23.05	-5.4718e-05	-3.89169e-05	2
-83.5084	23.9911	-8.25138e-05	-4.66952e-05	2
-83.944	24.9326	-0.00011205	-5.47816e-05	2
-84.3763	25.8634	-0.000142914	-6.30545e-05	2
-84.8148	26.8051	-0.000175777	-7.16826e-05	2
-85.254	27.7466	-0.000210245	-8.05473e-05	2
-85.6934	28.6877	-0.000246273	-8.96248e-05	2
-86.1324	29.6282	-0.000283815	-9.88911e-05	2
-86.5705	30.5679	-0.000322826	-0.000108322	2
-87.0071	31.5066	-0.00036326	-0.000117894	2
-87.4416	32.4441	-0.000405073	-0.000127584	2
-87.8736	33.3802	-0.000448218	-0.000137366	2
-88.3025	34.3147	-0.00049265	-0.000147218	2
-88.7278	35.2473	-0.000538324	-0.000157115	2
-89.1489	36.1779	-0.000585195	-0.000167033	2
-89.5652	37.1063	-0.000633217	-0.000176949	2
-89.9763	38.0323	-0.000682344	-0.000186838	2
-90.3816	38.9556	-0.000732531	-0.000196677	2
-90.7805	39.8761	-0.000783734	-0.000206442	2
-91.1725	40.7935	-0.000835905	-0.000216108	2
-91.557	41.7077	-0.000889001	-0.000225653	2
-91.9336	42.6185	-0.000942975	-0.000235051	2
-92.3016	43.5256	-0.000997783	-0.00024428	2
-92.6606	44.4288	-0.00105338	-0.000253314	2
-93.01	45.328	-0.00110972	-0.000262131	2
-93.3492	46.2229	-0.00116675	-0.000270706	2
-93.674	47.1031	-0.00122377	-0.000278922	2
-93.9915	47.9889	-0.00128206	-0.000286945	2
-94.2971	48.8699	-0.0013409	-0.000294656	2
-94.5904	49.7457	-0.00140026	-0.000302029	2
-94.8709	50.6163	-0.0014601	-0.000309041	2
-95.138	51.4814	-0.00152036	-0.000315668	2
-95.3911	52.3409	-0.00158099	-0.000321886	2
-95.6297	53.1944	-0.00164197	-0.000327672	2
-95.8533	54.0418	-0.00170323	-0.000333001	2
-96.0614	54.8829	-0.00176473	-0.000337849	2
-96.2533	55.7176	-0.00182643	-0.000342193	2
-96.4285	56.5455	-0.00188829	-0.000346008	2
-96.5866	57.3665	-0.00195025	-0.000349271	2
-96.7269	58.1804	-0.00201228	-0.000351958	2
-96.849	58.987	-0.00207432	-0.000354044	2
-96.9522	59.786	-0.00213633	-0.000355507	2
-97.0361	60.5773	-0.00219826	-0.000356321	2
-97.1	61.3607	-0.00226008	-0.000356463	2
-97.1435	62.136	-0.00232173	-0.00035591	2
-97.166	62.9029	-0.00238318	-0.000354637	2
-97.167	63.6613	-0.00244436	-0.00035262	2
-97.1458	64.411	-0.00250524	-0.000349835	2
-97.1021	65.1517	-0.00256578	-0.000346259	2
-97.0352	65.8832	-0.00262593	-0.000341867	2
-96.9457	66.5971	-0.00268495	-0.000336701	2
-96.8312	67.3099	-0.00274418	-0.000330617	2
-96.6918	68.0129	-0.00280288	-0.000323646	2
-96.5271	68.7059	-0.00286101	-0.000315764	2
-96.3365	69.3887	-0.00291852	-0.000306947	2
-96.1196	70.0612	-0.00297537	-0.000297172	2
-95.8756	70.7231	-0.0030315	-0.000286414	2
-95.6042	71.3742	-0.00308688	-0.000274649	2
-95.3047	72.0143	-0.00314147	-0.000261854	2
-94.9767	72.6433	-0.0031952	-0.000248005	2
-94.6195	73.2608	-0.00324805	-0.000233077	2
-94.2327	73.8668	-0.00329995	-0.000217047	2
-93.8156	74.461	-0.00335088	-0.000199891	2
-93.3678	75.0431	-0.00340078	-0.000181585	2
-92.8887	75.6131	-0.0034496	-0.000162105	2
-92.3778	76.1707	-0.00349731	-0.000141428	2
-91.8345	76.7156	-0.00354385	-0.000119528	2
-91.2582	77.2477	-0.00358919	-9.63828e-05	2
-90.6485	77.7668	-0.00363327	-7.19679e-05	2
-90.0048	78.2727	-0.00367605	-4.62594e-05	2
-89.3266	78.7651	-0.00371748	-1.92335e-05	2
-88.6132	79.244	-0.00375753	9.13375e-06	2
-87.8642	79.7089	-0.00379613	3.88663e-05	2
-87.0883	80.1548	-0.00383284	6.96224e-05	2
-86.2669	80.5917	-0.00386846	0.000102141	2
-85.4082	81.0141	-0.00390251	0.000136096	2
-84.5117	81.4219	-0.00393494	0.000171512	2

-25.0007	2.01211	-6.64749e-08	5.45029e-09	2
-25.0775	3.0458	-5.47889e-06	1.45971e-07	2
-25.185	4.07664	-1.03593e-05	-3.59567e-07	2
-25.3218	5.09276	-1.46674e-05	-1.49771e-06	2
-25.4851	6.08302	-1.83895e-05	-3.226e-06	2
-25.6782	7.0707	-2.16379e-05	-5.56591e-06	2
-25.8985	8.04448	-2.43928e-05	-8.48192e-06	2
-26.1454	9.00462	-2.66803e-05	-1.19551e-05	2
-26.4182	9.95138	-2.85268e-05	-1.59666e-05	2
-26.7162	10.885	-2.99585e-05	-2.04975e-05	2
-27.0387	11.8059	-3.10019e-05	-2.55289e-05	2
-27.385	12.7141	-3.1683e-05	-3.10419e-05	2
-27.7545	13.6101	-3.20284e-05	-3.70175e-05	2
-28.1464	14.494	-3.20642e-05	-4.34369e-05	2
-28.5601	15.3661	-3.18167e-05	-5.02812e-05	2
-28.9948	16.2268	-3.13123e-05	-5.75314e-05	2
-29.45	17.0762	-3.05772e-05	-6.51687e-05	2
-29.9248	17.9146	-2.96378e-05	-7.31741e-05	2
-30.4186	18.7423	-2.85203e-05	-8.15288e-05	2
-30.9308	19.5596	-2.72511e-05	-9.02138e-05	2
-31.4606	20.3668	-2.58563e-05	-9.92103e-05	2
-32.0073	21.164	-2.43624e-05	-0.000108499	2
-32.5703	21.9516	-2.27956e-05	-0.000118062	2
-33.1489	22.7299	-2.11823e-05	-0.000127879	2
-33.7423	23.499	-1.95486e-05	-0.000137932	2
-34.35	24.2593	-1.7921e-05	-0.000148202	2
-34.9639	25.0024	-1.63437e-05	-0.000158549	2
-35.5977	25.746	-1.48062e-05	-0.000169194	2
-36.2437	26.4815	-1.33532e-05	-0.00018	2
-36.9011	27.2092	-1.20112e-05	-0.000190947	2
-37.5693	27.9295	-1.08063e-05	-0.000202016	2
-38.2476	28.6425	-9.76493e-06	-0.00021319	2
-38.9352	29.3485	-8.91334e-06	-0.000224448	2
-39.6316	30.0479	-8.27783e-06	-0.000235772	2
-40.3359	30.7408	-7.8847e-06	-0.000247143	2
-41.0476	31.4275	-7.76025e-06	-0.000258542	2
-41.7659	32.1084	-7.93076e-06	-0.00026995	2
-42.4902	32.7836	-8.42255e-06	-0.000281349	2
-43.2197	33.4535	-9.26189e-06	-0.000292719	2
-43.9539	34.1183	-1.04751e-05	-0.000304041	2
-44.6918	34.7782	-1.20885e-05	-0.000315297	2
-45.433	35.4336	-1.41283e-05	-0.000326467	2
-46.1767	36.0847	-1.66209e-05	-0.000337534	2
-46.9223	36.7317	-1.95925e-05	-0.000348477	2
-47.6689	37.375	-2.30694e-05	-0.000359278	2
-48.416	38.0148	-2.7078e-05	-0.000369918	2
-49.1629	38.6514	-3.16446e-05	-0.000380378	2
-49.9088	39.285	-3.67953e-05	-0.000390639	2
-50.6532	39.916	-4.25566e-05	-0.000400683	2
-51.3867	40.5373	-4.88775e-05	-0.000410378	2
-52.1257	41.1636	-5.59309e-05	-0.000419933	2
-52.8611	41.7881	-6.36735e-05	-0.000429213	2
-53.5922	42.411	-7.21315e-05	-0.000438201	2
-54.3181	43.0325	-8.13312e-05	-0.000446876	2
-55.0384	43.6529	-9.1299e-05	-0.00045522	2
-55.7522	44.2724	-0.000102061	-0.000463215	2
-56.4589	44.8914	-0.000113644	-0.000470841	2
-57.1579	45.5102	-0.000126073	-0.000478079	2
-57.8483	46.1289	-0.000139376	-0.00048491	2
-58.5295	46.7478	-0.000153578	-0.000491317	2
-59.2009	47.3673	-0.000168706	-0.000497278	2
-59.8618	47.9875	-0.000184786	-0.000502777	2
-60.5114	48.6088	-0.000201844	-0.000507793	2
-61.1491	49.2314	-0.000219908	-0.000512309	2
-61.7741	49.8556	-0.000239002	-0.000516304	2
-62.3859	50.4816	-0.000259153	-0.000519761	2
-62.9837	51.1097	-0.000280388	-0.00052266	2
-63.5668	51.7402	-0.000302733	-0.000524982	2
-64.1345	52.3734	-0.000326214	-0.000526708	2
-64.6862	53.0095	-0.000350857	-0.00052782	2
-65.2211	53.6487	-0.000376689	-0.000528299	2
-65.7387	54.2914	-0.000403736	-0.000528125	2
-66.2381	54.9378	-0.000432025	-0.00052728	2
-66.7132	55.5807	-0.000461234	-0.000525767	2
-67.1746	56.2353	-0.000492069	-0.000523531	2
-67.6157	56.8944	-0.000524224	-0.000520568	2
-68.0361	57.5583	-0.000557725	-0.000516858	2
-68.4348	58.2273	-0.000592599	-0.000512382	2
-68.8113	58.9015	-0.000628872	-0.000507122	2
-69.1649	59.5814	-0.000666569	-0.000501059	2
-69.4949	60.267	-0.000705718	-0.000494173	2
-69.8006	60.9589	-0.000746345	-0.000486447	2
-70.0813	61.657	-0.000788476	-0.00047786	2
-70.3364	62.3619	-0.000832137	-0.000468394	2
-70.565	63.0736	-0.000877355	-0.000458031	2
-70.7666	63.7926	-0.000924156	-0.000446751	2
-70.9405	64.519	-0.000972565	-0.000434535	2
-71.086	65.2531	-0.00102261	-0.000421364	2
-71.2023	65.9952	-0.00107432	-0.00040722	2
-71.2889	66.7455	-0.00112771	-0.000392084	2
-71.3449	67.5044	-0.00118282	-0.000375936	2
-71.3698	68.272	-0.00123967	-0.000358758	2
-71.3628	69.0487	-0.00129829	-0.000340531	2
-71.3233	69.8348	-0.0013587	-0.000321236	2
-71.2505	70.6304	-0.00142093	-0.000300855	2
-71.1438	71.4359	-0.00148501	-0.000279367	2
-71.0044	72.242	-0.00155019	-0.000257021	2
-70.8281	73.0679	-0.00161801	-0.000233278	2
-70.616	73.9044	-0.00168776	-0.000208373	2
-70.3671	74.7519	-0.00175946	-0.000182287	2

24.9962	2.01383	3.69581e-07	6.48783e-08	2
24.6586	3.19155	3.18262e-05	6.00621e-06	2
24.2956	4.35893	6.2993e-05	1.27368e-05	2
23.9115	5.50253	9.35049e-05	2.01804e-05	2
23.5113	6.61003	0.000123027	2.8228e-05	2
23.0862	7.70757	0.000152249	3.70553e-05	2
22.6411	8.78254	0.000180829	4.65615e-05	2
22.1763	9.83535	0.000208772	5.67349e-05	2
21.6923	10.8664	0.000236081	6.75643e-05	2
21.1894	11.8761	0.000262762	7.9038e-05	2
20.6681	12.8648	0.000288818	9.11448e-05	2
20.1286	13.833	0.000314253	0.000103873	2
19.5714	14.781	0.000339073	0.000117212	2
18.9968	15.7093	0.000363282	0.000131149	2
18.4053	16.6183	0.000386883	0.000145673	2
17.7973	17.5083	0.000409881	0.000160773	2
17.173	18.3797	0.000432281	0.000176438	2
16.533	19.2331	0.000454087	0.000192655	2
15.8775	20.0687	0.000475303	0.000209414	2
15.2071	20.8869	0.000495933	0.000226702	2
14.5219	21.6883	0.000515983	0.00024451	2
13.8225	22.4731	0.000535456	0.000262824	2
13.1092	23.2418	0.000554357	0.000281634	2
12.3824	23.9947	0.000572689	0.000300929	2
11.6426	24.7324	0.000590458	0.000320696	2
10.8899	25.4551	0.000607668	0.000340924	2
10.1338	26.1553	0.000624134	0.000361363	2
9.35705	26.8496	0.000640245	0.000382475	2
8.56869	27.5301	0.000655809	0.000404014	2
7.76912	28.1974	0.000670832	0.000425968	2
6.95875	28.8517	0.000685317	0.000448327	2
6.13794	29.4936	0.000699268	0.000471079	2
5.30709	30.1233	0.000712691	0.000494212	2
4.46659	30.7414	0.000725589	0.000517715	2
3.6168	31.3481	0.000737967	0.000541577	2
2.75812	31.944	0.00074983	0.000565785	2
1.89094	32.5294	0.000761181	0.00059033	2
1.01563	33.1047	0.000772025	0.000615198	2
0.132576	33.6703	0.000782366	0.000640379	2
-0.757831	34.2266	0.000792208	0.000665861	2
-1.65521	34.7741	0.000801557	0.000691633	2
-2.55918	35.313	0.000810416	0.000717684	2
-3.46935	35.844	0.00081879	0.000744001	2
-4.38534	36.3672	0.000826683	0.000770574	2
-5.30677	36.8832	0.000834099	0.000797391	2
-6.23325	37.3923	0.000841043	0.00082444	2
-7.1644	37.8949	0.000847519	0.000851711	2
-8.09983	38.3915	0.000853532	0.000879192	2
-9.03917	38.8824	0.000859085	0.00090687	2
-9.97116	39.3625	0.000864127	0.000934414	2
-10.9171	39.8434	0.000868781	0.000962453	2
-11.8658	40.3198	0.000872988	0.000990656	2
-12.8169	40.7922	0.000876753	0.00101901	2
-13.7699	41.2609	0.00088008	0.00104751	2
-14.7246	41.7264	0.000882975	0.00107614	2
-15.6805	42.189	0.000885441	0.00110488	2
-16.6372	42.6492	0.000887482	0.00113373	2
-17.5943	43.1074	0.000889104	0.00116268	2
-18.5515	43.5639	0.000890309	0.00119171	2
-19.5084	44.0192	0.000891103	0.00122081	2
-20.4646	44.4737	0.000891491	0.00124998	2
-21.4197	44.9277	0.000891475	0.00127919	2
-22.3734	45.3817	0.000891062	0.00130844	2
-23.3252	45.8361	0.000890254	0.00133772	2
-24.2747	46.2913	0.000889057	0.00136702	2
-25.2216	46.7477	0.000887474	0.00139632	2
-26.1655	47.2056	0.000885511	0.00142561	2
-27.106	47.6656	0.000883171	0.00145488	2
-28.0428	48.1279	0.000880459	0.00148412	2
-28.9754	48.5931	0.00087738	0.00151332	2
-29.9034	49.0614	0.000873936	0.00154247	2
-30.8265	49.5333	0.000870134	0.00157155	2
-31.7443	50.0093	0.000865977	0.00160055	2
-32.646	50.4841	0.000861523	0.00162914	2
-33.5521	50.9692	0.000856674	0.00165796	2
-34.4517	51.4595	0.000851482	0.00168666	2
-35.3445	51.9554	0.000845953	0.00171525	2
-36.2301	52.4573	0.000840092	0.0017437	2
-37.1081	52.9657	0.000833901	0.00177201	2
-37.978	53.4809	0.000827386	0.00180017	2
-38.8396	54.0032	0.000820552	0.00182815	2
-39.6924	54.5333	0.000813401	0.00185596	2
-40.5361	55.0713	0.00080594	0.00188357	2
-41.3703	55.6178	0.000798171	0.00191099	2
-42.1945	56.1731	0.0007901	0.00193818	2
-43.0084	56.7376	0.00078173	0.00196516	2
-43.8117	57.3118	0.000773067	0.0019919	2
-44.6038	57.896	0.000764115	0.00201839	2
-45.3846	58.4907	0.000754877	0.00204462	2
-46.1535	59.0962	0.000745358	0.00207058	2
-46.9101	59.7129	0.000735563	0.00209626	2
-47.6542	60.3413	0.000725496	0.00212165	2
-48.3853	60.9818	0.000715161	0.00214673	2
-49.103	61.6347	0.000704562	0.00217149	2
-49.807	62.3005	0.000693705	0.00219593	2
-50.4968	62.9795	0.000682593	0.00222002	2
-51.1644	63.6642	0.000671363	0.0022435	2
-51.825	64.3708	0.000659757	0.00226688	2
-52.4703	65.0919	0.00064791	0.0022899	2
-53.0999	65.8278	0.000635826	0.00231253	2

74.9952	2.01221	1.29353e-07	2.86861e-07	2
74.5904	3.06108	1.16615e-05	2.45456e-05	2
74.1971	4.12017	2.41432e-05	4.8265e-05	2
73.8198	5.1773	3.74379e-05	7.11674e-05	2
73.4624	6.22036	5.13717e-05	9.30126e-05	2
73.1165	7.27363	6.62615e-05	0.000114317	2
72.786	8.325	8.19427e-05	0.000134833	2
72.4709	9.37448	9.84079e-05	0.000154567	2
72.1709	10.4221	0.00011565	0.00017353	2
71.8859	11.4678	0.000133662	0.000191731	2
71.6157	12.5118	0.000152436	0.000209178	2
71.36	13.5539	0.000171965	0.000225882	2
71.1188	14.5942	0.000192242	0.00024185	2
70.8918	15.6327	0.00021326	0.000257092	2
70.6789	16.6695	0.000235011	0.000271618	2
70.4799	17.7046	0.000257488	0.000285436	2
70.2946	18.7379	0.000280685	0.000298555	2
70.1228	19.7695	0.000304592	0.000310986	2
69.9643	20.7995	0.000329205	0.000322736	2
69.8191	21.8278	0.000354514	0.000333814	2
69.6868	22.8544	0.000380514	0.000344231	2
69.5673	23.8794	0.000407196	0.000353995	2
69.4604	24.9028	0.000434553	0.000363115	2
69.366	25.9247	0.000462579	0.000371601	2
69.2839	26.945	0.000491266	0.000379461	2
69.2138	27.9637	0.000520607	0.000386704	2
69.1563	28.9692	0.000550245	0.000393268	2
69.1098	29.9849	0.000580864	0.000399313	2
69.0748	30.9991	0.000612115	0.000404769	2
69.0512	32.0119	0.000643991	0.000409644	2
69.0388	33.0232	0.000676484	0.000413949	2
69.0374	34.033	0.000709588	0.000417693	2
69.0468	35.0415	0.000743295	0.000420883	2
69.0669	36.0485	0.000777598	0.000423531	2
69.0975	37.0542	0.000812489	0.000425643	2
69.1384	38.0585	0.000847962	0.000427231	2
69.1893	39.0615	0.000884009	0.000428302	2
69.2503	40.0632	0.000920623	0.000428867	2
69.321	41.0636	0.000957796	0.000428934	2
69.4012	42.0626	0.000995522	0.000428511	2
69.4909	43.0605	0.00103379	0.00042761	2
69.5898	44.0571	0.0010726	0.000426237	2
69.6977	45.0524	0.00111194	0.000424404	2
69.8145	46.0466	0.0011518	0.000422118	2
69.94	47.0396	0.00119218	0.000419389	2
70.074	48.0314	0.00123307	0.000416226	2
70.2163	49.022	0.00127446	0.000412638	2
70.3668	50.0116	0.00131635	0.000408634	2
70.5252	51	0.00135872	0.000404224	2
70.6894	51.976	0.00140107	0.000399473	2
70.8632	52.9623	0.00144439	0.000394281	2
71.0443	53.9475	0.00148818	0.00038871	2
71.2327	54.9317	0.00153242	0.000382769	2
71.4282	55.9149	0.00157711	0.000376466	2
71.6306	56.8971	0.00162225	0.000369812	2
71.8396	57.8783	0.00166783	0.000362814	2
72.0552	58.8586	0.00171383	0.000355483	2
72.2772	59.8379	0.00176026	0.000347828	2
72.5053	60.8163	0.0018071	0.000339856	2
72.7395	61.7938	0.00185435	0.000331579	2
72.9794	62.7704	0.00190199	0.000323004	2
73.225	63.7462	0.00195004	0.000314141	2
73.476	64.7211	0.00199846	0.000304999	2
73.7323	65.6952	0.00204727	0.000295587	2
73.9937	66.6685	0.00209645	0.000285915	2
74.26	67.641	0.00214599	0.00027599	2
74.5311	68.6128	0.00219589	0.000265824	2
74.8067	69.5838	0.00224614	0.000255424	2
75.0867	70.5541	0.00229673	0.000244799	2
75.3709	71.5236	0.00234766	0.00023396	2
75.6591	72.4925	0.00239891	0.000222914	2
75.9512	73.4607	0.00245049	0.000211672	2
76.2469	74.4283	0.00250237	0.000200242	2
76.5426	75.3841	0.00255397	0.000188768	2
76.8451	76.3504	0.00260646	0.000176991	2
77.1507	77.3161	0.00265924	0.000165054	2
77.4592	78.2813	0.00271231	0.000152966	2
77.7705	79.2459	0.00276565	0.000140736	2
78.0844	80.2099	0.00281927	0.000128372	2
78.4007	81.1735	0.00287314	0.000115885	2
78.7192	82.1365	0.00292727	0.000103282	2
79.0398	83.0991	0.00298166	9.05743e-05	2
79.3622	84.0612	0.00303628	7.77696e-05	2
79.6863	85.0228	0.00309113	6.48774e-05	2
80.012	85.9841	0.00314622	5.19068e-05	2
80.3389	86.9449	0.00320152	3.8867e-05	2
80.667	87.9053	0.00325703	2.5767e-05	2
80.9961	88.8654	0.00331275	1.2616e-05	2
81.326	89.8252	0.00336867	-5.76772e-07	2
81.6565	90.7846	0.00342478	-1.38023e-05	2
81.9874	91.7437	0.00348107	-2.70515e-05	2
82.3186	92.7025	0.00353753	-4.03152e-05	2
82.6499	93.661	0.00359417	-5.35843e-05	2
82.981	94.6193	0.00365097	-6.68496e-05	2
83.3119	95.5774	0.00370792	-8.0102e-05	2
83.6423	96.5352	0.00376501	-9.33324e-05	2
83.9682	97.4819	0.00382159	-0.00010638	2
84.2972	98.4393	0.00387896	-0.00011954	2
84.6251	99.3967	0.00393646	-0.00013265	2
84.9519	100.354	0.00399407	-0.000145702	2

124.998	2.01352	-4.16064e-07	2.39891e-08	2
124.838	3.16408	-3.62659e-05	2.48256e-06	2
124.709	4.30356	-7.26651e-05	5.75899e-06	2
124.614	5.41876	-0.00010919	9.8197e-06	2
124.551	6.49759	-0.000145412	1.45952e-05	2
124.519	7.56545	-0.000182165	2.0187e-05	2
124.518	8.60996	-0.000219022	2.65345e-05	2
124.549	9.63147	-0.000255975	3.36281e-05	2
124.61	10.6303	-0.000293017	4.14583e-05	2
124.701	11.6067	-0.000330141	5.00154e-05	2
124.821	12.561	-0.000367338	5.92899e-05	2
124.971	13.4936	-0.000404602	6.92722e-05	2
125.149	14.4048	-0.000441925	7.99527e-05	2
125.356	15.2948	-0.0004793	9.13219e-05	2
125.589	16.1641	-0.000516719	0.00010337	2
125.851	17.0129	-0.000554175	0.000116088	2
126.138	17.8415	-0.000591661	0.000129466	2
126.452	18.6502	-0.000629168	0.000143494	2
126.792	19.4394	-0.00066669	0.000158163	2
127.157	20.2095	-0.000704219	0.000173463	2
127.546	20.9606	-0.000741748	0.000189385	2
127.96	21.6931	-0.000779269	0.000205918	2
128.398	22.4074	-0.000816775	0.000223055	2
128.859	23.1037	-0.000854258	0.000240784	2
129.343	23.7824	-0.000891712	0.000259097	2
129.849	24.4438	-0.000929128	0.000277983	2
130.371	25.0808	-0.000966069	0.000297207	2
130.921	25.7087	-0.00100339	0.000317206	2
131.491	26.3203	-0.00104065	0.00033775	2
132.082	26.9158	-0.00107784	0.000358829	2
132.693	27.4955	-0.00111496	0.000380435	2
133.323	28.0599	-0.001152	0.000402557	2
133.972	28.6091	-0.00118894	0.000425186	2
134.64	29.1436	-0.0012258	0.000448312	2
135.326	29.6636	-0.00126254	0.000471926	2
136.03	30.1695	-0.00129918	0.000496019	2
136.751	30.6615	-0.00133569	0.000520579	2
137.488	31.14	-0.00137208	0.000545599	2
138.242	31.6054	-0.00140834	0.000571068	2
139.011	32.0578	-0.00144445	0.000596977	2
139.796	32.4977	-0.00148042	0.000623316	2
140.595	32.9254	-0.00151623	0.000650076	2
141.409	33.3411	-0.00155187	0.000677247	2
142.236	33.7452	-0.00158735	0.00070482	2
143.077	34.138	-0.00162264	0.000732785	2
143.93	34.5199	-0.00165776	0.000761132	2
144.796	34.8911	-0.00169267	0.000789852	2
145.674	35.2519	-0.00172739	0.000818935	2
146.563	35.6027	-0.0017619	0.000848371	2
147.453	35.94	-0.0017958	0.000877808	2
148.363	36.2718	-0.00182987	0.00090792	2
149.284	36.5946	-0.00186371	0.000938357	2
150.214	36.9086	-0.00189732	0.000969109	2
151.153	37.2141	-0.00193068	0.00100017	2
152.1	37.5116	-0.00196379	0.00103152	2
153.056	37.8012	-0.00199663	0.00106316	2
154.019	38.0833	-0.00202921	0.00109508	2
154.99	38.3583	-0.00206152	0.00112727	2
155.967	38.6264	-0.00209354	0.00115971	2
156.95	38.888	-0.00212527	0.0011924	2
157.939	39.1433	-0.00215671	0.00122534	2
158.933	39.3927	-0.00218784	0.0012585	2
159.932	39.6366	-0.00221866	0.00129188	2
160.935	39.8752	-0.00224916	0.00132547	2
161.941	40.1088	-0.00227933	0.00135926	2
162.952	40.3378	-0.00230917	0.00139324	2
163.965	40.5624	-0.00233867	0.00142741	2
164.98	40.7831	-0.00236782	0.00146174	2
165.997	41.0001	-0.00239661	0.00149624	2
167.016	41.2137	-0.00242504	0.00153089	2
168.035	41.4242	-0.00245309	0.00156569	2
169.055	41.632	-0.00248077	0.00160061	2
170.075	41.8374	-0.00250806	0.00163567	2
171.083	42.0384	-0.00253465	0.00167043	2
172.102	42.2399	-0.00256115	0.0017057	2
173.119	42.44	-0.00258725	0.00174106	2
174.134	42.6389	-0.00261292	0.00177651	2
175.147	42.8369	-0.00263818	0.00181204	2
176.156	43.0345	-0.002663	0.00184764	2
177.163	43.2318	-0.00268739	0.00188329	2
178.165	43.4293	-0.00271132	0.00191899	2
179.164	43.6272	-0.00273481	0.00195472	2
180.157	43.8258	-0.00275784	0.00199049	2
181.145	44.0255	-0.0027804	0.00202627	2
182.128	44.2266	-0.00280248	0.00206206	2
183.104	44.4294	-0.00282408	0.00209786	2
184.074	44.6342	-0.00284519	0.00213364	2
185.036	44.8413	-0.0028658	0.0021694	2
185.991	45.0511	-0.00288591	0.00220514	2
186.937	45.2638	-0.0029055	0.00224083	2
187.875	45.4798	-0.00292458	0.00227648	2
188.804	45.6995	-0.00294313	0.00231207	2
189.723	45.923	-0.00296114	0.00234759	2
190.633	46.1508	-0.00297861	0.00238304	2
191.532	46.3832	-0.00299554	0.0024184	2
192.419	46.6204	-0.0030119	0.00245366	2
193.286	46.86	-0.00302752	0.00248842	2
194.15	47.1078	-0.00304276	0.00252346	2
195.002	47.3614	-0.00305742	0.00255838	2
195.841	47.6212	-0.00307149	0.00259316	2

