-125.003	2.01316	-1.9633e-07	-2.33167e-07	2
-125.245	3.13536	-1.77067e-05	-1.91163e-05	2
-125.46	4.25162	-3.66614e-05	-3.58943e-05	2
-125.645	5.34899	-5.68359e-05	-5.03748e-05	2
-125.798	6.41543	-7.79496e-05	-6.24712e-05	2
-125.924	7.47595	-0.000100466	-7.25053e-05	2
-126.022	8.51827	-0.000124117	-8.03647e-05	2
-126.09	9.54263	-0.000148876	-8.60904e-05	2
-126.131	10.5493	-0.000174714	-8.97234e-05	2
-126.144	11.5384	-0.000201603	-9.13047e-05	2
-126.129	12.5102	-0.000229515	-9.08755e-05	2
-126.088	13.465	-0.000258421	-8.84767e-05	2
-126.02	14.403	-0.000288294	-8.41493e-05	2
-125.927	15.3244	-0.000319105	-7.79344e-05	2
-125.807	16.2294	-0.000350825	-6.9873e-05	2
-125.663	17.1182	-0.000383428	-6.00062e-05	2
-125.493	17.9912	-0.000416884	-4.8375e-05	2
-125.3	18.8485	-0.000451166	-3.50203e-05	2
-125.082	19.6904	-0.000486244	-1.99834e-05	2
-124.841	20.517	-0.000522092	-3.30513e-06	2
-124.576	21.3287	-0.000558681	1.49734e-05	2
-124.289	22.1255	-0.000595982	3.48112e-05	2
-123.979	22.9079	-0.000633968	5.61672e-05	2
-123.648	23.6759	-0.00067261	7.90004e-05	2
-123.295	24.4299	-0.00071188	0.00010327	2
-122.92	25.17	-0.00075175	0.000128934	2
-122.53	25.8883	-0.000791723	0.000155635	2
-122.115	26.6016	-0.000832702	0.000183951	2
-121.68	27.3017	-0.000874197	0.00021354	2
-121.226	27.9889	-0.000916179	0.000244361	2
-120.753	28.6633	-0.00095862	0.000276372	2
-120.26	29.3253	-0.00100149	0.000309532	2
-119.75	29.9751	-0.00104477	0.000343801	2
-119.222	30.6128	-0.00108842	0.000379137	2
-118.676	31.2388	-0.00113241	0.0004155	2
-118.113	31.8532	-0.00117673	0.000452847	2
-117.534	32.4563	-0.00122133	0.000491139	2
-116.939	33.0482	-0.0012662	0.000530334	2
-116.327	33.6293	-0.0013113	0.000570391	2
-115.7	34.1998	-0.00135661	0.00061127	2
-115.059	34.7598	-0.00140209	0.000652928	2
-114.402	35.3096	-0.00144772	0.000695325	2
-113.732	35.8495	-0.00149348	0.000738421	2
-113.048	36.3797	-0.00153932	0.000782173	2
-112.35	36.9003	-0.00158523	0.000826542	2
-111.64	37.4117	-0.00163118	0.000871485	2
-110.917	37.9141	-0.00167714	0.000916962	2
-110.182	38.4076	-0.00172307	0.000962932	2
-109.435	38.8926	-0.00176896	0.00100935	2
-108.685	39.3637	-0.00181425	0.00105565	2
-107.917	39.8323	-0.00185995	0.00110284	2
-107.137	40.2929	-0.00190553	0.00115037	2
-106.348	40.7459	-0.00195094	0.00119819	2
-105.549	41.1915	-0.00199617	0.00124625	2
-104.74	41.6298	-0.00204118	0.00129452	2
-103.923	42.0612	-0.00208594	0.00134295	2
-103.097	42.4857	-0.00213043	0.00139151	2
-102.264	42.9038	-0.00217462	0.00144015	2
-101.422	43.3156	-0.00221848	0.00148883	2
-100.574	43.7213	-0.00226198	0.00153752	2
-99.7186	44.1211	-0.0023051	0.00158616	2
-98.8569	44.5154	-0.0023478	0.00163472	2
-97.9892	44.9042	-0.00239006	0.00168316	2
-97.116	45.288	-0.00243185	0.00173144	2
-96.2376	45.6667	-0.00247313	0.00177951	2
-95.3545	46.0408	-0.0025139	0.00182734	2
-94.467	46.4104	-0.0025541	0.00187488	2
-93.5756	46.7758	-0.00259373	0.0019221	2
-92.6806	47.1372	-0.00263274	0.00196894	2
-91.7826	47.4948	-0.00267111	0.00201538	2
-90.8818	47.8488	-0.00270881	0.00206136	2
-89.9788	48.1995	-0.00274582	0.00210686	2
-89.0739	48.5472	-0.0027821	0.00215182	2
-88.1779	48.888	-0.00281723	0.0021957	2
-87.2705	49.2301	-0.00285199	0.00223948	2
-86.3624	49.5699	-0.00288594	0.00228261	2
-85.454	49.9074	-0.00291905	0.00232504	2
-84.5458	50.243	-0.0029513	0.00236673	2
-83.6382	50.5769	-0.00298265	0.00240764	2
-82.7316	50.9093	-0.00301309	0.00244774	2
-81.8263	51.2404	-0.00304257	0.00248697	2
-80.9229	51.5705	-0.00307108	0.00252531	2
-80.0216	51.8998	-0.00309858	0.0025627	2
-79.123	52.2285	-0.00312504	0.0025991	2
-78.2274	52.5568	-0.00315045	0.00263449	2
-77.3352	52.8851	-0.00317476	0.00266881	2
-76.4469	53.2134	-0.00319795	0.00270202	2
-75.5628	53.5421	-0.00322	0.00273408	2
-74.6834	53.8713	-0.00324087	0.00276495	2
-73.8091	54.2013	-0.00326054	0.0027946	2
-72.9403	54.5324	-0.00327898	0.00282297	2
-72.0773	54.8647	-0.00329616	0.00285004	2
-71.2207	55.1985	-0.00331205	0.00287575	2
-70.3708	55.534	-0.00332662	0.00290006	2
-69.528	55.8714	-0.00333985	0.00292294	2
-68.6927	56.211	-0.00335171	0.00294435	2
-67.8748	56.549	-0.00336205	0.00296402	2
-67.0558	56.8936	-0.00337109	0.00298237	2
-66.2455	57.2411	-0.00337868	0.00299912	2
-65.4443	57.5916	-0.00338478	0.00301423	2

-75.0066	2.01294	6.38944e-07	-2.57053e-07	2
-75.559	3.12272	5.35973e-05	-2.13277e-05	2
-76.0944	4.23933	0.000103214	-4.05847e-05	2
-76.6064	5.34976	0.000148924	-5.78092e-05	2
-77.0896	6.4413	0.000190337	-7.28757e-05	2
-77.5555	7.53927	0.000228491	-8.61722e-05	2
-77.9985	8.63088	0.000262952	-9.75504e-05	2
-78.4188	9.71607	0.000293793	-0.000107049	2
-78.8164	10.7948	0.000321087	-0.000114705	2
-79.1917	11.8669	0.000344906	-0.000120557	2
-79.5448	12.9325	0.000365322	-0.000124645	2
-79.8758	13.9914	0.000382407	-0.000127004	2
-80.1849	15.0436	0.000396234	-0.000127675	2
-80.4723	16.089	0.000406875	-0.000126695	2
-80.7382	17.1275	0.000414402	-0.000124103	2
-80.9827	18.1592	0.000418887	-0.000119935	2
-81.206	19.1838	0.000420403	-0.000114232	2
-81.4083	20.2015	0.000419022	-0.000107031	2
-81.5898	21.212	0.000414816	-9.83693e-05	2
-81.7505	22.2154	0.000407857	-8.82864e-05	2
-81.8908	23.2116	0.000398218	-7.682e-05	2
-82.0107	24.2005	0.000385971	-6.40085e-05	2
-82.1105	25.182	0.000371189	-4.98899e-05	2
-82.1903	26.1562	0.000353942	-3.45024e-05	2
-82.2503	27.1229	0.000334304	-1.78844e-05	2
-82.2906	28.0821	0.000312348	-7.39556e-08	2
-82.3113	29.0228	0.000288435	1.86663e-05	2
-82.3131	29.9668	0.000262081	3.87344e-05	2
-82.2957	30.9032	0.000233625	5.98806e-05	2
-82.2594	31.8318	0.000203137	8.2067e-05	2
-82.2043	32.7525	0.000170691	0.000105255	2
-82.1306	33.6654	0.000136359	0.000129407	2
-82.0384	34.5703	0.000100212	0.000154484	2
-81.928	35.4672	6.2324e-05	0.000180449	2
-81.7995	36.3561	2.27662e-05	0.000207262	2
-81.653	37.2368	-1.8389e-05	0.000234886	2
-81.4888	38.1093	-6.10691e-05	0.000263283	2
-81.307	38.9736	-0.000105202	0.000292414	2
-81.1078	39.8295	-0.000150716	0.000322242	2
-80.8914	40.6771	-0.000197537	0.000352727	2
-80.6579	41.5162	-0.000245595	0.000383833	2
-80.4075	42.3469	-0.000294817	0.00041552	2
-80.1403	43.1689	-0.00034513	0.00044775	2
-79.8567	43.9824	-0.000396462	0.000480485	2
-79.5566	44.7872	-0.000448741	0.000513688	2
-79.2404	45.5832	-0.000501895	0.000547319	2
-78.9081	46.3704	-0.000555852	0.000581341	2
-78.5599	47.1488	-0.000610538	0.000615715	2
-78.1961	47.9183	-0.000665883	0.000650403	2
-77.8211	48.67	-0.000721167	0.000684964	2
-77.4266	49.4215	-0.000777606	0.000720164	2
-77.0169	50.1639	-0.000834486	0.000755563	2
-76.5922	50.8972	-0.000891736	0.000791125	2
-76.1527	51.6212	-0.000949283	0.000826809	2
-75.6985	52.3359	-0.00100706	0.00086258	2
-75.2298	53.0412	-0.00106498	0.000898397	2
-74.7468	53.7372	-0.00112299	0.000934224	2
-74.2496	54.4236	-0.001181	0.000970021	2
-73.7385	55.1005	-0.00123895	0.00100575	2
-73.2136	55.7679	-0.00129677	0.00104137	2
-72.675	56.4255	-0.00135438	0.00107685	2
-72.123	57.0735	-0.0014117	0.00111215	2
-71.5577	57.7117	-0.00146868	0.00114723	2
-70.9793	58.34	-0.00152522	0.00118205	2
-70.388	58.9584	-0.00158127	0.00121657	2
-69.7839	59.5669	-0.00163676	0.00125076	2
-69.1672	60.1653	-0.0016916	0.00128458	2
-68.538	60.7536	-0.00174572	0.00131798	2
-67.8967	61.3318	-0.00179906	0.00135093	2
-67.2432	61.8998	-0.00185154	0.0013834	2
-66.5779	62.4575	-0.00190309	0.00141534	2
-65.9008	63.0049	-0.00195364	0.00144672	2
-65.2121	63.5419	-0.00200311	0.00147749	2
-64.5201	64.0624	-0.00205088	0.00150728	2
-63.809	64.5785	-0.002098	0.00153675	2
-63.0868	65.0841	-0.00214383	0.00156549	2
-62.3537	65.579	-0.00218829	0.00159349	2
-61.61	66.0632	-0.00223132	0.00162069	2
-60.8557	66.5367	-0.00227284	0.00164705	2
-60.091	66.9994	-0.00231277	0.00167255	2
-59.3161	67.4511	-0.00235106	0.00169714	2
-58.5313	67.8919	-0.00238762	0.00172079	2
-57.7365	68.3218	-0.00242238	0.00174345	2
-56.9321	68.7405	-0.00245528	0.00176509	2
-56.1182	69.1481	-0.00248623	0.00178567	2
-55.295	69.5446	-0.00251517	0.00180515	2
-54.4626	69.9297	-0.00254202	0.00182349	2
-53.6213	70.3036	-0.00256672	0.00184066	2
-52.7711	70.6661	-0.00258918	0.00185662	2
-51.9123	71.0172	-0.00260934	0.00187133	2
-51.045	71.3568	-0.00262713	0.00188474	2
-50.1694	71.6848	-0.00264247	0.00189683	2
-49.2857	72.0012	-0.00265528	0.00190755	2
-48.3941	72.306	-0.00266551	0.00191687	2
-47.4946	72.5989	-0.00267307	0.00192474	2
-46.5876	72.8801	-0.0026779	0.00193114	2
-45.6836	73.1464	-0.00267991	0.00193597	2
-44.762	73.404	-0.00267908	0.0019393	2
-43.8332	73.6496	-0.00267529	0.00194105	2
-42.8975	73.8831	-0.00266849	0.00194116	2

-25.0011	2.01021	5.34485e-07	3.44841e-08	2
-25.1102	2.88947	4.49406e-05	2.65557e-06	2
-25.245	3.78158	8.67581e-05	4.62583e-06	2
-25.404	4.67619	0.000125501	5.9286e-06	2
-25.584	5.56284	0.000160824	6.57784e-06	2
-25.7886	6.46202	0.000193597	6.60629e-06	2
-26.0151	7.36328	0.000223441	6.02053e-06	2
-26.2629	8.26651	0.000250403	4.83838e-06	2
-26.5312	9.17155	0.000274533	3.07766e-06	2
-26.8193	10.0783	0.00029588	7.56206e-07	2
-27.1265	10.9866	0.00031449	-2.10817e-06	2
-27.4522	11.8962	0.000330414	-5.49764e-06	2
-27.7957	12.8072	0.0003437	-9.39437e-06	2
-28.1561	13.7193	0.000354396	-1.37806e-05	2
-28.5329	14.6324	0.000362551	-1.86384e-05	2
-28.9253	15.5464	0.000368213	-2.39499e-05	2
-29.3327	16.461	0.000371431	-2.96975e-05	2
-29.7543	17.3763	0.000372254	-3.58632e-05	2
-30.1894	18.2921	0.000370729	-4.24293e-05	2
-30.6374	19.2081	0.000366906	-4.93778e-05	2
-31.0975	20.1243	0.000360833	-5.6691e-05	2
-31.569	21.0406	0.000352559	-6.43511e-05	2
-32.0512	21.9568	0.000342132	-7.23402e-05	2
-32.5435	22.8728	0.0003296	-8.06405e-05	2
-33.0451	23.7884	0.000315013	-8.92342e-05	2
-33.5554	24.7035	0.000298419	-9.81034e-05	2
-34.0676	25.6074	0.00028009	-0.000107124	2
-34.5929	26.5211	0.000259649	-0.000116488	2
-35.1248	27.4339	0.000237345	-0.000126075	2
-35.6625	28.3456	0.000213228	-0.000135866	2
-36.2054	29.2562	0.000187346	-0.000145843	2
-36.7527	30.1654	0.000159748	-0.00015599	2
-37.3038	31.0732	0.000130482	-0.000166287	2
-37.8579	31.9794	9.95958e-05	-0.000176718	2
-38.4143	32.8839	6.71392e-05	-0.000187264	2
-38.9724	33.7865	3.31603e-05	-0.000197907	2
-39.5314	34.6871	-2.29237e-06	-0.00020863	2
-40.0907	35.5855	-3.91702e-05	-0.000219415	2
-40.6495	36.4817	-7.74247e-05	-0.000230244	2
-41.2071	37.3755	-0.000117007	-0.000241099	2
-41.7629	38.2667	-0.000157869	-0.000251963	2
-42.3162	39.1553	-0.000199962	-0.000262817	2
-42.8662	40.041	-0.000243238	-0.000273644	2
-43.4122	40.9238	-0.000287648	-0.000284426	2
-43.9536	41.8034	-0.000333142	-0.000295145	2
-44.4896	42.6799	-0.000379674	-0.000305784	2
-45.0195	43.553	-0.000427194	-0.000316323	2
-45.5427	44.4226	-0.000475654	-0.000326747	2
-46.0585	45.2885	-0.000525005	-0.000337036	2
-46.5603	46.1408	-0.000574617	-0.000347057	2
-47.0591	46.9991	-0.000625596	-0.000357027	2
-47.5484	47.8533	-0.00067732	-0.000366809	2
-48.0274	48.7034	-0.000729743	-0.000376385	2
-48.4955	49.5492	-0.000782814	-0.000385739	2
-48.952	50.3904	-0.000836486	-0.000394851	2
-49.396	51.2271	-0.00089071	-0.000403705	2
-49.8271	52.0591	-0.000945437	-0.000412282	2
-50.2444	52.8862	-0.00100062	-0.000420565	2
-50.6472	53.7083	-0.00105621	-0.000428536	2
-51.035	54.5253	-0.00111215	-0.000436176	2
-51.4068	55.337	-0.00116841	-0.000443469	2
-51.7621	56.1433	-0.00122493	-0.000450396	2
-52.1002	56.944	-0.00128165	-0.000456939	2
-52.4203	57.739	-0.00133854	-0.000463081	2
-52.7218	58.5283	-0.00139555	-0.000468804	2
-53.0039	59.3115	-0.00145262	-0.00047409	2
-53.266	60.0887	-0.00150972	-0.000478921	2
-53.5073	60.8596	-0.00156678	-0.000483279	2
-53.7272	61.6242	-0.00162376	-0.000487147	2
-53.9249	62.3823	-0.00168061	-0.000490507	2
-54.0998	63.1337	-0.00173729	-0.00049334	2
-54.2512	63.8784	-0.00179374	-0.00049563	2
-54.3783	64.6161	-0.00184992	-0.000497358	2
-54.4794	65.3384	-0.00190514	-0.000498496	2
-54.5562	66.062	-0.00196063	-0.000499054	2
-54.6066	66.7783	-0.0020157	-0.000498997	2
-54.6301	67.4871	-0.00207031	-0.000498306	2
-54.6258	68.1883	-0.0021244	-0.000496966	2
-54.593	68.8818	-0.00217792	-0.000494956	2
-54.5311	69.5674	-0.00223084	-0.000492261	2
-54.4394	70.245	-0.00228309	-0.000488861	2
-54.3172	70.9145	-0.00233463	-0.000484739	2
-54.1637	71.5757	-0.00238542	-0.000479877	2
-53.9782	72.2285	-0.00243539	-0.000474258	2
-53.7601	72.8727	-0.00248452	-0.000467863	2
-53.5087	73.5082	-0.00253273	-0.000460675	2
-53.2233	74.1349	-0.00258	-0.000452676	2
-52.9031	74.7527	-0.00262626	-0.000443848	2
-52.5475	75.3614	-0.00267148	-0.000434173	2
-52.1557	75.9608	-0.0027156	-0.000423634	2
-51.7271	76.5509	-0.00275857	-0.000412212	2
-51.261	77.1314	-0.00280034	-0.00039989	2
-50.7567	77.7024	-0.00284088	-0.00038665	2
-50.2134	78.2635	-0.00288012	-0.000372474	2
-49.6304	78.8147	-0.00291801	-0.000357345	2
-49.0071	79.3559	-0.00295452	-0.000341243	2
-48.3507	79.8808	-0.0029892	-0.000324355	2
-47.6451	80.4016	-0.0030228	-0.000306269	2
-46.8972	80.9119	-0.00305487	-0.000287158	2
-46.106	81.4117	-0.00308536	-0.000267005	2

24.9993	2.01177	2.61987e-08	-1.7869e-07	2
24.9255	3.01632	2.43359e-06	-1.54827e-05	2
24.8223	4.01708	5.16507e-06	-3.08383e-05	2
24.6908	5.00256	8.17289e-06	-4.60686e-05	2
24.5339	5.96199	1.13966e-05	-6.10022e-05	2
24.3483	6.91796	1.48899e-05	-7.59881e-05	2
24.1363	7.85953	1.85951e-05	-9.08537e-05	2
23.8987	8.78698	2.24906e-05	-0.000105601	2
23.6359	9.70061	2.65549e-05	-0.00012023	2
23.3486	10.6007	3.07664e-05	-0.000134745	2
23.0375	11.4876	3.51036e-05	-0.000149146	2
22.7031	12.3615	3.95448e-05	-0.000163435	2
22.346	13.2227	4.40687e-05	-0.000177614	2
21.9669	14.0716	4.86535e-05	-0.000191684	2
21.5663	14.9084	5.32777e-05	-0.000205647	2
21.145	15.7334	5.79198e-05	-0.000219505	2
20.7034	16.5469	6.25582e-05	-0.000233259	2
20.2422	17.3492	6.71713e-05	-0.000246912	2
19.762	18.1406	7.17377e-05	-0.000260464	2
19.2635	18.9214	7.62356e-05	-0.000273918	2
18.7472	19.6919	8.06436e-05	-0.000287275	2
18.2138	20.4523	8.49401e-05	-0.000300536	2
17.6638	21.2029	8.91035e-05	-0.000313705	2
17.0979	21.9441	9.31124e-05	-0.000326781	2
16.5166	22.6762	9.6945e-05	-0.000339768	2
15.9207	23.3993	0.00010058	-0.000352666	2
15.3178	24.1058	0.000103958	-0.00036533	2
14.6945	24.8121	0.000107135	-0.000378057	2
14.0583	25.5105	0.000110051	-0.000390701	2
13.4098	26.2012	0.000112682	-0.000403263	2
12.7497	26.8844	0.000115009	-0.000415745	2
12.0786	27.5605	0.000117008	-0.000428148	2
11.397	28.2298	0.000118659	-0.000440475	2
10.7057	28.8925	0.000119941	-0.000452727	2
10.0051	29.5489	0.00012083	-0.000464906	2
9.29598	30.1994	0.000121307	-0.000477013	2
8.57887	30.8442	0.000121349	-0.00048905	2
7.85441	31.4836	0.000120934	-0.000501018	2
7.12319	32.118	0.000120042	-0.00051292	2
6.38584	32.7475	0.000118651	-0.000524757	2
5.64297	33.3725	0.000116738	-0.000536531	2
4.89519	33.9933	0.000114283	-0.000548244	2
4.14311	34.6101	0.000111265	-0.000559896	2
3.38735	35.2234	0.00010766	-0.00057149	2
2.62851	35.8332	0.000103449	-0.000583028	2
1.86722	36.44	9.86084e-05	-0.000594511	2
1.10407	37.0441	9.31179e-05	-0.000605941	2
0.339692	37.6456	8.69555e-05	-0.000617319	2
-0.425312	38.245	8.00998e-05	-0.000628647	2
-1.18154	38.8357	7.26203e-05	-0.000639798	2
-1.94596	39.4316	6.43217e-05	-0.000651033	2
-2.70918	40.0262	5.52653e-05	-0.000662222	2
-3.47058	40.6197	4.54295e-05	-0.000673369	2
-4.22955	41.2126	3.47928e-05	-0.000684474	2
-4.98547	41.8049	2.33335e-05	-0.000695539	2
-5.73774	42.3972	1.10303e-05	-0.000706567	2
-6.48574	42.9896	-2.13862e-06	-0.000717558	2
-7.22887	43.5824	-1.61947e-05	-0.000728514	2
-7.9665	44.1759	-3.11595e-05	-0.000739437	2
-8.69802	44.7705	-4.70546e-05	-0.000750329	2
-9.42283	45.3663	-6.39016e-05	-0.000761191	2
-10.1403	45.9638	-8.17219e-05	-0.000772025	2
-10.8498	46.5631	-0.000100537	-0.000782833	2
-11.5508	47.1646	-0.000120369	-0.000793617	2
-12.2427	47.7686	-0.000141239	-0.000804377	2
-12.9247	48.3754	-0.000163169	-0.000815116	2
-13.5963	48.9852	-0.00018618	-0.000825836	2
-14.257	49.5983	-0.000210293	-0.000836538	2
-14.906	50.2151	-0.000235531	-0.000847223	2
-15.5428	50.8358	-0.000261915	-0.000857894	2
-16.1668	51.4607	-0.000289467	-0.000868553	2
-16.7773	52.0901	-0.000318207	-0.000879199	2
-17.3737	52.7243	-0.000348158	-0.000889837	2
-17.9489	53.3563	-0.000378976	-0.000900345	2
-18.5156	54.0009	-0.000411398	-0.000910968	2
-19.0663	54.6512	-0.000445095	-0.000921587	2
-19.6006	55.3074	-0.000480089	-0.000932204	2
-20.1178	55.9699	-0.000516401	-0.000942819	2
-20.6172	56.639	-0.000554053	-0.000953435	2
-21.0982	57.3148	-0.000593066	-0.000964053	2
-21.5603	57.9978	-0.000633462	-0.000974675	2
-22.0029	58.6882	-0.000675262	-0.000985303	2
-22.4253	59.3864	-0.000718488	-0.000995938	2
-22.8268	60.0925	-0.000763162	-0.00100658	2
-23.207	60.8069	-0.000809304	-0.00101724	2
-23.5651	61.5298	-0.000856938	-0.0010279	2
-23.9007	62.2617	-0.000906083	-0.00103858	2
-24.2129	63.0027	-0.000956762	-0.00104928	2
-24.5014	63.7531	-0.001009	-0.00105999	2
-24.7653	64.5133	-0.00106281	-0.00107073	2
-25.0042	65.2836	-0.00111822	-0.00108148	2
-25.2174	66.0641	-0.00117525	-0.00109226	2
-25.4043	66.8553	-0.00123392	-0.00110306	2
-25.5643	67.6574	-0.00129425	-0.00111388	2
-25.6967	68.4706	-0.00135627	-0.00112474	2
-25.801	69.2954	-0.00142	-0.00113562	2
-25.8759	70.1223	-0.00148469	-0.00114641	2
-25.9224	70.9707	-0.00155187	-0.00115735	2
-25.9389	71.8316	-0.00162082	-0.00116833	2
-25.9249	72.705	-0.00169157	-0.00117935	2

74.998	2.01329	6.19181e-07	-3.74161e-07	2
74.8134	3.14735	5.39429e-05	-3.12594e-05	2
74.6038	4.27615	0.000108031	-5.99327e-05	2
74.3716	5.38671	0.000162256	-8.60644e-05	2
74.1203	6.46687	0.000215984	-0.000109441	2
73.8443	7.54206	0.000270457	-0.00013065	2
73.5469	8.59993	0.000325044	-0.000149449	2
73.2285	9.64079	0.000379737	-0.000165884	2
72.8894	10.6649	0.000434526	-0.000179997	2
72.5299	11.6727	0.000489405	-0.000191834	2
72.1507	12.6644	0.000544366	-0.000201439	2
71.7518	13.6402	0.000599401	-0.000208855	2
71.3339	14.6007	0.000654501	-0.000214127	2
70.8973	15.5459	0.000709659	-0.0002173	2
70.4422	16.4763	0.000764867	-0.000218418	2
69.9693	17.3921	0.000820117	-0.000217525	2
69.4787	18.2937	0.000875401	-0.000214664	2
68.971	19.1814	0.000930711	-0.000209882	2
68.4465	20.0555	0.000986039	-0.000203221	2
67.9055	20.9162	0.00104138	-0.000194726	2
67.3485	21.764	0.00109672	-0.000184441	2
66.7759	22.599	0.00115205	-0.000172411	2
66.188	23.4217	0.00120738	-0.00015868	2
65.5853	24.2322	0.00126268	-0.000143291	2
64.9681	25.0311	0.00131795	-0.00012629	2
64.3367	25.8184	0.00137318	-0.000107721	2
63.6992	26.5857	0.00142773	-8.78672e-05	2
63.041	27.3512	0.00148287	-6.63106e-05	2
62.3699	28.1061	0.00153795	-4.3318e-05	2
61.6862	28.8508	0.00159295	-1.89335e-05	2
60.9903	29.5856	0.00164788	6.79859e-06	2
60.2827	30.3108	0.00170273	3.3834e-05	2
59.5636	31.0266	0.00175748	6.21284e-05	2
58.8336	31.7335	0.00181213	9.16377e-05	2
58.0929	32.4316	0.00186667	0.000122317	2
57.342	33.1214	0.0019211	0.000154123	2
56.5813	33.8031	0.0019754	0.000187011	2
55.8111	34.4771	0.00202957	0.000220937	2
55.0318	35.1436	0.0020836	0.000255856	2
54.2438	35.8029	0.00213748	0.000291725	2
53.4475	36.4554	0.00219121	0.000328498	2
52.6433	37.1014	0.00224477	0.000366132	2
51.8316	37.7411	0.00229816	0.000404582	2
51.0128	38.375	0.00235137	0.000443805	2
50.1872	39.0032	0.00240439	0.000483755	2
49.3552	39.6261	0.00245722	0.000524389	2
48.5172	40.2441	0.00250984	0.000565662	2
47.6737	40.8573	0.00256225	0.000607531	2
46.8249	41.4662	0.00261445	0.00064995	2
45.9812	42.0641	0.00266581	0.00069238	2
45.1232	42.6653	0.00271755	0.000735762	2
44.2612	43.2629	0.00276904	0.000779564	2
43.3955	43.8575	0.00282027	0.00082374	2
42.5265	44.4492	0.00287125	0.000868245	2
41.6547	45.0383	0.00292197	0.000913037	2
40.7803	45.6253	0.0029724	0.00095807	2
39.9038	46.2103	0.00302256	0.0010033	2
39.0256	46.7938	0.00307242	0.00104868	2
38.146	47.3759	0.00312199	0.00109417	2
37.2655	47.9571	0.00317125	0.00113973	2
36.3844	48.5376	0.00322019	0.00118531	2
35.5031	49.1178	0.00326881	0.00123086	2
34.622	49.6978	0.0033171	0.00127634	2
33.7415	50.2782	0.00336506	0.00132171	2
32.8619	50.8591	0.00341267	0.00136693	2
31.9838	51.4408	0.00345992	0.00141194	2
31.1073	52.0238	0.00350681	0.00145671	2
30.233	52.6082	0.00355333	0.00150119	2
29.3612	53.1944	0.00359948	0.00154533	2
28.4924	53.7827	0.00364523	0.0015891	2
27.6268	54.3735	0.0036906	0.00163244	2
26.7649	54.9669	0.00373556	0.00167531	2
25.907	55.5634	0.00378012	0.00171768	2
25.0634	56.1563	0.00382375	0.00175901	2
24.2148	56.7597	0.00386746	0.00180023	2
23.3714	57.3671	0.00391074	0.0018408	2
22.5337	57.9787	0.00395358	0.00188069	2
21.7019	58.5949	0.00399598	0.00191985	2
20.8765	59.216	0.00403791	0.00195822	2
20.0578	59.8422	0.00407938	0.00199578	2
19.2463	60.474	0.00412038	0.00203248	2
18.4424	61.1115	0.0041609	0.00206826	2
17.6464	61.7552	0.00420092	0.00210309	2
16.8587	62.4052	0.00424046	0.00213693	2
16.0797	63.062	0.00427948	0.00216972	2
15.3098	63.7258	0.004318	0.00220142	2
14.5493	64.397	0.00435599	0.002232	2
13.7987	65.0758	0.00439346	0.0022614	2
13.0584	65.7626	0.00443039	0.00228958	2
12.3287	66.4577	0.00446677	0.0023165	2
11.61	67.1613	0.00450261	0.00234212	2
10.9027	67.8738	0.00453788	0.00236638	2
10.2072	68.5955	0.00457259	0.00238924	2
9.52389	69.3267	0.00460672	0.00241067	2
8.85314	70.0677	0.00464026	0.00243061	2
8.19535	70.8189	0.00467322	0.00244902	2
7.55822	71.5716	0.0047052	0.00246567	2
6.92733	72.3438	0.00473696	0.00248091	2
6.31055	73.127	0.0047681	0.00249449	2
5.70826	73.9216	0.00479861	0.00250637	2

124.997	2.01276	7.91587e-07	4.58875e-08	2
124.733	3.10764	6.8642e-05	3.45048e-06	2
124.481	4.21024	0.000136831	5.80985e-06	2
124.246	5.30786	0.000204572	7.08555e-06	2
124.029	6.38799	0.000271102	7.28883e-06	2
123.825	7.4758	0.000337972	6.4318e-06	2
123.636	8.55876	0.000404413	4.51337e-06	2
123.463	9.6369	0.000470431	1.54101e-06	2
123.305	10.7103	0.000536033	-2.47784e-06	2
123.162	11.7789	0.000601223	-7.53572e-06	2
123.033	12.8429	0.000666009	-1.36252e-05	2
122.92	13.9022	0.000730395	-2.07388e-05	2
122.82	14.9569	0.00079439	-2.8869e-05	2
122.735	16.0071	0.000857997	-3.80085e-05	2
122.664	17.0528	0.000921224	-4.81498e-05	2
122.607	18.094	0.000984077	-5.92853e-05	2
122.564	19.1308	0.00104656	-7.14078e-05	2
122.534	20.1633	0.00110868	-8.45096e-05	2
122.518	21.1914	0.00117045	-9.85834e-05	2
122.514	22.2152	0.00123187	-0.000113622	2
122.524	23.2348	0.00129294	-0.000129617	2
122.547	24.2502	0.00135367	-0.000146562	2
122.583	25.2614	0.00141407	-0.000164449	2
122.631	26.2686	0.00147415	-0.000183271	2
122.692	27.2716	0.0015339	-0.00020302	2
122.765	28.2707	0.00159335	-0.000223689	2
122.848	29.2544	0.0016518	-0.000245017	2
122.945	30.2456	0.00171064	-0.000267492	2
123.053	31.2329	0.00176918	-0.000290866	2
123.173	32.2164	0.00182743	-0.000315129	2
123.304	33.1962	0.0018854	-0.000340275	2
123.447	34.1721	0.00194309	-0.000366296	2
123.6	35.1444	0.00200051	-0.000393184	2
123.764	36.1129	0.00205766	-0.000420933	2
123.939	37.0779	0.00211456	-0.000449535	2
124.125	38.0393	0.0021712	-0.000478982	2
124.321	38.9972	0.00222759	-0.000509267	2
124.527	39.9516	0.00228375	-0.000540382	2
124.743	40.9026	0.00233967	-0.000572321	2
124.969	41.8501	0.00239536	-0.000605075	2
125.204	42.7943	0.00245082	-0.000638637	2
125.449	43.7353	0.00250607	-0.000672999	2
125.704	44.6729	0.00256111	-0.000708155	2
125.967	45.6074	0.00261595	-0.000744097	2
126.239	46.5386	0.00267059	-0.000780816	2
126.521	47.4668	0.00272503	-0.000818307	2
126.811	48.3918	0.00277929	-0.000856561	2
127.109	49.3138	0.00283337	-0.000895571	2
127.416	50.2329	0.00288727	-0.000935329	2
127.727	51.1384	0.00294039	-0.000975359	2
128.049	52.0516	0.00299397	-0.00101658	2
128.38	52.962	0.00304739	-0.00105853	2
128.718	53.8695	0.00310066	-0.0011012	2
129.063	54.7743	0.00315378	-0.00114458	2
129.416	55.6763	0.00320677	-0.00118867	2
129.776	56.5757	0.00325963	-0.00123345	2
130.143	57.4724	0.00331236	-0.00127892	2
130.517	58.3665	0.00336497	-0.00132507	2
130.897	59.2581	0.00341747	-0.0013719	2
131.283	60.1472	0.00346986	-0.00141939	2
131.676	61.0338	0.00352214	-0.00146754	2
132.075	61.918	0.00357434	-0.00151634	2
132.48	62.7998	0.00362644	-0.00156579	2
132.89	63.6793	0.00367846	-0.00161587	2
133.307	64.5565	0.00373041	-0.00166658	2
133.728	65.4315	0.00378228	-0.00171792	2
134.155	66.3042	0.00383409	-0.00176987	2
134.587	67.1749	0.00388583	-0.00182242	2
135.023	68.0434	0.00393753	-0.00187558	2
135.465	68.9099	0.00398918	-0.00192933	2
135.911	69.7743	0.00404079	-0.00198366	2
136.361	70.6368	0.00409236	-0.00203857	2
136.816	71.4974	0.00414391	-0.00209405	2
137.269	72.3462	0.00419484	-0.00214944	2
137.731	73.203	0.00424635	-0.00220603	2
138.197	74.0581	0.00429784	-0.00226317	2
138.667	74.9114	0.00434933	-0.00232084	2
139.14	75.763	0.00440083	-0.00237905	2
139.616	76.613	0.00445233	-0.00243779	2
140.095	77.4613	0.00450384	-0.00249704	2
140.577	78.3081	0.00455538	-0.0025568	2
141.062	79.1533	0.00460694	-0.00261706	2
141.549	79.997	0.00465853	-0.00267782	2
142.038	80.8394	0.00471017	-0.00273907	2
142.53	81.6803	0.00476184	-0.0028008	2
143.024	82.5198	0.00481357	-0.002863	2
143.519	83.3581	0.00486535	-0.00292567	2
144.016	84.1951	0.0049172	-0.00298879	2
144.515	85.0309	0.00496911	-0.00305237	2
145.014	85.8655	0.0050211	-0.00311638	2
145.515	86.699	0.00507317	-0.00318084	2
146.017	87.5314	0.00512532	-0.00324572	2
146.52	88.3628	0.00517757	-0.00331102	2
147.023	89.1932	0.00522992	-0.00337674	2
147.527	90.0226	0.00528237	-0.00344286	2
148.031	90.8511	0.00533493	-0.00350938	2
148.53	91.6693	0.00538701	-0.00357552	2
149.034	92.4961	0.00543981	-0.00364281	2
149.538	93.3222	0.00549274	-0.00371047	2
150.041	94.1476	0.00554581	-0.00377851	2

