-125.002	2.01013	4.44084e-07	5.82678e-08	2
-125.186	2.88301	3.7083e-05	4.68211e-06	2
-125.391	3.76995	7.1058e-05	8.59485e-06	2
-125.614	4.66065	0.000101974	1.17594e-05	2
-125.852	5.54464	0.000129577	1.41728e-05	2
-126.11	6.44231	0.000154558	1.59123e-05	2
-126.385	7.34322	0.000176627	1.69666e-05	2
-126.675	8.24721	0.000195834	1.73571e-05	2
-126.981	9.1541	0.000212228	1.71048e-05	2
-127.302	10.0637	0.000225859	1.62308e-05	2
-127.637	10.9759	0.000236776	1.47563e-05	2
-127.985	11.8905	0.000245028	1.27025e-05	2
-128.347	12.8073	0.000250664	1.00904e-05	2
-128.72	13.7261	0.000253734	6.94124e-06	2
-129.106	14.6469	0.000254287	3.27612e-06	2
-129.502	15.5693	0.000252372	-8.83821e-07	2
-129.909	16.4933	0.00024804	-5.51744e-06	2
-130.326	17.4186	0.000241338	-1.06036e-05	2
-130.752	18.3451	0.000232316	-1.61212e-05	2
-131.187	19.2726	0.000221024	-2.2049e-05	2
-131.63	20.201	0.000207511	-2.83659e-05	2
-132.08	21.1301	0.000191825	-3.50508e-05	2
-132.537	22.0597	0.000174018	-4.20826e-05	2
-133	22.9896	0.000154137	-4.94401e-05	2
-133.469	23.9197	0.000132232	-5.71022e-05	2
-133.943	24.8497	0.000108353	-6.50477e-05	2
-134.416	25.7689	8.28555e-05	-7.31597e-05	2
-134.898	26.6985	5.51961e-05	-8.1606e-05	2
-135.383	27.6275	2.57094e-05	-9.02725e-05	2
-135.871	28.5558	-5.55522e-06	-9.91382e-05	2
-136.361	29.4833	-3.85486e-05	-0.000108182	2
-136.852	30.4097	-7.32213e-05	-0.000117382	2
-137.343	31.335	-0.000109524	-0.000126719	2
-137.835	32.2588	-0.000147408	-0.000136169	2
-138.327	33.1811	-0.000186823	-0.000145713	2
-138.817	34.1017	-0.00022772	-0.00015533	2
-139.306	35.0204	-0.00027005	-0.000164998	2
-139.792	35.9371	-0.000313763	-0.000174695	2
-140.275	36.8515	-0.000358811	-0.000184402	2
-140.755	37.7635	-0.000405144	-0.000194096	2
-141.231	38.6729	-0.000452712	-0.000203757	2
-141.701	39.5796	-0.000501467	-0.000213363	2
-142.167	40.4834	-0.000551359	-0.000222894	2
-142.626	41.3841	-0.000602338	-0.000232328	2
-143.079	42.2815	-0.000654356	-0.000241644	2
-143.525	43.1755	-0.000707363	-0.00025082	2
-143.963	44.0658	-0.00076131	-0.000259837	2
-144.392	44.9525	-0.000816147	-0.000268672	2
-144.812	45.8351	-0.000871826	-0.000277305	2
-145.218	46.7036	-0.000927643	-0.000285619	2
-145.619	47.5779	-0.000984848	-0.000293786	2
-146.009	48.4478	-0.00104275	-0.000301687	2
-146.387	49.313	-0.00110129	-0.000309302	2
-146.753	50.1734	-0.00116043	-0.000316609	2
-147.106	51.0289	-0.00122011	-0.000323586	2
-147.447	51.8792	-0.00128029	-0.000330214	2
-147.773	52.7242	-0.00134092	-0.00033647	2
-148.084	53.5637	-0.00140195	-0.000342333	2
-148.381	54.3976	-0.00146333	-0.000347783	2
-148.662	55.2256	-0.001525	-0.000352798	2
-148.926	56.0477	-0.00158693	-0.000357357	2
-149.174	56.8635	-0.00164905	-0.000361439	2
-149.403	57.6731	-0.00171133	-0.000365023	2
-149.615	58.4761	-0.00177371	-0.000368088	2
-149.808	59.2724	-0.00183614	-0.000370612	2
-149.981	60.0619	-0.00189858	-0.000372574	2
-150.135	60.8443	-0.00196097	-0.000373954	2
-150.268	61.6196	-0.00202326	-0.00037473	2
-150.379	62.3875	-0.00208542	-0.000374881	2
-150.469	63.1478	-0.00214737	-0.000374385	2
-150.536	63.9005	-0.00220909	-0.000373222	2
-150.58	64.6452	-0.00227051	-0.000371371	2
-150.601	65.3819	-0.00233159	-0.000368811	2
-150.597	66.1021	-0.00239159	-0.000365561	2
-150.569	66.8222	-0.00245184	-0.000361527	2
-150.515	67.5338	-0.00251161	-0.000356719	2
-150.434	68.2367	-0.00257084	-0.000351118	2
-150.328	68.9307	-0.00262948	-0.000344702	2
-150.193	69.6155	-0.00268749	-0.000337449	2
-150.031	70.2912	-0.0027448	-0.00032934	2
-149.841	70.9574	-0.00280139	-0.000320351	2
-149.621	71.614	-0.00285719	-0.000310464	2
-149.371	72.2608	-0.00291215	-0.000299655	2
-149.091	72.8978	-0.00296623	-0.000287905	2
-148.78	73.5246	-0.00301938	-0.000275191	2
-148.437	74.1411	-0.00307155	-0.000261494	2
-148.062	74.7472	-0.00312269	-0.000246791	2
-147.654	75.3426	-0.00317274	-0.000231062	2
-147.213	75.9273	-0.00322167	-0.000214285	2
-146.738	76.501	-0.00326941	-0.000196439	2
-146.228	77.0635	-0.00331593	-0.000177504	2
-145.683	77.6148	-0.00336117	-0.000157458	2
-145.101	78.1546	-0.00340509	-0.000136279	2
-144.484	78.6827	-0.00344762	-0.000113948	2
-143.829	79.199	-0.00348874	-9.04416e-05	2
-143.137	79.7033	-0.00352837	-6.574e-05	2
-142.414	80.1899	-0.00356606	-4.01267e-05	2
-141.645	80.6699	-0.00360261	-1.2985e-05	2
-140.836	81.1373	-0.00363755	1.54154e-05	2
-139.987	81.5921	-0.00367081	4.50956e-05	2

-75.0007	2.01204	1.63866e-08	-1.00673e-07	2
-75.0797	3.03934	1.6144e-06	-8.85656e-06	2
-75.1888	4.06311	3.59525e-06	-1.79061e-05	2
-75.3266	5.07161	5.91919e-06	-2.71407e-05	2
-75.4903	6.05379	8.53077e-06	-3.64429e-05	2
-75.6831	7.03276	1.14676e-05	-4.60213e-05	2
-75.9027	7.99732	1.46777e-05	-5.57605e-05	2
-76.1483	8.94774	1.81379e-05	-6.56525e-05	2
-76.4194	9.88431	2.18246e-05	-7.56892e-05	2
-76.7152	10.8073	2.57147e-05	-8.58625e-05	2
-77.0352	11.7171	2.97846e-05	-9.61645e-05	2
-77.3786	12.6138	3.40112e-05	-0.000106587	2
-77.7448	13.4978	3.8371e-05	-0.000117122	2
-78.1332	14.3695	4.28407e-05	-0.000127761	2
-78.5431	15.229	4.73969e-05	-0.000138497	2
-78.9739	16.0766	5.20163e-05	-0.000149321	2
-79.4248	16.9127	5.66756e-05	-0.000160225	2
-79.8953	17.7375	6.13514e-05	-0.000171201	2
-80.3847	18.5513	6.60203e-05	-0.000182242	2
-80.8924	19.3545	7.06591e-05	-0.000193338	2
-81.4176	20.1472	7.52443e-05	-0.000204482	2
-81.9598	20.9298	7.97526e-05	-0.000215667	2
-82.5183	21.7026	8.41607e-05	-0.000226883	2
-83.0924	22.4658	8.84452e-05	-0.000238122	2
-83.6815	23.2197	9.25827e-05	-0.000249378	2
-84.285	23.9646	9.655e-05	-0.000260641	2
-84.8949	24.6925	0.000100281	-0.000271774	2
-85.5249	25.4204	0.000103841	-0.000283029	2
-86.1673	26.1402	0.00010716	-0.000294266	2
-86.8214	26.8522	0.000110216	-0.00030548	2
-87.4866	27.5566	0.000112985	-0.00031666	2
-88.1622	28.2538	0.000115444	-0.0003278	2
-88.8476	28.9439	0.00011757	-0.000338892	2
-89.5421	29.6274	0.000119338	-0.000349926	2
-90.2451	30.3045	0.000120727	-0.000360896	2
-90.9559	30.9754	0.000121712	-0.000371792	2
-91.6739	31.6405	0.000122271	-0.000382608	2
-92.3984	32.3001	0.000122379	-0.000393335	2
-93.1287	32.9544	0.000122013	-0.000403964	2
-93.8643	33.6037	0.000121151	-0.000414489	2
-94.6044	34.2483	0.000119769	-0.0004249	2
-95.3484	34.8885	0.000117843	-0.00043519	2
-96.0956	35.5246	0.00011535	-0.00044535	2
-96.8455	36.1569	0.000112266	-0.000455373	2
-97.5973	36.7856	0.00010857	-0.000465251	2
-98.3504	37.4111	0.000104236	-0.000474974	2
-99.1041	38.0336	9.92417e-05	-0.000484537	2
-99.8579	38.6534	9.3564e-05	-0.000493929	2
-100.611	39.2708	8.71792e-05	-0.000503144	2
-101.354	39.879	8.01501e-05	-0.00051207	2
-102.104	40.4925	7.22901e-05	-0.000520908	2
-102.851	41.1044	6.36533e-05	-0.000529543	2
-103.595	41.7151	5.42164e-05	-0.000537969	2
-104.335	42.3248	4.39561e-05	-0.000546176	2
-105.07	42.9338	3.28489e-05	-0.000554158	2
-105.801	43.5424	2.08715e-05	-0.000561905	2
-106.525	44.1509	8.00063e-06	-0.000569411	2
-107.243	44.7595	-5.78711e-06	-0.000576666	2
-107.954	45.3687	-2.05151e-05	-0.000583662	2
-108.656	45.9785	-3.62065e-05	-0.000590393	2
-109.351	46.5894	-5.2885e-05	-0.000596848	2
-110.036	47.2016	-7.05736e-05	-0.000603022	2
-110.711	47.8155	-8.92959e-05	-0.000608904	2
-111.376	48.4312	-0.000109075	-0.000614489	2
-112.03	49.049	-0.000129935	-0.000619766	2
-112.672	49.6694	-0.000151898	-0.000624729	2
-113.302	50.2925	-0.000174988	-0.000629368	2
-113.919	50.9186	-0.000199228	-0.000633677	2
-114.522	51.548	-0.000224642	-0.000637647	2
-115.11	52.1811	-0.000251254	-0.00064127	2
-115.684	52.818	-0.000279085	-0.000644538	2
-116.242	53.4592	-0.00030816	-0.000647443	2
-116.784	54.1048	-0.000338503	-0.000649976	2
-117.302	54.7476	-0.000369764	-0.000652108	2
-117.81	55.4029	-0.000402696	-0.000653879	2
-118.299	56.0636	-0.000436964	-0.000655255	2
-118.769	56.7298	-0.000472592	-0.000656228	2
-119.219	57.4019	-0.000509604	-0.000656789	2
-119.65	58.0803	-0.000548023	-0.000656931	2
-120.059	58.765	-0.000587872	-0.000656645	2
-120.447	59.4566	-0.000629175	-0.000655924	2
-120.813	60.1552	-0.000671954	-0.000654759	2
-121.156	60.8611	-0.000716234	-0.000653142	2
-121.475	61.5746	-0.000762037	-0.000651065	2
-121.771	62.296	-0.000809388	-0.00064852	2
-122.041	63.0256	-0.000858308	-0.000645499	2
-122.286	63.7636	-0.000908823	-0.000641995	2
-122.505	64.5104	-0.000960954	-0.000637998	2
-122.698	65.2663	-0.00101473	-0.000633501	2
-122.863	66.0315	-0.00107016	-0.000628496	2
-122.999	66.8063	-0.00112728	-0.000622974	2
-123.108	67.591	-0.00118612	-0.000616929	2
-123.186	68.3859	-0.00124668	-0.000610351	2
-123.235	69.1913	-0.00130901	-0.000603232	2
-123.253	70.0074	-0.00137311	-0.000595565	2
-123.24	70.8345	-0.00143902	-0.000587341	2
-123.196	71.6633	-0.00150597	-0.000578657	2
-123.118	72.5133	-0.00157553	-0.000569302	2
-123.008	73.3752	-0.00164697	-0.000559367	2
-122.863	74.2493	-0.0017203	-0.000548843	2

-25.0031	2.01378	5.65649e-07	-1.46648e-07	2
-25.2824	3.18731	4.89255e-05	-1.1926e-05	2
-25.5873	4.35217	9.72741e-05	-2.21861e-05	2
-25.9144	5.49495	0.000145049	-3.08082e-05	2
-26.259	6.60327	0.000191713	-3.77486e-05	2
-26.6288	7.70327	0.000238354	-4.31962e-05	2
-27.0195	8.78232	0.00028443	-4.70888e-05	2
-27.4308	9.84079	0.000329942	-4.94543e-05	2
-27.8622	10.879	0.000374895	-5.03205e-05	2
-28.3135	11.8975	0.000419289	-4.97152e-05	2
-28.7841	12.8964	0.00046313	-4.76661e-05	2
-29.2736	13.8763	0.000506418	-4.42012e-05	2
-29.7818	14.8375	0.000549157	-3.93482e-05	2
-30.3082	15.7804	0.000591349	-3.31349e-05	2
-30.8524	16.7052	0.000632999	-2.5589e-05	2
-31.414	17.6125	0.000674107	-1.67385e-05	2
-31.9927	18.5026	0.000714677	-6.61115e-06	2
-32.588	19.3759	0.000754712	4.76533e-06	2
-33.1996	20.2327	0.000794214	1.73631e-05	2
-33.827	21.0734	0.000833186	3.11543e-05	2
-34.47	21.8984	0.000871632	4.61112e-05	2
-35.128	22.708	0.000909553	6.22059e-05	2
-35.8007	23.5027	0.000946953	7.94108e-05	2
-36.4877	24.2828	0.000983834	9.76978e-05	2
-37.1887	25.0487	0.0010202	0.000117039	2
-37.9031	25.8007	0.00105605	0.000137408	2
-38.6223	26.5309	0.00109099	0.000158523	2
-39.3625	27.2565	0.00112583	0.00018085	2
-40.1151	27.9694	0.00116016	0.000204121	2
-40.8797	28.67	0.001194	0.000228307	2
-41.6558	29.3586	0.00122733	0.000253382	2
-42.4432	30.0356	0.00126017	0.000279316	2
-43.2413	30.7014	0.00129251	0.000306083	2
-44.0499	31.3563	0.00132436	0.000333654	2
-44.8685	32.0007	0.00135572	0.000362003	2
-45.6967	32.6351	0.0013866	0.0003911	2
-46.5342	33.2597	0.001417	0.000420918	2
-47.3805	33.875	0.00144691	0.000451429	2
-48.2353	34.4813	0.00147635	0.000482606	2
-49.0981	35.079	0.00150531	0.000514421	2
-49.9687	35.6685	0.00153381	0.000546846	2
-50.8465	36.2501	0.00156183	0.000579852	2
-51.7313	36.8242	0.00158939	0.000613413	2
-52.6226	37.3912	0.00161648	0.000647501	2
-53.52	37.9515	0.00164311	0.000682087	2
-54.4231	38.5055	0.00166929	0.000717144	2
-55.3316	39.0535	0.00169501	0.000752645	2
-56.2451	39.5958	0.00172027	0.00078856	2
-57.1631	40.1329	0.00174509	0.000824863	2
-58.0747	40.6591	0.00176919	0.000861102	2
-59.0006	41.187	0.00179312	0.000898093	2
-59.9299	41.7107	0.00181661	0.000935389	2
-60.8623	42.2307	0.00183966	0.000972961	2
-61.7973	42.7473	0.00186228	0.00101078	2
-62.7345	43.2609	0.00188446	0.00104882	2
-63.6736	43.772	0.00190622	0.00108706	2
-64.6141	44.2807	0.00192754	0.00112546	2
-65.5557	44.7876	0.00194845	0.001164	2
-66.4979	45.2931	0.00196893	0.00120264	2
-67.4405	45.7974	0.00198899	0.00124137	2
-68.3829	46.3009	0.00200863	0.00128016	2
-69.3248	46.8041	0.00202786	0.00131897	2
-70.2659	47.3073	0.00204668	0.00135777	2
-71.2057	47.8109	0.00206509	0.00139655	2
-72.1438	48.3153	0.0020831	0.00143528	2
-73.0798	48.8207	0.00210071	0.00147391	2
-74.0134	49.3277	0.00211791	0.00151244	2
-74.9442	49.8366	0.00213472	0.00155082	2
-75.8718	50.3477	0.00215113	0.00158904	2
-76.7957	50.8614	0.00216715	0.00162706	2
-77.7157	51.3781	0.00218279	0.00166485	2
-78.6312	51.8982	0.00219803	0.0017024	2
-79.542	52.4221	0.0022129	0.00173966	2
-80.4372	52.944	0.00222722	0.0017762	2
-81.3373	53.4764	0.00224133	0.00181282	2
-82.2314	54.0137	0.00225507	0.00184909	2
-83.1192	54.5563	0.00226843	0.00188496	2
-84.0003	55.1045	0.00228142	0.00192042	2
-84.8743	55.6586	0.00229405	0.00195543	2
-85.7407	56.2192	0.00230632	0.00198996	2
-86.5993	56.7864	0.00231822	0.002024	2
-87.4496	57.3608	0.00232976	0.0020575	2
-88.2911	57.9427	0.00234095	0.00209045	2
-89.1237	58.5325	0.00235179	0.00212281	2
-89.9467	59.1305	0.00236228	0.00215456	2
-90.76	59.7371	0.00237242	0.00218567	2
-91.563	60.3527	0.00238221	0.00221611	2
-92.3553	60.9776	0.00239167	0.00224585	2
-93.1367	61.6123	0.00240078	0.00227487	2
-93.9066	62.2571	0.00240956	0.00230314	2
-94.6647	62.9124	0.002418	0.00233063	2
-95.4107	63.5786	0.00242612	0.00235731	2
-96.1441	64.256	0.00243391	0.00238316	2
-96.8645	64.945	0.00244137	0.00240814	2
-97.5716	65.646	0.00244851	0.00243223	2
-98.2649	66.3594	0.00245533	0.00245541	2
-98.9363	67.077	0.00246176	0.00247738	2
-99.6012	67.8161	0.00246795	0.00249865	2
-100.251	68.5686	0.00247384	0.00251891	2
-100.886	69.335	0.00247941	0.00253814	2

24.9956	2.01255	4.87289e-07	1.87772e-07	2
24.6298	3.09039	4.23698e-05	1.58776e-05	2
24.2763	4.17753	8.46929e-05	3.08323e-05	2
23.9393	5.26147	0.000126973	4.48721e-05	2
23.6223	6.32983	0.000168728	5.78589e-05	2
23.3177	7.40748	0.000210932	7.01023e-05	2
23.0291	8.48202	0.000253103	8.1454e-05	2
22.7563	9.55347	0.000295246	9.19217e-05	2
22.4991	10.6219	0.000337363	0.000101513	2
22.2574	11.6872	0.000379457	0.000110236	2
22.0309	12.7496	0.000421533	0.000118099	2
21.8196	13.8091	0.000463594	0.000125109	2
21.6232	14.8656	0.000505643	0.000131273	2
21.4415	15.9192	0.000547684	0.0001366	2
21.2743	16.9699	0.000589721	0.000141098	2
21.1215	18.0178	0.000631757	0.000144774	2
20.9829	19.0629	0.000673795	0.000147637	2
20.8583	20.1052	0.000715839	0.000149693	2
20.7475	21.1448	0.000757893	0.00015095	2
20.6504	22.1817	0.00079996	0.000151417	2
20.5667	23.2159	0.000842043	0.000151102	2
20.4963	24.2475	0.000884147	0.000150011	2
20.439	25.2764	0.000926274	0.000148153	2
20.3946	26.3027	0.000968428	0.000145535	2
20.3629	27.3265	0.00101061	0.000142166	2
20.3438	28.3478	0.00105283	0.000138053	2
20.3371	29.3549	0.0010946	0.000133264	2
20.3424	30.3713	0.0011369	0.000127694	2
20.3598	31.3852	0.00117924	0.000121405	2
20.389	32.3967	0.00122163	0.000114402	2
20.4298	33.4059	0.00126408	0.000106694	2
20.4821	34.4127	0.00130657	9.82888e-05	2
20.5456	35.4172	0.00134913	8.91941e-05	2
20.6203	36.4195	0.00139175	7.94177e-05	2
20.7059	37.4195	0.00143443	6.89673e-05	2
20.8022	38.4172	0.00147719	5.78507e-05	2
20.9091	39.4129	0.00152002	4.60758e-05	2
21.0264	40.4063	0.00156292	3.36502e-05	2
21.1539	41.3977	0.0016059	2.05817e-05	2
21.2914	42.3869	0.00164897	6.87822e-06	2
21.4387	43.3741	0.00169212	-7.45256e-06	2
21.5957	44.3593	0.00173537	-2.24028e-05	2
21.7622	45.3425	0.00177871	-3.79648e-05	2
21.938	46.3238	0.00182214	-5.41308e-05	2
22.1228	47.3031	0.00186568	-7.08928e-05	2
22.3166	48.2805	0.00190932	-8.82433e-05	2
22.5192	49.256	0.00195307	-0.000106174	2
22.7303	50.2297	0.00199693	-0.000124678	2
22.9498	51.2016	0.00204091	-0.000143747	2
23.1748	52.1606	0.0020845	-0.000163145	2
23.4105	53.129	0.00212871	-0.000183314	2
23.654	54.0957	0.00217306	-0.000204025	2
23.9051	55.0607	0.00221753	-0.00022527	2
24.1637	56.024	0.00226213	-0.000247041	2
24.4297	56.9857	0.00230687	-0.000269331	2
24.7027	57.9459	0.00235175	-0.000292132	2
24.9827	58.9045	0.00239678	-0.000315435	2
25.2694	59.8616	0.00244195	-0.000339233	2
25.5627	60.8171	0.00248727	-0.000363519	2
25.8625	61.7713	0.00253274	-0.000388284	2
26.1684	62.7239	0.00257837	-0.000413521	2
26.4803	63.6752	0.00262417	-0.000439222	2
26.7981	64.6251	0.00267012	-0.000465379	2
27.1216	65.5737	0.00271625	-0.000491985	2
27.4506	66.521	0.00276254	-0.000519031	2
27.7848	67.467	0.00280902	-0.00054651	2
28.1242	68.4117	0.00285567	-0.000574414	2
28.4686	69.3553	0.0029025	-0.000602735	2
28.8177	70.2976	0.00294952	-0.000631466	2
29.1713	71.2388	0.00299672	-0.000660598	2
29.5294	72.1789	0.00304412	-0.000690125	2
29.8917	73.1179	0.00309172	-0.000720037	2
30.258	74.0559	0.00313952	-0.000750328	2
30.624	74.982	0.00318696	-0.000780635	2
30.9978	75.918	0.00323516	-0.000811656	2
31.3751	76.8529	0.00328358	-0.000843031	2
31.7557	77.787	0.0033322	-0.000874754	2
32.1395	78.7201	0.00338105	-0.000906816	2
32.5262	79.6524	0.00343011	-0.00093921	2
32.9157	80.5838	0.0034794	-0.000971928	2
33.3078	81.5145	0.00352892	-0.00100496	2
33.7023	82.4443	0.00357867	-0.00103831	2
34.099	83.3734	0.00362865	-0.00107195	2
34.4977	84.3018	0.00367887	-0.00110588	2
34.8983	85.2295	0.00372934	-0.00114011	2
35.3006	86.1566	0.00378005	-0.0011746	2
35.7044	87.083	0.003831	-0.00120937	2
36.1096	88.0089	0.00388221	-0.0012444	2
36.5158	88.9341	0.00393368	-0.00127969	2
36.9231	89.8589	0.00398541	-0.00131522	2
37.331	90.7832	0.00403739	-0.00135099	2
37.7396	91.707	0.00408965	-0.00138698	2
38.1486	92.6304	0.00414218	-0.00142321	2
38.5579	93.5533	0.00419498	-0.00145964	2
38.9672	94.4759	0.00424805	-0.00149629	2
39.3763	95.3982	0.00430141	-0.00153313	2
39.7805	96.3095	0.00435443	-0.00156974	2
40.1888	97.2312	0.00440836	-0.00160696	2
40.5965	98.1527	0.00446257	-0.00164435	2
41.0033	99.0739	0.00451708	-0.00168191	2

74.9974	2.01347	-2.97317e-07	-9.92871e-08	2
74.7932	3.16033	-2.63106e-05	-7.80593e-06	2
74.6189	4.29785	-5.35056e-05	-1.39458e-05	2
74.4768	5.41285	-8.1564e-05	-1.84459e-05	2
74.3675	6.49318	-0.000110128	-2.13083e-05	2
74.2878	7.56426	-0.000139841	-2.26257e-05	2
74.239	8.61369	-0.000170354	-2.23817e-05	2
74.2204	9.64176	-0.000201646	-2.06027e-05	2
74.2317	10.6488	-0.000233697	-1.73148e-05	2
74.2724	11.635	-0.000266486	-1.25444e-05	2
74.342	12.6007	-0.000299991	-6.31758e-06	2
74.4401	13.5463	-0.000334191	1.33926e-06	2
74.5662	14.4719	-0.000369065	1.03999e-05	2
74.7199	15.3779	-0.000404592	2.08381e-05	2
74.9007	16.2646	-0.000440752	3.26277e-05	2
75.1081	17.1323	-0.000477523	4.57422e-05	2
75.3418	17.9812	-0.000514883	6.01556e-05	2
75.6011	18.8117	-0.000552813	7.58415e-05	2
75.8858	19.624	-0.000591291	9.27738e-05	2
76.1953	20.4185	-0.000630295	0.000110926	2
76.5292	21.1953	-0.000669806	0.000130272	2
76.8869	21.9549	-0.000709801	0.000150786	2
77.2682	22.6975	-0.00075026	0.00017244	2
77.6724	23.4234	-0.000791162	0.00019521	2
78.0992	24.1329	-0.000832485	0.000219069	2
78.5481	24.8263	-0.000874209	0.00024399	2
79.0131	25.4961	-0.000915827	0.000269644	2
79.5046	26.1583	-0.000958285	0.0002966	2
80.0168	26.8052	-0.00100108	0.00032454	2
80.5493	27.4371	-0.00104419	0.000353437	2
81.1016	28.0544	-0.0010876	0.000383267	2
81.6732	28.6573	-0.00113128	0.000414002	2
82.2638	29.2462	-0.00117522	0.000445615	2
82.8728	29.8212	-0.00121939	0.000478082	2
83.4998	30.3827	-0.00126377	0.000511375	2
84.1444	30.931	-0.00130834	0.000545468	2
84.806	31.4664	-0.00135308	0.000580336	2
85.4843	31.9892	-0.00139797	0.000615951	2
86.1787	32.4996	-0.00144299	0.000652288	2
86.8889	32.998	-0.00148811	0.00068932	2
87.6143	33.4846	-0.00153332	0.000727021	2
88.3545	33.9597	-0.00157859	0.000765365	2
89.1091	34.4237	-0.0016239	0.000804325	2
89.8775	34.8767	-0.00166924	0.000843876	2
90.6594	35.3192	-0.00171458	0.00088399	2
91.4543	35.7514	-0.00175989	0.000924643	2
92.2617	36.1736	-0.00180517	0.000965807	2
93.0812	36.586	-0.00185039	0.00100746	2
93.9123	36.9891	-0.00189552	0.00104956	2
94.7448	37.3785	-0.00194003	0.00109161	2
95.5976	37.7636	-0.00198493	0.00113456	2
96.4606	38.1402	-0.00202969	0.00117788	2
97.3335	38.5085	-0.00207428	0.00122156	2
98.2157	38.8688	-0.00211868	0.00126556	2
99.1068	39.2214	-0.00216287	0.00130987	2
100.006	39.5667	-0.00220684	0.00135445	2
100.914	39.9048	-0.00225055	0.00139929	2
101.829	40.2361	-0.00229399	0.00144434	2
102.751	40.5609	-0.00233713	0.00148959	2
103.679	40.8795	-0.00237996	0.00153502	2
104.614	41.1921	-0.00242246	0.00158058	2
105.555	41.4991	-0.0024646	0.00162627	2
106.5	41.8007	-0.00250636	0.00167204	2
107.451	42.0973	-0.00254773	0.00171789	2
108.406	42.3891	-0.00258867	0.00176377	2
109.365	42.6763	-0.00262917	0.00180966	2
110.327	42.9594	-0.00266921	0.00185554	2
111.292	43.2386	-0.00270877	0.00190138	2
112.259	43.5142	-0.00274783	0.00194716	2
113.229	43.7865	-0.00278636	0.00199284	2
114.2	44.0557	-0.00282434	0.00203841	2
115.172	44.3222	-0.00286176	0.00208383	2
116.145	44.5862	-0.00289859	0.00212908	2
117.107	44.8451	-0.00293439	0.00217362	2
118.08	45.1052	-0.00296999	0.00221845	2
119.053	45.3636	-0.00300494	0.00226303	2
120.024	45.6208	-0.00303921	0.00230734	2
120.993	45.877	-0.00307279	0.00235134	2
121.961	46.1325	-0.00310566	0.00239502	2
122.926	46.3875	-0.00313779	0.00243835	2
123.888	46.6424	-0.00316917	0.00248129	2
124.847	46.8976	-0.00319977	0.00252383	2
125.801	47.1531	-0.00322957	0.00256593	2
126.752	47.4094	-0.00325855	0.00260757	2
127.697	47.6668	-0.00328669	0.00264873	2
128.638	47.9255	-0.00331397	0.00268938	2
129.572	48.1858	-0.00334037	0.00272949	2
130.501	48.448	-0.00336586	0.00276903	2
131.423	48.7124	-0.00339043	0.00280799	2
132.338	48.9794	-0.00341405	0.00284632	2
133.245	49.2491	-0.00343671	0.00288402	2
134.144	49.5219	-0.00345838	0.00292104	2
135.035	49.798	-0.00347904	0.00295737	2
135.917	50.0779	-0.00349867	0.00299298	2
136.79	50.3616	-0.00351726	0.00302784	2
137.652	50.6497	-0.00353476	0.00306193	2
138.495	50.9388	-0.003551	0.00309483	2
139.337	51.2362	-0.00356631	0.0031273	2
140.168	51.5386	-0.00358049	0.00315891	2
140.987	51.8464	-0.00359352	0.00318965	2

124.992	2.01322	4.10553e-07	-5.15759e-08	2
124.36	3.14579	3.41994e-05	-3.86289e-06	2
123.749	4.28242	6.53634e-05	-6.47852e-06	2
123.169	5.40989	9.35478e-05	-7.87059e-06	2
122.624	6.51538	0.000118535	-8.06729e-06	2
122.101	7.62461	0.000140961	-7.09666e-06	2
121.608	8.72466	0.000160575	-4.97323e-06	2
121.143	9.81553	0.000177432	-1.72069e-06	2
120.706	10.8972	0.00019159	2.63727e-06	2
120.298	11.9697	0.000203103	8.07697e-06	2
119.917	13.033	0.000212028	1.45747e-05	2
119.564	14.0871	0.000218421	2.21069e-05	2
119.238	15.132	0.000222337	3.06497e-05	2
118.938	16.1677	0.000223834	4.01795e-05	2
118.665	17.1941	0.000222966	5.06727e-05	2
118.419	18.2114	0.000219789	6.21055e-05	2
118.198	19.2194	0.000214361	7.44543e-05	2
118.004	20.2182	0.000206736	8.76953e-05	2
117.834	21.2078	0.000196971	0.000101805	2
117.69	22.1881	0.000185122	0.000116759	2
117.57	23.1592	0.000171244	0.000132535	2
117.476	24.1211	0.000155394	0.000149109	2
117.405	25.0737	0.000137627	0.000166456	2
117.358	26.017	0.000118001	0.000184553	2
117.335	26.9511	9.65695e-05	0.000203377	2
117.336	27.876	7.339e-05	0.000222904	2
117.359	28.7811	4.88135e-05	0.000242873	2
117.405	29.6875	2.23237e-05	0.000263727	2
117.473	30.5846	-5.74709e-06	0.000285213	2
117.564	31.4725	-3.53429e-05	0.000307307	2
117.677	32.3511	-6.64079e-05	0.000329986	2
117.811	33.2203	-9.88858e-05	0.000353226	2
117.967	34.0803	-0.000132721	0.000377003	2
118.144	34.931	-0.000167857	0.000401294	2
118.341	35.7724	-0.000204238	0.000426075	2
118.559	36.6045	-0.000241809	0.000451322	2
118.798	37.4273	-0.000280512	0.000477011	2
119.056	38.2408	-0.000320293	0.00050312	2
119.334	39.0449	-0.000361095	0.000529623	2
119.631	39.8398	-0.000402862	0.000556498	2
119.947	40.6253	-0.000445538	0.000583721	2
120.282	41.4014	-0.000489067	0.000611269	2
120.635	42.1683	-0.000533393	0.000639116	2
121.007	42.9258	-0.000578461	0.00066724	2
121.396	43.6739	-0.000624214	0.000695618	2
121.803	44.4127	-0.000670596	0.000724225	2
122.228	45.1422	-0.000717551	0.000753038	2
122.669	45.8623	-0.000765024	0.000782032	2
123.127	46.573	-0.000812958	0.000811185	2
123.596	47.2664	-0.000860739	0.000840136	2
124.087	47.9585	-0.000909423	0.000869533	2
124.593	48.6412	-0.000958402	0.000899019	2
125.115	49.3145	-0.00100762	0.000928568	2
125.653	49.9785	-0.00105702	0.000958157	2
126.205	50.6331	-0.00110654	0.000987763	2
126.772	51.2783	-0.00115614	0.00101736	2
127.353	51.9141	-0.00120574	0.00104693	2
127.949	52.5404	-0.00125531	0.00107644	2
128.558	53.1574	-0.00130478	0.00110588	2
129.181	53.765	-0.00135409	0.00113521	2
129.817	54.3632	-0.0014032	0.00116442	2
130.466	54.9519	-0.00145203	0.00119348	2
131.128	55.5312	-0.00150055	0.00122236	2
131.802	56.1011	-0.00154869	0.00125105	2
132.489	56.6616	-0.00159639	0.00127952	2
133.187	57.2126	-0.00164361	0.00130775	2
133.896	57.7541	-0.00169028	0.0013357	2
134.617	58.2863	-0.00173634	0.00136337	2
135.349	58.809	-0.00178175	0.00139072	2
136.091	59.3222	-0.00182645	0.00141773	2
136.844	59.826	-0.00187037	0.00144438	2
137.607	60.3203	-0.00191347	0.00147064	2
138.38	60.8051	-0.00195569	0.0014965	2
139.153	61.2751	-0.0019965	0.00152163	2
139.944	61.7411	-0.00203679	0.0015466	2
140.744	62.1976	-0.00207604	0.00157109	2
141.553	62.6447	-0.00211418	0.00159507	2
142.37	63.0822	-0.00215117	0.00161853	2
143.196	63.5103	-0.00218693	0.00164143	2
144.029	63.9288	-0.00222142	0.00166376	2
144.869	64.3379	-0.00225458	0.00168549	2
145.717	64.7374	-0.00228636	0.0017066	2
146.571	65.1275	-0.0023167	0.00172706	2
147.432	65.508	-0.00234553	0.00174685	2
148.3	65.879	-0.00237282	0.00176595	2
149.173	66.2405	-0.0023985	0.00178433	2
150.053	66.5925	-0.00242251	0.00180197	2
150.937	66.9349	-0.0024448	0.00181884	2
151.827	67.2678	-0.00246531	0.00183493	2
152.722	67.5911	-0.00248399	0.0018502	2
153.621	67.9049	-0.00250078	0.00186464	2
154.525	68.2092	-0.00251563	0.00187822	2
155.432	68.5039	-0.00252847	0.00189091	2
156.343	68.789	-0.00253926	0.0019027	2
157.258	69.0646	-0.00254794	0.00191356	2
158.176	69.3306	-0.00255444	0.00192346	2
159.086	69.5841	-0.00255869	0.00193229	2
160.009	69.8311	-0.00256071	0.00194023	2
160.934	70.0685	-0.0025604	0.00194714	2
161.862	70.2963	-0.0025577	0.001953	2

