-125.001	2.01208	-1.27353e-08	-5.84045e-08	2
-125.08	3.04366	-8.77022e-07	-5.26962e-06	2
-125.19	4.07193	-1.30303e-06	-1.09122e-05	2
-125.328	5.08508	-1.30253e-06	-1.69152e-05	2
-125.493	6.07201	-9.06856e-07	-2.31912e-05	2
-125.687	7.05595	-1.31092e-07	-2.98739e-05	2
-125.908	8.02561	9.97912e-07	-3.68796e-05	2
-126.155	8.98128	2.45564e-06	-4.41959e-05	2
-126.428	9.92323	4.21759e-06	-5.18103e-05	2
-126.725	10.8518	6.25922e-06	-5.97104e-05	2
-127.047	11.7671	8.55605e-06	-6.78835e-05	2
-127.393	12.6696	1.10835e-05	-7.63173e-05	2
-127.761	13.5595	1.38172e-05	-8.49991e-05	2
-128.152	14.4371	1.67325e-05	-9.39166e-05	2
-128.564	15.3026	1.98049e-05	-0.000103057	2
-128.997	16.1564	2.30099e-05	-0.000112408	2
-129.451	16.9987	2.6323e-05	-0.000121958	2
-129.924	17.8298	2.97196e-05	-0.000131693	2
-130.416	18.65	3.31754e-05	-0.000141601	2
-130.926	19.4596	3.66657e-05	-0.000151669	2
-131.453	20.2588	4.0166e-05	-0.000161886	2
-131.998	21.048	4.36519e-05	-0.000172239	2
-132.559	21.8273	4.70987e-05	-0.000182714	2
-133.135	22.5972	5.0482e-05	-0.0001933	2
-133.727	23.3578	5.37774e-05	-0.000203985	2
-134.332	24.1094	5.69601e-05	-0.000214755	2
-134.944	24.8439	5.99717e-05	-0.000225473	2
-135.576	25.5785	6.28579e-05	-0.000236376	2
-136.221	26.3051	6.55582e-05	-0.000247327	2
-136.876	27.0238	6.80482e-05	-0.000258314	2
-137.543	27.735	7.03034e-05	-0.000269325	2
-138.22	28.4389	7.22993e-05	-0.000280346	2
-138.907	29.1357	7.40113e-05	-0.000291366	2
-139.602	29.8259	7.54149e-05	-0.000302371	2
-140.306	30.5096	7.64856e-05	-0.00031335	2
-141.017	31.1872	7.71989e-05	-0.000324289	2
-141.736	31.8589	7.75303e-05	-0.000335177	2
-142.46	32.525	7.74553e-05	-0.000346	2
-143.19	33.1858	7.69493e-05	-0.000356747	2
-143.925	33.8415	7.59878e-05	-0.000367405	2
-144.664	34.4925	7.45464e-05	-0.000377961	2
-145.407	35.139	7.26004e-05	-0.000388402	2
-146.153	35.7813	7.01255e-05	-0.000398718	2
-146.901	36.4197	6.7097e-05	-0.000408893	2
-147.651	37.0544	6.34905e-05	-0.000418918	2
-148.401	37.6858	5.92815e-05	-0.000428778	2
-149.152	38.3141	5.44453e-05	-0.000438461	2
-149.902	38.9397	4.89576e-05	-0.000447955	2
-150.651	39.5627	4.27938e-05	-0.000457248	2
-151.39	40.1763	3.60124e-05	-0.000466223	2
-152.135	40.7951	2.84313e-05	-0.000475077	2
-152.877	41.4123	2.01008e-05	-0.000483692	2
-153.616	42.028	1.09965e-05	-0.000492056	2
-154.35	42.6427	1.09383e-06	-0.000500156	2
-155.078	43.2565	-9.63178e-06	-0.000507979	2
-155.802	43.8697	-2.12048e-05	-0.000515513	2
-156.518	44.4826	-3.36498e-05	-0.000522746	2
-157.228	45.0956	-4.69912e-05	-0.000529664	2
-157.93	45.7088	-6.12536e-05	-0.000536257	2
-158.623	46.3226	-7.64614e-05	-0.00054251	2
-159.307	46.9372	-9.26393e-05	-0.000548411	2
-159.982	47.553	-0.000109812	-0.000553949	2
-160.646	48.1701	-0.000128003	-0.00055911	2
-161.299	48.789	-0.000147238	-0.000563882	2
-161.941	49.4097	-0.000167541	-0.000568253	2
-162.569	50.0328	-0.000188936	-0.000572209	2
-163.185	50.6583	-0.000211449	-0.000575739	2
-163.787	51.2867	-0.000235103	-0.00057883	2
-164.375	51.9181	-0.000259924	-0.00058147	2
-164.948	52.5529	-0.000285935	-0.000583646	2
-165.505	53.1913	-0.000313161	-0.000585345	2
-166.045	53.8337	-0.000341627	-0.000586555	2
-166.569	54.4802	-0.000371356	-0.000587263	2
-167.068	55.1237	-0.000402011	-0.000587459	2
-167.556	55.7795	-0.000434328	-0.000587133	2
-168.024	56.4402	-0.000467982	-0.000586268	2
-168.473	57.1063	-0.000502998	-0.000584853	2
-168.901	57.778	-0.0005394	-0.000582873	2
-169.308	58.4555	-0.000577214	-0.000580317	2
-169.694	59.1393	-0.000616462	-0.000577172	2
-170.057	59.8294	-0.000657171	-0.000573426	2
-170.396	60.5263	-0.000699365	-0.000569066	2
-170.713	61.2302	-0.000743067	-0.000564079	2
-171.004	61.9413	-0.000788303	-0.000558454	2
-171.271	62.66	-0.000835097	-0.000552177	2
-171.512	63.3865	-0.000883474	-0.000545237	2
-171.727	64.1212	-0.000933458	-0.00053762	2
-171.914	64.8642	-0.000985073	-0.000529315	2
-172.074	65.616	-0.00103834	-0.000520308	2
-172.205	66.3767	-0.0010933	-0.000510587	2
-172.307	67.1466	-0.00114995	-0.000500141	2
-172.38	67.926	-0.00120834	-0.000488955	2
-172.422	68.7153	-0.00126848	-0.000477018	2
-172.433	69.5146	-0.0013304	-0.000464317	2
-172.412	70.3243	-0.00139413	-0.00045084	2
-172.359	71.1446	-0.00145968	-0.000436574	2
-172.274	71.9662	-0.00152629	-0.000421684	2
-172.154	72.8085	-0.00159555	-0.000405813	2
-172	73.6622	-0.00166671	-0.000389115	2
-171.811	74.5278	-0.0017398	-0.000371579	2

-75.0034	2.01384	4.96122e-07	-5.69964e-08	2
-75.3104	3.19226	4.28333e-05	-4.3205e-06	2
-75.6429	4.36118	8.50031e-05	-7.36372e-06	2
-75.9972	5.50714	0.000126514	-9.15063e-06	2
-76.3684	6.61774	0.000166903	-9.70284e-06	2
-76.7647	7.71921	0.000207115	-9.05397e-06	2
-77.1815	8.79889	0.000246681	-7.21154e-06	2
-77.6186	9.85716	0.000285604	-4.19654e-06	2
-78.0754	10.8944	0.000323888	-2.99594e-08	2
-78.5516	11.9111	0.000361538	5.26721e-06	2
-79.0468	12.9075	0.000398558	1.1674e-05	2
-79.5607	13.884	0.000434953	1.91693e-05	2
-80.0928	14.8411	0.000470725	2.77323e-05	2
-80.6428	15.7791	0.000505881	3.73419e-05	2
-81.2102	16.6985	0.000540423	4.79771e-05	2
-81.7947	17.5996	0.000574356	5.96169e-05	2
-82.3959	18.4827	0.000607684	7.22404e-05	2
-83.0134	19.3484	0.000640411	8.58265e-05	2
-83.6468	20.1969	0.000672542	0.000100354	2
-84.2957	21.0287	0.00070408	0.000115803	2
-84.9597	21.8442	0.00073503	0.000132151	2
-85.6385	22.6437	0.000765397	0.000149378	2
-86.3317	23.4277	0.000795183	0.000167462	2
-87.0389	24.1964	0.000824394	0.000186383	2
-87.7596	24.9504	0.000853034	0.00020612	2
-88.4935	25.69	0.000881106	0.000226652	2
-89.2316	26.4073	0.000908302	0.000247708	2
-89.9906	27.1195	0.000935259	0.000269757	2
-90.7617	27.8184	0.000961661	0.000292539	2
-91.5444	28.5044	0.000987512	0.000316031	2
-92.3384	29.178	0.00101282	0.000340214	2
-93.1432	29.8396	0.00103758	0.000365065	2
-93.9586	30.4894	0.00106181	0.000390565	2
-94.784	31.128	0.0010855	0.000416691	2
-95.6192	31.7557	0.00110866	0.000443423	2
-96.4637	32.3729	0.00113129	0.000470741	2
-97.3171	32.9799	0.00115341	0.000498622	2
-98.1791	33.5773	0.00117501	0.000527047	2
-99.0492	34.1653	0.00119609	0.000555994	2
-99.9271	34.7443	0.00121667	0.000585441	2
-100.812	35.3148	0.00123674	0.000615369	2
-101.705	35.8771	0.00125631	0.000645756	2
-102.604	36.4316	0.00127539	0.000676581	2
-103.509	36.9788	0.00129397	0.000707823	2
-104.42	37.5189	0.00131207	0.000739461	2
-105.336	38.0524	0.00132968	0.000771474	2
-106.258	38.5797	0.00134681	0.000803841	2
-107.184	39.1012	0.00136347	0.000836542	2
-108.114	39.6172	0.00137965	0.000869554	2
-109.038	40.1224	0.0013952	0.000902473	2
-109.976	40.6287	0.00141046	0.000936044	2
-110.917	41.1308	0.00142526	0.000969864	2
-111.86	41.629	0.00143961	0.00100391	2
-112.807	42.1237	0.00145351	0.00103817	2
-113.755	42.6152	0.00146696	0.00107261	2
-114.704	43.1041	0.00147997	0.00110722	2
-115.655	43.5906	0.00149255	0.00114197	2
-116.607	44.0751	0.00150469	0.00117685	2
-117.559	44.5581	0.0015164	0.00121183	2
-118.511	45.04	0.00152769	0.00124689	2
-119.462	45.521	0.00153855	0.00128201	2
-120.413	46.0017	0.001549	0.00131716	2
-121.363	46.4824	0.00155904	0.00135234	2
-122.311	46.9635	0.00156866	0.00138752	2
-123.258	47.4453	0.00157789	0.00142267	2
-124.202	47.9283	0.00158671	0.00145778	2
-125.143	48.4129	0.00159514	0.00149282	2
-126.081	48.8994	0.00160318	0.00152778	2
-127.016	49.3883	0.00161083	0.00156262	2
-127.947	49.8798	0.00161809	0.00159734	2
-128.874	50.3745	0.00162498	0.00163191	2
-129.796	50.8728	0.00163149	0.00166631	2
-130.713	51.3749	0.00163763	0.00170052	2
-131.614	51.8754	0.00164334	0.00173413	2
-132.52	52.3864	0.00164876	0.00176789	2
-133.42	52.9025	0.00165382	0.0018014	2
-134.313	53.424	0.00165852	0.00183464	2
-135.2	53.9513	0.00166288	0.00186758	2
-136.079	54.4849	0.00166689	0.0019002	2
-136.95	55.0251	0.00167056	0.00193248	2
-137.813	55.5722	0.00167389	0.00196441	2
-138.668	56.1268	0.00167689	0.00199595	2
-139.514	56.6892	0.00167956	0.0020271	2
-140.35	57.2597	0.0016819	0.00205782	2
-141.177	57.8388	0.00168392	0.0020881	2
-141.994	58.4269	0.00168563	0.00211791	2
-142.8	59.0243	0.00168703	0.00214724	2
-143.596	59.6314	0.00168812	0.00217607	2
-144.38	60.2487	0.0016889	0.00220436	2
-145.153	60.8764	0.00168938	0.00223211	2
-145.913	61.5151	0.00168957	0.00225929	2
-146.662	62.165	0.00168947	0.00228588	2
-147.397	62.8266	0.00168908	0.00231186	2
-148.12	63.5003	0.00168841	0.0023372	2
-148.829	64.1864	0.00168746	0.0023619	2
-149.524	64.8854	0.00168624	0.00238591	2
-150.197	65.5894	0.00168476	0.00240897	2
-150.863	66.315	0.001683	0.00243159	2
-151.514	67.0547	0.00168098	0.00245347	2
-152.149	67.8088	0.0016787	0.00247459	2

-25.0046	2.01242	3.42995e-07	2.33843e-07	2
-25.3923	3.07949	2.99747e-05	1.99049e-05	2
-25.7679	4.15629	6.02206e-05	3.89265e-05	2
-26.1271	5.23043	9.07376e-05	5.7073e-05	2
-26.4661	6.28963	0.00012117	7.4159e-05	2
-26.793	7.35855	0.000152225	9.05904e-05	2
-27.104	8.42488	0.000183551	0.000106172	2
-27.3993	9.48865	0.000215147	0.000120911	2
-27.679	10.5499	0.000247012	0.000134818	2
-27.9433	11.6086	0.000279148	0.000147899	2
-28.1924	12.6649	0.000311553	0.000160164	2
-28.4265	13.7187	0.000344228	0.000171621	2
-28.6458	14.77	0.000377171	0.000182278	2
-28.8504	15.819	0.000410384	0.000192144	2
-29.0405	16.8656	0.000443865	0.000201226	2
-29.2164	17.9098	0.000477615	0.000209534	2
-29.3781	18.9518	0.000511633	0.000217076	2
-29.5259	19.9914	0.00054592	0.00022386	2
-29.66	21.0287	0.000580474	0.000229894	2
-29.7805	22.0638	0.000615296	0.000235188	2
-29.8877	23.0967	0.000650385	0.000239748	2
-29.9816	24.1274	0.000685742	0.000243584	2
-30.0626	25.156	0.000721366	0.000246704	2
-30.1307	26.1824	0.000757256	0.000249116	2
-30.1861	27.2067	0.000793414	0.00025083	2
-30.2291	28.2289	0.000829838	0.000251852	2
-30.2595	29.2373	0.000866105	0.000252191	2
-30.2783	30.2554	0.000903058	0.000251865	2
-30.2851	31.2715	0.000940277	0.000250872	2
-30.2802	32.2857	0.000977761	0.000249222	2
-30.2637	33.2978	0.00101551	0.000246923	2
-30.2359	34.3081	0.00105353	0.000243983	2
-30.1969	35.3165	0.00109181	0.00024041	2
-30.1469	36.3229	0.00113035	0.000236214	2
-30.086	37.3276	0.00116916	0.000231402	2
-30.0145	38.3304	0.00120824	0.000225983	2
-29.9325	39.3314	0.00124757	0.000219965	2
-29.8403	40.3306	0.00128718	0.000213356	2
-29.7379	41.3281	0.00132704	0.000206166	2
-29.6257	42.3239	0.00136717	0.000198401	2
-29.5037	43.3179	0.00140757	0.000190072	2
-29.3722	44.3104	0.00144822	0.000181185	2
-29.2313	45.3011	0.00148914	0.00017175	2
-29.0812	46.2903	0.00153032	0.000161774	2
-28.9221	47.2779	0.00157177	0.000151267	2
-28.7542	48.2639	0.00161347	0.000140236	2
-28.5776	49.2484	0.00165544	0.00012869	2
-28.3926	50.2313	0.00169767	0.000116637	2
-28.1994	51.2128	0.00174017	0.000104086	2
-28.0004	52.1816	0.00178243	9.11973e-05	2
-27.7912	53.1602	0.00182544	7.768e-05	2
-27.5743	54.1374	0.00186871	6.36894e-05	2
-27.3498	55.1133	0.00191225	4.92339e-05	2
-27.118	56.0878	0.00195604	3.43218e-05	2
-26.879	57.0609	0.0020001	1.89614e-05	2
-26.633	58.0328	0.00204442	3.16124e-06	2
-26.3802	59.0034	0.00208899	-1.30704e-05	2
-26.1208	59.9728	0.00213383	-2.97251e-05	2
-25.8549	60.9409	0.00217892	-4.67945e-05	2
-25.5827	61.9078	0.00222428	-6.42703e-05	2
-25.3045	62.8736	0.00226989	-8.2144e-05	2
-25.0203	63.8382	0.00231576	-0.000100407	2
-24.7305	64.8018	0.0023619	-0.000119052	2
-24.435	65.7642	0.00240829	-0.000138069	2
-24.1343	66.7256	0.00245494	-0.000157451	2
-23.8283	67.6859	0.00250184	-0.000177189	2
-23.5174	68.6452	0.00254901	-0.000197274	2
-23.2017	69.6036	0.00259643	-0.000217699	2
-22.8813	70.561	0.00264411	-0.000238455	2
-22.5565	71.5174	0.00269205	-0.000259534	2
-22.2274	72.473	0.00274025	-0.000280926	2
-21.8942	73.4277	0.0027887	-0.000302625	2
-21.5572	74.3815	0.00283741	-0.000324621	2
-21.2203	75.3235	0.00288581	-0.000346648	2
-20.8761	76.2758	0.00293503	-0.000369211	2
-20.5284	77.2272	0.0029845	-0.000392046	2
-20.1777	78.1779	0.00303423	-0.000415145	2
-19.8239	79.1279	0.00308422	-0.0004385	2
-19.4673	80.0772	0.00313446	-0.000462102	2
-19.1081	81.0258	0.00318496	-0.000485943	2
-18.7464	81.9737	0.00323571	-0.000510014	2
-18.3825	82.9211	0.00328672	-0.000534308	2
-18.0165	83.8679	0.00333798	-0.000558815	2
-17.6487	84.8141	0.0033895	-0.000583528	2
-17.2791	85.7598	0.00344127	-0.000608438	2
-16.908	86.7049	0.0034933	-0.000633537	2
-16.5355	87.6496	0.00354558	-0.000658816	2
-16.1619	88.5938	0.00359811	-0.000684267	2
-15.7873	89.5376	0.0036509	-0.000709881	2
-15.4118	90.481	0.00370394	-0.000735651	2
-15.0358	91.424	0.00375723	-0.000761568	2
-14.6594	92.3667	0.00381077	-0.000787622	2
-14.2826	93.309	0.00386457	-0.000813807	2
-13.9058	94.2511	0.00391862	-0.000840114	2
-13.5292	95.1928	0.00397292	-0.000866534	2
-13.1528	96.1343	0.00402748	-0.000893059	2
-12.7812	97.0648	0.00408165	-0.000919374	2
-12.406	98.0059	0.00413671	-0.000946082	2
-12.0315	98.9469	0.00419202	-0.000972871	2
-11.6582	99.8877	0.00424757	-0.000999731	2

24.9976	2.01351	-3.46909e-07	-4.64471e-08	2
24.8104	3.16374	-3.04857e-05	-3.38101e-06	2
24.6539	4.30375	-6.15772e-05	-5.43979e-06	2
24.5299	5.42034	-9.32586e-05	-6.19585e-06	2
24.4389	6.50139	-0.00012514	-5.68195e-06	2
24.3783	7.57232	-0.000157947	-3.90546e-06	2
24.3489	8.62075	-0.000191296	-8.84485e-07	2
24.3502	9.64698	-0.000225171	3.36147e-06	2
24.3816	10.6513	-0.000259556	8.8129e-06	2
24.4429	11.634	-0.000294436	1.54503e-05	2
24.5335	12.5955	-0.000329794	2.32543e-05	2
24.6529	13.536	-0.000365614	3.22052e-05	2
24.8006	14.4558	-0.00040188	4.22837e-05	2
24.9763	15.3552	-0.000438577	5.34701e-05	2
25.1794	16.2346	-0.000475689	6.57451e-05	2
25.4094	17.0942	-0.000513198	7.90892e-05	2
25.666	17.9343	-0.000551091	9.34828e-05	2
25.9485	18.7553	-0.000589349	0.000108906	2
26.2567	19.5574	-0.000627959	0.000125341	2
26.5899	20.341	-0.000666903	0.000142766	2
26.9477	21.1064	-0.000706165	0.000161163	2
27.3297	21.8538	-0.000745731	0.000180512	2
27.7354	22.5836	-0.000785583	0.000200793	2
28.1644	23.2961	-0.000825705	0.000221988	2
28.6161	23.9916	-0.000866083	0.000244076	2
29.09	24.6703	-0.000906699	0.000267038	2
29.58	25.3252	-0.000947067	0.000290577	2
30.0969	25.9716	-0.000988111	0.000315219	2
30.6347	26.6022	-0.00102935	0.000340678	2
31.193	27.2174	-0.00107076	0.000366932	2
31.7711	27.8173	-0.00111233	0.000393964	2
32.3688	28.4024	-0.00115404	0.000421753	2
32.9855	28.9729	-0.00119588	0.00045028	2
33.6208	29.5291	-0.00123783	0.000479525	2
34.2742	30.0713	-0.00127987	0.00050947	2
34.9451	30.5999	-0.001322	0.000540093	2
35.6333	31.1151	-0.00136419	0.000571377	2
36.3381	31.6173	-0.00140642	0.000603301	2
37.0591	32.1067	-0.00144869	0.000635846	2
37.7959	32.5837	-0.00149098	0.000668992	2
38.548	33.0485	-0.00153326	0.00070272	2
39.3149	33.5015	-0.00157552	0.000737011	2
40.0962	33.9429	-0.00161776	0.000771845	2
40.8913	34.3732	-0.00165994	0.000807202	2
41.6999	34.7925	-0.00170207	0.000843063	2
42.5214	35.2012	-0.00174411	0.000879408	2
43.3554	35.5996	-0.00178605	0.000916219	2
44.2014	35.988	-0.00182788	0.000953475	2
45.059	36.3667	-0.00186959	0.000991157	2
45.9176	36.7318	-0.00191067	0.00102881	2
46.7967	37.0921	-0.00195207	0.00106728	2
47.686	37.4436	-0.0019933	0.00110612	2
48.585	37.7866	-0.00203433	0.0011453	2
49.4932	38.1215	-0.00207516	0.00118482	2
50.4102	38.4484	-0.00211576	0.00122464	2
51.3354	38.7678	-0.00215612	0.00126476	2
52.2684	39.08	-0.00219623	0.00130514	2
53.2088	39.3852	-0.00223607	0.00134578	2
54.1561	39.6837	-0.00227561	0.00138665	2
55.1098	39.9759	-0.00231486	0.00142773	2
56.0694	40.2621	-0.00235378	0.001469	2
57.0346	40.5425	-0.00239237	0.00151044	2
58.0047	40.8174	-0.00243061	0.00155204	2
58.9794	41.0873	-0.00246848	0.00159377	2
59.9581	41.3523	-0.00250597	0.00163562	2
60.9405	41.6128	-0.00254305	0.00167756	2
61.926	41.8691	-0.00257972	0.00171958	2
62.9142	42.1215	-0.00261597	0.00176165	2
63.9046	42.3702	-0.00265176	0.00180376	2
64.8968	42.6157	-0.00268709	0.00184588	2
65.8902	42.8582	-0.00272194	0.001888	2
66.8844	43.098	-0.00275629	0.0019301	2
67.879	43.3354	-0.00279014	0.00197216	2
68.862	43.5681	-0.00282308	0.00201368	2
69.8559	43.8016	-0.00285586	0.0020556	2
70.8487	44.0337	-0.00288808	0.00209741	2
71.8399	44.2647	-0.00291972	0.00213911	2
72.8292	44.4948	-0.00295078	0.00218067	2
73.8161	44.7243	-0.00298123	0.00222208	2
74.8	44.9536	-0.00301106	0.0022633	2
75.7805	45.1829	-0.00304024	0.00230433	2
76.7571	45.4126	-0.00306878	0.00234514	2
77.7295	45.6429	-0.00309664	0.00238571	2
78.697	45.8742	-0.00312382	0.00242603	2
79.6593	46.1068	-0.00315029	0.00246607	2
80.6158	46.341	-0.00317604	0.00250582	2
81.5662	46.577	-0.00320106	0.00254525	2
82.5099	46.8152	-0.00322533	0.00258435	2
83.4464	47.056	-0.00324884	0.0026231	2
84.3754	47.2995	-0.00327156	0.00266147	2
85.2963	47.5461	-0.00329348	0.00269945	2
86.2087	47.7962	-0.00331459	0.00273702	2
87.112	48.0499	-0.00333487	0.00277416	2
88.0059	48.3077	-0.0033543	0.00281085	2
88.8899	48.5698	-0.00337287	0.00284707	2
89.7635	48.8365	-0.00339056	0.00288279	2
90.6163	49.105	-0.00340717	0.00291761	2
91.4678	49.3818	-0.00342307	0.00295231	2
92.3075	49.6642	-0.00343804	0.00298645	2
93.135	49.9524	-0.00345207	0.00302004	2

74.9923	2.01323	3.01369e-07	1.86169e-08	2
74.3416	3.14632	2.49292e-05	2.07902e-06	2
73.7148	4.28283	4.72807e-05	5.07555e-06	2
73.1196	5.40952	6.71027e-05	8.97171e-06	2
72.5617	6.51363	8.42584e-05	1.36897e-05	2
72.028	7.62083	9.91943e-05	1.93217e-05	2
71.5247	8.71826	0.000111745	2.57997e-05	2
71.0516	9.8059	0.00012196	3.31061e-05	2
70.6083	10.8838	0.000129886	4.12228e-05	2
70.1945	11.9519	0.000135572	5.0132e-05	2
69.8099	13.0102	0.000139067	5.98158e-05	2
69.4542	14.0589	0.000140418	7.02562e-05	2
69.127	15.0977	0.000139675	8.14356e-05	2
68.828	16.1269	0.000136885	9.33358e-05	2
68.5569	17.1463	0.000132097	0.000105939	2
68.3134	18.156	0.000125358	0.000119227	2
68.0972	19.1561	0.000116719	0.000133183	2
67.9079	20.1464	0.000106226	0.000147788	2
67.7452	21.127	9.39281e-05	0.000163025	2
67.6088	22.098	7.98737e-05	0.000178875	2
67.4983	23.0592	6.41112e-05	0.00019532	2
67.4135	24.0109	4.66888e-05	0.000212344	2
67.3541	24.9528	2.76549e-05	0.000229927	2
67.3196	25.8851	7.0578e-06	0.000248053	2
67.3098	26.8078	-1.50541e-05	0.000266702	2
67.3244	27.7209	-3.86326e-05	0.000285858	2
67.3625	28.614	-6.3334e-05	0.000305274	2
67.4246	29.5079	-8.9685e-05	0.000325383	2
67.5101	30.3923	-0.000117358	0.000345945	2
67.6186	31.267	-0.000146305	0.000366942	2
67.75	32.1321	-0.000176477	0.000388356	2
67.9038	32.9877	-0.000207826	0.000410169	2
68.0797	33.8337	-0.000240304	0.000432363	2
68.2774	34.6701	-0.000273862	0.000454921	2
68.4965	35.497	-0.000308452	0.000477824	2
68.7368	36.3143	-0.000344026	0.000501054	2
68.998	37.1221	-0.000380535	0.000524594	2
69.2797	37.9204	-0.000417931	0.000548426	2
69.5815	38.7091	-0.000456166	0.000572532	2
69.9033	39.4883	-0.000495191	0.000596894	2
70.2446	40.258	-0.000534959	0.000621494	2
70.6051	41.0183	-0.000575419	0.000646314	2
70.9845	41.769	-0.000616525	0.000671336	2
71.3825	42.5103	-0.000658229	0.000696542	2
71.7988	43.242	-0.00070048	0.000721916	2
72.233	43.9644	-0.000743232	0.000747437	2
72.6848	44.6772	-0.000786436	0.00077309	2
73.1539	45.3806	-0.000830044	0.000798855	2
73.64	46.0746	-0.000874007	0.000824716	2
74.1369	46.7513	-0.000917766	0.000850354	2
74.6558	47.4266	-0.000962292	0.00087635	2
75.1908	48.0924	-0.00100703	0.000902388	2
75.7414	48.7488	-0.00105193	0.000928449	2
76.3074	49.3958	-0.00109694	0.000954516	2
76.8885	50.0334	-0.00114202	0.00098057	2
77.4843	50.6617	-0.00118712	0.00100659	2
78.0945	51.2805	-0.00123218	0.00103257	2
78.7188	51.8901	-0.00127717	0.00105848	2
79.3569	52.4902	-0.00132203	0.00108431	2
80.0084	53.081	-0.00136671	0.00111003	2
80.673	53.6625	-0.00141117	0.00113564	2
81.3505	54.2346	-0.00145535	0.00116111	2
82.0404	54.7974	-0.00149922	0.00118642	2
82.7425	55.3509	-0.00154271	0.00121156	2
83.4565	55.8951	-0.00158579	0.00123651	2
84.1819	56.4299	-0.00162841	0.00126125	2
84.9186	56.9555	-0.0016705	0.00128576	2
85.6661	57.4719	-0.00171204	0.00131003	2
86.4242	57.9789	-0.00175296	0.00133403	2
87.1926	58.4767	-0.00179323	0.00135776	2
87.9708	58.9652	-0.00183279	0.00138119	2
88.7587	59.4444	-0.00187159	0.0014043	2
89.5558	59.9145	-0.00190959	0.00142707	2
90.3525	60.37	-0.00194631	0.00144924	2
91.1671	60.8217	-0.00198256	0.0014713	2
91.99	61.2642	-0.00201787	0.00149297	2
92.8209	61.6974	-0.00205218	0.00151423	2
93.6595	62.1215	-0.00208544	0.00153507	2
94.5054	62.5363	-0.00211761	0.00155547	2
95.3584	62.942	-0.00214864	0.00157541	2
96.218	63.3385	-0.00217848	0.00159488	2
97.0841	63.7258	-0.00220707	0.00161385	2
97.9562	64.104	-0.00223438	0.0016323	2
98.834	64.4731	-0.00226036	0.00165023	2
99.7173	64.8329	-0.00228495	0.0016676	2
100.606	65.1837	-0.00230811	0.00168441	2
101.499	65.5253	-0.00232979	0.00170064	2
102.396	65.8578	-0.00234994	0.00171626	2
103.298	66.1812	-0.00236851	0.00173126	2
104.204	66.4955	-0.00238546	0.00174563	2
105.113	66.8008	-0.00240074	0.00175933	2
106.025	67.0969	-0.00241429	0.00177237	2
106.94	67.3839	-0.00242607	0.00178471	2
107.858	67.6619	-0.00243603	0.00179634	2
108.777	67.9309	-0.00244413	0.00180725	2
109.699	68.1907	-0.00245031	0.00181741	2
110.612	68.4387	-0.00245448	0.0018267	2
111.536	68.6806	-0.00245671	0.00183532	2
112.462	68.9135	-0.00245688	0.00184315	2
113.388	69.1374	-0.00245494	0.00185016	2

124.998	2.01009	3.87564e-07	6.64295e-08	2
124.793	2.87993	3.22222e-05	5.37061e-06	2
124.569	3.76427	6.14495e-05	9.9291e-06	2
124.328	4.65284	8.773e-05	1.36979e-05	2
124.074	5.53517	0.000110859	1.66694e-05	2
123.802	6.4316	0.000131422	1.89347e-05	2
123.516	7.33171	0.000149182	2.04776e-05	2
123.214	8.23532	0.000164187	2.13205e-05	2
122.9	9.14223	0.000176483	2.14857e-05	2
122.572	10.0523	0.000186121	2.09959e-05	2
122.231	10.9652	0.000193146	1.98735e-05	2
121.879	11.881	0.000197609	1.81409e-05	2
121.515	12.7993	0.000199555	1.58207e-05	2
121.141	13.72	0.000199034	1.29352e-05	2
120.756	14.6429	0.000196094	9.50703e-06	2
120.362	15.5678	0.000190782	5.55856e-06	2
119.958	16.4945	0.000183146	1.11228e-06	2
119.547	17.4229	0.000173234	-3.80932e-06	2
119.127	18.3527	0.000161095	-9.18378e-06	2
118.7	19.2838	0.000146776	-1.49886e-05	2
118.266	20.2161	0.000130326	-2.12014e-05	2
117.827	21.1492	0.000111792	-2.77996e-05	2
117.381	22.083	9.12215e-05	-3.47608e-05	2
116.931	23.0174	6.86637e-05	-4.20626e-05	2
116.476	23.9522	4.41661e-05	-4.96823e-05	2
116.018	24.8871	1.77767e-05	-5.75977e-05	2
115.561	25.8112	-1.01217e-05	-6.56905e-05	2
115.097	26.7459	-4.01304e-05	-7.41268e-05	2
114.63	27.6802	-7.18875e-05	-8.27915e-05	2
114.163	28.614	-0.000105345	-9.16622e-05	2
113.694	29.547	-0.000140455	-0.000100716	2
113.224	30.4791	-0.000177169	-0.000109932	2
112.756	31.41	-0.00021544	-0.000119285	2
112.287	32.3396	-0.00025522	-0.000128755	2
111.821	33.2678	-0.00029646	-0.000138318	2
111.356	34.1943	-0.000339112	-0.000147953	2
110.894	35.1189	-0.000383129	-0.000157636	2
110.435	36.0415	-0.000428463	-0.000167345	2
109.98	36.9618	-0.000475065	-0.000177059	2
109.529	37.8797	-0.000522888	-0.000186753	2
109.083	38.7951	-0.000571884	-0.000196406	2
108.642	39.7076	-0.000622004	-0.000205995	2
108.208	40.6172	-0.0006732	-0.000215499	2
107.78	41.5236	-0.000725426	-0.000224893	2
107.359	42.4267	-0.000778632	-0.000234157	2
106.946	43.3263	-0.000832771	-0.000243267	2
106.542	44.2222	-0.000887795	-0.000252201	2
106.146	45.1142	-0.000943655	-0.000260936	2
105.76	46.0021	-0.0010003	-0.00026945	2
105.389	46.8756	-0.00105703	-0.000277628	2
105.024	47.7548	-0.00111511	-0.000285636	2
104.67	48.6295	-0.00117383	-0.000293356	2
104.328	49.4993	-0.00123314	-0.000300766	2
103.998	50.3641	-0.00129301	-0.000307842	2
103.681	51.2237	-0.00135338	-0.000314563	2
103.378	52.078	-0.0014142	-0.000320906	2
103.089	52.9267	-0.00147543	-0.000326848	2
102.815	53.7697	-0.00153702	-0.000332368	2
102.556	54.6068	-0.00159891	-0.000337442	2
102.314	55.4378	-0.00166107	-0.000342048	2
102.087	56.2625	-0.00172344	-0.000346164	2
101.878	57.0807	-0.00178597	-0.000349767	2
101.686	57.8922	-0.00184862	-0.000352835	2
101.513	58.6969	-0.00191135	-0.000355344	2
101.358	59.4946	-0.00197409	-0.000357274	2
101.223	60.2851	-0.00203681	-0.000358601	2
101.108	61.0682	-0.00209945	-0.000359303	2
101.014	61.8437	-0.00216197	-0.000359357	2
100.94	62.6114	-0.00222432	-0.000358741	2
100.889	63.3712	-0.00228646	-0.000357432	2
100.859	64.1228	-0.00234832	-0.000355409	2
100.853	64.8661	-0.00240987	-0.000352647	2
100.87	65.601	-0.00247106	-0.000349126	2
100.91	66.3188	-0.00253115	-0.000344877	2
100.976	67.0362	-0.00259148	-0.000339777	2
101.066	67.7445	-0.0026513	-0.000333851	2
101.183	68.4435	-0.00271056	-0.000327075	2
101.325	69.1332	-0.00276923	-0.000319427	2
101.495	69.8132	-0.00282725	-0.000310884	2
101.692	70.4834	-0.00288457	-0.000301425	2
101.918	71.1437	-0.00294114	-0.000291026	2
102.172	71.7938	-0.00299692	-0.000279664	2
102.455	72.4335	-0.00305186	-0.000267319	2
102.769	73.0628	-0.00310591	-0.000253966	2
103.112	73.6813	-0.00315902	-0.000239585	2
103.487	74.2889	-0.00321114	-0.000224151	2
103.893	74.8854	-0.00326224	-0.000207643	2
104.332	75.4706	-0.00331225	-0.000190038	2
104.803	76.0444	-0.00336113	-0.000171314	2
105.307	76.6065	-0.00340883	-0.000151448	2
105.846	77.1568	-0.00345531	-0.000130418	2
106.419	77.6951	-0.00350052	-0.000108201	2
107.027	78.2213	-0.0035444	-8.47756e-05	2
107.67	78.735	-0.00358692	-6.01182e-05	2
108.35	79.2362	-0.00362802	-3.42067e-05	2
109.067	79.7246	-0.00366765	-7.01863e-06	2
109.812	80.1947	-0.00370534	2.11335e-05	2
110.604	80.6572	-0.00374192	5.09268e-05	2
111.434	81.1064	-0.00377688	8.20637e-05	2
112.304	81.5421	-0.00381019	0.000114567	2

