-124.999	2.01075	-7.5522e-08	2.01454e-07	2
-124.95	2.93373	-6.56344e-06	1.66923e-05	2
-124.936	3.86353	-1.31162e-05	3.17203e-05	2
-124.956	4.78941	-1.96636e-05	4.51198e-05	2
-125.01	5.70081	-2.61353e-05	5.67997e-05	2
-125.098	6.61893	-3.26873e-05	6.70669e-05	2
-125.218	7.53315	-3.92493e-05	7.58124e-05	2
-125.369	8.4435	-4.58265e-05	8.30718e-05	2
-125.551	9.34997	-5.24243e-05	8.88808e-05	2
-125.763	10.2526	-5.90477e-05	9.32751e-05	2
-126.004	11.1513	-6.5702e-05	9.62905e-05	2
-126.273	12.0463	-7.23924e-05	9.79626e-05	2
-126.569	12.9373	-7.91241e-05	9.83272e-05	2
-126.892	13.8246	-8.59023e-05	9.74199e-05	2
-127.24	14.708	-9.27321e-05	9.52766e-05	2
-127.613	15.5877	-9.96188e-05	9.19329e-05	2
-128.009	16.4635	-0.000106568	8.74244e-05	2
-128.429	17.3356	-0.000113584	8.1787e-05	2
-128.87	18.2039	-0.000120672	7.50564e-05	2
-129.333	19.0684	-0.000127838	6.72682e-05	2
-129.816	19.9292	-0.000135088	5.84581e-05	2
-130.318	20.7862	-0.000142425	4.86619e-05	2
-130.839	21.6394	-0.000149855	3.79153e-05	2
-131.378	22.489	-0.000157384	2.6254e-05	2
-131.934	23.3348	-0.000165017	1.37137e-05	2
-132.506	24.1769	-0.000172758	3.3013e-07	2
-133.086	25.0057	-0.000180523	-1.36935e-05	2
-133.687	25.8405	-0.000188496	-2.86478e-05	2
-134.301	26.6716	-0.000196594	-4.43387e-05	2
-134.929	27.499	-0.000204822	-6.07304e-05	2
-135.568	28.3228	-0.000213184	-7.77873e-05	2
-136.217	29.1429	-0.000221687	-9.54736e-05	2
-136.877	29.9593	-0.000230334	-0.000113754	2
-137.546	30.7722	-0.000239132	-0.000132592	2
-138.224	31.5814	-0.000248086	-0.000151952	2
-138.908	32.387	-0.0002572	-0.000171799	2
-139.6	33.189	-0.000266481	-0.000192097	2
-140.297	33.9873	-0.000275932	-0.000212809	2
-140.999	34.7822	-0.00028556	-0.000233902	2
-141.704	35.5734	-0.00029537	-0.000255338	2
-142.414	36.361	-0.000305367	-0.000277082	2
-143.125	37.1452	-0.000315555	-0.000299098	2
-143.838	37.9257	-0.000325941	-0.000321351	2
-144.551	38.7027	-0.000336529	-0.000343805	2
-145.264	39.4762	-0.000347325	-0.000366424	2
-145.976	40.2462	-0.000358334	-0.000389173	2
-146.686	41.0127	-0.00036956	-0.000412015	2
-147.393	41.7756	-0.00038101	-0.000434915	2
-148.096	42.5351	-0.000392688	-0.000457838	2
-148.787	43.2824	-0.000404462	-0.000480484	2
-149.48	44.035	-0.00041661	-0.000503345	2
-150.167	44.7841	-0.000429002	-0.000526121	2
-150.847	45.5298	-0.000441643	-0.000548778	2
-151.519	46.272	-0.000454539	-0.000571278	2
-152.181	47.0107	-0.000467694	-0.000593587	2
-152.835	47.7461	-0.000481113	-0.000615669	2
-153.477	48.478	-0.000494803	-0.000637488	2
-154.108	49.2066	-0.000508768	-0.000659008	2
-154.727	49.9317	-0.000523013	-0.000680194	2
-155.332	50.6534	-0.000537544	-0.000701009	2
-155.924	51.3718	-0.000552366	-0.000721419	2
-156.5	52.0868	-0.000567483	-0.000741388	2
-157.061	52.7985	-0.000582902	-0.000760879	2
-157.605	53.5068	-0.000598627	-0.000779857	2
-158.132	54.2118	-0.000614663	-0.000798287	2
-158.64	54.9134	-0.000631017	-0.000816132	2
-159.129	55.6117	-0.000647692	-0.000833357	2
-159.598	56.3067	-0.000664695	-0.000849926	2
-160.047	56.9985	-0.00068203	-0.000865804	2
-160.473	57.6869	-0.000699702	-0.000880955	2
-160.877	58.372	-0.000717717	-0.000895342	2
-161.257	59.0539	-0.00073608	-0.000908931	2
-161.612	59.7325	-0.000754797	-0.000921686	2
-161.939	60.4001	-0.00077365	-0.000933439	2
-162.244	61.0723	-0.000793084	-0.000944429	2
-162.522	61.7412	-0.000812887	-0.000954477	2
-162.772	62.4069	-0.000833063	-0.000963549	2
-162.993	63.0694	-0.000853619	-0.000971608	2
-163.185	63.7287	-0.000874559	-0.000978619	2
-163.347	64.3847	-0.000895889	-0.000984546	2
-163.477	65.0376	-0.000917613	-0.000989353	2
-163.575	65.6874	-0.000939737	-0.000993005	2
-163.64	66.3339	-0.000962266	-0.000995466	2
-163.671	66.9773	-0.000985206	-0.000996701	2
-163.668	67.6176	-0.00100856	-0.000996672	2
-163.629	68.2547	-0.00103234	-0.000995346	2
-163.554	68.8887	-0.00105654	-0.000992686	2
-163.441	69.5196	-0.00108117	-0.000988656	2
-163.29	70.1473	-0.00110624	-0.000983221	2
-163.101	70.772	-0.00113175	-0.000976344	2
-162.871	71.3936	-0.00115771	-0.000967991	2
-162.601	72.0121	-0.00118412	-0.000958126	2
-162.289	72.6275	-0.00121098	-0.000946712	2
-161.935	73.2398	-0.00123831	-0.000933715	2
-161.537	73.8491	-0.00126611	-0.000919098	2
-161.095	74.4554	-0.00129438	-0.000902825	2
-160.615	75.0517	-0.00132279	-0.000885078	2
-160.083	75.652	-0.00135201	-0.000865408	2
-159.504	76.2492	-0.00138173	-0.000843976	2
-158.878	76.8434	-0.00141193	-0.000820746	2

-75.0022	2.01155	-5.22015e-07	2.4211e-07	2
-75.2007	2.99561	-4.48239e-05	2.04483e-05	2
-75.4254	3.97338	-8.84685e-05	3.96623e-05	2
-75.6737	4.93363	-0.000130959	5.76581e-05	2
-75.9418	5.86591	-0.000171853	7.42654e-05	2
-76.2354	6.7922	-0.000212125	8.98865e-05	2
-76.5513	7.70188	-0.00025132	0.000104337	2
-76.8888	8.59524	-0.000289464	0.000117634	2
-77.2476	9.4726	-0.000326582	0.000129792	2
-77.6271	10.3343	-0.000362699	0.000140828	2
-78.0269	11.1805	-0.000397841	0.000150759	2
-78.4466	12.0117	-0.000432035	0.000159599	2
-78.8857	12.828	-0.000465305	0.000167365	2
-79.3438	13.6299	-0.000497677	0.000174073	2
-79.8202	14.4176	-0.000529176	0.000179739	2
-80.3147	15.1915	-0.000559829	0.000184379	2
-80.8268	15.9517	-0.000589661	0.00018801	2
-81.3559	16.6987	-0.000618698	0.000190647	2
-81.9017	17.4328	-0.000646965	0.000192306	2
-82.4636	18.1541	-0.000674487	0.000193003	2
-83.0412	18.8632	-0.000701291	0.000192754	2
-83.6341	19.5602	-0.000727402	0.000191576	2
-84.2417	20.2454	-0.000752846	0.000189485	2
-84.8637	20.9192	-0.000777648	0.000186496	2
-85.4995	21.5819	-0.000801834	0.000182625	2
-86.1487	22.2337	-0.000825429	0.000177889	2
-86.8032	22.8678	-0.000848198	0.000172373	2
-87.4776	23.499	-0.000870696	0.000165963	2
-88.1641	24.1203	-0.000892679	0.000158737	2
-88.8622	24.732	-0.000914174	0.000150708	2
-89.5714	25.3344	-0.000935207	0.000141895	2
-90.2912	25.9278	-0.000955802	0.000132312	2
-91.0211	26.5125	-0.000975986	0.000121975	2
-91.7608	27.0888	-0.000995785	0.000110902	2
-92.5097	27.6571	-0.00101522	9.91071e-05	2
-93.2675	28.2175	-0.00103433	8.66071e-05	2
-94.0335	28.7705	-0.00105312	7.3418e-05	2
-94.8075	29.3163	-0.00107163	5.95557e-05	2
-95.5888	29.8552	-0.00108989	4.50364e-05	2
-96.3771	30.3876	-0.00110791	2.98761e-05	2
-97.1718	30.9137	-0.00112572	1.40909e-05	2
-97.9726	31.4339	-0.00114336	-2.30334e-06	2
-98.779	31.9484	-0.00116083	-1.92904e-05	2
-99.5905	32.4575	-0.00117818	-3.68543e-05	2
-100.407	32.9617	-0.00119543	-5.4979e-05	2
-101.227	33.4611	-0.0012126	-7.36485e-05	2
-102.051	33.956	-0.00122971	-9.28467e-05	2
-102.878	34.4469	-0.0012468	-0.000112557	2
-103.708	34.9339	-0.00126388	-0.000132765	2
-104.531	35.4119	-0.0012808	-0.000153213	2
-105.365	35.8922	-0.00129795	-0.00017436	2
-106.201	36.3697	-0.00131519	-0.000195956	2
-107.038	36.8445	-0.00133252	-0.000217984	2
-107.875	37.317	-0.00134998	-0.00024043	2
-108.712	37.7876	-0.00136759	-0.000263275	2
-109.549	38.2564	-0.00138538	-0.000286506	2
-110.385	38.7239	-0.00140338	-0.000310104	2
-111.219	39.1903	-0.0014216	-0.000334055	2
-112.052	39.6559	-0.00144008	-0.000358343	2
-112.882	40.1211	-0.00145883	-0.000382951	2
-113.71	40.586	-0.00147789	-0.000407863	2
-114.534	41.0512	-0.00149729	-0.000433063	2
-115.355	41.5167	-0.00151704	-0.000458536	2
-116.172	41.9831	-0.00153717	-0.000484264	2
-116.984	42.4504	-0.00155771	-0.000510233	2
-117.791	42.9192	-0.00157868	-0.000536426	2
-118.593	43.3896	-0.00160012	-0.000562827	2
-119.389	43.862	-0.00162204	-0.000589419	2
-120.178	44.3366	-0.00164446	-0.000616188	2
-120.961	44.8138	-0.00166743	-0.000643117	2
-121.736	45.294	-0.00169096	-0.000670189	2
-122.503	45.7773	-0.00171507	-0.000697389	2
-123.262	46.2641	-0.0017398	-0.000724702	2
-124.004	46.749	-0.00176487	-0.000751794	2
-124.745	47.2436	-0.00179089	-0.00077928	2
-125.476	47.7427	-0.0018176	-0.000806831	2
-126.198	48.2465	-0.00184503	-0.000834429	2
-126.909	48.7552	-0.0018732	-0.000862059	2
-127.609	49.2693	-0.00190214	-0.000889704	2
-128.297	49.7891	-0.00193186	-0.00091735	2
-128.973	50.3147	-0.00196241	-0.000944978	2
-129.638	50.8466	-0.0019938	-0.000972575	2
-130.289	51.385	-0.00202605	-0.00100012	2
-130.927	51.9303	-0.0020592	-0.00102761	2
-131.551	52.4827	-0.00209328	-0.00105501	2
-132.16	53.0426	-0.00212829	-0.00108231	2
-132.756	53.6102	-0.00216428	-0.00110951	2
-133.336	54.1859	-0.00220127	-0.00113657	2
-133.9	54.77	-0.00223928	-0.00116349	2
-134.448	55.3627	-0.00227833	-0.00119025	2
-134.98	55.9645	-0.00231846	-0.00121683	2
-135.494	56.5755	-0.00235969	-0.00124322	2
-135.991	57.196	-0.00240205	-0.0012694	2
-136.471	57.8265	-0.00244556	-0.00129536	2
-136.932	58.4672	-0.00249024	-0.00132107	2
-137.373	59.1184	-0.00253612	-0.00134653	2
-137.791	59.7727	-0.00258269	-0.00137143	2
-138.194	60.4456	-0.00263104	-0.00139633	2
-138.577	61.13	-0.00268067	-0.00142092	2
-138.939	61.8261	-0.0027316	-0.00144519	2

-25.0012	2.01081	-5.24749e-07	-1.60872e-07	2
-25.1113	2.93892	-4.34334e-05	-1.31982e-05	2
-25.2303	3.87544	-8.24186e-05	-2.48004e-05	2
-25.3568	4.80957	-0.00011702	-3.48333e-05	2
-25.4892	5.73065	-0.00014698	-4.32348e-05	2
-25.6305	6.66014	-0.000173058	-5.02269e-05	2
-25.7788	7.58734	-0.000194947	-5.57299e-05	2
-25.9342	8.51227	-0.000212711	-5.97707e-05	2
-26.0965	9.43498	-0.000226415	-6.2376e-05	2
-26.2655	10.3555	-0.000236124	-6.35726e-05	2
-26.4412	11.2738	-0.000241903	-6.33875e-05	2
-26.6232	12.19	-0.000243816	-6.18474e-05	2
-26.8116	13.1041	-0.000241929	-5.89791e-05	2
-27.0062	14.0161	-0.000236307	-5.48095e-05	2
-27.2067	14.9261	-0.000227014	-4.93654e-05	2
-27.4132	15.8341	-0.000214114	-4.26736e-05	2
-27.6255	16.74	-0.000197674	-3.47609e-05	2
-27.8433	17.644	-0.000177758	-2.56542e-05	2
-28.0666	18.5461	-0.00015443	-1.53803e-05	2
-28.2953	19.4463	-0.000127755	-3.96594e-06	2
-28.5291	20.3446	-9.77994e-05	8.56197e-06	2
-28.768	21.2411	-6.46265e-05	2.21766e-05	2
-29.0118	22.1358	-2.83017e-05	3.68512e-05	2
-29.2603	23.0288	1.11102e-05	5.25589e-05	2
-29.5135	23.9199	5.35444e-05	6.92729e-05	2
-29.7711	24.8094	9.8936e-05	8.69663e-05	2
-30.0301	25.687	0.000146649	0.000105393	2
-30.2963	26.5732	0.000197729	0.000124954	2
-30.5665	27.4577	0.000251572	0.000145415	2
-30.8406	28.3406	0.000308114	0.000166748	2
-31.1186	29.222	0.00036729	0.000188927	2
-31.4001	30.1019	0.000429036	0.000211924	2
-31.6852	30.9802	0.000493285	0.000235714	2
-31.9736	31.8571	0.000559974	0.000260269	2
-32.2653	32.7326	0.000629037	0.000285562	2
-32.56	33.6066	0.00070041	0.000311567	2
-32.8576	34.4793	0.000774028	0.000338256	2
-33.1581	35.3506	0.000849825	0.000365604	2
-33.4612	36.2206	0.000927738	0.000393582	2
-33.7668	37.0893	0.0010077	0.000422165	2
-34.0748	37.9568	0.00108965	0.000451325	2
-34.385	38.823	0.00117352	0.000481036	2
-34.6974	39.6881	0.00125924	0.00051127	2
-35.0116	40.552	0.00134676	0.000542002	2
-35.3277	41.4147	0.001436	0.000573203	2
-35.6455	42.2764	0.0015269	0.000604848	2
-35.9647	43.1369	0.0016194	0.000636909	2
-36.2854	43.9965	0.00171343	0.00066936	2
-36.6073	44.855	0.00180893	0.000702174	2
-36.9266	45.7027	0.00190471	0.000734941	2
-37.2506	46.5593	0.00200293	0.000768397	2
-37.5754	47.415	0.00210242	0.000802135	2
-37.9009	48.2698	0.00220313	0.00083613	2
-38.2269	49.1237	0.00230497	0.000870353	2
-38.5533	49.9768	0.00240789	0.000904778	2
-38.88	50.8291	0.00251183	0.000939379	2
-39.2069	51.6807	0.00261672	0.000974129	2
-39.5337	52.5315	0.00272249	0.001009	2
-39.8603	53.3816	0.00282907	0.00104397	2
-40.1866	54.231	0.00293642	0.001079	2
-40.5125	55.0798	0.00304445	0.00111408	2
-40.8379	55.9279	0.0031531	0.00114917	2
-41.1625	56.7755	0.00326232	0.00118424	2
-41.4862	57.6225	0.00337203	0.00121928	2
-41.8089	58.469	0.00348217	0.00125425	2
-42.1305	59.315	0.00359267	0.00128913	2
-42.4508	60.1606	0.00370347	0.00132389	2
-42.7696	61.0057	0.00381451	0.00135851	2
-43.0869	61.8504	0.00392572	0.00139295	2
-43.4025	62.6947	0.00403704	0.00142719	2
-43.7163	63.5387	0.00414839	0.0014612	2
-44.028	64.3824	0.00425973	0.00149496	2
-44.3376	65.2258	0.00437097	0.00152844	2
-44.6415	66.0592	0.00448078	0.00156123	2
-44.9464	66.9022	0.00459166	0.00159407	2
-45.2488	67.7449	0.00470225	0.00162655	2
-45.5485	68.5875	0.00481249	0.00165864	2
-45.8454	69.43	0.00492232	0.00169032	2
-46.1393	70.2723	0.00503167	0.00172156	2
-46.4301	71.1146	0.00514048	0.00175233	2
-46.7177	71.9569	0.00524869	0.0017826	2
-47.0018	72.7991	0.00535622	0.00181235	2
-47.2824	73.6414	0.00546301	0.00184156	2
-47.5593	74.4837	0.00556901	0.00187018	2
-47.8324	75.3262	0.00567413	0.00189821	2
-48.1016	76.1687	0.00577833	0.00192561	2
-48.3666	77.0114	0.00588153	0.00195235	2
-48.6274	77.8542	0.00598367	0.00197841	2
-48.8838	78.6973	0.00608468	0.00200376	2
-49.1357	79.5406	0.0061845	0.00202837	2
-49.383	80.3841	0.00628307	0.00205222	2
-49.6254	81.228	0.00638031	0.00207528	2
-49.8629	82.0722	0.00647617	0.00209752	2
-50.0953	82.9168	0.00657058	0.00211892	2
-50.3224	83.7617	0.00666348	0.00213945	2
-50.5442	84.6071	0.0067548	0.00215909	2
-50.7581	85.4432	0.00684345	0.00217758	2
-50.9688	86.2894	0.00693143	0.00219535	2
-51.1737	87.1362	0.00701764	0.00221214	2
-51.3727	87.9836	0.00710201	0.00222793	2

25.0007	2.01257	7.97247e-08	4.40044e-08	2
25.0701	3.08582	8.08527e-06	2.69182e-06	2
25.1608	4.15597	1.84679e-05	3.10554e-06	2
25.272	5.21062	3.11058e-05	1.27357e-06	2
25.4016	6.23806	4.5774e-05	-2.71278e-06	2
25.5525	7.26234	6.2772e-05	-8.91412e-06	2
25.7229	8.27158	8.18998e-05	-1.72644e-05	2
25.9126	9.26594	0.000103115	-2.77311e-05	2
26.1214	10.2456	0.000126377	-4.0282e-05	2
26.349	11.2107	0.000151642	-5.48847e-05	2
26.595	12.1613	0.00017887	-7.15066e-05	2
26.8592	13.0977	0.000208017	-9.01156e-05	2
27.1414	14.0201	0.000239042	-0.000110679	2
27.4412	14.9284	0.000271903	-0.000133165	2
27.7585	15.823	0.000306559	-0.00015754	2
28.0928	16.704	0.000342966	-0.000183773	2
28.444	17.5715	0.000381083	-0.000211831	2
28.8118	18.4257	0.000420868	-0.000241682	2
29.1958	19.2668	0.000462279	-0.000273292	2
29.5959	20.0948	0.000505274	-0.000306631	2
30.0118	20.91	0.000549811	-0.000341665	2
30.4431	21.7126	0.000595848	-0.000378362	2
30.8897	22.5026	0.000643343	-0.00041669	2
31.3512	23.2802	0.000692254	-0.000456616	2
31.8273	24.0457	0.000742539	-0.000498108	2
32.3179	24.799	0.000794156	-0.000541134	2
32.8166	25.5321	0.000846448	-0.00058514	2
33.335	26.262	0.000900589	-0.000631119	2
33.8669	26.9803	0.000955937	-0.000678534	2
34.4121	27.6871	0.00101245	-0.000727354	2
34.9704	28.3827	0.00107008	-0.000777546	2
35.5414	29.0672	0.0011288	-0.000829077	2
36.1249	29.7408	0.00118855	-0.000881915	2
36.7206	30.4035	0.00124931	-0.000936028	2
37.3282	31.0556	0.00131101	-0.000991384	2
37.9475	31.6972	0.00137363	-0.00104795	2
38.5782	32.3285	0.00143712	-0.00110569	2
39.2201	32.9496	0.00150144	-0.00116458	2
39.8727	33.5607	0.00156654	-0.00122458	2
40.536	34.162	0.00163239	-0.00128566	2
41.2095	34.7535	0.00169894	-0.00134779	2
41.8931	35.3355	0.00176615	-0.00141094	2
42.5864	35.9082	0.00183398	-0.00147507	2
43.2892	36.4716	0.00190239	-0.00154015	2
44.0012	37.0259	0.00197133	-0.00160614	2
44.7221	37.5713	0.00204077	-0.00167303	2
45.4518	38.108	0.00211066	-0.00174077	2
46.1898	38.636	0.00218095	-0.00180932	2
46.9359	39.1557	0.00225161	-0.00187867	2
47.6811	39.6612	0.00232178	-0.00194797	2
48.4426	40.1645	0.00239305	-0.00201879	2
49.2113	40.6598	0.00246456	-0.0020903	2
49.9871	41.1473	0.00253626	-0.00216247	2
50.7696	41.6272	0.00260813	-0.00223527	2
51.5587	42.0995	0.00268011	-0.00230867	2
52.3539	42.5645	0.00275216	-0.00238262	2
53.1551	43.0224	0.00282424	-0.00245711	2
53.9619	43.4732	0.00289632	-0.0025321	2
54.7741	43.9171	0.00296834	-0.00260755	2
55.5915	44.3543	0.00304027	-0.00268343	2
56.4136	44.7849	0.00311206	-0.00275971	2
57.2404	45.2092	0.00318367	-0.00283637	2
58.0715	45.6272	0.00325506	-0.00291336	2
58.9066	46.0391	0.00332619	-0.00299065	2
59.7454	46.4451	0.00339701	-0.00306821	2
60.5877	46.8453	0.00346749	-0.00314601	2
61.4332	47.2399	0.00353758	-0.00322402	2
62.2817	47.6291	0.00360723	-0.0033022	2
63.1328	48.0129	0.00367642	-0.00338052	2
63.9864	48.3916	0.00374509	-0.00345896	2
64.842	48.7653	0.0038132	-0.00353747	2
65.6995	49.1342	0.00388072	-0.00361602	2
66.5585	49.4984	0.0039476	-0.00369458	2
67.409	49.8539	0.00401303	-0.00377223	2
68.2703	50.2093	0.00407851	-0.00385072	2
69.1325	50.5605	0.00414322	-0.00392913	2
69.9951	50.9076	0.00420713	-0.00400742	2
70.8579	51.2508	0.00427018	-0.00408556	2
71.7206	51.5903	0.00433234	-0.00416352	2
72.583	51.9263	0.00439357	-0.00424126	2
73.4448	52.2588	0.00445382	-0.00431876	2
74.3057	52.588	0.00451305	-0.00439598	2
75.1655	52.9142	0.00457123	-0.00447289	2
76.0238	53.2373	0.0046283	-0.00454945	2
76.8805	53.5577	0.00468423	-0.00462564	2
77.7351	53.8755	0.00473897	-0.00470142	2
78.5876	54.1908	0.00479249	-0.00477675	2
79.4375	54.5038	0.00484473	-0.00485162	2
80.2846	54.8146	0.00489566	-0.00492597	2
81.1286	55.1234	0.00494524	-0.00499979	2
81.9693	55.4304	0.00499343	-0.00507304	2
82.8064	55.7356	0.00504017	-0.00514569	2
83.6396	56.0394	0.00508544	-0.0052177	2
84.4686	56.3417	0.00512918	-0.00528904	2
85.2933	56.6429	0.00517136	-0.00535968	2
86.1132	56.9429	0.00521194	-0.00542959	2
86.9188	57.2387	0.00525043	-0.00549795	2
87.7285	57.5371	0.00528768	-0.0055663	2
88.5328	57.8349	0.00532321	-0.00563383	2
89.3312	58.1324	0.00535696	-0.00570049	2

74.995	2.01185	-5.71266e-07	-7.89425e-09	2
74.5774	3.02703	-4.90336e-05	-5.05837e-07	2
74.1844	4.04588	-9.67274e-05	-6.53957e-07	2
73.8207	5.05657	-0.000143095	-4.57061e-07	2
73.4897	6.04762	-0.00018764	6.42264e-08	2
73.1834	7.04209	-0.000231411	9.0945e-07	2
72.9053	8.02843	-0.000273896	2.06173e-06	2
72.6551	9.00664	-0.000315109	3.50838e-06	2
72.4326	9.97673	-0.000355064	5.23668e-06	2
72.2373	10.9387	-0.000393775	7.23394e-06	2
72.0689	11.8926	-0.000431253	9.48746e-06	2
71.9272	12.8384	-0.000467514	1.19845e-05	2
71.8116	13.7761	-0.000502571	1.47125e-05	2
71.722	14.7057	-0.000536438	1.76585e-05	2
71.6579	15.6273	-0.000569127	2.08101e-05	2
71.619	16.5408	-0.000600653	2.41544e-05	2
71.605	17.4463	-0.000631029	2.76787e-05	2
71.6155	18.3438	-0.000660269	3.13704e-05	2
71.6501	19.2332	-0.000688387	3.52168e-05	2
71.7087	20.1146	-0.000715395	3.92051e-05	2
71.7907	20.988	-0.000741307	4.33226e-05	2
71.8959	21.8534	-0.000766138	4.75567e-05	2
72.0239	22.7108	-0.0007899	5.18947e-05	2
72.1743	23.5602	-0.000812607	5.63238e-05	2
72.3469	24.4017	-0.000834274	6.08314e-05	2
72.5413	25.2352	-0.000854912	6.54047e-05	2
72.7545	26.0513	-0.000874317	6.99776e-05	2
72.9912	26.869	-0.000892952	7.46439e-05	2
73.2486	27.6788	-0.0009106	7.9338e-05	2
73.5265	28.4807	-0.000927275	8.40472e-05	2
73.8244	29.2746	-0.000942989	8.87588e-05	2
74.1421	30.0607	-0.000957758	9.346e-05	2
74.4792	30.8389	-0.000971593	9.81383e-05	2
74.8353	31.6091	-0.00098451	0.000102781	2
75.2101	32.3715	-0.00099652	0.000107375	2
75.6033	33.1261	-0.00100764	0.000111908	2
76.0146	33.8727	-0.00101788	0.000116367	2
76.4435	34.6116	-0.00102725	0.00012074	2
76.8897	35.3426	-0.00103578	0.000125013	2
77.353	36.0658	-0.00104346	0.000129175	2
77.8329	36.7811	-0.00105033	0.000133212	2
78.3291	37.4887	-0.00105638	0.000137112	2
78.8413	38.1884	-0.00106163	0.000140861	2
79.3691	38.8804	-0.0010661	0.000144448	2
79.9122	39.5646	-0.0010698	0.00014786	2
80.4702	40.241	-0.00107275	0.000151083	2
81.0428	40.9096	-0.00107495	0.000154105	2
81.6297	41.5705	-0.00107642	0.000156914	2
82.2306	42.2237	-0.00107718	0.000159497	2
82.8378	42.8618	-0.00107723	0.000161816	2
83.4653	43.4996	-0.00107661	0.000163911	2
84.1056	44.1296	-0.00107531	0.000165742	2
84.7586	44.752	-0.00107335	0.000167296	2
85.4237	45.3667	-0.00107074	0.000168561	2
86.1007	45.9737	-0.00106749	0.000169523	2
86.7892	46.573	-0.00106363	0.00017017	2
87.4889	47.1647	-0.00105915	0.00017049	2
88.1994	47.7487	-0.00105409	0.000170469	2
88.9205	48.325	-0.00104844	0.000170095	2
89.6517	48.8938	-0.00104223	0.000169356	2
90.3927	49.4548	-0.00103546	0.000168238	2
91.1431	50.0083	-0.00102816	0.000166728	2
91.9027	50.5542	-0.00102033	0.000164815	2
92.6711	51.0924	-0.00101198	0.000162486	2
93.448	51.6231	-0.00100314	0.000159727	2
94.2329	52.1462	-0.000993816	0.000156526	2
95.0256	52.6617	-0.000984018	0.00015287	2
95.8257	53.1697	-0.000973763	0.000148747	2
96.6329	53.6701	-0.000963063	0.000144144	2
97.4468	54.1629	-0.000951932	0.000139048	2
98.2671	54.6483	-0.000940384	0.000133446	2
99.0934	55.1261	-0.000928433	0.000127327	2
99.9255	55.5964	-0.000916092	0.000120676	2
100.753	56.0539	-0.000903522	0.000113568	2
101.596	56.5092	-0.000890446	0.000105824	2
102.443	56.9571	-0.00087702	9.75112e-05	2
103.294	57.3975	-0.000863258	8.86169e-05	2
104.149	57.8305	-0.000849174	7.91283e-05	2
105.009	58.2559	-0.000834781	6.90328e-05	2
105.871	58.674	-0.000820094	5.83177e-05	2
106.736	59.0846	-0.000805124	4.69702e-05	2
107.604	59.4877	-0.000789887	3.49776e-05	2
108.474	59.8835	-0.000774395	2.23273e-05	2
109.347	60.2718	-0.000758663	9.00652e-06	2
110.22	60.6527	-0.000742703	-4.99739e-06	2
111.095	61.0263	-0.000726529	-1.96972e-05	2
111.971	61.3924	-0.000710156	-3.51055e-05	2
112.848	61.7512	-0.000693595	-5.1235e-05	2
113.725	62.1026	-0.000676862	-6.80986e-05	2
114.601	62.4467	-0.00065997	-8.57088e-05	2
115.478	62.7834	-0.000642932	-0.000104078	2
116.353	63.1128	-0.000625761	-0.00012322	2
117.227	63.4349	-0.000608472	-0.000143146	2
118.1	63.7496	-0.000591078	-0.00016387	2
118.971	64.057	-0.000573592	-0.000185404	2
119.84	64.3572	-0.000556028	-0.000207761	2
120.696	64.6467	-0.000538603	-0.000230682	2
121.56	64.9323	-0.000520925	-0.000254713	2
122.42	65.2107	-0.000503209	-0.000279604	2
123.277	65.4818	-0.000485469	-0.000305369	2

124.997	2.01051	2.09403e-07	-3.22457e-07	2
124.72	2.91767	1.69487e-05	-2.74829e-05	2
124.441	3.84221	3.13625e-05	-5.38219e-05	2
124.164	4.77332	4.32916e-05	-7.90337e-05	2
123.89	5.69992	5.26905e-05	-0.000102864	2
123.615	6.64325	5.98275e-05	-0.000125884	2
123.342	7.59229	6.46296e-05	-0.000147826	2
123.071	8.54675	6.71469e-05	-0.000168708	2
122.802	9.50634	6.74295e-05	-0.000188546	2
122.536	10.4708	6.55277e-05	-0.000207356	2
122.273	11.4398	6.14914e-05	-0.000225156	2
122.013	12.413	5.53709e-05	-0.000241962	2
121.756	13.3902	4.72163e-05	-0.00025779	2
121.503	14.3711	3.70778e-05	-0.000272658	2
121.253	15.3554	2.50054e-05	-0.000286581	2
121.008	16.3428	1.10494e-05	-0.000299578	2
120.767	17.333	-4.74025e-06	-0.000311663	2
120.53	18.3257	-2.23133e-05	-0.000322855	2
120.299	19.3207	-4.16196e-05	-0.00033317	2
120.072	20.3176	-6.2609e-05	-0.000342624	2
119.851	21.3161	-8.52314e-05	-0.000351234	2
119.636	22.316	-0.000109437	-0.000359017	2
119.427	23.317	-0.000135175	-0.000365989	2
119.223	24.3187	-0.000162395	-0.000372167	2
119.026	25.321	-0.000191048	-0.000377568	2
118.836	26.3235	-0.000221083	-0.000382209	2
118.654	27.3143	-0.000252083	-0.000386065	2
118.478	28.3163	-0.000284718	-0.000389243	2
118.309	29.3176	-0.000318586	-0.00039171	2
118.148	30.318	-0.000353635	-0.000393484	2
117.994	31.3171	-0.000389817	-0.00039458	2
117.849	32.3147	-0.000427081	-0.000395015	2
117.712	33.3105	-0.000465377	-0.000394806	2
117.584	34.3042	-0.000504655	-0.00039397	2
117.464	35.2954	-0.000544864	-0.000392523	2
117.354	36.284	-0.000585955	-0.000390483	2
117.253	37.2696	-0.000627878	-0.000387865	2
117.162	38.2519	-0.000670581	-0.000384686	2
117.081	39.2306	-0.000714015	-0.000380964	2
117.01	40.2055	-0.000758131	-0.000376714	2
116.95	41.1763	-0.000802877	-0.000371954	2
116.9	42.1426	-0.000848204	-0.0003667	2
116.861	43.1042	-0.000894061	-0.000360969	2
116.834	44.0607	-0.000940399	-0.000354777	2
116.817	45.012	-0.000987167	-0.000348141	2
116.813	45.9577	-0.00103432	-0.000341078	2
116.82	46.8975	-0.00108179	-0.000333605	2
116.84	47.8311	-0.00112955	-0.000325738	2
116.872	48.7583	-0.00117754	-0.000317493	2
116.917	49.6682	-0.00122515	-0.000308989	2
116.974	50.5816	-0.00127345	-0.000300045	2
117.045	51.4877	-0.00132182	-0.000290773	2
117.13	52.3862	-0.00137023	-0.00028119	2
117.228	53.2768	-0.00141861	-0.000271313	2
117.34	54.1592	-0.00146693	-0.00026116	2
117.466	55.0331	-0.00151512	-0.000250745	2
117.607	55.8983	-0.00156314	-0.000240087	2
117.763	56.7543	-0.00161094	-0.000229201	2
117.934	57.601	-0.00165847	-0.000218105	2
118.12	58.4381	-0.00170568	-0.000206815	2
118.321	59.2652	-0.00175252	-0.000195347	2
118.538	60.0821	-0.00179894	-0.00018372	2
118.771	60.8885	-0.00184488	-0.000171948	2
119.021	61.684	-0.0018903	-0.000160049	2
119.287	62.4685	-0.00193515	-0.00014804	2
119.57	63.2416	-0.00197938	-0.000135937	2
119.869	64.003	-0.00202294	-0.000123756	2
120.186	64.7524	-0.00206577	-0.000111515	2
120.521	65.4896	-0.00210784	-9.92308e-05	2
120.873	66.2142	-0.00214907	-8.6919e-05	2
121.244	66.926	-0.00218944	-7.45969e-05	2
121.633	67.6247	-0.00222888	-6.22809e-05	2
122.04	68.3099	-0.00226735	-4.99879e-05	2
122.461	68.9738	-0.00230438	-3.7875e-05	2
122.906	69.6315	-0.00234076	-2.56771e-05	2
123.37	70.2749	-0.00237603	-1.3552e-05	2
123.854	70.9038	-0.00241012	-1.51629e-06	2
124.358	71.5178	-0.00244298	1.04133e-05	2
124.882	72.1166	-0.00247458	2.22201e-05	2
125.426	72.7	-0.00250485	3.38875e-05	2
125.99	73.2677	-0.00253374	4.53987e-05	2
126.576	73.8193	-0.00256122	5.67371e-05	2
127.182	74.3546	-0.00258722	6.7886e-05	2
127.81	74.8734	-0.00261169	7.88287e-05	2
128.46	75.3752	-0.00263459	8.95486e-05	2
129.131	75.8598	-0.00265587	0.000100029	2
129.825	76.327	-0.00267547	0.000110253	2
130.54	76.7764	-0.00269335	0.000120204	2
131.279	77.2078	-0.00270945	0.000129866	2
132.04	77.6208	-0.00272373	0.000139222	2
132.825	78.0152	-0.00273613	0.000148254	2
133.632	78.3906	-0.00274661	0.000156947	2
134.464	78.7469	-0.00275512	0.000165284	2
135.319	79.0836	-0.00276159	0.000173248	2
136.198	79.4006	-0.002766	0.000180822	2
137.102	79.6975	-0.00276827	0.00018799	2
138.02	79.9709	-0.00276838	0.00019466	2
138.973	80.227	-0.00276628	0.00020097	2
139.951	80.4621	-0.00276191	0.000206824	2
140.955	80.676	-0.00275521	0.000212206	2

