-125.003	2.00988	1.78001e-09	-2.76458e-08	2
-125.265	2.8635	-7.91043e-07	-2.65012e-06	2
-125.537	3.73482	-3.47223e-06	-5.78451e-06	2
-125.815	4.61368	-8.00786e-06	-9.38611e-06	2
-126.096	5.48957	-1.4279e-05	-1.33888e-05	2
-126.385	6.38259	-2.23961e-05	-1.78688e-05	2
-126.68	7.2823	-3.2261e-05	-2.27651e-05	2
-126.979	8.18841	-4.3838e-05	-2.80605e-05	2
-127.283	9.10065	-5.70913e-05	-3.37381e-05	2
-127.59	10.0187	-7.19853e-05	-3.97809e-05	2
-127.901	10.9424	-8.84843e-05	-4.61716e-05	2
-128.215	11.8713	-0.000106553	-5.28934e-05	2
-128.532	12.8052	-0.000126154	-5.99292e-05	2
-128.852	13.7438	-0.000147254	-6.72618e-05	2
-129.173	14.6868	-0.000169816	-7.48743e-05	2
-129.495	15.634	-0.000193804	-8.27496e-05	2
-129.819	16.585	-0.000219183	-9.08706e-05	2
-130.143	17.5396	-0.000245918	-9.92203e-05	2
-130.468	18.4975	-0.000273971	-0.000107782	2
-130.793	19.4583	-0.000303309	-0.000116538	2
-131.117	20.4219	-0.000333894	-0.000125471	2
-131.44	21.388	-0.000365692	-0.000134565	2
-131.762	22.3561	-0.000398666	-0.000143803	2
-132.082	23.3262	-0.000432781	-0.000153166	2
-132.4	24.2978	-0.000468001	-0.00016264	2
-132.715	25.2707	-0.000504291	-0.000172205	2
-133.024	26.2335	-0.00054118	-0.000181735	2
-133.334	27.2081	-0.00057949	-0.000191433	2
-133.639	28.1833	-0.000618764	-0.000201173	2
-133.941	29.1585	-0.000658964	-0.000210936	2
-134.237	30.1337	-0.000700056	-0.000220708	2
-134.529	31.1085	-0.000742003	-0.000230469	2
-134.816	32.0825	-0.000784771	-0.000240203	2
-135.097	33.0556	-0.000828323	-0.000249894	2
-135.371	34.0275	-0.000872624	-0.000259524	2
-135.64	34.9978	-0.000917637	-0.000269075	2
-135.901	35.9663	-0.000963328	-0.000278532	2
-136.154	36.9327	-0.00100966	-0.000287876	2
-136.401	37.8967	-0.0010566	-0.000297091	2
-136.638	38.858	-0.00110411	-0.00030616	2
-136.868	39.8164	-0.00115215	-0.000315066	2
-137.088	40.7716	-0.00120069	-0.000323791	2
-137.299	41.7232	-0.0012497	-0.000332319	2
-137.5	42.671	-0.00129913	-0.000340632	2
-137.691	43.6147	-0.00134895	-0.000348714	2
-137.872	44.554	-0.00139913	-0.000356548	2
-138.041	45.4887	-0.00144963	-0.000364116	2
-138.199	46.4184	-0.00150041	-0.000371401	2
-138.346	47.3429	-0.00155145	-0.000378386	2
-138.478	48.2514	-0.0016021	-0.00038498	2
-138.6	49.1647	-0.00165353	-0.000391319	2
-138.709	50.0718	-0.00170509	-0.000397308	2
-138.804	50.9727	-0.00175676	-0.000402928	2
-138.885	51.8669	-0.0018085	-0.000408164	2
-138.953	52.7541	-0.00186028	-0.000412998	2
-139.005	53.6342	-0.00191206	-0.000417413	2
-139.043	54.5067	-0.00196379	-0.000421393	2
-139.065	55.3715	-0.00201546	-0.000424919	2
-139.072	56.2282	-0.00206702	-0.000427975	2
-139.062	57.0766	-0.00211844	-0.000430545	2
-139.036	57.9163	-0.00216968	-0.00043261	2
-138.992	58.7471	-0.0022207	-0.000434154	2
-138.931	59.5687	-0.00227147	-0.00043516	2
-138.853	60.3809	-0.00232196	-0.00043561	2
-138.756	61.1832	-0.00237212	-0.000435489	2
-138.64	61.9756	-0.00242193	-0.000434777	2
-138.506	62.7575	-0.00247134	-0.00043346	2
-138.352	63.5289	-0.00252033	-0.000431519	2
-138.178	64.2894	-0.00256885	-0.000428937	2
-137.984	65.0387	-0.00261686	-0.000425698	2
-137.769	65.7765	-0.00266435	-0.000421785	2
-137.534	66.5025	-0.00271126	-0.000417179	2
-137.276	67.2165	-0.00275756	-0.000411865	2
-137.001	67.9102	-0.0028027	-0.000405899	2
-136.7	68.5995	-0.00284769	-0.000399125	2
-136.376	69.2758	-0.00289197	-0.000391591	2
-136.029	69.939	-0.00293549	-0.000383281	2
-135.659	70.5888	-0.00297824	-0.000374177	2
-135.265	71.2247	-0.00302015	-0.000364262	2
-134.847	71.8467	-0.00306122	-0.000353519	2
-134.403	72.4544	-0.00310139	-0.000341931	2
-133.935	73.0475	-0.00314063	-0.000329481	2
-133.442	73.6257	-0.0031789	-0.000316152	2
-132.922	74.1887	-0.00321618	-0.000301927	2
-132.377	74.7363	-0.00325242	-0.000286789	2
-131.804	75.2682	-0.00328759	-0.000270721	2
-131.205	75.7841	-0.00332166	-0.000253705	2
-130.578	76.2837	-0.00335458	-0.000235725	2
-129.923	76.7667	-0.00338632	-0.000216764	2
-129.24	77.2328	-0.00341685	-0.000196805	2
-128.528	77.6818	-0.00344613	-0.00017583	2
-127.787	78.1134	-0.00347413	-0.000153822	2
-127.016	78.5272	-0.0035008	-0.000130765	2
-126.216	78.9231	-0.00352612	-0.000106642	2
-125.385	79.3007	-0.00355004	-8.14345e-05	2
-124.524	79.6597	-0.00357254	-5.51266e-05	2
-123.642	79.9961	-0.00359334	-2.80225e-05	2
-122.718	80.3173	-0.00361289	5.24814e-07	2
-121.763	80.6192	-0.0036309	3.02238e-05	2
-120.775	80.9013	-0.00364735	6.10915e-05	2

-75	2.01164	-2.83039e-07	2.32055e-07	2
-75.0205	3.00712	-2.40812e-05	1.93222e-05	2
-75.0742	4.00366	-4.70822e-05	3.69177e-05	2
-75.1603	4.98976	-6.90315e-05	5.28266e-05	2
-75.2765	5.95444	-8.97229e-05	6.69345e-05	2
-75.4246	6.92027	-0.000109666	7.96092e-05	2
-75.6029	7.87614	-0.000128642	9.07175e-05	2
-75.8103	8.82222	-0.000146681	0.000100299	2
-76.0463	9.75864	-0.00016381	0.000108395	2
-76.3099	10.6856	-0.000180058	0.000115045	2
-76.6004	11.6032	-0.000195454	0.000120289	2
-76.9171	12.5116	-0.000210025	0.000124168	2
-77.259	13.4111	-0.000223802	0.000126721	2
-77.6254	14.3016	-0.000236812	0.000127989	2
-78.0156	15.1835	-0.000249083	0.000128012	2
-78.4287	16.0568	-0.000260645	0.00012683	2
-78.864	16.9218	-0.000271525	0.000124483	2
-79.3206	17.7785	-0.000281753	0.000121012	2
-79.7978	18.6271	-0.000291356	0.000116457	2
-80.2948	19.4679	-0.000300363	0.000110857	2
-80.8108	20.3008	-0.000308804	0.000104253	2
-81.345	21.1262	-0.000316705	9.66856e-05	2
-81.8967	21.9441	-0.000324097	8.81944e-05	2
-82.4649	22.7548	-0.000331007	7.88196e-05	2
-83.049	23.5583	-0.000337463	6.86016e-05	2
-83.6481	24.3549	-0.000343495	5.75804e-05	2
-84.2544	25.1356	-0.000349068	4.59359e-05	2
-84.8811	25.9188	-0.000354341	3.34371e-05	2
-85.5206	26.6954	-0.000359273	2.02552e-05	2
-86.1719	27.4658	-0.000363895	6.43039e-06	2
-86.8343	28.2299	-0.000368235	-7.99713e-06	2
-87.5071	28.9881	-0.00037232	-2.29872e-05	2
-88.1894	29.7403	-0.000376181	-3.84996e-05	2
-88.8804	30.4869	-0.000379844	-5.44943e-05	2
-89.5794	31.2279	-0.000383339	-7.0931e-05	2
-90.2856	31.9635	-0.000386694	-8.77695e-05	2
-90.9982	32.6938	-0.000389938	-0.00010497	2
-91.7163	33.4191	-0.000393099	-0.000122491	2
-92.4393	34.1395	-0.000396206	-0.000140294	2
-93.1662	34.8551	-0.000399287	-0.000158339	2
-93.8964	35.5661	-0.000402371	-0.000176584	2
-94.629	36.2726	-0.000405486	-0.00019499	2
-95.3633	36.9748	-0.000408661	-0.000213516	2
-96.0984	37.6729	-0.000411925	-0.000232123	2
-96.8336	38.3671	-0.000415305	-0.00025077	2
-97.568	39.0574	-0.00041883	-0.000269418	2
-98.301	39.744	-0.000422529	-0.000288025	2
-99.0316	40.4272	-0.000426431	-0.000306552	2
-99.7592	41.1069	-0.000430563	-0.000324959	2
-100.475	41.7758	-0.000434903	-0.000342996	2
-101.194	42.4494	-0.00043958	-0.000361044	2
-101.907	43.1201	-0.000444572	-0.000378851	2
-102.615	43.7881	-0.000449909	-0.000396378	2
-103.315	44.4535	-0.000455619	-0.000413584	2
-104.008	45.1166	-0.000461731	-0.000430429	2
-104.691	45.7773	-0.000468273	-0.000446872	2
-105.366	46.436	-0.000475274	-0.000462875	2
-106.03	47.0928	-0.000482762	-0.000478395	2
-106.684	47.7478	-0.000490765	-0.000493394	2
-107.325	48.4011	-0.000499313	-0.000507831	2
-107.954	49.053	-0.000508433	-0.000521667	2
-108.57	49.7036	-0.000518155	-0.000534859	2
-109.172	50.3531	-0.000528507	-0.00054737	2
-109.758	51.0015	-0.000539517	-0.000559158	2
-110.329	51.6492	-0.000551213	-0.000570183	2
-110.884	52.2961	-0.000563625	-0.000580405	2
-111.421	52.9425	-0.000576781	-0.000589784	2
-111.94	53.5886	-0.000590709	-0.00059828	2
-112.441	54.2345	-0.000605438	-0.000605852	2
-112.921	54.8803	-0.000620996	-0.000612461	2
-113.381	55.5263	-0.000637413	-0.000618066	2
-113.82	56.1725	-0.000654715	-0.000622627	2
-114.237	56.8191	-0.000672933	-0.000626103	2
-114.627	57.4589	-0.000691868	-0.000628435	2
-114.998	58.1069	-0.00071199	-0.000629637	2
-115.344	58.7557	-0.000733112	-0.000629634	2
-115.665	59.4057	-0.000755262	-0.000628387	2
-115.961	60.0568	-0.00077847	-0.000625856	2
-116.229	60.7093	-0.000802763	-0.000621999	2
-116.47	61.3633	-0.000828171	-0.000616778	2
-116.683	62.019	-0.000854721	-0.000610151	2
-116.866	62.6766	-0.000882443	-0.00060208	2
-117.02	63.3361	-0.000911364	-0.000592523	2
-117.143	63.9979	-0.000941513	-0.00058144	2
-117.234	64.6619	-0.00097292	-0.000568792	2
-117.294	65.3284	-0.00100561	-0.000554537	2
-117.32	65.9975	-0.00103962	-0.000538636	2
-117.312	66.6694	-0.00107496	-0.00052105	2
-117.27	67.3443	-0.00111168	-0.000501736	2
-117.192	68.0223	-0.0011498	-0.000480656	2
-117.078	68.7035	-0.00118935	-0.000457769	2
-116.927	69.3881	-0.00123035	-0.000433035	2
-116.738	70.0764	-0.00127284	-0.000406414	2
-116.511	70.7683	-0.00131684	-0.000377866	2
-116.244	71.4642	-0.00136238	-0.00034735	2
-115.937	72.1641	-0.00140949	-0.000314826	2
-115.594	72.86	-0.00145763	-0.000280664	2
-115.205	73.5684	-0.00150796	-0.000244028	2
-114.773	74.2814	-0.00155993	-0.000205265	2
-114.298	74.999	-0.00161359	-0.000164334	2

-25.0039	2.01289	-2.9802e-07	4.053e-07	2
-25.3507	3.10961	-2.57445e-05	3.46634e-05	2
-25.7222	4.19626	-5.11253e-05	6.81302e-05	2
-26.114	5.26033	-7.61528e-05	0.00010042	2
-26.5209	6.29034	-0.000100556	0.000131201	2
-26.952	7.31063	-0.000124912	0.000161208	2
-27.4023	8.30948	-0.000148946	0.000190096	2
-27.8714	9.28726	-0.000172668	0.000217884	2
-28.3589	10.2444	-0.000196089	0.000244592	2
-28.8644	11.1812	-0.00021922	0.00027024	2
-29.3875	12.098	-0.00024207	0.000294847	2
-29.9279	12.9954	-0.000264651	0.000318432	2
-30.4851	13.8736	-0.000286972	0.000341014	2
-31.0588	14.733	-0.000309045	0.000362614	2
-31.6485	15.574	-0.000330879	0.00038325	2
-32.2539	16.3969	-0.000352485	0.000402943	2
-32.8746	17.2023	-0.000373874	0.00042171	2
-33.5101	17.9904	-0.000395056	0.000439573	2
-34.1602	18.7616	-0.000416042	0.00045655	2
-34.8244	19.5164	-0.000436841	0.000472661	2
-35.5024	20.255	-0.000457465	0.000487926	2
-36.1936	20.9779	-0.000477924	0.000502363	2
-36.8978	21.6855	-0.000498228	0.000515992	2
-37.6146	22.3781	-0.000518387	0.000528832	2
-38.3435	23.0561	-0.000538413	0.000540904	2
-39.0842	23.7199	-0.000558316	0.000552227	2
-39.8276	24.3624	-0.000577879	0.000562701	2
-40.5906	24.9991	-0.000597568	0.000572591	2
-41.3642	25.6227	-0.000617165	0.000581789	2
-42.148	26.2337	-0.00063668	0.000590315	2
-42.9416	26.8323	-0.000656124	0.000598189	2
-43.7447	27.419	-0.000675507	0.00060543	2
-44.5569	27.9942	-0.00069484	0.000612057	2
-45.3777	28.5582	-0.000714134	0.00061809	2
-46.2067	29.1114	-0.000733398	0.000623548	2
-47.0437	29.6542	-0.000752643	0.000628451	2
-47.8882	30.187	-0.000771881	0.000632818	2
-48.7397	30.7102	-0.00079112	0.000636669	2
-49.598	31.2241	-0.000810372	0.000640023	2
-50.4626	31.7291	-0.000829646	0.000642899	2
-51.3331	32.2257	-0.000848955	0.000645318	2
-52.2092	32.7141	-0.000868307	0.000647297	2
-53.0905	33.1948	-0.000887714	0.000648858	2
-53.9765	33.6682	-0.000907186	0.000650019	2
-54.8669	34.1346	-0.000926733	0.000650799	2
-55.7613	34.5944	-0.000946365	0.000651219	2
-56.6592	35.048	-0.000966095	0.000651297	2
-57.5604	35.4957	-0.00098593	0.000651054	2
-58.4644	35.938	-0.00100588	0.000650507	2
-59.3604	36.3703	-0.00102573	0.000649689	2
-60.2689	36.8029	-0.00104595	0.0006486	2
-61.179	37.2312	-0.00106632	0.000647265	2
-62.0904	37.6556	-0.00108684	0.000645706	2
-63.0026	38.0765	-0.00110753	0.000643942	2
-63.9153	38.4941	-0.00112841	0.000641991	2
-64.8282	38.9091	-0.00114947	0.000639874	2
-65.7407	39.3216	-0.00117074	0.000637609	2
-66.6525	39.732	-0.00119221	0.000635217	2
-67.5633	40.1409	-0.00121391	0.000632717	2
-68.4726	40.5485	-0.00123584	0.000630127	2
-69.3801	40.9552	-0.00125801	0.000627469	2
-70.2853	41.3614	-0.00128044	0.00062476	2
-71.1879	41.7675	-0.00130313	0.000622021	2
-72.0874	42.1738	-0.00132609	0.000619271	2
-72.9836	42.5808	-0.00134934	0.000616529	2
-73.8759	42.9889	-0.00137288	0.000613816	2
-74.7641	43.3983	-0.00139673	0.000611149	2
-75.6476	43.8096	-0.00142089	0.000608549	2
-76.5262	44.223	-0.00144538	0.000606036	2
-77.3995	44.639	-0.00147021	0.000603628	2
-78.2669	45.0578	-0.00149538	0.000601345	2
-79.1283	45.4801	-0.00152091	0.000599206	2
-79.9831	45.906	-0.00154681	0.000597232	2
-80.8213	46.331	-0.00157279	0.000595461	2
-81.662	46.7654	-0.00159945	0.00059387	2
-82.495	47.2046	-0.00162651	0.000592501	2
-83.3198	47.649	-0.00165399	0.000591375	2
-84.1363	48.0991	-0.00168188	0.000590508	2
-84.9438	48.5551	-0.0017102	0.000589923	2
-85.7421	49.0175	-0.00173897	0.000589637	2
-86.5308	49.4866	-0.00176818	0.000589671	2
-87.3094	49.9628	-0.00179786	0.000590043	2
-88.0776	50.4465	-0.00182801	0.000590774	2
-88.835	50.9382	-0.00185865	0.000591882	2
-89.5812	51.438	-0.00188977	0.000593387	2
-90.3158	51.9466	-0.0019214	0.000595309	2
-91.0384	52.4641	-0.00195355	0.000597666	2
-91.7487	52.9911	-0.00198622	0.00060048	2
-92.4462	53.5278	-0.00201943	0.000603768	2
-93.1305	54.0747	-0.00205318	0.00060755	2
-93.8013	54.6322	-0.00208749	0.000611846	2
-94.4582	55.2006	-0.00212236	0.000616675	2
-95.1007	55.7803	-0.00215782	0.000622057	2
-95.7286	56.3717	-0.00219386	0.000628011	2
-96.3413	56.9752	-0.0022305	0.000634557	2
-96.9385	57.5911	-0.00226774	0.000641713	2
-97.5133	58.2126	-0.00230517	0.000649407	2
-98.0786	58.8545	-0.00234366	0.000657836	2
-98.6273	59.5099	-0.00238279	0.000666935	2
-99.1588	60.1793	-0.00242257	0.000676721	2

24.9963	2.01109	-6.47203e-07	2.72093e-07	2
24.6793	2.96455	-5.44901e-05	2.35965e-05	2
24.3669	3.92913	-0.000105337	4.70419e-05	2
24.0627	4.89372	-0.000152588	7.03392e-05	2
23.77	5.84723	-0.00019581	9.32259e-05	2
23.4819	6.81183	-0.000236056	0.000116237	2
23.2016	7.77642	-0.00027285	0.000139109	2
22.9293	8.74099	-0.000306242	0.000161844	2
22.6647	9.70554	-0.000336279	0.000184445	2
22.4078	10.6701	-0.000363009	0.000206916	2
22.1586	11.6345	-0.000386481	0.000229259	2
21.9168	12.5989	-0.000406743	0.000251476	2
21.6826	13.5633	-0.000423844	0.000273571	2
21.4556	14.5276	-0.00043783	0.000295548	2
21.236	15.4918	-0.000448752	0.000317407	2
21.0236	16.4559	-0.000456656	0.000339153	2
20.8183	17.42	-0.000461591	0.000360789	2
20.62	18.3839	-0.000463606	0.000382317	2
20.4287	19.3477	-0.000462748	0.00040374	2
20.2442	20.3114	-0.000459066	0.000425061	2
20.0665	21.275	-0.000452608	0.000446283	2
19.8956	22.2384	-0.000443422	0.000467409	2
19.7313	23.2017	-0.000431556	0.000488441	2
19.5735	24.1649	-0.000417059	0.000509384	2
19.4221	25.1279	-0.000399979	0.000530238	2
19.2772	26.0907	-0.000380363	0.000551009	2
19.1401	27.0423	-0.000358529	0.00057146	2
19.0076	28.0047	-0.000334017	0.00059207	2
18.8812	28.967	-0.000307113	0.000612605	2
18.7608	29.929	-0.000277867	0.000633066	2
18.6464	30.8909	-0.000246327	0.000653458	2
18.5379	31.8525	-0.00021254	0.000673782	2
18.4352	32.8139	-0.000176555	0.000694041	2
18.3383	33.7751	-0.000138421	0.000714239	2
18.2469	34.736	-9.81848e-05	0.000734379	2
18.1611	35.6967	-5.58955e-05	0.000754463	2
18.0808	36.6571	-1.16011e-05	0.000774494	2
18.0059	37.6172	3.46501e-05	0.000794475	2
17.9362	38.5771	8.281e-05	0.000814409	2
17.8718	39.5366	0.00013283	0.000834299	2
17.8126	40.4959	0.000184663	0.000854147	2
17.7583	41.4549	0.000238259	0.000873957	2
17.7091	42.4135	0.000293572	0.000893732	2
17.6648	43.3719	0.000350551	0.000913474	2
17.6252	44.3299	0.000409151	0.000933186	2
17.5904	45.2876	0.000469321	0.000952872	2
17.5603	46.2449	0.000531014	0.000972533	2
17.5347	47.2019	0.000594182	0.000992174	2
17.5135	48.1585	0.000658776	0.0010118	2
17.497	49.1037	0.000723983	0.00103118	2
17.4845	50.0596	0.00079127	0.00105077	2
17.4763	51.0151	0.00085984	0.00107036	2
17.4722	51.9701	0.000929644	0.00108994	2
17.4722	52.9248	0.00100063	0.00110951	2
17.4762	53.8791	0.00107276	0.00112909	2
17.4841	54.8329	0.00114598	0.00114866	2
17.4958	55.7863	0.00122024	0.00116824	2
17.5112	56.7393	0.00129549	0.00118783	2
17.5303	57.6918	0.00137168	0.00120743	2
17.553	58.6439	0.00144878	0.00122705	2
17.5792	59.5955	0.00152672	0.00124668	2
17.6087	60.5466	0.00160546	0.00126633	2
17.6416	61.4973	0.00168495	0.001286	2
17.6778	62.4475	0.00176515	0.00130569	2
17.7171	63.3971	0.001846	0.00132542	2
17.7595	64.3463	0.00192746	0.00134517	2
17.8048	65.295	0.00200948	0.00136496	2
17.8531	66.2431	0.00209201	0.00138479	2
17.9042	67.1907	0.002175	0.00140466	2
17.9581	68.1378	0.00225841	0.00142456	2
18.0146	69.0843	0.00234218	0.00144452	2
18.0738	70.0302	0.00242627	0.00146452	2
18.1354	70.9756	0.00251063	0.00148457	2
18.1987	71.9096	0.00259424	0.00150445	2
18.265	72.8538	0.00267899	0.00152461	2
18.3336	73.7975	0.00276387	0.00154484	2
18.4044	74.7405	0.00284883	0.00156512	2
18.4772	75.683	0.00293382	0.00158548	2
18.5521	76.6248	0.00301878	0.0016059	2
18.6289	77.566	0.00310368	0.00162639	2
18.7075	78.5066	0.00318847	0.00164695	2
18.7879	79.4466	0.00327309	0.0016676	2
18.87	80.3858	0.00335749	0.00168832	2
18.9537	81.3245	0.00344164	0.00170913	2
19.0388	82.2625	0.00352548	0.00173002	2
19.1254	83.1998	0.00360897	0.001751	2
19.2134	84.1364	0.00369204	0.00177207	2
19.3026	85.0723	0.00377467	0.00179324	2
19.393	86.0075	0.00385679	0.0018145	2
19.4845	86.942	0.00393837	0.00183587	2
19.577	87.8758	0.00401935	0.00185734	2
19.6705	88.8089	0.00409968	0.00187891	2
19.7648	89.7413	0.00417931	0.00190059	2
19.8599	90.6729	0.00425821	0.00192239	2
19.9556	91.6037	0.00433631	0.0019443	2
20.052	92.5338	0.00441358	0.00196632	2
20.1477	93.4525	0.00448909	0.00198822	2
20.2451	94.381	0.00456454	0.00201049	2
20.3427	95.3088	0.00463901	0.00203288	2
20.4407	96.2358	0.00471245	0.00205541	2

74.9997	2.01306	-5.01867e-07	1.86541e-07	2
74.9903	3.12474	-4.26149e-05	1.54903e-05	2
75.0104	4.22627	-8.31329e-05	2.95042e-05	2
75.0597	5.30487	-0.000121588	4.20692e-05	2
75.1368	6.34881	-0.000157605	5.30929e-05	2
75.2431	7.38264	-0.000192057	6.2859e-05	2
75.3774	8.39438	-0.000224547	7.12587e-05	2
75.5392	9.3843	-0.000255107	7.83196e-05	2
75.7282	10.3527	-0.000283772	8.40694e-05	2
75.9439	11.2998	-0.000310576	8.85357e-05	2
76.1859	12.226	-0.000335552	9.1746e-05	2
76.4538	13.1314	-0.000358733	9.37279e-05	2
76.747	14.0165	-0.000380154	9.45091e-05	2
77.0653	14.8813	-0.000399849	9.41172e-05	2
77.4082	15.7264	-0.00041785	9.25797e-05	2
77.7752	16.5518	-0.000434192	8.99242e-05	2
78.1659	17.358	-0.000448908	8.61785e-05	2
78.5798	18.1451	-0.000462032	8.13699e-05	2
79.0167	18.9135	-0.000473597	7.55262e-05	2
79.476	19.6634	-0.000483638	6.8675e-05	2
79.9573	20.3951	-0.000492188	6.08438e-05	2
80.4601	21.109	-0.000499281	5.20603e-05	2
80.9841	21.8052	-0.00050495	4.2352e-05	2
81.5288	22.484	-0.000509229	3.17465e-05	2
82.0938	23.1458	-0.000512152	2.02715e-05	2
82.6787	23.7908	-0.000513753	7.95459e-06	2
83.2759	24.4121	-0.000514068	-5.02125e-06	2
83.899	25.0246	-0.000513139	-1.89304e-05	2
84.5407	25.6211	-0.000510987	-3.3599e-05	2
85.2005	26.2019	-0.000507648	-4.89995e-05	2
85.8781	26.7673	-0.000503154	-6.51043e-05	2
86.5729	27.3176	-0.000497539	-8.18857e-05	2
87.2846	27.8531	-0.000490837	-9.93162e-05	2
88.0127	28.374	-0.000483082	-0.000117368	2
88.7569	28.8806	-0.000474307	-0.000136014	2
89.5166	29.3733	-0.000464546	-0.000155226	2
90.2915	29.8522	-0.000453833	-0.000174977	2
91.0811	30.3177	-0.0004422	-0.000195239	2
91.885	30.77	-0.000429683	-0.000215984	2
92.7028	31.2094	-0.000416315	-0.000237185	2
93.534	31.6363	-0.000402129	-0.000258815	2
94.3782	32.0508	-0.000387159	-0.000280845	2
95.235	32.4533	-0.000371439	-0.000303248	2
96.104	32.844	-0.000355002	-0.000325997	2
96.9847	33.2232	-0.000337882	-0.000349063	2
97.8766	33.5912	-0.000320113	-0.00037242	2
98.7795	33.9483	-0.000301729	-0.00039604	2
99.6928	34.2947	-0.000282763	-0.000419894	2
100.616	34.6308	-0.000263249	-0.000443956	2
101.538	34.9531	-0.000243453	-0.000467919	2
102.48	35.2694	-0.000222949	-0.000492311	2
103.431	35.5762	-0.000201997	-0.000516829	2
104.39	35.8737	-0.000180632	-0.000541444	2
105.357	36.1622	-0.000158887	-0.000566129	2
106.331	36.442	-0.000136795	-0.000590856	2
107.312	36.7135	-0.00011439	-0.000615597	2
108.3	36.9768	-9.1707e-05	-0.000640326	2
109.294	37.2322	-6.87783e-05	-0.000665014	2
110.294	37.48	-4.56379e-05	-0.000689633	2
111.299	37.7206	-2.23195e-05	-0.000714157	2
112.309	37.9541	1.14306e-06	-0.000738558	2
113.324	38.1809	2.47162e-05	-0.000762807	2
114.342	38.4013	4.83663e-05	-0.000786878	2
115.364	38.6154	7.20595e-05	-0.000810743	2
116.389	38.8237	9.57622e-05	-0.000834374	2
117.417	39.0263	0.000119441	-0.000857743	2
118.448	39.2236	0.000143061	-0.000880824	2
119.48	39.4159	0.000166591	-0.000903588	2
120.513	39.6033	0.000189994	-0.000926007	2
121.548	39.7862	0.000213239	-0.000948055	2
122.583	39.965	0.000236292	-0.000969704	2
123.619	40.1397	0.000259118	-0.000990925	2
124.654	40.3108	0.000281684	-0.00101169	2
125.676	40.4766	0.000303702	-0.00103175	2
126.71	40.6413	0.000325651	-0.00105153	2
127.741	40.8031	0.000347239	-0.00107077	2
128.771	40.9623	0.000368433	-0.00108945	2
129.799	41.1193	0.000389199	-0.00110754	2
130.823	41.2743	0.000409503	-0.001125	2
131.844	41.4276	0.000429312	-0.00114182	2
132.862	41.5794	0.000448591	-0.00115797	2
133.876	41.7301	0.000467308	-0.00117341	2
134.885	41.8799	0.000485428	-0.00118812	2
135.889	42.0291	0.000502919	-0.00120207	2
136.887	42.178	0.000519745	-0.00121524	2
137.88	42.3269	0.000535874	-0.0012276	2
138.867	42.476	0.000551271	-0.00123911	2
139.846	42.6256	0.000565904	-0.00124976	2
140.819	42.776	0.000579738	-0.00125951	2
141.784	42.9275	0.000592739	-0.00126833	2
142.742	43.0804	0.000604875	-0.00127621	2
143.69	43.2348	0.000616111	-0.00128311	2
144.63	43.3912	0.000626414	-0.001289	2
145.561	43.5498	0.00063575	-0.00129385	2
146.482	43.7109	0.000644084	-0.00129765	2
147.393	43.8747	0.000651385	-0.00130035	2
148.283	44.0397	0.000657552	-0.00130193	2
149.173	44.2098	0.000662695	-0.00130239	2
150.051	44.3835	0.000666704	-0.00130168	2
150.918	44.5611	0.000669543	-0.00129976	2

124.993	2.01241	-4.96898e-07	2.59475e-07	2
124.39	3.07467	-4.27571e-05	2.2227e-05	2
123.816	4.13988	-8.45632e-05	4.37567e-05	2
123.276	5.19564	-0.000125427	6.45976e-05	2
122.775	6.22999	-0.000164903	8.45304e-05	2
122.302	7.267	-0.000203918	0.000104027	2
121.863	8.2946	-0.000242018	0.00012286	2
121.456	9.3128	-0.000279209	0.000141038	2
121.082	10.3216	-0.000315502	0.00015857	2
120.74	11.3211	-0.000350905	0.000175464	2
120.43	12.3112	-0.000385426	0.000191728	2
120.151	13.2919	-0.000419074	0.000207371	2
119.903	14.2633	-0.000451859	0.000222402	2
119.686	15.2254	-0.000483788	0.000236828	2
119.498	16.1782	-0.000514871	0.000250659	2
119.341	17.1216	-0.000545116	0.000263903	2
119.212	18.0558	-0.000574532	0.000276568	2
119.113	18.9807	-0.000603128	0.000288664	2
119.042	19.8964	-0.000630912	0.000300197	2
118.999	20.8028	-0.000657893	0.000311177	2
118.984	21.7	-0.00068408	0.000321613	2
118.996	22.588	-0.000709482	0.000331512	2
119.035	23.4667	-0.000734107	0.000340884	2
119.101	24.3363	-0.000757964	0.000349736	2
119.192	25.1967	-0.000781062	0.000358077	2
119.31	26.0479	-0.00080341	0.000365917	2
119.451	26.8803	-0.000824771	0.00037318	2
119.618	27.7133	-0.000845653	0.000380046	2
119.81	28.5372	-0.000865809	0.000386434	2
120.026	29.3519	-0.00088525	0.000392354	2
120.266	30.1576	-0.000903984	0.000397814	2
120.529	30.9541	-0.00092202	0.000402823	2
120.814	31.7416	-0.000939367	0.000407388	2
121.123	32.52	-0.000956032	0.000411519	2
121.453	33.2894	-0.000972026	0.000415224	2
121.806	34.0497	-0.000987356	0.000418511	2
122.179	34.8009	-0.00100203	0.000421389	2
122.574	35.5432	-0.00101606	0.000423867	2
122.989	36.2764	-0.00102946	0.000425952	2
123.424	37.0007	-0.00104222	0.000427653	2
123.878	37.716	-0.00105436	0.000428979	2
124.352	38.4223	-0.0010659	0.000429939	2
124.845	39.1196	-0.00107683	0.00043054	2
125.357	39.808	-0.00108717	0.000430792	2
125.886	40.4875	-0.00109692	0.000430702	2
126.434	41.1581	-0.0011061	0.000430279	2
126.998	41.8197	-0.00111471	0.000429532	2
127.58	42.4725	-0.00112276	0.000428469	2
128.178	43.1164	-0.00113026	0.000427099	2
128.785	43.7441	-0.00113715	0.000425451	2
129.415	44.3704	-0.00114358	0.000423494	2
130.06	44.9878	-0.00114949	0.000421256	2
130.719	45.5964	-0.00115489	0.000418744	2
131.394	46.1962	-0.00115978	0.000415967	2
132.082	46.7871	-0.00116417	0.000412933	2
132.785	47.3693	-0.00116807	0.000409652	2
133.5	47.9427	-0.0011715	0.00040613	2
134.229	48.5073	-0.00117445	0.000402378	2
134.97	49.0632	-0.00117694	0.000398402	2
135.723	49.6103	-0.00117897	0.000394213	2
136.487	50.1488	-0.00118056	0.000389818	2
137.263	50.6784	-0.00118172	0.000385225	2
138.05	51.1994	-0.00118244	0.000380444	2
138.848	51.7117	-0.00118275	0.000375482	2
139.656	52.2154	-0.00118265	0.000370349	2
140.473	52.7103	-0.00118214	0.000365052	2
141.3	53.1966	-0.00118124	0.000359601	2
142.135	53.6743	-0.00117996	0.000354003	2
142.979	54.1433	-0.00117831	0.000348267	2
143.831	54.6037	-0.00117628	0.000342402	2
144.691	55.0555	-0.0011739	0.000336416	2
145.558	55.4988	-0.00117117	0.000330317	2
146.432	55.9334	-0.0011681	0.000324114	2
147.303	56.3547	-0.00116474	0.000317889	2
148.189	56.7723	-0.00116101	0.000311505	2
149.082	57.1814	-0.00115698	0.000305042	2
149.979	57.582	-0.00115264	0.000298509	2
150.882	57.974	-0.001148	0.000291915	2
151.789	58.3576	-0.00114307	0.000285267	2
152.7	58.7326	-0.00113786	0.000278574	2
153.615	59.0992	-0.00113239	0.000271845	2
154.533	59.4574	-0.00112665	0.000265089	2
155.455	59.807	-0.00112066	0.000258313	2
156.378	60.1483	-0.00111442	0.000251526	2
157.304	60.4811	-0.00110795	0.000244737	2
158.231	60.8055	-0.00110125	0.000237954	2
159.16	61.1215	-0.00109433	0.000231186	2
160.09	61.4291	-0.0010872	0.000224441	2
161.02	61.7283	-0.00107987	0.000217727	2
161.95	62.0192	-0.00107235	0.000211054	2
162.88	62.3017	-0.00106465	0.000204429	2
163.81	62.5759	-0.00105677	0.000197861	2
164.738	62.8418	-0.00104873	0.000191359	2
165.665	63.0994	-0.00104052	0.00018493	2
166.589	63.3486	-0.00103217	0.000178584	2
167.512	63.5896	-0.00102368	0.000172329	2
168.421	63.8196	-0.00101516	0.000166244	2
169.338	64.0442	-0.00100642	0.000160195	2
170.251	64.2604	-0.000997565	0.000154262	2
171.161	64.4685	-0.000988604	0.000148455	2

