-125.001	2.01203	1.99895e-08	-1.06853e-07	2
-125.08	3.03845	1.92236e-06	-9.38118e-06	2
-125.188	4.06133	4.20015e-06	-1.89294e-05	2
-125.326	5.06891	6.81019e-06	-2.86372e-05	2
-125.489	6.05016	9.69408e-06	-3.83831e-05	2
-125.682	7.02818	1.28959e-05	-4.83864e-05	2
-125.901	7.99177	1.63608e-05	-5.85272e-05	2
-126.146	8.94121	2.00654e-05	-6.87982e-05	2
-126.417	9.87679	2.39866e-05	-7.91919e-05	2
-126.713	10.7988	2.81013e-05	-8.97009e-05	2
-127.032	11.7075	3.23862e-05	-0.000100318	2
-127.375	12.6032	3.68181e-05	-0.000111035	2
-127.741	13.4862	4.1374e-05	-0.000121846	2
-128.129	14.3568	4.60306e-05	-0.000132743	2
-128.538	15.2153	5.07647e-05	-0.000143717	2
-128.969	16.0619	5.55531e-05	-0.000154763	2
-129.419	16.8969	6.03727e-05	-0.000165872	2
-129.889	17.7206	6.52003e-05	-0.000177038	2
-130.378	18.5334	7.00126e-05	-0.000188252	2
-130.885	19.3354	7.47866e-05	-0.000199508	2
-131.41	20.1271	7.94991e-05	-0.000210798	2
-131.952	20.9086	8.41267e-05	-0.000222114	2
-132.51	21.6802	8.86465e-05	-0.00023345	2
-133.084	22.4423	9.30351e-05	-0.000244797	2
-133.672	23.1952	9.72695e-05	-0.000256149	2
-134.275	23.939	0.000101326	-0.000267497	2
-134.885	24.6658	0.000105139	-0.000278705	2
-135.515	25.3926	0.000108775	-0.000290026	2
-136.157	26.1113	0.000112163	-0.000301322	2
-136.81	26.8222	0.000115281	-0.000312585	2
-137.475	27.5256	0.000118107	-0.000323809	2
-138.151	28.2216	0.000120616	-0.000334985	2
-138.836	28.9107	0.000122785	-0.000346106	2
-139.53	29.5931	0.000124592	-0.000357165	2
-140.233	30.2691	0.000126013	-0.000368155	2
-140.944	30.939	0.000127025	-0.000379068	2
-141.662	31.6031	0.000127605	-0.000389897	2
-142.386	32.2616	0.000127729	-0.000400634	2
-143.117	32.9148	0.000127375	-0.000411272	2
-143.852	33.5631	0.00012652	-0.000421804	2
-144.592	34.2068	0.000125139	-0.000432222	2
-145.337	34.846	0.00012321	-0.000442519	2
-146.084	35.4811	0.00012071	-0.000452687	2
-146.834	36.1124	0.000117615	-0.000462719	2
-147.586	36.7401	0.000113903	-0.000472607	2
-148.34	37.3647	0.00010955	-0.000482345	2
-149.094	37.9862	0.000104532	-0.000491924	2
-149.849	38.6051	9.88281e-05	-0.000501338	2
-150.602	39.2216	9.24134e-05	-0.000510579	2
-151.346	39.829	8.53515e-05	-0.000519537	2
-152.097	40.4416	7.74554e-05	-0.000528412	2
-152.845	41.0527	6.87795e-05	-0.000537092	2
-153.589	41.6625	5.93008e-05	-0.000545569	2
-154.33	42.2714	4.89962e-05	-0.000553836	2
-155.067	42.8797	3.78423e-05	-0.000561887	2
-155.798	43.4875	2.5816e-05	-0.000569712	2
-156.524	44.0953	1.28942e-05	-0.000577306	2
-157.243	44.7032	-9.46379e-07	-0.00058466	2
-157.955	45.3117	-1.57289e-05	-0.000591767	2
-158.66	45.9209	-3.14765e-05	-0.00059862	2
-159.356	46.5311	-4.82123e-05	-0.000605211	2
-160.042	47.1427	-6.59597e-05	-0.000611533	2
-160.72	47.756	-8.47417e-05	-0.000617579	2
-161.387	48.3711	-0.000104582	-0.000623341	2
-162.043	48.9885	-0.000125502	-0.000628811	2
-162.687	49.6083	-0.000147527	-0.000633983	2
-163.319	50.231	-0.00017068	-0.000638849	2
-163.938	50.8567	-0.000194983	-0.000643402	2
-164.543	51.4857	-0.000220459	-0.000647633	2
-165.135	52.1184	-0.000247133	-0.000651537	2
-165.711	52.755	-0.000275027	-0.000655105	2
-166.272	53.3958	-0.000304164	-0.00065833	2
-166.816	54.0412	-0.000334567	-0.000661204	2
-167.338	54.6838	-0.000365889	-0.000663694	2
-167.849	55.3389	-0.000398879	-0.00066585	2
-168.341	55.9994	-0.000433206	-0.000667633	2
-168.814	56.6655	-0.000468891	-0.000669036	2
-169.269	57.3376	-0.000505959	-0.000670052	2
-169.703	58.0159	-0.000544431	-0.000670674	2
-170.116	58.7007	-0.000584333	-0.000670893	2
-170.508	59.3922	-0.000625685	-0.000670703	2
-170.878	60.0909	-0.000668513	-0.000670095	2
-171.225	60.7969	-0.000712839	-0.000669064	2
-171.549	61.5106	-0.000758686	-0.000667601	2
-171.849	62.2322	-0.000806077	-0.000665699	2
-172.124	62.9621	-0.000855036	-0.00066335	2
-172.374	63.7005	-0.000905585	-0.000660548	2
-172.598	64.4476	-0.000957749	-0.000657284	2
-172.796	65.2039	-0.00101155	-0.000653552	2
-172.966	65.9695	-0.00106701	-0.000649344	2
-173.109	66.7448	-0.00112415	-0.000644652	2
-173.222	67.5301	-0.00118301	-0.000639469	2
-173.307	68.3255	-0.00124359	-0.000633788	2
-173.362	69.1316	-0.00130592	-0.000627602	2
-173.386	69.9484	-0.00137003	-0.000620902	2
-173.38	70.7763	-0.00143594	-0.000613682	2
-173.342	71.6059	-0.00150288	-0.000606027	2
-173.271	72.4567	-0.00157244	-0.00059775	2
-173.167	73.3195	-0.00164386	-0.000588931	2
-173.03	74.1946	-0.00171718	-0.000579562	2

-75.0031	2.01376	5.74567e-07	-1.60652e-07	2
-75.2776	3.18609	4.97119e-05	-1.31146e-05	2
-75.5778	4.3499	9.88682e-05	-2.45039e-05	2
-75.9002	5.4918	0.000147471	-3.41969e-05	2
-76.2402	6.5994	0.000194974	-4.21394e-05	2
-76.6054	7.69882	0.000242485	-4.85449e-05	2
-76.9917	8.77745	0.000289449	-5.33402e-05	2
-77.3985	9.83564	0.00033587	-5.65541e-05	2
-77.8255	10.8738	0.00038175	-5.82157e-05	2
-78.2724	11.8922	0.000427092	-5.83536e-05	2
-78.7387	12.8914	0.000471897	-5.69968e-05	2
-79.224	13.8716	0.000516168	-5.41741e-05	2
-79.728	14.8332	0.000559909	-4.99144e-05	2
-80.2503	15.7766	0.00060312	-4.42465e-05	2
-80.7904	16.7022	0.000645805	-3.71992e-05	2
-81.348	17.6103	0.000687966	-2.88015e-05	2
-81.9226	18.5014	0.000729606	-1.90821e-05	2
-82.514	19.3757	0.000770726	-8.07001e-06	2
-83.1217	20.2337	0.00081133	4.20605e-06	2
-83.7453	21.0757	0.00085142	1.77172e-05	2
-84.3845	21.9022	0.000890997	3.24345e-05	2
-85.0388	22.7134	0.000930066	4.83293e-05	2
-85.7078	23.5097	0.000968628	6.53725e-05	2
-86.3912	24.2916	0.00100668	8.35354e-05	2
-87.0885	25.0593	0.00104424	0.000102789	2
-87.7995	25.8134	0.0010813	0.000123105	2
-88.5152	26.5456	0.00111744	0.000144202	2
-89.252	27.2734	0.00115351	0.000166544	2
-90.0012	27.9885	0.00118908	0.000189861	2
-90.7624	28.6915	0.00122417	0.000214126	2
-91.5352	29.3825	0.00125877	0.000239308	2
-92.3193	30.062	0.00129288	0.000265379	2
-93.1143	30.7304	0.00132652	0.000292311	2
-93.9197	31.388	0.00135967	0.000320074	2
-94.7352	32.0352	0.00139234	0.00034864	2
-95.5603	32.6724	0.00142454	0.00037798	2
-96.3948	33.2999	0.00145627	0.000408064	2
-97.2381	33.9182	0.00148753	0.000438865	2
-98.09	34.5275	0.00151831	0.000470353	2
-98.95	35.1283	0.00154864	0.000502499	2
-99.8177	35.7209	0.0015785	0.000535275	2
-100.693	36.3058	0.0016079	0.000568651	2
-101.575	36.8832	0.00163684	0.000602599	2
-102.463	37.4535	0.00166532	0.00063709	2
-103.358	38.0172	0.00169335	0.000672095	2
-104.259	38.5746	0.00172093	0.000707586	2
-105.165	39.126	0.00174807	0.000743533	2
-106.076	39.6719	0.00177475	0.000779907	2
-106.991	40.2126	0.001801	0.00081668	2
-107.9	40.7423	0.0018265	0.000853394	2
-108.824	41.2737	0.00185187	0.000890874	2
-109.751	41.8011	0.0018768	0.000928666	2
-110.681	42.3248	0.0019013	0.000966743	2
-111.614	42.8451	0.00192537	0.00100507	2
-112.549	43.3624	0.00194901	0.00104363	2
-113.485	43.8772	0.00197222	0.00108238	2
-114.424	44.3897	0.00199501	0.00112131	2
-115.363	44.9004	0.00201737	0.00116037	2
-116.303	45.4096	0.00203932	0.00119954	2
-117.244	45.9177	0.00206085	0.00123879	2
-118.184	46.425	0.00208196	0.0012781	2
-119.124	46.932	0.00210267	0.00131743	2
-120.064	47.439	0.00212296	0.00135675	2
-121.002	47.9464	0.00214285	0.00139605	2
-121.938	48.4545	0.00216233	0.00143528	2
-122.872	48.9637	0.00218141	0.00147441	2
-123.804	49.4745	0.00220009	0.00151343	2
-124.733	49.9871	0.00221838	0.0015523	2
-125.659	50.5019	0.00223627	0.00159099	2
-126.581	51.0193	0.00225376	0.00162947	2
-127.5	51.5398	0.00227087	0.00166772	2
-128.414	52.0635	0.00228759	0.0017057	2
-129.323	52.591	0.00230392	0.00174339	2
-130.217	53.1165	0.00231969	0.00178033	2
-131.115	53.6525	0.00233527	0.00181735	2
-132.008	54.1933	0.00235046	0.00185399	2
-132.894	54.7394	0.00236529	0.00189022	2
-133.774	55.291	0.00237974	0.00192602	2
-134.647	55.8486	0.00239381	0.00196134	2
-135.512	56.4125	0.00240753	0.00199618	2
-136.369	56.9831	0.00242087	0.00203049	2
-137.218	57.5607	0.00243385	0.00206424	2
-138.059	58.1458	0.00244647	0.00209742	2
-138.89	58.7387	0.00245874	0.00212998	2
-139.712	59.3398	0.00247064	0.00216191	2
-140.524	59.9495	0.0024822	0.00219316	2
-141.326	60.568	0.0024934	0.00222372	2
-142.118	61.1959	0.00250426	0.00225356	2
-142.898	61.8334	0.00251476	0.00228264	2
-143.667	62.4809	0.00252493	0.00231093	2
-144.424	63.1389	0.00253475	0.00233842	2
-145.17	63.8077	0.00254424	0.00236506	2
-145.902	64.4876	0.00255338	0.00239083	2
-146.622	65.179	0.0025622	0.0024157	2
-147.328	65.8823	0.00257068	0.00243965	2
-148.021	66.5979	0.00257884	0.00246263	2
-148.691	67.3177	0.00258658	0.00248439	2
-149.356	68.0588	0.00259408	0.00250539	2
-150.005	68.8133	0.00260127	0.00252535	2
-150.639	69.5815	0.00260813	0.00254423	2

-25.0043	2.01257	5.08801e-07	1.80091e-07	2
-25.366	3.09189	4.42201e-05	1.52061e-05	2
-25.7153	4.18046	8.83505e-05	2.94828e-05	2
-26.0481	5.26573	0.000132395	4.28378e-05	2
-26.361	6.33531	0.000175853	5.5141e-05	2
-26.6614	7.41411	0.000219739	6.66861e-05	2
-26.9459	8.48972	0.000263552	7.73326e-05	2
-27.2145	9.56215	0.000307294	8.7088e-05	2
-27.4675	10.6314	0.000350971	9.59602e-05	2
-27.7051	11.6976	0.000394586	0.000103957	2
-27.9274	12.7607	0.000438143	0.000111085	2
-28.1345	13.8208	0.000481647	0.000117354	2
-28.3268	14.8779	0.0005251	0.00012277	2
-28.5044	15.932	0.000568508	0.000127341	2
-28.6674	16.9831	0.000611873	0.000131075	2
-28.8161	18.0313	0.000655201	0.00013398	2
-28.9505	19.0767	0.000698495	0.000136062	2
-29.071	20.1191	0.00074176	0.000137331	2
-29.1776	21.1588	0.000784998	0.000137794	2
-29.2706	22.1957	0.000828214	0.000137458	2
-29.3502	23.2298	0.000871413	0.000136331	2
-29.4165	24.2612	0.000914597	0.00013442	2
-29.4696	25.29	0.000957772	0.000131735	2
-29.5099	26.316	0.00100094	0.000128281	2
-29.5374	27.3394	0.00104411	0.000124067	2
-29.5523	28.3603	0.00108728	0.000119101	2
-29.555	29.3669	0.00112995	0.00011346	2
-29.5455	30.3826	0.00117314	0.00010702	2
-29.524	31.3959	0.00121634	9.98508e-05	2
-29.4907	32.4067	0.00125955	9.19599e-05	2
-29.4457	33.4151	0.00130279	8.3355e-05	2
-29.3893	34.421	0.00134606	7.40436e-05	2
-29.3215	35.4246	0.00138935	6.40336e-05	2
-29.2427	36.4259	0.00143268	5.33327e-05	2
-29.1529	37.4248	0.00147604	4.19484e-05	2
-29.0524	38.4215	0.00151945	2.98886e-05	2
-28.9413	39.4159	0.00156291	1.71608e-05	2
-28.8198	40.4081	0.00160641	3.77293e-06	2
-28.6882	41.3982	0.00164997	-1.02675e-05	2
-28.5465	42.386	0.00169358	-2.49527e-05	2
-28.3949	43.3718	0.00173726	-4.0275e-05	2
-28.2337	44.3555	0.001781	-5.62267e-05	2
-28.063	45.3371	0.00182482	-7.28002e-05	2
-27.883	46.3168	0.0018687	-8.99876e-05	2
-27.6939	47.2944	0.00191267	-0.000107781	2
-27.4958	48.27	0.00195671	-0.000126174	2
-27.289	49.2438	0.00200085	-0.000145157	2
-27.0736	50.2156	0.00204507	-0.000164724	2
-26.8499	51.1856	0.00208938	-0.000184866	2
-26.6206	52.1427	0.00213329	-0.000205334	2
-26.3806	53.1091	0.0021778	-0.000226598	2
-26.1328	54.0737	0.00222242	-0.000248414	2
-25.8774	55.0366	0.00226715	-0.000270775	2
-25.6144	55.9978	0.00231199	-0.000293673	2
-25.3441	56.9573	0.00235695	-0.000317101	2
-25.0667	57.9152	0.00240203	-0.00034105	2
-24.7824	58.8714	0.00244724	-0.000365514	2
-24.4912	59.8262	0.00249258	-0.000390484	2
-24.1935	60.7793	0.00253805	-0.000415952	2
-23.8894	61.731	0.00258366	-0.000441912	2
-23.579	62.6811	0.00262941	-0.000468354	2
-23.2626	63.6299	0.0026753	-0.000495272	2
-22.9404	64.5772	0.00272135	-0.000522659	2
-22.6124	65.5231	0.00276755	-0.000550505	2
-22.279	66.4677	0.00281391	-0.000578804	2
-21.9402	67.411	0.00286042	-0.000607547	2
-21.5963	68.353	0.00290711	-0.000636728	2
-21.2474	69.2937	0.00295396	-0.000666338	2
-20.8937	70.2332	0.00300099	-0.00069637	2
-20.5355	71.1715	0.00304819	-0.000726816	2
-20.1728	72.1087	0.00309558	-0.000757668	2
-19.8059	73.0447	0.00314315	-0.000788918	2
-19.4349	73.9797	0.00319091	-0.00082056	2
-19.0644	74.9028	0.00323831	-0.000852214	2
-18.6859	75.8357	0.00328646	-0.000884611	2
-18.3039	76.7675	0.00333481	-0.000917375	2
-17.9185	77.6984	0.00338336	-0.000950499	2
-17.53	78.6284	0.00343213	-0.000983975	2
-17.1386	79.5575	0.00348111	-0.0010178	2
-16.7443	80.4856	0.0035303	-0.00105196	2
-16.3474	81.413	0.00357972	-0.00108644	2
-15.9481	82.3395	0.00362936	-0.00112125	2
-15.5466	83.2653	0.00367924	-0.00115638	2
-15.143	84.1903	0.00372934	-0.00119181	2
-14.7375	85.1146	0.00377968	-0.00122754	2
-14.3302	86.0383	0.00383027	-0.00126356	2
-13.9215	86.9613	0.0038811	-0.00129986	2
-13.5114	87.8836	0.00393218	-0.00133644	2
-13.1002	88.8054	0.00398351	-0.00137328	2
-12.6879	89.7267	0.0040351	-0.00141039	2
-12.2749	90.6474	0.00408695	-0.00144775	2
-11.8613	91.5676	0.00413906	-0.00148535	2
-11.4472	92.4874	0.00419145	-0.0015232	2
-11.0328	93.4068	0.00424411	-0.00156127	2
-10.6184	94.3257	0.00429704	-0.00159956	2
-10.2041	95.2443	0.00435026	-0.00163806	2
-9.79478	96.1521	0.00440314	-0.00167633	2
-9.38119	97.07	0.00445693	-0.00171524	2
-8.96826	97.9878	0.00451101	-0.00175434	2
-8.55614	98.9053	0.00456539	-0.00179362	2

24.9974	2.01346	-2.89834e-07	-1.07582e-07	2
24.7907	3.15954	-2.56785e-05	-8.50241e-06	2
24.6138	4.29643	-5.22794e-05	-1.52885e-05	2
24.469	5.41096	-7.97809e-05	-2.03855e-05	2
24.3569	6.49099	-0.00010783	-2.37906e-05	2
24.2744	7.56192	-0.000137058	-2.561e-05	2
24.2226	8.61135	-0.000167121	-2.58218e-05	2
24.2011	9.63957	-0.000197999	-2.44533e-05	2
24.2093	10.6469	-0.000229668	-2.15318e-05	2
24.2468	11.6335	-0.000262108	-1.70845e-05	2
24.3132	12.5999	-0.000295296	-1.11388e-05	2
24.408	13.5461	-0.000329212	-3.72178e-06	2
24.5307	14.4726	-0.000363833	5.13915e-06	2
24.6809	15.3797	-0.000399137	1.54168e-05	2
24.8582	16.2675	-0.000435102	2.70838e-05	2
25.0621	17.1364	-0.000471708	4.0113e-05	2
25.2921	17.9868	-0.000508932	5.4477e-05	2
25.5478	18.8188	-0.000546752	7.01487e-05	2
25.8288	19.6327	-0.000585147	8.71007e-05	2
26.1345	20.4289	-0.000624095	0.000105306	2
26.4645	21.2077	-0.000663575	0.000124737	2
26.8184	21.9693	-0.000703563	0.000145366	2
27.1957	22.714	-0.00074404	0.000167167	2
27.596	23.4421	-0.000784983	0.000190111	2
28.0188	24.1539	-0.000826369	0.000214173	2
28.4636	24.8497	-0.000868179	0.000239324	2
28.9246	25.522	-0.000909901	0.00026523	2
29.4119	26.1868	-0.000952486	0.000292466	2
29.92	26.8365	-0.000995429	0.00032071	2
30.4483	27.4713	-0.00103871	0.000349935	2
30.9963	28.0915	-0.0010823	0.000380113	2
31.5637	28.6974	-0.00112618	0.000411218	2
32.15	29.2893	-0.00117034	0.000443221	2
32.7548	29.8675	-0.00121474	0.000476096	2
33.3775	30.4322	-0.00125937	0.000509816	2
34.0177	30.9839	-0.00130421	0.000544352	2
34.675	31.5227	-0.00134923	0.000579679	2
35.3489	32.0489	-0.00139441	0.000615768	2
36.0389	32.5629	-0.00143973	0.000652592	2
36.7447	33.0649	-0.00148517	0.000690124	2
37.4657	33.5552	-0.00153071	0.000728337	2
38.2015	34.034	-0.00157632	0.000767203	2
38.9517	34.5018	-0.00162199	0.000806696	2
39.7157	34.9588	-0.00166768	0.000846788	2
40.4932	35.4052	-0.00171339	0.000887451	2
41.2836	35.8413	-0.00175908	0.000928659	2
42.0866	36.2675	-0.00180474	0.000970384	2
42.9017	36.684	-0.00185035	0.0010126	2
43.7284	37.0911	-0.00189587	0.00105528	2
44.5565	37.4847	-0.00194078	0.00109789	2
45.405	37.874	-0.00198609	0.00114141	2
46.2637	38.2548	-0.00203126	0.0011853	2
47.1322	38.6274	-0.00207626	0.00122955	2
48.0101	38.992	-0.00212107	0.00127413	2
48.8968	39.3489	-0.00216568	0.00131901	2
49.7921	39.6985	-0.00221006	0.00136416	2
50.6953	40.0411	-0.00225419	0.00140955	2
51.606	40.3768	-0.00229805	0.00145516	2
52.5239	40.706	-0.00234161	0.00150097	2
53.4484	41.029	-0.00238485	0.00154693	2
54.379	41.3461	-0.00242776	0.00159303	2
55.3154	41.6575	-0.00247031	0.00163924	2
56.2571	41.9636	-0.00251247	0.00168553	2
57.2035	42.2646	-0.00255424	0.00173187	2
58.1544	42.5609	-0.00259558	0.00177824	2
59.1091	42.8526	-0.00263647	0.00182461	2
60.0673	43.1402	-0.00267689	0.00187095	2
61.0285	43.4239	-0.00271682	0.00191724	2
61.9923	43.7039	-0.00275624	0.00196345	2
62.9581	43.9806	-0.00279513	0.00200954	2
63.9256	44.2543	-0.00283346	0.0020555	2
64.8943	44.5252	-0.00287121	0.00210129	2
65.8637	44.7936	-0.00290837	0.00214689	2
66.8223	45.0569	-0.00294449	0.00219175	2
67.7918	45.3213	-0.00298039	0.00223689	2
68.7607	45.5841	-0.00301562	0.00228176	2
69.7285	45.8456	-0.00305017	0.00232633	2
70.6948	46.106	-0.00308401	0.00237057	2
71.6591	46.3657	-0.00311713	0.00241445	2
72.621	46.625	-0.00314949	0.00245795	2
73.5799	46.8841	-0.00318108	0.00250105	2
74.5356	47.1434	-0.00321188	0.0025437	2
75.4874	47.403	-0.00324186	0.00258589	2
76.435	47.6634	-0.003271	0.00262759	2
77.3778	47.9247	-0.00329928	0.00266878	2
78.3156	48.1873	-0.00332668	0.00270941	2
79.2476	48.4515	-0.00335318	0.00274948	2
80.1737	48.7176	-0.00337875	0.00278894	2
81.0932	48.9858	-0.00340338	0.00282778	2
82.0057	49.2564	-0.00342704	0.00286596	2
82.9108	49.5298	-0.00344971	0.00290346	2
83.808	49.8062	-0.00347136	0.00294025	2
84.6968	50.0859	-0.00349198	0.0029763	2
85.5769	50.3691	-0.00351155	0.00301159	2
86.4477	50.6563	-0.00353004	0.00304609	2
87.3089	50.9476	-0.00354743	0.00307977	2
88.1501	51.2399	-0.00356352	0.00311223	2
88.9906	51.5404	-0.00357867	0.00314421	2
89.82	51.8458	-0.00359265	0.00317528	2
90.638	52.1566	-0.00360544	0.00320542	2

74.9925	2.01322	4.26763e-07	-6.29827e-08	2
74.363	3.14537	3.5576e-05	-4.8296e-06	2
73.7557	4.2817	6.80489e-05	-8.36061e-06	2
73.1778	5.40899	9.74758e-05	-1.06176e-05	2
72.6353	6.51442	0.000123627	-1.16206e-05	2
72.1152	7.62371	0.000147167	-1.14173e-05	2
71.6237	8.72393	0.000167831	-1.00134e-05	2
71.1606	9.81508	0.000185678	-7.43366e-06	2
70.7255	10.8972	0.000200763	-3.70252e-06	2
70.3181	11.9701	0.000213145	1.15537e-06	2
69.9382	13.034	0.00022288	7.11545e-06	2
69.5855	14.0888	0.000230026	1.41531e-05	2
69.2597	15.1345	0.000234639	2.22438e-05	2
68.9605	16.1711	0.000236777	3.13628e-05	2
68.6877	17.1986	0.000236496	4.14857e-05	2
68.4409	18.2169	0.000233855	5.25878e-05	2
68.2199	19.2262	0.000228909	6.46446e-05	2
68.0244	20.2262	0.000221717	7.76314e-05	2
67.8541	21.2172	0.000212335	9.15237e-05	2
67.7086	22.1989	0.00020082	0.000106297	2
67.5879	23.1716	0.00018723	0.000121926	2
67.4914	24.135	0.000171622	0.000138388	2
67.4191	25.0893	0.000154053	0.000155656	2
67.3705	26.0344	0.000134579	0.000173707	2
67.3454	26.9703	0.000113259	0.000192515	2
67.3436	27.8971	9.01486e-05	0.000212057	2
67.3642	28.8041	6.56009e-05	0.000232072	2
67.4077	29.7126	3.91014e-05	0.000252999	2
67.4735	30.6118	1.09829e-05	0.000274586	2
67.5614	31.5018	-1.86975e-05	0.000296809	2
67.6711	32.3826	-4.98828e-05	0.000319642	2
67.8023	33.2541	-8.25158e-05	0.000343061	2
67.9547	34.1164	-0.000116539	0.000367042	2
68.1281	34.9695	-0.000151896	0.00039156	2
68.3221	35.8133	-0.000188529	0.00041659	2
68.5365	36.6479	-0.000226382	0.000442107	2
68.771	37.4732	-0.000265396	0.000468088	2
69.0254	38.2892	-0.000305516	0.000494508	2
69.2992	39.0959	-0.000346683	0.000521341	2
69.5923	39.8934	-0.000388841	0.000548564	2
69.9043	40.6815	-0.000431932	0.000576152	2
70.235	41.4604	-0.0004759	0.00060408	2
70.5841	42.2299	-0.000520687	0.000632324	2
70.9513	42.9902	-0.000566236	0.000660858	2
71.3363	43.7411	-0.000612491	0.000689659	2
71.7389	44.4827	-0.000659393	0.000718702	2
72.1587	45.215	-0.000706886	0.000747963	2
72.5954	45.9379	-0.000754912	0.000777416	2
73.0489	46.6515	-0.000803415	0.000807037	2
73.5133	47.3477	-0.000851773	0.000836458	2
73.9991	48.0427	-0.000901054	0.000866341	2
74.5007	48.7283	-0.000950641	0.000896317	2
75.0179	49.4045	-0.00100048	0.000926364	2
75.5503	50.0714	-0.0010505	0.000956457	2
76.0977	50.7288	-0.00110066	0.00098657	2
76.6599	51.3769	-0.0011509	0.00101668	2
77.2364	52.0156	-0.00120116	0.00104676	2
77.8271	52.6449	-0.00125138	0.00107679	2
78.4316	53.2647	-0.00130151	0.00110674	2
79.0497	53.8752	-0.00135149	0.00113659	2
79.6811	54.4762	-0.00140126	0.00116631	2
80.3254	55.0678	-0.00145076	0.00119588	2
80.9825	55.6499	-0.00149994	0.00122528	2
81.652	56.2226	-0.00154874	0.00125447	2
82.3336	56.7859	-0.0015971	0.00128344	2
83.0271	57.3396	-0.00164497	0.00131216	2
83.7322	57.884	-0.00169229	0.00134061	2
84.4486	58.4188	-0.001739	0.00136875	2
85.1759	58.9442	-0.00178505	0.00139658	2
85.914	59.46	-0.00183037	0.00142405	2
86.6626	59.9664	-0.00187491	0.00145115	2
87.4213	60.4633	-0.00191862	0.00147786	2
88.1898	60.9507	-0.00196143	0.00150414	2
88.959	61.4231	-0.00200281	0.00152969	2
89.7463	61.8915	-0.00204368	0.00155506	2
90.5427	62.3505	-0.00208348	0.00157994	2
91.3478	62.7998	-0.00212216	0.00160429	2
92.1614	63.2397	-0.00215966	0.00162811	2
92.9831	63.67	-0.00219592	0.00165135	2
93.8127	64.0907	-0.00223089	0.001674	2
94.6499	64.5019	-0.00226451	0.00169603	2
95.4945	64.9035	-0.00229672	0.00171742	2
96.3461	65.2956	-0.00232747	0.00173815	2
97.2044	65.678	-0.0023567	0.00175818	2
98.0692	66.0509	-0.00238435	0.00177749	2
98.9401	66.4142	-0.00241036	0.00179606	2
99.817	66.7678	-0.00243468	0.00181387	2
100.699	67.1119	-0.00245725	0.00183089	2
101.587	67.4464	-0.00247801	0.00184709	2
102.48	67.7712	-0.00249691	0.00186245	2
103.378	68.0864	-0.00251388	0.00187695	2
104.28	68.392	-0.00252888	0.00189056	2
105.186	68.6879	-0.00254184	0.00190326	2
106.096	68.9742	-0.00255271	0.00191502	2
107.01	69.2508	-0.00256143	0.00192581	2
107.927	69.5178	-0.00256794	0.00193562	2
108.837	69.7722	-0.00257215	0.00194432	2
109.76	70.0199	-0.00257411	0.0019521	2
110.685	70.2579	-0.00257368	0.00195881	2
111.613	70.4863	-0.00257082	0.00196444	2

124.998	2.01013	4.51766e-07	5.68946e-08	2
124.818	2.88344	3.77449e-05	4.56592e-06	2
124.616	3.77074	7.23686e-05	8.36897e-06	2
124.396	4.66173	0.000103921	1.14301e-05	2
124.16	5.54594	0.00013214	1.37473e-05	2
123.905	6.44376	0.000157731	1.53953e-05	2
123.632	7.34477	0.000180398	1.63639e-05	2
123.343	8.24879	0.00020019	1.6674e-05	2
123.039	9.15566	0.000217158	1.63466e-05	2
122.719	10.0652	0.00023135	1.54026e-05	2
122.386	10.9772	0.000242816	1.38629e-05	2
122.038	11.8916	0.000251606	1.17485e-05	2
121.677	12.8082	0.000257768	9.08037e-06	2
121.304	13.7267	0.000261352	5.87931e-06	2
120.918	14.6471	0.000262408	2.16633e-06	2
120.522	15.5692	0.000260985	-2.03767e-06	2
120.114	16.4927	0.000257133	-6.71174e-06	2
119.697	17.4175	0.000250901	-1.1835e-05	2
119.27	18.3436	0.000242338	-1.73864e-05	2
118.834	19.2705	0.000231494	-2.33451e-05	2
118.39	20.1983	0.000218418	-2.96902e-05	2
117.938	21.1268	0.00020316	-3.64007e-05	2
117.48	22.0557	0.00018577	-4.34556e-05	2
117.014	22.9849	0.000166296	-5.08342e-05	2
116.544	23.9143	0.000144788	-5.85154e-05	2
116.067	24.8436	0.000121296	-6.64782e-05	2
115.592	25.7621	9.61716e-05	-7.46059e-05	2
115.108	26.6908	6.88802e-05	-8.30668e-05	2
114.62	27.619	3.97522e-05	-9.17467e-05	2
114.129	28.5465	8.83687e-06	-0.000100625	2
113.636	29.4732	-2.38162e-05	-0.00010968	2
113.142	30.3987	-5.81576e-05	-0.000118892	2
112.647	31.3231	-9.41379e-05	-0.00012824	2
112.152	32.2461	-0.000131708	-0.000137701	2
111.657	33.1675	-0.000170817	-0.000147257	2
111.163	34.0872	-0.000211418	-0.000156885	2
110.67	35.005	-0.000253459	-0.000166564	2
110.18	35.9207	-0.000296892	-0.000176275	2
109.692	36.8343	-0.000341667	-0.000185995	2
109.208	37.7454	-0.000387735	-0.000195704	2
108.728	38.6539	-0.000435047	-0.000205381	2
108.253	39.5597	-0.000483552	-0.000215005	2
107.783	40.4626	-0.000533202	-0.000224556	2
107.319	41.3624	-0.000583947	-0.000234011	2
106.861	42.2589	-0.000635737	-0.000243351	2
106.41	43.1521	-0.000688523	-0.000252554	2
105.967	44.0416	-0.000742256	-0.000261599	2
105.533	44.9274	-0.000796887	-0.000270466	2
105.107	45.8093	-0.000852365	-0.000279134	2
104.696	46.677	-0.00090799	-0.000287485	2
104.29	47.5505	-0.000965007	-0.000295693	2
103.895	48.4196	-0.00102272	-0.00030364	2
103.512	49.2842	-0.00108109	-0.000311304	2
103.14	50.1439	-0.00114006	-0.000318663	2
102.781	50.9987	-0.00119958	-0.000325698	2
102.435	51.8484	-0.0012596	-0.000332387	2
102.103	52.6928	-0.00132008	-0.00033871	2
101.786	53.5318	-0.00138096	-0.000344645	2
101.484	54.3652	-0.00144219	-0.000350171	2
101.197	55.1927	-0.00150373	-0.000355268	2
100.927	56.0143	-0.00156552	-0.000359914	2
100.674	56.8298	-0.00162751	-0.000364089	2
100.438	57.639	-0.00168967	-0.000367772	2
100.221	58.4417	-0.00175193	-0.000370942	2
100.022	59.2378	-0.00181425	-0.000373578	2
99.843	60.0271	-0.00187657	-0.000375658	2
99.6838	60.8094	-0.00193885	-0.000377163	2
99.5452	61.5846	-0.00200105	-0.00037807	2
99.4279	62.3525	-0.0020631	-0.00037836	2
99.3325	63.1128	-0.00212496	-0.000378011	2
99.2595	63.8656	-0.00218658	-0.000377002	2
99.2097	64.6105	-0.00224792	-0.000375313	2
99.1836	65.3474	-0.00230891	-0.000372922	2
99.1817	66.0679	-0.00236883	-0.000369848	2
99.2045	66.7884	-0.002429	-0.000366	2
99.253	67.5004	-0.00248869	-0.000361388	2
99.3276	68.2038	-0.00254784	-0.00035599	2
99.429	68.8984	-0.00260641	-0.000349787	2
99.5578	69.5839	-0.00266435	-0.000342757	2
99.7146	70.2603	-0.0027216	-0.000334878	2
99.9001	70.9273	-0.00277812	-0.000326131	2
100.115	71.5848	-0.00283385	-0.000316495	2
100.359	72.2327	-0.00288875	-0.000305948	2
100.634	72.8707	-0.00294277	-0.000294469	2
100.941	73.4986	-0.00299586	-0.000282037	2
101.278	74.1164	-0.00304797	-0.000268633	2
101.649	74.7239	-0.00309905	-0.000254233	2
102.052	75.3208	-0.00314905	-0.000238819	2
102.488	75.907	-0.00319792	-0.000222368	2
102.959	76.4823	-0.00324561	-0.00020486	2
103.465	77.0466	-0.00329208	-0.000186275	2
104.006	77.5997	-0.00333726	-0.00016659	2
104.583	78.1415	-0.00338112	-0.000145785	2
105.197	78.6716	-0.00342361	-0.000123839	2
105.848	79.1901	-0.00346467	-0.000100731	2
106.536	79.6967	-0.00350425	-7.64411e-05	2
107.255	80.1857	-0.00354188	-5.12471e-05	2
108.021	80.6681	-0.00357839	-2.45427e-05	2
108.827	81.1382	-0.00361327	3.40696e-06	2
109.673	81.5957	-0.00364648	3.26229e-05	2

