-125.004	2.0122	-3.33758e-07	-2.35715e-07	2
-125.318	3.056	-2.90359e-05	-1.96146e-05	2
-125.607	4.10094	-5.80639e-05	-3.74476e-05	2
-125.87	5.13489	-8.70754e-05	-5.35359e-05	2
-126.103	6.14624	-0.000115729	-6.77607e-05	2
-126.312	7.15857	-0.000144682	-8.04891e-05	2
-126.494	8.16015	-0.000173593	-9.15829e-05	2
-126.651	9.15105	-0.000202453	-0.000101079	2
-126.782	10.1314	-0.000231254	-0.000109014	2
-126.887	11.1011	-0.000259987	-0.000115425	2
-126.968	12.0604	-0.000288643	-0.000120349	2
-127.023	13.0094	-0.000317214	-0.000123823	2
-127.055	13.9481	-0.000345691	-0.000125882	2
-127.062	14.8765	-0.000374066	-0.000126566	2
-127.045	15.7948	-0.00040233	-0.000125909	2
-127.005	16.703	-0.000430474	-0.000123949	2
-126.943	17.6013	-0.00045849	-0.000120723	2
-126.857	18.4896	-0.000486369	-0.000116268	2
-126.749	19.3681	-0.000514103	-0.00011062	2
-126.619	20.2368	-0.000541682	-0.000103816	2
-126.467	21.0959	-0.000569099	-9.5894e-05	2
-126.294	21.9453	-0.000596345	-8.68896e-05	2
-126.099	22.7853	-0.00062341	-7.68401e-05	2
-125.884	23.6157	-0.000650288	-6.57822e-05	2
-125.649	24.4369	-0.000676968	-5.37529e-05	2
-125.394	25.2487	-0.000703442	-4.07889e-05	2
-125.122	26.0421	-0.000729402	-2.70915e-05	2
-124.828	26.8356	-0.000755442	-1.23784e-05	2
-124.514	27.6201	-0.00078125	3.15915e-06	2
-124.182	28.3956	-0.000806819	1.94844e-05	2
-123.832	29.1622	-0.000832139	3.65606e-05	2
-123.463	29.9199	-0.000857201	5.43507e-05	2
-123.077	30.6689	-0.000881998	7.2818e-05	2
-122.673	31.4092	-0.000906521	9.19257e-05	2
-122.253	32.1409	-0.00093076	0.000111637	2
-121.815	32.864	-0.000954708	0.000131915	2
-121.361	33.5788	-0.000978355	0.000152722	2
-120.891	34.2851	-0.00100169	0.000174023	2
-120.406	34.9831	-0.00102472	0.00019578	2
-119.905	35.6729	-0.00104741	0.000217956	2
-119.389	36.3546	-0.00106977	0.000240514	2
-118.858	37.0282	-0.00109179	0.000263419	2
-118.313	37.6938	-0.00111345	0.000286631	2
-117.754	38.3515	-0.00113476	0.000310116	2
-117.181	39.0014	-0.00115569	0.000333836	2
-116.595	39.6435	-0.00117625	0.000357754	2
-115.995	40.2779	-0.00119642	0.000381834	2
-115.383	40.9047	-0.0012162	0.000406038	2
-114.759	41.5239	-0.00123557	0.00043033	2
-114.13	42.1288	-0.00125432	0.000454393	2
-113.482	42.7333	-0.00127287	0.00047875	2
-112.822	43.3305	-0.00129098	0.000503085	2
-112.152	43.9205	-0.00130866	0.00052736	2
-111.471	44.5033	-0.00132589	0.000551539	2
-110.779	45.0791	-0.00134267	0.000575586	2
-110.077	45.6479	-0.00135898	0.000599463	2
-109.366	46.2098	-0.00137482	0.000623133	2
-108.645	46.7648	-0.00139018	0.00064656	2
-107.916	47.3131	-0.00140505	0.000669706	2
-107.177	47.8546	-0.00141943	0.000692536	2
-106.43	48.3896	-0.00143329	0.000715011	2
-105.675	48.918	-0.00144664	0.000737096	2
-104.912	49.44	-0.00145947	0.000758753	2
-104.142	49.9556	-0.00147176	0.000779946	2
-103.365	50.4649	-0.00148352	0.000800637	2
-102.581	50.968	-0.00149472	0.00082079	2
-101.791	51.4649	-0.00150537	0.000840369	2
-100.995	51.9557	-0.00151544	0.000859335	2
-100.193	52.4406	-0.00152495	0.000877653	2
-99.3856	52.9195	-0.00153387	0.000895286	2
-98.5732	53.3926	-0.00154219	0.000912196	2
-97.7561	53.8599	-0.00154992	0.000928347	2
-96.9346	54.3216	-0.00155703	0.000943701	2
-96.1185	54.7724	-0.00156346	0.000958061	2
-95.2893	55.2229	-0.00156933	0.000971724	2
-94.4567	55.668	-0.00157457	0.000984481	2
-93.621	56.1077	-0.00157917	0.000996294	2
-92.7826	56.5422	-0.00158311	0.00100713	2
-91.9418	56.9713	-0.00158639	0.00101694	2
-91.099	57.3954	-0.00158901	0.00102571	2
-90.2545	57.8143	-0.00159094	0.00103338	2
-89.4086	58.2283	-0.00159219	0.00103993	2
-88.5616	58.6373	-0.00159274	0.00104531	2
-87.7139	59.0415	-0.00159258	0.00104949	2
-86.8658	59.4409	-0.00159171	0.00105244	2
-86.0177	59.8356	-0.00159012	0.0010541	2
-85.1699	60.2258	-0.0015878	0.00105446	2
-84.3226	60.6114	-0.00158475	0.00105347	2
-83.4764	60.9925	-0.00158094	0.0010511	2
-82.6314	61.3692	-0.00157638	0.0010473	2
-81.788	61.7416	-0.00157105	0.00104204	2
-80.9466	62.1098	-0.00156495	0.00103529	2
-80.1075	62.4739	-0.00155807	0.00102701	2
-79.271	62.8339	-0.0015504	0.00101716	2
-78.4374	63.1898	-0.00154192	0.0010057	2
-77.6072	63.5419	-0.00153264	0.000992594	2
-76.79	63.8861	-0.00152267	0.000977992	2
-75.9673	64.2306	-0.00151176	0.000961514	2
-75.1488	64.5714	-0.00150001	0.000943282	2
-74.335	64.9086	-0.00148743	0.000923261	2

-75.0042	2.01157	5.51508e-07	-4.45138e-07	2
-75.3643	3.00777	4.61214e-05	-3.76067e-05	2
-75.7194	4.01775	8.85263e-05	-7.29728e-05	2
-76.0653	5.02974	0.000127284	-0.000106138	2
-76.398	6.03187	0.000162081	-0.000136798	2
-76.7253	7.04722	0.000193794	-0.000165704	2
-77.0431	8.06394	0.000222069	-0.000192527	2
-77.3512	9.08182	0.000246976	-0.000217308	2
-77.6497	10.1007	0.000268583	-0.000240084	2
-77.9383	11.1202	0.000286962	-0.000260897	2
-78.2171	12.1403	0.000302181	-0.000279785	2
-78.4859	13.1607	0.00031431	-0.000296788	2
-78.7447	14.1812	0.000323419	-0.000311945	2
-78.9932	15.2016	0.000329578	-0.000325297	2
-79.2316	16.2217	0.000332857	-0.000336882	2
-79.4595	17.2412	0.000333324	-0.00034674	2
-79.677	18.26	0.000331051	-0.000354912	2
-79.884	19.2778	0.000326107	-0.000361435	2
-80.0804	20.2944	0.000318561	-0.00036635	2
-80.266	21.3097	0.000308483	-0.000369697	2
-80.4408	22.3233	0.000295944	-0.000371515	2
-80.6047	23.3352	0.000281012	-0.000371843	2
-80.7576	24.345	0.000263757	-0.000370721	2
-80.8994	25.3526	0.00024425	-0.000368188	2
-81.03	26.3577	0.00022256	-0.000364285	2
-81.1493	27.3602	0.000198756	-0.000359051	2
-81.2561	28.3483	0.000173218	-0.000352607	2
-81.3527	29.3449	0.000145419	-0.000344842	2
-81.4377	30.3381	0.000115716	-0.000335865	2
-81.5111	31.3279	8.41769e-05	-0.000325714	2
-81.5727	32.3139	5.08729e-05	-0.000314428	2
-81.6225	33.296	1.58733e-05	-0.000302049	2
-81.6603	34.274	-2.07523e-05	-0.000288614	2
-81.6862	35.2476	-5.8934e-05	-0.000274164	2
-81.6998	36.2167	-9.86021e-05	-0.000258738	2
-81.7013	37.1809	-0.000139687	-0.000242376	2
-81.6904	38.1402	-0.000182119	-0.000225117	2
-81.6672	39.0943	-0.000225827	-0.000207001	2
-81.6314	40.0429	-0.000270744	-0.000188067	2
-81.5831	40.986	-0.000316798	-0.000168355	2
-81.522	41.9232	-0.00036392	-0.000147905	2
-81.4482	42.8543	-0.00041204	-0.000126755	2
-81.3615	43.7792	-0.000461089	-0.000104946	2
-81.2619	44.6976	-0.000510996	-8.25173e-05	2
-81.1491	45.6093	-0.000561693	-5.9508e-05	2
-81.0233	46.5141	-0.000613108	-3.59579e-05	2
-80.8841	47.4118	-0.000665173	-1.19065e-05	2
-80.7317	48.3021	-0.000717818	1.26066e-05	2
-80.5658	49.185	-0.000770973	3.75419e-05	2
-80.3885	50.05	-0.00082395	6.25668e-05	2
-80.1956	50.9173	-0.000877912	8.82241e-05	2
-79.989	51.7763	-0.000932175	0.000114185	2
-79.7686	52.6269	-0.000986671	0.000140411	2
-79.5343	53.469	-0.00104133	0.000166862	2
-79.2859	54.3023	-0.00109608	0.000193498	2
-79.0235	55.1265	-0.00115085	0.000220279	2
-78.747	55.9415	-0.00120558	0.000247167	2
-78.4561	56.747	-0.00126018	0.000274122	2
-78.1509	57.5429	-0.00131461	0.000301104	2
-77.8312	58.329	-0.00136877	0.000328074	2
-77.4969	59.1049	-0.00142261	0.000354991	2
-77.148	59.8706	-0.00147605	0.000381817	2
-76.7844	60.6257	-0.00152903	0.000408512	2
-76.4059	61.3701	-0.00158147	0.000435037	2
-76.0125	62.1036	-0.00163331	0.000461351	2
-75.6041	62.826	-0.00168447	0.000487416	2
-75.1806	63.537	-0.00173489	0.000513191	2
-74.7418	64.2364	-0.0017845	0.000538638	2
-74.2877	64.9241	-0.00183322	0.000563716	2
-73.8183	65.5997	-0.00188098	0.000588387	2
-73.3333	66.2632	-0.00192772	0.00061261	2
-72.8328	66.9142	-0.00197337	0.000636346	2
-72.3166	67.5526	-0.00201786	0.000659555	2
-71.7908	68.1711	-0.00206062	0.000681942	2
-71.2432	68.7838	-0.00210259	0.000703987	2
-70.6795	69.3832	-0.00214319	0.000725387	2
-70.0999	69.9691	-0.00218234	0.000746103	2
-69.5041	70.5414	-0.00221998	0.000766096	2
-68.892	71.0997	-0.00225604	0.000785325	2
-68.2636	71.644	-0.00229046	0.000803751	2
-67.6188	72.1739	-0.00232315	0.000821334	2
-66.9575	72.6893	-0.00235405	0.000838036	2
-66.2795	73.1899	-0.00238309	0.000853816	2
-65.5849	73.6756	-0.0024102	0.000868635	2
-64.8735	74.1461	-0.00243532	0.000882454	2
-64.1451	74.6012	-0.00245836	0.000895232	2
-63.3998	75.0407	-0.00247927	0.00090693	2
-62.6374	75.4645	-0.00249797	0.000917509	2
-61.8578	75.8721	-0.00251439	0.00092693	2
-61.061	76.2636	-0.00252846	0.000935152	2
-60.2468	76.6386	-0.00254011	0.000942136	2
-59.4151	76.997	-0.00254928	0.000947842	2
-58.5659	77.3385	-0.00255589	0.000952232	2
-57.6991	77.6629	-0.00255987	0.000955265	2
-56.8145	77.97	-0.00256116	0.000956902	2
-55.9121	78.2596	-0.00255968	0.000957103	2
-55.0025	78.5285	-0.00255543	0.000955852	2
-54.0643	78.7827	-0.00254824	0.000953081	2
-53.1081	79.0187	-0.00253808	0.000948756	2
-52.1337	79.2364	-0.00252487	0.000942838	2

-24.9995	2.01037	2.90944e-07	8.64651e-08	2
-24.9734	2.90234	2.44984e-05	6.98178e-06	2
-24.9805	3.80442	4.73659e-05	1.28851e-05	2
-25.0204	4.70617	6.86259e-05	1.77332e-05	2
-25.0914	5.59717	8.80845e-05	2.15114e-05	2
-25.1942	6.49807	0.000106217	2.43307e-05	2
-25.3274	7.39844	0.000122813	2.61646e-05	2
-25.4901	8.2982	0.000137893	2.70363e-05	2
-25.6815	9.1973	0.000151483	2.69693e-05	2
-25.9007	10.0957	0.000163606	2.59869e-05	2
-26.147	10.9932	0.000174284	2.41123e-05	2
-26.4194	11.8899	0.000183542	2.1369e-05	2
-26.7172	12.7856	0.000191402	1.77802e-05	2
-27.0396	13.6803	0.000197888	1.33693e-05	2
-27.3855	14.5739	0.000203023	8.15959e-06	2
-27.7544	15.4664	0.000206832	2.17445e-06	2
-28.1452	16.3577	0.000209336	-4.56282e-06	2
-28.5572	17.2476	0.00021056	-1.20289e-05	2
-28.9895	18.1362	0.000210526	-2.02004e-05	2
-29.4413	19.0234	0.000209259	-2.9054e-05	2
-29.9118	19.9091	0.000206782	-3.85665e-05	2
-30.4001	20.7932	0.000203117	-4.87144e-05	2
-30.9053	21.6757	0.000198289	-5.94745e-05	2
-31.4268	22.5564	0.00019232	-7.08234e-05	2
-31.9635	23.4354	0.000185235	-8.27377e-05	2
-32.5147	24.3126	0.000177056	-9.51942e-05	2
-33.073	25.1778	0.00016792	-0.000108018	2
-33.6505	26.0511	0.000157636	-0.000121483	2
-34.24	26.9223	0.000146328	-0.00013542	2
-34.8406	27.7914	0.000134021	-0.000149807	2
-35.4515	28.6584	0.000120736	-0.00016462	2
-36.0719	29.523	0.000106498	-0.000179835	2
-36.7009	30.3854	9.13297e-05	-0.000195429	2
-37.3377	31.2454	7.52547e-05	-0.000211379	2
-37.9815	32.1029	5.82963e-05	-0.000227661	2
-38.6314	32.9578	4.04779e-05	-0.000244252	2
-39.2866	33.8102	2.18229e-05	-0.000261129	2
-39.9462	34.6599	2.35459e-06	-0.000278269	2
-40.6095	35.5069	-1.79036e-05	-0.000295648	2
-41.2755	36.351	-3.89282e-05	-0.000313242	2
-41.9434	37.1923	-6.0696e-05	-0.000331029	2
-42.6125	38.0306	-8.31835e-05	-0.000348985	2
-43.2818	38.866	-0.000106367	-0.000367087	2
-43.9506	39.6982	-0.000130224	-0.000385312	2
-44.618	40.5273	-0.000154731	-0.000403635	2
-45.2831	41.3532	-0.000179863	-0.000422035	2
-45.9451	42.1757	-0.000205599	-0.000440486	2
-46.6032	42.995	-0.000231914	-0.000458967	2
-47.2566	43.8108	-0.000258785	-0.000477454	2
-47.897	44.6137	-0.000285871	-0.000495711	2
-48.5384	45.4225	-0.000313779	-0.00051414	2
-49.1726	46.2277	-0.000342173	-0.000532505	2
-49.7987	47.0291	-0.000371029	-0.000550783	2
-50.4159	47.8268	-0.000400325	-0.00056895	2
-51.0233	48.6206	-0.000430038	-0.000586984	2
-51.6202	49.4105	-0.000460143	-0.00060486	2
-52.2056	50.1965	-0.000490617	-0.000622555	2
-52.7787	50.9784	-0.000521437	-0.000640047	2
-53.3388	51.7561	-0.00055258	-0.000657312	2
-53.8848	52.5297	-0.000584022	-0.000674326	2
-54.4162	53.2991	-0.00061574	-0.000691066	2
-54.9319	54.0641	-0.000647711	-0.000707508	2
-55.4311	54.8247	-0.00067991	-0.000723631	2
-55.9131	55.5809	-0.000712316	-0.000739409	2
-56.3769	56.3325	-0.000744903	-0.00075482	2
-56.8218	57.0796	-0.00077765	-0.000769841	2
-57.2469	57.8219	-0.000810532	-0.000784448	2
-57.6514	58.5596	-0.000843527	-0.000798617	2
-58.0344	59.2924	-0.00087661	-0.000812326	2
-58.3951	60.0204	-0.000909759	-0.000825551	2
-58.7327	60.7434	-0.00094295	-0.000838269	2
-59.0462	61.4614	-0.000976159	-0.000850457	2
-59.335	62.1743	-0.00100936	-0.00086209	2
-59.5953	62.874	-0.00104216	-0.000873023	2
-59.8322	63.5766	-0.00107529	-0.000883486	2
-60.0419	64.2739	-0.00110834	-0.000893325	2
-60.2234	64.9659	-0.00114129	-0.000902518	2
-60.3759	65.6524	-0.00117412	-0.00091104	2
-60.4986	66.3335	-0.00120681	-0.000918869	2
-60.5906	67.0089	-0.00123933	-0.00092598	2
-60.6511	67.6788	-0.00127166	-0.000932352	2
-60.6793	68.343	-0.00130377	-0.00093796	2
-60.6744	69.0013	-0.00133565	-0.000942781	2
-60.6354	69.6539	-0.00136726	-0.000946792	2
-60.5616	70.3005	-0.00139859	-0.000949969	2
-60.4522	70.9412	-0.00142961	-0.00095229	2
-60.3062	71.5758	-0.0014603	-0.00095373	2
-60.1229	72.2043	-0.00149063	-0.000954267	2
-59.9014	72.8266	-0.00152059	-0.000953876	2
-59.6409	73.4427	-0.00155014	-0.000952536	2
-59.3405	74.0524	-0.00157927	-0.000950222	2
-58.9994	74.6558	-0.00160795	-0.000946911	2
-58.6168	75.2527	-0.00163616	-0.00094258	2
-58.1919	75.8431	-0.00166387	-0.000937206	2
-57.7237	76.4268	-0.00169107	-0.000930764	2
-57.2115	77.0039	-0.00171772	-0.000923233	2
-56.6611	77.5678	-0.00174351	-0.000914693	2
-56.0588	78.1314	-0.00176901	-0.000904925	2
-55.41	78.6882	-0.0017939	-0.000893996	2
-54.7139	79.2381	-0.00181816	-0.000881884	2

24.9989	2.01127	-2.82911e-07	-3.40405e-08	2
24.895	2.97299	-2.41728e-05	-3.15741e-06	2
24.7632	3.93036	-4.74712e-05	-6.71017e-06	2
24.605	4.87238	-6.99205e-05	-1.06568e-05	2
24.4232	5.78877	-9.13021e-05	-1.49438e-05	2
24.2143	6.70112	-0.000112138	-1.96694e-05	2
23.9806	7.59897	-0.000132201	-2.47845e-05	2
23.7226	8.48259	-0.000151515	-3.02877e-05	2
23.441	9.35228	-0.000170106	-3.61775e-05	2
23.1362	10.2083	-0.000188	-4.24524e-05	2
22.8088	11.051	-0.000205221	-4.9111e-05	2
22.4594	11.8805	-0.000221796	-5.61518e-05	2
22.0883	12.6973	-0.000237748	-6.35734e-05	2
21.6962	13.5015	-0.000253104	-7.13742e-05	2
21.2836	14.2935	-0.000267889	-7.95529e-05	2
20.8511	15.0735	-0.000282127	-8.8108e-05	2
20.3991	15.8418	-0.000295846	-9.7038e-05	2
19.9282	16.5987	-0.000309068	-0.000106341	2
19.4389	17.3445	-0.000321821	-0.000116017	2
18.9318	18.0795	-0.000334129	-0.000126063	2
18.4073	18.8039	-0.000346017	-0.000136478	2
17.8661	19.518	-0.000357511	-0.00014726	2
17.3086	20.2222	-0.000368636	-0.000158409	2
16.7354	20.9166	-0.000379417	-0.000169923	2
16.147	21.6016	-0.000389881	-0.000181799	2
15.5439	22.2774	-0.00040005	-0.000194038	2
14.9339	22.9368	-0.00040984	-0.000206489	2
14.3032	23.5953	-0.000419502	-0.000219443	2
13.6595	24.2454	-0.000428947	-0.000232754	2
13.0032	24.8876	-0.0004382	-0.00024642	2
12.3349	25.522	-0.000447285	-0.000260441	2
11.6551	26.149	-0.000456229	-0.000274816	2
10.9644	26.7687	-0.000465057	-0.000289541	2
10.2632	27.3816	-0.000473793	-0.000304617	2
9.55214	27.9879	-0.000482464	-0.000320042	2
8.83171	28.5878	-0.000491094	-0.000335813	2
8.10245	29.1816	-0.000499708	-0.00035193	2
7.36488	29.7697	-0.000508333	-0.000368392	2
6.61954	30.3523	-0.000516993	-0.000385196	2
5.86696	30.9297	-0.000525714	-0.000402342	2
5.10767	31.5022	-0.000534521	-0.000419827	2
4.3422	32.07	-0.000543439	-0.000437651	2
3.57107	32.6335	-0.000552493	-0.000455811	2
2.79483	33.1929	-0.000561709	-0.000474308	2
2.014	33.7485	-0.000571112	-0.000493138	2
1.22911	34.3005	-0.000580727	-0.0005123	2
0.440693	34.8494	-0.00059058	-0.000531794	2
-0.350721	35.3953	-0.000600696	-0.000551618	2
-1.1446	35.9385	-0.0006111	-0.000571769	2
-1.93126	36.4731	-0.000621693	-0.00059201	2
-2.72847	37.0118	-0.000632745	-0.00061281	2
-3.52656	37.5487	-0.000644161	-0.000633933	2
-4.325	38.084	-0.000655966	-0.000655379	2
-5.12325	38.6181	-0.000668186	-0.000677146	2
-5.9208	39.1512	-0.000680845	-0.000699232	2
-6.71711	39.6836	-0.000693968	-0.000721636	2
-7.51164	40.2156	-0.000707582	-0.000744356	2
-8.30387	40.7474	-0.000721712	-0.000767392	2
-9.09326	41.2794	-0.000736382	-0.000790741	2
-9.8793	41.8118	-0.000751618	-0.000814402	2
-10.6614	42.3449	-0.000767446	-0.000838374	2
-11.4391	42.879	-0.00078389	-0.000862655	2
-12.2119	43.4144	-0.000800976	-0.000887243	2
-12.9792	43.9513	-0.000818729	-0.000912138	2
-13.7404	44.49	-0.000837175	-0.000937338	2
-14.4951	45.0309	-0.000856338	-0.000962841	2
-15.2427	45.5741	-0.000876245	-0.000988646	2
-15.9828	46.12	-0.00089692	-0.00101475	2
-16.7146	46.6689	-0.000918388	-0.00104116	2
-17.4378	47.2211	-0.000940675	-0.00106786	2
-18.1518	47.7767	-0.000963806	-0.00109485	2
-18.8561	48.3362	-0.000987807	-0.00112215	2
-19.5501	48.8997	-0.0010127	-0.00114973	2
-20.2256	49.4611	-0.00103822	-0.00117729	2
-20.8976	50.0336	-0.00106497	-0.00120545	2
-21.5578	50.611	-0.00109269	-0.0012339	2
-22.2056	51.1936	-0.0011214	-0.00126264	2
-22.8405	51.7818	-0.00115114	-0.00129167	2
-23.4619	52.3757	-0.00118192	-0.00132098	2
-24.0694	52.9756	-0.00121378	-0.00135057	2
-24.6624	53.5819	-0.00124673	-0.00138044	2
-25.2403	54.1949	-0.0012808	-0.0014106	2
-25.8027	54.8147	-0.00131602	-0.00144103	2
-26.349	55.4417	-0.00135241	-0.00147174	2
-26.8787	56.0761	-0.00139	-0.00150273	2
-27.3912	56.7183	-0.00142882	-0.00153399	2
-27.886	57.3686	-0.00146888	-0.00156552	2
-28.3626	58.0271	-0.00151022	-0.00159732	2
-28.8205	58.6942	-0.00155285	-0.00162939	2
-29.2591	59.3702	-0.00159681	-0.00166173	2
-29.6779	60.0554	-0.00164212	-0.00169434	2
-30.0763	60.75	-0.0016888	-0.00172721	2
-30.4539	61.4543	-0.00173689	-0.00176035	2
-30.8101	62.1686	-0.0017864	-0.00179375	2
-31.1443	62.8932	-0.00183736	-0.00182741	2
-31.4561	63.6284	-0.00188979	-0.00186133	2
-31.7417	64.3657	-0.0019431	-0.00189511	2
-32.0073	65.1227	-0.00199855	-0.00192955	2
-32.2488	65.8911	-0.00205555	-0.00196423	2
-32.4657	66.6712	-0.00211412	-0.00199917	2

74.9994	2.01166	6.42291e-08	-4.46268e-07	2
74.9402	3.0101	7.03385e-06	-3.74509e-05	2
74.8627	4.01184	1.69627e-05	-7.21523e-05	2
74.7676	5.00538	2.97407e-05	-0.000104152	2
74.6567	5.97954	4.5127e-05	-0.000133175	2
74.5276	6.95713	6.34341e-05	-0.000159943	2
74.3819	7.92689	8.4453e-05	-0.000184152	2
74.2199	8.88896	0.000108138	-0.000205848	2
74.0418	9.84348	0.000134443	-0.00022508	2
73.848	10.7906	0.000163322	-0.000241895	2
73.6386	11.7304	0.000194729	-0.00025634	2
73.4142	12.663	0.000228619	-0.000268463	2
73.1748	13.5886	0.000264944	-0.000278312	2
72.9208	14.5073	0.000303661	-0.000285935	2
72.6526	15.4193	0.000344722	-0.000291378	2
72.3703	16.3246	0.000388081	-0.000294689	2
72.0744	17.2234	0.000433693	-0.000295916	2
71.765	18.1159	0.000481512	-0.000295106	2
71.4425	19.0021	0.000531492	-0.000292308	2
71.1072	19.8822	0.000583587	-0.000287568	2
70.7593	20.7563	0.000637751	-0.000280934	2
70.3992	21.6246	0.000693938	-0.000272454	2
70.0272	22.4872	0.000752102	-0.000262175	2
69.6435	23.3442	0.000812197	-0.000250144	2
69.2484	24.1958	0.000874178	-0.00023641	2
68.8422	25.0421	0.000937998	-0.00022102	2
68.4302	25.8736	0.00100285	-0.000204226	2
68.0029	26.7097	0.00107019	-0.000185684	2
67.5654	27.5408	0.00113923	-0.000165628	2
67.118	28.3673	0.00120993	-0.000144106	2
66.661	29.189	0.00128224	-0.000121164	2
66.1947	30.0063	0.00135612	-9.68519e-05	2
65.7194	30.8191	0.00143151	-7.12155e-05	2
65.2353	31.6277	0.00150838	-4.43029e-05	2
64.7428	32.4322	0.00158667	-1.61617e-05	2
64.2422	33.2327	0.00166634	1.31606e-05	2
63.7337	34.0293	0.00174735	4.36165e-05	2
63.2177	34.8222	0.00182965	7.51583e-05	2
62.6944	35.6115	0.00191319	0.000107739	2
62.1641	36.3974	0.00199793	0.00014131	2
61.6271	37.1799	0.00208381	0.000175824	2
61.0838	37.9593	0.00217081	0.000211234	2
60.5343	38.7355	0.00225886	0.000247493	2
59.9791	39.5089	0.00234793	0.000284552	2
59.4184	40.2794	0.00243796	0.000322364	2
58.8524	41.0473	0.00252892	0.000360881	2
58.2816	41.8126	0.00262075	0.000400057	2
57.7061	42.5756	0.00271341	0.000439843	2
57.1262	43.3362	0.00280685	0.000480192	2
56.5491	44.086	0.00289995	0.000520583	2
55.9615	44.8426	0.00299482	0.00056191	2
55.3705	45.5973	0.00309033	0.000603657	2
54.7763	46.3502	0.00318644	0.000645778	2
54.1792	47.1015	0.00328311	0.000688224	2
53.5796	47.8513	0.00338029	0.000730948	2
52.9777	48.5998	0.00347793	0.000773903	2
52.3737	49.3471	0.00357599	0.000817041	2
51.7681	50.0933	0.00367442	0.000860314	2
51.1611	50.8385	0.00377317	0.000903675	2
50.553	51.583	0.00387221	0.000947076	2
49.944	52.3267	0.00397147	0.000990469	2
49.3345	53.0699	0.00407093	0.00103381	2
48.7248	53.8127	0.00417052	0.00107704	2
48.1151	54.5551	0.00427021	0.00112013	2
47.5058	55.2975	0.00436996	0.00116302	2
46.8972	56.0398	0.0044697	0.00120566	2
46.2895	56.7822	0.0045694	0.00124802	2
45.683	57.5248	0.00466902	0.00129003	2
45.078	58.2678	0.0047685	0.00133165	2
44.4749	59.0114	0.0048678	0.00137284	2
43.8739	59.7555	0.00496687	0.00141354	2
43.2752	60.5005	0.00506568	0.00145372	2
42.6793	61.2463	0.00516416	0.00149331	2
42.0932	61.9846	0.00526116	0.00153184	2
41.5035	62.7326	0.00535887	0.00157015	2
40.9174	63.4819	0.00545614	0.00160773	2
40.3351	64.2326	0.0055529	0.00164455	2
39.757	64.9849	0.00564911	0.00168056	2
39.1834	65.7389	0.00574473	0.0017157	2
38.6145	66.4948	0.00583972	0.00174993	2
38.0506	67.2525	0.00593402	0.0017832	2
37.4921	68.0124	0.00602758	0.00181546	2
36.9392	68.7745	0.00612038	0.00184668	2
36.3922	69.539	0.00621235	0.00187679	2
35.8515	70.3059	0.00630345	0.00190576	2
35.3172	71.0754	0.00639364	0.00193352	2
34.7897	71.8477	0.00648286	0.00196005	2
34.2694	72.6229	0.00657108	0.00198529	2
33.7564	73.4011	0.00665825	0.00200918	2
33.251	74.1825	0.00674433	0.00203169	2
32.7537	74.9671	0.00682925	0.00205277	2
32.2646	75.7551	0.00691299	0.00207237	2
31.7841	76.5467	0.0069955	0.00209043	2
31.3124	77.342	0.00707672	0.00210693	2
30.8499	78.1411	0.00715661	0.00212179	2
30.3968	78.9441	0.00723513	0.00213499	2
29.9584	79.7418	0.00731136	0.00214635	2
29.525	80.5531	0.00738701	0.00215608	2
29.1018	81.3687	0.00746115	0.002164	2
28.6893	82.1887	0.00753374	0.00217005	2

125	2.01263	6.45821e-07	-6.72079e-08	2
124.981	3.09348	5.66317e-05	-6.75357e-06	2
124.978	4.17686	0.000114151	-1.53284e-05	2
124.991	5.25024	0.000172538	-2.57051e-05	2
125.02	6.30154	0.000231086	-3.77146e-05	2
125.065	7.35529	0.000291138	-5.16171e-05	2
125.125	8.39929	0.000351998	-6.72638e-05	2
125.201	9.43363	0.000413644	-8.46354e-05	2
125.292	10.4584	0.000476059	-0.000103713	2
125.397	11.4737	0.00053922	-0.000124476	2
125.518	12.4796	0.000603108	-0.000146906	2
125.653	13.4762	0.000667704	-0.000170984	2
125.802	14.4635	0.000732986	-0.000196691	2
125.966	15.4418	0.000798935	-0.000224006	2
126.144	16.411	0.000865531	-0.000252911	2
126.336	17.3712	0.000932754	-0.000283386	2
126.541	18.3225	0.00100058	-0.000315412	2
126.76	19.2651	0.001069	-0.000348971	2
126.992	20.199	0.00113798	-0.000384041	2
127.237	21.1242	0.00120751	-0.000420605	2
127.495	22.041	0.00127756	-0.000458642	2
127.766	22.9492	0.00134812	-0.000498134	2
128.049	23.8492	0.00141917	-0.000539061	2
128.344	24.7409	0.00149068	-0.000581404	2
128.652	25.6244	0.00156264	-0.000625143	2
128.972	26.4998	0.00163503	-0.00067026	2
129.3	27.3573	0.00170698	-0.000716193	2
129.643	28.2169	0.00178015	-0.00076399	2
129.997	29.0686	0.00185369	-0.000813108	2
130.363	29.9126	0.00192757	-0.000863525	2
130.74	30.749	0.00200178	-0.000915224	2
131.127	31.5778	0.00207629	-0.000968183	2
131.525	32.3991	0.00215109	-0.00102239	2
131.934	33.2131	0.00222616	-0.00107781	2
132.353	34.0197	0.00230147	-0.00113444	2
132.782	34.8191	0.002377	-0.00119225	2
133.221	35.6114	0.00245274	-0.00125123	2
133.67	36.3966	0.00252867	-0.00131135	2
134.129	37.1749	0.00260476	-0.0013726	2
134.596	37.9463	0.00268099	-0.00143496	2
135.073	38.7109	0.00275735	-0.0014984	2
135.559	39.4688	0.00283382	-0.00156292	2
136.054	40.2201	0.00291037	-0.00162848	2
136.557	40.9649	0.00298698	-0.00169507	2
137.068	41.7033	0.00306364	-0.00176267	2
137.588	42.4353	0.00314032	-0.00183127	2
138.116	43.161	0.00321701	-0.00190083	2
138.652	43.8806	0.00329368	-0.00197135	2
139.196	44.5941	0.00337031	-0.0020428	2
139.74	45.2935	0.00344601	-0.00211433	2
140.298	45.9952	0.00352252	-0.00218758	2
140.864	46.691	0.00359892	-0.0022617	2
141.436	47.3811	0.00367522	-0.00233668	2
142.015	48.0655	0.00375137	-0.0024125	2
142.6	48.7444	0.00382737	-0.00248914	2
143.192	49.4178	0.00390319	-0.00256657	2
143.79	50.0858	0.00397882	-0.00264478	2
144.394	50.7485	0.00405423	-0.00272375	2
145.004	51.406	0.0041294	-0.00280347	2
145.62	52.0584	0.00420432	-0.0028839	2
146.241	52.7057	0.00427896	-0.00296503	2
146.867	53.3481	0.0043533	-0.00304685	2
147.498	53.9856	0.00442733	-0.00312933	2
148.134	54.6183	0.00450102	-0.00321245	2
148.775	55.2463	0.00457435	-0.0032962	2
149.42	55.8697	0.00464731	-0.00338055	2
150.07	56.4887	0.00471986	-0.00346549	2
150.723	57.1031	0.004792	-0.003551	2
151.381	57.7133	0.00486371	-0.00363705	2
152.042	58.3191	0.00493495	-0.00372363	2
152.707	58.9208	0.00500572	-0.00381072	2
153.376	59.5185	0.00507599	-0.0038983	2
154.047	60.1121	0.00514574	-0.00398634	2
154.714	60.6951	0.00521416	-0.00407382	2
155.391	61.281	0.00528283	-0.00416275	2
156.071	61.8632	0.00535091	-0.00425208	2
156.753	62.4418	0.0054184	-0.00434181	2
157.438	63.0168	0.00548527	-0.00443191	2
158.125	63.5883	0.0055515	-0.00452237	2
158.813	64.1564	0.00561707	-0.00461316	2
159.503	64.7213	0.00568197	-0.00470427	2
160.195	65.2829	0.00574616	-0.00479567	2
160.888	65.8414	0.00580964	-0.00488735	2
161.582	66.3969	0.00587238	-0.00497929	2
162.277	66.9494	0.00593436	-0.00507147	2
162.973	67.4991	0.00599556	-0.00516386	2
163.67	68.0459	0.00605597	-0.00525646	2
164.367	68.5901	0.00611555	-0.00534923	2
165.064	69.1317	0.0061743	-0.00544217	2
165.761	69.6708	0.00623218	-0.00553525	2
166.458	70.2074	0.00628919	-0.00562845	2
167.154	70.7417	0.0063453	-0.00572175	2
167.85	71.2738	0.00640049	-0.00581514	2
168.545	71.8036	0.00645474	-0.00590859	2
169.239	72.3314	0.00650803	-0.00600209	2
169.933	72.8573	0.00656034	-0.00609561	2
170.616	73.3751	0.00661107	-0.00618806	2
171.307	73.8973	0.00666137	-0.00628158	2
171.995	74.4176	0.00671063	-0.00637506	2
172.682	74.9364	0.00675884	-0.0064685	2

