-125.002	2.01016	4.93511e-07	4.80615e-08	2
-125.159	2.8859	4.13499e-05	3.81664e-06	2
-125.339	3.77522	7.95247e-05	6.90841e-06	2
-125.54	4.66781	0.000114574	9.29496e-06	2
-125.758	5.5532	0.000146199	1.09802e-05	2
-125.997	6.45181	0.000175182	1.20229e-05	2
-126.256	7.35322	0.00020119	1.24191e-05	2
-126.532	8.25727	0.000224272	1.21884e-05	2
-126.825	9.16379	0.000244478	1.13507e-05	2
-127.135	10.0726	0.000261858	9.9254e-06	2
-127.462	10.9837	0.000276461	7.93231e-06	2
-127.803	11.8967	0.000288338	5.39104e-06	2
-128.159	12.8116	0.000297539	2.32126e-06	2
-128.53	13.7281	0.000304114	-1.25737e-06	2
-128.914	14.6462	0.000308112	-5.32521e-06	2
-129.31	15.5657	0.000309583	-9.86259e-06	2
-129.719	16.4864	0.000308578	-1.48498e-05	2
-130.139	17.4082	0.000305146	-2.02673e-05	2
-130.57	18.3308	0.000299337	-2.60954e-05	2
-131.012	19.2543	0.000291201	-3.23143e-05	2
-131.463	20.1783	0.000280789	-3.89045e-05	2
-131.923	21.1027	0.000268149	-4.58463e-05	2
-132.391	22.0274	0.000253332	-5.31201e-05	2
-132.867	22.9523	0.000236389	-6.07061e-05	2
-133.35	23.8771	0.000217368	-6.85847e-05	2
-133.839	24.8017	0.000196319	-7.67363e-05	2
-134.328	25.7153	0.000173569	-8.50432e-05	2
-134.828	26.639	0.000148638	-9.36791e-05	2
-135.332	27.5621	0.000121828	-0.000102529	2
-135.84	28.4844	9.31906e-05	-0.000111574	2
-136.352	29.4056	6.27747e-05	-0.000120794	2
-136.865	30.3258	3.06304e-05	-0.000130168	2
-137.381	31.2446	-3.19222e-06	-0.000139679	2
-137.898	32.162	-3.86433e-05	-0.000149305	2
-138.415	33.0778	-7.5673e-05	-0.000159028	2
-138.932	33.9918	-0.000114231	-0.000168827	2
-139.449	34.9038	-0.000154268	-0.000178683	2
-139.964	35.8138	-0.000195734	-0.000188576	2
-140.477	36.7216	-0.000238579	-0.000198488	2
-140.988	37.627	-0.000282752	-0.000208397	2
-141.495	38.5298	-0.000328205	-0.000218284	2
-141.999	39.4298	-0.000374886	-0.00022813	2
-142.497	40.3271	-0.000422747	-0.000237915	2
-142.991	41.2212	-0.000471737	-0.000247619	2
-143.478	42.1122	-0.000521806	-0.000257223	2
-143.96	42.9999	-0.000572905	-0.000266707	2
-144.433	43.8841	-0.000624983	-0.000276051	2
-144.9	44.7646	-0.00067799	-0.000285237	2
-145.357	45.6413	-0.000731877	-0.000294243	2
-145.801	46.504	-0.000785961	-0.00030295	2
-146.24	47.3726	-0.000841448	-0.000311542	2
-146.668	48.2369	-0.000897667	-0.000319896	2
-147.086	49.0968	-0.000954565	-0.000327993	2
-147.491	49.9521	-0.00101209	-0.000335813	2
-147.885	50.8027	-0.0010702	-0.000343336	2
-148.266	51.6483	-0.00112884	-0.000350543	2
-148.633	52.4889	-0.00118797	-0.000357413	2
-148.985	53.3242	-0.00124752	-0.000363928	2
-149.323	54.1542	-0.00130745	-0.000370068	2
-149.645	54.9785	-0.00136771	-0.000375813	2
-149.951	55.7972	-0.00142826	-0.000381143	2
-150.241	56.6101	-0.00148904	-0.000386039	2
-150.513	57.4169	-0.00154999	-0.000390481	2
-150.766	58.2175	-0.00161108	-0.000394449	2
-151.001	59.0118	-0.00167225	-0.000397925	2
-151.217	59.7997	-0.00173345	-0.000400887	2
-151.412	60.5808	-0.00179464	-0.000403316	2
-151.587	61.3552	-0.00185575	-0.000405194	2
-151.741	62.1226	-0.00191675	-0.000406499	2
-151.872	62.8829	-0.00197757	-0.000407213	2
-151.981	63.6359	-0.00203818	-0.000407316	2
-152.066	64.3815	-0.00209852	-0.000406788	2
-152.128	65.1195	-0.00215855	-0.000405609	2
-152.165	65.8414	-0.00221752	-0.000403785	2
-152.177	66.5638	-0.00227676	-0.000401255	2
-152.164	67.2781	-0.00233554	-0.000398015	2
-152.123	67.9843	-0.00239379	-0.000394046	2
-152.056	68.682	-0.00245149	-0.000389328	2
-151.961	69.3713	-0.00250856	-0.000383843	2
-151.838	70.0518	-0.00256497	-0.000377569	2
-151.685	70.7235	-0.00262066	-0.000370488	2
-151.503	71.3862	-0.00267558	-0.000362579	2
-151.291	72.0397	-0.00272969	-0.000353824	2
-151.047	72.6839	-0.00278292	-0.000344202	2
-150.772	73.3186	-0.00283525	-0.000333694	2
-150.464	73.9437	-0.0028866	-0.00032228	2
-150.124	74.559	-0.00293694	-0.000309941	2
-149.75	75.1643	-0.00298622	-0.000296656	2
-149.342	75.7595	-0.00303438	-0.000282407	2
-148.899	76.3445	-0.00308137	-0.000267173	2
-148.42	76.919	-0.00312714	-0.000250935	2
-147.906	77.483	-0.00317165	-0.000233673	2
-147.354	78.0362	-0.00321484	-0.000215368	2
-146.765	78.5785	-0.00325667	-0.000195999	2
-146.138	79.1098	-0.00329708	-0.000175548	2
-145.472	79.6299	-0.00333603	-0.000153995	2
-144.776	80.1328	-0.00337303	-0.000131586	2
-144.031	80.6301	-0.00340892	-0.000107782	2
-143.246	81.1157	-0.00344318	-8.28161e-05	2
-142.419	81.5895	-0.00347579	-5.66698e-05	2

-75.0007	2.01195	3.4745e-08	-1.39884e-07	2
-75.078	3.03213	3.18125e-06	-1.21858e-05	2
-75.1852	4.04863	6.66826e-06	-2.44012e-05	2
-75.3208	5.04979	1.04387e-05	-3.66427e-05	2
-75.4822	6.02464	1.44225e-05	-4.87654e-05	2
-75.6725	6.99614	1.86902e-05	-6.10477e-05	2
-75.8894	7.95316	2.31746e-05	-7.33451e-05	2
-76.1322	8.896	2.78534e-05	-8.56539e-05	2
-76.4003	9.82494	3.27041e-05	-9.79704e-05	2
-76.693	10.7403	3.77046e-05	-0.000110291	2
-77.0098	11.6423	4.28324e-05	-0.000122612	2
-77.3499	12.5313	4.80653e-05	-0.000134929	2
-77.7128	13.4075	5.33808e-05	-0.00014724	2
-78.0978	14.2713	5.87568e-05	-0.00015954	2
-78.5043	15.123	6.41707e-05	-0.000171826	2
-78.9315	15.9628	6.96004e-05	-0.000184094	2
-79.379	16.791	7.50234e-05	-0.00019634	2
-79.8461	17.6079	8.04174e-05	-0.000208561	2
-80.332	18.4138	8.57602e-05	-0.000220753	2
-80.8363	19.209	9.10293e-05	-0.000232912	2
-81.3581	19.9938	9.62025e-05	-0.000245035	2
-81.897	20.7685	0.000101257	-0.000257118	2
-82.4523	21.5334	0.000106172	-0.000269158	2
-83.0233	22.2887	0.000110923	-0.00028115	2
-83.6094	23.0347	0.000115489	-0.000293091	2
-84.21	23.7718	0.000119847	-0.000304977	2
-84.8173	24.4919	0.000123929	-0.00031667	2
-85.4447	25.212	0.000127809	-0.000328437	2
-86.0847	25.924	0.000131413	-0.000340138	2
-86.7366	26.6282	0.000134721	-0.00035177	2
-87.3998	27.3249	0.00013771	-0.000363329	2
-88.0737	28.0144	0.000140358	-0.000374811	2
-88.7576	28.6969	0.000142642	-0.000386214	2
-89.4508	29.3728	0.00014454	-0.000397532	2
-90.1528	30.0423	0.00014603	-0.000408762	2
-90.8629	30.7058	0.000147089	-0.000419902	2
-91.5805	31.3635	0.000147694	-0.000430946	2
-92.3049	32.0157	0.000147825	-0.000441892	2
-93.0354	32.6627	0.000147458	-0.000452735	2
-93.7716	33.3048	0.00014657	-0.000463473	2
-94.5126	33.9423	0.000145141	-0.000474101	2
-95.258	34.5755	0.000143147	-0.000484615	2
-96.0069	35.2046	0.000140565	-0.000495013	2
-96.7589	35.83	0.000137375	-0.00050529	2
-97.5133	36.452	0.000133552	-0.000515442	2
-98.2694	37.0707	0.000129076	-0.000525467	2
-99.0266	37.6866	0.000123923	-0.00053536	2
-99.7842	38.3	0.000118072	-0.000545118	2
-100.542	38.911	0.0001115	-0.000554736	2
-101.29	39.513	0.000104272	-0.000564104	2
-102.045	40.1203	9.61997e-05	-0.000573436	2
-102.798	40.7262	8.73394e-05	-0.000582618	2
-103.548	41.331	7.76691e-05	-0.000591645	2
-104.296	41.9349	6.71663e-05	-0.000600516	2
-105.039	42.5383	5.58088e-05	-0.000609226	2
-105.777	43.1414	4.35741e-05	-0.000617771	2
-106.51	43.7445	3.04401e-05	-0.000626148	2
-107.238	44.348	1.63843e-05	-0.000634353	2
-107.958	44.952	1.38443e-06	-0.000642382	2
-108.672	45.5569	-1.45819e-05	-0.000650232	2
-109.378	46.1631	-3.15369e-05	-0.000657899	2
-110.075	46.7707	-4.9503e-05	-0.000665379	2
-110.763	47.3801	-6.85026e-05	-0.000672669	2
-111.442	47.9915	-8.85579e-05	-0.000679765	2
-112.11	48.6053	-0.000109691	-0.000686664	2
-112.767	49.2217	-0.000131925	-0.000693361	2
-113.413	49.841	-0.000155282	-0.000699853	2
-114.046	50.4636	-0.000179783	-0.000706136	2
-114.667	51.0896	-0.000205452	-0.000712208	2
-115.273	51.7195	-0.000232311	-0.000718063	2
-115.866	52.3534	-0.000260382	-0.000723699	2
-116.444	52.9918	-0.000289687	-0.000729111	2
-117.006	53.6348	-0.000320249	-0.000734296	2
-117.546	54.2752	-0.000351717	-0.000739195	2
-118.076	54.9284	-0.000384844	-0.000743918	2
-118.589	55.5871	-0.000419295	-0.000748403	2
-119.083	56.2516	-0.000455092	-0.000752647	2
-119.559	56.9222	-0.000492257	-0.000756645	2
-120.015	57.5992	-0.000530812	-0.000760394	2
-120.452	58.2829	-0.00057078	-0.000763891	2
-120.868	58.9736	-0.000612183	-0.000767131	2
-121.263	59.6716	-0.000655044	-0.000770112	2
-121.636	60.3772	-0.000699384	-0.000772829	2
-121.987	61.0906	-0.000745227	-0.000775278	2
-122.314	61.8122	-0.000792594	-0.000777457	2
-122.618	62.5421	-0.000841508	-0.000779361	2
-122.898	63.2809	-0.000891991	-0.000780986	2
-123.152	64.0286	-0.000944066	-0.00078233	2
-123.381	64.7857	-0.000997754	-0.000783388	2
-123.584	65.5523	-0.00105308	-0.000784156	2
-123.759	66.3288	-0.00111006	-0.000784632	2
-123.908	67.1156	-0.00116873	-0.000784811	2
-124.028	67.9127	-0.00122909	-0.00078469	2
-124.119	68.7207	-0.00129118	-0.000784265	2
-124.18	69.5397	-0.00135503	-0.000783532	2
-124.212	70.37	-0.00142064	-0.000782488	2
-124.213	71.2022	-0.00148725	-0.000781146	2
-124.183	72.056	-0.00155645	-0.000779472	2
-124.121	72.9219	-0.00162748	-0.000777475	2
-124.026	73.8004	-0.00170038	-0.000775153	2

-25.0027	2.01364	6.1436e-07	-2.41714e-07	2
-25.2475	3.17641	5.32591e-05	-1.99983e-05	2
-25.5179	4.33165	0.000106133	-3.79342e-05	2
-25.8106	5.46606	0.000158622	-5.38425e-05	2
-26.1217	6.5673	0.000210129	-6.76092e-05	2
-26.4579	7.66135	0.000261851	-7.95891e-05	2
-26.8154	8.73563	0.000313188	-8.96456e-05	2
-27.1938	9.79049	0.000364139	-9.78134e-05	2
-27.5927	10.8263	0.000414704	-0.000104127	2
-28.0116	11.8434	0.000464883	-0.000108622	2
-28.4502	12.8421	0.000514676	-0.000111333	2
-28.9082	13.8228	0.000564082	-0.000112295	2
-29.3851	14.7859	0.000613101	-0.000111542	2
-29.8805	15.7317	0.000661734	-0.00010911	2
-30.394	16.6605	0.00070998	-0.000105033	2
-30.9253	17.5727	0.000757839	-9.93456e-05	2
-31.474	18.4687	0.000805311	-9.20834e-05	2
-32.0396	19.3488	0.000852395	-8.3281e-05	2
-32.6218	20.2134	0.000899092	-7.29732e-05	2
-33.2202	21.0628	0.000945401	-6.11948e-05	2
-33.8343	21.8974	0.000991322	-4.79807e-05	2
-34.4639	22.7175	0.00103686	-3.33657e-05	2
-35.1085	23.5235	0.001082	-1.73846e-05	2
-35.7677	24.3157	0.00112676	-7.23778e-08	2
-36.4412	25.0945	0.00117113	1.85363e-05	2
-37.1284	25.8602	0.00121511	3.84064e-05	2
-37.821	26.6047	0.0012582	5.9254e-05	2
-38.5347	27.3455	0.0013014	8.15292e-05	2
-39.261	28.0743	0.00134422	0.000104962	2
-39.9996	28.7915	0.00138665	0.000129517	2
-40.7501	29.4974	0.00142869	0.00015516	2
-41.5121	30.1923	0.00147034	0.000181856	2
-42.2852	30.8766	0.0015116	0.00020957	2
-43.069	31.5507	0.00155247	0.000238267	2
-43.8631	32.2149	0.00159295	0.000267912	2
-44.6672	32.8696	0.00163304	0.000298471	2
-45.4808	33.515	0.00167274	0.000329909	2
-46.3036	34.1517	0.00171204	0.000362191	2
-47.1352	34.7799	0.00175096	0.000395282	2
-47.9751	35.3999	0.00178949	0.000429146	2
-48.823	36.0122	0.00182763	0.000463751	2
-49.6785	36.6171	0.00186537	0.000499059	2
-50.5412	37.2149	0.00190272	0.000535038	2
-51.4107	37.8061	0.00193969	0.000571651	2
-52.2866	38.3908	0.00197626	0.000608864	2
-53.1686	38.9696	0.00201244	0.000646642	2
-54.0562	39.5427	0.00204822	0.000684951	2
-54.949	40.1105	0.00208362	0.000723755	2
-55.8467	40.6733	0.00211862	0.00076302	2
-56.7385	41.2252	0.00215284	0.000802252	2
-57.6447	41.7793	0.00218706	0.000842329	2
-58.5545	42.3295	0.00222089	0.000882763	2
-59.4677	42.8762	0.00225433	0.000923518	2
-60.3838	43.4197	0.00228737	0.000964561	2
-61.3024	43.9603	0.00232002	0.00100585	2
-62.2231	44.4985	0.00235228	0.00104737	2
-63.1456	45.0346	0.00238414	0.00108906	2
-64.0694	45.5689	0.00241561	0.0011309	2
-64.9942	46.1017	0.00244669	0.00117286	2
-65.9195	46.6336	0.00247737	0.00121489	2
-66.845	47.1647	0.00250766	0.00125696	2
-67.7702	47.6954	0.00253756	0.00129904	2
-68.6949	48.2262	0.00256706	0.0013411	2
-69.6186	48.7573	0.00259616	0.00138309	2
-70.5408	49.2891	0.00262487	0.00142499	2
-71.4613	49.8219	0.00265319	0.00146676	2
-72.3796	50.3562	0.00268111	0.00150836	2
-73.2954	50.8922	0.00270864	0.00154976	2
-74.2082	51.4304	0.00273577	0.00159092	2
-75.1176	51.971	0.0027625	0.00163182	2
-76.0233	52.5144	0.00278884	0.00167241	2
-76.9249	53.061	0.00281478	0.00171265	2
-77.822	53.6112	0.00284033	0.00175253	2
-78.7039	54.1588	0.0028652	0.00179154	2
-79.5909	54.717	0.00288996	0.00183056	2
-80.4721	55.2798	0.00291432	0.00186911	2
-81.3472	55.8475	0.00293829	0.00190714	2
-82.2159	56.4205	0.00296186	0.00194462	2
-83.0778	56.9992	0.00298503	0.00198152	2
-83.9323	57.5839	0.00300781	0.00201779	2
-84.7793	58.1749	0.00303018	0.00205342	2
-85.6182	58.7726	0.00305217	0.00208836	2
-86.4487	59.3773	0.00307375	0.00212257	2
-87.2704	59.9895	0.00309494	0.00215603	2
-88.0828	60.6094	0.00311573	0.00218869	2
-88.8857	61.2375	0.00313612	0.00222053	2
-89.6786	61.874	0.00315611	0.0022515	2
-90.4611	62.5193	0.0031757	0.00228158	2
-91.2329	63.1739	0.0031949	0.00231072	2
-91.9935	63.8379	0.00321369	0.0023389	2
-92.7425	64.5118	0.00323209	0.00236607	2
-93.4796	65.196	0.00325009	0.00239221	2
-94.2044	65.8907	0.00326769	0.00241728	2
-94.9165	66.5964	0.00328489	0.00244124	2
-95.6154	67.3134	0.0033017	0.00246406	2
-96.3009	68.042	0.0033181	0.0024857	2
-96.9648	68.774	0.00333392	0.00250591	2
-97.6222	69.5269	0.00334953	0.00252511	2
-98.265	70.2924	0.00336473	0.00254303	2
-98.8927	71.071	0.00337954	0.00255964	2

24.996	2.01266	6.27281e-07	1.33102e-07	2
24.6628	3.09956	5.44238e-05	1.10964e-05	2
24.3422	4.19524	0.000108549	2.12195e-05	2
24.0381	5.28707	0.000162381	3.03767e-05	2
23.7533	6.36261	0.000215312	3.84863e-05	2
23.4813	7.4469	0.00026858	4.57443e-05	2
23.2251	8.52745	0.000321573	5.20581e-05	2
22.9847	9.6043	0.000374297	5.74351e-05	2
22.7598	10.6775	0.000426758	6.18826e-05	2
22.5502	11.747	0.000478962	6.54077e-05	2
22.3558	12.813	0.000530916	6.8018e-05	2
22.1764	13.8754	0.000582624	6.97206e-05	2
22.0118	14.9343	0.000634095	7.05228e-05	2
21.8619	15.9897	0.000685332	7.0432e-05	2
21.7264	17.0416	0.000736343	6.94555e-05	2
21.6052	18.0901	0.000787133	6.76006e-05	2
21.4982	19.1353	0.000837708	6.48745e-05	2
21.405	20.1771	0.000888075	6.12846e-05	2
21.3256	21.2156	0.00093824	5.68381e-05	2
21.2598	22.2509	0.000988207	5.15425e-05	2
21.2074	23.2829	0.00103798	4.54049e-05	2
21.1682	24.3117	0.00108758	3.84327e-05	2
21.142	25.3374	0.00113699	3.06332e-05	2
21.1287	26.3599	0.00118623	2.20136e-05	2
21.1281	27.3794	0.00123531	1.25814e-05	2
21.14	28.3958	0.00128422	2.34376e-06	2
21.1638	29.3976	0.00133242	-8.56064e-06	2
21.2001	30.408	0.00138104	-2.03782e-05	2
21.2483	31.4155	0.00142951	-3.29792e-05	2
21.3083	32.4202	0.00147784	-4.63566e-05	2
21.3799	33.4219	0.00152605	-6.0503e-05	2
21.4629	34.4208	0.00157413	-7.5411e-05	2
21.5573	35.4169	0.00162209	-9.10734e-05	2
21.6627	36.4103	0.00166994	-0.000107483	2
21.779	37.4009	0.00171768	-0.000124632	2
21.906	38.3889	0.00176532	-0.000142514	2
22.0436	39.3742	0.00181287	-0.000161121	2
22.1916	40.3569	0.00186033	-0.000180446	2
22.3497	41.337	0.00190771	-0.000200481	2
22.5179	42.3145	0.00195501	-0.000221219	2
22.6959	43.2896	0.00200224	-0.000242654	2
22.8836	44.2622	0.00204941	-0.000264777	2
23.0808	45.2324	0.00209652	-0.000287582	2
23.2872	46.2001	0.00214358	-0.00031106	2
23.5028	47.1655	0.00219059	-0.000335206	2
23.7274	48.1286	0.00223756	-0.00036001	2
23.9607	49.0894	0.00228449	-0.000385467	2
24.2026	50.048	0.0023314	-0.000411569	2
24.4529	51.0043	0.00237829	-0.000438308	2
24.7085	51.9475	0.00242462	-0.00046536	2
24.975	52.8995	0.00247148	-0.000493345	2
25.2494	53.8495	0.00251834	-0.000521946	2
25.5316	54.7973	0.0025652	-0.000551155	2
25.8212	55.7432	0.00261207	-0.000580966	2
26.1182	56.687	0.00265895	-0.00061137	2
26.4224	57.6289	0.00270585	-0.000642361	2
26.7336	58.5688	0.00275277	-0.000673931	2
27.0516	59.5069	0.00279973	-0.000706073	2
27.3762	60.4431	0.00284673	-0.00073878	2
27.7073	61.3775	0.00289377	-0.000772044	2
28.0446	62.3101	0.00294086	-0.000805858	2
28.3881	63.241	0.00298801	-0.000840214	2
28.7375	64.1702	0.00303522	-0.000875106	2
29.0926	65.0977	0.0030825	-0.000910526	2
29.4534	66.0235	0.00312985	-0.000946467	2
29.8195	66.9478	0.00317729	-0.000982921	2
30.1908	67.8705	0.0032248	-0.00101988	2
30.5672	68.7917	0.00327242	-0.00105734	2
30.9484	69.7114	0.00332013	-0.00109529	2
31.3343	70.6296	0.00336794	-0.00113373	2
31.7247	71.5464	0.00341586	-0.00117264	2
32.1194	72.4619	0.00346391	-0.00121202	2
32.5183	73.376	0.00351207	-0.00125186	2
32.9165	74.2783	0.0035598	-0.0012917	2
33.3231	75.1898	0.00360823	-0.00133244	2
33.7333	76.1001	0.00365679	-0.00137362	2
34.147	77.0093	0.00370551	-0.00141524	2
34.5639	77.9172	0.00375437	-0.00145728	2
34.9839	78.824	0.00380339	-0.00149974	2
35.4068	79.7298	0.00385258	-0.00154261	2
35.8324	80.6344	0.00390194	-0.00158589	2
36.2606	81.5381	0.00395147	-0.00162956	2
36.6911	82.4408	0.00400119	-0.00167362	2
37.1238	83.3425	0.00405109	-0.00171806	2
37.5586	84.2434	0.00410119	-0.00176288	2
37.9952	85.1433	0.00415149	-0.00180807	2
38.4334	86.0424	0.004202	-0.00185362	2
38.8731	86.9408	0.00425272	-0.00189952	2
39.3142	87.8383	0.00430366	-0.00194576	2
39.7563	88.7352	0.00435482	-0.00199234	2
40.1994	89.6313	0.00440622	-0.00203926	2
40.6433	90.5268	0.00445785	-0.0020865	2
41.0877	91.4217	0.00450972	-0.00213405	2
41.5326	92.316	0.00456184	-0.00218191	2
41.9777	93.2097	0.00461422	-0.00223008	2
42.4229	94.103	0.00466686	-0.00227854	2
42.8628	94.9855	0.00471915	-0.00232672	2
43.3075	95.8778	0.00477233	-0.00237575	2
43.7518	96.7698	0.00482578	-0.00242504	2
44.1954	97.6613	0.00487952	-0.0024746	2

74.9973	2.01338	-2.48763e-07	-1.55637e-07	2
74.7767	3.15339	-2.21985e-05	-1.25473e-05	2
74.5854	4.28521	-4.55054e-05	-2.31069e-05	2
74.4255	5.39574	-6.98955e-05	-3.17117e-05	2
74.2979	6.47283	-9.50452e-05	-3.83288e-05	2
74.1992	7.54182	-0.000121514	-4.31445e-05	2
74.1306	8.59033	-0.000148991	-4.61037e-05	2
74.0918	9.61862	-0.000177451	-4.72396e-05	2
74.0822	10.627	-0.000206868	-4.65848e-05	2
74.1014	11.6156	-0.000237217	-4.41724e-05	2
74.149	12.5849	-0.000268474	-4.00352e-05	2
74.2245	13.5351	-0.000300611	-3.42062e-05	2
74.3275	14.4663	-0.000333606	-2.67183e-05	2
74.4576	15.379	-0.000367432	-1.76043e-05	2
74.6143	16.2734	-0.000402063	-6.89722e-06	2
74.7972	17.1497	-0.000437476	5.37007e-06	2
75.0058	18.0083	-0.000473644	1.91647e-05	2
75.2397	18.8493	-0.000510543	3.44537e-05	2
75.4985	19.6731	-0.000548147	5.12041e-05	2
75.7816	20.48	-0.000586431	6.93832e-05	2
76.0888	21.2702	-0.000625369	8.89579e-05	2
76.4195	22.0439	-0.000664937	0.000109895	2
76.7732	22.8015	-0.00070511	0.000132163	2
77.1497	23.5432	-0.000745861	0.000155727	2
77.5483	24.2693	-0.000787166	0.000180555	2
77.9687	24.98	-0.000829	0.000206615	2
78.4053	25.6678	-0.000870848	0.000233552	2
78.8677	26.3489	-0.000913658	0.000261962	2
79.3506	27.0154	-0.000956922	0.000291505	2
79.8534	27.6677	-0.00100061	0.000322147	2
80.3759	28.306	-0.00104471	0.000353856	2
80.9175	28.9305	-0.00108918	0.0003866	2
81.4778	29.5417	-0.001134	0.000420344	2
82.0564	30.1396	-0.00117915	0.000455057	2
82.6528	30.7247	-0.00122461	0.000490705	2
83.2665	31.2971	-0.00127034	0.000527256	2
83.8972	31.8571	-0.00131632	0.000564676	2
84.5444	32.4051	-0.00136253	0.000602933	2
85.2077	32.9413	-0.00140894	0.000641993	2
85.8865	33.4658	-0.00145552	0.000681824	2
86.5806	33.9792	-0.00150226	0.000722393	2
87.2894	34.4815	-0.00154912	0.000763667	2
88.0125	34.973	-0.00159608	0.000805614	2
88.7494	35.4542	-0.00164311	0.000848199	2
89.4998	35.9251	-0.0016902	0.00089139	2
90.2631	36.3861	-0.00173731	0.000935155	2
91.039	36.8374	-0.00178442	0.00097946	2
91.8269	37.2793	-0.0018315	0.00102427	2
92.6266	37.7122	-0.00187853	0.00106956	2
93.428	38.1314	-0.00192495	0.00111476	2
94.2495	38.5469	-0.0019718	0.0011609	2
95.0814	38.9541	-0.00201853	0.0012074	2
95.9231	39.3533	-0.00206511	0.00125426	2
96.7743	39.7448	-0.00211151	0.00130142	2
97.6346	40.1287	-0.00215771	0.00134886	2
98.5034	40.5054	-0.00220368	0.00139655	2
99.3803	40.8752	-0.0022494	0.00144445	2
100.265	41.2383	-0.00229484	0.00149252	2
101.157	41.595	-0.00233997	0.00154074	2
102.056	41.9456	-0.00238478	0.00158908	2
102.961	42.2903	-0.00242924	0.00163749	2
103.872	42.6294	-0.00247331	0.00168596	2
104.788	42.9632	-0.00251698	0.00173443	2
105.71	43.2919	-0.00256023	0.00178289	2
106.636	43.6159	-0.00260301	0.0018313	2
107.567	43.9353	-0.00264532	0.00187962	2
108.501	44.2505	-0.00268713	0.00192782	2
109.438	44.5618	-0.0027284	0.00197588	2
110.379	44.8693	-0.00276912	0.00202375	2
111.321	45.1734	-0.00280926	0.00207141	2
112.266	45.4744	-0.00284879	0.00211881	2
113.212	45.7725	-0.00288769	0.00216594	2
114.16	46.0679	-0.00292594	0.00221275	2
115.097	46.3577	-0.00296307	0.00225868	2
116.045	46.6488	-0.00299994	0.00230476	2
116.993	46.938	-0.00303607	0.00235043	2
117.94	47.2258	-0.00307145	0.00239566	2
118.887	47.5122	-0.00310604	0.00244041	2
119.831	47.7977	-0.00313983	0.00248464	2
120.774	48.0825	-0.00317278	0.00252833	2
121.715	48.3668	-0.00320488	0.00257145	2
122.652	48.6509	-0.00323609	0.00261395	2
123.586	48.9351	-0.0032664	0.00265581	2
124.517	49.2197	-0.00329577	0.00269699	2
125.443	49.5049	-0.00332419	0.00273747	2
126.365	49.7911	-0.00335162	0.0027772	2
127.281	50.0784	-0.00337804	0.00281615	2
128.192	50.3671	-0.00340343	0.0028543	2
129.097	50.6576	-0.00342776	0.00289161	2
129.996	50.95	-0.003451	0.00292804	2
130.888	51.2448	-0.00347313	0.00296357	2
131.773	51.542	-0.00349413	0.00299815	2
132.65	51.842	-0.00351397	0.00303177	2
133.519	52.1452	-0.00353262	0.00306438	2
134.379	52.4516	-0.00355006	0.00309595	2
135.231	52.7617	-0.00356627	0.00312645	2
136.063	53.072	-0.00358105	0.00315551	2
136.895	53.3901	-0.00359472	0.00318378	2
137.717	53.7126	-0.00360708	0.00321088	2
138.527	54.0397	-0.0036181	0.00323678	2

124.993	2.01316	5.15755e-07	-1.31621e-07	2
124.386	3.14085	4.31337e-05	-1.06532e-05	2
123.8	4.27351	8.27952e-05	-1.97119e-05	2
123.241	5.39795	0.000119048	-2.72059e-05	2
122.716	6.50138	0.000151595	-3.31053e-05	2
122.211	7.60942	0.000181258	-3.75766e-05	2
121.734	8.70918	0.0002077	-4.05724e-05	2
121.282	9.80063	0.000230987	-4.21224e-05	2
120.858	10.8838	0.000251181	-4.22565e-05	2
120.459	11.9585	0.000268346	-4.10045e-05	2
120.086	13.0249	0.000282545	-3.83962e-05	2
119.739	14.0829	0.000293842	-3.44614e-05	2
119.417	15.1325	0.000302299	-2.92299e-05	2
119.12	16.1737	0.000307981	-2.27316e-05	2
118.848	17.2064	0.00031095	-1.49962e-05	2
118.6	18.2306	0.000311271	-6.05351e-06	2
118.377	19.2463	0.000309005	4.06657e-06	2
118.178	20.2534	0.000304218	1.53343e-05	2
118.003	21.252	0.000296972	2.77198e-05	2
117.852	22.2421	0.000287331	4.11933e-05	2
117.723	23.2235	0.000275357	5.57249e-05	2
117.618	24.1963	0.000261115	7.1285e-05	2
117.536	25.1605	0.000244668	8.78436e-05	2
117.476	26.116	0.000226079	0.000105371	2
117.439	27.0628	0.000205412	0.000123837	2
117.424	28.0009	0.00018273	0.000143213	2
117.43	28.9196	0.00015839	0.00016323	2
117.458	29.8403	0.000131889	0.000184324	2
117.508	30.7523	0.000103562	0.000206239	2
117.578	31.6554	7.34735e-05	0.000228944	2
117.669	32.5497	4.16861e-05	0.000252409	2
117.781	33.4351	8.26321e-06	0.000276605	2
117.914	34.3117	-2.67316e-05	0.000301501	2
118.066	35.1794	-6.32351e-05	0.000327069	2
118.238	36.0382	-0.000101184	0.000353278	2
118.43	36.888	-0.000140514	0.000380098	2
118.642	37.7289	-0.000181163	0.000407499	2
118.872	38.5608	-0.000223067	0.000435453	2
119.121	39.3837	-0.000266163	0.000463928	2
119.389	40.1976	-0.000310387	0.000492895	2
119.675	41.0024	-0.000355676	0.000522325	2
119.98	41.7981	-0.000401966	0.000552187	2
120.302	42.5848	-0.000449195	0.000582451	2
120.642	43.3623	-0.000497298	0.000613089	2
120.999	44.1307	-0.000546212	0.000644069	2
121.373	44.8899	-0.000595875	0.000675363	2
121.765	45.6399	-0.000646222	0.00070694	2
122.172	46.3808	-0.00069719	0.000738771	2
122.597	47.1124	-0.000748715	0.000770825	2
123.032	47.8264	-0.000800135	0.000802702	2
123.488	48.5396	-0.000852582	0.000835113	2
123.96	49.2435	-0.000905397	0.000867659	2
124.447	49.938	-0.000958516	0.000900309	2
124.949	50.6232	-0.00101188	0.000933035	2
125.466	51.2991	-0.00106542	0.000965805	2
125.998	51.9655	-0.00111907	0.000998592	2
126.544	52.6226	-0.00117278	0.00103136	2
127.105	53.2702	-0.00122647	0.00106409	2
127.679	53.9083	-0.00128009	0.00109674	2
128.267	54.537	-0.00133357	0.00112929	2
128.868	55.1562	-0.00138684	0.00116171	2
129.483	55.7658	-0.00143986	0.00119396	2
130.11	56.3659	-0.00149254	0.00122602	2
130.75	56.9564	-0.00154483	0.00125786	2
131.402	57.5373	-0.00159666	0.00128944	2
132.067	58.1086	-0.00164798	0.00132074	2
132.743	58.6703	-0.00169871	0.00135173	2
133.431	59.2223	-0.0017488	0.00138238	2
134.131	59.7647	-0.00179817	0.00141265	2
134.842	60.2973	-0.00184678	0.00144252	2
135.563	60.8202	-0.00189455	0.00147196	2
136.295	61.3333	-0.00194142	0.00150094	2
137.038	61.8367	-0.00198732	0.00152943	2
137.782	62.3247	-0.00203169	0.00155708	2
138.545	62.8085	-0.00207549	0.0015845	2
139.317	63.2826	-0.00211814	0.00161134	2
140.099	63.7467	-0.00215958	0.00163757	2
140.89	64.201	-0.00219974	0.00166316	2
141.69	64.6454	-0.00223855	0.00168808	2
142.498	65.0798	-0.00227596	0.0017123	2
143.315	65.5043	-0.00231189	0.0017358	2
144.14	65.9188	-0.0023463	0.00175853	2
144.973	66.3233	-0.00237911	0.00178047	2
145.814	66.7178	-0.00241026	0.00180159	2
146.662	67.1022	-0.00243968	0.00182187	2
147.517	67.4766	-0.00246732	0.00184127	2
148.379	67.8409	-0.00249312	0.00185975	2
149.248	68.1951	-0.00251699	0.0018773	2
150.124	68.5391	-0.00253889	0.00189389	2
151.005	68.873	-0.00255876	0.00190947	2
151.893	69.1967	-0.00257651	0.00192403	2
152.786	69.5102	-0.00259211	0.00193753	2
153.684	69.8134	-0.00260547	0.00194994	2
154.588	70.1065	-0.00261654	0.00196123	2
155.497	70.3892	-0.00262525	0.00197138	2
156.41	70.6617	-0.00263154	0.00198035	2
157.318	70.9208	-0.00263532	0.00198803	2
158.24	71.1728	-0.00263661	0.00199458	2
159.166	71.4143	-0.00263529	0.00199985	2
160.095	71.6455	-0.0026313	0.00200383	2

