-125	2.01259	5.52894e-07	-5.60374e-08	2
-124.992	3.09024	4.87008e-05	-5.84194e-06	2
-124.968	4.16943	9.8597e-05	-1.36251e-05	2
-124.926	5.23767	0.000149663	-2.33275e-05	2
-124.869	6.28296	0.000201268	-3.47829e-05	2
-124.796	7.3297	0.000254587	-4.8236e-05	2
-124.706	8.36579	0.000309	-6.35424e-05	2
-124.6	9.39131	0.000364484	-8.06799e-05	2
-124.479	10.4064	0.000421011	-9.96267e-05	2
-124.343	11.411	0.000478559	-0.00012036	2
-124.191	12.4055	0.000537101	-0.000142859	2
-124.024	13.3897	0.000596611	-0.000167101	2
-123.843	14.3639	0.000657066	-0.000193064	2
-123.646	15.328	0.00071844	-0.000220726	2
-123.436	16.2823	0.000780707	-0.000250064	2
-123.211	17.2269	0.000843843	-0.000281057	2
-122.972	18.1617	0.000907822	-0.000313683	2
-122.719	19.0869	0.00097262	-0.00034792	2
-122.453	20.0027	0.00103821	-0.000383745	2
-122.173	20.9091	0.00110457	-0.000421137	2
-121.88	21.8061	0.00117167	-0.000460073	2
-121.574	22.694	0.00123949	-0.000500532	2
-121.255	23.5728	0.001308	-0.000542491	2
-120.923	24.4426	0.00137718	-0.000585928	2
-120.579	25.3034	0.001447	-0.000630822	2
-120.223	26.1555	0.00151743	-0.00067715	2
-119.859	26.9892	0.00158764	-0.000724333	2
-119.479	27.8241	0.00165923	-0.000773447	2
-119.087	28.6504	0.00173136	-0.00082393	2
-118.684	29.4683	0.00180401	-0.000875759	2
-118.27	30.2779	0.00187714	-0.000928912	2
-117.845	31.0793	0.00195075	-0.000983367	2
-117.408	31.8725	0.00202479	-0.0010391	2
-116.961	32.6578	0.00209925	-0.0010961	2
-116.504	33.4351	0.0021741	-0.00115432	2
-116.036	34.2045	0.00224932	-0.00121377	2
-115.559	34.9663	0.00232488	-0.0012744	2
-115.071	35.7204	0.00240075	-0.00133621	2
-114.574	36.4669	0.00247691	-0.00139916	2
-114.067	37.206	0.00255334	-0.00146324	2
-113.551	37.9378	0.00263001	-0.00152842	2
-113.026	38.6624	0.00270689	-0.00159468	2
-112.493	39.3798	0.00278396	-0.00166201	2
-111.95	40.0901	0.00286119	-0.00173037	2
-111.399	40.7935	0.00293857	-0.00179974	2
-110.84	41.49	0.00301605	-0.00187011	2
-110.273	42.1798	0.00309363	-0.00194145	2
-109.697	42.8629	0.00317127	-0.00201374	2
-109.114	43.5395	0.00324895	-0.00208696	2
-108.531	44.2019	0.00332575	-0.00216023	2
-107.933	44.8657	0.00340342	-0.00223522	2
-107.329	45.5233	0.00348107	-0.00231108	2
-106.717	46.1747	0.00355865	-0.00238777	2
-106.099	46.82	0.00363614	-0.00246529	2
-105.474	47.4593	0.00371352	-0.00254359	2
-104.843	48.0927	0.00379076	-0.00262267	2
-104.206	48.7204	0.00386784	-0.00270251	2
-103.563	49.3424	0.00394474	-0.00278307	2
-102.915	49.9588	0.00402142	-0.00286434	2
-102.261	50.5697	0.00409786	-0.00294629	2
-101.601	51.1752	0.00417404	-0.0030289	2
-100.937	51.7754	0.00424993	-0.00311216	2
-100.267	52.3704	0.0043255	-0.00319604	2
-99.5933	52.9604	0.00440074	-0.00328051	2
-98.9147	53.5453	0.00447561	-0.00336555	2
-98.2318	54.1254	0.0045501	-0.00345115	2
-97.5448	54.7006	0.00462416	-0.00353728	2
-96.8539	55.2711	0.00469779	-0.00362392	2
-96.1593	55.8371	0.00477096	-0.00371104	2
-95.4612	56.3985	0.00484364	-0.00379863	2
-94.7598	56.9555	0.0049158	-0.00388666	2
-94.0553	57.5082	0.00498742	-0.00397511	2
-93.3479	58.0566	0.00505847	-0.00406396	2
-92.6459	58.5947	0.00512813	-0.00415216	2
-91.9333	59.1351	0.00519798	-0.00424173	2
-91.2183	59.6716	0.0052672	-0.00433164	2
-90.5013	60.2042	0.00533575	-0.00442186	2
-89.7823	60.7331	0.00540361	-0.00451236	2
-89.0616	61.2583	0.00547075	-0.00460313	2
-88.3394	61.7801	0.00553715	-0.00469415	2
-87.6159	62.2983	0.00560279	-0.00478539	2
-86.8912	62.8133	0.00566763	-0.00487682	2
-86.1656	63.325	0.00573166	-0.00496844	2
-85.4393	63.8336	0.00579484	-0.00506021	2
-84.7124	64.3391	0.00585716	-0.00515211	2
-83.9853	64.8417	0.00591858	-0.00524413	2
-83.258	65.3414	0.00597909	-0.00533624	2
-82.5307	65.8383	0.00603866	-0.00542841	2
-81.8038	66.3327	0.00609725	-0.00552063	2
-81.0773	66.8244	0.00615486	-0.00561287	2
-80.3514	67.3137	0.00621145	-0.00570511	2
-79.6265	67.8006	0.00626699	-0.00579734	2
-78.9026	68.2853	0.00632147	-0.00588952	2
-78.1799	68.7678	0.00637485	-0.00598163	2
-77.4587	69.2482	0.00642711	-0.00607366	2
-76.7392	69.7267	0.00647823	-0.00616558	2
-76.0297	70.1978	0.00652761	-0.00625632	2
-75.3141	70.6726	0.00657638	-0.00634795	2
-74.6007	71.1458	0.00662393	-0.00643942	2
-73.8898	71.6174	0.00667024	-0.00653068	2

-75.004	2.01209	-3.81211e-07	-2.02984e-07	2
-75.3333	3.04674	-3.30196e-05	-1.68897e-05	2
-75.6388	4.08326	-6.57417e-05	-3.22435e-05	2
-75.9168	5.10962	-9.81626e-05	-4.60943e-05	2
-76.1649	6.11425	-0.000129911	-5.8341e-05	2
-76.3893	7.12057	-0.000161721	-6.9301e-05	2
-76.5872	8.1169	-0.000193218	-7.88566e-05	2
-76.7589	9.10331	-0.000224399	-8.70406e-05	2
-76.9049	10.0799	-0.000255259	-9.3886e-05	2
-77.0253	11.0466	-0.000285795	-9.94258e-05	2
-77.1206	12.0036	-0.000316002	-0.000103693	2
-77.191	12.9509	-0.000345877	-0.00010672	2
-77.237	13.8885	-0.000375417	-0.000108541	2
-77.2588	14.8166	-0.000404616	-0.000109188	2
-77.2567	15.7352	-0.000433471	-0.000108694	2
-77.2311	16.6443	-0.000461979	-0.000107092	2
-77.1824	17.544	-0.000490136	-0.000104415	2
-77.1108	18.4344	-0.000517937	-0.000100696	2
-77.0167	19.3155	-0.000545379	-9.59683e-05	2
-76.9004	20.1874	-0.000572458	-9.02644e-05	2
-76.7623	21.0502	-0.00059917	-8.36173e-05	2
-76.6027	21.9038	-0.000625511	-7.606e-05	2
-76.4218	22.7484	-0.000651477	-6.76255e-05	2
-76.2201	23.584	-0.000677065	-5.83468e-05	2
-75.9978	24.4107	-0.000702271	-4.82568e-05	2
-75.7554	25.2285	-0.00072709	-3.73884e-05	2
-75.4962	26.0283	-0.000751241	-2.59122e-05	2
-75.2145	26.8287	-0.000775281	-1.35939e-05	2
-74.9137	27.6204	-0.000798923	-5.95834e-07	2
-74.5939	28.4034	-0.000822163	1.30492e-05	2
-74.2556	29.1779	-0.000844998	2.73082e-05	2
-73.8991	29.9439	-0.000867424	4.21481e-05	2
-73.5247	30.7015	-0.000889436	5.75361e-05	2
-73.1327	31.4506	-0.000911031	7.34393e-05	2
-72.7235	32.1915	-0.000932206	8.98245e-05	2
-72.2974	32.924	-0.000952955	0.000106659	2
-71.8547	33.6483	-0.000973276	0.00012391	2
-71.3958	34.3645	-0.000993164	0.000141544	2
-70.921	35.0726	-0.00101262	0.000159528	2
-70.4306	35.7727	-0.00103163	0.000177829	2
-69.9249	36.4647	-0.00105019	0.000196415	2
-69.4043	37.1489	-0.00106831	0.000215253	2
-68.8691	37.8252	-0.00108598	0.000234309	2
-68.3197	38.4937	-0.00110319	0.00025355	2
-67.7564	39.1544	-0.00111995	0.000272945	2
-67.1794	39.8075	-0.00113623	0.000292458	2
-66.5892	40.453	-0.00115206	0.000312059	2
-65.986	41.0909	-0.00116741	0.000331713	2
-65.3703	41.7213	-0.00118228	0.000351388	2
-64.7495	42.3371	-0.00119651	0.000370825	2
-64.1097	42.9527	-0.00121043	0.000390443	2
-63.4582	43.5611	-0.00122387	0.000409984	2
-62.7954	44.1621	-0.00123681	0.000429414	2
-62.1217	44.756	-0.00124926	0.0004487	2
-61.4374	45.3426	-0.00126121	0.00046781	2
-60.7427	45.9222	-0.00127265	0.00048671	2
-60.0381	46.4948	-0.0012836	0.000505368	2
-59.3239	47.0604	-0.00129403	0.00052375	2
-58.6003	47.6191	-0.00130395	0.000541824	2
-57.8678	48.1709	-0.00131335	0.000559557	2
-57.1266	48.716	-0.00132223	0.000576915	2
-56.3771	49.2543	-0.00133058	0.000593866	2
-55.6197	49.7859	-0.00133841	0.000610377	2
-54.8545	50.3109	-0.0013457	0.000626414	2
-54.0821	50.8294	-0.00135245	0.000641946	2
-53.3027	51.3413	-0.00135867	0.000656938	2
-52.5166	51.8468	-0.00136434	0.000671358	2
-51.7241	52.346	-0.00136946	0.000685174	2
-50.9257	52.8388	-0.00137403	0.000698351	2
-50.1216	53.3253	-0.00137804	0.000710858	2
-49.3121	53.8057	-0.0013815	0.00072266	2
-48.4977	54.2799	-0.00138439	0.000733726	2
-47.6785	54.748	-0.00138671	0.000744022	2
-46.8645	55.2048	-0.00138844	0.000753411	2
-46.0371	55.661	-0.00138963	0.000762079	2
-45.2059	56.1113	-0.00139023	0.000769878	2
-44.3714	56.5557	-0.00139025	0.000776776	2
-43.5339	56.9943	-0.00138968	0.00078274	2
-42.6936	57.4273	-0.00138852	0.000787737	2
-41.851	57.8545	-0.00138677	0.000791733	2
-41.0063	58.2761	-0.00138442	0.000794697	2
-40.16	58.6922	-0.00138146	0.000796595	2
-39.3122	59.1028	-0.0013779	0.000797394	2
-38.4634	59.5079	-0.00137373	0.00079706	2
-37.6139	59.9077	-0.00136895	0.000795563	2
-36.764	60.3021	-0.00136355	0.000792867	2
-35.914	60.6913	-0.00135752	0.00078894	2
-35.0643	61.0753	-0.00135087	0.00078375	2
-34.2153	61.4542	-0.00134359	0.000777263	2
-33.3671	61.828	-0.00133568	0.000769447	2
-32.5202	62.1967	-0.00132713	0.000760268	2
-31.6749	62.5605	-0.00131794	0.000749693	2
-30.8315	62.9194	-0.0013081	0.00073769	2
-29.9904	63.2734	-0.00129762	0.000724226	2
-29.1519	63.6227	-0.00128648	0.000709267	2
-28.3163	63.9672	-0.00127469	0.000692781	2
-27.4935	64.3032	-0.00126238	0.000674951	2
-26.6646	64.6385	-0.00124927	0.000655329	2
-25.8397	64.9693	-0.00123549	0.000634082	2
-25.019	65.2956	-0.00122104	0.000611176	2

-25.004	2.01135	4.9233e-07	-4.37304e-07	2
-25.3422	2.98886	4.10771e-05	-3.70003e-05	2
-25.677	3.98104	7.86461e-05	-7.19103e-05	2
-26.0045	4.9763	0.000112774	-0.000104766	2
-26.3207	5.96292	0.000143191	-0.000135261	2
-26.633	6.96363	0.000170673	-0.000164141	2
-26.9374	7.96673	0.000194911	-0.000191075	2
-27.2339	8.97199	0.000215972	-0.0002161	2
-27.5224	9.97918	0.000233924	-0.000239253	2
-27.8026	10.9881	0.000248832	-0.000260569	2
-28.0745	11.9984	0.000260762	-0.000280085	2
-28.338	13.01	0.000269782	-0.000297838	2
-28.5928	14.0226	0.000275957	-0.000313863	2
-28.839	15.036	0.000279354	-0.000328198	2
-29.0763	16.0499	0.00028004	-0.000340878	2
-29.3046	17.0641	0.000278081	-0.000351941	2
-29.5238	18.0784	0.000273543	-0.000361421	2
-29.7338	19.0925	0.000266492	-0.000369356	2
-29.9345	20.1063	0.000256996	-0.000375782	2
-30.1257	21.1194	0.000245121	-0.000380735	2
-30.3072	22.1317	0.000230933	-0.000384253	2
-30.479	23.143	0.000214498	-0.00038637	2
-30.641	24.1529	0.000195883	-0.000387123	2
-30.793	25.1612	0.000175155	-0.00038655	2
-30.9348	26.1678	0.000152379	-0.000384685	2
-31.0664	27.1724	0.000127623	-0.000381566	2
-31.1863	28.1633	0.00010127	-0.000377286	2
-31.2971	29.1632	7.27727e-05	-0.00037178	2
-31.3974	30.1604	4.24931e-05	-0.000365129	2
-31.4868	31.1547	1.04978e-05	-0.000357368	2
-31.5654	32.1458	-2.31468e-05	-0.000348535	2
-31.6329	33.1336	-5.83742e-05	-0.000338664	2
-31.6893	34.1177	-9.5118e-05	-0.000327793	2
-31.7344	35.0979	-0.000133312	-0.000315958	2
-31.7681	36.0741	-0.000172889	-0.000303196	2
-31.7903	37.046	-0.000213783	-0.000289542	2
-31.8009	38.0133	-0.000255929	-0.000275033	2
-31.7997	38.9758	-0.000299258	-0.000259706	2
-31.7865	39.9334	-0.000343705	-0.000243596	2
-31.7613	40.8857	-0.000389203	-0.000226741	2
-31.724	41.8325	-0.000435687	-0.000209176	2
-31.6743	42.7736	-0.000483088	-0.000190938	2
-31.6122	43.7088	-0.000531342	-0.000172064	2
-31.5376	44.6378	-0.000580381	-0.000152589	2
-31.4503	45.5604	-0.00063014	-0.00013255	2
-31.3502	46.4763	-0.000680551	-0.000111983	2
-31.2371	47.3855	-0.000731549	-9.09248e-05	2
-31.111	48.2875	-0.000783066	-6.94118e-05	2
-30.9717	49.1822	-0.000835037	-4.74803e-05	2
-30.8209	50.0592	-0.000886791	-2.54251e-05	2
-30.655	50.9386	-0.000939465	-2.76925e-06	2
-30.4755	51.81	-0.000992395	2.01965e-05	2
-30.2823	52.6732	-0.00104551	4.34358e-05	2
-30.0753	53.5279	-0.00109875	6.69122e-05	2
-29.8543	54.3739	-0.00115205	9.05895e-05	2
-29.6193	55.2109	-0.00120533	0.000114431	2
-29.37	56.0388	-0.00125854	0.000138401	2
-29.1064	56.8573	-0.0013116	0.000162463	2
-28.8283	57.6661	-0.00136446	0.00018658	2
-28.5356	58.4651	-0.00141703	0.000210715	2
-28.2282	59.2539	-0.00146927	0.000234834	2
-27.9059	60.0325	-0.00152109	0.000258899	2
-27.5687	60.8004	-0.00157244	0.000282874	2
-27.2163	61.5576	-0.00162325	0.000306722	2
-26.8488	62.3038	-0.00167344	0.000330408	2
-26.4658	63.0387	-0.00172296	0.000353894	2
-26.0673	63.7621	-0.00177174	0.000377145	2
-25.6533	64.4738	-0.00181972	0.000400124	2
-25.2235	65.1735	-0.00186681	0.000422795	2
-24.7778	65.8611	-0.00191297	0.000445121	2
-24.3161	66.5362	-0.00195812	0.000467066	2
-23.8382	67.1987	-0.00200219	0.000488594	2
-23.3441	67.8483	-0.00204513	0.000509668	2
-22.8396	68.4776	-0.00208638	0.000530018	2
-22.3128	69.1009	-0.00212685	0.000550082	2
-21.7694	69.7107	-0.00216598	0.000569584	2
-21.2091	70.3066	-0.00220371	0.000588486	2
-20.632	70.8886	-0.00223996	0.000606754	2
-20.0379	71.4562	-0.00227467	0.00062435	2
-19.4265	72.0094	-0.00230778	0.000641239	2
-18.798	72.5479	-0.00233922	0.000657383	2
-18.152	73.0714	-0.00236893	0.000672747	2
-17.4884	73.5797	-0.00239682	0.000687294	2
-16.8072	74.0725	-0.00242285	0.000700987	2
-16.1082	74.5498	-0.00244694	0.000713791	2
-15.3913	75.0111	-0.00246903	0.000725669	2
-14.6563	75.4564	-0.00248905	0.000736585	2
-13.9031	75.8853	-0.00250693	0.000746502	2
-13.1317	76.2976	-0.0025226	0.000755384	2
-12.3418	76.6931	-0.00253601	0.000763194	2
-11.5333	77.0715	-0.00254709	0.000769897	2
-10.7062	77.4327	-0.00255576	0.000775455	2
-9.8602	77.7764	-0.00256196	0.000779833	2
-8.99529	78.1024	-0.00256563	0.000782994	2
-8.11129	78.4104	-0.0025667	0.000784902	2
-7.2081	78.7002	-0.0025651	0.00078552	2
-6.29629	78.9685	-0.00256083	0.000784828	2
-5.35453	79.2215	-0.00255373	0.000782774	2
-4.39318	79.4555	-0.00254376	0.000779321	2
-3.41212	79.6704	-0.00253086	0.000774434	2

25.0006	2.01042	2.22328e-07	1.06653e-07	2
25.0376	2.90629	1.86881e-05	8.6821e-06	2
25.0407	3.81175	3.60641e-05	1.61738e-05	2
25.0102	4.71633	5.2146e-05	2.25007e-05	2
24.9479	5.60958	6.67887e-05	2.7635e-05	2
24.8531	6.51222	8.03505e-05	3.17214e-05	2
24.7272	7.4138	9.2672e-05	3.47192e-05	2
24.5712	8.31427	0.000103771	3.66538e-05	2
24.3857	9.21357	0.000113666	3.75509e-05	2
24.1717	10.1116	0.000122374	3.74359e-05	2
23.9301	11.0084	0.000129914	3.63342e-05	2
23.6616	11.9039	0.000136303	3.42716e-05	2
23.3671	12.7979	0.000141559	3.12733e-05	2
23.0475	13.6905	0.000145702	2.73651e-05	2
22.7036	14.5816	0.000148747	2.25722e-05	2
22.3363	15.4712	0.000150714	1.69204e-05	2
21.9463	16.3591	0.000151621	1.0435e-05	2
21.5346	17.2453	0.000151485	3.14164e-06	2
21.102	18.1298	0.000150324	-4.93424e-06	2
20.6493	19.0125	0.000148157	-1.37671e-05	2
20.1774	19.8933	0.000145001	-2.33315e-05	2
19.6872	20.7723	0.000140874	-3.36018e-05	2
19.1794	21.6492	0.000135795	-4.45526e-05	2
18.655	22.5242	0.000129781	-5.61583e-05	2
18.1147	23.3971	0.00012285	-6.83935e-05	2
17.5594	24.2678	0.000115021	-8.12327e-05	2
16.9967	25.1264	0.000106416	-9.44928e-05	2
16.4142	25.9928	9.68527e-05	-0.000108457	2
15.8192	26.8568	8.64446e-05	-0.000122949	2
15.2126	27.7185	7.52095e-05	-0.000137943	2
14.5953	28.5778	6.31654e-05	-0.000153414	2
13.9681	29.4346	5.03303e-05	-0.000169336	2
13.3318	30.2888	3.67221e-05	-0.000185684	2
12.6873	31.1405	2.23588e-05	-0.000202431	2
12.0354	31.9896	7.25844e-06	-0.000219554	2
11.377	32.8359	-8.56102e-06	-0.000237026	2
10.7129	33.6795	-2.50816e-05	-0.000254821	2
10.044	34.5203	-4.22853e-05	-0.000272914	2
9.37112	35.3582	-6.01542e-05	-0.00029128	2
8.69511	36.1932	-7.86703e-05	-0.000309893	2
8.0168	37.0252	-9.78155e-05	-0.000328728	2
7.33706	37.8542	-0.000117572	-0.000347758	2
6.65672	38.6801	-0.000137922	-0.00036696	2
5.97664	39.5028	-0.000158847	-0.000386306	2
5.29765	40.3223	-0.000180329	-0.000405772	2
4.62061	41.1386	-0.00020235	-0.000425332	2
3.94637	41.9515	-0.000224893	-0.00044496	2
3.27576	42.7611	-0.000247939	-0.000464632	2
2.60964	43.5672	-0.00027147	-0.000484321	2
1.95642	44.3607	-0.000295191	-0.000503776	2
1.30174	45.1598	-0.000319634	-0.000523424	2
0.654073	45.9553	-0.000344508	-0.000543013	2
0.014273	46.7472	-0.000369796	-0.000562518	2
-0.616816	47.5354	-0.00039548	-0.000581913	2
-1.23835	48.3198	-0.000421542	-0.000601173	2
-1.84948	49.1003	-0.000447963	-0.000620272	2
-2.44935	49.877	-0.000474726	-0.000639185	2
-3.03713	50.6497	-0.000501812	-0.000657887	2
-3.61196	51.4185	-0.000529204	-0.000676351	2
-4.17301	52.1831	-0.000556884	-0.000694552	2
-4.71941	52.9437	-0.000584834	-0.000712465	2
-5.25033	53.7001	-0.000613035	-0.000730064	2
-5.76492	54.4523	-0.00064147	-0.000747323	2
-6.26233	55.2002	-0.000670121	-0.000764218	2
-6.74171	55.9437	-0.00069897	-0.000780722	2
-7.20223	56.6829	-0.000727999	-0.000796811	2
-7.64302	57.4176	-0.000757189	-0.000812458	2
-8.06325	58.1478	-0.000786523	-0.000827639	2
-8.46206	58.8734	-0.000815983	-0.000842327	2
-8.83862	59.5944	-0.000845552	-0.000856497	2
-9.19207	60.3108	-0.000875209	-0.000870124	2
-9.52157	61.0224	-0.000904939	-0.000883181	2
-9.82627	61.7292	-0.000934723	-0.000895645	2
-10.1023	62.4231	-0.0009642	-0.000907356	2
-10.3551	63.1202	-0.000994038	-0.000918561	2
-10.5807	63.8124	-0.00102388	-0.000929096	2
-10.778	64.4995	-0.0010537	-0.000938935	2
-10.9464	65.1816	-0.00108348	-0.000948052	2
-11.0849	65.8585	-0.00111321	-0.000956422	2
-11.1926	66.5303	-0.00114287	-0.000964019	2
-11.2688	67.1968	-0.00117244	-0.000970818	2
-11.3126	67.858	-0.0012019	-0.000976793	2
-11.3231	68.5139	-0.00123124	-0.000981919	2
-11.2995	69.1643	-0.00126043	-0.00098617	2
-11.241	69.8093	-0.00128946	-0.000989521	2
-11.1467	70.4487	-0.00131831	-0.000991947	2
-11.0157	71.0826	-0.00134696	-0.000993421	2
-10.8472	71.7108	-0.0013754	-0.000993918	2
-10.6404	72.3333	-0.0014036	-0.000993413	2
-10.3944	72.9501	-0.00143156	-0.00099188	2
-10.1084	73.5611	-0.00145924	-0.000989294	2
-9.78151	74.1662	-0.00148663	-0.000985629	2
-9.41289	74.7654	-0.00151372	-0.00098086	2
-9.00169	75.3586	-0.00154049	-0.000974961	2
-8.54708	75.9457	-0.00156692	-0.000967906	2
-8.0482	76.5268	-0.00159298	-0.000959671	2
-7.51073	77.0951	-0.00161838	-0.000950345	2
-6.92131	77.6639	-0.00164367	-0.000939686	2
-6.2851	78.2265	-0.00166856	-0.000927769	2
-5.60125	78.7827	-0.00169301	-0.00091457	2

74.9988	2.01127	-3.41047e-07	1.47411e-08	2
74.8815	2.97243	-2.91821e-05	1.00475e-06	2
74.7366	3.929	-5.7392e-05	1.45023e-06	2
74.5658	4.86998	-8.46556e-05	1.34044e-06	2
74.3721	5.78511	-0.000110701	6.90108e-07	2
74.1514	6.69595	-0.00013616	-5.11938e-07	2
73.9064	7.59204	-0.00016075	-2.25729e-06	2
73.6376	8.47369	-0.000184497	-4.54196e-06	2
73.3454	9.34116	-0.000207427	-7.36193e-06	2
73.0305	10.1947	-0.000229565	-1.07132e-05	2
72.6934	11.0347	-0.000250938	-1.45918e-05	2
72.3345	11.8614	-0.000271572	-1.89937e-05	2
71.9543	12.675	-0.000291492	-2.39149e-05	2
71.5535	13.4759	-0.000310725	-2.93514e-05	2
71.1325	14.2643	-0.000329296	-3.52993e-05	2
70.6918	15.0405	-0.000347231	-4.17544e-05	2
70.2319	15.8047	-0.000364556	-4.87128e-05	2
69.7534	16.5574	-0.000381297	-5.61706e-05	2
69.2568	17.2988	-0.000397479	-6.41236e-05	2
68.7426	18.029	-0.00041313	-7.2568e-05	2
68.2113	18.7485	-0.000428274	-8.14996e-05	2
67.6635	19.4575	-0.000442937	-9.09146e-05	2
67.0996	20.1563	-0.000457146	-0.000100809	2
66.5202	20.8452	-0.000470927	-0.000111178	2
65.9257	21.5244	-0.000484304	-0.000122019	2
65.3168	22.1943	-0.000497305	-0.000133327	2
64.7011	22.8476	-0.000509811	-0.000144961	2
64.0649	23.4997	-0.000522139	-0.000157187	2
63.4157	24.1433	-0.000534167	-0.000169867	2
62.7541	24.7786	-0.000545922	-0.000183	2
62.0806	25.4061	-0.000557429	-0.000196579	2
61.3957	26.0258	-0.000568714	-0.000210602	2
60.6999	26.6382	-0.000579804	-0.000225064	2
59.9938	27.2435	-0.000590723	-0.000239962	2
59.2778	27.8419	-0.000601498	-0.000255291	2
58.5525	28.4339	-0.000612155	-0.000271047	2
57.8184	29.0195	-0.000622719	-0.000287227	2
57.076	29.5993	-0.000633217	-0.000303826	2
56.3258	30.1733	-0.000643675	-0.00032084	2
55.5684	30.7419	-0.000654117	-0.000338266	2
54.8042	31.3055	-0.000664571	-0.000356099	2
54.0338	31.8642	-0.000675062	-0.000374335	2
53.2578	32.4183	-0.000685616	-0.000392971	2
52.4765	32.9682	-0.000696259	-0.000412002	2
51.6906	33.5141	-0.000707017	-0.000431424	2
50.9005	34.0563	-0.000717915	-0.000451234	2
50.1068	34.5951	-0.00072898	-0.000471427	2
49.31	35.1307	-0.000740237	-0.000492	2
48.5106	35.6635	-0.000751713	-0.000512947	2
47.7183	36.1876	-0.000763297	-0.000534019	2
46.9153	36.7156	-0.000775284	-0.000555702	2
46.1112	37.2416	-0.000787566	-0.000577747	2
45.3066	37.7658	-0.00080017	-0.000600152	2
44.502	38.2886	-0.000813122	-0.000622913	2
43.6978	38.8103	-0.000826447	-0.000646025	2
42.8948	39.331	-0.000840172	-0.000669484	2
42.0932	39.8512	-0.000854322	-0.000693286	2
41.2937	40.3711	-0.000868923	-0.000717428	2
40.4968	40.891	-0.000884	-0.000741906	2
39.703	41.4111	-0.000899581	-0.000766714	2
38.9128	41.9318	-0.000915691	-0.00079185	2
38.1267	42.4532	-0.000932355	-0.00081731	2
37.3452	42.9758	-0.0009496	-0.000843089	2
36.569	43.4998	-0.000967451	-0.000869183	2
35.7984	44.0255	-0.000985935	-0.000895589	2
35.034	44.5531	-0.00100508	-0.000922302	2
34.2763	45.083	-0.0010249	-0.000949318	2
33.5259	45.6154	-0.00104544	-0.000976634	2
32.7832	46.1506	-0.00106671	-0.00100424	2
32.0488	46.6889	-0.00108875	-0.00103215	2
31.3232	47.2306	-0.00111157	-0.00106034	2
30.6069	47.7759	-0.0011352	-0.00108881	2
29.9004	48.3252	-0.00115968	-0.00111756	2
29.2122	48.8723	-0.00118472	-0.00114626	2
28.5267	49.4302	-0.00121094	-0.00117555	2
27.8527	49.9929	-0.00123808	-0.00120512	2
27.1905	50.5607	-0.00126616	-0.00123494	2
26.5408	51.1339	-0.00129521	-0.00126503	2
25.9039	51.7127	-0.00132526	-0.00129537	2
25.2806	52.2974	-0.00135632	-0.00132597	2
24.6711	52.8883	-0.00138843	-0.00135681	2
24.0762	53.4857	-0.00142162	-0.00138789	2
23.4962	54.0898	-0.0014559	-0.00141921	2
22.9317	54.7011	-0.0014913	-0.00145077	2
22.3833	55.3196	-0.00152786	-0.00148256	2
21.8515	55.9458	-0.00156559	-0.00151458	2
21.3366	56.5798	-0.00160452	-0.00154682	2
20.8394	57.2221	-0.00164468	-0.00157928	2
20.3603	57.8728	-0.0016861	-0.00161196	2
19.8998	58.5323	-0.00172879	-0.00164485	2
19.4584	59.2008	-0.00177279	-0.00167794	2
19.0367	59.8786	-0.00181812	-0.00171124	2
18.6351	60.566	-0.00186481	-0.00174474	2
18.2543	61.2633	-0.00191288	-0.00177843	2
17.8946	61.9708	-0.00196236	-0.00181232	2
17.5567	62.6887	-0.00201327	-0.00184639	2
17.2445	63.4089	-0.00206504	-0.00188025	2
16.9513	64.1485	-0.00211888	-0.00191468	2
16.6814	64.8993	-0.00217424	-0.00194929	2
16.4352	65.6617	-0.00223113	-0.00198407	2

124.999	2.01144	-5.58579e-08	-4.09122e-07	2
124.941	2.99191	-3.2193e-06	-3.42991e-05	2
124.866	3.97682	-3.15359e-06	-6.60085e-05	2
124.775	4.95484	1.46131e-07	-9.5173e-05	2
124.67	5.91496	6.53645e-06	-0.000121545	2
124.548	6.87961	1.61155e-05	-0.000145782	2
124.411	7.8377	2.87761e-05	-0.000167607	2
124.259	8.78933	4.44672e-05	-0.000187066	2
124.092	9.73462	6.3138e-05	-0.000204202	2
123.911	10.6737	8.47372e-05	-0.000219062	2
123.716	11.6066	0.000109214	-0.000231688	2
123.507	12.5335	0.000136518	-0.000242127	2
123.284	13.4545	0.000166596	-0.000250423	2
123.048	14.3697	0.0001994	-0.00025662	2
122.799	15.2792	0.000234877	-0.000260763	2
122.538	16.1831	0.000272977	-0.000262898	2
122.264	17.0816	0.000313648	-0.000263067	2
121.977	17.9747	0.000356839	-0.000261317	2
121.679	18.8625	0.0004025	-0.000257692	2
121.369	19.7452	0.00045058	-0.000252237	2
121.048	20.6228	0.000501027	-0.000244996	2
120.715	21.4955	0.000553791	-0.000236013	2
120.372	22.3634	0.00060882	-0.000225335	2
120.018	23.2266	0.000666064	-0.000213005	2
119.654	24.0852	0.000725471	-0.000199068	2
119.279	24.9392	0.00078699	-0.000183569	2
118.899	25.7792	0.000849829	-0.000166756	2
118.506	26.6246	0.000915398	-0.000148283	2
118.103	27.4659	0.000982927	-0.000128382	2
117.691	28.3032	0.00105236	-0.000107096	2
117.27	29.1365	0.00112366	-8.44715e-05	2
116.841	29.9659	0.00119676	-6.05521e-05	2
116.404	30.7916	0.00127162	-3.53828e-05	2
115.959	31.6137	0.00134819	-9.00838e-06	2
115.506	32.4322	0.0014264	1.85266e-05	2
115.046	33.2474	0.00150622	4.71774e-05	2
114.578	34.0593	0.0015876	7.68993e-05	2
114.104	34.8679	0.00167047	0.000107648	2
113.623	35.6735	0.0017548	0.000139378	2
113.136	36.4761	0.00184052	0.000172045	2
112.643	37.2759	0.00192759	0.000205604	2
112.144	38.0729	0.00201596	0.000240012	2
111.64	38.8673	0.00210557	0.000275222	2
111.13	39.6591	0.00219638	0.00031119	2
110.615	40.4485	0.00228833	0.000347872	2
110.096	41.2355	0.00238138	0.000385223	2
109.572	42.0204	0.00247547	0.000423198	2
109.044	42.8032	0.00257055	0.000461753	2
108.512	43.5839	0.00266656	0.000500843	2
107.983	44.3539	0.00276235	0.000539965	2
107.444	45.131	0.00286009	0.000579985	2
106.902	45.9065	0.00295861	0.000620406	2
106.358	46.6804	0.00305787	0.000661184	2
105.81	47.4528	0.00315782	0.000702274	2
105.261	48.2239	0.0032584	0.000743631	2
104.709	48.9938	0.00335956	0.000785211	2
104.156	49.7626	0.00346126	0.000826968	2
103.601	50.5303	0.00356344	0.000868859	2
103.045	51.2972	0.00366604	0.000910838	2
102.488	52.0632	0.00376903	0.000952861	2
101.93	52.8286	0.00387235	0.000994882	2
101.372	53.5933	0.00397594	0.00103686	2
100.814	54.3576	0.00407976	0.00107874	2
100.256	55.1216	0.00418376	0.00112049	2
99.6984	55.8853	0.00428788	0.00116207	2
99.1413	56.6488	0.00439207	0.00120341	2
98.5853	57.4124	0.00449629	0.00124449	2
98.0304	58.176	0.00460047	0.00128525	2
97.477	58.9397	0.00470458	0.00132566	2
96.9253	59.7038	0.00480856	0.00136566	2
96.3757	60.4683	0.00491235	0.00140521	2
95.8283	61.2333	0.00501592	0.00144428	2
95.2834	61.9989	0.0051192	0.0014828	2
94.7476	62.7564	0.00522096	0.00152031	2
94.2087	63.5235	0.00532352	0.00155763	2
93.673	64.2916	0.00542565	0.00159429	2
93.141	65.0608	0.00552729	0.00163022	2
92.6129	65.8311	0.00562839	0.0016654	2
92.0889	66.6027	0.00572891	0.00169977	2
91.5694	67.3756	0.00582878	0.00173329	2
91.0545	68.1501	0.00592796	0.00176592	2
90.5446	68.9261	0.0060264	0.00179761	2
90.0399	69.7039	0.00612405	0.00182831	2
89.5408	70.4835	0.00622086	0.00185799	2
89.0473	71.2649	0.00631676	0.00188659	2
88.56	72.0485	0.00641173	0.00191408	2
88.0789	72.8341	0.00650569	0.0019404	2
87.6044	73.6221	0.00659861	0.00196552	2
87.1367	74.4123	0.00669043	0.00198939	2
86.6761	75.2051	0.00678109	0.00201195	2
86.223	76.0004	0.00687056	0.00203318	2
85.7774	76.7984	0.00695878	0.00205302	2
85.3398	77.5992	0.00704569	0.00207143	2
84.9103	78.4029	0.00713124	0.00208837	2
84.4894	79.2096	0.0072154	0.00210378	2
84.0771	80.0195	0.00729809	0.00211763	2
83.6784	80.8232	0.00737836	0.00212974	2
83.2842	81.6395	0.00745801	0.00214035	2
82.8996	82.4593	0.00753605	0.00214926	2
82.5248	83.2827	0.00761243	0.00215642	2

