-124.999	2.01266	-1.74384e-07	1.1152e-07	2
-124.934	3.09261	-1.38827e-05	8.58098e-06	2
-124.844	4.16684	-2.51878e-05	1.49166e-05	2
-124.731	5.22286	-3.39607e-05	1.90419e-05	2
-124.596	6.24906	-4.01881e-05	2.09817e-05	2
-124.438	7.26949	-4.40596e-05	2.08156e-05	2
-124.257	8.27232	-4.55338e-05	1.85439e-05	2
-124.054	9.25774	-4.46558e-05	1.42013e-05	2
-123.829	10.2259	-4.14709e-05	7.82301e-06	2
-123.584	11.1771	-3.60241e-05	-5.56055e-07	2
-123.317	12.1115	-2.83606e-05	-1.09009e-05	2
-123.029	13.0293	-1.85256e-05	-2.31765e-05	2
-122.721	13.9307	-6.56433e-06	-3.73479e-05	2
-122.393	14.8158	7.47813e-06	-5.338e-05	2
-122.046	15.6849	2.35566e-05	-7.1238e-05	2
-121.679	16.5382	4.16259e-05	-9.08867e-05	2
-121.293	17.3758	6.16408e-05	-0.000112291	2
-120.888	18.1981	8.35562e-05	-0.000135416	2
-120.464	19.0051	0.000107327	-0.000160228	2
-120.023	19.797	0.000132908	-0.000186689	2
-119.564	20.5742	0.000160254	-0.000214767	2
-119.088	21.3367	0.00018932	-0.000244426	2
-118.594	22.0847	0.00022006	-0.00027563	2
-118.084	22.8185	0.00025243	-0.000308345	2
-117.557	23.5383	0.000286384	-0.000342536	2
-117.014	24.2442	0.000321877	-0.000378167	2
-116.461	24.9286	0.000358431	-0.000414771	2
-115.887	25.6076	0.000396851	-0.000453164	2
-115.298	26.2733	0.000436675	-0.000492893	2
-114.694	26.926	0.000477858	-0.000533923	2
-114.075	27.5658	0.000520354	-0.000576219	2
-113.443	28.1929	0.00056412	-0.000619747	2
-112.796	28.8076	0.000609109	-0.000664471	2
-112.136	29.41	0.000655276	-0.000710356	2
-111.462	30.0003	0.000702576	-0.000757367	2
-110.776	30.5788	0.000750965	-0.00080547	2
-110.077	31.1456	0.000800396	-0.000854628	2
-109.366	31.7009	0.000850825	-0.000904808	2
-108.643	32.2449	0.000902206	-0.000955974	2
-107.909	32.7779	0.000954495	-0.00100809	2
-107.163	33.3	0.00100765	-0.00106113	2
-106.407	33.8114	0.00106161	-0.00111504	2
-105.639	34.3123	0.00111635	-0.0011698	2
-104.862	34.8029	0.00117182	-0.00122537	2
-104.074	35.2834	0.00122797	-0.00128172	2
-103.277	35.754	0.00128475	-0.00133881	2
-102.471	36.215	0.00134213	-0.00139661	2
-101.656	36.6664	0.00140005	-0.00145508	2
-100.832	37.1086	0.00145847	-0.00151418	2
-100.009	37.5367	0.00151667	-0.0015732	2
-99.1687	37.9609	0.00157595	-0.00163346	2
-98.3208	38.3764	0.0016356	-0.00169426	2
-97.4656	38.7834	0.00169557	-0.00175555	2
-96.6033	39.1821	0.00175582	-0.00181731	2
-95.7344	39.5727	0.00181629	-0.00187949	2
-94.8591	39.9554	0.00187695	-0.00194206	2
-93.9777	40.3303	0.00193776	-0.00200499	2
-93.0907	40.6977	0.00199865	-0.00206824	2
-92.1982	41.0578	0.0020596	-0.00213178	2
-91.3007	41.4108	0.00212055	-0.00219557	2
-90.3984	41.7569	0.00218146	-0.00225958	2
-89.4918	42.0962	0.00224228	-0.00232377	2
-88.581	42.429	0.00230297	-0.0023881	2
-87.6665	42.7554	0.00236349	-0.00245255	2
-86.7485	43.0757	0.00242378	-0.00251707	2
-85.8275	43.3901	0.00248381	-0.00258164	2
-84.9036	43.6987	0.00254353	-0.00264621	2
-83.9773	44.0018	0.00260289	-0.00271075	2
-83.0488	44.2995	0.00266185	-0.00277523	2
-82.1186	44.5921	0.00272036	-0.00283961	2
-81.1869	44.8797	0.00277838	-0.00290386	2
-80.254	45.1626	0.00283586	-0.00296794	2
-79.3202	45.4409	0.00289276	-0.00303182	2
-78.3968	45.7117	0.00294838	-0.00309473	2
-77.4623	45.9816	0.00300399	-0.0031581	2
-76.5281	46.2475	0.00305888	-0.00322116	2
-75.5943	46.5096	0.003113	-0.00328388	2
-74.6613	46.7682	0.00316632	-0.00334622	2
-73.7294	47.0233	0.00321878	-0.00340815	2
-72.7989	47.2753	0.00327035	-0.00346963	2
-71.8703	47.5244	0.00332097	-0.00353062	2
-70.9437	47.7706	0.0033706	-0.0035911	2
-70.0195	48.0143	0.0034192	-0.00365103	2
-69.0981	48.2556	0.00346672	-0.00371037	2
-68.1798	48.4947	0.00351312	-0.00376908	2
-67.2649	48.7318	0.00355834	-0.00382714	2
-66.3537	48.9671	0.00360236	-0.0038845	2
-65.4465	49.2009	0.00364511	-0.00394114	2
-64.5437	49.4332	0.00368656	-0.00399702	2
-63.6456	49.6644	0.00372665	-0.00405209	2
-62.7526	49.8945	0.00376536	-0.00410634	2
-61.8649	50.1239	0.00380262	-0.00415971	2
-60.9829	50.3526	0.00383839	-0.00421218	2
-60.1068	50.581	0.00387264	-0.00426372	2
-59.2371	50.8091	0.00390531	-0.00431428	2
-58.3741	51.0372	0.00393636	-0.00436384	2
-57.5279	51.2629	0.00396541	-0.0044118	2
-56.679	51.4916	0.00399311	-0.00445924	2
-55.8378	51.7209	0.00401904	-0.00450558	2
-55.0046	51.9509	0.00404318	-0.00455076	2

-75.0057	2.01191	-6.22367e-07	1.0882e-07	2
-75.4845	3.03243	-5.33576e-05	9.36373e-06	2
-75.9375	4.05676	-0.000105132	1.85164e-05	2
-76.3594	5.07298	-0.000155341	2.74558e-05	2
-76.7464	6.06956	-0.000203452	3.60809e-05	2
-77.1076	7.06968	-0.000250603	4.45901e-05	2
-77.4388	8.06169	-0.000296241	5.28797e-05	2
-77.7404	9.04561	-0.000340387	6.09477e-05	2
-78.0127	10.0214	-0.000383056	6.87918e-05	2
-78.2562	10.9891	-0.000424269	7.64101e-05	2
-78.471	11.9488	-0.000464041	8.38003e-05	2
-78.6577	12.9003	-0.000502393	9.09603e-05	2
-78.8166	13.8437	-0.00053934	9.78881e-05	2
-78.948	14.7791	-0.000574902	0.000104581	2
-79.0522	15.7063	-0.000609097	0.000111038	2
-79.1298	16.6255	-0.000641942	0.000117256	2
-79.181	17.5365	-0.000673455	0.000123234	2
-79.2061	18.4395	-0.000703655	0.000128968	2
-79.2056	19.3344	-0.000732559	0.000134457	2
-79.1798	20.2212	-0.000760185	0.0001397	2
-79.1291	21.0999	-0.000786552	0.000144693	2
-79.0538	21.9705	-0.000811677	0.000149434	2
-78.9543	22.833	-0.000835579	0.000153922	2
-78.8309	23.6875	-0.000858274	0.000158155	2
-78.6841	24.5338	-0.000879782	0.000162129	2
-78.5142	25.3721	-0.000900121	0.000165844	2
-78.3238	26.1928	-0.000919093	0.000169258	2
-78.1089	27.015	-0.000937159	0.00017245	2
-77.872	27.8291	-0.000954108	0.000175375	2
-77.6134	28.6351	-0.00096996	0.000178032	2
-77.3335	29.433	-0.000984732	0.000180419	2
-77.0327	30.2229	-0.000998441	0.000182532	2
-76.7112	31.0047	-0.00101111	0.000184372	2
-76.3695	31.7784	-0.00102275	0.000185934	2
-76.008	32.544	-0.00103338	0.000187217	2
-75.6269	33.3016	-0.00104302	0.000188219	2
-75.2267	34.0511	-0.00105169	0.000188938	2
-74.8077	34.7925	-0.0010594	0.000189371	2
-74.3703	35.5258	-0.00106618	0.000189518	2
-73.9148	36.2511	-0.00107204	0.000189374	2
-73.4416	36.9682	-0.001077	0.000188939	2
-72.9511	37.6774	-0.00108108	0.000188209	2
-72.4435	38.3784	-0.0010843	0.000187184	2
-71.9194	39.0714	-0.00108666	0.000185861	2
-71.3791	39.7563	-0.0010882	0.000184238	2
-70.8228	40.4331	-0.00108893	0.000182312	2
-70.251	41.1018	-0.00108887	0.000180081	2
-69.664	41.7625	-0.00108803	0.000177544	2
-69.0623	42.4152	-0.00108644	0.000174699	2
-68.4532	43.0524	-0.00108414	0.00017158	2
-67.8231	43.6889	-0.0010811	0.000168114	2
-67.1792	44.3175	-0.00107735	0.000164334	2
-66.522	44.9379	-0.00107292	0.000160235	2
-65.8517	45.5503	-0.00106782	0.000155818	2
-65.1689	46.1547	-0.00106208	0.000151079	2
-64.4737	46.7509	-0.0010557	0.000146017	2
-63.7666	47.3391	-0.00104871	0.000140628	2
-63.048	47.9193	-0.00104113	0.000134912	2
-62.3182	48.4914	-0.00103297	0.000128867	2
-61.5775	49.0554	-0.00102425	0.000122489	2
-60.8264	49.6114	-0.00101499	0.000115776	2
-60.0652	50.1593	-0.00100521	0.000108728	2
-59.2942	50.6992	-0.000994919	0.000101341	2
-58.5139	51.231	-0.000984145	9.36137e-05	2
-57.7245	51.7547	-0.000972903	8.55435e-05	2
-56.9264	52.2704	-0.00096121	7.71286e-05	2
-56.1201	52.7781	-0.000949084	6.83667e-05	2
-55.3058	53.2777	-0.000936543	5.92558e-05	2
-54.484	53.7692	-0.000923605	4.97937e-05	2
-53.6549	54.2527	-0.000910289	3.99783e-05	2
-52.819	54.7281	-0.000896612	2.98075e-05	2
-51.9766	55.1955	-0.000882592	1.92791e-05	2
-51.128	55.6549	-0.000868247	8.39107e-06	2
-50.2835	56.101	-0.000853766	-2.7274e-06	2
-49.4239	56.5444	-0.000838828	-1.4337e-05	2
-48.5592	56.9797	-0.00082362	-2.63125e-05	2
-47.6898	57.4069	-0.000808158	-3.86563e-05	2
-46.8161	57.8262	-0.000792462	-5.13703e-05	2
-45.9384	58.2373	-0.000776548	-6.44566e-05	2
-45.0571	58.6404	-0.000760435	-7.79175e-05	2
-44.1726	59.0355	-0.000744141	-9.17551e-05	2
-43.2852	59.4226	-0.000727684	-0.000105971	2
-42.3953	59.8016	-0.000711081	-0.000120569	2
-41.5032	60.1725	-0.000694352	-0.000135549	2
-40.6094	60.5355	-0.000677513	-0.000150914	2
-39.7141	60.8903	-0.000660583	-0.000166667	2
-38.8177	61.2372	-0.000643579	-0.000182809	2
-37.9207	61.576	-0.000626521	-0.000199342	2
-37.0233	61.9068	-0.000609425	-0.000216269	2
-36.1259	62.2295	-0.000592309	-0.000233592	2
-35.2288	62.5442	-0.000575193	-0.000251313	2
-34.3326	62.8509	-0.000558093	-0.000269433	2
-33.4374	63.1495	-0.000541028	-0.000287956	2
-32.5437	63.4401	-0.000524015	-0.000306883	2
-31.6518	63.7227	-0.000507073	-0.000326217	2
-30.7621	63.9973	-0.00049022	-0.000345959	2
-29.8851	64.2608	-0.000473665	-0.000365877	2
-29.0009	64.5194	-0.000457041	-0.000386438	2
-28.1198	64.7699	-0.00044056	-0.000407413	2
-27.2425	65.0124	-0.000424239	-0.000428806	2

-25.003	2.01018	8.068e-08	-2.2359e-07	2
-25.2663	2.88962	5.96125e-06	-1.91867e-05	2
-25.5346	3.78711	9.81016e-06	-3.78387e-05	2
-25.8046	4.69216	1.15891e-05	-5.59599e-05	2
-26.0727	5.59396	1.13546e-05	-7.33553e-05	2
-26.345	6.51317	9.14321e-06	-9.04332e-05	2
-26.6181	7.43904	4.98844e-06	-0.000106993	2
-26.8915	8.37127	-1.06736e-06	-0.000123038	2
-27.1651	9.30957	-8.98183e-06	-0.000138572	2
-27.4385	10.2536	-1.87126e-05	-0.0001536	2
-27.7114	11.2031	-3.02173e-05	-0.000168126	2
-27.9834	12.1578	-4.34536e-05	-0.000182153	2
-28.2543	13.1173	-5.83791e-05	-0.000195686	2
-28.5238	14.0814	-7.49515e-05	-0.000208729	2
-28.7916	15.0497	-9.31284e-05	-0.000221286	2
-29.0572	16.0219	-0.000112867	-0.000233361	2
-29.3206	16.9978	-0.000134126	-0.000244958	2
-29.5812	17.9771	-0.000156862	-0.000256081	2
-29.8389	18.9593	-0.000181034	-0.000266734	2
-30.0933	19.9444	-0.000206598	-0.000276921	2
-30.3441	20.9318	-0.000233512	-0.000286646	2
-30.591	21.9214	-0.000261734	-0.000295914	2
-30.8337	22.9128	-0.000291222	-0.000304728	2
-31.0719	23.9057	-0.000321933	-0.000313093	2
-31.3052	24.8998	-0.000353825	-0.000321012	2
-31.5334	25.8949	-0.000386856	-0.000328489	2
-31.7536	26.8792	-0.000420584	-0.000335451	2
-31.9707	27.8752	-0.000455753	-0.000342063	2
-32.1817	28.8712	-0.000491933	-0.000348245	2
-32.3863	29.8669	-0.000529084	-0.000354003	2
-32.5843	30.8621	-0.000567161	-0.000359339	2
-32.7752	31.8563	-0.000606123	-0.000364257	2
-32.9589	32.8494	-0.000645928	-0.000368763	2
-33.1349	33.841	-0.000686533	-0.00037286	2
-33.303	34.8308	-0.000727895	-0.000376552	2
-33.4629	35.8184	-0.000769973	-0.000379842	2
-33.6143	36.8037	-0.000812724	-0.000382736	2
-33.7569	37.7863	-0.000856106	-0.000385237	2
-33.8902	38.7659	-0.000900076	-0.00038735	2
-34.0142	39.7421	-0.000944592	-0.000389077	2
-34.1283	40.7148	-0.000989611	-0.000390425	2
-34.2324	41.6835	-0.00103509	-0.000391395	2
-34.3261	42.6481	-0.00108099	-0.000391993	2
-34.4091	43.6081	-0.00112727	-0.000392223	2
-34.481	44.5633	-0.00117388	-0.000392088	2
-34.5417	45.5134	-0.00122078	-0.000391593	2
-34.5908	46.458	-0.00126793	-0.000390741	2
-34.6279	47.3969	-0.00131529	-0.000389538	2
-34.6528	48.3298	-0.00136281	-0.000387986	2
-34.665	49.2458	-0.00140991	-0.000386114	2
-34.6647	50.1658	-0.00145764	-0.000383882	2
-34.6511	51.0789	-0.0015054	-0.000381314	2
-34.6241	51.9847	-0.00155316	-0.000378414	2
-34.5833	52.883	-0.00160087	-0.000375186	2
-34.5285	53.7735	-0.00164849	-0.000371634	2
-34.4592	54.6558	-0.00169599	-0.000367762	2
-34.3752	55.5297	-0.0017433	-0.000363575	2
-34.2762	56.3949	-0.00179041	-0.000359076	2
-34.1619	57.251	-0.00183725	-0.000354269	2
-34.0319	58.0977	-0.00188379	-0.000349159	2
-33.8861	58.9348	-0.00192999	-0.00034375	2
-33.7239	59.7619	-0.00197581	-0.000338045	2
-33.5452	60.5788	-0.00202119	-0.000332048	2
-33.3496	61.3851	-0.00206611	-0.000325765	2
-33.1369	62.1806	-0.00211051	-0.000319198	2
-32.9066	62.9649	-0.00215436	-0.000312351	2
-32.6586	63.7377	-0.00219761	-0.00030523	2
-32.3925	64.4988	-0.00224023	-0.000297838	2
-32.1079	65.2478	-0.00228216	-0.000290178	2
-31.8047	65.9844	-0.00232336	-0.000282256	2
-31.4824	66.7083	-0.0023638	-0.000274074	2
-31.1407	67.4193	-0.00240343	-0.000265638	2
-30.7794	68.117	-0.00244221	-0.000256951	2
-30.4027	68.7933	-0.00247966	-0.000248122	2
-30.0014	69.4637	-0.00251662	-0.000238948	2
-29.5796	70.1199	-0.0025526	-0.000229536	2
-29.1368	70.7616	-0.00258756	-0.000219889	2
-28.6729	71.3885	-0.00262146	-0.000210012	2
-28.1875	72.0004	-0.00265425	-0.000199908	2
-27.6803	72.5968	-0.0026859	-0.000189582	2
-27.151	73.1775	-0.00271635	-0.000179037	2
-26.5992	73.7423	-0.00274558	-0.000168278	2
-26.0247	74.2907	-0.00277352	-0.000157309	2
-25.4272	74.8226	-0.00280016	-0.000146134	2
-24.8063	75.3375	-0.00282543	-0.000134756	2
-24.1618	75.8353	-0.0028493	-0.000123181	2
-23.4932	76.3155	-0.00287172	-0.000111411	2
-22.8005	76.7779	-0.00289266	-9.94518e-05	2
-22.0831	77.2222	-0.00291208	-8.73064e-05	2
-21.3408	77.6481	-0.00292992	-7.49792e-05	2
-20.5733	78.0553	-0.00294614	-6.24742e-05	2
-19.7804	78.4434	-0.00296071	-4.97955e-05	2
-18.9616	78.8123	-0.00297359	-3.69471e-05	2
-18.1166	79.1615	-0.00298472	-2.39332e-05	2
-17.2453	79.4908	-0.00299407	-1.07577e-05	2
-16.3471	79.7998	-0.00300159	2.57526e-06	2
-15.4327	80.0851	-0.00300719	1.59058e-05	2
-14.4805	80.353	-0.00301096	2.95398e-05	2
-13.5006	80.5998	-0.00301278	4.33192e-05	2
-12.4927	80.8252	-0.0030126	5.72399e-05	2

25.0006	2.01102	-2.0155e-07	2.40336e-07	2
25.0355	2.9558	-1.72458e-05	1.9991e-05	2
25.0355	3.90557	-3.39173e-05	3.81508e-05	2
25.001	4.84936	-5.00304e-05	5.45194e-05	2
24.9337	5.7765	-6.54251e-05	6.89785e-05	2
24.8328	6.70859	-8.04752e-05	8.1904e-05	2
24.7	7.63486	-9.50146e-05	9.31578e-05	2
24.5359	8.55539	-0.000109059	0.00010278	2
24.3414	9.47022	-0.000122625	0.00011081	2
24.1174	10.3794	-0.000135727	0.000117289	2
23.8647	11.283	-0.000148383	0.000122256	2
23.5842	12.1811	-0.000160607	0.000125752	2
23.2767	13.0737	-0.000172416	0.000127816	2
22.9431	13.9608	-0.000183826	0.000128488	2
22.5842	14.8426	-0.000194852	0.000127809	2
22.2009	15.7191	-0.000205511	0.000125818	2
21.7939	16.5903	-0.000215819	0.000122555	2
21.3643	17.4564	-0.00022579	0.000118061	2
20.9127	18.3172	-0.000235442	0.000112375	2
20.4401	19.173	-0.000244791	0.000105538	2
19.9473	20.0238	-0.000253851	9.75885e-05	2
19.4351	20.8695	-0.00026264	8.85679e-05	2
18.9044	21.7103	-0.000271172	7.85157e-05	2
18.3561	22.5463	-0.000279465	6.7472e-05	2
17.7909	23.3774	-0.000287533	5.54767e-05	2
17.2098	24.2038	-0.000295394	4.25699e-05	2
16.6205	25.0161	-0.000302975	2.89547e-05	2
16.0102	25.8331	-0.000310468	1.43541e-05	2
15.3864	26.6456	-0.000317801	-1.03852e-06	2
14.75	27.4535	-0.000324989	-1.71831e-05	2
14.1019	28.2569	-0.000332048	-3.40396e-05	2
13.4429	29.0559	-0.000338995	-5.15681e-05	2
12.7739	29.8506	-0.000345845	-6.97286e-05	2
12.0956	30.6409	-0.000352613	-8.8481e-05	2
11.4091	31.4269	-0.000359317	-0.000107785	2
10.715	32.2087	-0.000365971	-0.000127602	2
10.0142	32.9863	-0.000372593	-0.00014789	2
9.30769	33.7599	-0.000379196	-0.00016861	2
8.59619	34.5294	-0.000385799	-0.000189722	2
7.88057	35.2949	-0.000392416	-0.000211186	2
7.16169	36.0564	-0.000399064	-0.000232962	2
6.44039	36.8141	-0.000405758	-0.00025501	2
5.71752	37.5679	-0.000412514	-0.00027729	2
4.99393	38.318	-0.000419348	-0.000299761	2
4.27046	39.0644	-0.000426277	-0.000322385	2
3.54796	39.807	-0.000433316	-0.00034512	2
2.82729	40.5461	-0.000440481	-0.000367927	2
2.10928	41.2816	-0.000447788	-0.000390766	2
1.39478	42.0136	-0.000455252	-0.000413597	2
0.692777	42.7338	-0.000462802	-0.000436119	2
-0.0122151	43.4591	-0.000470628	-0.000458815	2
-0.711162	44.1809	-0.000478659	-0.000481383	2
-1.40322	44.8995	-0.000486912	-0.000503783	2
-2.08753	45.6149	-0.000495402	-0.000525976	2
-2.76325	46.3271	-0.000504145	-0.000547921	2
-3.42954	47.0362	-0.000513158	-0.000569578	2
-4.08555	47.7422	-0.000522455	-0.000590907	2
-4.73043	48.4452	-0.000532054	-0.000611869	2
-5.36333	49.1453	-0.000541969	-0.000632423	2
-5.9834	49.8424	-0.000552218	-0.000652529	2
-6.5898	50.5368	-0.000562815	-0.000672148	2
-7.18169	51.2283	-0.000573777	-0.000691238	2
-7.75821	51.9171	-0.000585119	-0.000709761	2
-8.31851	52.6032	-0.000596858	-0.000727676	2
-8.86175	53.2867	-0.00060901	-0.000744944	2
-9.38709	53.9677	-0.00062159	-0.000761523	2
-9.89367	54.6461	-0.000634614	-0.000777375	2
-10.3806	55.322	-0.000648099	-0.000792459	2
-10.8472	55.9956	-0.000662059	-0.000806734	2
-11.2924	56.6668	-0.000676512	-0.000820163	2
-11.7155	57.3357	-0.000691473	-0.000832703	2
-12.1156	58.0024	-0.000706958	-0.000844315	2
-12.4918	58.6669	-0.000722983	-0.00085496	2
-12.8395	59.3217	-0.000739369	-0.000864492	2
-13.1658	59.982	-0.000756515	-0.000873093	2
-13.4658	60.6403	-0.000774248	-0.000880607	2
-13.7385	61.2967	-0.000792584	-0.000886993	2
-13.9832	61.9511	-0.00081154	-0.000892212	2
-14.1989	62.6037	-0.000831131	-0.000896223	2
-14.3849	63.2545	-0.000851373	-0.000898987	2
-14.5403	63.9035	-0.000872283	-0.000900464	2
-14.6642	64.5508	-0.000893875	-0.000900613	2
-14.7558	65.1966	-0.000916166	-0.000899394	2
-14.8143	65.8407	-0.000939172	-0.000896768	2
-14.8388	66.4833	-0.000962909	-0.000892695	2
-14.8284	67.1244	-0.000987393	-0.000887134	2
-14.7824	67.7642	-0.00101264	-0.000880046	2
-14.6998	68.4025	-0.00103866	-0.00087139	2
-14.5798	69.0396	-0.00106548	-0.000861127	2
-14.4216	69.6754	-0.00109311	-0.000849216	2
-14.2242	70.31	-0.00112157	-0.000835617	2
-13.987	70.9435	-0.00115087	-0.000820291	2
-13.709	71.5759	-0.00118102	-0.000803198	2
-13.3894	72.2072	-0.00121205	-0.000784297	2
-13.0273	72.8376	-0.00124398	-0.000763548	2
-12.6218	73.4671	-0.0012768	-0.000740912	2
-12.1777	74.0885	-0.00131016	-0.000716642	2
-11.6836	74.7163	-0.00134483	-0.000690134	2
-11.1437	75.3433	-0.00138046	-0.000661618	2
-10.557	75.9697	-0.00141706	-0.000631055	2

74.9972	2.0119	-5.34123e-07	3.45745e-07	2
74.7444	3.02563	-4.59304e-05	2.93555e-05	2
74.4662	4.0318	-9.07868e-05	5.72596e-05	2
74.1658	5.01885	-0.000134592	8.3733e-05	2
73.8475	5.97607	-0.000176882	0.000108517	2
73.5042	6.92605	-0.000218663	0.000132207	2
73.14	7.85789	-0.00025946	0.00015453	2
72.7554	8.7719	-0.000299296	0.000175505	2
72.3507	9.66841	-0.000338193	0.000195154	2
71.9264	10.5478	-0.000376175	0.000213497	2
71.4829	11.4103	-0.000413262	0.000230556	2
71.0206	12.2563	-0.000449479	0.000246351	2
70.5401	13.0861	-0.000484848	0.000260904	2
70.0416	13.9	-0.000519391	0.000274234	2
69.5257	14.6984	-0.000553131	0.000286364	2
68.9928	15.4816	-0.000586091	0.000297313	2
68.4433	16.2499	-0.000618293	0.000307103	2
67.8776	17.0037	-0.00064976	0.000315755	2
67.2962	17.7433	-0.000680514	0.000323289	2
66.6995	18.4689	-0.000710578	0.000329727	2
66.088	19.181	-0.000739975	0.000335089	2
65.462	19.8798	-0.000768727	0.000339397	2
64.822	20.5658	-0.000796857	0.00034267	2
64.1685	21.2391	-0.000824388	0.000344931	2
63.5018	21.9002	-0.000851342	0.0003462	2
62.8224	22.5493	-0.000877741	0.000346497	2
62.1388	23.1796	-0.000903315	0.000345857	2
61.4355	23.8059	-0.000928679	0.000344285	2
60.7207	24.4214	-0.000953557	0.000341805	2
59.995	25.0262	-0.000977971	0.000338437	2
59.2587	25.6207	-0.00100194	0.000334202	2
58.5123	26.2052	-0.0010255	0.000329121	2
57.7562	26.78	-0.00104865	0.000323214	2
56.9909	27.3456	-0.00107144	0.000316504	2
56.2167	27.9021	-0.00109387	0.00030901	2
55.4342	28.45	-0.00111597	0.000300754	2
54.6437	28.9896	-0.00113777	0.000291756	2
53.8457	29.5211	-0.00115929	0.000282037	2
53.0406	30.045	-0.00118054	0.000271619	2
52.2289	30.5615	-0.00120156	0.000260522	2
51.4109	31.0709	-0.00122236	0.000248766	2
50.5871	31.5737	-0.00124297	0.000236374	2
49.758	32.0701	-0.00126341	0.000223366	2
48.9239	32.5604	-0.0012837	0.000209762	2
48.0854	33.045	-0.00130386	0.000195584	2
47.2427	33.5242	-0.00132393	0.000180852	2
46.3965	33.9984	-0.00134391	0.000165588	2
45.547	34.4678	-0.00136384	0.000149812	2
44.6948	34.9328	-0.00138373	0.000133545	2
43.85	35.3884	-0.00140339	0.000117003	2
42.9936	35.8456	-0.00142328	9.98223e-05	2
42.1356	36.2993	-0.0014432	8.22131e-05	2
41.2767	36.75	-0.00146318	6.41965e-05	2
40.4171	37.1979	-0.00148324	4.57933e-05	2
39.5573	37.6433	-0.0015034	2.70244e-05	2
38.6978	38.0865	-0.00152368	7.91075e-06	2
37.8389	38.528	-0.00154411	-1.15268e-05	2
36.9812	38.968	-0.00156471	-3.12674e-05	2
36.125	39.4069	-0.0015855	-5.12902e-05	2
35.2708	39.8449	-0.00160651	-7.15741e-05	2
34.419	40.2825	-0.00162775	-9.20983e-05	2
33.5701	40.7199	-0.00164925	-0.000112842	2
32.7244	41.1574	-0.00167103	-0.000133784	2
31.8824	41.5955	-0.00169311	-0.000154904	2
31.0446	42.0343	-0.00171553	-0.000176181	2
30.2113	42.4743	-0.00173829	-0.000197593	2
29.383	42.9158	-0.00176142	-0.000219121	2
28.5602	43.3591	-0.00178495	-0.000240742	2
27.7432	43.8045	-0.0018089	-0.000262437	2
26.9326	44.2523	-0.00183329	-0.000284184	2
26.1286	44.7029	-0.00185814	-0.000305962	2
25.3319	45.1567	-0.00188348	-0.000327751	2
24.5427	45.6138	-0.00190932	-0.000349529	2
23.7705	46.0695	-0.00193539	-0.000371026	2
22.9977	46.5344	-0.00196231	-0.000392722	2
22.2338	47.0038	-0.00198981	-0.000414345	2
21.4792	47.4779	-0.0020179	-0.000435873	2
20.7343	47.9571	-0.00204662	-0.000457288	2
19.9997	48.4417	-0.00207598	-0.000478567	2
19.2756	48.932	-0.00210601	-0.000499689	2
18.5626	49.4284	-0.00213672	-0.000520634	2
17.8611	49.9311	-0.00216815	-0.000541381	2
17.1715	50.4405	-0.0022003	-0.000561908	2
16.4942	50.957	-0.00223322	-0.000582196	2
15.8297	51.4808	-0.00226692	-0.000602222	2
15.1784	52.0123	-0.00230141	-0.000621967	2
14.5408	52.5518	-0.00233673	-0.00064141	2
13.9172	53.0996	-0.0023729	-0.000660528	2
13.3081	53.6561	-0.00240994	-0.000679302	2
12.714	54.2217	-0.00244787	-0.000697711	2
12.1352	54.7965	-0.00248671	-0.000715733	2
11.5722	55.3809	-0.00252649	-0.000733349	2
11.0255	55.9754	-0.00256724	-0.000750536	2
10.4954	56.5801	-0.00260896	-0.000767274	2
9.98237	57.1955	-0.00265169	-0.000783542	2
9.48689	57.8218	-0.00269545	-0.00079932	2
9.01476	58.452	-0.00273973	-0.000814413	2
8.55543	59.1011	-0.0027856	-0.000829153	2
8.1149	59.7621	-0.00283257	-0.000843339	2
7.69363	60.4354	-0.00288065	-0.000856952	2

124.998	2.01071	-6.85383e-07	2.71163e-09	2
124.828	2.93149	-5.73369e-05	7.15809e-07	2
124.653	3.8621	-0.000110081	2.39226e-06	2
124.476	4.79182	-0.000158297	5.01378e-06	2
124.3	5.71	-0.000201573	8.51879e-06	2
124.118	6.63799	-0.000240979	1.29734e-05	2
123.935	7.56511	-0.000276051	1.83265e-05	2
123.75	8.49137	-0.000306856	2.45626e-05	2
123.563	9.41677	-0.000333457	3.16662e-05	2
123.375	10.3413	-0.000355921	3.96217e-05	2
123.184	11.265	-0.000374311	4.84135e-05	2
122.992	12.1879	-0.000388694	5.8026e-05	2
122.798	13.1099	-0.000399135	6.84437e-05	2
122.602	14.0312	-0.000405698	7.96511e-05	2
122.405	14.9515	-0.000408448	9.16325e-05	2
122.207	15.8711	-0.000407451	0.000104372	2
122.007	16.7899	-0.000402772	0.000117855	2
121.806	17.7078	-0.000394476	0.000132066	2
121.603	18.6249	-0.000382628	0.000146988	2
121.399	19.5413	-0.000367293	0.000162606	2
121.194	20.4568	-0.000348537	0.000178905	2
120.988	21.3716	-0.000326423	0.000195869	2
120.781	22.2856	-0.000301018	0.000213483	2
120.573	23.1988	-0.000272387	0.00023173	2
120.364	24.1112	-0.000240594	0.000250596	2
120.155	25.0228	-0.000205706	0.000270065	2
119.946	25.9233	-0.000168238	0.000289888	2
119.735	26.8334	-0.000127386	0.000310509	2
119.523	27.7428	-8.36324e-05	0.000331687	2
119.311	28.6515	-3.7042e-05	0.000353406	2
119.098	29.5594	1.23198e-05	0.00037565	2
118.884	30.4666	6.4388e-05	0.000398403	2
118.67	31.373	0.000119097	0.000421651	2
118.456	32.2787	0.000176383	0.000445377	2
118.241	33.1837	0.000236179	0.000469567	2
118.027	34.088	0.000298422	0.000494203	2
117.812	34.9916	0.000363045	0.000519272	2
117.597	35.8945	0.000429984	0.000544757	2
117.382	36.7967	0.000499173	0.000570642	2
117.167	37.6981	0.000570548	0.000596913	2
116.952	38.5989	0.000644043	0.000623553	2
116.737	39.499	0.000719593	0.000650548	2
116.522	40.3985	0.000797134	0.000677881	2
116.308	41.2972	0.000876599	0.000705536	2
116.094	42.1953	0.000957925	0.0007335	2
115.881	43.0927	0.00104105	0.000761755	2
115.668	43.9895	0.0011259	0.000790286	2
115.455	44.8856	0.00121241	0.000819078	2
115.243	45.7811	0.00130052	0.000848115	2
115.035	46.6656	0.00138913	0.000877043	2
114.824	47.5598	0.00148023	0.000906521	2
114.614	48.4534	0.00157274	0.000936198	2
114.405	49.3463	0.00166659	0.000966058	2
114.197	50.2386	0.00176171	0.000996085	2
113.99	51.1303	0.00185804	0.00102626	2
113.785	52.0214	0.00195551	0.00105658	2
113.58	52.9119	0.00205407	0.00108702	2
113.376	53.8018	0.00215363	0.00111756	2
113.173	54.6911	0.00225415	0.00114819	2
112.972	55.5798	0.00235555	0.00117889	2
112.772	56.4679	0.00245777	0.00120966	2
112.574	57.3554	0.00256075	0.00124046	2
112.377	58.2424	0.00266441	0.0012713	2
112.182	59.1288	0.0027687	0.00130214	2
111.988	60.0146	0.00287354	0.00133299	2
111.796	60.8999	0.00297888	0.00136381	2
111.605	61.7846	0.00308465	0.0013946	2
111.416	62.6688	0.00319078	0.00142533	2
111.23	63.5524	0.00329721	0.00145601	2
111.045	64.4355	0.00340387	0.0014866	2
110.862	65.318	0.0035107	0.00151709	2
110.681	66.2	0.00361763	0.00154747	2
110.502	67.0815	0.0037246	0.00157772	2
110.328	67.9524	0.00383031	0.00160749	2
110.153	68.8329	0.00393716	0.00163744	2
109.981	69.7129	0.00404386	0.00166721	2
109.811	70.5923	0.00415033	0.0016968	2
109.644	71.4713	0.00425651	0.00172618	2
109.479	72.3498	0.00436235	0.00175534	2
109.317	73.2278	0.00446776	0.00178426	2
109.157	74.1053	0.00457269	0.00181293	2
109	74.9823	0.00467708	0.00184133	2
108.845	75.8589	0.00478085	0.00186945	2
108.694	76.735	0.00488395	0.00189726	2
108.545	77.6107	0.0049863	0.00192477	2
108.399	78.4859	0.00508784	0.00195194	2
108.256	79.3606	0.00518851	0.00197877	2
108.117	80.2349	0.00528825	0.00200523	2
107.98	81.1087	0.00538697	0.00203132	2
107.846	81.9822	0.00548464	0.00205702	2
107.716	82.8552	0.00558116	0.0020823	2
107.589	83.7277	0.00567649	0.00210717	2
107.466	84.5999	0.00577056	0.00213159	2
107.345	85.4716	0.00586329	0.00215556	2
107.228	86.343	0.00595463	0.00217906	2
107.115	87.2139	0.00604452	0.00220207	2
107.007	88.0744	0.00613187	0.00222433	2
106.901	88.9446	0.00621866	0.00224633	2
106.799	89.8143	0.00630379	0.0022678	2
106.7	90.6837	0.00638721	0.00228872	2

