-125.005	2.01175	-2.50973e-07	3.36037e-07	2
-125.403	3.02144	-2.0839e-05	2.89049e-05	2
-125.791	4.04199	-3.9679e-05	5.71475e-05	2
-126.165	5.06166	-5.65437e-05	8.47369e-05	2
-126.522	6.06875	-7.12961e-05	0.000111376	2
-126.869	7.08668	-8.43028e-05	0.000137694	2
-127.202	8.10375	-9.54045e-05	0.000163385	2
-127.522	9.11996	-0.000104625	0.00018846	2
-127.829	10.1353	-0.000111987	0.000212926	2
-128.122	11.1498	-0.000117516	0.000236794	2
-128.403	12.1635	-0.000121233	0.000260072	2
-128.671	13.1763	-0.000123164	0.00028277	2
-128.926	14.1883	-0.000123331	0.000304895	2
-129.169	15.1995	-0.000121758	0.000326459	2
-129.4	16.2098	-0.000118468	0.000347469	2
-129.618	17.2194	-0.000113486	0.000367935	2
-129.825	18.2281	-0.000106834	0.000387865	2
-130.02	19.236	-9.8537e-05	0.00040727	2
-130.203	20.2432	-8.86175e-05	0.000426157	2
-130.374	21.2495	-7.70994e-05	0.000444537	2
-130.534	22.255	-6.40063e-05	0.000462417	2
-130.683	23.2598	-4.93617e-05	0.000479808	2
-130.821	24.2638	-3.31892e-05	0.000496718	2
-130.948	25.267	-1.55124e-05	0.000513157	2
-131.064	26.2695	3.64522e-06	0.000529133	2
-131.17	27.2711	2.426e-05	0.000544655	2
-131.264	28.2606	4.6047e-05	0.000559562	2
-131.35	29.2608	6.94894e-05	0.00057421	2
-131.425	30.2602	9.43186e-05	0.000588432	2
-131.49	31.2589	0.000120511	0.000602236	2
-131.545	32.2569	0.000148043	0.000615632	2
-131.591	33.2542	0.000176891	0.000628629	2
-131.627	34.2507	0.000207032	0.000641237	2
-131.654	35.2465	0.000238442	0.000653463	2
-131.672	36.2416	0.000271097	0.000665317	2
-131.681	37.236	0.000304973	0.000676809	2
-131.681	38.2297	0.000340049	0.000687947	2
-131.673	39.2227	0.000376298	0.000698741	2
-131.655	40.215	0.000413699	0.000709199	2
-131.63	41.2067	0.000452228	0.000719331	2
-131.596	42.1976	0.00049186	0.000729146	2
-131.554	43.1879	0.000532573	0.000738652	2
-131.505	44.1775	0.000574343	0.000747859	2
-131.447	45.1665	0.000617146	0.000756776	2
-131.382	46.1548	0.000660959	0.000765413	2
-131.31	47.1424	0.000705758	0.000773777	2
-131.23	48.1294	0.00075152	0.000781879	2
-131.144	49.1158	0.00079822	0.000789727	2
-131.05	50.1015	0.000845836	0.00079733	2
-130.951	51.0753	0.000893782	0.000804615	2
-130.844	52.0598	0.000943148	0.000811759	2
-130.73	53.0436	0.00099336	0.000818685	2
-130.61	54.0269	0.00104439	0.000825403	2
-130.484	55.0095	0.00109622	0.000831922	2
-130.352	55.9916	0.00114883	0.000838251	2
-130.214	56.973	0.00120219	0.000844398	2
-130.071	57.9539	0.00125627	0.000850374	2
-129.922	58.9342	0.00131106	0.000856186	2
-129.768	59.9139	0.00136652	0.000861845	2
-129.608	60.893	0.00142265	0.000867359	2
-129.443	61.8715	0.0014794	0.000872737	2
-129.274	62.8495	0.00153677	0.000877989	2
-129.099	63.827	0.00159472	0.000883123	2
-128.92	64.8039	0.00165324	0.000888148	2
-128.737	65.7802	0.00171229	0.000893075	2
-128.549	66.756	0.00177186	0.000897911	2
-128.358	67.7313	0.00183192	0.000902666	2
-128.162	68.706	0.00189244	0.000907348	2
-127.963	69.6802	0.00195342	0.000911968	2
-127.759	70.6539	0.00201481	0.000916534	2
-127.553	71.6271	0.0020766	0.000921055	2
-127.343	72.5997	0.00213876	0.00092554	2
-127.13	73.5719	0.00220128	0.000929999	2
-126.916	74.5324	0.00226339	0.000934389	2
-126.697	75.5036	0.00232653	0.000938821	2
-126.476	76.4743	0.00238996	0.000943254	2
-126.252	77.4445	0.00245363	0.000947696	2
-126.025	78.4142	0.00251754	0.000952157	2
-125.796	79.3835	0.00258166	0.000956646	2
-125.566	80.3523	0.00264596	0.000961172	2
-125.333	81.3207	0.00271043	0.000965744	2
-125.098	82.2886	0.00277503	0.00097037	2
-124.862	83.256	0.00283975	0.000975061	2
-124.625	84.223	0.00290456	0.000979824	2
-124.386	85.1896	0.00296944	0.00098467	2
-124.146	86.1557	0.00303436	0.000989608	2
-123.905	87.1214	0.0030993	0.000994645	2
-123.663	88.0867	0.00316424	0.000999793	2
-123.421	89.0516	0.00322916	0.00100506	2
-123.178	90.0161	0.00329402	0.00101045	2
-122.935	90.9802	0.00335881	0.00101598	2
-122.692	91.9438	0.0034235	0.00102166	2
-122.448	92.9071	0.00348807	0.00102749	2
-122.205	93.87	0.0035525	0.00103348	2
-121.962	94.8325	0.00361675	0.00103965	2
-121.72	95.7946	0.00368082	0.001046	2
-121.481	96.7453	0.00374394	0.00105247	2
-121.239	97.7067	0.00380756	0.00105921	2
-120.999	98.6678	0.00387091	0.00106616	2
-120.76	99.6285	0.00393398	0.00107332	2

-75.0014	2.01341	-5.12446e-07	1.27191e-07	2
-75.1029	3.15389	-4.41616e-05	1.0958e-05	2
-75.1729	4.28276	-8.74777e-05	2.17036e-05	2
-75.2105	5.38692	-0.000129959	3.22448e-05	2
-75.2164	6.45441	-0.000171141	4.24719e-05	2
-75.1911	7.51038	-0.000211992	5.26309e-05	2
-75.1349	8.54259	-0.000252038	6.26096e-05	2
-75.0482	9.55136	-0.000291291	7.24162e-05	2
-74.9315	10.537	-0.000329759	8.20588e-05	2
-74.7854	11.4999	-0.000367454	9.15454e-05	2
-74.6101	12.4402	-0.000404386	0.000100884	2
-74.4063	13.3584	-0.000440565	0.000110083	2
-74.1744	14.2547	-0.000476002	0.000119151	2
-73.9149	15.1295	-0.000510706	0.000128094	2
-73.6283	15.9831	-0.000544688	0.000136922	2
-73.315	16.8158	-0.000577958	0.000145643	2
-72.9755	17.6279	-0.000610527	0.000154265	2
-72.6103	18.4198	-0.000642404	0.000162795	2
-72.2198	19.1917	-0.000673601	0.000171241	2
-71.8046	19.944	-0.000704127	0.000179613	2
-71.3651	20.677	-0.000733993	0.000187918	2
-70.9018	21.391	-0.000763209	0.000196164	2
-70.4152	22.0863	-0.000791785	0.000204359	2
-69.9057	22.7633	-0.000819732	0.000212511	2
-69.3738	23.4222	-0.000847059	0.000220628	2
-68.8199	24.0634	-0.000873778	0.000228719	2
-68.2514	24.6802	-0.000899601	0.000236698	2
-67.6554	25.2871	-0.00092514	0.00024476	2
-67.039	25.8773	-0.000950101	0.000252819	2
-66.4025	26.451	-0.000974494	0.000260884	2
-65.7465	27.0086	-0.000998329	0.000268963	2
-65.0714	27.5504	-0.00102162	0.000277063	2
-64.3777	28.0766	-0.00104437	0.000285193	2
-63.6659	28.5878	-0.00106659	0.000293362	2
-62.9364	29.084	-0.0010883	0.000301576	2
-62.1898	29.5657	-0.0011095	0.000309844	2
-61.4265	30.0332	-0.00113021	0.000318174	2
-60.647	30.4868	-0.00115043	0.000326575	2
-59.8517	30.9268	-0.00117018	0.000335054	2
-59.0412	31.3535	-0.00118946	0.00034362	2
-58.2159	31.7673	-0.00120829	0.00035228	2
-57.3762	32.1684	-0.00122667	0.000361042	2
-56.5228	32.5572	-0.00124462	0.000369915	2
-55.6559	32.9341	-0.00126214	0.000378907	2
-54.7762	33.2992	-0.00127925	0.000388026	2
-53.884	33.653	-0.00129596	0.00039728	2
-52.9799	33.9958	-0.00131227	0.000406677	2
-52.0644	34.3278	-0.00132821	0.000416225	2
-51.1379	34.6494	-0.00134377	0.000425932	2
-50.2116	34.9574	-0.00135879	0.000435691	2
-49.2646	35.2593	-0.00137365	0.000445739	2
-48.3081	35.5517	-0.00138815	0.00045597	2
-47.3424	35.835	-0.00140233	0.000466392	2
-46.3682	36.1094	-0.00141619	0.000477014	2
-45.3858	36.3754	-0.00142974	0.000487843	2
-44.3957	36.6332	-0.00144298	0.000498888	2
-43.3984	36.8831	-0.00145594	0.000510156	2
-42.3944	37.1254	-0.00146862	0.000521657	2
-41.3842	37.3605	-0.00148102	0.000533397	2
-40.3682	37.5888	-0.00149317	0.000545385	2
-39.3468	37.8104	-0.00150507	0.00055763	2
-38.3207	38.0257	-0.00151673	0.000570138	2
-37.2903	38.2351	-0.00152817	0.000582919	2
-36.2559	38.4388	-0.00153938	0.00059598	2
-35.2182	38.6373	-0.00155039	0.000609329	2
-34.1776	38.8307	-0.0015612	0.000622975	2
-33.1345	39.0194	-0.00157182	0.000636925	2
-32.0894	39.2038	-0.00158226	0.000651188	2
-31.0429	39.3841	-0.00159254	0.000665772	2
-29.9953	39.5607	-0.00160267	0.000680685	2
-28.9472	39.7338	-0.00161264	0.000695934	2
-27.8991	39.9039	-0.00162249	0.000711528	2
-26.8513	40.0712	-0.0016322	0.000727476	2
-25.8164	40.2341	-0.00164169	0.000743595	2
-24.7709	40.3968	-0.00165119	0.000760268	2
-23.7272	40.5577	-0.00166059	0.000777319	2
-22.6858	40.7171	-0.00166991	0.000794754	2
-21.6472	40.8752	-0.00167916	0.000812584	2
-20.6118	41.0325	-0.00168834	0.000830814	2
-19.5801	41.1893	-0.00169746	0.000849454	2
-18.5527	41.3458	-0.00170655	0.000868512	2
-17.5299	41.5024	-0.0017156	0.000887996	2
-16.5123	41.6594	-0.00172463	0.000907913	2
-15.5004	41.8171	-0.00173365	0.000928272	2
-14.4945	41.9758	-0.00174266	0.000949081	2
-13.4952	42.1359	-0.00175168	0.000970348	2
-12.503	42.2976	-0.00176073	0.000992081	2
-11.5182	42.4614	-0.0017698	0.00101429	2
-10.5415	42.6274	-0.00177891	0.00103698	2
-9.57332	42.7961	-0.00178807	0.00106016	2
-8.61405	42.9677	-0.00179729	0.00108384	2
-7.66422	43.1426	-0.00180658	0.00110802	2
-6.72429	43.321	-0.00181595	0.00113272	2
-5.79474	43.5034	-0.00182541	0.00115794	2
-4.87604	43.69	-0.00183497	0.00118369	2
-3.96868	43.881	-0.00184464	0.00120999	2
-3.08335	44.0747	-0.00185432	0.00123651	2
-2.19993	44.2758	-0.00186425	0.0012639	2
-1.32926	44.4823	-0.00187431	0.00129185	2
-0.471823	44.6946	-0.00188453	0.00132037	2

-25.0079	2.01293	-1.59691e-07	2.21866e-07	2
-25.671	3.11996	-1.41885e-05	1.9191e-05	2
-26.3066	4.22937	-2.89641e-05	3.81579e-05	2
-26.9072	5.32827	-4.43111e-05	5.69023e-05	2
-27.4669	6.40422	-6.00278e-05	7.52141e-05	2
-27.9991	7.48228	-7.64641e-05	9.35208e-05	2
-28.4974	8.54989	-9.34247e-05	0.00011161	2
-28.9624	9.60708	-0.000110894	0.000129483	2
-29.3943	10.6539	-0.000128855	0.000147141	2
-29.7935	11.6903	-0.000147294	0.000164587	2
-30.1605	12.7164	-0.000166194	0.000181821	2
-30.4957	13.7322	-0.000185539	0.000198846	2
-30.7994	14.7377	-0.000205314	0.000215662	2
-31.0721	15.7329	-0.000225503	0.000232272	2
-31.3141	16.7179	-0.00024609	0.000248677	2
-31.5259	17.6927	-0.00026706	0.000264879	2
-31.7077	18.6573	-0.000288396	0.00028088	2
-31.8601	19.6117	-0.000310083	0.00029668	2
-31.9834	20.556	-0.000332105	0.000312282	2
-32.078	21.4902	-0.000354446	0.000327687	2
-32.1444	22.4142	-0.000377091	0.000342897	2
-32.1828	23.3283	-0.000400023	0.000357914	2
-32.1937	24.2323	-0.000423228	0.000372738	2
-32.1775	25.1263	-0.000446689	0.000387372	2
-32.1346	26.0103	-0.00047039	0.000401818	2
-32.0654	26.8843	-0.000494316	0.000416076	2
-31.9715	27.7385	-0.000518173	0.000429988	2
-31.8511	28.5928	-0.000542499	0.000443879	2
-31.7056	29.4373	-0.000567003	0.000457587	2
-31.5353	30.2719	-0.000591668	0.000471115	2
-31.3407	31.0966	-0.00061648	0.000484463	2
-31.1221	31.9115	-0.000641422	0.000497634	2
-30.88	32.7167	-0.000666479	0.00051063	2
-30.6147	33.5121	-0.000691634	0.00052345	2
-30.3266	34.2978	-0.000716873	0.000536099	2
-30.0162	35.0738	-0.000742178	0.000548576	2
-29.6837	35.84	-0.000767535	0.000560883	2
-29.3297	36.5967	-0.000792928	0.000573023	2
-28.9545	37.3437	-0.000818341	0.000584997	2
-28.5585	38.0811	-0.000843758	0.000596805	2
-28.1421	38.8089	-0.000869164	0.000608451	2
-27.7057	39.5272	-0.000894542	0.000619936	2
-27.2497	40.236	-0.000919877	0.00063126	2
-26.7744	40.9352	-0.000945153	0.000642426	2
-26.2804	41.625	-0.000970355	0.000653436	2
-25.7679	42.3054	-0.000995466	0.000664291	2
-25.2374	42.9763	-0.00102047	0.000674992	2
-24.6892	43.6378	-0.00104535	0.000685542	2
-24.1238	44.2899	-0.0010701	0.000695941	2
-23.5483	44.9254	-0.00109441	0.000706075	2
-22.9498	45.5589	-0.00111884	0.00071618	2
-22.3352	46.1832	-0.00114308	0.00072614	2
-21.7049	46.7982	-0.00116711	0.000735957	2
-21.0594	47.404	-0.00119094	0.000745631	2
-20.399	48.0005	-0.00121453	0.000755164	2
-19.7241	48.5879	-0.00123787	0.000764559	2
-19.0351	49.1661	-0.00126095	0.000773816	2
-18.3324	49.7351	-0.00128375	0.000782938	2
-17.6164	50.295	-0.00130626	0.000791926	2
-16.8875	50.8459	-0.00132845	0.000800781	2
-16.1461	51.3876	-0.00135032	0.000809505	2
-15.3926	51.9203	-0.00137185	0.0008181	2
-14.6274	52.444	-0.00139301	0.000826567	2
-13.8508	52.9588	-0.00141381	0.000834908	2
-13.0633	53.4645	-0.00143421	0.000843124	2
-12.2653	53.9613	-0.00145421	0.000851218	2
-11.4571	54.4492	-0.00147378	0.000859191	2
-10.6392	54.9282	-0.00149292	0.000867043	2
-9.81193	55.3983	-0.00151161	0.000874778	2
-8.9757	55.8596	-0.00152983	0.000882397	2
-8.1309	56.3121	-0.00154756	0.0008899	2
-7.27794	56.7558	-0.0015648	0.000897291	2
-6.4172	57.1908	-0.00158151	0.000904569	2
-5.55911	57.6121	-0.00159752	0.000911656	2
-4.68409	58.0297	-0.00161316	0.000918718	2
-3.80247	58.4387	-0.00162824	0.000925673	2
-2.91466	58.8389	-0.00164275	0.000932522	2
-2.02104	59.2305	-0.00165666	0.000939269	2
-1.12201	59.6135	-0.00166996	0.000945913	2
-0.217971	59.988	-0.00168263	0.000952456	2
0.69069	60.3538	-0.00169466	0.000958901	2
1.60358	60.7112	-0.00170603	0.000965249	2
2.52029	61.06	-0.00171674	0.000971502	2
3.44044	61.4003	-0.00172675	0.00097766	2
4.36363	61.7322	-0.00173605	0.000983726	2
5.28947	62.0557	-0.00174464	0.000989701	2
6.21756	62.3708	-0.00175249	0.000995588	2
7.1475	62.6774	-0.00175959	0.00100139	2
8.07891	62.9758	-0.00176592	0.0010071	2
9.01138	63.2658	-0.00177146	0.00101273	2
9.94452	63.5475	-0.00177621	0.00101827	2
10.8779	63.8209	-0.00178014	0.00102374	2
11.8112	64.086	-0.00178324	0.00102912	2
12.744	64.343	-0.00178549	0.00103443	2
13.6759	64.5917	-0.00178688	0.00103966	2
14.6065	64.8323	-0.0017874	0.00104482	2
15.5247	65.0621	-0.00178703	0.00104984	2
16.4515	65.2864	-0.00178575	0.00105486	2
17.3759	65.5027	-0.00178354	0.0010598	2
18.2973	65.7109	-0.00178039	0.00106468	2

24.9971	2.00993	1.41897e-07	6.05839e-08	2
24.7435	2.86704	1.11749e-05	4.84395e-06	2
24.4759	3.74044	2.0009e-05	8.84039e-06	2
24.1978	4.61997	2.65423e-05	1.20136e-05	2
23.913	5.49518	3.07784e-05	1.4365e-05	2
23.6153	6.38618	3.28554e-05	1.59734e-05	2
23.3085	7.28259	3.27513e-05	1.68312e-05	2
22.993	8.18418	3.05062e-05	1.69626e-05	2
22.6694	9.0907	2.61599e-05	1.63919e-05	2
22.3381	10.0019	1.97526e-05	1.51434e-05	2
21.9996	10.9176	1.13244e-05	1.32414e-05	2
21.6544	11.8375	9.15149e-07	1.07103e-05	2
21.3029	12.7613	-1.1435e-05	7.57418e-06	2
20.9457	13.6889	-2.56859e-05	3.85745e-06	2
20.5832	14.62	-4.17977e-05	-4.15624e-07	2
20.2159	15.5543	-5.97303e-05	-5.22076e-06	2
19.8442	16.4917	-7.94437e-05	-1.05337e-05	2
19.4687	17.4318	-0.000100898	-1.63301e-05	2
19.0899	18.3745	-0.000124052	-2.25857e-05	2
18.7082	19.3195	-0.000148868	-2.92762e-05	2
18.324	20.2665	-0.000175304	-3.63773e-05	2
17.938	21.2154	-0.00020332	-4.38648e-05	2
17.5505	22.1659	-0.000232877	-5.17143e-05	2
17.162	23.1176	-0.000263934	-5.99016e-05	2
16.7731	24.0705	-0.000296452	-6.84024e-05	2
16.3841	25.0243	-0.00033039	-7.71924e-05	2
16.0001	25.9677	-0.000365295	-8.61418e-05	2
15.6126	26.9224	-0.000401939	-9.54346e-05	2
15.2265	27.8774	-0.000439883	-0.000104944	2
14.8423	28.8322	-0.000479088	-0.000114646	2
14.4605	29.7867	-0.000519514	-0.000124516	2
14.0816	30.7406	-0.00056112	-0.000134529	2
13.706	31.6937	-0.000603867	-0.000144662	2
13.3342	32.6457	-0.000647714	-0.000154891	2
12.9668	33.5965	-0.000692622	-0.00016519	2
12.6042	34.5457	-0.00073855	-0.000175535	2
12.2468	35.4932	-0.000785459	-0.000185903	2
11.8952	36.4387	-0.000833308	-0.000196269	2
11.5498	37.3819	-0.000882057	-0.000206609	2
11.2111	38.3227	-0.000931666	-0.000216898	2
10.8796	39.2607	-0.000982096	-0.000227113	2
10.5558	40.1957	-0.00103331	-0.000237228	2
10.2401	41.1276	-0.00108526	-0.00024722	2
9.93308	42.056	-0.00113791	-0.000257064	2
9.63515	42.9807	-0.00119122	-0.000266736	2
9.34681	43.9015	-0.00124515	-0.000276212	2
9.06855	44.8181	-0.00129966	-0.000285468	2
8.80083	45.7304	-0.00135471	-0.000294478	2
8.54415	46.638	-0.00141026	-0.00030322	2
8.30172	47.5304	-0.00146562	-0.000311572	2
8.0684	48.428	-0.00152205	-0.000319706	2
7.84754	49.3203	-0.00157885	-0.000327499	2
7.63962	50.2071	-0.001636	-0.000334925	2
7.44513	51.0879	-0.00169344	-0.000341961	2
7.26454	51.9627	-0.00175115	-0.000348583	2
7.09834	52.8312	-0.00180907	-0.000354765	2
6.94701	53.6932	-0.00186718	-0.000360485	2
6.81102	54.5484	-0.00192543	-0.000365717	2
6.69085	55.3965	-0.00198377	-0.000370437	2
6.58699	56.2373	-0.00204218	-0.000374622	2
6.49991	57.0707	-0.0021006	-0.000378246	2
6.4301	57.8963	-0.00215901	-0.000381285	2
6.37803	58.7139	-0.00221736	-0.000383716	2
6.34418	59.5233	-0.0022756	-0.000385513	2
6.32905	60.3242	-0.00233371	-0.000386653	2
6.33309	61.1164	-0.00239163	-0.000387111	2
6.3568	61.8997	-0.00244933	-0.000386864	2
6.40066	62.6738	-0.00250678	-0.000385886	2
6.46514	63.4384	-0.00256392	-0.000384153	2
6.55072	64.1934	-0.00262072	-0.000381641	2
6.65789	64.9385	-0.00267715	-0.000378327	2
6.78712	65.6735	-0.00273315	-0.000374184	2
6.9389	66.398	-0.00278869	-0.000369191	2
7.11156	67.1038	-0.0028431	-0.000363393	2
7.30959	67.807	-0.00289761	-0.000356634	2
7.5316	68.4992	-0.00295153	-0.000348949	2
7.77807	69.1799	-0.00300484	-0.000340317	2
8.04948	69.8491	-0.00305748	-0.000330711	2
8.34631	70.5065	-0.00310943	-0.000320109	2
8.66903	71.1519	-0.00316063	-0.000308484	2
9.01814	71.7849	-0.00321106	-0.000295814	2
9.3941	72.4054	-0.00326066	-0.000282074	2
9.7974	73.0132	-0.0033094	-0.00026724	2
10.2285	73.6079	-0.00335724	-0.000251287	2
10.6879	74.1894	-0.00340415	-0.000234191	2
11.1761	74.7574	-0.00345007	-0.000215928	2
11.6936	75.3116	-0.00349497	-0.000196474	2
12.2408	75.8519	-0.00353881	-0.000175803	2
12.8182	76.378	-0.00358155	-0.000153893	2
13.4263	76.8896	-0.00362314	-0.000130718	2
14.0656	77.3865	-0.00366356	-0.000106255	2
14.7366	77.8686	-0.00370276	-8.0479e-05	2
15.4396	78.3354	-0.00374069	-5.33656e-05	2
16.1754	78.7868	-0.00377733	-2.48907e-05	2
16.9442	79.2226	-0.00381262	4.96998e-06	2
17.7465	79.6426	-0.00384653	3.62407e-05	2
18.5732	80.0418	-0.00387866	6.85616e-05	2
19.4438	80.4294	-0.0039097	0.000102708	2
20.3493	80.8004	-0.00393925	0.000138338	2
21.2904	81.1546	-0.00396725	0.000175474	2

74.9995	2.01201	-1.77378e-07	1.19268e-07	2
74.9374	3.03844	-1.49858e-05	9.78872e-06	2
74.8438	4.06323	-2.90883e-05	1.84084e-05	2
74.7198	5.07462	-4.23365e-05	2.58888e-05	2
74.5681	6.06144	-5.46213e-05	3.21929e-05	2
74.3858	7.04685	-6.6257e-05	3.74968e-05	2
74.1754	8.01955	-7.71253e-05	4.17506e-05	2
73.9376	8.97976	-8.72552e-05	4.49844e-05	2
73.673	9.92772	-9.66756e-05	4.72279e-05	2
73.3824	10.8637	-0.000105416	4.85109e-05	2
73.0665	11.7878	-0.000113504	4.88634e-05	2
72.7261	12.7004	-0.000120971	4.83152e-05	2
72.3618	13.6016	-0.000127844	4.68961e-05	2
71.9745	14.4918	-0.000134153	4.46361e-05	2
71.5648	15.3711	-0.000139926	4.15649e-05	2
71.1335	16.2397	-0.000145194	3.77124e-05	2
70.6813	17.098	-0.000149984	3.31085e-05	2
70.2089	17.9461	-0.000154326	2.7783e-05	2
69.7171	18.7842	-0.000158249	2.17658e-05	2
69.2065	19.6126	-0.000161782	1.50867e-05	2
68.678	20.4316	-0.000164954	7.7756e-06	2
68.1322	21.2413	-0.000167794	-1.37641e-07	2
67.5698	22.042	-0.000170331	-8.62318e-06	2
66.9917	22.8339	-0.000172594	-1.76512e-05	2
66.3985	23.6172	-0.000174613	-2.71917e-05	2
65.7909	24.3923	-0.000176415	-3.7215e-05	2
65.1769	25.1504	-0.000178013	-4.75683e-05	2
64.543	25.9096	-0.000179473	-5.84629e-05	2
63.8969	26.6611	-0.000180803	-6.97509e-05	2
63.2394	27.4053	-0.000182033	-8.14026e-05	2
62.5711	28.1422	-0.000183193	-9.3388e-05	2
61.8928	28.8722	-0.00018431	-0.000105677	2
61.2053	29.5956	-0.000185415	-0.000118241	2
60.5093	30.3124	-0.000186535	-0.000131049	2
59.8055	31.023	-0.000187701	-0.000144071	2
59.0946	31.7276	-0.000188941	-0.000157278	2
58.3773	32.4264	-0.000190284	-0.000170639	2
57.6545	33.1197	-0.000191759	-0.000184125	2
56.9267	33.8076	-0.000193396	-0.000197706	2
56.1948	34.4905	-0.000195222	-0.000211352	2
55.4595	35.1685	-0.000197269	-0.000225034	2
54.7214	35.8419	-0.000199563	-0.000238721	2
53.9814	36.5108	-0.000202135	-0.000252383	2
53.2402	37.1757	-0.000205013	-0.000265991	2
52.4984	37.8366	-0.000208227	-0.000279515	2
51.7568	38.4938	-0.000211805	-0.000292925	2
51.0162	39.1475	-0.000215777	-0.000306191	2
50.2773	39.798	-0.000220172	-0.000319283	2
49.5407	40.4454	-0.000225018	-0.000332172	2
48.8157	41.0828	-0.00023028	-0.000344683	2
48.0861	41.725	-0.000236111	-0.000357078	2
47.361	42.3648	-0.000242479	-0.00036918	2
46.6412	43.0026	-0.000249416	-0.00038096	2
45.9275	43.6386	-0.000256948	-0.000392387	2
45.2206	44.2729	-0.000265106	-0.000403432	2
44.5211	44.9058	-0.000273919	-0.000414064	2
43.8298	45.5376	-0.000283415	-0.000424254	2
43.1475	46.1685	-0.000293623	-0.000433973	2
42.4749	46.7986	-0.000304573	-0.000443189	2
41.8126	47.4283	-0.000316294	-0.000451874	2
41.1615	48.0578	-0.000328815	-0.000459998	2
40.5222	48.6872	-0.000342164	-0.00046753	2
39.8956	49.3169	-0.000356371	-0.000474441	2
39.2822	49.9471	-0.000371465	-0.000480701	2
38.6829	50.5779	-0.000387475	-0.000486279	2
38.0983	51.2097	-0.000404429	-0.000491147	2
37.5293	51.8426	-0.000422357	-0.000495275	2
36.9765	52.4769	-0.000441289	-0.000498632	2
36.4406	53.1128	-0.000461252	-0.000501188	2
35.9224	53.7506	-0.000482276	-0.000502915	2
35.4226	54.3905	-0.00050439	-0.000503781	2
34.942	55.0326	-0.000527624	-0.000503757	2
34.4813	55.6774	-0.000552005	-0.000502814	2
34.046	56.3174	-0.000577263	-0.000500948	2
33.627	56.9678	-0.000604013	-0.000498087	2
33.2299	57.6215	-0.000631999	-0.000494217	2
32.8557	58.2787	-0.000661248	-0.000489308	2
32.5049	58.9395	-0.00069179	-0.00048333	2
32.1784	59.6043	-0.000723655	-0.000476254	2
31.8768	60.2733	-0.00075687	-0.00046805	2
31.6009	60.9466	-0.000791465	-0.000458687	2
31.3514	61.6245	-0.000827469	-0.000448136	2
31.1291	62.3073	-0.000864912	-0.000436367	2
30.9347	62.9952	-0.000903821	-0.00042335	2
30.7688	63.6884	-0.000944227	-0.000409055	2
30.6323	64.3872	-0.000986158	-0.000393453	2
30.5258	65.0917	-0.00102964	-0.000376514	2
30.4502	65.8022	-0.00107471	-0.000358207	2
30.406	66.519	-0.00112139	-0.000338503	2
30.3941	67.2423	-0.00116971	-0.000317372	2
30.4152	67.9722	-0.00121971	-0.000294784	2
30.4699	68.7091	-0.0012714	-0.00027071	2
30.5591	69.4532	-0.00132482	-0.000245119	2
30.6834	70.2046	-0.00138	-0.000217982	2
30.8437	70.9637	-0.00143696	-0.000189268	2
31.0405	71.7307	-0.00149574	-0.000158949	2
31.2718	72.4967	-0.00155566	-0.00012737	2
31.5436	73.28	-0.00161813	-9.37676e-05	2
31.8542	74.0718	-0.00168251	-5.84702e-05	2
32.2043	74.8724	-0.00174882	-2.14476e-05	2

124.996	2.01359	8.96426e-08	2.55868e-07	2
124.629	3.17049	7.61698e-06	2.21482e-05	2
124.238	4.31645	1.48661e-05	4.4072e-05	2
123.826	5.43829	2.17479e-05	6.57759e-05	2
123.399	6.52394	2.81898e-05	8.70185e-05	2
122.948	7.59904	3.43422e-05	0.000108298	2
122.477	8.65124	4.01284e-05	0.000129371	2
121.988	9.68095	4.55488e-05	0.000150242	2
121.48	10.6886	5.06039e-05	0.000170916	2
120.954	11.6745	5.5294e-05	0.000191396	2
120.41	12.6392	5.96196e-05	0.000211687	2
119.849	13.583	6.35811e-05	0.000231793	2
119.271	14.5064	6.71788e-05	0.00025172	2
118.677	15.4097	7.04132e-05	0.000271472	2
118.066	16.2934	7.32848e-05	0.000291052	2
117.439	17.1578	7.57938e-05	0.000310465	2
116.797	18.0034	7.79408e-05	0.000329717	2
116.14	18.8306	7.97261e-05	0.000348811	2
115.468	19.6398	8.11502e-05	0.000367751	2
114.782	20.4314	8.22134e-05	0.000386543	2
114.082	21.2058	8.29162e-05	0.000405191	2
113.368	21.9634	8.3259e-05	0.000423698	2
112.641	22.7047	8.32422e-05	0.00044207	2
111.901	23.4299	8.28661e-05	0.000460311	2
111.149	24.1396	8.21313e-05	0.000478426	2
110.385	24.8342	8.10381e-05	0.000496418	2
109.618	25.5062	7.96057e-05	0.000514088	2
108.831	26.1718	7.78011e-05	0.000531851	2
108.034	26.8235	7.56394e-05	0.000549505	2
107.225	27.4617	7.31209e-05	0.000567055	2
106.407	28.0867	7.02461e-05	0.000584504	2
105.579	28.699	6.70153e-05	0.000601859	2
104.741	29.299	6.34291e-05	0.000619122	2
103.894	29.8871	5.94878e-05	0.000636299	2
103.039	30.4637	5.51918e-05	0.000653393	2
102.176	31.0292	5.05415e-05	0.00067041	2
101.304	31.5841	4.55373e-05	0.000687354	2
100.426	32.1286	4.01797e-05	0.000704229	2
99.5398	32.6633	3.44691e-05	0.000721039	2
98.6472	33.1886	2.84059e-05	0.00073779	2
97.7483	33.7048	2.19904e-05	0.000754486	2
96.8433	34.2124	1.52231e-05	0.00077113	2
95.9329	34.7117	8.1044e-06	0.000787728	2
95.0172	35.2032	6.34731e-07	0.000804283	2
94.0967	35.6873	-7.18551e-06	0.000820801	2
93.1718	36.1644	-1.53559e-05	0.000837286	2
92.2428	36.6348	-2.38761e-05	0.000853743	2
91.3101	37.0991	-3.27456e-05	0.000870174	2
90.3741	37.5576	-4.1964e-05	0.000886587	2
89.446	38.0055	-5.1419e-05	0.000902795	2
88.5046	38.4537	-6.13301e-05	0.000919181	2
87.5611	38.8974	-7.15889e-05	0.00093556	2
86.6157	39.3368	-8.2195e-05	0.000951937	2
85.669	39.7725	-9.31479e-05	0.000968317	2
84.7212	40.2049	-0.000104447	0.000984703	2
83.7728	40.6343	-0.000116093	0.0010011	2
82.8241	41.0612	-0.000128084	0.00101751	2
81.8755	41.4859	-0.00014042	0.00103395	2
80.9275	41.909	-0.000153102	0.00105041	2
79.9803	42.3307	-0.000166127	0.00106689	2
79.0343	42.7516	-0.000179497	0.00108341	2
78.09	43.1719	-0.00019321	0.00109997	2
77.1478	43.5921	-0.000207266	0.00111657	2
76.2079	44.0127	-0.000221666	0.00113322	2
75.2708	44.434	-0.000236407	0.00114992	2
74.3368	44.8565	-0.000251491	0.00116667	2
73.4064	45.2804	-0.000266916	0.00118349	2
72.4799	45.7064	-0.000282682	0.00120037	2
71.5577	46.1346	-0.000298789	0.00121732	2
70.6401	46.5657	-0.000315236	0.00123434	2
69.7277	46.9999	-0.000332023	0.00125144	2
68.8206	47.4377	-0.00034915	0.00126862	2
67.9194	47.8795	-0.000366615	0.00128589	2
67.0346	48.3206	-0.000384213	0.00130305	2
66.1461	48.7715	-0.000402352	0.00132051	2
65.2645	49.2276	-0.000420828	0.00133807	2
64.3903	49.6894	-0.000439642	0.00135573	2
63.5237	50.1572	-0.000458793	0.0013735	2
62.6653	50.6314	-0.000478281	0.00139138	2
61.8153	51.1124	-0.000498105	0.00140938	2
60.9742	51.6007	-0.000518264	0.0014275	2
60.1423	52.0966	-0.000538759	0.00144575	2
59.32	52.6006	-0.000559589	0.00146414	2
58.5077	53.1131	-0.000580754	0.00148265	2
57.7058	53.6344	-0.000602253	0.00150131	2
56.9146	54.165	-0.000624085	0.00152011	2
56.1346	54.7054	-0.000646251	0.00153906	2
55.366	55.2558	-0.00066875	0.00155817	2
54.6094	55.8167	-0.000691581	0.00157743	2
53.865	56.3885	-0.000714744	0.00159686	2
53.1333	56.9716	-0.000738239	0.00161645	2
52.4146	57.5665	-0.000762065	0.00163621	2
51.7093	58.1735	-0.000786223	0.00165615	2
51.0178	58.793	-0.00081071	0.00167627	2
50.3405	59.4255	-0.000835528	0.00169658	2
49.6777	60.0714	-0.000860675	0.00171707	2
49.0372	60.7233	-0.000885857	0.00173752	2
48.4045	61.3969	-0.000911658	0.0017584	2
47.7875	62.0851	-0.000937788	0.00177949	2
47.1865	62.7883	-0.000964246	0.00180078	2

