-125.002	2.01072	-7.07693e-07	4.01941e-08	2
-125.189	2.93215	-5.92907e-05	3.90366e-06	2
-125.378	3.86366	-0.000114014	8.62168e-06	2
-125.569	4.79453	-0.000164234	1.41411e-05	2
-125.759	5.71409	-0.000209513	2.03719e-05	2
-125.951	6.6437	-0.000250969	2.74461e-05	2
-126.144	7.57269	-0.000288114	3.52828e-05	2
-126.338	8.50104	-0.000321013	4.38689e-05	2
-126.533	9.42876	-0.000349729	5.31915e-05	2
-126.728	10.3559	-0.000374326	6.32375e-05	2
-126.924	11.2823	-0.00039487	7.3994e-05	2
-127.121	12.2082	-0.000411425	8.54478e-05	2
-127.318	13.1334	-0.000424054	9.7586e-05	2
-127.516	14.058	-0.000432823	0.000110396	2
-127.714	14.982	-0.000437794	0.000123864	2
-127.913	15.9053	-0.000439034	0.000137977	2
-128.112	16.828	-0.000436606	0.000152723	2
-128.311	17.7502	-0.000430574	0.000168088	2
-128.51	18.6717	-0.000421003	0.000184059	2
-128.71	19.5925	-0.000407958	0.000200624	2
-128.91	20.5128	-0.000391501	0.000217768	2
-129.11	21.4324	-0.000371698	0.000235481	2
-129.311	22.3515	-0.000348614	0.000253747	2
-129.511	23.2699	-0.000322311	0.000272555	2
-129.711	24.1877	-0.000292855	0.000291891	2
-129.911	25.1049	-0.000260311	0.000311742	2
-130.109	26.011	-0.000225167	0.000331858	2
-130.309	26.927	-0.000186671	0.000352696	2
-130.509	27.8424	-0.000145278	0.000374009	2
-130.709	28.7572	-0.000101052	0.000395786	2
-130.909	29.6714	-5.40583e-05	0.000418013	2
-131.108	30.5849	-4.36071e-06	0.000440677	2
-131.307	31.4979	4.79764e-05	0.000463765	2
-131.505	32.4103	0.000102889	0.000487265	2
-131.703	33.3221	0.000160312	0.000511163	2
-131.901	34.2333	0.000220182	0.000535447	2
-132.098	35.1439	0.000282434	0.000560102	2
-132.294	36.0539	0.000347004	0.000585117	2
-132.49	36.9633	0.000413828	0.000610478	2
-132.685	37.8721	0.000482841	0.000636172	2
-132.88	38.7803	0.000553979	0.000662187	2
-133.073	39.6879	0.000627177	0.000688508	2
-133.266	40.5949	0.000702372	0.000715124	2
-133.459	41.5014	0.000779499	0.000742021	2
-133.65	42.4072	0.000858494	0.000769186	2
-133.84	43.3125	0.000939292	0.000796606	2
-134.03	44.2172	0.00102183	0.000824268	2
-134.218	45.1213	0.00110604	0.000852159	2
-134.405	46.0248	0.00119186	0.000880266	2
-134.59	46.9174	0.00127822	0.00090825	2
-134.775	47.8198	0.00136705	0.000936749	2
-134.959	48.7216	0.00145731	0.000965424	2
-135.141	49.6228	0.00154891	0.000994264	2
-135.323	50.5234	0.00164181	0.00102325	2
-135.503	51.4235	0.00173593	0.00105238	2
-135.682	52.323	0.00183121	0.00108164	2
-135.859	53.2219	0.00192759	0.001111	2
-136.035	54.1202	0.002025	0.00114047	2
-136.209	55.018	0.00212338	0.00117002	2
-136.382	55.9152	0.00222266	0.00119965	2
-136.554	56.8119	0.00232278	0.00122933	2
-136.723	57.7079	0.00242368	0.00125906	2
-136.891	58.6034	0.00252529	0.00128883	2
-137.058	59.4984	0.00262754	0.00131861	2
-137.222	60.3927	0.00273038	0.00134841	2
-137.385	61.2866	0.00283373	0.0013782	2
-137.546	62.1798	0.00293754	0.00140797	2
-137.705	63.0725	0.00304174	0.00143771	2
-137.862	63.9646	0.00314626	0.00146741	2
-138.017	64.8562	0.00325104	0.00149705	2
-138.17	65.7472	0.00335602	0.00152662	2
-138.321	66.6377	0.00346113	0.00155611	2
-138.47	67.5276	0.0035663	0.0015855	2
-138.615	68.4068	0.00367028	0.00161444	2
-138.759	69.2956	0.0037754	0.0016436	2
-138.902	70.1838	0.00388039	0.00167263	2
-139.042	71.0716	0.0039852	0.00170151	2
-139.179	71.9587	0.00408975	0.00173022	2
-139.315	72.8453	0.00419399	0.00175877	2
-139.447	73.7314	0.00429785	0.00178712	2
-139.578	74.6169	0.00440125	0.00181528	2
-139.706	75.5019	0.00450415	0.00184322	2
-139.831	76.3864	0.00460647	0.00187094	2
-139.954	77.2703	0.00470816	0.00189841	2
-140.074	78.1536	0.00480914	0.00192564	2
-140.191	79.0365	0.00490935	0.0019526	2
-140.306	79.9188	0.00500873	0.00197928	2
-140.418	80.8005	0.00510721	0.00200567	2
-140.527	81.6817	0.00520474	0.00203176	2
-140.633	82.5624	0.00530123	0.00205753	2
-140.736	83.4426	0.00539664	0.00208297	2
-140.836	84.3222	0.0054909	0.00210807	2
-140.934	85.2013	0.00558393	0.00213281	2
-141.028	86.0798	0.00567569	0.00215718	2
-141.119	86.9579	0.00576609	0.00218117	2
-141.207	87.8354	0.00585509	0.00220476	2
-141.291	88.7023	0.00594161	0.00222768	2
-141.372	89.5787	0.00602761	0.00225045	2
-141.451	90.4547	0.00611201	0.00227279	2
-141.526	91.3301	0.00619474	0.00229468	2

-74.9994	2.0127	-2.26669e-07	1.25699e-07	2
-74.9382	3.09518	-1.84225e-05	9.83322e-06	2
-74.8521	4.17134	-3.42493e-05	1.74588e-05	2
-74.742	5.2287	-4.75253e-05	2.29119e-05	2
-74.6099	6.25562	-5.81861e-05	2.62015e-05	2
-74.4531	7.27621	-6.65242e-05	2.74389e-05	2
-74.2733	8.2786	-7.24463e-05	2.66085e-05	2
-74.0708	9.26302	-7.59977e-05	2.37456e-05	2
-73.846	10.2297	-7.72233e-05	1.88853e-05	2
-73.5993	11.1788	-7.61683e-05	1.20626e-05	2
-73.3309	12.1105	-7.28778e-05	3.31255e-06	2
-73.0412	13.0251	-6.73968e-05	-7.32966e-06	2
-72.7306	13.9227	-5.97704e-05	-1.9829e-05	2
-72.3994	14.8036	-5.00438e-05	-3.41503e-05	2
-72.0478	15.668	-3.82621e-05	-5.02586e-05	2
-71.6764	16.5161	-2.44702e-05	-6.81188e-05	2
-71.2853	17.3481	-8.71339e-06	-8.76956e-05	2
-70.875	18.1641	8.96332e-06	-0.000108954	2
-70.4457	18.9645	2.85148e-05	-0.000131859	2
-69.9978	19.7494	4.98961e-05	-0.000156376	2
-69.5317	20.519	7.30619e-05	-0.000182469	2
-69.0477	21.2735	9.79672e-05	-0.000210103	2
-68.5461	22.0132	0.000124567	-0.000239244	2
-68.0273	22.7382	0.000152816	-0.000269856	2
-67.4915	23.4487	0.00018267	-0.000301903	2
-66.9392	24.145	0.000214082	-0.000335352	2
-66.3774	24.8196	0.000246622	-0.000369759	2
-65.7931	25.4882	0.000281001	-0.000405889	2
-65.1934	26.1432	0.000316804	-0.000443315	2
-64.5784	26.7847	0.000353987	-0.000482003	2
-63.9485	27.4131	0.000392503	-0.000521916	2
-63.3041	28.0285	0.000432309	-0.00056302	2
-62.6456	28.631	0.000473359	-0.00060528	2
-61.9731	29.221	0.000515608	-0.00064866	2
-61.2871	29.7987	0.000559011	-0.000693126	2
-60.588	30.3641	0.000603522	-0.000738643	2
-59.876	30.9176	0.000649097	-0.000785175	2
-59.1515	31.4593	0.000695691	-0.000832687	2
-58.4148	31.9895	0.000743258	-0.000881144	2
-57.6664	32.5084	0.000791754	-0.000930512	2
-56.9064	33.0161	0.000841133	-0.000980754	2
-56.1352	33.5129	0.00089135	-0.00103184	2
-55.3533	33.999	0.00094236	-0.00108372	2
-54.5609	34.4745	0.000994118	-0.00113638	2
-53.7583	34.9398	0.00104658	-0.00118977	2
-52.9459	35.395	0.0010997	-0.00124386	2
-52.1241	35.8403	0.00115343	-0.00129862	2
-51.2931	36.2759	0.00120773	-0.001354	2
-50.4534	36.702	0.00126255	-0.00140998	2
-49.615	37.1141	0.00131721	-0.00146587	2
-48.7588	37.5221	0.00137294	-0.00152293	2
-47.8948	37.9211	0.00142905	-0.00158047	2
-47.0234	38.3115	0.00148551	-0.00163847	2
-46.1449	38.6935	0.00154227	-0.00169689	2
-45.2596	39.0673	0.00159927	-0.0017557	2
-44.3679	39.433	0.00165649	-0.00181485	2
-43.4701	39.791	0.00171387	-0.00187432	2
-42.5666	40.1413	0.00177136	-0.00193407	2
-41.6577	40.4842	0.00182893	-0.00199406	2
-40.7437	40.82	0.00188652	-0.00205425	2
-39.825	41.1487	0.0019441	-0.00211463	2
-38.9018	41.4707	0.00200161	-0.00217514	2
-37.9747	41.7861	0.00205901	-0.00223575	2
-37.0438	42.0951	0.00211626	-0.00229644	2
-36.1095	42.398	0.00217332	-0.00235715	2
-35.1722	42.695	0.00223012	-0.00241787	2
-34.2322	42.9862	0.00228665	-0.00247854	2
-33.2898	43.2719	0.00234283	-0.00253915	2
-32.3454	43.5522	0.00239864	-0.00259965	2
-31.3993	43.8274	0.00245402	-0.00266	2
-30.4519	44.0978	0.00250894	-0.00272018	2
-29.5034	44.3634	0.00256334	-0.00278015	2
-28.5543	44.6245	0.00261718	-0.00283987	2
-27.6157	44.8785	0.00266981	-0.00289862	2
-26.6663	45.1313	0.00272241	-0.00295775	2
-25.7172	45.3802	0.00277431	-0.00301652	2
-24.7687	45.6255	0.00282547	-0.0030749	2
-23.8213	45.8673	0.00287585	-0.00313286	2
-22.8752	46.1059	0.0029254	-0.00319037	2
-21.9309	46.3415	0.00297408	-0.00324738	2
-20.9885	46.5742	0.00302183	-0.00330386	2
-20.0485	46.8042	0.00306863	-0.00335978	2
-19.1113	47.0319	0.00311441	-0.0034151	2
-18.177	47.2573	0.00315914	-0.00346979	2
-17.2462	47.4807	0.00320276	-0.00352381	2
-16.3191	47.7024	0.00324525	-0.00357713	2
-15.396	47.9224	0.00328654	-0.00362971	2
-14.4773	48.1411	0.0033266	-0.00368152	2
-13.5634	48.3586	0.00336537	-0.00373252	2
-12.6545	48.5751	0.00340283	-0.00378267	2
-11.7511	48.7909	0.00343891	-0.00383195	2
-10.8534	49.0061	0.00347358	-0.00388031	2
-9.96174	49.2209	0.00350678	-0.00392772	2
-9.07656	49.4356	0.00353848	-0.00397415	2
-8.19813	49.6504	0.00356864	-0.00401956	2
-7.32681	49.8655	0.00359719	-0.00406392	2
-6.47282	50.0786	0.0036238	-0.00410669	2
-5.61662	50.2948	0.00364905	-0.00414885	2
-4.76854	50.512	0.00367257	-0.00418985	2
-3.92892	50.7302	0.00369431	-0.00422965	2

-25.0059	2.01195	-6.24889e-07	1.33516e-07	2
-25.4993	3.03533	-5.35731e-05	1.14586e-05	2
-25.9668	4.06248	-0.000105555	2.25989e-05	2
-26.4027	5.08145	-0.000155965	3.34208e-05	2
-26.8031	6.08068	-0.000204267	4.38053e-05	2
-27.1774	7.08339	-0.000251603	5.3994e-05	2
-27.5214	8.07794	-0.000297421	6.38642e-05	2
-27.8353	9.0643	-0.000341738	7.34158e-05	2
-28.1195	10.0425	-0.000384574	8.26488e-05	2
-28.3744	11.0125	-0.000425947	9.15632e-05	2
-28.6003	11.9744	-0.000465874	0.000100159	2
-28.7977	12.928	-0.000504374	0.000108436	2
-28.9669	13.8735	-0.000541465	0.000116394	2
-29.1082	14.8109	-0.000577165	0.000124033	2
-29.222	15.74	-0.000611493	0.000131354	2
-29.3087	16.661	-0.000644467	0.000138355	2
-29.3686	17.5738	-0.000676105	0.000145038	2
-29.4022	18.4785	-0.000706425	0.000151402	2
-29.4097	19.375	-0.000735445	0.000157446	2
-29.3916	20.2633	-0.000763184	0.000163172	2
-29.3483	21.1434	-0.00078966	0.000168578	2
-29.28	22.0154	-0.000814891	0.000173665	2
-29.1871	22.8792	-0.000838896	0.000178433	2
-29.0701	23.7349	-0.000861692	0.000182882	2
-28.9293	24.5823	-0.000883298	0.000187011	2
-28.765	25.4217	-0.000903732	0.000190821	2
-28.5799	26.2433	-0.000922797	0.000194274	2
-28.37	27.0664	-0.000940955	0.000197448	2
-28.1379	27.8813	-0.000957995	0.000200304	2
-27.8837	28.688	-0.000973936	0.00020284	2
-27.6079	29.4866	-0.000988796	0.000205056	2
-27.3109	30.277	-0.00100259	0.000206952	2
-26.9929	31.0593	-0.00101535	0.000208529	2
-26.6545	31.8334	-0.00102707	0.000209786	2
-26.2959	32.5993	-0.00103779	0.000210724	2
-25.9175	33.3571	-0.00104752	0.000211341	2
-25.5197	34.1067	-0.00105627	0.000211639	2
-25.1029	34.8482	-0.00106408	0.000211617	2
-24.6674	35.5815	-0.00107095	0.000211275	2
-24.2135	36.3066	-0.0010769	0.000210613	2
-23.7417	37.0236	-0.00108195	0.000209631	2
-23.2523	37.7324	-0.00108612	0.000208329	2
-22.7457	38.4331	-0.00108943	0.000206706	2
-22.2223	39.1256	-0.00109189	0.000204764	2
-21.6823	39.8099	-0.00109353	0.000202501	2
-21.1263	40.4861	-0.00109437	0.000199918	2
-20.5545	41.1542	-0.00109441	0.000197015	2
-19.9673	41.8141	-0.00109368	0.000193792	2
-19.3651	42.4658	-0.0010922	0.000190248	2
-18.7554	43.102	-0.00109001	0.00018643	2
-18.1244	43.7375	-0.00108709	0.000182249	2
-17.4795	44.3649	-0.00108346	0.000177747	2
-16.8211	44.9841	-0.00107916	0.000172925	2
-16.1494	45.5952	-0.00107419	0.000167782	2
-15.465	46.1981	-0.00106858	0.000162318	2
-14.7681	46.7928	-0.00106235	0.000156534	2
-14.0591	47.3795	-0.00105551	0.000150429	2
-13.3383	47.9579	-0.00104808	0.000144003	2
-12.6063	48.5282	-0.00104007	0.000137257	2
-11.8632	49.0904	-0.00103152	0.000130189	2
-11.1095	49.6444	-0.00102243	0.000122801	2
-10.3456	50.1902	-0.00101282	0.000115091	2
-9.57179	50.728	-0.00100272	0.000107061	2
-8.78846	51.2575	-0.000992137	9.87096e-05	2
-7.99597	51.7789	-0.000981092	9.00371e-05	2
-7.1947	52.2922	-0.000969604	8.10434e-05	2
-6.38501	52.7974	-0.000957691	7.17285e-05	2
-5.56727	53.2943	-0.000945371	6.20924e-05	2
-4.74184	53.7832	-0.000932662	5.2135e-05	2
-3.90909	54.2639	-0.000919583	4.18562e-05	2
-3.06939	54.7364	-0.000906152	3.12561e-05	2
-2.22311	55.2008	-0.000892387	2.03346e-05	2
-1.37061	55.6571	-0.000878306	9.0916e-06	2
-0.522156	56.1001	-0.000864094	-2.33815e-06	2
0.34162	56.5402	-0.00084944	-1.42205e-05	2
1.21052	56.9721	-0.000834524	-2.64245e-05	2
2.08417	57.3959	-0.000819365	-3.895e-05	2
2.96221	57.8116	-0.000803982	-5.17973e-05	2
3.84428	58.2191	-0.000788392	-6.49663e-05	2
4.72999	58.6184	-0.000772614	-7.84571e-05	2
5.619	59.0097	-0.000756665	-9.22697e-05	2
6.51093	59.3928	-0.000740565	-0.000106404	2
7.40541	59.7677	-0.000724331	-0.000120861	2
8.30208	60.1345	-0.000707981	-0.000135639	2
9.20057	60.4932	-0.000691535	-0.000150739	2
10.1005	60.8438	-0.000675009	-0.000166162	2
11.0015	61.1862	-0.000658423	-0.000181906	2
11.9033	61.5205	-0.000641794	-0.000197973	2
12.8054	61.8466	-0.000625141	-0.000214361	2
13.7075	62.1646	-0.000608482	-0.000231072	2
14.6092	62.4745	-0.000591835	-0.000248106	2
15.5102	62.7762	-0.000575218	-0.000265461	2
16.41	63.0698	-0.00055865	-0.000283139	2
17.3084	63.3553	-0.000542149	-0.00030114	2
18.2049	63.6326	-0.000525733	-0.000319462	2
19.0992	63.9018	-0.00050942	-0.000338108	2
19.9807	64.16	-0.000493414	-0.000356856	2
20.8695	64.413	-0.000477361	-0.000376142	2
21.7551	64.6579	-0.000461465	-0.000395752	2
22.6369	64.8947	-0.000445746	-0.000415684	2

24.997	2.01012	5.79017e-08	-1.99594e-07	2
24.735	2.88456	4.0157e-06	-1.71675e-05	2
24.4676	3.77713	5.99126e-06	-3.3937e-05	2
24.1978	4.67739	5.96759e-06	-5.03096e-05	2
23.9294	5.57458	4.01937e-06	-6.61052e-05	2
23.6562	6.48924	1.41809e-07	-8.16924e-05	2
23.3818	7.4107	-5.6127e-06	-9.68864e-05	2
23.1064	8.33865	-1.32033e-05	-0.000111688	2
22.8304	9.27278	-2.25889e-05	-0.0001261	2
22.5542	10.2128	-3.37288e-05	-0.000140122	2
22.2779	11.1584	-4.6582e-05	-0.000153755	2
22.002	12.1093	-6.11075e-05	-0.000167002	2
21.7268	13.0651	-7.72645e-05	-0.000179862	2
21.4525	14.0256	-9.5012e-05	-0.000192338	2
21.1795	14.9905	-0.000114309	-0.000204431	2
20.9082	15.9595	-0.000135115	-0.000216142	2
20.6388	16.9322	-0.000157389	-0.000227471	2
20.3717	17.9083	-0.000181089	-0.000238421	2
20.1072	18.8877	-0.000206176	-0.000248993	2
19.8455	19.8698	-0.000232608	-0.000259187	2
19.5871	20.8546	-0.000260343	-0.000269005	2
19.3323	21.8415	-0.000289342	-0.000278449	2
19.0813	22.8304	-0.000319564	-0.000287519	2
18.8345	23.821	-0.000350966	-0.000296216	2
18.5922	24.8129	-0.000383509	-0.000304543	2
18.3547	25.8058	-0.000417152	-0.000312499	2
18.125	26.788	-0.000451449	-0.000320002	2
17.8981	27.7821	-0.000487156	-0.000327226	2
17.677	28.7763	-0.000523841	-0.000334085	2
17.462	29.7703	-0.000561463	-0.000340578	2
17.2534	30.7639	-0.000599979	-0.000346708	2
17.0516	31.7567	-0.000639351	-0.000352475	2
16.8568	32.7484	-0.000679536	-0.00035788	2
16.6694	33.7387	-0.000720493	-0.000362926	2
16.4897	34.7273	-0.000762183	-0.000367613	2
16.3181	35.7139	-0.000804563	-0.000371942	2
16.1548	36.6982	-0.000847594	-0.000375914	2
16.0002	37.68	-0.000891233	-0.000379532	2
15.8545	38.6588	-0.00093544	-0.000382795	2
15.7182	39.6344	-0.000980175	-0.000385706	2
15.5915	40.6065	-0.0010254	-0.000388265	2
15.4748	41.5748	-0.00107106	-0.000390473	2
15.3683	42.539	-0.00111713	-0.000392333	2
15.2724	43.4988	-0.00116357	-0.000393845	2
15.1875	44.4538	-0.00121033	-0.00039501	2
15.1137	45.4038	-0.00125736	-0.00039583	2
15.0515	46.3485	-0.00130464	-0.000396306	2
15.0012	47.2876	-0.00135212	-0.000396438	2
14.9631	48.2208	-0.00139976	-0.000396229	2
14.9378	49.137	-0.00144697	-0.000395688	2
14.9249	50.0575	-0.0014948	-0.000394803	2
14.9251	50.9711	-0.00154267	-0.00039358	2
14.9388	51.8775	-0.00159054	-0.00039202	2
14.9663	52.7766	-0.00163836	-0.000390124	2
15.0079	53.6678	-0.00168609	-0.000387894	2
15.064	54.5511	-0.0017337	-0.000385331	2
15.1348	55.4259	-0.00178114	-0.000382436	2
15.2207	56.2921	-0.00182837	-0.00037921	2
15.322	57.1494	-0.00187535	-0.000375655	2
15.439	57.9974	-0.00192204	-0.000371771	2
15.572	58.8358	-0.0019684	-0.000367561	2
15.7214	59.6644	-0.00201439	-0.000363024	2
15.8875	60.4828	-0.00205996	-0.000358163	2
16.0705	61.2907	-0.00210508	-0.000352979	2
16.2709	62.0878	-0.00214971	-0.000347472	2
16.4889	62.8739	-0.00219379	-0.000341645	2
16.7249	63.6485	-0.00223731	-0.000335498	2
16.9791	64.4115	-0.0022802	-0.000329032	2
17.252	65.1625	-0.00232243	-0.000322249	2
17.5438	65.9012	-0.00236397	-0.00031515	2
17.8548	66.6273	-0.00240476	-0.000307736	2
18.1854	67.3405	-0.00244477	-0.000300009	2
18.5358	68.0406	-0.00248396	-0.000291969	2
18.9021	68.7192	-0.00252185	-0.000283716	2
19.293	69.3921	-0.00255929	-0.000275059	2
19.7048	70.0509	-0.00259577	-0.000266093	2
20.1377	70.6952	-0.00263128	-0.00025682	2
20.5921	71.3248	-0.00266575	-0.000247241	2
21.0684	71.9394	-0.00269916	-0.000237356	2
21.5667	72.5387	-0.00273146	-0.000227168	2
22.0875	73.1224	-0.00276261	-0.000216677	2
22.631	73.6901	-0.00279257	-0.000205885	2
23.1976	74.2417	-0.0028213	-0.000194792	2
23.7876	74.7766	-0.00284875	-0.000183401	2
24.4014	75.2948	-0.0028749	-0.000171712	2
25.0391	75.7958	-0.00289969	-0.000159727	2
25.7013	76.2794	-0.00292308	-0.000147446	2
26.3881	76.7452	-0.00294504	-0.000134872	2
27.0999	77.193	-0.00296552	-0.000122004	2
27.8371	77.6224	-0.00298449	-0.000108846	2
28.5999	78.0332	-0.0030019	-9.53964e-05	2
29.3887	78.425	-0.0030177	-8.16581e-05	2
30.2037	78.7976	-0.00303187	-6.7632e-05	2
31.0454	79.1506	-0.00304436	-5.33192e-05	2
31.9139	79.4837	-0.00305512	-3.87211e-05	2
32.8098	79.7967	-0.00306412	-2.38387e-05	2
33.7224	80.0859	-0.00307124	-8.84929e-06	2
34.6733	80.3579	-0.00307662	6.59454e-06	2
35.6525	80.6088	-0.0030801	2.23189e-05	2
36.6602	80.8383	-0.00308166	3.83226e-05	2

75.0006	2.01109	-2.23626e-07	2.46144e-07	2
75.0304	2.96143	-1.91145e-05	2.04856e-05	2
75.0256	3.91631	-3.75512e-05	3.91187e-05	2
74.9863	4.86473	-5.53281e-05	5.59401e-05	2
74.9145	5.79594	-7.22699e-05	7.08274e-05	2
74.8093	6.73168	-8.87884e-05	8.4167e-05	2
74.6722	7.66115	-0.000104701	9.58165e-05	2
74.504	8.5844	-0.000120026	0.000105816	2
74.3055	9.50152	-0.00013478	0.000114208	2
74.0778	10.4126	-0.000148984	0.000121031	2
73.8214	11.3176	-0.000162653	0.000126326	2
73.5374	12.2167	-0.000175806	0.000130135	2
73.2265	13.1099	-0.000188462	0.000132498	2
72.8896	13.9973	-0.000200638	0.000133456	2
72.5275	14.8789	-0.000212353	0.000133049	2
72.1412	15.7549	-0.000223624	0.000131318	2
71.7313	16.6252	-0.000234469	0.000128303	2
71.2988	17.49	-0.000244907	0.000124046	2
70.8445	18.3494	-0.000254955	0.000118587	2
70.3692	19.2033	-0.000264632	0.000111967	2
69.8738	20.0518	-0.000273955	0.000104226	2
69.3592	20.8951	-0.000282943	9.54059e-05	2
68.8261	21.7332	-0.000291614	8.55461e-05	2
68.2754	22.5661	-0.000299985	7.46879e-05	2
67.708	23.3939	-0.000308075	6.28719e-05	2
67.1247	24.2167	-0.000315902	5.01387e-05	2
66.5333	25.0252	-0.000323397	3.66904e-05	2
65.9209	25.8382	-0.000330754	2.22544e-05	2
65.2951	26.6465	-0.000337901	7.0229e-06	2
64.6568	27.4499	-0.000344857	-8.96343e-06	2
64.0068	28.2487	-0.00035164	-2.56639e-05	2
63.3459	29.0428	-0.000358268	-4.30379e-05	2
62.675	29.8324	-0.000364758	-6.10446e-05	2
61.995	30.6175	-0.000371129	-7.96434e-05	2
61.3066	31.3982	-0.000377399	-9.87937e-05	2
60.6107	32.1745	-0.000383585	-0.000118455	2
59.9082	32.9465	-0.000389707	-0.000138586	2
59.1999	33.7143	-0.000395781	-0.000159146	2
58.4866	34.478	-0.000401827	-0.000180095	2
57.7693	35.2375	-0.000407861	-0.000201392	2
57.0486	35.9931	-0.000413903	-0.000222996	2
56.3255	36.7446	-0.000419969	-0.000244867	2
55.6009	37.4923	-0.000426079	-0.000266964	2
54.8755	38.2361	-0.000432249	-0.000289246	2
54.1502	38.9762	-0.000438499	-0.000311673	2
53.4258	39.7126	-0.000444846	-0.000334203	2
52.7033	40.4454	-0.000451309	-0.000356797	2
51.9833	41.1746	-0.000457904	-0.000379413	2
51.2669	41.9003	-0.000464651	-0.000402011	2
50.5629	42.6142	-0.000471487	-0.000424291	2
49.8558	43.3332	-0.000478588	-0.000446732	2
49.1547	44.0488	-0.000485894	-0.000469033	2
48.4605	44.7612	-0.000493424	-0.000491153	2
47.7739	45.4705	-0.000501195	-0.000513053	2
47.0958	46.1766	-0.000509225	-0.00053469	2
46.4271	46.8797	-0.000517533	-0.000556025	2
45.7687	47.5798	-0.000526136	-0.000577017	2
45.1212	48.2771	-0.000535052	-0.000597625	2
44.4857	48.9715	-0.000544299	-0.000617808	2
43.8628	49.6631	-0.000553897	-0.000637526	2
43.2536	50.352	-0.000563861	-0.000656738	2
42.6587	51.0383	-0.000574211	-0.000675403	2
42.0791	51.722	-0.000584965	-0.000693481	2
41.5156	52.4032	-0.00059614	-0.000710931	2
40.9691	53.082	-0.000607755	-0.000727713	2
40.4403	53.7584	-0.000619828	-0.000743784	2
39.9302	54.4325	-0.000632376	-0.000759106	2
39.4396	55.1043	-0.000645418	-0.000773637	2
38.9692	55.774	-0.000658972	-0.000787337	2
38.52	56.4416	-0.000673055	-0.000800164	2
38.0928	57.1071	-0.000687687	-0.000812079	2
37.6885	57.7706	-0.000702884	-0.00082304	2
37.3078	58.4323	-0.000718665	-0.000833007	2
36.9556	59.0845	-0.000734856	-0.000841842	2
36.6246	59.7425	-0.000751852	-0.000849711	2
36.3197	60.3988	-0.000769485	-0.000856464	2
36.0419	61.0535	-0.000787775	-0.000862061	2
35.7919	61.7066	-0.000806738	-0.00086646	2
35.5707	62.3582	-0.000826393	-0.000869622	2
35.3791	63.0083	-0.000846758	-0.000871505	2
35.2179	63.6571	-0.000867851	-0.000872069	2
35.0879	64.3045	-0.00088969	-0.000871273	2
34.99	64.9507	-0.000912293	-0.000869076	2
34.9251	65.5957	-0.000935678	-0.000865438	2
34.894	66.2396	-0.000959863	-0.000860318	2
34.8975	66.8824	-0.000984866	-0.000853676	2
34.9364	67.5243	-0.00101071	-0.00084547	2
35.0117	68.1652	-0.0010374	-0.00083566	2
35.1242	68.8053	-0.00106496	-0.000824205	2
35.2746	69.4446	-0.00109342	-0.000811065	2
35.4639	70.0832	-0.00112278	-0.000796199	2
35.6928	70.7211	-0.00115308	-0.000779566	2
35.9623	71.3584	-0.00118431	-0.000761125	2
36.2731	71.9952	-0.00121651	-0.000740837	2
36.6262	72.6316	-0.00124969	-0.000718659	2
37.0223	73.2675	-0.00128386	-0.000694552	2
37.457	73.8959	-0.00131864	-0.000668786	2
37.9412	74.5313	-0.00135486	-0.000640722	2
38.471	75.1665	-0.00139213	-0.000610606	2
39.0473	75.8015	-0.00143046	-0.000578398	2

124.997	2.012	-5.25262e-07	3.64303e-07	2
124.732	3.03402	-4.51844e-05	3.09586e-05	2
124.441	4.04818	-8.93442e-05	6.04428e-05	2
124.129	5.0428	-0.000132501	8.84742e-05	2
123.799	6.00713	-0.000174198	0.000114777	2
123.444	6.96392	-0.000215424	0.000139984	2
123.068	7.90217	-0.000255713	0.000163802	2
122.673	8.82222	-0.000295085	0.000186254	2
122.257	9.7244	-0.000333561	0.000207361	2
121.822	10.609	-0.000371164	0.000227145	2
121.369	11.4765	-0.000407915	0.000245626	2
120.896	12.3271	-0.000443836	0.000262828	2
120.406	13.1611	-0.000478948	0.000278771	2
119.898	13.979	-0.000513273	0.000293477	2
119.373	14.7809	-0.000546832	0.000306967	2
118.831	15.5674	-0.000579648	0.000319264	2
118.272	16.3386	-0.00061174	0.000330388	2
117.698	17.095	-0.000643133	0.000340362	2
117.108	17.8368	-0.000673846	0.000349207	2
116.503	18.5644	-0.000703901	0.000356944	2
115.883	19.2782	-0.000733321	0.000363596	2
115.249	19.9784	-0.000762126	0.000369183	2
114.601	20.6654	-0.000790338	0.000373728	2
113.94	21.3395	-0.000817979	0.000377252	2
113.266	22.0011	-0.000845071	0.000379777	2
112.579	22.6505	-0.000871635	0.000381323	2
111.888	23.2808	-0.000897395	0.000381912	2
111.178	23.9069	-0.000922973	0.000381579	2
110.456	24.5218	-0.000948088	0.000380332	2
109.724	25.1258	-0.000972761	0.000378193	2
108.981	25.7193	-0.000997013	0.000375185	2
108.228	26.3026	-0.00102087	0.000371328	2
107.465	26.876	-0.00104434	0.000366644	2
106.693	27.4398	-0.00106747	0.000361155	2
105.913	27.9945	-0.00109025	0.000354883	2
105.124	28.5402	-0.00111273	0.000347848	2
104.328	29.0775	-0.00113491	0.000340073	2
103.524	29.6065	-0.00115683	0.000331579	2
102.712	30.1276	-0.0011785	0.000322388	2
101.895	30.6412	-0.00119994	0.000312521	2
101.071	31.1475	-0.00122118	0.000302	2
100.241	31.647	-0.00124223	0.000290847	2
99.4066	32.14	-0.00126313	0.000279083	2
98.5668	32.6267	-0.00128388	0.000266729	2
97.7226	33.1075	-0.00130452	0.000253808	2
96.8743	33.5828	-0.00132506	0.000240341	2
96.0224	34.0529	-0.00134553	0.00022635	2
95.1673	34.5181	-0.00136594	0.000211856	2
94.3095	34.9787	-0.00138633	0.00019688	2
93.4592	35.4299	-0.00140646	0.000181625	2
92.5972	35.8825	-0.00142685	0.000165757	2
91.7336	36.3316	-0.00144726	0.000149472	2
90.869	36.7774	-0.00146774	0.000132792	2
90.0038	37.2203	-0.00148828	0.000115738	2
89.1383	37.6607	-0.00150893	9.83329e-05	2
88.2731	38.0989	-0.0015297	8.05972e-05	2
87.4085	38.5351	-0.0015506	6.2553e-05	2
86.545	38.9698	-0.00157167	4.42216e-05	2
85.683	39.4033	-0.00159293	2.56248e-05	2
84.8228	39.8359	-0.00161439	6.7841e-06	2
83.9651	40.268	-0.00163607	-1.22789e-05	2
83.1101	40.6998	-0.00165801	-3.15425e-05	2
82.2583	41.1317	-0.00168022	-5.09852e-05	2
81.4101	41.5641	-0.00170271	-7.05853e-05	2
80.566	41.9973	-0.00172553	-9.03213e-05	2
79.7263	42.4315	-0.00174868	-0.000110172	2
78.8916	42.8672	-0.00177218	-0.000130115	2
78.0622	43.3047	-0.00179607	-0.000150129	2
77.2385	43.7443	-0.00182035	-0.000170192	2
76.421	44.1863	-0.00184506	-0.000190283	2
75.6101	44.6311	-0.00187021	-0.000210381	2
74.8063	45.0791	-0.00189582	-0.000230463	2
74.0099	45.5304	-0.00192193	-0.000250508	2
73.2304	45.9803	-0.00194823	-0.000270266	2
72.4501	46.4395	-0.00197536	-0.000290173	2
71.6785	46.9031	-0.00200305	-0.00030998	2
70.9161	47.3715	-0.00203131	-0.000329663	2
70.1632	47.845	-0.00206016	-0.000349201	2
69.4204	48.3239	-0.00208963	-0.000368573	2
68.688	48.8086	-0.00211973	-0.000387757	2
67.9664	49.2994	-0.0021505	-0.000406732	2
67.2562	49.7966	-0.00218195	-0.000425475	2
66.5576	50.3006	-0.00221409	-0.000443966	2
65.8712	50.8118	-0.00224697	-0.000462183	2
65.1974	51.3303	-0.00228059	-0.000480103	2
64.5365	51.8566	-0.00231497	-0.000497707	2
63.889	52.391	-0.00235015	-0.000514971	2
63.2554	52.9338	-0.00238613	-0.000531874	2
62.6361	53.4854	-0.00242295	-0.000548395	2
62.0314	54.0461	-0.00246062	-0.000564512	2
61.4419	54.6163	-0.00249917	-0.000580204	2
60.8679	55.1962	-0.00253861	-0.000595448	2
60.3099	55.7862	-0.00257897	-0.000610224	2
59.7682	56.3866	-0.00262027	-0.000624509	2
59.2434	56.9978	-0.00266254	-0.000638283	2
58.7358	57.6201	-0.00270578	-0.000651523	2
58.2515	58.2464	-0.00274952	-0.000664065	2
57.7795	58.8918	-0.00279479	-0.00067618	2
57.326	59.5492	-0.0028411	-0.000687697	2
56.8914	60.2191	-0.00288848	-0.000698594	2

