-125.001	2.01265	7.0212e-07	-7.10498e-08	2
-125.04	3.09592	6.14249e-05	-7.04483e-06	2
-125.064	4.18238	0.000123528	-1.58252e-05	2
-125.072	5.25945	0.000186291	-2.63235e-05	2
-125.065	6.315	0.000248968	-3.83726e-05	2
-125.042	7.37366	0.000312997	-5.22353e-05	2
-125.004	8.42317	0.000377639	-6.77638e-05	2
-124.95	9.46362	0.000442876	-8.49405e-05	2
-124.882	10.4951	0.000508691	-0.000103748	2
-124.8	11.5177	0.000575069	-0.000124169	2
-124.702	12.5314	0.000641992	-0.000146186	2
-124.59	13.5364	0.000709444	-0.000169781	2
-124.464	14.5328	0.000777409	-0.000194937	2
-124.324	15.5205	0.00084587	-0.000221636	2
-124.171	16.4998	0.000914811	-0.000249861	2
-124.003	17.4707	0.000984214	-0.000279595	2
-123.822	18.4332	0.00105406	-0.000310819	2
-123.628	19.3875	0.00112434	-0.000343517	2
-123.42	20.3336	0.00119504	-0.000377671	2
-123.2	21.2716	0.00126613	-0.000413264	2
-122.967	22.2016	0.0013376	-0.000450277	2
-122.721	23.1236	0.00140943	-0.000488694	2
-122.463	24.0378	0.00148161	-0.000528497	2
-122.193	24.9442	0.00155412	-0.000569669	2
-121.911	25.843	0.00162695	-0.000612191	2
-121.617	26.7341	0.00170007	-0.000656047	2
-121.315	27.6076	0.00177263	-0.000700693	2
-120.998	28.4838	0.0018463	-0.000747149	2
-120.669	29.3527	0.00192021	-0.000794886	2
-120.33	30.2143	0.00199435	-0.000843888	2
-119.979	31.0687	0.00206872	-0.000894135	2
-119.618	31.9159	0.00214327	-0.000945612	2
-119.246	32.7561	0.00221801	-0.0009983	2
-118.864	33.5893	0.00229292	-0.00105218	2
-118.471	34.4157	0.00236798	-0.00110724	2
-118.069	35.2352	0.00244316	-0.00116346	2
-117.657	36.048	0.00251847	-0.00122082	2
-117.234	36.8542	0.00259387	-0.0012793	2
-116.803	37.6538	0.00266935	-0.00133889	2
-116.362	38.447	0.0027449	-0.00139956	2
-115.912	39.2337	0.00282051	-0.00146131	2
-115.453	40.0141	0.00289614	-0.00152412	2
-114.985	40.7883	0.00297179	-0.00158796	2
-114.509	41.5563	0.00304744	-0.00165282	2
-114.024	42.3182	0.00312307	-0.00171868	2
-113.531	43.0741	0.00319867	-0.00178552	2
-113.03	43.8241	0.00327423	-0.00185333	2
-112.521	44.5683	0.00334971	-0.0019221	2
-112.004	45.3067	0.00342511	-0.00199179	2
-111.486	46.0311	0.00349955	-0.00206158	2
-110.955	46.7583	0.00357474	-0.00213307	2
-110.416	47.48	0.00364979	-0.00220544	2
-109.871	48.1963	0.0037247	-0.00227868	2
-109.319	48.9072	0.00379945	-0.00235276	2
-108.76	49.6128	0.00387401	-0.00242766	2
-108.194	50.3133	0.00394837	-0.00250338	2
-107.623	51.0086	0.00402252	-0.00257988	2
-107.045	51.6989	0.00409643	-0.00265717	2
-106.461	52.3842	0.0041701	-0.0027352	2
-105.872	53.0647	0.0042435	-0.00281398	2
-105.277	53.7404	0.00431663	-0.00289348	2
-104.677	54.4114	0.00438945	-0.00297369	2
-104.072	55.0777	0.00446196	-0.00305458	2
-103.461	55.7395	0.00453414	-0.00313614	2
-102.846	56.3969	0.00460598	-0.00321836	2
-102.227	57.0498	0.00467745	-0.0033012	2
-101.602	57.6985	0.00474853	-0.00338467	2
-100.974	58.3429	0.00481923	-0.00346873	2
-100.341	58.9832	0.00488951	-0.00355338	2
-99.7048	59.6194	0.00495936	-0.00363859	2
-99.0646	60.2516	0.00502876	-0.00372435	2
-98.4209	60.88	0.0050977	-0.00381064	2
-97.7738	61.5045	0.00516616	-0.00389744	2
-97.131	62.1181	0.00523334	-0.00398373	2
-96.4778	62.7353	0.0053008	-0.0040715	2
-95.8217	63.3488	0.00536773	-0.00415973	2
-95.163	63.9589	0.00543411	-0.0042484	2
-94.5019	64.5655	0.00549994	-0.00433749	2
-93.8384	65.1688	0.00556518	-0.004427	2
-93.1729	65.7689	0.00562983	-0.00451689	2
-92.5054	66.3658	0.00569386	-0.00460716	2
-91.8362	66.9595	0.00575727	-0.00469778	2
-91.1655	67.5503	0.00582003	-0.00478873	2
-90.4933	68.1381	0.00588213	-0.00488001	2
-89.82	68.7231	0.00594356	-0.00497159	2
-89.1457	69.3053	0.00600429	-0.00506346	2
-88.4705	69.8848	0.00606431	-0.00515559	2
-87.7946	70.4617	0.0061236	-0.00524798	2
-87.1183	71.036	0.00618214	-0.00534059	2
-86.4417	71.6079	0.00623993	-0.00543343	2
-85.765	72.1775	0.00629694	-0.00552646	2
-85.0884	72.7447	0.00635316	-0.00561967	2
-84.412	73.3097	0.00640856	-0.00571304	2
-83.736	73.8726	0.00646314	-0.00580656	2
-83.0606	74.4335	0.00651688	-0.0059002	2
-82.3861	74.9924	0.00656975	-0.00599396	2
-81.7202	75.543	0.00662116	-0.00608673	2
-81.0477	76.0982	0.00667228	-0.00618065	2
-80.3766	76.6517	0.00672249	-0.00627463	2
-79.707	77.2035	0.00677177	-0.00636866	2

-75.0037	2.01229	-3.02439e-07	-2.54355e-07	2
-75.3077	3.06329	-2.64114e-05	-2.11585e-05	2
-75.5876	4.11485	-5.30156e-05	-4.03797e-05	2
-75.8402	5.15477	-7.98008e-05	-5.77027e-05	2
-76.0632	6.1714	-0.000106444	-7.29995e-05	2
-76.2622	7.18845	-0.000133554	-8.66646e-05	2
-76.4348	8.19414	-0.000160809	-9.85488e-05	2
-76.5813	9.18855	-0.000188198	-0.000108691	2
-76.7021	10.1718	-0.000215708	-0.000117131	2
-76.7975	11.1439	-0.000243328	-0.000123907	2
-76.8678	12.105	-0.000271046	-0.00012906	2
-76.9134	13.0553	-0.000298851	-0.000132627	2
-76.9347	13.9946	-0.000326729	-0.000134649	2
-76.9318	14.9233	-0.00035467	-0.000135164	2
-76.9053	15.8413	-0.000382661	-0.000134211	2
-76.8554	16.7488	-0.000410691	-0.000131831	2
-76.7825	17.6458	-0.000438748	-0.000128061	2
-76.6868	18.5324	-0.00046682	-0.000122942	2
-76.5688	19.4087	-0.000494894	-0.000116512	2
-76.4288	20.2749	-0.00052296	-0.000108811	2
-76.2671	21.1309	-0.000551005	-9.98778e-05	2
-76.084	21.977	-0.000579017	-8.97516e-05	2
-75.8799	22.8131	-0.000606985	-7.84716e-05	2
-75.6551	23.6394	-0.000634897	-6.60771e-05	2
-75.4101	24.456	-0.00066274	-5.26072e-05	2
-75.145	25.2629	-0.000690503	-3.81012e-05	2
-74.8636	26.0511	-0.000717857	-2.2782e-05	2
-74.5597	26.8391	-0.000745426	-6.33207e-06	2
-74.2368	27.6177	-0.000772879	1.10368e-05	2
-73.8953	28.387	-0.000800204	2.92855e-05	2
-73.5355	29.1471	-0.000827391	4.83748e-05	2
-73.1577	29.8982	-0.000854426	6.82654e-05	2
-72.7622	30.6402	-0.000881298	8.89182e-05	2
-72.3494	31.3732	-0.000907995	0.000110294	2
-71.9197	32.0975	-0.000934505	0.000132354	2
-71.4733	32.813	-0.000960817	0.000155058	2
-71.0106	33.5198	-0.000986918	0.000178367	2
-70.532	34.2181	-0.0010128	0.000202243	2
-70.0378	34.9079	-0.00103844	0.000226646	2
-69.5282	35.5893	-0.00106384	0.000251536	2
-69.0037	36.2624	-0.00108898	0.000276875	2
-68.4646	36.9273	-0.00111385	0.000302624	2
-67.9113	37.5841	-0.00113844	0.000328742	2
-67.344	38.2329	-0.00116273	0.000355192	2
-66.7631	38.8737	-0.00118672	0.000381933	2
-66.1689	39.5067	-0.00121039	0.000408927	2
-65.5618	40.132	-0.00123374	0.000436134	2
-64.9422	40.7496	-0.00125674	0.000463516	2
-64.3103	41.3596	-0.00127939	0.000491032	2
-63.6739	41.9553	-0.00130142	0.000518327	2
-63.0186	42.5505	-0.00132333	0.000545995	2
-62.3521	43.1384	-0.00134485	0.000573681	2
-61.6747	43.7192	-0.00136598	0.000601346	2
-60.9867	44.2928	-0.00138669	0.00062895	2
-60.2885	44.8593	-0.00140697	0.000656454	2
-59.5804	45.419	-0.00142682	0.000683819	2
-58.8627	45.9718	-0.00144622	0.000711006	2
-58.1359	46.5178	-0.00146517	0.000737976	2
-57.4001	47.0572	-0.00148364	0.000764689	2
-56.6558	47.5899	-0.00150163	0.000791107	2
-55.9033	48.1162	-0.00151912	0.000817189	2
-55.1429	48.6361	-0.00153611	0.000842897	2
-54.375	49.1497	-0.00155257	0.000868192	2
-53.5999	49.6571	-0.00156851	0.000893034	2
-52.818	50.1584	-0.0015839	0.000917384	2
-52.0295	50.6536	-0.00159874	0.000941203	2
-51.2348	51.1429	-0.00161301	0.000964452	2
-50.4343	51.6263	-0.0016267	0.000987092	2
-49.6283	52.1039	-0.0016398	0.00100908	2
-48.8171	52.5759	-0.00165231	0.00103039	2
-48.0011	53.0423	-0.00166419	0.00105096	2
-47.1806	53.5032	-0.00167545	0.00107077	2
-46.3559	53.9587	-0.00168608	0.00108978	2
-45.537	54.4038	-0.00169594	0.00110773	2
-44.705	54.8488	-0.00170526	0.00112502	2
-43.8699	55.2887	-0.0017139	0.00114138	2
-43.032	55.7236	-0.00172186	0.00115679	2
-42.1916	56.1535	-0.00172913	0.00117119	2
-41.3491	56.5785	-0.00173568	0.00118455	2
-40.5048	56.9988	-0.00174152	0.00119683	2
-39.659	57.4144	-0.00174662	0.00120799	2
-38.8121	57.8254	-0.00175098	0.001218	2
-37.9644	58.2319	-0.00175458	0.00122681	2
-37.1162	58.634	-0.00175741	0.00123438	2
-36.2679	59.0318	-0.00175947	0.00124067	2
-35.4199	59.4254	-0.00176073	0.00124566	2
-34.5724	59.8148	-0.00176118	0.00124928	2
-33.7258	60.2001	-0.00176083	0.00125152	2
-32.8804	60.5815	-0.00175964	0.00125232	2
-32.0366	60.9591	-0.00175761	0.00125165	2
-31.1947	61.3329	-0.00175474	0.00124948	2
-30.3551	61.7029	-0.001751	0.00124575	2
-29.518	62.0694	-0.00174638	0.00124043	2
-28.6838	62.4324	-0.00174088	0.00123348	2
-27.853	62.792	-0.00173448	0.00122487	2
-27.0257	63.1482	-0.00172717	0.00121455	2
-26.2117	63.4972	-0.00171903	0.00120263	2
-25.3926	63.8471	-0.00170988	0.0011888	2
-24.578	64.1939	-0.00169977	0.00117315	2
-23.7684	64.5378	-0.00168871	0.00115563	2

-25.0044	2.01173	5.88541e-07	-4.45401e-07	2
-25.3813	3.0212	4.92778e-05	-3.75882e-05	2
-25.7521	4.0438	9.4708e-05	-7.28532e-05	2
-26.1124	5.06761	0.000136362	-0.000105836	2
-26.458	6.08064	0.000173897	-0.000136238	2
-26.7971	7.10626	0.000208256	-0.000164807	2
-27.1254	8.1325	0.000239054	-0.000191217	2
-27.4429	9.15915	0.000266362	-0.000215511	2
-27.7495	10.186	0.000290253	-0.000237729	2
-28.0451	11.2129	0.000310797	-0.000257913	2
-28.3297	12.2396	0.000328067	-0.000276103	2
-28.6032	13.266	0.000342135	-0.000292343	2
-28.8655	14.2917	0.000353072	-0.000306672	2
-29.1166	15.3167	0.00036095	-0.000319132	2
-29.3564	16.3408	0.000365841	-0.000329764	2
-29.5848	17.3636	0.000367816	-0.000338611	2
-29.8017	18.3851	0.000366948	-0.000345712	2
-30.0072	19.4051	0.000363308	-0.00035111	2
-30.2011	20.4233	0.000356968	-0.000354846	2
-30.3833	21.4395	0.000348	-0.000356961	2
-30.5538	22.4536	0.000336475	-0.000357496	2
-30.7126	23.4653	0.000322465	-0.000356493	2
-30.8595	24.4745	0.000306043	-0.000353993	2
-30.9944	25.4809	0.000287279	-0.000350038	2
-31.1174	26.4844	0.000266246	-0.000344669	2
-31.2283	27.4847	0.000243015	-0.000337927	2
-31.3261	28.4703	0.000217962	-0.000329953	2
-31.4128	29.4638	0.000190574	-0.000320604	2
-31.4873	30.4536	0.000161203	-0.000310005	2
-31.5495	31.4394	0.000129921	-0.000298199	2
-31.5992	32.4211	9.67998e-05	-0.000285226	2
-31.6365	33.3985	6.19103e-05	-0.000271128	2
-31.6613	34.3713	2.53248e-05	-0.000255945	2
-31.6735	35.3395	-1.2885e-05	-0.00023972	2
-31.673	36.3027	-5.26472e-05	-0.000222494	2
-31.6598	37.2608	-9.38902e-05	-0.000204308	2
-31.6337	38.2136	-0.000136542	-0.000185204	2
-31.5948	39.1609	-0.000180531	-0.000165222	2
-31.5429	40.1024	-0.000225786	-0.000144404	2
-31.4781	41.0381	-0.000272234	-0.000122792	2
-31.4001	41.9676	-0.000319803	-0.000100426	2
-31.3091	42.8908	-0.000368423	-7.73486e-05	2
-31.2048	43.8076	-0.000418022	-5.36005e-05	2
-31.0872	44.7176	-0.000468526	-2.92233e-05	2
-30.9562	45.6208	-0.000519866	-4.2582e-06	2
-30.8119	46.5168	-0.000571968	2.12534e-05	2
-30.654	47.4056	-0.000624762	4.72703e-05	2
-30.4826	48.2868	-0.000678175	7.3751e-05	2
-30.2976	49.1604	-0.000732136	0.000100654	2
-30.1013	50.0162	-0.000785944	0.000127623	2
-29.889	50.8739	-0.00084078	0.000155244	2
-29.6628	51.7233	-0.00089595	0.000183163	2
-29.4228	52.5642	-0.000951381	0.00021134	2
-29.1688	53.3965	-0.001007	0.000239734	2
-28.9007	54.2199	-0.00106274	0.000268302	2
-28.6186	55.0342	-0.00111852	0.000297004	2
-28.3223	55.8393	-0.00117428	0.000325799	2
-28.0117	56.6349	-0.00122994	0.000354644	2
-27.6869	57.4208	-0.00128544	0.000383499	2
-27.3477	58.1969	-0.00134069	0.000412322	2
-26.994	58.9629	-0.00139562	0.000441072	2
-26.6258	59.7186	-0.00145018	0.000469708	2
-26.2431	60.4639	-0.00150427	0.000498188	2
-25.8457	61.1985	-0.00155784	0.000526471	2
-25.4336	61.9223	-0.00161081	0.000554516	2
-25.0067	62.6351	-0.00166311	0.00058228	2
-24.5649	63.3366	-0.00171466	0.000609724	2
-24.1083	64.0266	-0.0017654	0.000636805	2
-23.6366	64.705	-0.00181525	0.000663483	2
-23.1499	65.3716	-0.00186414	0.000689715	2
-22.6481	66.0262	-0.00191201	0.000715461	2
-22.1311	66.6685	-0.00195877	0.000740679	2
-21.5988	67.2983	-0.00200435	0.000765328	2
-21.0575	67.9085	-0.00204819	0.000789094	2
-20.4947	68.5131	-0.00209122	0.000812489	2
-19.9164	69.1047	-0.00213287	0.00083519	2
-19.3226	69.683	-0.00217306	0.000857158	2
-18.7131	70.2479	-0.00221172	0.000878351	2
-18.088	70.7992	-0.00224877	0.000898726	2
-17.4472	71.3366	-0.00228415	0.000918244	2
-16.7905	71.8601	-0.00231777	0.000936862	2
-16.118	72.3693	-0.00234958	0.00095454	2
-15.4296	72.8642	-0.0023795	0.000971236	2
-14.7251	73.3444	-0.00240746	0.000986908	2
-14.0045	73.8098	-0.00243338	0.00100152	2
-13.2678	74.2603	-0.00245719	0.00101502	2
-12.5149	74.6955	-0.00247883	0.00102737	2
-11.7457	75.1153	-0.00249822	0.00103854	2
-10.9602	75.5196	-0.00251528	0.00104847	2
-10.1582	75.908	-0.00252995	0.00105714	2
-9.33976	76.2805	-0.00254216	0.00106449	2
-8.50475	76.6368	-0.00255183	0.00107048	2
-7.65311	76.9767	-0.00255889	0.00107509	2
-6.78478	77.3	-0.00256327	0.00107825	2
-5.89969	77.6065	-0.00256489	0.00107994	2
-4.99777	77.896	-0.0025637	0.00108011	2
-4.08962	78.1654	-0.00255967	0.00107874	2
-3.15403	78.4206	-0.00255264	0.00107576	2
-2.20141	78.6582	-0.00254258	0.00107114	2
-1.23169	78.8781	-0.0025294	0.00106484	2

25.0004	2.01034	3.36385e-07	7.37008e-08	2
25.0172	2.90004	2.83431e-05	5.9082e-06	2
25.0013	3.80019	5.4838e-05	1.08117e-05	2
24.9531	4.70038	7.95117e-05	1.47324e-05	2
24.8746	5.59019	0.000102138	1.76637e-05	2
24.7648	6.49022	0.000123271	1.96954e-05	2
24.6252	7.39007	0.000142663	2.081e-05	2
24.4567	8.28964	0.000160342	2.10293e-05	2
24.26	9.18887	0.000176334	2.03754e-05	2
24.036	10.0877	0.000190667	1.88701e-05	2
23.7856	10.986	0.000203368	1.65355e-05	2
23.5095	11.8837	0.000214463	1.33934e-05	2
23.2086	12.7808	0.00022398	9.46586e-06	2
22.8837	13.6771	0.000231946	4.77479e-06	2
22.5356	14.5726	0.000238388	-6.5786e-07	2
22.1652	15.4673	0.000243333	-6.81014e-06	2
21.7733	16.361	0.000246807	-1.36601e-05	2
21.3607	17.2536	0.000248839	-2.11858e-05	2
20.9283	18.1451	0.000249454	-2.93653e-05	2
20.4769	19.0354	0.00024868	-3.81766e-05	2
20.0072	19.9245	0.000246544	-4.75978e-05	2
19.5202	20.8122	0.000243074	-5.7607e-05	2
19.0166	21.6985	0.000238295	-6.81821e-05	2
18.4974	22.5833	0.000232236	-7.93013e-05	2
17.9632	23.4665	0.000224922	-9.09426e-05	2
17.415	24.348	0.000216382	-0.000103084	2
16.86	25.2177	0.00020676	-0.000115556	2
16.2863	26.0958	0.000195861	-0.000128627	2
15.701	26.9719	0.000183815	-0.000142132	2
15.1049	27.8461	0.00017065	-0.00015605	2
14.4989	28.7182	0.000156393	-0.000170359	2
13.8838	29.5882	0.000141071	-0.000185036	2
13.2604	30.456	0.000124712	-0.00020006	2
12.6295	31.3216	0.000107341	-0.000215409	2
11.9921	32.1848	8.89864e-05	-0.000231061	2
11.3488	33.0456	6.96749e-05	-0.000246993	2
10.7006	33.9039	4.94335e-05	-0.000263185	2
10.0482	34.7595	2.82893e-05	-0.000279613	2
9.39247	35.6126	6.26939e-06	-0.000296257	2
8.73429	36.4629	-1.65993e-05	-0.000313094	2
8.07444	37.3104	-4.02898e-05	-0.000330102	2
7.41376	38.155	-6.47749e-05	-0.000347259	2
6.75307	38.9966	-9.00278e-05	-0.000364544	2
6.0932	39.8352	-0.000116021	-0.000381933	2
5.43499	40.6707	-0.000142728	-0.000399407	2
4.77924	41.503	-0.000170122	-0.000416941	2
4.1268	42.332	-0.000198175	-0.000434515	2
3.4785	43.1577	-0.000226861	-0.000452107	2
2.83514	43.9799	-0.000256152	-0.000469694	2
2.20487	44.7892	-0.000285675	-0.000487054	2
1.57383	45.6044	-0.00031609	-0.000504567	2
0.950227	46.416	-0.00034703	-0.00052201	2
0.334878	47.2238	-0.000378467	-0.000539361	2
-0.271386	48.0278	-0.000410375	-0.000556599	2
-0.867739	48.8279	-0.000442727	-0.0005737	2
-1.45335	49.624	-0.000475495	-0.000590644	2
-2.0274	50.4161	-0.000508653	-0.000607408	2
-2.58905	51.2041	-0.000542174	-0.00062397	2
-3.13749	51.9879	-0.000576029	-0.000640309	2
-3.67187	52.7674	-0.000610194	-0.000656402	2
-4.19138	53.5425	-0.00064464	-0.000672227	2
-4.69519	54.3133	-0.00067934	-0.000687763	2
-5.18246	55.0795	-0.000714267	-0.000702988	2
-5.65238	55.8411	-0.000749395	-0.000717879	2
-6.10411	56.5981	-0.000784697	-0.000732415	2
-6.53684	57.3504	-0.000820144	-0.000746574	2
-6.94972	58.0978	-0.000855711	-0.000760333	2
-7.34194	58.8403	-0.00089137	-0.000773671	2
-7.71266	59.5779	-0.000927095	-0.000786566	2
-8.06106	60.3105	-0.000962857	-0.000798996	2
-8.38631	61.0379	-0.000998631	-0.000810939	2
-8.68759	61.7601	-0.00103439	-0.000822373	2
-8.96407	62.477	-0.0010701	-0.000833276	2
-9.21217	63.1805	-0.00110534	-0.00084351	2
-9.43687	63.8867	-0.00114089	-0.000853292	2
-9.63429	64.5874	-0.00117631	-0.000862478	2
-9.80361	65.2826	-0.00121159	-0.000871045	2
-9.94399	65.9721	-0.00124669	-0.000878971	2
-10.0546	66.6558	-0.00128158	-0.000886236	2
-10.1347	67.3338	-0.00131624	-0.000892816	2
-10.1833	68.0058	-0.00135064	-0.000898689	2
-10.1997	68.6719	-0.00138476	-0.000903835	2
-10.183	69.3319	-0.00141856	-0.00090823	2
-10.1325	69.9858	-0.00145202	-0.000911853	2
-10.0472	70.6336	-0.00148512	-0.000914683	2
-9.92634	71.275	-0.00151782	-0.000916696	2
-9.76913	71.9101	-0.0015501	-0.000917871	2
-9.57471	72.5387	-0.00158194	-0.000918186	2
-9.34227	73.1609	-0.0016133	-0.00091762	2
-9.07097	73.7765	-0.00164415	-0.00091615	2
-8.75998	74.3854	-0.00167448	-0.000913754	2
-8.40849	74.9876	-0.00170425	-0.00091041	2
-8.01565	75.5829	-0.00173344	-0.000906096	2
-7.58064	76.1714	-0.00176201	-0.000900791	2
-7.10265	76.7529	-0.00178995	-0.000894473	2
-6.58083	77.3274	-0.00181723	-0.000887119	2
-6.02113	77.8882	-0.00184351	-0.00087881	2
-5.40971	78.4484	-0.00186939	-0.000869332	2
-4.752	79.0014	-0.00189452	-0.000858753	2
-4.04717	79.547	-0.00191887	-0.00084705	2

74.999	2.01129	-2.41252e-07	-6.54625e-08	2
74.903	2.9746	-2.05851e-05	-5.83696e-06	2
74.7788	3.9337	-4.03696e-05	-1.19607e-05	2
74.6281	4.87758	-5.93783e-05	-1.83715e-05	2
74.4534	5.79592	-7.74304e-05	-2.49906e-05	2
74.2512	6.71036	-9.49701e-05	-3.19722e-05	2
74.0241	7.61043	-0.000111808	-3.92411e-05	2
73.7725	8.49639	-0.000127969	-4.67974e-05	2
73.497	9.36853	-0.000143478	-5.46412e-05	2
73.1981	10.2271	-0.000158359	-6.27726e-05	2
72.8763	11.0725	-0.000172638	-7.11918e-05	2
72.5322	11.9049	-0.000186339	-7.98987e-05	2
72.1664	12.7246	-0.000199487	-8.88937e-05	2
71.7793	13.5318	-0.000212106	-9.81767e-05	2
71.3715	14.327	-0.000224223	-0.000107748	2
70.9436	15.1103	-0.00023586	-0.000117607	2
70.496	15.882	-0.000247043	-0.000127755	2
70.0294	16.6425	-0.000257798	-0.000138192	2
69.5442	17.3919	-0.000268148	-0.000148917	2
69.0411	18.1306	-0.000278118	-0.000159931	2
68.5205	18.8589	-0.000287734	-0.000171233	2
67.983	19.577	-0.000297019	-0.000182825	2
67.4291	20.2853	-0.000305999	-0.000194706	2
66.8593	20.9839	-0.000314699	-0.000206876	2
66.2743	21.6733	-0.000323143	-0.000219335	2
65.6745	22.3536	-0.000331357	-0.000232084	2
65.0676	23.0175	-0.000339273	-0.00024497	2
64.4401	23.6807	-0.0003471	-0.000258295	2
63.7994	24.3356	-0.000354771	-0.000271909	2
63.1461	24.9827	-0.00036231	-0.000285813	2
62.4808	25.6222	-0.000369741	-0.000300008	2
61.8039	26.2543	-0.00037709	-0.000314492	2
61.116	26.8793	-0.000384382	-0.000329267	2
60.4177	27.4976	-0.00039164	-0.000344332	2
59.7095	28.1093	-0.00039889	-0.000359687	2
58.9919	28.7149	-0.000406157	-0.000375333	2
58.2654	29.3144	-0.000413465	-0.00039127	2
57.5307	29.9084	-0.000420839	-0.000407497	2
56.7883	30.4969	-0.000428304	-0.000424015	2
56.0386	31.0804	-0.000435885	-0.000440825	2
55.2823	31.6591	-0.000443607	-0.000457925	2
54.5198	32.2332	-0.000451493	-0.000475317	2
53.7517	32.803	-0.00045957	-0.000493	2
52.9786	33.3689	-0.000467862	-0.000510975	2
52.201	33.9311	-0.000476393	-0.000529241	2
51.4194	34.4899	-0.000485189	-0.000547799	2
50.6343	35.0456	-0.000494274	-0.000566649	2
49.8464	35.5985	-0.000503673	-0.00058579	2
49.0561	36.1487	-0.00051341	-0.000605224	2
48.2731	36.6904	-0.000523393	-0.000624721	2
47.4797	37.2365	-0.000533878	-0.000644736	2
46.6856	37.7808	-0.000544776	-0.000665043	2
45.8913	38.3236	-0.000556111	-0.000685643	2
45.0974	38.8653	-0.000567909	-0.000706535	2
44.3043	39.4061	-0.000580194	-0.00072772	2
43.5126	39.9464	-0.000592991	-0.000749198	2
42.7229	40.4863	-0.000606324	-0.000770969	2
41.9356	41.0262	-0.000620219	-0.000793033	2
41.1514	41.5663	-0.000634701	-0.00081539	2
40.3708	42.107	-0.000649793	-0.00083804	2
39.5943	42.6485	-0.000665521	-0.000860984	2
38.8225	43.1911	-0.00068191	-0.000884221	2
38.0558	43.735	-0.000698984	-0.000907752	2
37.2949	44.2806	-0.000716769	-0.000931577	2
36.5402	44.8282	-0.000735288	-0.000955695	2
35.7924	45.3779	-0.000754567	-0.000980108	2
35.0519	45.9302	-0.000774631	-0.00100481	2
34.3193	46.4853	-0.000795504	-0.00102982	2
33.5951	47.0434	-0.000817211	-0.00105511	2
32.8799	47.6049	-0.000839777	-0.0010807	2
32.1742	48.17	-0.000863226	-0.00110658	2
31.4786	48.739	-0.000887584	-0.00113276	2
30.7935	49.3122	-0.000912875	-0.00115924	2
30.1273	49.8832	-0.000938817	-0.0011857	2
29.4649	50.4655	-0.000966038	-0.00121276	2
28.8147	51.0529	-0.000994265	-0.00124011	2
28.1772	51.6457	-0.00102353	-0.00126776	2
27.553	52.244	-0.00105384	-0.00129571	2
26.9427	52.8482	-0.00108524	-0.00132395	2
26.3467	53.4585	-0.00111774	-0.00135248	2
25.7656	54.0753	-0.00115138	-0.00138132	2
25.1999	54.6988	-0.00118617	-0.00141045	2
24.6503	55.3293	-0.00122214	-0.00143987	2
24.1171	55.9671	-0.00125932	-0.00146959	2
23.601	56.6125	-0.00129773	-0.00149961	2
23.1025	57.2657	-0.00133739	-0.00152992	2
22.6221	57.927	-0.00137834	-0.00156053	2
22.1604	58.5967	-0.00142058	-0.00159143	2
21.7179	59.2752	-0.00146416	-0.00162263	2
21.2952	59.9626	-0.00150909	-0.00165413	2
20.8928	60.6593	-0.0015554	-0.00168593	2
20.5112	61.3655	-0.00160312	-0.00171802	2
20.1509	62.0815	-0.00165226	-0.00175041	2
19.8126	62.8076	-0.00170286	-0.0017831	2
19.4968	63.5441	-0.00175493	-0.00181608	2
19.2039	64.2913	-0.00180851	-0.00184936	2
18.9375	65.0406	-0.00186297	-0.00188255	2
18.692	65.8098	-0.00191961	-0.00191643	2
18.471	66.5905	-0.00197782	-0.0019506	2
18.2752	67.383	-0.00203764	-0.00198507	2

124.999	2.01182	1.46774e-07	-4.65948e-07	2
124.936	3.02378	1.40709e-05	-3.91185e-05	2
124.854	4.03821	3.07472e-05	-7.53986e-05	2
124.753	5.04344	4.99868e-05	-0.000108889	2
124.636	6.02823	7.14835e-05	-0.000139302	2
124.499	7.01562	9.56955e-05	-0.000167393	2
124.345	7.99425	0.000122345	-0.000192841	2
124.174	8.96429	0.00015139	-0.000215695	2
123.985	9.92587	0.000182789	-0.000236006	2
123.78	10.8792	0.000216499	-0.000253822	2
123.559	11.8243	0.000252478	-0.000269192	2
123.321	12.7614	0.000290685	-0.000282165	2
123.068	13.6907	0.000331076	-0.000292791	2
122.8	14.6122	0.000373611	-0.000301118	2
122.516	15.5263	0.000418247	-0.000307196	2
122.218	16.4329	0.000464942	-0.000311074	2
121.905	17.3322	0.000513653	-0.000312801	2
121.578	18.2245	0.00056434	-0.000312427	2
121.237	19.1097	0.000616959	-0.000309999	2
120.883	19.9882	0.000671468	-0.000305568	2
120.515	20.86	0.000727826	-0.000299183	2
120.135	21.7254	0.000785991	-0.000290893	2
119.742	22.5843	0.00084592	-0.000280746	2
119.336	23.4371	0.000907571	-0.000268793	2
118.919	24.2837	0.000970903	-0.000255081	2
118.49	25.1245	0.00103587	-0.000239662	2
118.054	25.95	0.00110166	-0.000222788	2
117.603	26.7794	0.00116977	-0.000204116	2
117.141	27.6034	0.00123938	-0.000183883	2
116.668	28.4221	0.00131047	-0.000162137	2
116.185	29.2356	0.00138298	-0.000138927	2
115.692	30.0441	0.00145688	-0.000114303	2
115.19	30.8478	0.00153212	-8.83145e-05	2
114.679	31.6467	0.00160867	-6.10094e-05	2
114.158	32.4411	0.00168647	-3.24374e-05	2
113.629	33.231	0.0017655	-2.64764e-06	2
113.092	34.0167	0.00184569	2.83108e-05	2
112.547	34.7982	0.00192703	6.03886e-05	2
111.994	35.5758	0.00200945	9.35369e-05	2
111.433	36.3496	0.00209292	0.000127706	2
110.866	37.1197	0.00217741	0.000162848	2
110.292	37.8862	0.00226285	0.000198912	2
109.711	38.6494	0.00234922	0.00023585	2
109.125	39.4094	0.00243647	0.000273613	2
108.532	40.1663	0.00252456	0.000312151	2
107.934	40.9203	0.00261345	0.000351416	2
107.331	41.6715	0.00270309	0.000391358	2
106.723	42.4201	0.00279345	0.000431927	2
106.11	43.1662	0.00288448	0.000473076	2
105.5	43.9015	0.00297507	0.000514273	2
104.879	44.6431	0.00306731	0.000556426	2
104.254	45.3828	0.00316009	0.000599012	2
103.626	46.1205	0.00325337	0.000641981	2
102.995	46.8565	0.00334712	0.000685283	2
102.361	47.5909	0.00344128	0.00072887	2
101.725	48.3239	0.00353582	0.000772693	2
101.087	49.0556	0.00363069	0.000816702	2
100.447	49.7862	0.00372586	0.000860848	2
99.8048	50.5158	0.00382128	0.000905082	2
99.1619	51.2446	0.0039169	0.000949355	2
98.5181	51.9727	0.0040127	0.000993617	2
97.8737	52.7003	0.00410861	0.00103782	2
97.2291	53.4274	0.00420461	0.00108192	2
96.5845	54.1544	0.00430065	0.00112585	2
95.9402	54.8812	0.00439669	0.00116958	2
95.2966	55.6082	0.00449268	0.00121306	2
94.654	56.3353	0.00458859	0.00125623	2
94.0126	57.0628	0.00468437	0.00129904	2
93.3728	57.7908	0.00477998	0.00134145	2
92.7349	58.5195	0.00487537	0.00138341	2
92.0992	59.249	0.00497052	0.00142487	2
91.4659	59.9795	0.00506536	0.00146577	2
90.8356	60.711	0.00515987	0.00150608	2
90.2155	61.4354	0.00525291	0.00154528	2
89.5916	62.1697	0.00534662	0.00158425	2
88.9715	62.9054	0.00543987	0.00162247	2
88.3554	63.6429	0.00553261	0.0016599	2
87.7436	64.3823	0.0056248	0.00169648	2
87.1366	65.1236	0.0057164	0.00173216	2
86.5345	65.8671	0.00580736	0.0017669	2
85.9376	66.613	0.00589765	0.00180065	2
85.3464	67.3612	0.00598723	0.00183336	2
84.7611	68.1121	0.00607604	0.00186497	2
84.182	68.8657	0.00616406	0.00189545	2
83.6094	69.6223	0.00625123	0.00192474	2
83.0436	70.3819	0.00633752	0.00195278	2
82.4849	71.1447	0.00642288	0.00197955	2
81.9337	71.9108	0.00650727	0.00200497	2
81.3903	72.6805	0.00659065	0.00202901	2
80.8549	73.4538	0.00667298	0.00205161	2
80.3279	74.2309	0.00675421	0.00207273	2
79.8095	75.0119	0.0068343	0.00209232	2
79.3002	75.7971	0.00691321	0.00211032	2
78.8001	76.5864	0.00699091	0.0021267	2
78.3097	77.3802	0.00706733	0.00214139	2
77.8291	78.1786	0.00714246	0.00215435	2
77.3642	78.9724	0.00721539	0.00216542	2
76.9043	79.7802	0.00728779	0.0021748	2
76.4552	80.593	0.00735876	0.0021823	2
76.0173	81.411	0.00742826	0.00218787	2

