-124.999	2.01042	2.18145e-07	1.07914e-07	2
-124.962	2.90656	1.83338e-05	8.78837e-06	2
-124.958	3.81224	3.53746e-05	1.63796e-05	2
-124.988	4.71701	5.11401e-05	2.27992e-05	2
-125.05	5.61041	6.54882e-05	2.80187e-05	2
-125.145	6.51318	7.87702e-05	3.2185e-05	2
-125.27	7.41485	9.08296e-05	3.52563e-05	2
-125.426	8.31538	0.000101684	3.72584e-05	2
-125.611	9.21471	0.000111351	3.82168e-05	2
-125.825	10.1128	0.000119849	3.81573e-05	2
-126.066	11.0095	0.000127195	3.71055e-05	2
-126.334	11.9049	0.000133406	3.5087e-05	2
-126.629	12.7989	0.000138501	3.21275e-05	2
-126.948	13.6914	0.000142497	2.82526e-05	2
-127.292	14.5823	0.000145412	2.34879e-05	2
-127.659	15.4717	0.000147263	1.78592e-05	2
-128.049	16.3594	0.000148068	1.1392e-05	2
-128.461	17.2454	0.000147845	4.11203e-06	2
-128.894	18.1296	0.000146611	-3.95511e-06	2
-129.346	19.0121	0.000144384	-1.27838e-05	2
-129.818	19.8926	0.000141182	-2.23483e-05	2
-130.309	20.7713	0.000137022	-3.2623e-05	2
-130.817	21.6479	0.000131921	-4.35823e-05	2
-131.341	22.5225	0.000125899	-5.52006e-05	2
-131.882	23.395	0.000118972	-6.74521e-05	2
-132.437	24.2654	0.000111158	-8.03113e-05	2
-133	25.1236	0.000102579	-9.35948e-05	2
-133.583	25.9895	9.30532e-05	-0.000107586	2
-134.178	26.8531	8.26932e-05	-0.000122108	2
-134.785	27.7144	7.15166e-05	-0.000137136	2
-135.403	28.5732	5.9541e-05	-0.000152643	2
-136.03	29.4295	4.67841e-05	-0.000168605	2
-136.667	30.2833	3.32635e-05	-0.000184994	2
-137.312	31.1345	1.8997e-05	-0.000201787	2
-137.964	31.983	4.00204e-06	-0.000218957	2
-138.623	32.8288	-1.17036e-05	-0.000236478	2
-139.288	33.6719	-2.81022e-05	-0.000254325	2
-139.957	34.5121	-4.51763e-05	-0.000272472	2
-140.631	35.3495	-6.2908e-05	-0.000290894	2
-141.307	36.1839	-8.12799e-05	-0.000309564	2
-141.986	37.0154	-0.000100274	-0.000328458	2
-142.667	37.8438	-0.000119873	-0.00034755	2
-143.347	38.6691	-0.000140059	-0.000366813	2
-144.028	39.4912	-0.000160815	-0.000386223	2
-144.708	40.3102	-0.000182122	-0.000405754	2
-145.385	41.1258	-0.000203963	-0.000425379	2
-146.06	41.9382	-0.000226321	-0.000445074	2
-146.732	42.7472	-0.000249178	-0.000464813	2
-147.399	43.5527	-0.000272516	-0.000484569	2
-148.052	44.3455	-0.000296041	-0.000504092	2
-148.708	45.1441	-0.000320283	-0.000523808	2
-149.356	45.939	-0.000344954	-0.000543466	2
-149.997	46.7303	-0.000370035	-0.00056304	2
-150.629	47.5179	-0.000395509	-0.000582504	2
-151.251	48.3017	-0.000421359	-0.000601832	2
-151.863	49.0817	-0.000447566	-0.000620999	2
-152.464	49.8578	-0.000474114	-0.00063998	2
-153.052	50.63	-0.000500984	-0.000658748	2
-153.628	51.3981	-0.000528159	-0.000677278	2
-154.19	52.1623	-0.000555621	-0.000695544	2
-154.737	52.9223	-0.000583352	-0.000713521	2
-155.269	53.6782	-0.000611335	-0.000731183	2
-155.784	54.4298	-0.000639552	-0.000748505	2
-156.282	55.1772	-0.000667986	-0.00076546	2
-156.763	55.9203	-0.000696619	-0.000782023	2
-157.224	56.6589	-0.000725433	-0.000798168	2
-157.666	57.3932	-0.00075441	-0.00081387	2
-158.087	58.1229	-0.000783533	-0.000829104	2
-158.486	58.8481	-0.000812785	-0.000843843	2
-158.864	59.5687	-0.000842147	-0.000858061	2
-159.218	60.2846	-0.000871601	-0.000871734	2
-159.549	60.9959	-0.000901132	-0.000884836	2
-159.854	61.7023	-0.000930719	-0.00089734	2
-160.131	62.3959	-0.000960006	-0.000909089	2
-160.385	63.0926	-0.000989656	-0.00092033	2
-160.611	63.7845	-0.00101931	-0.000930897	2
-160.81	64.4713	-0.00104895	-0.000940764	2
-160.979	65.1531	-0.00107856	-0.000949907	2
-161.118	65.8298	-0.00110813	-0.000958299	2
-161.227	66.5013	-0.00113762	-0.000965914	2
-161.304	67.1676	-0.00116704	-0.000972728	2
-161.349	67.8287	-0.00119635	-0.000978714	2
-161.36	68.4844	-0.00122554	-0.000983847	2
-161.337	69.1347	-0.0012546	-0.000988101	2
-161.28	69.7796	-0.0012835	-0.00099145	2
-161.186	70.4189	-0.00131224	-0.000993869	2
-161.056	71.0527	-0.00134078	-0.000995333	2
-160.888	71.681	-0.00136911	-0.000995814	2
-160.682	72.3035	-0.00139722	-0.000995289	2
-160.437	72.9203	-0.00142509	-0.000993731	2
-160.152	73.5314	-0.0014527	-0.000991115	2
-159.826	74.1366	-0.00148003	-0.000987414	2
-159.458	74.7359	-0.00150706	-0.000982604	2
-159.048	75.3293	-0.00153378	-0.000976658	2
-158.594	75.9167	-0.00156018	-0.000969551	2
-158.096	76.498	-0.00158622	-0.000961258	2
-157.559	77.0666	-0.0016116	-0.000951869	2
-156.971	77.6357	-0.0016369	-0.00094114	2
-156.335	78.1986	-0.0016618	-0.000929147	2
-155.652	78.7552	-0.00168627	-0.000915866	2

-75.0012	2.01127	-3.44414e-07	1.77623e-08	2
-75.1194	2.97247	-2.94723e-05	1.26261e-06	2
-75.2651	3.92905	-5.7967e-05	1.95599e-06	2
-75.4367	4.87003	-8.55099e-05	2.0843e-06	2
-75.6312	5.78515	-0.000111826	1.65984e-06	2
-75.8527	6.69595	-0.000137554	6.76867e-07	2
-76.0985	7.592	-0.000162407	-8.58748e-07	2
-76.368	8.47358	-0.000186412	-2.94284e-06	2
-76.6608	9.34097	-0.000209595	-5.57126e-06	2
-76.9764	10.1945	-0.000231981	-8.73983e-06	2
-77.3142	11.0343	-0.000253596	-1.24444e-05	2
-77.6737	11.8608	-0.000274467	-1.66808e-05	2
-78.0545	12.6743	-0.00029462	-2.14449e-05	2
-78.4559	13.475	-0.000314079	-2.67325e-05	2
-78.8775	14.2632	-0.000332872	-3.25395e-05	2
-79.3187	15.0392	-0.000351024	-3.88616e-05	2
-79.7791	15.8033	-0.000368561	-4.56948e-05	2
-80.2581	16.5558	-0.000385509	-5.30349e-05	2
-80.7552	17.2969	-0.000401893	-6.08777e-05	2
-81.2698	18.0269	-0.000417741	-6.92191e-05	2
-81.8016	18.7461	-0.000433077	-7.80548e-05	2
-82.3499	19.4549	-0.000447928	-8.73808e-05	2
-82.9142	20.1534	-0.00046232	-9.71929e-05	2
-83.4941	20.8419	-0.000476278	-0.000107487	2
-84.0889	21.5208	-0.000489828	-0.000118259	2
-84.6982	22.1904	-0.000502997	-0.000129504	2
-85.3143	22.8433	-0.000515664	-0.000141082	2
-85.9509	23.495	-0.000528151	-0.000153256	2
-86.6004	24.1382	-0.000540334	-0.000165892	2
-87.2624	24.7732	-0.000552238	-0.000178985	2
-87.9362	25.4002	-0.000563891	-0.000192531	2
-88.6215	26.0196	-0.000575316	-0.000206525	2
-89.3176	26.6315	-0.000586542	-0.000220964	2
-90.0241	27.2363	-0.000597592	-0.000235844	2
-90.7404	27.8343	-0.000608494	-0.000251159	2
-91.466	28.4258	-0.000619274	-0.000266907	2
-92.2004	29.011	-0.000629956	-0.000283082	2
-92.9431	29.5902	-0.000640568	-0.000299682	2
-93.6936	30.1637	-0.000651135	-0.0003167	2
-94.4514	30.7319	-0.000661683	-0.000334134	2
-95.2158	31.2949	-0.000672238	-0.00035198	2
-95.9865	31.853	-0.000682826	-0.000370232	2
-96.7629	32.4066	-0.000693472	-0.000388888	2
-97.5445	32.9559	-0.000704203	-0.000407942	2
-98.3308	33.5012	-0.000715045	-0.000427391	2
-99.1212	34.0428	-0.000726024	-0.00044723	2
-99.9152	34.581	-0.000737164	-0.000467456	2
-100.712	35.116	-0.000748494	-0.000488063	2
-101.512	35.6482	-0.000760037	-0.000509049	2
-102.305	36.1717	-0.000771684	-0.000530161	2
-103.108	36.699	-0.000783731	-0.000551886	2
-103.913	37.2243	-0.00079607	-0.000573976	2
-104.718	37.7479	-0.000808726	-0.000596428	2
-105.523	38.27	-0.000821726	-0.000619237	2
-106.327	38.7909	-0.000835096	-0.000642399	2
-107.131	39.311	-0.000848861	-0.00066591	2
-107.933	39.8305	-0.000863048	-0.000689766	2
-108.732	40.3496	-0.000877682	-0.000713962	2
-109.53	40.8688	-0.000892789	-0.000738495	2
-110.324	41.3881	-0.000908396	-0.00076336	2
-111.115	41.9081	-0.000924527	-0.000788553	2
-111.901	42.4288	-0.00094121	-0.00081407	2
-112.683	42.9506	-0.00095847	-0.000839906	2
-113.46	43.4738	-0.000976333	-0.000866059	2
-114.231	43.9987	-0.000994824	-0.000892523	2
-114.996	44.5255	-0.00101397	-0.000919294	2
-115.755	45.0546	-0.0010338	-0.000946368	2
-116.506	45.5861	-0.00105433	-0.000973741	2
-117.249	46.1205	-0.0010756	-0.00100141	2
-117.984	46.658	-0.00109762	-0.00102937	2
-118.71	47.1988	-0.00112043	-0.00105761	2
-119.427	47.7433	-0.00114405	-0.00108614	2
-120.135	48.2917	-0.00116851	-0.00111495	2
-120.824	48.8379	-0.00119353	-0.00114369	2
-121.51	49.395	-0.00121972	-0.00117304	2
-122.185	49.9568	-0.00124683	-0.00120265	2
-122.848	50.5237	-0.00127488	-0.00123252	2
-123.498	51.096	-0.0013039	-0.00126265	2
-124.136	51.6738	-0.0013339	-0.00129304	2
-124.76	52.2576	-0.00136492	-0.00132367	2
-125.371	52.8476	-0.00139699	-0.00135455	2
-125.967	53.4441	-0.00143013	-0.00138567	2
-126.548	54.0473	-0.00146436	-0.00141703	2
-127.113	54.6576	-0.00149971	-0.00144861	2
-127.663	55.2752	-0.00153621	-0.00148043	2
-128.196	55.9004	-0.00157388	-0.00151247	2
-128.712	56.5335	-0.00161275	-0.00154473	2
-129.21	57.1748	-0.00165285	-0.00157721	2
-129.69	57.8245	-0.0016942	-0.0016099	2
-130.152	58.483	-0.00173682	-0.00164279	2
-130.595	59.1505	-0.00178075	-0.00167589	2
-131.018	59.8273	-0.001826	-0.00170919	2
-131.421	60.5137	-0.00187261	-0.00174268	2
-131.803	61.21	-0.0019206	-0.00177637	2
-132.164	61.9165	-0.00197	-0.00181024	2
-132.504	62.6334	-0.00202082	-0.00184429	2
-132.818	63.3526	-0.0020725	-0.00187813	2
-133.112	64.0911	-0.00212625	-0.00191253	2
-133.384	64.8408	-0.00218152	-0.00194711	2
-133.632	65.6022	-0.00223831	-0.00198185	2

-25.0006	2.01143	-6.30224e-08	-4.066e-07	2
-25.0589	2.99088	-3.83156e-06	-3.4085e-05	2
-25.1339	3.97485	-4.35595e-06	-6.5591e-05	2
-25.2249	4.952	-1.62446e-06	-9.45624e-05	2
-25.3301	5.91133	4.22538e-06	-0.000120754	2
-25.4518	6.87525	1.32788e-05	-0.000144817	2
-25.5886	7.83269	2.54349e-05	-0.00016648	2
-25.7402	8.78374	4.06422e-05	-0.000185785	2
-25.9063	9.72852	5.88496e-05	-0.000202778	2
-26.0867	10.6671	8.00057e-05	-0.000217503	2
-26.2812	11.5997	0.000104059	-0.000230004	2
-26.4893	12.5263	0.000130959	-0.000240326	2
-26.711	13.447	0.000160653	-0.000248514	2
-26.9459	14.362	0.000193091	-0.000254612	2
-27.1937	15.2714	0.000228222	-0.000258664	2
-27.4541	16.1753	0.000265993	-0.000260715	2
-27.727	17.0737	0.000306354	-0.00026081	2
-28.0121	17.9669	0.000349254	-0.000258993	2
-28.309	18.8548	0.00039464	-0.000255308	2
-28.6175	19.7376	0.000442463	-0.0002498	2
-28.9374	20.6155	0.00049267	-0.000242514	2
-29.2683	21.4885	0.00054521	-0.000233494	2
-29.61	22.3567	0.000600032	-0.000222784	2
-29.9623	23.2202	0.000657085	-0.000210429	2
-30.3249	24.0792	0.000716317	-0.000196474	2
-30.6974	24.9338	0.000777677	-0.000180963	2
-31.0753	25.7742	0.000840373	-0.000164144	2
-31.4669	26.6202	0.000905813	-0.000145671	2
-31.8678	27.4621	0.000973227	-0.000125775	2
-32.2776	28.3	0.00104256	-0.000104501	2
-32.6961	29.134	0.00111377	-8.1892e-05	2
-33.123	29.9641	0.00118681	-5.79939e-05	2
-33.558	30.7906	0.00126161	-3.28508e-05	2
-34.0009	31.6135	0.00133812	-6.50723e-06	2
-34.4515	32.4328	0.00141631	2.09924e-05	2
-34.9093	33.2489	0.00149611	4.96034e-05	2
-35.3742	34.0616	0.00157748	7.92815e-05	2
-35.846	34.8712	0.00166036	0.000109982	2
-36.3242	35.6777	0.0017447	0.000141661	2
-36.8088	36.4813	0.00183045	0.000174273	2
-37.2993	37.2821	0.00191756	0.000207774	2
-37.7956	38.0801	0.00200598	0.000242119	2
-38.2974	38.8755	0.00209566	0.000277265	2
-38.8043	39.6684	0.00218654	0.000313166	2
-39.3162	40.4589	0.00227857	0.000349778	2
-39.8328	41.2471	0.00237171	0.000387056	2
-40.3537	42.0331	0.0024659	0.000424957	2
-40.8788	42.817	0.00256109	0.000463435	2
-41.4078	43.599	0.00265723	0.000502446	2
-41.9342	44.3701	0.00275315	0.000541489	2
-42.4701	45.1484	0.00285102	0.000581427	2
-43.009	45.9251	0.00294969	0.000621766	2
-43.5508	46.7002	0.0030491	0.00066246	2
-44.0951	47.4739	0.00314921	0.000703465	2
-44.6416	48.2463	0.00324996	0.000744736	2
-45.1901	49.0174	0.0033513	0.00078623	2
-45.7404	49.7874	0.00345318	0.000827901	2
-46.2922	50.5564	0.00355554	0.000869705	2
-46.8451	51.3245	0.00365835	0.000911598	2
-47.399	52.0918	0.00376154	0.000953534	2
-47.9536	52.8584	0.00386506	0.00099547	2
-48.5085	53.6245	0.00396886	0.00103736	2
-49.0636	54.39	0.0040729	0.00107916	2
-49.6186	55.1552	0.00417712	0.00112083	2
-50.1731	55.9202	0.00428146	0.00116232	2
-50.727	56.685	0.00438589	0.00120358	2
-51.2799	57.4497	0.00449034	0.00124458	2
-51.8317	58.2145	0.00459476	0.00128527	2
-52.382	58.9795	0.00469911	0.0013256	2
-52.9305	59.7448	0.00480333	0.00136553	2
-53.4771	60.5104	0.00490737	0.00140501	2
-54.0213	61.2766	0.00501119	0.001444	2
-54.5631	62.0433	0.00511472	0.00148246	2
-55.0958	62.802	0.00521673	0.00151991	2
-55.6317	63.5702	0.00531955	0.00155717	2
-56.1643	64.3394	0.00542193	0.00159377	2
-56.6932	65.1097	0.00552383	0.00162965	2
-57.2183	65.881	0.00562519	0.00166478	2
-57.7393	66.6537	0.00572596	0.00169911	2
-58.2558	67.4276	0.0058261	0.00173259	2
-58.7677	68.203	0.00592554	0.00176518	2
-59.2746	68.98	0.00602424	0.00179684	2
-59.7764	69.7587	0.00612214	0.00182752	2
-60.2726	70.5392	0.0062192	0.00185717	2
-60.7632	71.3215	0.00631537	0.00188575	2
-61.2477	72.1059	0.00641058	0.00191323	2
-61.726	72.8923	0.0065048	0.00193954	2
-62.1977	73.681	0.00659797	0.00196466	2
-62.6626	74.472	0.00669003	0.00198853	2
-63.1204	75.2654	0.00678094	0.00201111	2
-63.5709	76.0614	0.00687065	0.00203235	2
-64.0138	76.86	0.00695911	0.00205221	2
-64.4488	77.6613	0.00704625	0.00207065	2
-64.8757	78.4655	0.00713204	0.00208762	2
-65.2942	79.2727	0.00721642	0.00210308	2
-65.704	80.083	0.00729934	0.00211698	2
-66.1003	80.887	0.00737982	0.00212915	2
-66.492	81.7037	0.00745968	0.00213982	2
-66.8743	82.5238	0.00753793	0.0021488	2
-67.2468	83.3474	0.00761452	0.00215605	2

25	2.01259	5.47837e-07	-5.53009e-08	2
25.0091	3.09009	4.82687e-05	-5.78083e-06	2
25.035	4.16908	9.77483e-05	-1.35088e-05	2
25.0776	5.23707	0.000148414	-2.31617e-05	2
25.1358	6.28206	0.000199637	-3.45738e-05	2
25.2109	7.32845	0.000252584	-4.79885e-05	2
25.302	8.36414	0.000306641	-6.32619e-05	2
25.409	9.38921	0.000361782	-8.03716e-05	2
25.5316	10.4038	0.000417982	-9.92956e-05	2
25.6696	11.4079	0.000475215	-0.000120012	2
25.8229	12.4017	0.000533456	-0.000142497	2
25.9913	13.3854	0.000592679	-0.000166731	2
26.1744	14.3588	0.00065286	-0.00019269	2
26.3723	15.3223	0.000713972	-0.000220352	2
26.5846	16.2758	0.000775991	-0.000249695	2
26.8111	17.2196	0.00083889	-0.000280697	2
27.0517	18.1535	0.000902645	-0.000313336	2
27.3061	19.0779	0.00096723	-0.000347589	2
27.5742	19.9927	0.00103262	-0.000383434	2
27.8558	20.8981	0.00109879	-0.00042085	2
28.1506	21.7942	0.00116571	-0.000459813	2
28.4584	22.681	0.00123336	-0.000500302	2
28.7791	23.5587	0.00130171	-0.000542294	2
29.1125	24.4273	0.00137075	-0.000585768	2
29.4583	25.287	0.00144043	-0.000630701	2
29.8164	26.1379	0.00151074	-0.000677071	2
30.1822	26.9704	0.00158083	-0.000724298	2
30.5641	27.804	0.00165231	-0.000773459	2
30.9576	28.629	0.00172434	-0.00082399	2
31.3626	29.4455	0.0017969	-0.00087587	2
31.7788	30.2538	0.00186995	-0.000929076	2
32.2061	31.0537	0.00194348	-0.000983586	2
32.6443	31.8455	0.00201746	-0.00103938	2
33.0931	32.6293	0.00209187	-0.00109643	2
33.5524	33.405	0.00216667	-0.00115472	2
34.022	34.173	0.00224184	-0.00121422	2
34.5016	34.9331	0.00231736	-0.00127492	2
34.9911	35.6856	0.0023932	-0.00133679	2
35.4903	36.4305	0.00246934	-0.0013998	2
35.9989	37.168	0.00254575	-0.00146395	2
36.5168	37.8981	0.00262241	-0.00152919	2
37.0438	38.6209	0.00269929	-0.00159552	2
37.5797	39.3365	0.00277636	-0.00166291	2
38.1242	40.0451	0.0028536	-0.00173134	2
38.6772	40.7467	0.00293098	-0.00180078	2
39.2384	41.4414	0.00300848	-0.00187121	2
39.8078	42.1293	0.00308608	-0.00194262	2
40.385	42.8106	0.00316374	-0.00201497	2
40.9699	43.4852	0.00324145	-0.00208825	2
41.5554	44.1458	0.00331828	-0.00216158	2
42.155	44.8076	0.00339599	-0.00223664	2
42.7616	45.4632	0.00347368	-0.00231256	2
43.3751	46.1126	0.0035513	-0.00238931	2
43.9954	46.7558	0.00362883	-0.00246689	2
44.622	47.3931	0.00370626	-0.00254525	2
45.255	48.0245	0.00378355	-0.00262439	2
45.8941	48.6501	0.00386068	-0.00270428	2
46.539	49.27	0.00393763	-0.00278489	2
47.1896	49.8843	0.00401436	-0.00286621	2
47.8457	50.493	0.00409086	-0.00294821	2
48.5071	51.0964	0.00416709	-0.00303087	2
49.1736	51.6945	0.00424304	-0.00311417	2
49.845	52.2873	0.00431867	-0.00319809	2
50.521	52.8751	0.00439396	-0.0032826	2
51.2016	53.4578	0.00446889	-0.00336768	2
51.8864	54.0356	0.00454343	-0.00345331	2
52.5753	54.6086	0.00461756	-0.00353947	2
53.2681	55.1769	0.00469124	-0.00362614	2
53.9646	55.7405	0.00476446	-0.00371329	2
54.6646	56.2997	0.00483719	-0.00380089	2
55.3679	56.8544	0.0049094	-0.00388894	2
56.0743	57.4048	0.00498107	-0.0039774	2
56.7836	57.9509	0.00505217	-0.00406626	2
57.4874	58.4868	0.00512187	-0.00415446	2
58.2018	59.0248	0.00519177	-0.00424404	2
58.9185	59.5589	0.00526102	-0.00433394	2
59.6374	60.0892	0.00532961	-0.00442415	2
60.3581	60.6157	0.0053975	-0.00451464	2
61.0806	61.1386	0.00546467	-0.00460539	2
61.8045	61.658	0.00553109	-0.00469638	2
62.5297	62.1739	0.00559675	-0.00478759	2
63.2561	62.6865	0.00566161	-0.004879	2
63.9833	63.1958	0.00572564	-0.00497057	2
64.7113	63.702	0.00578883	-0.0050623	2
65.4398	64.2051	0.00585115	-0.00515415	2
66.1685	64.7053	0.00591257	-0.00524611	2
66.8974	65.2026	0.00597307	-0.00533816	2
67.6262	65.6972	0.00603262	-0.00543026	2
68.3547	66.1891	0.0060912	-0.00552241	2
69.0827	66.6784	0.00614877	-0.00561457	2
69.81	67.1653	0.00620532	-0.00570673	2
70.5364	67.6499	0.00626082	-0.00579886	2
71.2617	68.1321	0.00631525	-0.00589094	2
71.9857	68.6123	0.00636857	-0.00598294	2
72.7083	69.0903	0.00642077	-0.00607486	2
73.4292	69.5664	0.00647182	-0.00616666	2
74.1399	70.0351	0.00652112	-0.00625726	2
74.8568	70.5076	0.0065698	-0.00634877	2
75.5714	70.9784	0.00661725	-0.00644009	2
76.2836	71.4475	0.00666345	-0.0065312	2

74.996	2.01208	-3.83711e-07	-2.01118e-07	2
74.6659	3.0463	-3.32297e-05	-1.6734e-05	2
74.3595	4.08243	-6.61471e-05	-3.19453e-05	2
74.0807	5.10842	-9.87485e-05	-4.56668e-05	2
73.8317	6.11274	-0.000130661	-5.77982e-05	2
73.6065	7.11877	-0.000162624	-6.86542e-05	2
73.4078	8.11486	-0.00019426	-7.81181e-05	2
73.2352	9.10106	-0.000225565	-8.62227e-05	2
73.0885	10.0774	-0.000256536	-9.30007e-05	2
72.9673	11.044	-0.00028717	-9.84849e-05	2
72.8712	12.0009	-0.000317463	-0.000102708	2
72.8	12.9481	-0.000347411	-0.000105703	2
72.7532	13.8857	-0.00037701	-0.000107502	2
72.7307	14.8138	-0.000406258	-0.000108138	2
72.732	15.7324	-0.000435149	-0.000107644	2
72.7568	16.6415	-0.000463682	-0.000106052	2
72.8048	17.5413	-0.000491851	-0.000103396	2
72.8757	18.4318	-0.000519654	-9.97084e-05	2
72.9691	19.313	-0.000547087	-9.50213e-05	2
73.0846	20.1851	-0.000574146	-8.93676e-05	2
73.2221	21.048	-0.000600828	-8.27803e-05	2
73.3811	21.9018	-0.000627128	-7.5292e-05	2
73.5612	22.7466	-0.000653044	-6.69355e-05	2
73.7623	23.5825	-0.000678572	-5.77435e-05	2
73.9839	24.4094	-0.000703708	-4.77487e-05	2
74.2257	25.2276	-0.000728448	-3.6984e-05	2
74.4843	26.0276	-0.000752512	-2.56182e-05	2
74.7653	26.8283	-0.000776455	-1.34195e-05	2
75.0655	27.6204	-0.000799992	-5.48734e-07	2
75.3847	28.4038	-0.000823119	1.29615e-05	2
75.7224	29.1787	-0.000845833	2.70784e-05	2
76.0783	29.945	-0.000868129	4.17693e-05	2
76.4522	30.703	-0.000890005	5.70013e-05	2
76.8436	31.4525	-0.000911456	7.27419e-05	2
77.2522	32.1938	-0.000932479	8.89581e-05	2
77.6778	32.9268	-0.000953071	0.000105617	2
78.12	33.6515	-0.000973227	0.000122687	2
78.5784	34.3682	-0.000992944	0.000140134	2
79.0527	35.0767	-0.00101222	0.000157925	2
79.5426	35.7773	-0.00103105	0.000176029	2
80.0478	36.4698	-0.00104943	0.000194412	2
80.5679	37.1545	-0.00106735	0.000213042	2
81.1026	37.8312	-0.00108482	0.000231885	2
81.6516	38.5002	-0.00110183	0.00025091	2
82.2145	39.1615	-0.00111837	0.000270082	2
82.7911	39.8151	-0.00113445	0.000289371	2
83.3809	40.461	-0.00115006	0.000308742	2
83.9837	41.0995	-0.00116519	0.000328163	2
84.599	41.7304	-0.00117984	0.000347602	2
85.2194	42.3467	-0.00119385	0.000366802	2
85.8589	42.9628	-0.00120753	0.000386178	2
86.51	43.5717	-0.00122073	0.000405473	2
87.1725	44.1732	-0.00123344	0.000424655	2
87.8459	44.7675	-0.00124565	0.000443692	2
88.5299	45.3547	-0.00125736	0.000462549	2
89.2242	45.9348	-0.00126856	0.000481195	2
89.9286	46.5079	-0.00127926	0.000499597	2
90.6425	47.074	-0.00128945	0.000517722	2
91.3658	47.6331	-0.00129912	0.000535537	2
92.0981	48.1854	-0.00130827	0.00055301	2
92.8391	48.7309	-0.0013169	0.000570108	2
93.5883	49.2696	-0.00132501	0.000586798	2
94.3456	49.8017	-0.00133258	0.000603047	2
95.1106	50.3271	-0.00133963	0.000618823	2
95.8828	50.846	-0.00134613	0.000634092	2
96.6621	51.3583	-0.0013521	0.000648823	2
97.4481	51.8642	-0.00135752	0.000662982	2
98.2404	52.3637	-0.0013624	0.000676537	2
99.0387	52.8568	-0.00136672	0.000689455	2
99.8427	53.3437	-0.00137049	0.000701703	2
100.652	53.8243	-0.0013737	0.000713249	2
101.466	54.2988	-0.00137635	0.000724059	2
102.286	54.7672	-0.00137844	0.000734101	2
103.099	55.2242	-0.00137994	0.000743241	2
103.927	55.6807	-0.00138089	0.000751659	2
104.758	56.1311	-0.00138126	0.000759211	2
105.593	56.5758	-0.00138105	0.000765864	2
106.43	57.0145	-0.00138026	0.000771586	2
107.27	57.4476	-0.00137889	0.000776344	2
108.113	57.8749	-0.00137692	0.000780105	2
108.958	58.2966	-0.00137435	0.000782836	2
109.804	58.7128	-0.00137119	0.000784505	2
110.652	59.1233	-0.00136743	0.000785079	2
111.501	59.5285	-0.00136306	0.000784525	2
112.351	59.9282	-0.00135809	0.000782811	2
113.201	60.3226	-0.0013525	0.000779903	2
114.051	60.7117	-0.00134629	0.00077577	2
114.901	61.0955	-0.00133947	0.000770377	2
115.75	61.4742	-0.00133202	0.000763694	2
116.598	61.8478	-0.00132394	0.000755686	2
117.445	62.2163	-0.00131524	0.00074632	2
118.291	62.5798	-0.0013059	0.000735566	2
119.135	62.9384	-0.00129592	0.000723388	2
119.976	63.2921	-0.0012853	0.000709756	2
120.815	63.641	-0.00127404	0.000694636	2
121.651	63.9851	-0.00126213	0.000677995	2
122.474	64.3206	-0.00124971	0.000660018	2
123.303	64.6554	-0.0012365	0.000640256	2
124.128	64.9856	-0.00122262	0.000618875	2
124.949	65.3113	-0.00120809	0.000595843	2

124.996	2.01134	4.89115e-07	-4.36673e-07	2
124.659	2.9879	4.08031e-05	-3.69498e-05	2
124.325	3.97917	7.81094e-05	-7.18178e-05	2
123.998	4.97357	0.000111985	-0.00010464	2
123.683	5.95941	0.000142165	-0.000135111	2
123.371	6.95936	0.000169416	-0.000163973	2
123.068	7.96176	0.000193435	-0.000190898	2
122.772	8.96637	0.000214288	-0.000215922	2
122.484	9.97296	0.00023204	-0.000239081	2
122.204	10.9813	0.000246759	-0.000260411	2
121.932	11.9911	0.00025851	-0.000279948	2
121.669	13.0023	0.000267361	-0.000297729	2
121.414	14.0144	0.000273376	-0.000313789	2
121.168	15.0274	0.000276623	-0.000328165	2
120.931	16.041	0.000277167	-0.000340893	2
120.703	17.0549	0.000275075	-0.00035201	2
120.483	18.069	0.000270413	-0.000361551	2
120.273	19.0829	0.000263248	-0.000369552	2
120.072	20.0965	0.000253645	-0.00037605	2
119.881	21.1095	0.000241671	-0.000381081	2
119.699	22.1217	0.000227392	-0.000384681	2
119.526	23.1329	0.000210875	-0.000386887	2
119.364	24.1428	0.000192185	-0.000387734	2
119.212	25.1512	0.000171389	-0.000387258	2
119.069	26.1578	0.000148554	-0.000385497	2
118.937	27.1625	0.000123744	-0.000382485	2
118.816	28.1534	9.73455e-05	-0.000378315	2
118.705	29.1535	6.88087e-05	-0.000372925	2
118.604	30.1509	3.84963e-05	-0.000366393	2
118.513	31.1454	6.47451e-06	-0.000358756	2
118.434	32.1367	-2.71903e-05	-0.000350049	2
118.366	33.1247	-6.24319e-05	-0.000340308	2
118.308	34.1091	-9.9184e-05	-0.000329571	2
118.262	35.0897	-0.00013738	-0.000317873	2
118.227	36.0662	-0.000176955	-0.000305249	2
118.204	37.0384	-0.000217841	-0.000291737	2
118.192	38.0061	-0.000259973	-0.000277373	2
118.193	38.9691	-0.000303284	-0.000262193	2
118.205	39.927	-0.000347708	-0.000246232	2
118.229	40.8797	-0.000393178	-0.000229527	2
118.265	41.827	-0.00043963	-0.000212115	2
118.313	42.7686	-0.000486995	-0.000194031	2
118.374	43.7042	-0.000535208	-0.000175312	2
118.447	44.6337	-0.000584204	-0.000155993	2
118.533	45.5569	-0.000633914	-0.000136112	2
118.632	46.4734	-0.000684274	-0.000115703	2
118.744	47.383	-0.000735217	-9.48045e-05	2
118.869	48.2856	-0.000786676	-7.3451e-05	2
119.007	49.1809	-0.000838586	-5.16793e-05	2
119.156	50.0584	-0.000890277	-2.97821e-05	2
119.321	50.9385	-0.000942885	-7.286e-06	2
119.499	51.8105	-0.000995746	1.55202e-05	2
119.69	52.6743	-0.00104879	3.86004e-05	2
119.896	53.5296	-0.00110196	6.19185e-05	2
120.116	54.3762	-0.00115518	8.54382e-05	2
120.349	55.2138	-0.00120839	0.000109123	2
120.597	56.0423	-0.00126152	0.000132938	2
120.859	56.8614	-0.0013145	0.000156845	2
121.136	57.6709	-0.00136728	0.00018081	2
121.428	58.4705	-0.00141977	0.000204795	2
121.734	59.26	-0.00147192	0.000228765	2
122.054	60.0391	-0.00152366	0.000252683	2
122.39	60.8077	-0.00157493	0.000276513	2
122.741	61.5655	-0.00162565	0.00030022	2
123.108	62.3123	-0.00167576	0.000323766	2
123.489	63.0478	-0.0017252	0.000347116	2
123.887	63.7718	-0.0017739	0.000370233	2
124.299	64.4841	-0.00182179	0.000393082	2
124.728	65.1844	-0.0018688	0.000415626	2
125.172	65.8725	-0.00191487	0.000437828	2
125.633	66.5482	-0.00195994	0.000459654	2
126.11	67.2113	-0.00200394	0.000481066	2
126.603	67.8615	-0.00204679	0.000502029	2
127.106	68.4913	-0.00208797	0.000522273	2
127.632	69.1151	-0.00212837	0.000542234	2
128.174	69.7254	-0.00216743	0.000561638	2
128.734	70.3218	-0.00220508	0.000580447	2
129.31	70.9042	-0.00224126	0.000598626	2
129.903	71.4724	-0.00227591	0.00061614	2
130.513	72.026	-0.00230896	0.00063295	2
131.141	72.5648	-0.00234034	0.000649022	2
131.786	73.0887	-0.00236998	0.00066432	2
132.449	73.5974	-0.00239783	0.000678806	2
133.13	74.0907	-0.0024238	0.000692445	2
133.828	74.5682	-0.00244785	0.000705201	2
134.545	75.0299	-0.00246989	0.000717038	2
135.279	75.4754	-0.00248987	0.000727919	2
136.032	75.9045	-0.00250771	0.000737807	2
136.803	76.3171	-0.00252336	0.000746668	2
137.592	76.7128	-0.00253674	0.000754465	2
138.4	77.0914	-0.00254779	0.000761161	2
139.227	77.4528	-0.00255645	0.000766721	2
140.073	77.7966	-0.00256264	0.000771108	2
140.938	78.1226	-0.0025663	0.000774286	2
141.822	78.4307	-0.00256737	0.000776219	2
142.725	78.7205	-0.00256577	0.00077687	2
143.637	78.9888	-0.00256151	0.00077622	2
144.579	79.2417	-0.00255442	0.000774216	2
145.541	79.4757	-0.00254448	0.000770823	2
146.522	79.6905	-0.0025316	0.000766004	2

