-125	2.01115	-2.39657e-07	2.49841e-07	2
-124.974	2.96622	-2.04704e-05	2.08013e-05	2
-124.983	3.92546	-4.01854e-05	3.97384e-05	2
-125.027	4.87782	-5.91647e-05	5.68524e-05	2
-125.103	5.81252	-7.7222e-05	7.20183e-05	2
-125.212	6.75139	-9.47967e-05	8.56294e-05	2
-125.353	7.68359	-0.000111694	9.75404e-05	2
-125.525	8.60919	-0.000127935	0.000107792	2
-125.727	9.52828	-0.000143538	0.000116427	2
-125.958	10.4409	-0.000158523	0.000123484	2
-126.218	11.3472	-0.000172909	0.000129006	2
-126.505	12.2472	-0.000186717	0.000133034	2
-126.819	13.141	-0.000199966	0.000135608	2
-127.158	14.0286	-0.000212676	0.00013677	2
-127.523	14.9102	-0.000224866	0.000136561	2
-127.912	15.7858	-0.000236556	0.000135022	2
-128.325	16.6555	-0.000247766	0.000132195	2
-128.76	17.5193	-0.000258515	0.00012812	2
-129.216	18.3774	-0.000268823	0.000122838	2
-129.694	19.2298	-0.00027871	0.000116392	2
-130.191	20.0766	-0.000288195	0.000108821	2
-130.708	20.9178	-0.000297299	0.000100167	2
-131.243	21.7536	-0.00030604	9.04713e-05	2
-131.796	22.584	-0.000314438	7.97748e-05	2
-132.365	23.4091	-0.000322513	6.81187e-05	2
-132.95	24.229	-0.000330285	5.55442e-05	2
-133.543	25.0344	-0.000337689	4.22519e-05	2
-134.157	25.8441	-0.000344917	2.79733e-05	2
-134.785	26.6488	-0.000351899	1.28991e-05	2
-135.425	27.4485	-0.000358657	-2.92932e-06	2
-136.076	28.2435	-0.00036521	-1.9471e-05	2
-136.739	29.0336	-0.000371577	-3.66848e-05	2
-137.411	29.819	-0.000377779	-5.45295e-05	2
-138.093	30.5998	-0.000383834	-7.2964e-05	2
-138.782	31.3761	-0.000389762	-9.19471e-05	2
-139.48	32.1479	-0.000395584	-0.000111438	2
-140.184	32.9152	-0.000401318	-0.000131395	2
-140.893	33.6783	-0.000406985	-0.000151777	2
-141.608	34.4371	-0.000412604	-0.000172544	2
-142.327	35.1917	-0.000418195	-0.000193653	2
-143.049	35.9423	-0.000423777	-0.000215064	2
-143.773	36.6888	-0.00042937	-0.000236736	2
-144.499	37.4313	-0.000434995	-0.000258627	2
-145.226	38.17	-0.000440669	-0.000280697	2
-145.953	38.9049	-0.000446414	-0.000302904	2
-146.678	39.6361	-0.000452248	-0.000325207	2
-147.402	40.3637	-0.000458192	-0.000347565	2
-148.124	41.0876	-0.000464265	-0.000369937	2
-148.842	41.8081	-0.000470487	-0.000392282	2
-149.547	42.517	-0.000476802	-0.000414303	2
-150.256	43.2307	-0.000483378	-0.000436471	2
-150.959	43.9412	-0.000490162	-0.000458489	2
-151.654	44.6485	-0.000497173	-0.000480315	2
-152.343	45.3527	-0.00050443	-0.000501909	2
-153.023	46.0539	-0.000511955	-0.000523229	2
-153.693	46.7521	-0.000519765	-0.000544235	2
-154.354	47.4474	-0.000527881	-0.000564884	2
-155.003	48.1399	-0.000536323	-0.000585136	2
-155.641	48.8296	-0.00054511	-0.000604951	2
-156.266	49.5167	-0.000554262	-0.000624285	2
-156.877	50.2012	-0.000563798	-0.0006431	2
-157.474	50.8832	-0.000573739	-0.000661352	2
-158.056	51.5628	-0.000584103	-0.000679002	2
-158.623	52.24	-0.000594911	-0.000696008	2
-159.172	52.9149	-0.000606182	-0.000712329	2
-159.703	53.5877	-0.000617936	-0.000727923	2
-160.216	54.2583	-0.000630193	-0.00074275	2
-160.71	54.9268	-0.000642971	-0.000756769	2
-161.183	55.5933	-0.000656292	-0.000769938	2
-161.636	56.258	-0.000670174	-0.000782216	2
-162.066	56.9208	-0.000684637	-0.000793563	2
-162.474	57.5819	-0.000699701	-0.000803936	2
-162.859	58.2413	-0.000715386	-0.000813295	2
-163.214	58.8915	-0.000731519	-0.00082151	2
-163.549	59.5478	-0.000748496	-0.00082873	2
-163.858	60.2026	-0.000766152	-0.000834813	2
-164.141	60.8561	-0.000784508	-0.000839717	2
-164.395	61.5083	-0.000803581	-0.000843403	2
-164.621	62.1592	-0.000823394	-0.000845827	2
-164.817	62.809	-0.000843964	-0.00084695	2
-164.983	63.4577	-0.000865311	-0.00084673	2
-165.118	64.1054	-0.000887456	-0.000845126	2
-165.221	64.7522	-0.000910418	-0.000842097	2
-165.292	65.3981	-0.000934217	-0.000837602	2
-165.329	66.0433	-0.000958871	-0.000831599	2
-165.331	66.6878	-0.000984402	-0.000824048	2
-165.298	67.3317	-0.00101083	-0.000814907	2
-165.229	67.975	-0.00103817	-0.000804135	2
-165.123	68.6178	-0.00106645	-0.000791692	2
-164.979	69.2603	-0.00109568	-0.000777535	2
-164.797	69.9024	-0.00112588	-0.000761624	2
-164.575	70.5443	-0.00115708	-0.000743917	2
-164.313	71.1861	-0.0011893	-0.000724374	2
-164.01	71.8277	-0.00122254	-0.000702953	2
-163.665	72.4694	-0.00125684	-0.000679614	2
-163.276	73.1111	-0.00129221	-0.000654314	2
-162.85	73.7455	-0.00132825	-0.000627339	2
-162.374	74.3876	-0.00136581	-0.00059802	2
-161.853	75.0299	-0.00140451	-0.000566618	2
-161.286	75.6726	-0.00144435	-0.000533092	2

-75.0031	2.01209	-5.1435e-07	3.77798e-07	2
-75.2786	3.04134	-4.42592e-05	3.21276e-05	2
-75.5794	4.06248	-8.75423e-05	6.2771e-05	2
-75.9018	5.06374	-0.00012987	9.19522e-05	2
-76.2414	6.03431	-0.000170792	0.000119382	2
-76.6057	6.99707	-0.000211281	0.000145722	2
-76.9904	7.94098	-0.000250876	0.000170664	2
-77.3952	8.86637	-0.000289598	0.000194233	2
-77.8195	9.77359	-0.000327467	0.000216449	2
-78.263	10.663	-0.000364505	0.000237335	2
-78.7252	11.5348	-0.000400732	0.000256913	2
-79.2058	12.3895	-0.000436168	0.000275204	2
-79.7042	13.2274	-0.000470835	0.000292232	2
-80.2202	14.0488	-0.000504752	0.000308017	2
-80.7532	14.854	-0.000537941	0.000322583	2
-81.3028	15.6434	-0.000570423	0.00033595	2
-81.8687	16.4174	-0.000602217	0.000348142	2
-82.4504	17.1762	-0.000633345	0.00035918	2
-83.0474	17.9202	-0.000663827	0.000369086	2
-83.6594	18.6497	-0.000693684	0.000377882	2
-84.286	19.3651	-0.000722937	0.00038559	2
-84.9266	20.0668	-0.000751606	0.000392233	2
-85.581	20.7549	-0.000779712	0.000397832	2
-86.2486	21.43	-0.000807276	0.000402409	2
-86.9291	22.0923	-0.000834318	0.000405987	2
-87.622	22.7422	-0.000860858	0.000408587	2
-88.3187	23.3727	-0.000886622	0.000410218	2
-89.0351	23.9989	-0.000912228	0.00041094	2
-89.7626	24.6136	-0.000937395	0.00041075	2
-90.5009	25.2173	-0.000962143	0.00040967	2
-91.2496	25.8102	-0.000986493	0.000407723	2
-92.0081	26.3927	-0.00101047	0.00040493	2
-92.7761	26.9651	-0.00103408	0.000401314	2
-93.5532	27.5278	-0.00105736	0.000396896	2
-94.339	28.0811	-0.00108033	0.000391699	2
-95.1329	28.6254	-0.001103	0.000385745	2
-95.9347	29.1609	-0.0011254	0.000379055	2
-96.7439	29.6881	-0.00114754	0.000371652	2
-97.56	30.2072	-0.00116945	0.000363557	2
-98.3827	30.7186	-0.00119115	0.000354794	2
-99.2114	31.2227	-0.00121266	0.000345383	2
-100.046	31.7197	-0.00123399	0.000335347	2
-100.886	32.21	-0.00125518	0.000324708	2
-101.73	32.694	-0.00127624	0.000313488	2
-102.579	33.172	-0.00129719	0.000301708	2
-103.432	33.6443	-0.00131805	0.000289392	2
-104.289	34.1113	-0.00133884	0.000276561	2
-105.149	34.5732	-0.00135959	0.000263237	2
-106.012	35.0305	-0.00138031	0.000249442	2
-106.867	35.4783	-0.00140079	0.000235365	2
-107.733	35.9274	-0.00142152	0.000220699	2
-108.602	36.3728	-0.00144229	0.000205629	2
-109.471	36.8149	-0.00146312	0.000190175	2
-110.341	37.254	-0.00148402	0.000174361	2
-111.211	37.6905	-0.00150502	0.000158207	2
-112.082	38.1247	-0.00152614	0.000141737	2
-112.951	38.5569	-0.00154739	0.000124972	2
-113.819	38.9875	-0.00156881	0.000107935	2
-114.686	39.4168	-0.00159041	9.06461e-05	2
-115.552	39.8452	-0.00161221	7.31291e-05	2
-116.414	40.273	-0.00163423	5.54055e-05	2
-117.275	40.7005	-0.00165649	3.74973e-05	2
-118.132	41.1281	-0.00167902	1.94266e-05	2
-118.985	41.5561	-0.00170183	1.21538e-06	2
-119.834	41.9848	-0.00172495	-1.71143e-05	2
-120.679	42.4146	-0.00174839	-3.55403e-05	2
-121.52	42.8459	-0.00177217	-5.40408e-05	2
-122.355	43.2789	-0.00179633	-7.25935e-05	2
-123.184	43.714	-0.00182087	-9.11765e-05	2
-124.007	44.1515	-0.00184582	-0.000109768	2
-124.824	44.5919	-0.00187119	-0.000128345	2
-125.634	45.0353	-0.00189702	-0.000146887	2
-126.436	45.4822	-0.00192332	-0.000165371	2
-127.222	45.9276	-0.00194979	-0.000183563	2
-128.009	46.3824	-0.00197709	-0.000201867	2
-128.787	46.8416	-0.00200491	-0.000220046	2
-129.556	47.3056	-0.00203329	-0.00023808	2
-130.315	47.7748	-0.00206224	-0.000255945	2
-131.065	48.2494	-0.00209178	-0.000273621	2
-131.804	48.7299	-0.00212194	-0.000291085	2
-132.533	49.2165	-0.00215273	-0.000308315	2
-133.25	49.7096	-0.00218418	-0.000325289	2
-133.956	50.2095	-0.0022163	-0.000341985	2
-134.651	50.7166	-0.00224913	-0.000358381	2
-135.332	51.2312	-0.00228266	-0.000374455	2
-136.001	51.7536	-0.00231694	-0.000390184	2
-136.657	52.2842	-0.00235198	-0.000405547	2
-137.299	52.8233	-0.0023878	-0.000420523	2
-137.926	53.3713	-0.00242442	-0.000435087	2
-138.54	53.9285	-0.00246185	-0.00044922	2
-139.138	54.4953	-0.00250013	-0.000462898	2
-139.721	55.0719	-0.00253928	-0.0004761	2
-140.289	55.6587	-0.0025793	-0.000488803	2
-140.84	56.256	-0.00262023	-0.000500986	2
-141.374	56.8643	-0.00266209	-0.000512626	2
-141.892	57.4837	-0.00270489	-0.000523701	2
-142.386	58.1075	-0.00274814	-0.000534073	2
-142.869	58.7503	-0.00279288	-0.000543961	2
-143.333	59.4053	-0.00283863	-0.000553217	2
-143.779	60.0729	-0.00288541	-0.000561822	2

-25.0023	2.01073	-7.20914e-07	6.96838e-08	2
-25.2024	2.93333	-6.04595e-05	6.4114e-06	2
-25.4047	3.86619	-0.000116389	1.35214e-05	2
-25.607	4.79858	-0.000167851	2.13191e-05	2
-25.8069	5.7198	-0.000214393	2.96922e-05	2
-26.0089	6.65127	-0.00025716	3.88244e-05	2
-26.2108	7.58226	-0.000295651	4.86114e-05	2
-26.4124	8.51279	-0.000329927	5.90421e-05	2
-26.6139	9.44284	-0.000360053	7.01055e-05	2
-26.8151	10.3724	-0.000386092	8.17906e-05	2
-27.016	11.3015	-0.000408107	9.40864e-05	2
-27.2166	12.2301	-0.000426161	0.000106982	2
-27.4169	13.1583	-0.000440319	0.000120466	2
-27.6167	14.0859	-0.000450644	0.000134528	2
-27.8162	15.0131	-0.000457199	0.000149156	2
-28.0152	15.9398	-0.000460048	0.00016434	2
-28.2138	16.866	-0.000459253	0.000180068	2
-28.4119	17.7917	-0.000454879	0.000196331	2
-28.6095	18.717	-0.000446989	0.000213115	2
-28.8065	19.6417	-0.000435646	0.000230412	2
-29.0029	20.566	-0.000420914	0.000248208	2
-29.1987	21.4897	-0.000402856	0.000266495	2
-29.3939	22.413	-0.000381536	0.00028526	2
-29.5884	23.3357	-0.000357018	0.000304492	2
-29.7822	24.258	-0.000329363	0.000324181	2
-29.9753	25.1798	-0.000298637	0.000344316	2
-30.1654	26.0904	-0.000265307	0.000364646	2
-30.3569	27.0112	-0.000228661	0.000385634	2
-30.5476	27.9315	-0.000189132	0.000407034	2
-30.7374	28.8512	-0.000146785	0.000428836	2
-30.9264	29.7705	-0.000101682	0.000451028	2
-31.1145	30.6892	-5.38865e-05	0.0004736	2
-31.3016	31.6074	-3.46297e-06	0.000496541	2
-31.4877	32.5252	4.95257e-05	0.000519839	2
-31.6729	33.4424	0.000105016	0.000543483	2
-31.857	34.359	0.000162945	0.000567464	2
-32.04	35.2752	0.000223248	0.000591768	2
-32.222	36.1909	0.000285863	0.000616386	2
-32.4029	37.106	0.000350725	0.000641307	2
-32.5826	38.0206	0.000417772	0.000666519	2
-32.7611	38.9347	0.00048694	0.000692012	2
-32.9384	39.8483	0.000558166	0.000717774	2
-33.1145	40.7613	0.000631385	0.000743794	2
-33.2893	41.6738	0.000706536	0.000770062	2
-33.4628	42.5858	0.000783553	0.000796567	2
-33.635	43.4972	0.000862374	0.000823296	2
-33.8058	44.4081	0.000942936	0.00085024	2
-33.9752	45.3185	0.00102517	0.000877388	2
-34.1432	46.2284	0.00110903	0.000904728	2
-34.3079	47.1272	0.00119344	0.000931932	2
-34.473	48.036	0.00128031	0.000959621	2
-34.6366	48.9442	0.0013686	0.000987471	2
-34.7987	49.8519	0.00145826	0.00101547	2
-34.9592	50.7591	0.00154921	0.0010436	2
-35.1181	51.6657	0.0016414	0.00107186	2
-35.2753	52.5717	0.00173476	0.00110024	2
-35.431	53.4773	0.00182922	0.00112872	2
-35.5849	54.3822	0.00192472	0.0011573	2
-35.7371	55.2866	0.00202121	0.00118596	2
-35.8876	56.1905	0.00211861	0.00121468	2
-36.0363	57.0938	0.00221687	0.00124347	2
-36.1832	57.9965	0.00231591	0.00127231	2
-36.3282	58.8987	0.00241568	0.00130119	2
-36.4714	59.8004	0.00251611	0.00133009	2
-36.6127	60.7014	0.00261714	0.00135901	2
-36.7521	61.6019	0.00271871	0.00138794	2
-36.8895	62.5019	0.00282075	0.00141686	2
-37.0249	63.4013	0.0029232	0.00144576	2
-37.1584	64.3001	0.00302599	0.00147464	2
-37.2897	65.1983	0.00312907	0.00150347	2
-37.4191	66.096	0.00323236	0.00153226	2
-37.5463	66.9931	0.00333581	0.00156099	2
-37.6713	67.8896	0.00343935	0.00158964	2
-37.7928	68.7753	0.00354172	0.00161788	2
-37.9136	69.6707	0.00364526	0.00164636	2
-38.0321	70.5655	0.00374869	0.00167474	2
-38.1483	71.4597	0.00385196	0.001703	2
-38.2623	72.3534	0.00395501	0.00173113	2
-38.374	73.2464	0.00405777	0.00175912	2
-38.4833	74.1389	0.00416018	0.00178697	2
-38.5903	75.0308	0.00426217	0.00181465	2
-38.6948	75.9221	0.00436368	0.00184217	2
-38.7969	76.8128	0.00446465	0.0018695	2
-38.8966	77.703	0.00456502	0.00189664	2
-38.9938	78.5925	0.00466471	0.00192358	2
-39.0884	79.4815	0.00476368	0.0019503	2
-39.1805	80.3698	0.00486184	0.0019768	2
-39.2701	81.2576	0.00495915	0.00200306	2
-39.357	82.1447	0.00505554	0.00202907	2
-39.4412	83.0313	0.00515094	0.00205482	2
-39.5228	83.9172	0.00524528	0.00208031	2
-39.6017	84.8026	0.00533852	0.00210551	2
-39.6779	85.6873	0.00543058	0.00213042	2
-39.7513	86.5715	0.0055214	0.00215503	2
-39.8219	87.455	0.00561091	0.00217932	2
-39.8897	88.338	0.00569906	0.00220329	2
-39.954	89.2101	0.00578479	0.00222665	2
-40.0161	90.0919	0.00587003	0.00224994	2
-40.0753	90.973	0.00595371	0.00227287	2
-40.1315	91.8534	0.00603577	0.00229544	2

25.0005	2.01273	-2.67063e-07	1.36564e-07	2
25.0572	3.09753	-2.19363e-05	1.07983e-05	2
25.1393	4.17555	-4.12758e-05	1.9429e-05	2
25.246	5.23427	-5.80632e-05	2.59272e-05	2
25.3752	6.26207	-7.21933e-05	3.02889e-05	2
25.5297	7.28306	-8.4039e-05	3.26505e-05	2
25.7078	8.2854	-9.34666e-05	3.2984e-05	2
25.909	9.26931	-0.000100521	3.13246e-05	2
26.1331	10.235	-0.000105246	2.77072e-05	2
26.3797	11.1827	-0.000107688	2.21669e-05	2
26.6484	12.1126	-0.000107891	1.47386e-05	2
26.9389	13.0249	-0.000105899	5.4573e-06	2
27.2509	13.9198	-0.000101758	-5.64195e-06	2
27.584	14.7976	-9.55125e-05	-1.85242e-05	2
27.9378	15.6585	-8.7207e-05	-3.31543e-05	2
28.312	16.5027	-7.68865e-05	-4.94975e-05	2
28.7063	17.3304	-6.45957e-05	-6.75186e-05	2
29.1203	18.1418	-5.03795e-05	-8.71826e-05	2
29.5536	18.9371	-3.42826e-05	-0.000108455	2
30.0059	19.7166	-1.63498e-05	-0.0001313	2
30.4769	20.4804	3.37411e-06	-0.000155683	2
30.9662	21.2289	2.48443e-05	-0.000181568	2
31.4735	21.9621	4.80159e-05	-0.000208922	2
31.9984	22.6803	7.28443e-05	-0.000237709	2
32.5405	23.3838	9.92846e-05	-0.000267894	2
33.0996	24.0727	0.000127292	-0.000299442	2
33.6685	24.7396	0.000156474	-0.000331932	2
34.2602	25.4002	0.000187464	-0.000366086	2
34.8677	26.0468	0.000219888	-0.000401498	2
35.4908	26.6798	0.0002537	-0.000438134	2
36.1291	27.2993	0.000288856	-0.000475958	2
36.7821	27.9056	0.000325311	-0.000514935	2
37.4497	28.4988	0.00036302	-0.000555031	2
38.1314	29.0791	0.000401938	-0.00059621	2
38.8269	29.6469	0.000442021	-0.000638438	2
39.5358	30.2022	0.000483223	-0.000681679	2
40.2578	30.7453	0.0005255	-0.000725898	2
40.9926	31.2765	0.000568808	-0.00077106	2
41.7397	31.7959	0.0006131	-0.000817131	2
42.4989	32.3038	0.000658334	-0.000864075	2
43.2698	32.8003	0.000704463	-0.000911858	2
44.052	33.2857	0.000751442	-0.000960444	2
44.8452	33.7603	0.000799228	-0.0010098	2
45.6491	34.2241	0.000847776	-0.00105989	2
46.4632	34.6775	0.00089704	-0.00111067	2
47.2873	35.1207	0.000946975	-0.00116212	2
48.1211	35.5538	0.000997538	-0.0012142	2
48.964	35.9771	0.00104868	-0.00126687	2
49.8159	36.3907	0.00110037	-0.0013201	2
50.6664	36.7904	0.00115194	-0.00137323	2
51.535	37.1857	0.00120456	-0.00142747	2
52.4114	37.572	0.00125758	-0.00148216	2
53.2953	37.9495	0.00131096	-0.00153726	2
54.1864	38.3185	0.00136465	-0.00159276	2
55.0844	38.6792	0.00141861	-0.0016486	2
55.9888	39.0318	0.0014728	-0.00170475	2
56.8993	39.3765	0.00152717	-0.00176118	2
57.8156	39.7135	0.00158167	-0.00181786	2
58.7373	40.0431	0.00163626	-0.00187475	2
59.6641	40.3655	0.0016909	-0.00193181	2
60.5956	40.6808	0.00174553	-0.001989	2
61.5315	40.9894	0.00180013	-0.00204631	2
62.4715	41.2913	0.00185463	-0.00210368	2
63.4151	41.5869	0.001909	-0.00216108	2
64.362	41.8763	0.00196319	-0.00221848	2
65.312	42.1598	0.00201716	-0.00227585	2
66.2646	42.4376	0.00207086	-0.00233315	2
67.2194	42.7098	0.00212424	-0.00239033	2
68.1762	42.9768	0.00217727	-0.00244738	2
69.1346	43.2387	0.0022299	-0.00250425	2
70.0943	43.4957	0.00228207	-0.00256091	2
71.0548	43.748	0.00233376	-0.00261733	2
72.0159	43.996	0.00238491	-0.00267346	2
72.9662	44.2369	0.00243489	-0.00272864	2
73.9273	44.4767	0.00248484	-0.00278411	2
74.888	44.7126	0.00253412	-0.00283919	2
75.8478	44.945	0.00258268	-0.00289385	2
76.8064	45.1741	0.00263047	-0.00294806	2
77.7635	45.4	0.00267747	-0.00300178	2
78.7187	45.6229	0.00272361	-0.00305497	2
79.6716	45.8432	0.00276886	-0.0031076	2
80.622	46.0609	0.00281317	-0.00315963	2
81.5694	46.2764	0.00285649	-0.00321103	2
82.5136	46.4898	0.00289879	-0.00326177	2
83.4541	46.7014	0.00294001	-0.00331181	2
84.3906	46.9113	0.00298011	-0.00336111	2
85.3228	47.1199	0.00301905	-0.00340964	2
86.2504	47.3272	0.00305678	-0.00345736	2
87.1729	47.5335	0.00309326	-0.00350424	2
88.0901	47.7391	0.00312843	-0.00355025	2
89.0015	47.9441	0.00316227	-0.00359534	2
89.9068	48.1487	0.00319472	-0.00363949	2
90.8058	48.3533	0.00322573	-0.00368266	2
91.6979	48.5579	0.00325527	-0.00372481	2
92.583	48.7628	0.00328328	-0.00376592	2
93.4606	48.9683	0.00330973	-0.00380593	2
94.3204	49.1721	0.00333429	-0.00384439	2
95.1821	49.3792	0.00335749	-0.00388214	2
96.0353	49.5875	0.00337899	-0.0039187	2
96.8797	49.7972	0.00339875	-0.00395404	2

74.9939	2.01198	-6.2399e-07	1.52689e-07	2
74.4885	3.03813	-5.3499e-05	1.30869e-05	2
74.0091	4.068	-0.000105415	2.57763e-05	2
73.5617	5.08961	-0.000155767	3.80695e-05	2
73.1504	6.09136	-0.000204021	4.98335e-05	2
72.7652	7.09655	-0.000251316	6.13436e-05	2
72.4108	8.09349	-0.000297101	7.24621e-05	2
72.0868	9.08217	-0.000341394	8.31905e-05	2
71.7928	10.0626	-0.000384214	9.35304e-05	2
71.5285	11.0348	-0.000425578	0.000103483	2
71.2934	11.9987	-0.000465505	0.000113051	2
71.0873	12.9544	-0.000504012	0.000122234	2
70.9097	13.9018	-0.000541119	0.000131035	2
70.7602	14.8409	-0.000576843	0.000139455	2
70.6386	15.7718	-0.000611203	0.000147496	2
70.5444	16.6945	-0.000644216	0.000155159	2
70.4772	17.6089	-0.0006759	0.000162445	2
70.4367	18.5151	-0.000706275	0.000169357	2
70.4225	19.413	-0.000735358	0.000175895	2
70.4343	20.3027	-0.000763168	0.000182062	2
70.4716	21.1841	-0.000789722	0.000187858	2
70.5342	22.0573	-0.000815038	0.000193285	2
70.6215	22.9222	-0.000839136	0.000198345	2
70.7334	23.7789	-0.000862033	0.00020304	2
70.8693	24.6273	-0.000883747	0.00020737	2
71.0289	25.4675	-0.000904297	0.000211338	2
71.2096	26.29	-0.000923483	0.000214905	2
71.4153	27.1138	-0.000941771	0.000218156	2
71.6436	27.9293	-0.000958949	0.000221049	2
71.8941	28.7367	-0.000975035	0.000223585	2
72.1665	29.5357	-0.000990047	0.000225766	2
72.4603	30.3266	-0.001004	0.000227593	2
72.7753	31.1092	-0.00101692	0.000229069	2
73.1111	31.8836	-0.00102882	0.000230194	2
73.4672	32.6497	-0.00103972	0.00023097	2
73.8434	33.4076	-0.00104964	0.000231398	2
74.2391	34.1572	-0.00105859	0.000231481	2
74.6542	34.8987	-0.00106659	0.000231219	2
75.0881	35.6318	-0.00107367	0.000230614	2
75.5406	36.3568	-0.00107984	0.000229667	2
76.0112	37.0735	-0.00108511	0.000228381	2
76.4996	37.782	-0.00108951	0.000226757	2
77.0055	38.4823	-0.00109306	0.000224795	2
77.5283	39.1743	-0.00109577	0.000222498	2
78.0679	39.8581	-0.00109765	0.000219868	2
78.6237	40.5336	-0.00109874	0.000216905	2
79.1955	41.201	-0.00109905	0.000213611	2
79.7828	41.8601	-0.00109859	0.000209988	2
80.3853	42.5109	-0.00109738	0.000206038	2
80.9955	43.1462	-0.00109547	0.000201812	2
81.6271	43.7808	-0.00109284	0.000197214	2
82.2728	44.407	-0.00108951	0.000192293	2
82.9322	45.0251	-0.00108551	0.000187051	2
83.6049	45.6349	-0.00108085	0.000181488	2
84.2906	46.2366	-0.00107556	0.000175606	2
84.9889	46.8299	-0.00106964	0.000169408	2
85.6994	47.4151	-0.00106313	0.000162894	2
86.4218	47.992	-0.00105603	0.000156066	2
87.1557	48.5608	-0.00104836	0.000148925	2
87.9007	49.1213	-0.00104015	0.000141473	2
88.6564	49.6735	-0.00103141	0.000133712	2
89.4224	50.2176	-0.00102217	0.000125643	2
90.1985	50.7534	-0.00101243	0.000117267	2
90.9842	51.2811	-0.00100221	0.000108587	2
91.7792	51.8005	-0.000991542	9.96027e-05	2
92.5831	52.3117	-0.000980434	9.03168e-05	2
93.3954	52.8146	-0.000968908	8.07306e-05	2
94.2159	53.3094	-0.00095698	7.08455e-05	2
95.0442	53.7959	-0.000944669	6.0663e-05	2
95.8799	54.2742	-0.000931994	5.01847e-05	2
96.7226	54.7444	-0.000918972	3.94122e-05	2
97.572	55.2063	-0.000905622	2.83468e-05	2
98.4277	55.6599	-0.000891962	1.69902e-05	2
99.2793	56.1003	-0.000878172	5.47941e-06	2
100.146	56.5377	-0.000863949	-6.45183e-06	2
101.019	56.9668	-0.00084947	-1.86698e-05	2
101.896	57.3878	-0.000834754	-3.11729e-05	2
102.777	57.8005	-0.000819818	-4.39597e-05	2
103.663	58.205	-0.000804681	-5.70287e-05	2
104.552	58.6013	-0.000789361	-7.03783e-05	2
105.445	58.9894	-0.000773876	-8.4007e-05	2
106.34	59.3693	-0.000758245	-9.79133e-05	2
107.238	59.741	-0.000742485	-0.000112096	2
108.139	60.1045	-0.000726615	-0.000126553	2
109.041	60.4598	-0.000710652	-0.000141282	2
109.944	60.8069	-0.000694616	-0.000156284	2
110.849	61.1457	-0.000678524	-0.000171555	2
111.755	61.4764	-0.000662395	-0.000187095	2
112.661	61.7989	-0.000646246	-0.000202902	2
113.566	62.1131	-0.000630096	-0.000218974	2
114.472	62.4192	-0.000613963	-0.00023531	2
115.377	62.7171	-0.000597865	-0.000251909	2
116.28	63.0067	-0.000581821	-0.000268768	2
117.182	63.2882	-0.000565848	-0.000285887	2
118.082	63.5615	-0.000549965	-0.000303264	2
118.98	63.8265	-0.00053419	-0.000320897	2
119.865	64.0805	-0.00051872	-0.000338577	2
120.758	64.3293	-0.000503213	-0.000356715	2
121.647	64.5699	-0.000487869	-0.000375105	2
122.532	64.8023	-0.000472706	-0.000393745	2

124.997	2.01008	4.16141e-08	-1.79957e-07	2
124.736	2.88084	2.62412e-06	-1.55139e-05	2
124.469	3.76976	3.25889e-06	-3.0739e-05	2
124.199	4.66645	1.94414e-06	-4.56742e-05	2
123.93	5.56019	-1.2325e-06	-6.01519e-05	2
123.655	6.47144	-6.30545e-06	-7.45077e-05	2
123.38	7.38956	-1.32088e-05	-8.85705e-05	2
123.102	8.31426	-2.19027e-05	-0.000102339	2
122.824	9.24521	-3.23474e-05	-0.000115813	2
122.545	10.1821	-4.45029e-05	-0.000128991	2
122.266	11.1247	-5.83294e-05	-0.000141871	2
121.987	12.0726	-7.37871e-05	-0.000154454	2
121.708	13.0256	-9.08362e-05	-0.000166737	2
121.429	13.9833	-0.000109437	-0.00017872	2
121.152	14.9455	-0.000129549	-0.000190402	2
120.876	15.9118	-0.000151133	-0.000201781	2
120.601	16.882	-0.000174148	-0.000212857	2
120.328	17.8557	-0.000198556	-0.000223629	2
120.058	18.8326	-0.000224316	-0.000234095	2
119.79	19.8124	-0.000251389	-0.000244255	2
119.525	20.7949	-0.000279734	-0.000254107	2
119.264	21.7797	-0.000309311	-0.000263651	2
119.006	22.7665	-0.000340082	-0.000272885	2
118.752	23.7551	-0.000372005	-0.000281808	2
118.502	24.745	-0.000405041	-0.00029042	2
118.257	25.7361	-0.000439151	-0.000298719	2
118.019	26.7166	-0.000473885	-0.000306615	2
117.784	27.709	-0.00051001	-0.000314289	2
117.555	28.7016	-0.00054709	-0.000321647	2
117.331	29.694	-0.000585084	-0.000328688	2
117.114	30.6861	-0.000623952	-0.000335412	2
116.903	31.6775	-0.000663655	-0.000341816	2
116.699	32.6679	-0.000704153	-0.000347901	2
116.502	33.657	-0.000745406	-0.000353664	2
116.313	34.6444	-0.000787374	-0.000359106	2
116.132	35.63	-0.000830017	-0.000364224	2
115.959	36.6133	-0.000873295	-0.000369018	2
115.794	37.5941	-0.000917169	-0.000373487	2
115.638	38.5721	-0.000961599	-0.00037763	2
115.492	39.5469	-0.00100654	-0.000381446	2
115.355	40.5183	-0.00105197	-0.000384933	2
115.227	41.486	-0.00109782	-0.000388091	2
115.11	42.4497	-0.00114408	-0.000390918	2
115.004	43.409	-0.00119069	-0.000393414	2
114.908	44.3637	-0.00123761	-0.000395578	2
114.824	45.3134	-0.00128482	-0.000397408	2
114.751	46.2579	-0.00133226	-0.000398903	2
114.69	47.1968	-0.00137989	-0.000400063	2
114.641	48.1298	-0.00142769	-0.000400886	2
114.605	49.0461	-0.00147505	-0.000401368	2
114.581	49.9667	-0.00152304	-0.000401519	2
114.57	50.8804	-0.00157107	-0.00040133	2
114.573	51.7871	-0.00161909	-0.0004008	2
114.589	52.6865	-0.00166707	-0.000399928	2
114.62	53.5781	-0.00171497	-0.000398714	2
114.665	54.4618	-0.00176276	-0.000397156	2
114.725	55.3372	-0.00181037	-0.000395252	2
114.8	56.2041	-0.00185779	-0.000393003	2
114.891	57.062	-0.00190497	-0.000390407	2
114.997	57.9108	-0.00195187	-0.000387462	2
115.12	58.7501	-0.00199844	-0.000384169	2
115.259	59.5796	-0.00204466	-0.000380525	2
115.414	60.3989	-0.00209047	-0.00037653	2
115.587	61.2079	-0.00213585	-0.000372183	2
115.777	62.0062	-0.00218074	-0.000367483	2
115.985	62.7935	-0.00222512	-0.000362428	2
116.211	63.5695	-0.00226894	-0.000357018	2
116.456	64.3339	-0.00231215	-0.000351252	2
116.719	65.0864	-0.00235473	-0.000345128	2
117.001	65.8266	-0.00239663	-0.000338646	2
117.303	66.5544	-0.0024378	-0.000331804	2
117.624	67.2693	-0.00247822	-0.000324602	2
117.966	67.9711	-0.00251784	-0.000317038	2
118.323	68.6516	-0.00255619	-0.000309205	2
118.706	69.3264	-0.0025941	-0.000300919	2
119.109	69.9871	-0.0026311	-0.000292268	2
119.534	70.6335	-0.00266713	-0.000283252	2
119.98	71.2653	-0.00270217	-0.000273868	2
120.449	71.8822	-0.00273618	-0.000264117	2
120.94	72.4838	-0.0027691	-0.000253998	2
121.453	73.0698	-0.00280091	-0.000243508	2
121.99	73.6401	-0.00283156	-0.000232647	2
122.55	74.1941	-0.00286102	-0.000221414	2
123.133	74.7317	-0.00288924	-0.000209809	2
123.741	75.2526	-0.00291618	-0.000197829	2
124.373	75.7564	-0.0029418	-0.000185474	2
125.03	76.2428	-0.00296607	-0.000172743	2
125.712	76.7115	-0.00298895	-0.000159635	2
126.419	77.1623	-0.00301038	-0.000146148	2
127.151	77.5948	-0.00303035	-0.000132283	2
127.91	78.0088	-0.00304879	-0.000118037	2
128.695	78.4038	-0.00306568	-0.00010341	2
129.507	78.7797	-0.00308098	-8.83999e-05	2
130.346	79.1361	-0.00309464	-7.30068e-05	2
131.211	79.4727	-0.00310662	-5.72292e-05	2
132.105	79.7892	-0.00311689	-4.10661e-05	2
133.016	80.082	-0.00312532	-2.4709e-05	2
133.966	80.3577	-0.00313206	-7.77625e-06	2
134.944	80.6124	-0.00313697	9.54508e-06	2
135.951	80.8457	-0.00314	2.72561e-05	2

