-125.006	2.01278	6.73146e-07	-3.1196e-07	2
-125.528	3.10934	5.65016e-05	-2.60178e-05	2
-126.034	4.21378	0.000108881	-4.97914e-05	2
-126.52	5.31325	0.000157212	-7.13619e-05	2
-126.979	6.3951	0.000201083	-9.05596e-05	2
-127.423	7.48442	0.000241588	-0.000107872	2
-127.845	8.56851	0.000278269	-0.000123104	2
-128.248	9.64729	0.000311201	-0.000136298	2
-128.629	10.7207	0.000340459	-0.000147494	2
-128.991	11.7886	0.000366118	-0.000156734	2
-129.332	12.8509	0.000388253	-0.000164059	2
-129.653	13.9076	0.000406938	-0.00016951	2
-129.953	14.9586	0.000422249	-0.000173128	2
-130.234	16.0037	0.000434261	-0.000174955	2
-130.496	17.043	0.000443048	-0.000175032	2
-130.737	18.0762	0.000448685	-0.0001734	2
-130.959	19.1034	0.000451247	-0.0001701	2
-131.162	20.1245	0.00045081	-0.000165174	2
-131.346	21.1393	0.000447448	-0.000158662	2
-131.51	22.1478	0.000441236	-0.000150606	2
-131.656	23.1499	0.000432248	-0.000141047	2
-131.782	24.1456	0.000420561	-0.000130027	2
-131.89	25.1346	0.000406248	-0.000117586	2
-131.98	26.117	0.000389384	-0.000103766	2
-132.051	27.0927	0.000370045	-8.86071e-05	2
-132.103	28.0616	0.000348306	-7.21519e-05	2
-132.137	29.0125	0.00032453	-5.46515e-05	2
-132.154	29.9676	0.00029824	-3.57399e-05	2
-132.153	30.9156	0.000269773	-1.56545e-05	2
-132.134	31.8564	0.000239204	5.5633e-06	2
-132.097	32.79	0.000206608	2.78724e-05	2
-132.043	33.7163	0.00017206	5.12316e-05	2
-131.971	34.6352	0.000135635	7.55997e-05	2
-131.882	35.5466	9.74084e-05	0.000100935	2
-131.776	36.4505	5.7454e-05	0.000127197	2
-131.653	37.3466	1.58473e-05	0.000154345	2
-131.513	38.2351	-2.73368e-05	0.000182336	2
-131.356	39.1157	-7.20235e-05	0.00021113	2
-131.183	39.9884	-0.000118138	0.000240686	2
-130.993	40.8532	-0.000165605	0.000270962	2
-130.787	41.7099	-0.00021435	0.000301918	2
-130.564	42.5584	-0.000264297	0.000333511	2
-130.326	43.3987	-0.000315373	0.000365701	2
-130.071	44.2306	-0.000367502	0.000398446	2
-129.801	45.0542	-0.000420609	0.000431706	2
-129.515	45.8692	-0.000474619	0.000465439	2
-129.213	46.6757	-0.000529458	0.000499604	2
-128.896	47.4736	-0.00058505	0.00053416	2
-128.564	48.2627	-0.000641321	0.000569065	2
-128.221	49.034	-0.000697538	0.000603872	2
-127.858	49.8055	-0.000754935	0.000639349	2
-127.481	50.568	-0.000812787	0.000675053	2
-127.089	51.3214	-0.000871019	0.000710942	2
-126.682	52.0657	-0.000929556	0.000746975	2
-126.261	52.8007	-0.000988322	0.00078311	2
-125.825	53.5264	-0.00104724	0.000819307	2
-125.375	54.2427	-0.00110625	0.000855525	2
-124.911	54.9495	-0.00116525	0.000891721	2
-124.433	55.6467	-0.00122419	0.000927855	2
-123.941	56.3343	-0.00128298	0.000963886	2
-123.435	57.0121	-0.00134156	0.000999772	2
-122.916	57.6801	-0.00139983	0.00103547	2
-122.383	58.3382	-0.00145774	0.00107095	2
-121.837	58.9863	-0.00151521	0.00110615	2
-121.277	59.6243	-0.00157216	0.00114105	2
-120.705	60.2522	-0.00162851	0.00117559	2
-120.119	60.8698	-0.00168419	0.00120974	2
-119.521	61.4771	-0.00173913	0.00124346	2
-118.91	62.074	-0.00179325	0.00127671	2
-118.286	62.6604	-0.00184648	0.00130944	2
-117.65	63.2363	-0.00189874	0.00134161	2
-117.002	63.8014	-0.00194995	0.00137319	2
-116.341	64.3558	-0.00200005	0.00140413	2
-115.676	64.8932	-0.00204839	0.00143404	2
-114.992	65.426	-0.00209604	0.00146358	2
-114.296	65.9479	-0.00214235	0.00149236	2
-113.588	66.4586	-0.00218724	0.00152034	2
-112.869	66.9582	-0.00223064	0.00154747	2
-112.138	67.4465	-0.00227247	0.00157372	2
-111.396	67.9235	-0.00231266	0.00159904	2
-110.643	68.3891	-0.00235113	0.00162339	2
-109.878	68.8432	-0.00238781	0.00164673	2
-109.103	69.2857	-0.00242263	0.00166903	2
-108.318	69.7165	-0.0024555	0.00169022	2
-107.521	70.1356	-0.00248636	0.00171029	2
-106.714	70.5429	-0.00251512	0.00172918	2
-105.897	70.9383	-0.00254172	0.00174686	2
-105.069	71.3216	-0.00256608	0.00176328	2
-104.232	71.6929	-0.00258812	0.0017784	2
-103.384	72.052	-0.00260777	0.00179218	2
-102.527	72.3989	-0.00262495	0.00180458	2
-101.66	72.7334	-0.0026396	0.00181556	2
-100.783	73.0556	-0.00265162	0.00182508	2
-99.8968	73.3652	-0.00266096	0.00183309	2
-99.0014	73.6622	-0.00266753	0.00183956	2
-98.0968	73.9466	-0.00267126	0.00184444	2
-97.1936	74.2152	-0.00267209	0.00184766	2
-96.2711	74.4741	-0.00266995	0.00184927	2
-95.3398	74.7201	-0.00266474	0.00184916	2
-94.3999	74.9532	-0.0026564	0.0018473	2

-75.0008	2.01023	5.33123e-07	3.15713e-08	2
-75.0848	2.89088	4.48766e-05	2.39939e-06	2
-75.196	3.78402	8.67388e-05	4.10764e-06	2
-75.333	4.67927	0.000125633	5.14216e-06	2
-75.4929	5.5662	0.000161209	5.5197e-06	2
-75.6789	6.46531	0.000194341	5.26629e-06	2
-75.8884	7.36615	0.000224643	4.39122e-06	2
-76.1208	8.26862	0.000252164	2.91191e-06	2
-76.3752	9.17258	0.000276949	8.45792e-07	2
-76.6511	10.0779	0.000299046	-1.78972e-06	2
-76.9475	10.9845	0.000318501	-4.9772e-06	2
-77.264	11.8921	0.000335359	-8.69922e-06	2
-77.5996	12.8008	0.000349669	-1.29384e-05	2
-77.9536	13.7103	0.000361477	-1.76772e-05	2
-78.3255	14.6206	0.000370829	-2.28984e-05	2
-78.7143	15.5314	0.000377771	-2.85844e-05	2
-79.1194	16.4428	0.000382351	-3.47178e-05	2
-79.5401	17.3544	0.000384615	-4.12812e-05	2
-79.9757	18.2664	0.00038461	-4.82573e-05	2
-80.4253	19.1784	0.000382381	-5.56285e-05	2
-80.8883	20.0904	0.000377977	-6.33774e-05	2
-81.364	21.0022	0.000371443	-7.14867e-05	2
-81.8516	21.9138	0.000362826	-7.99389e-05	2
-82.3504	22.8249	0.000352172	-8.87166e-05	2
-82.8597	23.7355	0.000339529	-9.78023e-05	2
-83.3788	24.6455	0.000324942	-0.000107179	2
-83.9007	25.5442	0.000308659	-0.000116716	2
-84.437	26.4524	0.000290347	-0.000126618	2
-84.9808	27.3597	0.00027023	-0.00013676	2
-85.5315	28.2657	0.000248357	-0.000147122	2
-86.0883	29.1705	0.000224772	-0.000157688	2
-86.6505	30.0739	0.000199524	-0.00016844	2
-87.2174	30.9757	0.000172658	-0.000179361	2
-87.7882	31.8758	0.00014422	-0.000190434	2
-88.3623	32.7741	0.000114259	-0.000201641	2
-88.9388	33.6705	8.28193e-05	-0.000212964	2
-89.5171	34.5649	4.99486e-05	-0.000224386	2
-90.0964	35.4571	1.56934e-05	-0.000235891	2
-90.6761	36.347	-1.98999e-05	-0.000247459	2
-91.2553	37.2344	-5.67846e-05	-0.000259075	2
-91.8334	38.1193	-9.49141e-05	-0.00027072	2
-92.4096	39.0015	-0.000134242	-0.000282377	2
-92.9832	39.8809	-0.000174721	-0.000294029	2
-93.5535	40.7574	-0.000216306	-0.000305658	2
-94.1197	41.6308	-0.000258949	-0.000317247	2
-94.6812	42.501	-0.000302603	-0.000328778	2
-95.2371	43.3679	-0.000347223	-0.000340234	2
-95.7869	44.2313	-0.000392762	-0.000351598	2
-96.3296	45.0912	-0.000439173	-0.000362852	2
-96.8586	45.9376	-0.000485861	-0.000373852	2
-97.3854	46.79	-0.000533868	-0.000384835	2
-97.903	47.6384	-0.000582607	-0.000395657	2
-98.4108	48.4828	-0.000632032	-0.0004063	2
-98.908	49.323	-0.000682097	-0.000416745	2
-99.3939	50.1588	-0.000732755	-0.000426977	2
-99.8677	50.9902	-0.000783959	-0.000436976	2
-100.329	51.817	-0.000835663	-0.000446727	2
-100.776	52.6391	-0.000887821	-0.000456212	2
-101.21	53.4564	-0.000940385	-0.000465412	2
-101.628	54.2687	-0.000993309	-0.000474311	2
-102.031	55.0759	-0.00104655	-0.000482891	2
-102.417	55.8779	-0.00110005	-0.000491136	2
-102.787	56.6746	-0.00115378	-0.000499026	2
-103.138	57.4658	-0.00120767	-0.000506546	2
-103.471	58.2514	-0.0012617	-0.000513677	2
-103.784	59.0313	-0.0013158	-0.000520402	2
-104.078	59.8053	-0.00136994	-0.000526705	2
-104.35	60.5734	-0.00142407	-0.000532566	2
-104.602	61.3354	-0.00147814	-0.000537969	2
-104.831	62.0911	-0.0015321	-0.000542897	2
-105.037	62.8405	-0.00158591	-0.000547332	2
-105.219	63.5834	-0.00163952	-0.000551256	2
-105.377	64.3197	-0.00169288	-0.000554653	2
-105.509	65.0409	-0.00174535	-0.000557475	2
-105.616	65.7637	-0.00179809	-0.00055977	2
-105.697	66.4795	-0.00185044	-0.000561486	2
-105.75	67.1882	-0.00190236	-0.000562604	2
-105.776	67.8896	-0.0019538	-0.000563107	2
-105.772	68.5837	-0.00200472	-0.000562979	2
-105.74	69.2703	-0.00205507	-0.000562201	2
-105.677	69.9493	-0.00210479	-0.000560756	2
-105.583	70.6205	-0.00215386	-0.000558626	2
-105.457	71.2839	-0.00220221	-0.000555795	2
-105.299	71.9392	-0.00224981	-0.000552244	2
-105.108	72.5865	-0.0022966	-0.000547957	2
-104.884	73.2255	-0.00234254	-0.000542915	2
-104.624	73.8561	-0.00238758	-0.000537103	2
-104.33	74.4782	-0.00243168	-0.000530501	2
-103.999	75.0916	-0.00247478	-0.000523093	2
-103.631	75.6964	-0.00251685	-0.000514861	2
-103.227	76.2922	-0.00255784	-0.000505788	2
-102.783	76.879	-0.0025977	-0.000495856	2
-102.301	77.4567	-0.00263638	-0.000485048	2
-101.78	78.0251	-0.00267383	-0.000473347	2
-101.218	78.5842	-0.00271002	-0.000460735	2
-100.615	79.1337	-0.00274488	-0.000447195	2
-99.9773	79.6674	-0.00277801	-0.000432881	2
-99.2903	80.1976	-0.00281012	-0.000417442	2
-98.56	80.718	-0.00284078	-0.000401024	2
-97.7857	81.2283	-0.00286993	-0.000383608	2

-25.0007	2.01167	2.6836e-09	-1.83495e-07	2
-25.0736	3.00743	4.07817e-07	-1.58911e-05	2
-25.1759	3.99938	1.15404e-06	-3.16367e-05	2
-25.3061	4.97613	2.21703e-06	-4.72402e-05	2
-25.4617	5.927	3.55796e-06	-6.25277e-05	2
-25.6459	6.87438	5.18657e-06	-7.78582e-05	2
-25.8562	7.80744	7.06731e-06	-9.30562e-05	2
-26.0921	8.72645	9.17853e-06	-0.000108125	2
-26.353	9.63171	1.14986e-05	-0.000123068	2
-26.6383	10.5235	1.40059e-05	-0.000137889	2
-26.9475	11.4021	1.66788e-05	-0.00015259	2
-27.2798	12.2679	1.94957e-05	-0.000167175	2
-27.6347	13.121	2.24348e-05	-0.000181647	2
-28.0116	13.9618	2.54747e-05	-0.000196009	2
-28.41	14.7907	2.85936e-05	-0.000210266	2
-28.8291	15.6078	3.177e-05	-0.000224419	2
-29.2685	16.4134	3.49821e-05	-0.000238473	2
-29.7274	17.2079	3.82084e-05	-0.00025243	2
-30.2053	17.9916	4.14272e-05	-0.000266294	2
-30.7017	18.7647	4.4617e-05	-0.000280068	2
-31.2158	19.5275	4.77559e-05	-0.000293755	2
-31.7472	20.2803	5.08226e-05	-0.000307359	2
-32.2951	21.0235	5.37952e-05	-0.000320882	2
-32.8591	21.7572	5.66521e-05	-0.000334329	2
-33.4384	22.4818	5.93718e-05	-0.000347703	2
-34.0326	23.1975	6.19326e-05	-0.000361005	2
-34.6338	23.8967	6.42866e-05	-0.00037409	2
-35.2556	24.5958	6.64672e-05	-0.000387262	2
-35.8904	25.2869	6.84242e-05	-0.000400374	2
-36.5377	25.9703	7.0136e-05	-0.000413429	2
-37.1967	26.6463	7.15809e-05	-0.00042643	2
-37.8669	27.3153	7.27375e-05	-0.00043938	2
-38.5477	27.9774	7.35839e-05	-0.000452283	2
-39.2386	28.6331	7.40986e-05	-0.000465141	2
-39.9388	29.2825	7.426e-05	-0.000477958	2
-40.6479	29.926	7.40464e-05	-0.000490738	2
-41.3651	30.5638	7.34362e-05	-0.000503483	2
-42.09	31.1962	7.24077e-05	-0.000516197	2
-42.8219	31.8236	7.09394e-05	-0.000528883	2
-43.5601	32.4463	6.90095e-05	-0.000541544	2
-44.3042	33.0644	6.65965e-05	-0.000554184	2
-45.0535	33.6783	6.36787e-05	-0.000566806	2
-45.8074	34.2883	6.02345e-05	-0.000579413	2
-46.5653	34.8947	5.62422e-05	-0.000592008	2
-47.3266	35.4978	5.16803e-05	-0.000604595	2
-48.0907	36.0979	4.6527e-05	-0.000617178	2
-48.857	36.6951	4.07608e-05	-0.000629758	2
-49.6249	37.29	3.43601e-05	-0.00064234	2
-50.3939	37.8826	2.73031e-05	-0.000654926	2
-51.1543	38.4666	1.96611e-05	-0.000667376	2
-51.9235	39.0558	1.1235e-05	-0.000679982	2
-52.6918	39.6437	2.08798e-06	-0.000692602	2
-53.4588	40.2305	-7.80151e-06	-0.00070524	2
-54.2238	40.8167	-1.84551e-05	-0.000717899	2
-54.9862	41.4024	-2.98945e-05	-0.000730582	2
-55.7454	41.9879	-4.21413e-05	-0.000743293	2
-56.5008	42.5736	-5.5217e-05	-0.000756035	2
-57.2518	43.1598	-6.91435e-05	-0.000768811	2
-57.9978	43.7466	-8.39422e-05	-0.000781624	2
-58.7382	44.3345	-9.96349e-05	-0.000794478	2
-59.4725	44.9237	-0.000116243	-0.000807376	2
-60.1999	45.5144	-0.000133789	-0.000820321	2
-60.92	46.1071	-0.000152293	-0.000833317	2
-61.6321	46.7019	-0.000171777	-0.000846366	2
-62.3356	47.2991	-0.000192264	-0.000859472	2
-63.0299	47.8991	-0.000213775	-0.000872639	2
-63.7144	48.5022	-0.000236331	-0.000885869	2
-64.3885	49.1086	-0.000259953	-0.000899166	2
-65.0516	49.7186	-0.000284665	-0.000912533	2
-65.7031	50.3325	-0.000310487	-0.000925973	2
-66.3425	50.9506	-0.00033744	-0.000939489	2
-66.969	51.5732	-0.000365547	-0.000953086	2
-67.5822	52.2005	-0.000394829	-0.000966766	2
-68.1746	52.8257	-0.000424951	-0.000980373	2
-68.7593	53.4634	-0.000456635	-0.000994228	2
-69.3289	54.1067	-0.000489558	-0.00100818	2
-69.8827	54.756	-0.000523742	-0.00102222	2
-70.42	55.4116	-0.00055921	-0.00103636	2
-70.9405	56.0736	-0.000595982	-0.00105061	2
-71.4433	56.7424	-0.000634081	-0.00106496	2
-71.9279	57.4183	-0.000673528	-0.00107942	2
-72.3938	58.1016	-0.000714344	-0.00109399	2
-72.8402	58.7926	-0.000756551	-0.00110868	2
-73.2667	59.4915	-0.000800171	-0.00112349	2
-73.6726	60.1987	-0.000845226	-0.00113842	2
-74.0573	60.9144	-0.000891737	-0.00115348	2
-74.4203	61.6389	-0.000939726	-0.00116866	2
-74.7608	62.3726	-0.000989214	-0.00118398	2
-75.0784	63.1157	-0.00104022	-0.00119943	2
-75.3723	63.8684	-0.00109277	-0.00121502	2
-75.6421	64.6312	-0.00114689	-0.00123076	2
-75.8871	65.4042	-0.00120259	-0.00124663	2
-76.1067	66.1878	-0.0012599	-0.00126266	2
-76.3003	66.9822	-0.00131884	-0.00127884	2
-76.4673	67.7878	-0.00137943	-0.00129517	2
-76.6072	68.6048	-0.00144169	-0.00131166	2
-76.7181	69.424	-0.0015049	-0.00132812	2
-76.8021	70.2646	-0.00157056	-0.00134494	2
-76.8571	71.1175	-0.00163795	-0.00136192	2
-76.8826	71.983	-0.00170709	-0.00137908	2

24.9983	2.01307	5.84709e-07	-4.24302e-07	2
24.8431	3.12847	5.11216e-05	-3.55288e-05	2
24.6634	4.23989	0.000102744	-6.82859e-05	2
24.4613	5.33456	0.000154855	-9.8319e-05	2
24.2399	6.40046	0.000206834	-0.000125376	2
23.9944	7.46265	0.000259877	-0.000150134	2
23.7275	8.50892	0.000313369	-0.000172311	2
23.4398	9.53957	0.000367297	-0.000191953	2
23.1315	10.5549	0.000421648	-0.000209109	2
22.8031	11.5551	0.000476409	-0.000223827	2
22.4549	12.5405	0.000531567	-0.000236154	2
22.0874	13.5115	0.00058711	-0.000246137	2
21.7008	14.4682	0.000643023	-0.000253825	2
21.2957	15.411	0.000699294	-0.000259265	2
20.8723	16.3402	0.00075591	-0.000262504	2
20.431	17.2559	0.000812858	-0.000263591	2
19.9723	18.1586	0.000870125	-0.000262573	2
19.4964	19.0485	0.000927698	-0.000259498	2
19.0039	19.9259	0.000985563	-0.000254413	2
18.495	20.791	0.00104371	-0.000247366	2
17.9701	21.6441	0.00110212	-0.000238404	2
17.4297	22.4856	0.00116079	-0.000227576	2
16.8741	23.3157	0.00121969	-0.000214929	2
16.3037	24.1347	0.00127883	-0.000200511	2
15.7188	24.9428	0.00133817	-0.000184368	2
15.1199	25.7405	0.00139772	-0.00016655	2
14.5145	26.5188	0.00145678	-0.000147336	2
13.8888	27.2963	0.00151669	-0.000126327	2
13.2501	28.0641	0.00157676	-0.000103784	2
12.599	28.8224	0.00163699	-7.97551e-05	2
11.9357	29.5716	0.00169735	-5.42879e-05	2
11.2606	30.312	0.00175783	-2.74301e-05	2
10.5741	31.0438	0.00181843	7.70645e-07	2
9.87664	31.7673	0.00187912	3.02667e-05	2
9.16853	32.4828	0.0019399	6.10104e-05	2
8.45018	33.1906	0.00200075	9.29541e-05	2
7.72195	33.8909	0.00206165	0.00012605	2
6.98424	34.5841	0.0021226	0.000160251	2
6.23743	35.2704	0.00218359	0.000195508	2
5.48188	35.9501	0.00224459	0.000231775	2
4.718	36.6235	0.0023056	0.000269004	2
3.94615	37.2908	0.00236661	0.000307147	2
3.16671	37.9524	0.00242759	0.000346156	2
2.38008	38.6086	0.00248854	0.000385983	2
1.58662	39.2596	0.00254944	0.000426582	2
0.786721	39.9056	0.00261029	0.000467904	2
-0.0192384	40.5471	0.00267106	0.000509902	2
-0.830877	41.1842	0.00273175	0.000552528	2
-1.64781	41.8173	0.00279234	0.000595734	2
-2.4602	42.4393	0.00285213	0.000638968	2
-3.28654	43.0652	0.00291249	0.000683187	2
-4.11705	43.6878	0.00297271	0.000727843	2
-4.95133	44.3076	0.00303278	0.00077289	2
-5.78902	44.9246	0.00309269	0.00081828	2
-6.62972	45.5393	0.00315242	0.000863965	2
-7.47306	46.152	0.00321196	0.000909897	2
-8.31866	46.7628	0.0032713	0.000956028	2
-9.16614	47.3721	0.00333043	0.00100231	2
-10.0151	47.9802	0.00338932	0.0010487	2
-10.8652	48.5874	0.00344798	0.00109514	2
-11.716	49.1939	0.00350638	0.0011416	2
-12.5672	49.8	0.00356452	0.00118801	2
-13.4184	50.406	0.00362237	0.00123434	2
-14.2691	51.0122	0.00367993	0.00128054	2
-15.119	51.6188	0.00373719	0.00132655	2
-15.9678	52.2262	0.00379412	0.00137233	2
-16.8151	52.8346	0.00385072	0.00141784	2
-17.6604	53.4444	0.00390698	0.00146302	2
-18.5034	54.0557	0.00396288	0.00150783	2
-19.3437	54.6689	0.00401841	0.00155222	2
-20.1809	55.2843	0.00407355	0.00159615	2
-21.0147	55.9021	0.0041283	0.00163955	2
-21.8446	56.5226	0.00418263	0.0016824	2
-22.6609	57.1389	0.00423593	0.00172415	2
-23.4821	57.7657	0.00428941	0.00176573	2
-24.2983	58.3961	0.00434244	0.00180661	2
-25.1092	59.0303	0.004395	0.00184674	2
-25.9143	59.6686	0.0044471	0.00188606	2
-26.7133	60.3114	0.0044987	0.00192454	2
-27.5059	60.9589	0.0045498	0.00196212	2
-28.2915	61.6113	0.00460039	0.00199875	2
-29.0699	62.269	0.00465045	0.0020344	2
-29.8407	62.9322	0.00469997	0.002069	2
-30.6034	63.6013	0.00474893	0.00210252	2
-31.3578	64.2765	0.00479733	0.00213491	2
-32.1033	64.9581	0.00484515	0.00216611	2
-32.8398	65.6463	0.00489237	0.00219609	2
-33.5666	66.3415	0.00493899	0.00222478	2
-34.2836	67.044	0.00498499	0.00225215	2
-34.9902	67.754	0.00503036	0.00227815	2
-35.6862	68.4718	0.00507509	0.00230273	2
-36.3711	69.1976	0.00511915	0.00232584	2
-37.0445	69.9319	0.00516255	0.00234744	2
-37.7062	70.6748	0.00520526	0.00236747	2
-38.3556	71.4266	0.00524727	0.00238589	2
-38.9925	72.1876	0.00528857	0.00240265	2
-39.6092	72.9493	0.00532869	0.00241755	2
-40.2199	73.7295	0.00536854	0.00243087	2
-40.8169	74.5198	0.00540765	0.00244239	2
-41.3997	75.3204	0.00544599	0.00245207	2

74.9973	2.01278	8.37134e-07	7.81403e-09	2
74.7725	3.10862	7.26281e-05	9.76734e-08	2
74.561	4.21156	0.000144849	-9.77087e-07	2
74.3652	5.30888	0.000216667	-3.21613e-06	2
74.1869	6.3881	0.000287268	-6.56576e-06	2
74.0218	7.47438	0.000358298	-1.10958e-05	2
73.872	8.55517	0.000428938	-1.67658e-05	2
73.7372	9.63054	0.000499192	-2.35675e-05	2
73.6174	10.7005	0.000569063	-3.1493e-05	2
73.5122	11.7652	0.000638558	-4.05339e-05	2
73.4216	12.8245	0.000707679	-5.06822e-05	2
73.3454	13.8787	0.000776431	-6.19297e-05	2
73.2835	14.9276	0.000844818	-7.42682e-05	2
73.2356	15.9714	0.000912845	-8.76897e-05	2
73.2015	17.0101	0.000980515	-0.000102186	2
73.1812	18.0438	0.00104783	-0.000117749	2
73.1744	19.0725	0.0011148	-0.00013437	2
73.1811	20.0962	0.00118143	-0.000152042	2
73.2009	21.1151	0.00124772	-0.000170756	2
73.2338	22.1291	0.00131367	-0.000190504	2
73.2796	23.1383	0.00137929	-0.000211277	2
73.338	24.1427	0.00144458	-0.000233069	2
73.4091	25.1425	0.00150956	-0.00025587	2
73.4925	26.1376	0.00157421	-0.000279673	2
73.5881	27.1281	0.00163855	-0.000304469	2
73.6957	28.1141	0.00170258	-0.00033025	2
73.8138	29.0843	0.00176557	-0.000356695	2
73.9449	30.0613	0.001829	-0.000384411	2
74.0876	31.034	0.00189212	-0.000413087	2
74.2416	32.0023	0.00195496	-0.000442717	2
74.4068	32.9662	0.00201751	-0.00047329	2
74.583	33.926	0.00207977	-0.000504801	2
74.7702	34.8815	0.00214175	-0.000537239	2
74.968	35.8328	0.00220346	-0.000570598	2
75.1764	36.7801	0.00226489	-0.000604868	2
75.3951	37.7232	0.00232606	-0.000640043	2
75.624	38.6624	0.00238696	-0.000676113	2
75.863	39.5976	0.0024476	-0.00071307	2
76.1118	40.5288	0.00250799	-0.000750907	2
76.3703	41.4562	0.00256813	-0.000789615	2
76.6384	42.3798	0.00262802	-0.000829186	2
76.9158	43.2996	0.00268767	-0.000869612	2
77.2024	44.2157	0.00274708	-0.000910885	2
77.498	45.1281	0.00280626	-0.000952996	2
77.8025	46.0369	0.0028652	-0.000995938	2
78.1156	46.9422	0.00292392	-0.0010397	2
78.4373	47.8438	0.00298243	-0.00108428	2
78.7674	48.742	0.00304071	-0.00112966	2
79.1056	49.6368	0.00309878	-0.00117585	2
79.4478	50.518	0.00315598	-0.00122227	2
79.8019	51.4061	0.00321364	-0.00127002	2
80.1636	52.2909	0.0032711	-0.00131854	2
80.5328	53.1725	0.00332837	-0.00136782	2
80.9093	54.0509	0.00338544	-0.00141786	2
81.2931	54.9262	0.00344233	-0.00146865	2
81.6838	55.7984	0.00349903	-0.00152018	2
82.0814	56.6675	0.00355555	-0.00157245	2
82.4857	57.5337	0.0036119	-0.00162544	2
82.8965	58.3969	0.00366808	-0.00167914	2
83.3137	59.2572	0.00372409	-0.00173355	2
83.737	60.1146	0.00377994	-0.00178867	2
84.1663	60.9693	0.00383563	-0.00184447	2
84.6015	61.8212	0.00389117	-0.00190096	2
85.0423	62.6705	0.00394656	-0.00195813	2
85.4886	63.5171	0.00400181	-0.00201596	2
85.9403	64.361	0.00405691	-0.00207445	2
86.3972	65.2025	0.00411188	-0.0021336	2
86.859	66.0414	0.00416671	-0.00219338	2
87.3257	66.8779	0.00422142	-0.00225381	2
87.797	67.7119	0.004276	-0.00231486	2
88.2729	68.5437	0.00433046	-0.00237652	2
88.7531	69.3731	0.00438481	-0.0024388	2
89.2374	70.2002	0.00443905	-0.00250168	2
89.7201	71.0157	0.00449255	-0.00256442	2
90.2122	71.8385	0.00454658	-0.00262848	2
90.708	72.6592	0.00460051	-0.00269311	2
91.2073	73.4778	0.00465434	-0.00275832	2
91.7099	74.2945	0.00470809	-0.00282408	2
92.2156	75.1091	0.00476175	-0.0028904	2
92.7244	75.9218	0.00481532	-0.00295726	2
93.2359	76.7327	0.00486882	-0.00302466	2
93.7502	77.5418	0.00492224	-0.00309259	2
94.2669	78.349	0.0049756	-0.00316105	2
94.7859	79.1546	0.00502889	-0.00323001	2
95.3071	79.9585	0.00508212	-0.00329948	2
95.8303	80.7607	0.0051353	-0.00336945	2
96.3553	81.5614	0.00518842	-0.0034399	2
96.8819	82.3606	0.00524149	-0.00351084	2
97.41	83.1583	0.00529452	-0.00358224	2
97.9395	83.9545	0.00534751	-0.00365411	2
98.47	84.7494	0.00540047	-0.00372644	2
99.0016	85.543	0.00545339	-0.00379922	2
99.534	86.3352	0.00550629	-0.00387243	2
100.067	87.1262	0.00555917	-0.00394608	2
100.6	87.9161	0.00561202	-0.00402015	2
101.134	88.7048	0.00566487	-0.00409463	2
101.662	89.4834	0.00571709	-0.00416866	2
102.196	90.27	0.00576992	-0.00424395	2
102.73	91.0556	0.00582274	-0.00431962	2
103.263	91.8403	0.00587557	-0.00439568	2

124.997	2.01302	-1.87057e-07	-2.60626e-07	2
124.745	3.12396	-1.68792e-05	-2.14653e-05	2
124.52	4.23016	-3.49643e-05	-4.05129e-05	2
124.324	5.31878	-5.42277e-05	-5.71864e-05	2
124.159	6.37783	-7.44004e-05	-7.13773e-05	2
124.021	7.43213	-9.59241e-05	-8.34588e-05	2
123.911	8.46948	-0.000118543	-9.32959e-05	2
123.828	9.49009	-0.000142229	-0.000100932	2
123.774	10.4941	-0.000166956	-0.000106411	2
123.746	11.4819	-0.000192694	-0.000109776	2
123.745	12.4535	-0.000219416	-0.000111071	2
123.771	13.4091	-0.000247094	-0.000110338	2
123.822	14.3491	-0.000275701	-0.000107622	2
123.899	15.2735	-0.000305209	-0.000102966	2
124.001	16.1826	-0.00033559	-9.64129e-05	2
124.127	17.0766	-0.000366816	-8.80069e-05	2
124.278	17.9557	-0.000398859	-7.77912e-05	2
124.453	18.8201	-0.000431692	-6.58093e-05	2
124.652	19.67	-0.000465288	-5.21045e-05	2
124.874	20.5056	-0.000499617	-3.67205e-05	2
125.118	21.3272	-0.000534653	-1.97005e-05	2
125.385	22.1348	-0.000570367	-1.08813e-06	2
125.674	22.9288	-0.000606732	1.90732e-05	2
125.984	23.7094	-0.00064372	4.074e-05	2
126.316	24.4766	-0.000681304	6.38688e-05	2
126.668	25.2308	-0.000719455	8.84163e-05	2
127.036	25.9638	-0.000757698	0.000114033	2
127.429	26.6926	-0.000796895	0.000141272	2
127.841	27.409	-0.000836576	0.0001698	2
128.272	28.1132	-0.000876715	0.000199573	2
128.722	28.8054	-0.000917282	0.000230548	2
129.191	29.4857	-0.00095825	0.000262681	2
129.678	30.1544	-0.000999592	0.000295929	2
130.182	30.8117	-0.00104128	0.000330248	2
130.704	31.4577	-0.00108328	0.000365596	2
131.242	32.0928	-0.00112558	0.000401927	2
131.797	32.7171	-0.00116814	0.0004392	2
132.368	33.3307	-0.00121093	0.00047737	2
132.954	33.934	-0.00125393	0.000516395	2
133.556	34.5271	-0.00129711	0.00055623	2
134.173	35.1102	-0.00134044	0.000596832	2
134.804	35.6835	-0.00138389	0.000638158	2
135.45	36.2473	-0.00142744	0.000680164	2
136.109	36.8017	-0.00147105	0.000722807	2
136.781	37.3469	-0.00151471	0.000766043	2
137.467	37.8832	-0.00155838	0.000809829	2
138.165	38.4108	-0.00160203	0.000854122	2
138.875	38.9298	-0.00164564	0.000898877	2
139.596	39.4404	-0.00168918	0.000944052	2
140.321	39.9372	-0.00173212	0.000989077	2
141.065	40.4319	-0.00177544	0.00103496	2
141.819	40.9188	-0.0018186	0.00108113	2
142.584	41.3982	-0.00186158	0.00112754	2
143.359	41.8703	-0.00190435	0.00117416	2
144.142	42.3353	-0.00194688	0.00122094	2
144.935	42.7934	-0.00198915	0.00126783	2
145.737	43.2448	-0.00203112	0.0013148	2
146.546	43.6897	-0.00207278	0.00136179	2
147.363	44.1283	-0.00211408	0.00140877	2
148.188	44.5609	-0.00215501	0.00145569	2
149.02	44.9875	-0.00219554	0.00150251	2
149.859	45.4085	-0.00223563	0.00154919	2
150.703	45.824	-0.00227527	0.00159568	2
151.554	46.2342	-0.00231442	0.00164193	2
152.41	46.6394	-0.00235305	0.00168791	2
153.271	47.0397	-0.00239114	0.00173357	2
154.136	47.4354	-0.00242866	0.00177887	2
155.006	47.8266	-0.00246558	0.00182376	2
155.88	48.2136	-0.00250187	0.0018682	2
156.757	48.5965	-0.00253751	0.00191216	2
157.638	48.9756	-0.00257247	0.00195557	2
158.521	49.3511	-0.00260672	0.0019984	2
159.406	49.7232	-0.00264023	0.00204062	2
160.283	50.0879	-0.00267261	0.00208169	2
161.172	50.4538	-0.00270457	0.00212253	2
162.062	50.8169	-0.00273572	0.00216262	2
162.952	51.1773	-0.00276601	0.00220192	2
163.843	51.5354	-0.00279543	0.00224037	2
164.734	51.8913	-0.00282395	0.00227794	2
165.624	52.2453	-0.00285153	0.00231459	2
166.514	52.5974	-0.00287816	0.00235026	2
167.402	52.948	-0.0029038	0.00238492	2
168.289	53.2972	-0.00292842	0.00241852	2
169.173	53.6452	-0.002952	0.00245103	2
170.055	53.9923	-0.00297451	0.00248239	2
170.935	54.3386	-0.00299593	0.00251256	2
171.811	54.6843	-0.00301621	0.0025415	2
172.683	55.0298	-0.00303535	0.00256916	2
173.552	55.3751	-0.0030533	0.00259551	2
174.416	55.7204	-0.00307004	0.0026205	2
175.275	56.066	-0.00308555	0.00264408	2
176.129	56.4121	-0.00309979	0.00266621	2
176.978	56.7589	-0.00311274	0.00268685	2
177.82	57.1066	-0.00312437	0.00270596	2
178.657	57.4554	-0.00313466	0.00272348	2
179.486	57.8054	-0.00314356	0.00273939	2
180.299	58.1529	-0.00315099	0.00275348	2
181.114	58.5062	-0.00315707	0.00276603	2
181.921	58.8614	-0.0031617	0.00277682	2
182.719	59.2186	-0.00316485	0.00278583	2

