-125.008	2.01304	-5.30639e-08	1.87122e-07	2
-125.676	3.12939	-5.14649e-06	1.62823e-05	2
-126.317	4.24818	-1.13497e-05	3.25684e-05	2
-126.924	5.35639	-1.85862e-05	4.88562e-05	2
-127.49	6.44149	-2.67322e-05	6.49563e-05	2
-128.029	7.52874	-3.5954e-05	8.1241e-05	2
-128.534	8.60549	-4.61393e-05	9.75209e-05	2
-129.007	9.67176	-5.72648e-05	0.000113794	2
-129.447	10.7276	-6.9307e-05	0.000130058	2
-129.854	11.773	-8.22426e-05	0.00014631	2
-130.23	12.808	-9.60483e-05	0.000162549	2
-130.574	13.8326	-0.000110701	0.000178773	2
-130.887	14.8468	-0.000126176	0.000194978	2
-131.17	15.8508	-0.000142452	0.000211164	2
-131.422	16.8444	-0.000159504	0.000227328	2
-131.644	17.8278	-0.000177309	0.000243467	2
-131.836	18.8009	-0.000195844	0.000259579	2
-131.999	19.7638	-0.000215086	0.000275663	2
-132.134	20.7164	-0.000235011	0.000291717	2
-132.24	21.659	-0.000255595	0.000307737	2
-132.318	22.5913	-0.000276816	0.000323722	2
-132.368	23.5136	-0.00029865	0.00033967	2
-132.391	24.4257	-0.000321073	0.000355578	2
-132.387	25.3278	-0.000344063	0.000371445	2
-132.357	26.2198	-0.000367596	0.000387267	2
-132.3	27.1018	-0.000391648	0.000403044	2
-132.219	27.9639	-0.000415911	0.000418592	2
-132.112	28.8261	-0.000440927	0.000434271	2
-131.98	29.6783	-0.000466393	0.000449897	2
-131.823	30.5206	-0.000492285	0.000465469	2
-131.642	31.353	-0.00051858	0.000480984	2
-131.437	32.1755	-0.000545254	0.00049644	2
-131.209	32.9882	-0.000572285	0.000511834	2
-130.957	33.791	-0.000599649	0.000527166	2
-130.683	34.5841	-0.000627322	0.000542431	2
-130.387	35.3674	-0.000655282	0.00055763	2
-130.069	36.141	-0.000683504	0.000572758	2
-129.729	36.9048	-0.000711965	0.000587814	2
-129.368	37.659	-0.000740643	0.000602796	2
-128.986	38.4035	-0.000769513	0.000617702	2
-128.584	39.1383	-0.000798553	0.000632529	2
-128.162	39.8636	-0.000827739	0.000647276	2
-127.721	40.5792	-0.000857047	0.00066194	2
-127.26	41.2853	-0.000886455	0.000676518	2
-126.781	41.9818	-0.000915938	0.00069101	2
-126.283	42.6688	-0.000945474	0.000705412	2
-125.766	43.3464	-0.000975039	0.000719723	2
-125.233	44.0144	-0.00100461	0.000733939	2
-124.682	44.6731	-0.00103416	0.00074806	2
-124.12	45.3149	-0.00106334	0.000761923	2
-123.536	45.9548	-0.00109278	0.000775847	2
-122.936	46.5854	-0.00112215	0.000789668	2
-122.32	47.2067	-0.0011514	0.000803385	2
-121.688	47.8186	-0.00118051	0.000816996	2
-121.042	48.4212	-0.00120947	0.000830497	2
-120.381	49.0146	-0.00123825	0.000843888	2
-119.705	49.5988	-0.00126682	0.000857165	2
-119.016	50.1737	-0.00129517	0.000870327	2
-118.314	50.7395	-0.00132326	0.000883371	2
-117.598	51.2961	-0.00135109	0.000896296	2
-116.87	51.8435	-0.00137861	0.000909099	2
-116.129	52.3819	-0.00140581	0.000921777	2
-115.377	52.9112	-0.00143267	0.00093433	2
-114.613	53.4314	-0.00145916	0.000946754	2
-113.837	53.9426	-0.00148526	0.000959048	2
-113.051	54.4447	-0.00151094	0.000971208	2
-112.255	54.9379	-0.00153619	0.000983234	2
-111.449	55.4222	-0.00156097	0.000995123	2
-110.633	55.8975	-0.00158527	0.00100687	2
-109.808	56.3639	-0.00160906	0.00101848	2
-108.974	56.8214	-0.00163232	0.00102995	2
-108.132	57.27	-0.00165503	0.00104126	2
-107.281	57.7099	-0.00167716	0.00105244	2
-106.433	58.136	-0.00169844	0.00106333	2
-105.568	58.5584	-0.00171935	0.0010742	2
-104.695	58.972	-0.00173961	0.00108492	2
-103.817	59.3768	-0.0017592	0.00109548	2
-102.932	59.773	-0.0017781	0.00110588	2
-102.041	60.1605	-0.00179627	0.00111612	2
-101.145	60.5393	-0.00181371	0.00112619	2
-100.244	60.9095	-0.00183038	0.00113611	2
-99.3383	61.2711	-0.00184626	0.00114585	2
-98.4284	61.6242	-0.00186133	0.00115543	2
-97.5147	61.9687	-0.00187557	0.00116483	2
-96.5975	62.3046	-0.00188895	0.00117406	2
-95.6773	62.6321	-0.00190144	0.00118311	2
-94.7544	62.9511	-0.00191304	0.00119198	2
-93.8292	63.2616	-0.0019237	0.00120068	2
-92.902	63.5637	-0.00193341	0.00120919	2
-91.9733	63.8574	-0.00194215	0.00121752	2
-91.0435	64.1428	-0.00194988	0.00122566	2
-90.1129	64.4197	-0.0019566	0.00123361	2
-89.182	64.6884	-0.00196227	0.00124137	2
-88.251	64.9488	-0.00196687	0.00124893	2
-87.3204	65.2009	-0.00197039	0.0012563	2
-86.3906	65.4447	-0.00197278	0.00126348	2
-85.4727	65.6777	-0.00197403	0.00127037	2
-84.5455	65.9052	-0.00197414	0.00127714	2
-83.6204	66.1246	-0.00197306	0.00128371	2
-82.6975	66.3358	-0.00197078	0.00129008	2

-75.0028	2.00996	1.97219e-07	6.9276e-08	2
-75.2494	2.86982	1.59072e-05	5.58902e-06	2
-75.511	3.74555	2.93115e-05	1.03081e-05	2
-75.7845	4.62697	4.02548e-05	1.4182e-05	2
-76.066	5.50362	4.86948e-05	1.72046e-05	2
-76.3615	6.39566	5.48692e-05	1.94705e-05	2
-76.6674	7.29271	5.8708e-05	2.09647e-05	2
-76.983	8.19455	6.02533e-05	2.17116e-05	2
-77.308	9.10093	5.9547e-05	2.17358e-05	2
-77.6418	10.0116	5.66309e-05	2.10619e-05	2
-77.9839	10.9265	5.15472e-05	1.97144e-05	2
-78.3338	11.8452	4.43378e-05	1.77181e-05	2
-78.691	12.7675	3.50445e-05	1.50974e-05	2
-79.055	13.6933	2.37095e-05	1.18769e-05	2
-79.4253	14.6222	1.03746e-05	8.08126e-06	2
-79.8015	15.5541	-4.91826e-06	3.73498e-06	2
-80.1829	16.4888	-2.2127e-05	-1.13731e-06	2
-80.5691	17.426	-4.12097e-05	-6.51106e-06	2
-80.9597	18.3655	-6.21245e-05	-1.23617e-05	2
-81.354	19.307	-8.48292e-05	-1.86646e-05	2
-81.7516	20.2504	-0.000109282	-2.53952e-05	2
-82.1521	21.1954	-0.000135441	-3.25289e-05	2
-82.5548	22.1418	-0.000163264	-4.00411e-05	2
-82.9593	23.0893	-0.00019271	-4.79073e-05	2
-83.3651	24.0378	-0.000223735	-5.61029e-05	2
-83.7717	24.9869	-0.000256299	-6.46033e-05	2
-84.1739	25.9257	-0.00028996	-7.32815e-05	2
-84.5805	26.8756	-0.000325458	-8.23149e-05	2
-84.9865	27.8255	-0.000362369	-9.15797e-05	2
-85.3912	28.7752	-0.000400651	-0.000101051	2
-85.7942	29.7246	-0.000440262	-0.000110705	2
-86.195	30.6732	-0.000481159	-0.000120516	2
-86.5931	31.621	-0.000523302	-0.00013046	2
-86.988	32.5677	-0.000566648	-0.000140513	2
-87.3791	33.513	-0.000611155	-0.00015065	2
-87.766	34.4568	-0.000656782	-0.000160845	2
-88.1482	35.3988	-0.000703485	-0.000171076	2
-88.5252	36.3388	-0.000751224	-0.000181317	2
-88.8964	37.2766	-0.000799956	-0.000191543	2
-89.2614	38.2119	-0.000849639	-0.00020173	2
-89.6197	39.1445	-0.000900232	-0.000211853	2
-89.9707	40.0742	-0.000951692	-0.000221888	2
-90.3141	41.0008	-0.00100398	-0.000231811	2
-90.6491	41.924	-0.00105705	-0.000241596	2
-90.9754	42.8436	-0.00111086	-0.000251219	2
-91.2925	43.7594	-0.00116537	-0.000260655	2
-91.5999	44.6711	-0.00122053	-0.000269881	2
-91.897	45.5786	-0.00127632	-0.00027887	2
-92.1833	46.4816	-0.00133267	-0.0002876	2
-92.4553	47.3695	-0.00138891	-0.000295949	2
-92.7188	48.2629	-0.00144628	-0.000304087	2
-92.9701	49.151	-0.0015041	-0.000311892	2
-93.2086	50.0338	-0.00156233	-0.000319339	2
-93.4338	50.911	-0.00162092	-0.000326403	2
-93.6453	51.7823	-0.00167983	-0.000333059	2
-93.8426	52.6475	-0.00173903	-0.000339283	2
-94.0251	53.5064	-0.00179846	-0.00034505	2
-94.1923	54.3587	-0.00185809	-0.000350337	2
-94.3438	55.2043	-0.00191787	-0.000355117	2
-94.479	56.043	-0.00197777	-0.000359367	2
-94.5975	56.8744	-0.00203774	-0.000363062	2
-94.6987	57.6983	-0.00209773	-0.000366177	2
-94.7821	58.5146	-0.00215772	-0.000368689	2
-94.8473	59.323	-0.00221764	-0.000370571	2
-94.8937	60.1233	-0.00227747	-0.0003718	2
-94.9208	60.9153	-0.00233716	-0.000372352	2
-94.9282	61.6986	-0.00239667	-0.0003722	2
-94.9153	62.4732	-0.00245596	-0.000371322	2
-94.8816	63.2388	-0.00251498	-0.000369692	2
-94.8267	63.9951	-0.0025737	-0.000367286	2
-94.7499	64.7419	-0.00263206	-0.000364079	2
-94.6509	65.479	-0.00269004	-0.000360047	2
-94.5291	66.2062	-0.00274758	-0.000355165	2
-94.3858	66.9151	-0.00280399	-0.000349479	2
-94.2173	67.6218	-0.00286055	-0.000342834	2
-94.0244	68.318	-0.00291655	-0.000335265	2
-93.8067	69.0033	-0.00297194	-0.000326748	2
-93.5638	69.6776	-0.0030267	-0.000317259	2
-93.2951	70.3406	-0.00308077	-0.000306772	2
-93.0001	70.9921	-0.00313411	-0.000295264	2
-92.6783	71.6318	-0.00318669	-0.000282709	2
-92.3292	72.2596	-0.00323846	-0.000269083	2
-91.9523	72.8752	-0.00328937	-0.000254362	2
-91.5472	73.4783	-0.00333939	-0.000238521	2
-91.1132	74.0688	-0.00338848	-0.000221535	2
-90.6499	74.6465	-0.00343658	-0.00020338	2
-90.1569	75.211	-0.00348367	-0.000184031	2
-89.6335	75.7623	-0.00352969	-0.000163464	2
-89.0793	76.3	-0.00357461	-0.000141653	2
-88.4939	76.8239	-0.00361839	-0.000118576	2
-87.8766	77.3338	-0.00366098	-9.42055e-05	2
-87.227	77.8294	-0.00370233	-6.85188e-05	2
-86.5446	78.3106	-0.00374242	-4.14907e-05	2
-85.8289	78.7772	-0.00378119	-1.30967e-05	2
-85.0794	79.2288	-0.00381861	1.66877e-05	2
-84.2956	79.6653	-0.00385463	4.78872e-05	2
-83.4865	80.0817	-0.00388882	8.01429e-05	2
-82.633	80.4874	-0.00392194	0.000114229	2
-81.7436	80.8773	-0.00395353	0.000149804	2
-80.8179	81.2512	-0.00398356	0.000186892	2

-25.0006	2.01207	-1.37199e-07	7.94082e-08	2
-25.0696	3.04274	-1.15398e-05	6.41343e-06	2
-25.1698	4.07127	-2.22963e-05	1.18425e-05	2
-25.3	5.08583	-3.22975e-05	1.63131e-05	2
-25.4574	6.07525	-4.14691e-05	1.98161e-05	2
-25.645	7.06278	-5.00523e-05	2.24586e-05	2
-25.8604	8.03708	-5.79646e-05	2.42207e-05	2
-26.1029	8.9984	-6.52341e-05	2.51285e-05	2
-26.3717	9.94698	-7.18891e-05	2.5208e-05	2
-26.6663	10.8831	-7.79577e-05	2.44854e-05	2
-26.9858	11.8069	-8.34682e-05	2.29866e-05	2
-27.3295	12.7188	-8.84487e-05	2.07377e-05	2
-27.6967	13.6189	-9.29274e-05	1.77649e-05	2
-28.0868	14.5075	-9.69326e-05	1.40942e-05	2
-28.4989	15.3848	-0.000100492	9.75172e-06	2
-28.9325	16.2511	-0.000103635	4.76346e-06	2
-29.3867	17.1067	-0.000106389	-8.44475e-07	2
-29.8609	17.9517	-0.000108782	-7.04601e-06	2
-30.3543	18.7864	-0.000110842	-1.38151e-05	2
-30.8663	19.6112	-0.000112598	-2.11256e-05	2
-31.396	20.4261	-0.000114078	-2.89515e-05	2
-31.9429	21.2315	-0.00011531	-3.72667e-05	2
-32.5062	22.0276	-0.000116322	-4.60451e-05	2
-33.0852	22.8147	-0.000117142	-5.52607e-05	2
-33.6791	23.593	-0.000117799	-6.48874e-05	2
-34.2873	24.3627	-0.000118321	-7.48991e-05	2
-34.9018	25.1154	-0.000118732	-8.51486e-05	2
-35.5362	25.8689	-0.000119069	-9.58484e-05	2
-36.1827	26.6145	-0.000119355	-0.000106855	2
-36.8406	27.3526	-0.000119618	-0.000118143	2
-37.5093	28.0833	-0.000119887	-0.000129686	2
-38.1879	28.8069	-0.00012019	-0.000141458	2
-38.8758	29.5238	-0.000120554	-0.000153432	2
-39.5722	30.234	-0.000121009	-0.000165584	2
-40.2765	30.9379	-0.000121581	-0.000177885	2
-40.9879	31.6357	-0.000122301	-0.000190312	2
-41.7058	32.3277	-0.000123194	-0.000202837	2
-42.4293	33.014	-0.000124291	-0.000215434	2
-43.1578	33.695	-0.000125619	-0.000228078	2
-43.8907	34.3709	-0.000127206	-0.000240742	2
-44.627	35.0419	-0.000129081	-0.0002534	2
-45.3663	35.7084	-0.000131271	-0.000266027	2
-46.1076	36.3704	-0.000133805	-0.000278595	2
-46.8504	37.0283	-0.000136712	-0.00029108	2
-47.5939	37.6823	-0.000140018	-0.000303454	2
-48.3374	38.3327	-0.000143753	-0.000315692	2
-49.0802	38.9798	-0.000147945	-0.000327768	2
-49.8216	39.6236	-0.000152622	-0.000339656	2
-50.5608	40.2646	-0.000157811	-0.000351329	2
-51.2887	40.8956	-0.000163473	-0.000362632	2
-52.0215	41.5316	-0.000169767	-0.000373801	2
-52.7501	42.1654	-0.000176658	-0.000384679	2
-53.4737	42.7973	-0.000184174	-0.000395237	2
-54.1916	43.4275	-0.000192344	-0.000405452	2
-54.9031	44.0563	-0.000201196	-0.000415296	2
-55.6074	44.6839	-0.000210759	-0.000424743	2
-56.3039	45.3106	-0.000221059	-0.000433768	2
-56.9919	45.9366	-0.000232127	-0.000442343	2
-57.6706	46.5622	-0.000243988	-0.000450444	2
-58.3393	47.1876	-0.000256673	-0.000458045	2
-58.9973	47.813	-0.000270209	-0.000465118	2
-59.6439	48.4388	-0.000284624	-0.000471638	2
-60.2784	49.0651	-0.000299947	-0.000477579	2
-60.9001	49.6922	-0.000316206	-0.000482915	2
-61.5082	50.3203	-0.000333428	-0.000487619	2
-62.1021	50.9497	-0.000351643	-0.000491667	2
-62.681	51.5807	-0.000370878	-0.00049503	2
-63.2442	52.2134	-0.000391161	-0.000497685	2
-63.791	52.8482	-0.000412521	-0.000499604	2
-64.3207	53.4852	-0.000434986	-0.000500761	2
-64.8326	54.1247	-0.000458584	-0.00050113	2
-65.326	54.7671	-0.000483344	-0.000500686	2
-65.8001	55.4124	-0.000509293	-0.000499402	2
-66.2491	56.0535	-0.00053614	-0.000497282	2
-66.6828	56.7055	-0.000564538	-0.00049425	2
-67.0951	57.3613	-0.00059421	-0.0004903	2
-67.4854	58.0211	-0.000625184	-0.000485407	2
-67.8528	58.6851	-0.000657488	-0.000479544	2
-68.1967	59.3536	-0.00069115	-0.000472685	2
-68.5164	60.0268	-0.000726199	-0.000464804	2
-68.8111	60.705	-0.000762663	-0.000455874	2
-69.0802	61.3884	-0.000800569	-0.000445871	2
-69.3229	62.0773	-0.000839947	-0.000434767	2
-69.5385	62.7719	-0.000880824	-0.000422537	2
-69.7263	63.4725	-0.000923229	-0.000409154	2
-69.8855	64.1792	-0.00096719	-0.000394593	2
-70.0156	64.8925	-0.00101273	-0.000378827	2
-70.1157	65.6124	-0.00105989	-0.000361831	2
-70.1852	66.3393	-0.00110869	-0.000343578	2
-70.2233	67.0733	-0.00115915	-0.000324042	2
-70.2294	67.8148	-0.00121132	-0.000303197	2
-70.2026	68.564	-0.0012652	-0.000281017	2
-70.1423	69.3211	-0.00132084	-0.000257477	2
-70.0478	70.0864	-0.00137827	-0.000232549	2
-69.9184	70.8601	-0.0014375	-0.000206208	2
-69.7534	71.6425	-0.00149857	-0.000178428	2
-69.5545	72.4246	-0.00156077	-0.000149527	2
-69.3164	73.2249	-0.00162557	-0.000118807	2
-69.0406	74.0347	-0.0016923	-8.65704e-05	2
-68.7262	74.8541	-0.00176098	-5.27904e-05	2

24.9959	2.01371	1.9598e-07	1.92385e-07	2
24.6358	3.18083	1.67982e-05	1.67904e-05	2
24.2506	4.33711	3.30878e-05	3.3687e-05	2
23.8447	5.46924	4.88712e-05	5.0689e-05	2
23.4237	6.56502	6.39781e-05	6.7598e-05	2
22.978	7.65034	7.87621e-05	8.48063e-05	2
22.5128	8.71274	9.3047e-05	0.000102117	2
22.0285	9.75261	0.000106835	0.000119529	2
21.5255	10.7704	0.000120129	0.000137041	2
21.0041	11.7664	0.000132931	0.000154652	2
20.4648	12.7412	0.000145243	0.000172362	2
19.9079	13.6951	0.000157069	0.000190169	2
19.3339	14.6285	0.000168409	0.000208072	2
18.7429	15.5418	0.000179267	0.00022607	2
18.1356	16.4355	0.000189645	0.000244163	2
17.5122	17.3099	0.000199545	0.000262348	2
16.8731	18.1655	0.00020897	0.000280627	2
16.2188	19.0027	0.000217923	0.000298996	2
15.5495	19.8218	0.000226404	0.000317455	2
14.8657	20.6233	0.000234418	0.000336004	2
14.1677	21.4076	0.000241965	0.000354641	2
13.4559	22.1751	0.00024905	0.000373365	2
12.7308	22.9262	0.000255673	0.000392176	2
11.9927	23.6613	0.000261838	0.000411071	2
11.2419	24.3809	0.000267546	0.000430051	2
10.4789	25.0852	0.0002728	0.000449114	2
9.71294	25.767	0.000277551	0.000468039	2
8.92669	26.4424	0.00028191	0.000487264	2
8.12932	27.1039	0.000285822	0.00050657	2
7.32123	27.7519	0.00028929	0.000525955	2
6.50279	28.3867	0.000292316	0.000545418	2
5.67437	29.0088	0.000294902	0.000564958	2
4.83637	29.6186	0.000297051	0.000584574	2
3.98916	30.2164	0.000298765	0.000604266	2
3.13313	30.8028	0.000300047	0.000624031	2
2.26864	31.3781	0.000300898	0.00064387	2
1.39609	31.9427	0.000301322	0.000663781	2
0.515859	32.4971	0.00030132	0.000683764	2
-0.37168	33.0416	0.000300895	0.000703816	2
-1.26614	33.5766	0.00030005	0.000723938	2
-2.16715	34.1026	0.000298787	0.000744127	2
-3.07432	34.6199	0.000297107	0.000764384	2
-3.98727	35.1291	0.000295015	0.000784707	2
-4.90562	35.6304	0.000292511	0.000805095	2
-5.82899	36.1243	0.000289598	0.000825547	2
-6.757	36.6112	0.000286279	0.000846063	2
-7.68927	37.0915	0.000282556	0.00086664	2
-8.62542	37.5656	0.000278432	0.000887279	2
-9.56506	38.0339	0.000273908	0.000907977	2
-10.497	38.4916	0.000269046	0.000928496	2
-11.4424	38.9496	0.000263736	0.000949312	2
-12.3903	39.4031	0.000258033	0.000970184	2
-13.3401	39.8525	0.000251941	0.000991113	2
-14.2915	40.2981	0.000245461	0.0010121	2
-15.2441	40.7404	0.000238597	0.00103313	2
-16.1976	41.1798	0.000231349	0.00105422	2
-17.1515	41.6166	0.000223722	0.00107537	2
-18.1055	42.0514	0.000215717	0.00109656	2
-19.0591	42.4844	0.000207336	0.00111781	2
-20.0121	42.9162	0.000198583	0.0011391	2
-20.9641	43.347	0.000189458	0.00116044	2
-21.9146	43.7774	0.000179965	0.00118183	2
-22.8632	44.2078	0.000170107	0.00120326	2
-23.8097	44.6385	0.000159885	0.00122474	2
-24.7535	45.0699	0.000149301	0.00124627	2
-25.6944	45.5025	0.000138359	0.00126783	2
-26.632	45.9367	0.00012706	0.00128944	2
-27.5658	46.3728	0.000115408	0.00131109	2
-28.4955	46.8114	0.000103404	0.00133278	2
-29.4207	47.2527	9.10499e-05	0.00135451	2
-30.341	47.6973	7.83495e-05	0.00137628	2
-31.2561	48.1454	6.53044e-05	0.00139808	2
-32.1655	48.5976	5.19173e-05	0.00141992	2
-33.0586	49.0489	3.835e-05	0.00144154	2
-33.9557	49.5103	2.42895e-05	0.00146345	2
-34.846	49.9769	9.89403e-06	0.00148539	2
-35.7292	50.4492	-4.83415e-06	0.00150737	2
-36.6048	50.9275	-1.98926e-05	0.00152937	2
-37.4725	51.4123	-3.5279e-05	0.00155141	2
-38.332	51.904	-5.09909e-05	0.00157347	2
-39.1827	52.403	-6.70259e-05	0.00159556	2
-40.0244	52.9096	-8.33818e-05	0.00161768	2
-40.8567	53.4244	-0.000100056	0.00163982	2
-41.6791	53.9477	-0.000117046	0.00166199	2
-42.4913	54.4798	-0.00013435	0.00168419	2
-43.293	55.0214	-0.000151965	0.0017064	2
-44.0837	55.5726	-0.000169889	0.00172864	2
-44.863	56.134	-0.00018812	0.0017509	2
-45.6307	56.7059	-0.000206654	0.00177318	2
-46.3862	57.2888	-0.000225491	0.00179548	2
-47.1293	57.8831	-0.000244627	0.0018178	2
-47.8594	58.4891	-0.000264059	0.00184013	2
-48.5764	59.1074	-0.000283787	0.00186248	2
-49.2797	59.7382	-0.000303806	0.00188485	2
-49.969	60.382	-0.000324116	0.00190722	2
-50.6439	61.0393	-0.000344713	0.00192961	2
-51.2966	61.7025	-0.000365353	0.00195176	2
-51.9417	62.3877	-0.000386514	0.00197417	2
-52.5714	63.0874	-0.000407956	0.0019966	2
-53.1851	63.8022	-0.000429676	0.00201903	2

74.9952	2.01192	-1.17544e-07	3.26187e-07	2
74.5894	3.03644	-9.45208e-06	2.80119e-05	2
74.194	4.07163	-1.7349e-05	5.52885e-05	2
73.8135	5.10557	-2.37081e-05	8.18394e-05	2
73.4519	6.12642	-2.84996e-05	0.000107381	2
73.1007	7.15792	-3.18521e-05	0.000132517	2
72.7639	8.1882	-3.37183e-05	0.000156955	2
72.4413	9.21729	-3.41155e-05	0.000180704	2
72.1329	10.2452	-3.30611e-05	0.000203775	2
71.8384	11.2719	-3.05723e-05	0.000226177	2
71.5577	12.2974	-2.66664e-05	0.000247918	2
71.2906	13.3218	-2.13606e-05	0.000269009	2
71.0369	14.345	-1.46723e-05	0.000289458	2
70.7965	15.3671	-6.61872e-06	0.000309276	2
70.5692	16.3881	2.7829e-06	0.000328471	2
70.3549	17.4079	1.35153e-05	0.000347053	2
70.1533	18.4266	2.55611e-05	0.000365031	2
69.9643	19.4442	3.89031e-05	0.000382415	2
69.7877	20.4608	5.3524e-05	0.000399215	2
69.6234	21.4762	6.94065e-05	0.000415438	2
69.4711	22.4906	8.65334e-05	0.000431096	2
69.3308	23.504	0.000104887	0.000446197	2
69.2023	24.5162	0.000124451	0.000460751	2
69.0853	25.5275	0.000145208	0.000474767	2
68.9798	26.5377	0.000167139	0.000488255	2
68.8855	27.5469	0.000190229	0.000501224	2
68.8032	28.5435	0.000214174	0.000513542	2
68.7308	29.5507	0.000239515	0.000525507	2
68.6691	30.557	0.000265962	0.00053698	2
68.6181	31.5622	0.000293498	0.000547972	2
68.5774	32.5665	0.000322107	0.000558492	2
68.547	33.5698	0.000351769	0.000568549	2
68.5266	34.5722	0.000382469	0.000578153	2
68.5162	35.5737	0.000414189	0.000587312	2
68.5155	36.5742	0.000446911	0.000596038	2
68.5243	37.5738	0.000480619	0.000604338	2
68.5426	38.5726	0.000515295	0.000612222	2
68.5701	39.5704	0.000550922	0.0006197	2
68.6067	40.5673	0.000587483	0.000626782	2
68.6522	41.5634	0.00062496	0.000633475	2
68.7064	42.5586	0.000663336	0.000639791	2
68.7691	43.553	0.000702593	0.000645738	2
68.8403	44.5465	0.000742716	0.000651325	2
68.9197	45.5392	0.000783685	0.000656563	2
69.0071	46.5311	0.000825484	0.00066146	2
69.1025	47.5221	0.000868096	0.000666026	2
69.2055	48.5124	0.000911504	0.00067027	2
69.3161	49.5019	0.000955689	0.000674202	2
69.4341	50.4906	0.00100064	0.000677831	2
69.5579	51.4671	0.0010458	0.00068113	2
69.69	52.4543	0.0010922	0.000684185	2
69.8291	53.4408	0.00113932	0.000686965	2
69.9749	54.4265	0.00118713	0.000689479	2
70.1272	55.4114	0.00123561	0.000691737	2
70.2859	56.3957	0.00128476	0.000693749	2
70.4508	57.3792	0.00133454	0.000695524	2
70.6218	58.3621	0.00138494	0.000697071	2
70.7986	59.3443	0.00143595	0.000698399	2
70.9811	60.3258	0.00148755	0.000699519	2
71.1692	61.3066	0.00153972	0.000700439	2
71.3626	62.2868	0.00159244	0.000701168	2
71.5613	63.2663	0.0016457	0.000701717	2
71.765	64.2452	0.00169948	0.000702095	2
71.9735	65.2235	0.00175376	0.00070231	2
72.1867	66.2012	0.00180852	0.000702373	2
72.4045	67.1782	0.00186375	0.000702293	2
72.6266	68.1547	0.00191944	0.000702079	2
72.8529	69.1306	0.00197555	0.00070174	2
73.0833	70.1059	0.00203208	0.000701287	2
73.3175	71.0807	0.00208901	0.000700728	2
73.5553	72.0549	0.00214632	0.000700073	2
73.7967	73.0286	0.00220399	0.000699331	2
74.0415	74.0017	0.00226201	0.000698512	2
74.2866	74.9632	0.00231969	0.000697635	2
74.5375	75.9353	0.00237835	0.00069669	2
74.7912	76.9069	0.0024373	0.000695695	2
75.0477	77.878	0.00249653	0.000694661	2
75.3066	78.8487	0.00255602	0.000693596	2
75.568	79.8189	0.00261575	0.00069251	2
75.8314	80.7886	0.00267571	0.000691413	2
76.0969	81.7579	0.00273588	0.000690313	2
76.3642	82.7268	0.00279623	0.00068922	2
76.6332	83.6952	0.00285677	0.000688144	2
76.9037	84.6632	0.00291745	0.000687094	2
77.1756	85.6308	0.00297828	0.000686079	2
77.4486	86.598	0.00303923	0.000685109	2
77.7226	87.5649	0.00310029	0.000684193	2
77.9974	88.5313	0.00316143	0.000683341	2
78.2729	89.4974	0.00322264	0.000682561	2
78.5489	90.4631	0.00328391	0.000681864	2
78.8252	91.4285	0.00334521	0.000681259	2
79.1017	92.3936	0.00340653	0.000680755	2
79.3781	93.3583	0.00346785	0.000680361	2
79.6544	94.3228	0.00352915	0.000680087	2
79.9304	95.2869	0.00359042	0.000679943	2
80.2058	96.2507	0.00365164	0.000679938	2
80.4774	97.2032	0.00371209	0.000680078	2
80.7513	98.1665	0.00377316	0.000680376	2
81.0241	99.1295	0.00383412	0.000680841	2
81.2958	100.092	0.00389497	0.000681483	2

124.998	2.01347	-4.84198e-07	9.44632e-08	2
124.874	3.15898	-4.18853e-05	8.293e-06	2
124.782	4.29291	-8.32876e-05	1.67383e-05	2
124.723	5.40213	-0.000124211	2.53379e-05	2
124.695	6.47461	-0.000164196	3.3992e-05	2
124.699	7.53561	-0.000204177	4.29038e-05	2
124.735	8.57285	-0.00024369	5.19754e-05	2
124.801	9.58665	-0.000282739	6.12085e-05	2
124.897	10.5773	-0.000321326	7.06052e-05	2
125.023	11.5452	-0.000359457	8.01673e-05	2
125.179	12.4906	-0.000397134	8.98966e-05	2
125.363	13.4138	-0.000434362	9.9795e-05	2
125.576	14.3152	-0.000471144	0.000109864	2
125.817	15.1951	-0.000507483	0.000120106	2
126.085	16.0538	-0.000543384	0.000130523	2
126.38	16.8916	-0.000578851	0.000141117	2
126.702	17.7088	-0.000613886	0.000151888	2
127.05	18.5058	-0.000648494	0.00016284	2
127.423	19.2829	-0.000682678	0.000173975	2
127.821	20.0404	-0.000716442	0.000185293	2
128.244	20.7786	-0.00074979	0.000196797	2
128.691	21.4979	-0.000782725	0.000208488	2
129.161	22.1985	-0.000815252	0.00022037	2
129.655	22.8808	-0.000847373	0.000232442	2
130.171	23.5451	-0.000879093	0.000244708	2
130.71	24.1918	-0.000910415	0.000257169	2
131.264	24.8139	-0.00094099	0.000269681	2
131.845	25.4264	-0.000971532	0.000282536	2
132.447	26.0221	-0.00100169	0.000295591	2
133.069	26.6015	-0.00103146	0.000308849	2
133.711	27.1648	-0.00106085	0.000322312	2
134.372	27.7123	-0.00108987	0.00033598	2
135.052	28.2444	-0.00111852	0.000349857	2
135.751	28.7614	-0.0011468	0.000363944	2
136.467	29.2636	-0.00117471	0.000378243	2
137.201	29.7513	-0.00120226	0.000392756	2
137.952	30.2249	-0.00122946	0.000407484	2
138.719	30.6846	-0.0012563	0.00042243	2
139.502	31.1308	-0.00128279	0.000437595	2
140.3	31.5639	-0.00130894	0.000452981	2
141.114	31.9841	-0.00133474	0.00046859	2
141.942	32.3917	-0.00136021	0.000484424	2
142.784	32.7871	-0.00138534	0.000500485	2
143.64	33.1706	-0.00141014	0.000516775	2
144.508	33.5426	-0.00143462	0.000533295	2
145.39	33.9032	-0.00145877	0.000550047	2
146.283	34.253	-0.0014826	0.000567034	2
147.188	34.592	-0.00150611	0.000584257	2
148.105	34.9208	-0.00152931	0.000601718	2
149.021	35.236	-0.00155194	0.000619213	2
149.958	35.5453	-0.00157453	0.000637153	2
150.905	35.8452	-0.00159682	0.000655336	2
151.861	36.1361	-0.00161881	0.000673764	2
152.826	36.4183	-0.00164051	0.00069244	2
153.799	36.6921	-0.00166192	0.000711364	2
154.78	36.9579	-0.00168304	0.00073054	2
155.768	37.2159	-0.00170387	0.000749968	2
156.764	37.4665	-0.00172443	0.000769652	2
157.765	37.71	-0.00174471	0.000789591	2
158.773	37.9467	-0.00176472	0.000809789	2
159.786	38.1769	-0.00178447	0.000830248	2
160.804	38.401	-0.00180395	0.000850968	2
161.826	38.6193	-0.00182316	0.000871953	2
162.852	38.8322	-0.00184212	0.000893203	2
163.882	39.0398	-0.00186083	0.000914721	2
164.915	39.2426	-0.00187929	0.000936509	2
165.951	39.4408	-0.0018975	0.000958568	2
166.988	39.6348	-0.00191547	0.0009809	2
168.027	39.8249	-0.0019332	0.00100351	2
169.068	40.0115	-0.0019507	0.00102639	2
170.108	40.1948	-0.00196797	0.00104956	2
171.15	40.3752	-0.00198501	0.001073	2
172.19	40.553	-0.00200182	0.00109673	2
173.218	40.7264	-0.00201823	0.00112046	2
174.257	40.8999	-0.00203461	0.00114475	2
175.294	41.0718	-0.00205078	0.00116934	2
176.329	41.2424	-0.00206674	0.00119421	2
177.361	41.4119	-0.00208249	0.00121937	2
178.389	41.5807	-0.00209805	0.00124483	2
179.415	41.7492	-0.0021134	0.00127059	2
180.436	41.9176	-0.00212856	0.00129664	2
181.452	42.0863	-0.00214353	0.00132299	2
182.463	42.2556	-0.00215832	0.00134964	2
183.469	42.4258	-0.00217292	0.00137659	2
184.469	42.5972	-0.00218735	0.00140385	2
185.462	42.7702	-0.00220159	0.00143142	2
186.448	42.9451	-0.00221567	0.0014593	2
187.427	43.1221	-0.00222958	0.00148748	2
188.397	43.3017	-0.00224332	0.00151598	2
189.36	43.4841	-0.0022569	0.00154479	2
190.313	43.6696	-0.00227033	0.00157392	2
191.257	43.8587	-0.0022836	0.00160337	2
192.191	44.0515	-0.00229672	0.00163313	2
193.114	44.2485	-0.0023097	0.00166322	2
194.027	44.4498	-0.00232254	0.00169363	2
194.929	44.656	-0.00233523	0.00172437	2
195.808	44.8648	-0.00234765	0.00175508	2
196.686	45.0813	-0.00236009	0.00178646	2
197.55	45.3036	-0.00237239	0.00181819	2
198.402	45.5319	-0.00238457	0.00185024	2

