-125	2.01257	4.22502e-07	-3.39445e-08	2
-124.965	3.08709	3.75433e-05	-3.98789e-06	2
-124.912	4.16185	7.66555e-05	-1.00524e-05	2
-124.841	5.2244	0.000117306	-1.81681e-05	2
-124.755	6.26284	0.000158969	-2.81815e-05	2
-124.65	7.30144	0.000202585	-4.03002e-05	2
-124.529	8.32816	0.000247645	-5.4394e-05	2
-124.391	9.34311	0.000294118	-7.04373e-05	2
-124.237	10.3464	0.000341974	-8.84048e-05	2
-124.066	11.3382	0.000391182	-0.000108271	2
-123.88	12.3185	0.000441709	-0.00013001	2
-123.678	13.2876	0.000493526	-0.000153597	2
-123.46	14.2454	0.0005466	-0.000179006	2
-123.227	15.1921	0.000600901	-0.000206212	2
-122.979	16.1279	0.000656398	-0.000235189	2
-122.716	17.0528	0.000713059	-0.000265913	2
-122.439	17.9669	0.000770854	-0.000298356	2
-122.147	18.8705	0.00082975	-0.000332494	2
-121.84	19.7635	0.000889718	-0.000368302	2
-121.52	20.646	0.000950725	-0.000405754	2
-121.186	21.5183	0.00101274	-0.000444824	2
-120.838	22.3804	0.00107574	-0.000485487	2
-120.477	23.2325	0.00113968	-0.000527718	2
-120.103	24.0745	0.00120453	-0.000571491	2
-119.716	24.9068	0.00127027	-0.00061678	2
-119.316	25.7292	0.00133686	-0.000663561	2
-118.909	26.5328	0.0014035	-0.000711244	2
-118.485	27.3363	0.0014717	-0.000760914	2
-118.048	28.1303	0.00154065	-0.000811999	2
-117.6	28.9151	0.00161034	-0.000864474	2
-117.14	29.6907	0.00168072	-0.000918313	2
-116.669	30.4573	0.00175177	-0.00097349	2
-116.186	31.2149	0.00182345	-0.00102998	2
-115.693	31.9637	0.00189574	-0.00108776	2
-115.188	32.7037	0.00196861	-0.0011468	2
-114.673	33.4352	0.00204201	-0.00120708	2
-114.148	34.1581	0.00211592	-0.00126856	2
-113.613	34.8727	0.00219032	-0.00133124	2
-113.068	35.579	0.00226516	-0.00139507	2
-112.513	36.2771	0.00234042	-0.00146004	2
-111.949	36.9672	0.00241607	-0.00152612	2
-111.375	37.6494	0.00249207	-0.00159328	2
-110.793	38.3237	0.0025684	-0.00166151	2
-110.201	38.9904	0.00264502	-0.00173076	2
-109.601	39.6494	0.0027219	-0.00180102	2
-108.993	40.301	0.00279901	-0.00187227	2
-108.377	40.9452	0.00287632	-0.00194447	2
-107.752	41.5821	0.0029538	-0.0020176	2
-107.12	42.2119	0.00303141	-0.00209164	2
-106.488	42.8276	0.00310824	-0.00216569	2
-105.841	43.4435	0.00318604	-0.00224145	2
-105.187	44.0526	0.00326388	-0.00231804	2
-104.526	44.6551	0.00334173	-0.00239544	2
-103.858	45.2509	0.00341956	-0.00247361	2
-103.184	45.8403	0.00349735	-0.00255254	2
-102.504	46.4233	0.00357505	-0.0026322	2
-101.818	47.0001	0.00365265	-0.00271255	2
-101.126	47.5708	0.0037301	-0.00279359	2
-100.429	48.1355	0.00380737	-0.00287527	2
-99.7258	48.6942	0.00388444	-0.00295759	2
-99.0178	49.2472	0.00396128	-0.0030405	2
-98.3049	49.7944	0.00403785	-0.00312399	2
-97.5873	50.3361	0.00411411	-0.00320802	2
-96.8652	50.8724	0.00419005	-0.00329258	2
-96.1388	51.4033	0.00426563	-0.00337764	2
-95.4084	51.929	0.00434082	-0.00346317	2
-94.6741	52.4496	0.00441558	-0.00354915	2
-93.9363	52.9652	0.00448989	-0.00363555	2
-93.195	53.4759	0.00456372	-0.00372235	2
-92.4505	53.9818	0.00463702	-0.00380952	2
-91.7031	54.483	0.00470978	-0.00389703	2
-90.9529	54.9797	0.00478196	-0.00398487	2
-90.2002	55.472	0.00485353	-0.004073	2
-89.4539	55.9544	0.00492365	-0.00416038	2
-88.6968	56.4381	0.00499392	-0.00424902	2
-87.9378	56.9178	0.00506348	-0.00433788	2
-87.1771	57.3935	0.00513231	-0.00442693	2
-86.415	57.8653	0.00520037	-0.00451615	2
-85.6516	58.3334	0.00526764	-0.00460551	2
-84.8872	58.7978	0.00533408	-0.00469499	2
-84.122	59.2586	0.00539966	-0.00478456	2
-83.3562	59.7161	0.00546435	-0.00487419	2
-82.5901	60.1702	0.00552812	-0.00496387	2
-81.8238	60.6211	0.00559094	-0.00505356	2
-81.0575	61.069	0.00565277	-0.00514324	2
-80.2915	61.5139	0.00571359	-0.00523288	2
-79.5261	61.9559	0.00577337	-0.00532246	2
-78.7613	62.3951	0.00583206	-0.00541196	2
-77.9974	62.8318	0.00588965	-0.00550134	2
-77.2347	63.2659	0.00594611	-0.00559059	2
-76.4734	63.6976	0.00600139	-0.00567967	2
-75.7136	64.127	0.00605547	-0.00576856	2
-74.9556	64.5542	0.00610831	-0.00585724	2
-74.1997	64.9794	0.0061599	-0.00594568	2
-73.4459	65.4025	0.00621018	-0.00603385	2
-72.6946	65.8239	0.00625915	-0.00612173	2
-71.9546	66.2387	0.00630621	-0.00620829	2
-71.2088	66.6567	0.00635245	-0.00629552	2
-70.4661	67.0732	0.00639726	-0.00638238	2
-69.7267	67.4883	0.00644063	-0.00646885	2

-75.0043	2.01198	-4.42568e-07	-1.53001e-07	2
-75.3559	3.03732	-3.81804e-05	-1.27097e-05	2
-75.6836	4.06529	-7.57084e-05	-2.42206e-05	2
-75.9836	5.08394	-0.000112586	-3.45602e-05	2
-76.2531	6.08177	-0.000148402	-4.36566e-05	2
-76.4989	7.08201	-0.000183993	-5.17484e-05	2
-76.7178	8.07307	-0.000218939	-5.87508e-05	2
-76.9103	9.05497	-0.000253242	-6.46911e-05	2
-77.0767	10.0278	-0.000286905	-6.95967e-05	2
-77.2173	10.9915	-0.00031993	-7.34951e-05	2
-77.3324	11.9461	-0.000352318	-7.64135e-05	2
-77.4224	12.8918	-0.000384072	-7.83794e-05	2
-77.4875	13.8285	-0.000415194	-7.94203e-05	2
-77.5282	14.7564	-0.000445685	-7.95634e-05	2
-77.5448	15.6753	-0.000475547	-7.88361e-05	2
-77.5375	16.5854	-0.000504784	-7.7266e-05	2
-77.5068	17.4867	-0.000533395	-7.48802e-05	2
-77.4529	18.3792	-0.000561385	-7.17064e-05	2
-77.3761	19.2631	-0.000588754	-6.77717e-05	2
-77.2769	20.1382	-0.000615504	-6.31037e-05	2
-77.1555	21.0048	-0.000641638	-5.77297e-05	2
-77.0122	21.8627	-0.000667158	-5.16771e-05	2
-76.8475	22.7121	-0.000692065	-4.49733e-05	2
-76.6616	23.5529	-0.000716362	-3.76457e-05	2
-76.4548	24.3853	-0.000740051	-2.97217e-05	2
-76.2275	25.2093	-0.000763133	-2.12286e-05	2
-75.983	26.0155	-0.000785355	-1.23008e-05	2
-75.7159	26.8228	-0.000807237	-2.75761e-06	2
-75.4292	27.6218	-0.000828519	7.27273e-06	2
-75.1234	28.4125	-0.000849202	1.77628e-05	2
-74.7987	29.1949	-0.000869288	2.86853e-05	2
-74.4554	29.9692	-0.00088878	4.00128e-05	2
-74.0939	30.7353	-0.00090768	5.17179e-05	2
-73.7146	31.4933	-0.000925989	6.37732e-05	2
-73.3177	32.2432	-0.00094371	7.61513e-05	2
-72.9036	32.9851	-0.000960844	8.88249e-05	2
-72.4725	33.719	-0.000977394	0.000101766	2
-72.0249	34.4449	-0.000993361	0.000114949	2
-71.5611	35.163	-0.00100875	0.000128344	2
-71.0814	35.8731	-0.00102356	0.000141925	2
-70.5861	36.5754	-0.00103779	0.000155665	2
-70.0756	37.2699	-0.00105144	0.000169536	2
-69.5501	37.9567	-0.00106453	0.000183511	2
-69.0101	38.6357	-0.00107704	0.000197562	2
-68.4558	39.3071	-0.00108899	0.000211661	2
-67.8876	39.9708	-0.00110037	0.000225783	2
-67.3057	40.6269	-0.00111118	0.000239898	2
-66.7107	41.2755	-0.00112144	0.00025398	2
-66.1026	41.9165	-0.00113113	0.000268002	2
-65.4892	42.5429	-0.00114016	0.000281776	2
-64.8565	43.1691	-0.00114874	0.000295595	2
-64.2118	43.7879	-0.00115677	0.000309272	2
-63.5555	44.3994	-0.00116425	0.000322779	2
-62.8878	45.0036	-0.00117117	0.000336089	2
-62.2093	45.6005	-0.00117755	0.000349174	2
-61.5201	46.1901	-0.00118338	0.000362007	2
-60.8206	46.7725	-0.00118867	0.00037456	2
-60.1111	47.3478	-0.00119341	0.000386807	2
-59.392	47.916	-0.00119761	0.000398719	2
-58.6636	48.4771	-0.00120128	0.00041027	2
-57.9261	49.0312	-0.0012044	0.000421432	2
-57.1801	49.5782	-0.001207	0.000432177	2
-56.4257	50.1183	-0.00120906	0.000442478	2
-55.6634	50.6515	-0.00121059	0.000452309	2
-54.8933	51.1778	-0.00121159	0.00046164	2
-54.116	51.6973	-0.00121206	0.000470446	2
-53.3316	52.2099	-0.00121201	0.000478698	2
-52.5406	52.7159	-0.00121144	0.000486369	2
-51.7432	53.2151	-0.00121035	0.000493433	2
-50.9398	53.7076	-0.00120874	0.00049986	2
-50.1307	54.1935	-0.00120661	0.000505625	2
-49.3163	54.6727	-0.00120397	0.000510699	2
-48.4969	55.1455	-0.00120081	0.000515056	2
-47.6822	55.6064	-0.00119719	0.00051863	2
-46.8538	56.0662	-0.00119302	0.000521478	2
-46.0213	56.5195	-0.00118835	0.000523527	2
-45.1851	56.9665	-0.00118317	0.000524748	2
-44.3455	57.4071	-0.00117749	0.000525115	2
-43.5029	57.8414	-0.0011713	0.0005246	2
-42.6576	58.2694	-0.00116462	0.000523177	2
-41.8099	58.6912	-0.00115744	0.000520816	2
-40.9601	59.1068	-0.00114977	0.000517492	2
-40.1086	59.5162	-0.00114161	0.000513176	2
-39.2557	59.9195	-0.00113295	0.000507842	2
-38.4017	60.3167	-0.00112381	0.000501461	2
-37.547	60.7079	-0.00111417	0.000494007	2
-36.6919	61.0931	-0.00110406	0.000485452	2
-35.8367	61.4723	-0.00109346	0.000475769	2
-34.9817	61.8456	-0.00108238	0.00046493	2
-34.1274	62.2131	-0.00107082	0.000452908	2
-33.2739	62.5747	-0.00105879	0.000439675	2
-32.4217	62.9305	-0.00104628	0.000425205	2
-31.5711	63.2805	-0.0010333	0.000409469	2
-30.7223	63.6248	-0.00101984	0.000392441	2
-29.8758	63.9635	-0.00100592	0.000374093	2
-29.0319	64.2965	-0.000991536	0.000354397	2
-28.2005	64.6201	-0.000976857	0.000333577	2
-27.3626	64.942	-0.000961548	0.00031112	2
-26.5283	65.2584	-0.000945777	0.000287234	2
-25.6978	65.5693	-0.000929548	0.000261892	2

-25.0037	2.01108	4.10569e-07	-4.15934e-07	2
-25.3183	2.9659	3.41066e-05	-3.52592e-05	2
-25.6315	3.93637	6.4991e-05	-6.86636e-05	2
-25.9393	4.91115	9.27148e-05	-0.000100245	2
-26.2381	5.87873	0.000117074	-0.000129701	2
-26.5348	6.86134	0.000138697	-0.00015775	2
-26.8256	7.84752	0.000157344	-0.000184069	2
-27.1105	8.837	0.000173077	-0.00020869	2
-27.3891	9.82953	0.000185957	-0.000231644	2
-27.6614	10.8249	0.000196048	-0.000252963	2
-27.9272	11.8228	0.000203409	-0.000272679	2
-28.1862	12.8229	0.000208104	-0.000290822	2
-28.4385	13.8252	0.000210194	-0.000307424	2
-28.6836	14.8292	0.000209741	-0.000322517	2
-28.9216	15.8347	0.000206806	-0.000336132	2
-29.1523	16.8415	0.000201452	-0.0003483	2
-29.3754	17.8494	0.00019374	-0.000359053	2
-29.5908	18.858	0.000183731	-0.000368422	2
-29.7983	19.8672	0.000171489	-0.000376439	2
-29.9978	20.8766	0.000157074	-0.000383135	2
-30.1891	21.8861	0.000140549	-0.000388541	2
-30.372	22.8953	0.000121975	-0.00039269	2
-30.5464	23.904	0.000101414	-0.000395612	2
-30.712	24.912	7.89274e-05	-0.000397339	2
-30.8688	25.919	5.45777e-05	-0.000397902	2
-31.0165	26.9248	2.84264e-05	-0.000397332	2
-31.1535	27.9175	8.65608e-07	-0.000395687	2
-31.2827	28.92	-2.86845e-05	-0.00039296	2
-31.4024	29.9205	-5.98515e-05	-0.000389194	2
-31.5124	30.9188	-9.25736e-05	-0.000384421	2
-31.6124	31.9145	-0.000126789	-0.000378672	2
-31.7024	32.9075	-0.000162436	-0.00037198	2
-31.7822	33.8975	-0.000199452	-0.000364374	2
-31.8516	34.8842	-0.000237777	-0.000355888	2
-31.9104	35.8674	-0.000277347	-0.000346552	2
-31.9585	36.8468	-0.000318102	-0.000336397	2
-31.9956	37.8222	-0.000359979	-0.000325455	2
-32.0217	38.7933	-0.000402917	-0.000313758	2
-32.0366	39.7599	-0.000446854	-0.000301337	2
-32.04	40.7217	-0.000491728	-0.000288223	2
-32.0319	41.6784	-0.000537477	-0.000274448	2
-32.012	42.6299	-0.00058404	-0.000260043	2
-31.9803	43.5758	-0.000631354	-0.000245039	2
-31.9364	44.5159	-0.000679358	-0.000229469	2
-31.8803	45.45	-0.00072799	-0.000213363	2
-31.8117	46.3777	-0.000777189	-0.000196753	2
-31.7306	47.299	-0.000826892	-0.00017967	2
-31.6367	48.2134	-0.000877037	-0.000162146	2
-31.5299	49.1207	-0.000927564	-0.000144213	2
-31.4114	50.0104	-0.000977823	-0.000126113	2
-31.2784	50.903	-0.00102892	-0.000107458	2
-31.1319	51.7877	-0.00108022	-8.84868e-05	2
-30.9719	52.6644	-0.00113165	-6.92313e-05	2
-30.7981	53.5327	-0.00118315	-4.97227e-05	2
-30.6103	54.3924	-0.00123467	-2.99925e-05	2
-30.4084	55.2434	-0.00128613	-1.00721e-05	2
-30.1923	56.0852	-0.00133748	1.0007e-05	2
-29.9617	56.9177	-0.00138866	3.02134e-05	2
-29.7165	57.7406	-0.0014396	5.05157e-05	2
-29.4566	58.5537	-0.00149024	7.08824e-05	2
-29.1816	59.3567	-0.00154052	9.12822e-05	2
-28.8916	60.1493	-0.00159038	0.000111684	2
-28.5863	60.9314	-0.00163975	0.000132055	2
-28.2655	61.7026	-0.00168858	0.000152365	2
-27.9291	62.4626	-0.0017368	0.000172583	2
-27.5769	63.2113	-0.00178436	0.000192676	2
-27.2087	63.9485	-0.00183118	0.000212614	2
-26.8245	64.6737	-0.00187721	0.000232365	2
-26.4239	65.3868	-0.00192238	0.000251898	2
-26.0068	66.0876	-0.00196664	0.00027118	2
-25.5732	66.7757	-0.00200992	0.000290182	2
-25.1227	67.4509	-0.00205217	0.00030887	2
-24.6552	68.113	-0.0020933	0.000327215	2
-24.1763	68.7544	-0.00213283	0.00034498	2
-23.6746	69.3896	-0.00217159	0.000362546	2
-23.1554	70.011	-0.00220907	0.000379675	2
-22.6186	70.6182	-0.0022452	0.000396335	2
-22.0639	71.2111	-0.00227992	0.000412493	2
-21.4913	71.7893	-0.00231317	0.000428119	2
-20.9005	72.3526	-0.00234489	0.000443182	2
-20.2914	72.9007	-0.00237501	0.000457649	2
-19.6638	73.4334	-0.00240347	0.000471489	2
-19.0176	73.9505	-0.00243021	0.000484672	2
-18.3525	74.4517	-0.00245518	0.000497165	2
-17.6685	74.9367	-0.0024783	0.000508937	2
-16.9653	75.4053	-0.00249951	0.000519956	2
-16.2427	75.8572	-0.00251876	0.000530192	2
-15.5007	76.2922	-0.00253599	0.000539613	2
-14.7389	76.71	-0.00255112	0.000548187	2
-13.9574	77.1104	-0.0025641	0.000555883	2
-13.1558	77.4932	-0.00257487	0.00056267	2
-12.3341	77.8579	-0.00258336	0.000568515	2
-11.492	78.2045	-0.00258951	0.000573389	2
-10.6294	78.5327	-0.00259327	0.000577258	2
-9.74612	78.8422	-0.00259456	0.000580093	2
-8.842	79.1327	-0.00259334	0.00058186	2
-7.92761	79.401	-0.00258958	0.000582529	2
-6.98153	79.6531	-0.00258316	0.000582082	2
-6.0141	79.8855	-0.00257402	0.000580475	2
-5.02514	80.0979	-0.00256212	0.000577675	2

25.0007	2.0105	1.32474e-07	1.34357e-07	2
25.047	2.91253	1.10738e-05	1.10191e-05	2
25.0588	3.82343	2.12414e-05	2.07013e-05	2
25.0364	4.73266	3.0514e-05	2.90753e-05	2
24.9814	5.62975	3.88111e-05	3.60951e-05	2
24.8933	6.53554	4.63366e-05	4.19523e-05	2
24.7734	7.43953	5.3e-05	4.65862e-05	2
24.6227	8.3417	5.88122e-05	5.00255e-05	2
24.442	9.242	6.37845e-05	5.22987e-05	2
24.2321	10.1404	6.79277e-05	5.34342e-05	2
23.9939	11.0368	7.12529e-05	5.34604e-05	2
23.7283	11.9313	7.37711e-05	5.2406e-05	2
23.436	12.8237	7.54935e-05	5.02994e-05	2
23.118	13.7141	7.64309e-05	4.71691e-05	2
22.7752	14.6023	7.65944e-05	4.30435e-05	2
22.4082	15.4884	7.59952e-05	3.79512e-05	2
22.0182	16.3724	7.46441e-05	3.19207e-05	2
21.6058	17.2541	7.25523e-05	2.49804e-05	2
21.1719	18.1335	6.97307e-05	1.71589e-05	2
20.7174	19.0107	6.61904e-05	8.48452e-06	2
20.2432	19.8855	6.19424e-05	-1.0141e-06	2
19.7501	20.7579	5.69978e-05	-1.13085e-05	2
19.2389	21.6279	5.13676e-05	-2.23702e-05	2
18.7106	22.4954	4.50628e-05	-3.41708e-05	2
18.1659	23.3604	3.80944e-05	-4.66817e-05	2
17.6058	24.2229	3.04736e-05	-5.98744e-05	2
17.0377	25.073	2.23098e-05	-7.35577e-05	2
16.4494	25.9303	1.34242e-05	-8.80216e-05	2
15.8481	26.7849	3.91899e-06	-0.000103082	2
15.2348	27.6369	-6.1947e-06	-0.000118711	2
14.6103	28.4861	-1.69059e-05	-0.000134879	2
13.9754	29.3326	-2.82035e-05	-0.000151559	2
13.331	30.1762	-4.00766e-05	-0.000168722	2
12.678	31.017	-5.2514e-05	-0.000186338	2
12.0173	31.8549	-6.55049e-05	-0.000204381	2
11.3496	32.6899	-7.9038e-05	-0.000222821	2
10.6758	33.5218	-9.31024e-05	-0.000241629	2
9.99686	34.3508	-0.000107687	-0.000260778	2
9.31355	35.1767	-0.000122781	-0.000280239	2
8.62674	35.9995	-0.000138373	-0.000299982	2
7.93728	36.8192	-0.000154453	-0.000319981	2
7.24604	37.6358	-0.000171008	-0.000340206	2
6.55388	38.4491	-0.000188029	-0.000360629	2
5.86164	39.2591	-0.000205503	-0.000381221	2
5.17018	40.0659	-0.000223421	-0.000401955	2
4.48036	40.8693	-0.000241771	-0.0004228	2
3.79303	41.6694	-0.000260541	-0.000443729	2
3.10906	42.4661	-0.000279722	-0.000464714	2
2.42929	43.2593	-0.000299302	-0.000485726	2
1.76231	44.04	-0.000319037	-0.000506494	2
1.09345	44.8262	-0.000339377	-0.000527475	2
0.431359	45.6089	-0.000360083	-0.000548397	2
-0.223114	46.388	-0.000381144	-0.000569233	2
-0.869111	47.1634	-0.000402549	-0.000589953	2
-1.50578	47.9351	-0.000424287	-0.000610529	2
-2.13225	48.7031	-0.000446346	-0.000630934	2
-2.74768	49.4674	-0.000468716	-0.000651137	2
-3.35121	50.2279	-0.000491387	-0.000671112	2
-3.94199	50.9845	-0.000514345	-0.000690829	2
-4.51915	51.7372	-0.000537582	-0.000710259	2
-5.08184	52.486	-0.000561085	-0.000729375	2
-5.62921	53.2309	-0.000584844	-0.000748148	2
-6.1604	53.9717	-0.000608847	-0.000766549	2
-6.67455	54.7085	-0.000633084	-0.000784551	2
-7.17081	55.4413	-0.000657543	-0.000802123	2
-7.64832	56.1699	-0.000682215	-0.000819238	2
-8.10623	56.8943	-0.000707086	-0.000835868	2
-8.54368	57.6146	-0.000732147	-0.000851984	2
-8.95981	58.3306	-0.000757386	-0.000867557	2
-9.35377	59.0423	-0.000782793	-0.000882559	2
-9.7247	59.7498	-0.000808356	-0.000896962	2
-10.0717	60.4529	-0.000834065	-0.000910736	2
-10.3941	61.1515	-0.000859907	-0.000923854	2
-10.6875	61.8378	-0.000885574	-0.000936148	2
-10.9581	62.5276	-0.000911651	-0.000947876	2
-11.2013	63.213	-0.000937829	-0.000958862	2
-11.4165	63.8937	-0.000964098	-0.000969078	2
-11.6026	64.5699	-0.000990446	-0.000978495	2
-11.7588	65.2414	-0.00101686	-0.000987086	2
-11.8843	65.9083	-0.00104334	-0.00099482	2
-11.9783	66.5704	-0.00106985	-0.00100167	2
-12.0398	67.2278	-0.00109641	-0.00100761	2
-12.068	67.8804	-0.00112299	-0.00101261	2
-12.0621	68.5282	-0.00114958	-0.00101663	2
-12.0211	69.1711	-0.00117617	-0.00101966	2
-11.9443	69.8092	-0.00120276	-0.00102166	2
-11.8308	70.4422	-0.00122932	-0.00102261	2
-11.6798	71.0703	-0.00125586	-0.00102248	2
-11.4903	71.6933	-0.00128235	-0.00102123	2
-11.2615	72.3113	-0.00130879	-0.00101884	2
-10.9926	72.9242	-0.00133516	-0.00101528	2
-10.6827	73.5319	-0.00136146	-0.00101053	2
-10.3309	74.1345	-0.00138767	-0.00100454	2
-9.93646	74.7318	-0.00141379	-0.000997308	2
-9.49843	75.3239	-0.0014398	-0.00098879	2
-9.01599	75.9106	-0.00146568	-0.000978959	2
-8.4946	76.4854	-0.00149115	-0.000967925	2
-7.92129	77.0615	-0.00151676	-0.000955403	2
-7.30101	77.6322	-0.00154223	-0.000941483	2
-6.63289	78.1974	-0.00156753	-0.000926139	2

74.9986	2.0113	-4.08872e-07	8.07549e-08	2
74.8611	2.97484	-3.50317e-05	6.64173e-06	2
74.6965	3.93339	-6.8988e-05	1.25116e-05	2
74.5066	4.87594	-0.000101895	1.76172e-05	2
74.2946	5.79222	-0.000133419	2.19203e-05	2
74.056	6.7038	-0.000164319	2.55284e-05	2
73.7936	7.60024	-0.000194248	2.83947e-05	2
73.5081	8.48182	-0.000223233	3.05267e-05	2
73.1997	9.34882	-0.000251302	3.19318e-05	2
72.8692	10.2015	-0.000278479	3.26177e-05	2
72.5169	11.0403	-0.000304791	3.25919e-05	2
72.1433	11.8653	-0.000330265	3.18618e-05	2
71.749	12.6769	-0.000354927	3.04351e-05	2
71.3345	13.4753	-0.000378803	2.83191e-05	2
70.9003	14.2609	-0.000401921	2.55215e-05	2
70.4468	15.034	-0.000424305	2.20498e-05	2
69.9745	15.7947	-0.000445984	1.79114e-05	2
69.4841	16.5435	-0.000466982	1.3114e-05	2
68.9759	17.2806	-0.000487327	7.66496e-06	2
68.4504	18.0062	-0.000507044	1.57188e-06	2
67.9083	18.7207	-0.00052616	-5.15773e-06	2
67.3499	19.4244	-0.000544702	-1.25163e-05	2
66.7758	20.1175	-0.000562696	-2.04964e-05	2
66.1864	20.8004	-0.000580168	-2.90905e-05	2
65.5823	21.4732	-0.000597145	-3.8291e-05	2
64.964	22.1364	-0.000613653	-4.80905e-05	2
64.3394	22.7827	-0.000629536	-5.83585e-05	2
63.6943	23.4274	-0.00064519	-6.93266e-05	2
63.0364	24.0633	-0.000660453	-8.0871e-05	2
62.3664	24.6906	-0.000675353	-9.29845e-05	2
61.6846	25.3097	-0.000689916	-0.000105659	2
60.9916	25.9208	-0.000704167	-0.000118888	2
60.2879	26.5242	-0.000718134	-0.000132663	2
59.5739	27.1202	-0.000731843	-0.000146977	2
58.8503	27.7091	-0.00074532	-0.000161822	2
58.1174	28.2911	-0.000758591	-0.000177191	2
57.3758	28.8666	-0.000771684	-0.000193076	2
56.6259	29.4359	-0.000784624	-0.00020947	2
55.8684	29.9991	-0.000797437	-0.000226366	2
55.1036	30.5567	-0.000810151	-0.000243755	2
54.3321	31.1089	-0.00082279	-0.00026163	2
53.5544	31.656	-0.000835383	-0.000279983	2
52.771	32.1982	-0.000847955	-0.000298808	2
51.9824	32.7359	-0.000860533	-0.000318097	2
51.1891	33.2694	-0.000873143	-0.000337842	2
50.3916	33.7989	-0.000885811	-0.000358035	2
49.5903	34.3247	-0.000898564	-0.000378669	2
48.7859	34.8471	-0.000911428	-0.000399737	2
47.9787	35.3664	-0.000924429	-0.000421231	2
47.1786	35.877	-0.000937442	-0.000442889	2
46.3676	36.391	-0.000950795	-0.000465208	2
45.5553	36.9027	-0.000964365	-0.00048793	2
44.7424	37.4125	-0.000978178	-0.000511048	2
43.9292	37.9206	-0.000992259	-0.000534554	2
43.1163	38.4273	-0.00100664	-0.000558442	2
42.3042	38.9329	-0.00102134	-0.000582703	2
41.4934	39.4377	-0.00103638	-0.00060733	2
40.6844	39.942	-0.0010518	-0.000632316	2
39.8777	40.446	-0.00106763	-0.000657652	2
39.0738	40.9501	-0.00108388	-0.000683332	2
38.2732	41.4545	-0.00110058	-0.000709347	2
37.4764	41.9595	-0.00111777	-0.000735691	2
36.6839	42.4655	-0.00113546	-0.000762355	2
35.8962	42.9726	-0.00115368	-0.000789333	2
35.1139	43.4812	-0.00117246	-0.000816617	2
34.3373	43.9916	-0.00119183	-0.000844199	2
33.567	44.504	-0.00121181	-0.000872071	2
32.8035	45.0188	-0.00123243	-0.000900227	2
32.0474	45.5362	-0.00125372	-0.000928659	2
31.299	46.0565	-0.00127569	-0.000957358	2
30.559	46.58	-0.00129839	-0.000986318	2
29.8278	47.107	-0.00132182	-0.00101553	2
29.1059	47.6377	-0.00134603	-0.00104499	2
28.4019	48.1664	-0.00137074	-0.00107434	2
27.7	48.7055	-0.00139656	-0.00110427	2
27.0089	49.2493	-0.00142323	-0.00113442	2
26.3291	49.7979	-0.00145077	-0.00116478	2
25.6612	50.3518	-0.00147921	-0.00119535	2
25.0055	50.9112	-0.00150859	-0.00122613	2
24.3627	51.4763	-0.00153892	-0.00125709	2
23.7331	52.0475	-0.00157022	-0.00128824	2
23.1174	52.6251	-0.00160254	-0.00131957	2
22.5161	53.2093	-0.00163589	-0.00135107	2
21.9295	53.8004	-0.0016703	-0.00138273	2
21.3582	54.3987	-0.0017058	-0.00141455	2
20.8028	55.0045	-0.00174241	-0.00144651	2
20.2637	55.6181	-0.00178016	-0.00147862	2
19.7414	56.2398	-0.00181907	-0.00151086	2
19.2365	56.8699	-0.00185918	-0.00154322	2
18.7494	57.5085	-0.00190051	-0.0015757	2
18.2805	58.1562	-0.00194308	-0.0016083	2
17.8306	58.813	-0.00198692	-0.00164099	2
17.3999	59.4793	-0.00203206	-0.00167378	2
16.9891	60.1555	-0.00207853	-0.00170666	2
16.5986	60.8417	-0.00212634	-0.00173962	2
16.229	61.5382	-0.00217553	-0.00177265	2
15.8845	62.2373	-0.00222554	-0.00180536	2
15.5578	62.9553	-0.00227755	-0.00183851	2
15.2534	63.6846	-0.00233101	-0.00187172	2
14.9718	64.4253	-0.00238596	-0.00190496	2

124.999	2.0112	-2.06193e-07	-3.48994e-07	2
124.935	2.97172	-1.60795e-05	-2.91922e-05	2
124.856	3.93801	-2.84345e-05	-5.60431e-05	2
124.763	4.89895	-3.71218e-05	-8.0593e-05	2
124.658	5.84367	-4.21597e-05	-0.000102639	2
124.539	6.79422	-4.37215e-05	-0.000122732	2
124.406	7.73966	-4.17846e-05	-0.000140645	2
124.261	8.68008	-3.64055e-05	-0.000156418	2
124.103	9.61556	-2.76409e-05	-0.00017009	2
123.933	10.5462	-1.55471e-05	-0.000181702	2
123.75	11.472	-1.8097e-07	-0.000191293	2
123.556	12.3932	1.84011e-05	-0.000198906	2
123.35	13.3097	4.01424e-05	-0.000204578	2
123.132	14.2217	6.49865e-05	-0.000208352	2
122.903	15.1293	9.28768e-05	-0.000210266	2
122.664	16.0324	0.000123757	-0.000210361	2
122.413	16.9313	0.000157569	-0.000208678	2
122.152	17.826	0.000194259	-0.000205256	2
121.881	18.7166	0.000233768	-0.000200137	2
121.6	19.6031	0.00027604	-0.000193359	2
121.309	20.4857	0.000321019	-0.000184963	2
121.008	21.3644	0.000368648	-0.00017499	2
120.698	22.2393	0.000418871	-0.00016348	2
120.379	23.1105	0.000471631	-0.000150473	2
120.051	23.9781	0.000526871	-0.000136008	2
119.714	24.8421	0.000584535	-0.000120127	2
119.373	25.6928	0.000643863	-0.000103076	2
119.02	26.55	0.000706179	-8.44974e-05	2
118.659	27.4039	0.000770749	-6.46225e-05	2
118.291	28.2545	0.000837518	-4.34914e-05	2
117.915	29.1021	0.000906428	-2.11442e-05	2
117.531	29.9465	0.000977423	2.37873e-06	2
117.141	30.788	0.00105045	2.70373e-05	2
116.744	31.6266	0.00112544	5.27911e-05	2
116.34	32.4624	0.00120235	7.96001e-05	2
115.93	33.2955	0.00128112	0.000107424	2
115.514	34.1259	0.0013617	0.000136223	2
115.093	34.9537	0.00144401	0.000165956	2
114.665	35.7791	0.00152802	0.000196583	2
114.232	36.602	0.00161366	0.000228064	2
113.795	37.4227	0.00170087	0.00026036	2
113.352	38.2411	0.00178961	0.000293428	2
112.905	39.0573	0.0018798	0.000327231	2
112.453	39.8715	0.00197141	0.000361726	2
111.997	40.6836	0.00206436	0.000396874	2
111.537	41.4939	0.0021586	0.000432635	2
111.073	42.3023	0.00225409	0.000468968	2
110.606	43.109	0.00235075	0.000505834	2
110.136	43.914	0.00244853	0.000543192	2
109.668	44.7082	0.00254624	0.000580564	2
109.192	45.5101	0.00264609	0.000618781	2
108.713	46.3106	0.0027469	0.00065737	2
108.232	47.1098	0.0028486	0.00069629	2
107.749	47.9077	0.00295114	0.000735501	2
107.265	48.7045	0.00305447	0.000774964	2
106.778	49.5001	0.00315853	0.000814638	2
106.29	50.2948	0.00326325	0.000854483	2
105.801	51.0885	0.00336859	0.000894458	2
105.312	51.8813	0.00347449	0.000934523	2
104.821	52.6734	0.00358089	0.000974638	2
104.33	53.4648	0.00368774	0.00101476	2
103.839	54.2556	0.00379498	0.00105486	2
103.348	55.0459	0.00390254	0.00109488	2
102.857	55.8357	0.00401038	0.0011348	2
102.367	56.6252	0.00411845	0.00117456	2
101.877	57.4144	0.00422667	0.00121413	2
101.389	58.2035	0.004335	0.00125347	2
100.901	58.9924	0.00444337	0.00129254	2
100.415	59.7812	0.00455174	0.0013313	2
99.9309	60.5702	0.00466005	0.0013697	2
99.4486	61.3592	0.00476823	0.00140771	2
98.9683	62.1485	0.00487624	0.00144529	2
98.4905	62.9381	0.00498402	0.0014824	2
98.0207	63.719	0.00509027	0.00151857	2
97.5483	64.5094	0.00519741	0.00155462	2
97.079	65.3003	0.00530414	0.00159008	2
96.613	66.0919	0.00541042	0.0016249	2
96.1505	66.8842	0.00551618	0.00165904	2
95.6918	67.6773	0.00562137	0.00169248	2
95.2372	68.4712	0.00572593	0.00172516	2
94.7868	69.2661	0.00582981	0.00175704	2
94.3409	70.062	0.00593294	0.0017881	2
93.8997	70.8591	0.00603527	0.00181827	2
93.4634	71.6573	0.00613675	0.00184754	2
93.0324	72.4569	0.00623731	0.00187584	2
92.6068	73.2577	0.00633691	0.00190316	2
92.1868	74.0601	0.00643548	0.00192943	2
91.7728	74.8639	0.00653297	0.00195463	2
91.3648	75.6694	0.00662932	0.00197872	2
90.9632	76.4765	0.00672448	0.00200165	2
90.5683	77.2855	0.00681838	0.00202338	2
90.1801	78.0962	0.00691098	0.00204388	2
89.799	78.909	0.00700221	0.0020631	2
89.4253	79.7237	0.00709202	0.002081	2
89.059	80.5405	0.00718035	0.00209755	2
88.7005	81.3595	0.00726715	0.0021127	2
88.354	82.1713	0.00735139	0.00212626	2
88.0117	82.9949	0.00743496	0.00213851	2
87.6778	83.8209	0.00751684	0.00214924	2
87.3527	84.6494	0.00759695	0.00215842	2

