-125.002	2.01143	-4.92772e-07	1.87052e-07	2
-125.177	2.98592	-4.22839e-05	1.57316e-05	2
-125.379	3.95462	-8.33972e-05	3.03755e-05	2
-125.605	4.90641	-0.000123366	4.39448e-05	2
-125.852	5.83092	-0.000161776	5.6315e-05	2
-126.125	6.74996	-0.000199547	6.77868e-05	2
-126.421	7.65297	-0.000236253	7.82235e-05	2
-126.738	8.54025	-0.000271918	8.76383e-05	2
-127.078	9.4121	-0.00030657	9.60444e-05	2
-127.439	10.2688	-0.000340234	0.000103455	2
-127.82	11.1107	-0.000372938	0.000109883	2
-128.222	11.938	-0.000404707	0.000115342	2
-128.644	12.7511	-0.000435568	0.000119845	2
-129.086	13.5502	-0.000465546	0.000123406	2
-129.546	14.3357	-0.000494668	0.000126037	2
-130.024	15.1078	-0.000522961	0.000127751	2
-130.521	15.8669	-0.00055045	0.000128562	2
-131.035	16.6132	-0.000577162	0.000128484	2
-131.567	17.3471	-0.000603123	0.000127528	2
-132.114	18.0688	-0.000628359	0.000125709	2
-132.678	18.7786	-0.000652897	0.00012304	2
-133.258	19.4768	-0.000676763	0.000119533	2
-133.852	20.1638	-0.000699982	0.000115203	2
-134.462	20.8398	-0.000722582	0.000110061	2
-135.085	21.5051	-0.000744589	0.000104122	2
-135.722	22.16	-0.000766028	9.73985e-05	2
-136.365	22.7975	-0.000786689	8.99943e-05	2
-137.028	23.4327	-0.000807079	8.17502e-05	2
-137.703	24.0583	-0.00082698	7.27611e-05	2
-138.39	24.6748	-0.000846418	6.30402e-05	2
-139.089	25.2824	-0.00086542	5.26007e-05	2
-139.798	25.8813	-0.000884012	4.14558e-05	2
-140.518	26.472	-0.00090222	2.96187e-05	2
-141.247	27.0546	-0.000920071	1.71026e-05	2
-141.986	27.6295	-0.000937591	3.92061e-06	2
-142.734	28.197	-0.000954805	-9.91399e-06	2
-143.491	28.7574	-0.000971741	-2.4388e-05	2
-144.255	29.311	-0.000988424	-3.94883e-05	2
-145.027	29.858	-0.00100488	-5.52017e-05	2
-145.806	30.3988	-0.00102114	-7.15148e-05	2
-146.592	30.9337	-0.00103722	-8.84147e-05	2
-147.384	31.4629	-0.00105316	-0.000105888	2
-148.181	31.9868	-0.00106897	-0.000123922	2
-148.984	32.5057	-0.00108469	-0.000142502	2
-149.791	33.0198	-0.00110034	-0.000161617	2
-150.603	33.5295	-0.00111595	-0.000181252	2
-151.418	34.035	-0.00113155	-0.000201395	2
-152.237	34.5367	-0.00114715	-0.000222032	2
-153.058	35.0348	-0.00116279	-0.00024315	2
-153.872	35.5239	-0.00117831	-0.000264486	2
-154.698	36.0159	-0.0011941	-0.000286521	2
-155.524	36.5051	-0.00121	-0.000308999	2
-156.352	36.992	-0.00122604	-0.000331904	2
-157.18	37.4768	-0.00124226	-0.000355226	2
-158.008	37.9598	-0.00125866	-0.000378949	2
-158.836	38.4414	-0.00127529	-0.000403061	2
-159.662	38.9217	-0.00129216	-0.000427549	2
-160.487	39.4012	-0.0013093	-0.000452399	2
-161.311	39.8801	-0.00132674	-0.000477599	2
-162.131	40.3587	-0.00134451	-0.000503135	2
-162.949	40.8373	-0.00136263	-0.000528993	2
-163.763	41.3162	-0.00138112	-0.000555162	2
-164.574	41.7957	-0.00140002	-0.000581627	2
-165.38	42.276	-0.00141935	-0.000608375	2
-166.182	42.7576	-0.00143914	-0.000635394	2
-166.978	43.2407	-0.0014594	-0.000662669	2
-167.768	43.7256	-0.00148018	-0.000690189	2
-168.552	44.2125	-0.00150149	-0.000717938	2
-169.33	44.7018	-0.00152336	-0.000745906	2
-170.1	45.1938	-0.00154582	-0.000774077	2
-170.862	45.6888	-0.00156889	-0.00080244	2
-171.617	46.187	-0.0015926	-0.00083098	2
-172.363	46.6888	-0.00161698	-0.000859685	2
-173.091	47.1887	-0.00164176	-0.000888208	2
-173.819	47.6985	-0.00166754	-0.000917201	2
-174.536	48.2127	-0.00169406	-0.000946319	2
-175.243	48.7317	-0.00172136	-0.00097555	2
-175.939	49.2558	-0.00174945	-0.00100488	2
-176.623	49.7852	-0.00177837	-0.00103429	2
-177.296	50.3202	-0.00180813	-0.00106378	2
-177.956	50.8612	-0.00183877	-0.00109333	2
-178.603	51.4084	-0.00187032	-0.00112292	2
-179.237	51.9621	-0.00190279	-0.00115254	2
-179.857	52.5227	-0.00193621	-0.00118219	2
-180.463	53.0904	-0.00197062	-0.00121184	2
-181.054	53.6656	-0.00200603	-0.00124148	2
-181.629	54.2484	-0.00204248	-0.00127111	2
-182.189	54.8393	-0.00207999	-0.0013007	2
-182.733	55.4385	-0.00211858	-0.00133024	2
-183.26	56.0463	-0.00215828	-0.00135973	2
-183.77	56.6631	-0.00219912	-0.00138914	2
-184.263	57.289	-0.00224113	-0.00141847	2
-184.737	57.9244	-0.00228433	-0.00144769	2
-185.193	58.5697	-0.00232874	-0.00147681	2
-185.629	59.225	-0.0023744	-0.0015058	2
-186.046	59.8907	-0.00242133	-0.00153465	2
-186.439	60.5593	-0.00246899	-0.00156302	2
-186.816	61.2466	-0.00251852	-0.00159156	2
-187.172	61.9452	-0.0025694	-0.00161991	2
-187.507	62.6553	-0.00262165	-0.00164808	2

-75.001	2.01091	-4.2379e-07	-2.31907e-07	2
-75.0903	2.94761	-3.47453e-05	-1.92392e-05	2
-75.1906	3.89188	-6.52339e-05	-3.66044e-05	2
-75.3009	4.83286	-9.15287e-05	-5.21273e-05	2
-75.4194	5.75983	-0.000113461	-6.56923e-05	2
-75.5487	6.6944	-0.000131603	-7.76464e-05	2
-75.6874	7.6258	-0.00014574	-8.78533e-05	2
-75.8353	8.5541	-0.000155933	-9.63447e-05	2
-75.9922	9.47933	-0.000162246	-0.000103153	2
-76.1579	10.4015	-0.000164743	-0.000108309	2
-76.3323	11.3208	-0.000163484	-0.000111845	2
-76.5151	12.2371	-0.000158535	-0.000113793	2
-76.7063	13.1505	-0.000149957	-0.000114184	2
-76.9055	14.0611	-0.000137813	-0.000113051	2
-77.1128	14.969	-0.000122166	-0.000110426	2
-77.3278	15.874	-0.00010308	-0.000106339	2
-77.5504	16.7764	-8.06162e-05	-0.000100823	2
-77.7805	17.6762	-5.48385e-05	-9.39102e-05	2
-78.0178	18.5733	-2.58097e-05	-8.56316e-05	2
-78.2622	19.4679	6.40755e-06	-7.60193e-05	2
-78.5135	20.3599	4.17502e-05	-6.51051e-05	2
-78.7715	21.2495	8.01555e-05	-5.29209e-05	2
-79.0361	22.1367	0.00012156	-3.94983e-05	2
-79.307	23.0215	0.000165902	-2.48693e-05	2
-79.5842	23.904	0.000213118	-9.06558e-06	2
-79.8674	24.7842	0.000263145	7.88098e-06	2
-80.1531	25.6521	0.000315298	2.57248e-05	2
-80.4477	26.5279	0.000370727	4.48494e-05	2
-80.7479	27.4016	0.00042878	6.50219e-05	2
-81.0534	28.2731	0.000489393	8.62103e-05	2
-81.3641	29.1427	0.000552503	0.000108383	2
-81.6797	30.0102	0.000618048	0.000131508	2
-82.0001	30.8757	0.000685964	0.000155553	2
-82.3252	31.7394	0.000756189	0.000180488	2
-82.6547	32.6012	0.00082866	0.000206279	2
-82.9885	33.4612	0.000903313	0.000232895	2
-83.3265	34.3194	0.000980087	0.000260305	2
-83.6683	35.1758	0.00105892	0.000288476	2
-84.0139	36.0306	0.00113974	0.000317377	2
-84.3631	36.8838	0.0012225	0.000346976	2
-84.7157	37.7353	0.00130712	0.000377241	2
-85.0715	38.5854	0.00139355	0.00040814	2
-85.4304	39.4339	0.00148173	0.000439642	2
-85.7921	40.281	0.00157158	0.000471715	2
-86.1566	41.1267	0.00166305	0.000504326	2
-86.5236	41.971	0.00175607	0.000537444	2
-86.8929	42.814	0.00185059	0.000571038	2
-87.2645	43.6558	0.00194653	0.000605075	2
-87.638	44.4963	0.00204384	0.000639524	2
-88.009	45.326	0.00214131	0.00067395	2
-88.386	46.1642	0.00224115	0.000709123	2
-88.7645	47.0014	0.00234216	0.000744612	2
-89.1443	47.8375	0.00244429	0.000780386	2
-89.5252	48.6727	0.00254747	0.000816413	2
-89.9071	49.5069	0.00265164	0.000852661	2
-90.2898	50.3402	0.00275674	0.000889099	2
-90.6731	51.1726	0.0028627	0.000925694	2
-91.0568	52.0043	0.00296946	0.000962415	2
-91.4407	52.8352	0.00307695	0.00099923	2
-91.8248	53.6654	0.00318512	0.00103611	2
-92.2087	54.4949	0.0032939	0.00107301	2
-92.5924	55.3238	0.00340323	0.00110992	2
-92.9756	56.1521	0.00351305	0.00114679	2
-93.3583	56.9799	0.00362329	0.0011836	2
-93.7401	57.8072	0.00373389	0.00122031	2
-94.121	58.6341	0.00384478	0.00125689	2
-94.5007	59.4606	0.00395591	0.00129331	2
-94.8791	60.2868	0.00406722	0.00132954	2
-95.256	61.1126	0.00417863	0.00136555	2
-95.6312	61.9382	0.00429008	0.0014013	2
-96.0046	62.7636	0.00440152	0.00143676	2
-96.376	63.5889	0.00451288	0.0014719	2
-96.7452	64.414	0.00462409	0.00150669	2
-97.1078	65.2296	0.00473383	0.0015407	2
-97.4721	66.0547	0.00484457	0.0015747	2
-97.8337	66.8798	0.00495498	0.00160825	2
-98.1923	67.7049	0.005065	0.00164132	2
-98.548	68.5302	0.00517456	0.00167388	2
-98.9004	69.3556	0.0052836	0.0017059	2
-99.2493	70.1813	0.00539206	0.00173735	2
-99.5947	71.0072	0.00549987	0.00176819	2
-99.9363	71.8334	0.00560698	0.00179839	2
-100.274	72.66	0.00571331	0.00182793	2
-100.608	73.4869	0.00581881	0.00185676	2
-100.937	74.3143	0.00592341	0.00188486	2
-101.262	75.1422	0.00602706	0.0019122	2
-101.582	75.9706	0.00612968	0.00193874	2
-101.897	76.7996	0.00623121	0.00196445	2
-102.207	77.6293	0.0063316	0.0019893	2
-102.513	78.4596	0.00643077	0.00201326	2
-102.812	79.2906	0.00652867	0.0020363	2
-103.107	80.1224	0.00662523	0.00205838	2
-103.395	80.955	0.00672039	0.00207948	2
-103.678	81.7884	0.00681409	0.00209955	2
-103.955	82.6228	0.00690627	0.00211858	2
-104.225	83.4581	0.00699685	0.00213652	2
-104.486	84.2848	0.00708477	0.00215316	2
-104.744	85.1222	0.00717201	0.00216885	2
-104.995	85.9606	0.00725747	0.00218337	2
-105.239	86.8001	0.00734109	0.00219668	2

-24.9994	2.01255	2.01532e-07	1.39263e-08	2
-24.937	3.08508	1.85737e-05	9.80828e-08	2
-24.8546	4.1557	3.92265e-05	-2.03666e-06	2
-24.7529	5.21201	6.19196e-05	-6.37395e-06	2
-24.6337	6.24224	8.63191e-05	-1.27965e-05	2
-24.4945	7.2705	0.000112954	-2.14235e-05	2
-24.3368	8.28486	0.000141512	-3.21626e-05	2
-24.1609	9.28547	0.000171956	-4.49835e-05	2
-23.967	10.2725	0.000204246	-5.98558e-05	2
-23.7553	11.246	0.000238344	-7.67493e-05	2
-23.5262	12.2062	0.000274209	-9.56337e-05	2
-23.2798	13.1531	0.000311805	-0.000116479	2
-23.0165	14.0871	0.00035109	-0.000139254	2
-22.7364	15.0081	0.000392028	-0.000163929	2
-22.4398	15.9163	0.000434578	-0.000190475	2
-22.127	16.8119	0.000478703	-0.000218859	2
-21.7983	17.6951	0.000524362	-0.000249053	2
-21.4538	18.5658	0.000571517	-0.000281025	2
-21.0938	19.4244	0.00062013	-0.000314747	2
-20.7186	20.2709	0.00067016	-0.000350186	2
-20.3285	21.1054	0.00072157	-0.000387314	2
-19.9236	21.9282	0.000774321	-0.000426099	2
-19.5042	22.7393	0.000828373	-0.000466512	2
-19.0706	23.5389	0.000883688	-0.000508522	2
-18.6231	24.3271	0.000940227	-0.000552099	2
-18.1618	25.1041	0.00099795	-0.000597213	2
-17.6927	25.8613	0.00105614	-0.000643288	2
-17.2049	26.6163	0.0011161	-0.000691367	2
-16.7041	27.3606	0.00117713	-0.000740892	2
-16.1907	28.0942	0.00123919	-0.000791834	2
-15.6647	28.8173	0.00130225	-0.00084416	2
-15.1266	29.5299	0.00136625	-0.000897842	2
-14.5765	30.2324	0.00143117	-0.000952849	2
-14.0147	30.9247	0.00149696	-0.00100915	2
-13.4414	31.607	0.00156359	-0.00106672	2
-12.8569	32.2795	0.00163101	-0.00112552	2
-12.2615	32.9424	0.00169919	-0.00118552	2
-11.6554	33.5957	0.00176809	-0.0012467	2
-11.0388	34.2395	0.00183767	-0.00130902	2
-10.412	34.8741	0.00190789	-0.00137245	2
-9.77523	35.4996	0.00197871	-0.00143697	2
-9.12879	36.1161	0.00205009	-0.00150254	2
-8.47289	36.7237	0.002122	-0.00156913	2
-7.80781	37.3227	0.0021944	-0.00163671	2
-7.13377	37.913	0.00226723	-0.00170525	2
-6.45104	38.495	0.00234048	-0.00177473	2
-5.75987	39.0686	0.00241409	-0.0018451	2
-5.0605	39.6342	0.00248804	-0.00191635	2
-4.3532	40.1917	0.00256227	-0.00198844	2
-3.64646	40.735	0.0026359	-0.00206049	2
-2.92411	41.277	0.0027106	-0.00213416	2
-2.19457	41.8115	0.00278547	-0.00220858	2
-1.45809	42.3384	0.00286047	-0.00228372	2
-0.71492	42.8581	0.00293558	-0.00235954	2
0.0346857	43.3706	0.00301074	-0.00243603	2
0.790477	43.8761	0.00308592	-0.00251315	2
1.5522	44.3747	0.00316107	-0.00259086	2
2.31961	44.8665	0.00323617	-0.00266914	2
3.09245	45.3518	0.00331117	-0.00274796	2
3.87047	45.8306	0.00338604	-0.00282729	2
4.65342	46.303	0.00346073	-0.00290709	2
5.44105	46.7693	0.0035352	-0.00298734	2
6.23311	47.2295	0.00360942	-0.00306801	2
7.02934	47.6838	0.00368335	-0.00314907	2
7.82949	48.1324	0.00375694	-0.00323048	2
8.63332	48.5754	0.00383017	-0.00331221	2
9.44057	49.0128	0.00390298	-0.00339425	2
10.251	49.4449	0.00397535	-0.00347654	2
11.0643	49.8719	0.00404723	-0.00355908	2
11.8804	50.2937	0.00411859	-0.00364181	2
12.6988	50.7107	0.00418938	-0.00372473	2
13.5194	51.1228	0.00425956	-0.00380778	2
14.3419	51.5303	0.0043291	-0.00389095	2
15.1566	51.9288	0.00439718	-0.00397325	2
15.9821	52.3275	0.00446533	-0.00405655	2
16.8089	52.722	0.00453272	-0.00413988	2
17.6365	53.1124	0.00459931	-0.00422321	2
18.4648	53.4988	0.00466507	-0.00430649	2
19.2936	53.8815	0.00472995	-0.00438971	2
20.1224	54.2605	0.00479391	-0.00447283	2
20.9512	54.636	0.00485692	-0.00455582	2
21.7797	55.0081	0.00491894	-0.00463866	2
22.6075	55.377	0.00497993	-0.0047213	2
23.4345	55.7428	0.00503985	-0.00480373	2
24.2604	56.1056	0.00509866	-0.00488591	2
25.085	56.4656	0.00515632	-0.0049678	2
25.9079	56.8229	0.00521279	-0.00504939	2
26.729	57.1777	0.00526804	-0.00513064	2
27.548	57.5301	0.00532202	-0.00521152	2
28.3647	57.8802	0.0053747	-0.00529199	2
29.1788	58.2282	0.00542604	-0.00537204	2
29.9899	58.5743	0.00547599	-0.00545162	2
30.798	58.9185	0.00552453	-0.00553072	2
31.6028	59.261	0.0055716	-0.00560929	2
32.4039	59.602	0.00561718	-0.00568731	2
33.2011	59.9415	0.00566122	-0.00576475	2
33.9852	60.2759	0.00570321	-0.00584069	2
34.774	60.613	0.00574407	-0.00591688	2
35.5583	60.9492	0.00578329	-0.0059924	2
36.3376	61.2845	0.00582081	-0.00606721	2

24.9953	2.01187	-5.31573e-07	-6.13362e-08	2
24.6027	3.02851	-4.56821e-05	-5.00969e-06	2
24.2345	4.04857	-9.02283e-05	-9.37054e-06	2
23.8949	5.0602	-0.000133649	-1.31005e-05	2
23.587	6.05194	-0.000175474	-1.61849e-05	2
23.3034	7.04688	-0.000216686	-1.87134e-05	2
23.0474	8.03343	-0.000256802	-2.06645e-05	2
22.8187	9.01163	-0.000295833	-2.2056e-05	2
22.617	9.9815	-0.000333788	-2.29059e-05	2
22.442	10.943	-0.000370678	-2.32321e-05	2
22.2933	11.8963	-0.000406513	-2.30525e-05	2
22.1705	12.8412	-0.000441302	-2.2385e-05	2
22.0734	13.7779	-0.000475057	-2.12475e-05	2
22.0015	14.7063	-0.000507786	-1.96578e-05	2
21.9547	15.6266	-0.000539501	-1.7634e-05	2
21.9324	16.5385	-0.000570211	-1.51939e-05	2
21.9345	17.4423	-0.000599926	-1.23555e-05	2
21.9605	18.3379	-0.000628657	-9.13651e-06	2
22.0101	19.2254	-0.000656413	-5.55498e-06	2
22.083	20.1047	-0.000683205	-1.62878e-06	2
22.1789	20.9759	-0.000709042	2.62418e-06	2
22.2974	21.8389	-0.000733935	7.186e-06	2
22.4381	22.6939	-0.000757894	1.20388e-05	2
22.6008	23.5408	-0.000780929	1.71646e-05	2
22.7851	24.3796	-0.00080305	2.25456e-05	2
22.9907	25.2104	-0.000824267	2.81638e-05	2
23.2144	26.0238	-0.000844362	3.39331e-05	2
23.4613	26.8387	-0.000863812	3.99698e-05	2
23.7284	27.6456	-0.000882388	4.61903e-05	2
24.0154	28.4445	-0.000900101	5.25766e-05	2
24.3221	29.2355	-0.00091696	5.91109e-05	2
24.648	30.0185	-0.000932976	6.57752e-05	2
24.9928	30.7936	-0.000948158	7.25515e-05	2
25.3562	31.5608	-0.000962517	7.94221e-05	2
25.7378	32.3202	-0.000976063	8.6369e-05	2
26.1374	33.0716	-0.000988806	9.33743e-05	2
26.5545	33.8153	-0.00100076	0.00010042	2
26.9889	34.5511	-0.00101192	0.000107488	2
27.4402	35.279	-0.00102232	0.000114562	2
27.908	35.9992	-0.00103195	0.000121621	2
28.3921	36.7117	-0.00104083	0.00012865	2
28.8921	37.4163	-0.00104896	0.00013563	2
29.4076	38.1133	-0.00105637	0.000142543	2
29.9384	38.8025	-0.00106305	0.00014937	2
30.484	39.484	-0.00106902	0.000156096	2
31.0442	40.1578	-0.00107429	0.0001627	2
31.6186	40.8239	-0.00107886	0.000169166	2
32.2069	41.4824	-0.00108276	0.000175476	2
32.8088	42.1333	-0.00108598	0.000181611	2
33.4167	42.7692	-0.00108851	0.000187487	2
34.0444	43.4049	-0.00109043	0.000193222	2
34.6848	44.033	-0.0010917	0.000198729	2
35.3373	44.6536	-0.00109234	0.000203991	2
36.0017	45.2667	-0.00109236	0.000208989	2
36.6776	45.8722	-0.00109177	0.000213705	2
37.3647	46.4702	-0.00109058	0.000218122	2
38.0627	47.0607	-0.0010888	0.000222221	2
38.7712	47.6437	-0.00108643	0.000225986	2
39.4899	48.2193	-0.0010835	0.000229397	2
40.2185	48.7874	-0.00108	0.000232436	2
40.9565	49.3482	-0.00107595	0.000235087	2
41.7038	49.9015	-0.00107137	0.000237331	2
42.4599	50.4474	-0.00106625	0.00023915	2
43.2245	50.9859	-0.00106061	0.000240527	2
43.9973	51.5171	-0.00105446	0.000241442	2
44.7779	52.041	-0.00104781	0.00024188	2
45.566	52.5575	-0.00104067	0.00024182	2
46.3613	53.0668	-0.00103305	0.000241247	2
47.1634	53.5687	-0.00102496	0.000240141	2
47.972	54.0635	-0.00101641	0.000238485	2
48.7867	54.5509	-0.0010074	0.000236261	2
49.6073	55.0311	-0.000997964	0.000233451	2
50.4334	55.5041	-0.000988093	0.000230037	2
51.255	55.9647	-0.000977924	0.000226051	2
52.091	56.4234	-0.000967229	0.000221384	2
52.9315	56.875	-0.000956134	0.000216058	2
53.7761	57.3194	-0.00094465	0.000210058	2
54.6245	57.7567	-0.000932786	0.000203364	2
55.4764	58.1869	-0.000920553	0.000195959	2
56.3314	58.61	-0.000907961	0.000187826	2
57.1893	59.026	-0.00089502	0.000178945	2
58.0495	59.435	-0.00088174	0.000169299	2
58.912	59.837	-0.00086813	0.000158871	2
59.7762	60.2319	-0.000854202	0.000147642	2
60.6419	60.6199	-0.000839965	0.000135595	2
61.5087	61.0008	-0.00082543	0.000122711	2
62.3763	61.3748	-0.000810606	0.000108973	2
63.2443	61.7418	-0.000795503	9.43629e-05	2
64.1125	62.102	-0.000780132	7.88624e-05	2
64.9804	62.4552	-0.000764503	6.24539e-05	2
65.8478	62.8015	-0.000748625	4.51195e-05	2
66.7142	63.1409	-0.000732509	2.68412e-05	2
67.5795	63.4735	-0.000716166	7.60114e-06	2
68.4432	63.7992	-0.000699604	-1.26186e-05	2
69.305	64.1181	-0.000682835	-3.38358e-05	2
70.1645	64.4302	-0.000665867	-5.60686e-05	2
71.0116	64.732	-0.000648911	-7.90613e-05	2
71.8657	65.0307	-0.00063158	-0.000103367	2
72.7166	65.3225	-0.000614082	-0.000128741	2
73.5639	65.6077	-0.000596426	-0.000155202	2

74.9967	2.01069	2.78168e-07	-3.60954e-07	2
74.7097	2.93325	2.28153e-05	-3.06987e-05	2
74.4216	3.87269	4.28636e-05	-5.99872e-05	2
74.136	4.81803	6.0199e-05	-8.78875e-05	2
73.8563	5.75803	7.4722e-05	-0.000114125	2
73.5762	6.71427	8.68239e-05	-0.000139331	2
73.2993	7.67559	9.63749e-05	-0.000163215	2
73.0257	8.64169	0.000103429	-0.0001858	2
72.7556	9.61231	0.000108041	-0.000207108	2
72.4894	10.5872	0.000110264	-0.00022716	2
72.2272	11.5659	0.000110153	-0.000245979	2
71.9693	12.5484	0.000107761	-0.000263588	2
71.7158	13.5343	0.000103144	-0.000280008	2
71.4671	14.5232	9.63554e-05	-0.000295262	2
71.2232	15.515	8.74488e-05	-0.000309371	2
70.9846	16.5094	7.64789e-05	-0.000322359	2
70.7513	17.506	6.34997e-05	-0.000334246	2
70.5236	18.5046	4.85654e-05	-0.000345056	2
70.3018	19.505	3.17301e-05	-0.000354811	2
70.086	20.5067	1.30481e-05	-0.000363533	2
69.8765	21.5096	-7.42646e-06	-0.000371243	2
69.6735	22.5134	-2.96395e-05	-0.000377965	2
69.4772	23.5178	-5.35367e-05	-0.00038372	2
69.288	24.5226	-7.9064e-05	-0.00038853	2
69.1059	25.5273	-0.000106167	-0.000392419	2
68.9312	26.5318	-0.000134792	-0.000395407	2
68.766	27.5243	-0.000164531	-0.000397498	2
68.6067	28.5275	-0.000196021	-0.000398763	2
68.4556	29.5296	-0.000228871	-0.000399194	2
68.3127	30.5303	-0.000263026	-0.000398813	2
68.1784	31.5294	-0.000298433	-0.000397643	2
68.0528	32.5267	-0.000335038	-0.000395706	2
67.9363	33.5217	-0.000372786	-0.000393024	2
67.8289	34.5142	-0.000411622	-0.000389619	2
67.731	35.504	-0.000451494	-0.000385514	2
67.6428	36.4907	-0.000492346	-0.00038073	2
67.5645	37.4742	-0.000534125	-0.000375291	2
67.4962	38.454	-0.000576776	-0.000369217	2
67.4384	39.43	-0.000620245	-0.000362531	2
67.3911	40.4018	-0.000664478	-0.000355256	2
67.3546	41.3692	-0.000709421	-0.000347414	2
67.3291	42.3318	-0.00075502	-0.000339026	2
67.3149	43.2895	-0.00080122	-0.000330116	2
67.3121	44.2419	-0.000847968	-0.000320704	2
67.3211	45.1888	-0.000895209	-0.000310814	2
67.342	46.1298	-0.000942888	-0.000300468	2
67.375	47.0648	-0.000990953	-0.000289688	2
67.4204	47.9933	-0.00103935	-0.000278495	2
67.4784	48.9152	-0.00108802	-0.000266913	2
67.5484	49.8196	-0.00113635	-0.000255102	2
67.6321	50.7274	-0.00118541	-0.000242811	2
67.7292	51.6277	-0.00123459	-0.000230196	2
67.8397	52.5202	-0.00128382	-0.000217279	2
67.964	53.4046	-0.00133306	-0.000204084	2
68.1022	54.2807	-0.00138226	-0.000190632	2
68.2546	55.1481	-0.00143135	-0.000176945	2
68.4214	56.0067	-0.00148029	-0.000163046	2
68.6029	56.8561	-0.00152901	-0.000148956	2
68.7992	57.696	-0.00157747	-0.000134698	2
69.0106	58.5262	-0.00162561	-0.000120294	2
69.2373	59.3464	-0.00167338	-0.000105767	2
69.4795	60.1563	-0.00172072	-9.11376e-05	2
69.7375	60.9556	-0.00176759	-7.64293e-05	2
70.0115	61.744	-0.00181391	-6.16638e-05	2
70.3017	62.5213	-0.00185965	-4.68633e-05	2
70.6083	63.2872	-0.00190474	-3.20502e-05	2
70.9317	64.0414	-0.00194913	-1.72464e-05	2
71.2719	64.7836	-0.00199277	-2.47435e-06	2
71.6292	65.5136	-0.00203561	1.22439e-05	2
72.0038	66.231	-0.00207759	2.68861e-05	2
72.3961	66.9356	-0.00211865	4.14301e-05	2
72.8061	67.6271	-0.00215874	5.58537e-05	2
73.2341	68.3053	-0.00219781	7.01346e-05	2
73.6752	68.9622	-0.00223537	8.40895e-05	2
74.1397	69.613	-0.00227224	9.80209e-05	2
74.623	70.2495	-0.00230793	0.000111743	2
75.1252	70.8715	-0.00234238	0.000125235	2
75.6465	71.4788	-0.00237554	0.000138473	2
76.1872	72.071	-0.00240735	0.000151435	2
76.7474	72.6479	-0.00243776	0.0001641	2
77.3275	73.2092	-0.00246671	0.000176445	2
77.9277	73.7546	-0.00249415	0.000188447	2
78.5481	74.2838	-0.00252003	0.000200086	2
79.1891	74.7966	-0.00254429	0.000211337	2
79.8507	75.2927	-0.00256688	0.000222181	2
80.5333	75.7718	-0.00258774	0.000232593	2
81.2371	76.2335	-0.00260682	0.000242552	2
81.9623	76.6778	-0.00262407	0.000252036	2
82.7091	77.1042	-0.00263943	0.000261022	2
83.4778	77.5124	-0.00265284	0.000269489	2
84.2686	77.9023	-0.00266426	0.000277414	2
85.0816	78.2735	-0.00267362	0.000284774	2
85.9172	78.6257	-0.00268088	0.000291549	2
86.7756	78.9587	-0.00268598	0.000297715	2
87.6569	79.2721	-0.00268887	0.00030325	2
88.5615	79.5658	-0.00268948	0.000308133	2
89.4787	79.8364	-0.00268781	0.000312296	2
90.43	80.0898	-0.00268376	0.000315814	2
91.4053	80.3227	-0.00267727	0.000318613	2
92.4047	80.5346	-0.0026683	0.000320671	2

125.001	2.01065	-5.71032e-09	1.78756e-07	2
125.052	2.92524	-6.43057e-07	1.4771e-05	2
125.068	3.84742	-1.58181e-06	2.79842e-05	2
125.05	4.76654	-2.81593e-06	3.9673e-05	2
124.998	5.67206	-4.32583e-06	4.97617e-05	2
124.913	6.58504	-6.14629e-06	5.85179e-05	2
124.795	7.49493	-8.26112e-06	6.58491e-05	2
124.646	8.40171	-1.067e-05	7.17885e-05	2
124.466	9.30538	-1.33725e-05	7.63693e-05	2
124.257	10.2059	-1.63684e-05	7.96249e-05	2
124.019	11.1033	-1.96574e-05	8.15884e-05	2
123.753	11.9976	-2.3239e-05	8.22932e-05	2
123.459	12.8887	-2.7113e-05	8.17726e-05	2
123.14	13.7767	-3.1279e-05	8.00597e-05	2
122.795	14.6615	-3.57367e-05	7.71878e-05	2
122.425	15.5431	-4.04858e-05	7.31902e-05	2
122.032	16.4216	-4.55259e-05	6.81002e-05	2
121.616	17.2968	-5.08567e-05	6.1951e-05	2
121.178	18.1688	-5.64778e-05	5.47758e-05	2
120.719	19.0377	-6.23889e-05	4.6608e-05	2
120.239	19.9032	-6.85898e-05	3.74808e-05	2
119.741	20.7656	-7.508e-05	2.74275e-05	2
119.223	21.6247	-8.18591e-05	1.64813e-05	2
118.689	22.4806	-8.8927e-05	4.67544e-06	2
118.137	23.3332	-9.62832e-05	-7.95676e-06	2
117.569	24.1826	-0.000103927	-2.13821e-05	2
116.993	25.0189	-0.000111767	-3.53999e-05	2
116.397	25.8618	-0.000119983	-5.03035e-05	2
115.786	26.7013	-0.000128485	-6.59007e-05	2
115.164	27.5375	-0.000137275	-8.21584e-05	2
114.53	28.3704	-0.000146351	-9.90432e-05	2
113.885	29.2	-0.000155713	-0.000116522	2
113.23	30.0263	-0.000165361	-0.000134561	2
112.566	30.8492	-0.000175294	-0.000153128	2
111.894	31.6688	-0.000185512	-0.000172189	2
111.214	32.485	-0.000196014	-0.000191711	2
110.528	33.2978	-0.000206802	-0.00021166	2
109.837	34.1073	-0.000217873	-0.000232004	2
109.14	34.9134	-0.000229227	-0.000252709	2
108.44	35.7161	-0.000240865	-0.000273742	2
107.737	36.5153	-0.000252786	-0.000295069	2
107.032	37.3112	-0.00026499	-0.000316658	2
106.325	38.1037	-0.000277476	-0.000338474	2
105.618	38.8927	-0.000290244	-0.000360485	2
104.911	39.6782	-0.000303294	-0.000382658	2
104.206	40.4604	-0.000316625	-0.00040496	2
103.503	41.239	-0.000330237	-0.000427356	2
102.803	42.0142	-0.000344129	-0.000449814	2
102.106	42.786	-0.000358302	-0.0004723	2
101.423	43.5454	-0.000372588	-0.000494523	2
100.737	44.3102	-0.000387317	-0.000516968	2
100.057	45.0715	-0.000402326	-0.000539341	2
99.3848	45.8292	-0.000417614	-0.00056161	2
98.7207	46.5835	-0.00043318	-0.000583742	2
98.0656	47.3342	-0.000449025	-0.000605702	2
97.4204	48.0814	-0.000465147	-0.000627459	2
96.786	48.825	-0.000481548	-0.000648979	2
96.1632	49.5651	-0.000498225	-0.000670228	2
95.5529	50.3016	-0.00051518	-0.000691174	2
94.9559	51.0345	-0.000532411	-0.000711782	2
94.3731	51.7639	-0.000549919	-0.000732021	2
93.8054	52.4896	-0.000567703	-0.000751855	2
93.2536	53.2118	-0.000585762	-0.000771253	2
92.7186	53.9303	-0.000604096	-0.000790181	2
92.2012	54.6452	-0.000622706	-0.000808606	2
91.7024	55.3565	-0.00064159	-0.000826494	2
91.2229	56.0642	-0.000660749	-0.000843812	2
90.7637	56.7682	-0.000680181	-0.000860527	2
90.3255	57.4685	-0.000699887	-0.000876605	2
89.9093	58.1652	-0.000719867	-0.000892014	2
89.516	58.8582	-0.000740119	-0.000906721	2
89.1463	59.5475	-0.000760644	-0.000920691	2
88.8011	60.2331	-0.000781441	-0.000933891	2
88.4849	60.9072	-0.000802267	-0.000946151	2
88.1911	61.5855	-0.000823605	-0.000957723	2
87.9244	62.26	-0.000845214	-0.000968426	2
87.6857	62.9308	-0.000867094	-0.000978227	2
87.4759	63.5979	-0.000889245	-0.000987093	2
87.2957	64.2612	-0.000911666	-0.00099499	2
87.1461	64.9207	-0.000934357	-0.00100189	2
87.0279	65.5765	-0.000957317	-0.00100775	2
86.942	66.2285	-0.000980547	-0.00101254	2
86.8893	66.8768	-0.00100405	-0.00101623	2
86.8705	67.5212	-0.00102781	-0.00101878	2
86.8867	68.1618	-0.00105185	-0.00102017	2
86.9385	68.7987	-0.00107615	-0.00102036	2
87.027	69.4317	-0.00110072	-0.00101931	2
87.1529	70.0608	-0.00112556	-0.00101699	2
87.3171	70.6862	-0.00115067	-0.00101337	2
87.5205	71.3077	-0.00117604	-0.00100842	2
87.7639	71.9253	-0.00120168	-0.0010021	2
88.0483	72.5391	-0.00122758	-0.000994377	2
88.3744	73.1489	-0.00125375	-0.000985221	2
88.7431	73.755	-0.00128019	-0.000974598	2
89.1553	74.3571	-0.00130689	-0.000962475	2
89.6118	74.9553	-0.00133385	-0.000948817	2
90.1076	75.5428	-0.00136077	-0.000933776	2
90.6549	76.1332	-0.00138826	-0.000916969	2
91.2491	76.7197	-0.00141601	-0.000898528	2
91.8911	77.3023	-0.00144403	-0.000878421	2

