-125.004	2.01264	6.053e-07	1.42499e-07	2
-125.343	3.09823	5.25287e-05	1.19186e-05	2
-125.67	4.19269	0.000104793	2.28733e-05	2
-125.98	5.28341	0.0001568	3.28716e-05	2
-126.271	6.35795	0.00020796	4.18221e-05	2
-126.549	7.44135	0.000259469	4.99403e-05	2
-126.812	8.52112	0.000310737	5.7124e-05	2
-127.058	9.59729	0.00036177	6.33807e-05	2
-127.289	10.6699	0.000412573	6.87175e-05	2
-127.504	11.739	0.000463152	7.3142e-05	2
-127.705	12.8046	0.000513513	7.66614e-05	2
-127.89	13.8667	0.000563661	7.92832e-05	2
-128.061	14.9255	0.000613602	8.10147e-05	2
-128.216	15.9808	0.000663341	8.18632e-05	2
-128.358	17.0328	0.000712886	8.18361e-05	2
-128.485	18.0815	0.000762241	8.09408e-05	2
-128.598	19.127	0.000811411	7.91847e-05	2
-128.696	20.1691	0.000860404	7.65751e-05	2
-128.782	21.2081	0.000909224	7.31193e-05	2
-128.853	22.2439	0.000957877	6.88247e-05	2
-128.911	23.2766	0.00100637	6.36988e-05	2
-128.956	24.3062	0.00105471	5.77488e-05	2
-128.988	25.3327	0.00110289	5.09821e-05	2
-129.007	26.3562	0.00115094	4.3406e-05	2
-129.013	27.3766	0.00119884	3.5028e-05	2
-129.007	28.3942	0.00124661	2.58554e-05	2
-128.989	29.3972	0.00129371	1.60145e-05	2
-128.958	30.4089	0.00134124	5.28365e-06	2
-128.915	31.4178	0.00138865	-6.21977e-06	2
-128.861	32.4239	0.00143595	-1.84884e-05	2
-128.795	33.4273	0.00148315	-3.1515e-05	2
-128.717	34.4278	0.00153025	-4.52921e-05	2
-128.628	35.4257	0.00157725	-5.98123e-05	2
-128.528	36.4209	0.00162417	-7.50683e-05	2
-128.418	37.4135	0.00167101	-9.10528e-05	2
-128.296	38.4034	0.00171777	-0.000107758	2
-128.164	39.3908	0.00176447	-0.000125178	2
-128.021	40.3757	0.0018111	-0.000143303	2
-127.869	41.358	0.00185767	-0.000162128	2
-127.706	42.3379	0.00190419	-0.000181644	2
-127.533	43.3154	0.00195066	-0.000201845	2
-127.351	44.2905	0.0019971	-0.000222722	2
-127.159	45.2632	0.00204349	-0.000244269	2
-126.958	46.2336	0.00208986	-0.000266478	2
-126.748	47.2018	0.0021362	-0.000289342	2
-126.529	48.1677	0.00218253	-0.000312854	2
-126.301	49.1313	0.00222884	-0.000337005	2
-126.065	50.0928	0.00227515	-0.000361789	2
-125.82	51.0522	0.00232146	-0.000387199	2
-125.569	51.9985	0.00236723	-0.000412924	2
-125.308	52.9537	0.00241356	-0.000439555	2
-125.039	53.9068	0.00245989	-0.00046679	2
-124.763	54.858	0.00250625	-0.000494621	2
-124.478	55.8072	0.00255264	-0.00052304	2
-124.187	56.7545	0.00259906	-0.000552041	2
-123.888	57.6999	0.00264552	-0.000581616	2
-123.582	58.6434	0.00269203	-0.000611757	2
-123.27	59.5851	0.00273858	-0.000642457	2
-122.951	60.5251	0.00278519	-0.000673709	2
-122.625	61.4632	0.00283187	-0.000705506	2
-122.293	62.3997	0.00287861	-0.00073784	2
-121.955	63.3345	0.00292542	-0.000770704	2
-121.611	64.2676	0.00297232	-0.00080409	2
-121.261	65.1991	0.0030193	-0.000837991	2
-120.906	66.129	0.00306637	-0.000872399	2
-120.545	67.0575	0.00311353	-0.000907309	2
-120.18	67.9844	0.0031608	-0.000942711	2
-119.809	68.9098	0.00320818	-0.000978598	2
-119.433	69.8338	0.00325567	-0.00101496	2
-119.053	70.7564	0.00330328	-0.0010518	2
-118.668	71.6777	0.00335101	-0.0010891	2
-118.279	72.5976	0.00339888	-0.00112686	2
-117.885	73.5162	0.00344688	-0.00116506	2
-117.493	74.423	0.00349447	-0.00120326	2
-117.092	75.3392	0.00354276	-0.00124234	2
-116.687	76.2542	0.0035912	-0.00128184	2
-116.279	77.168	0.00363981	-0.00132176	2
-115.868	78.0808	0.00368858	-0.0013621	2
-115.454	78.9924	0.00373752	-0.00140284	2
-115.036	79.903	0.00378663	-0.00144397	2
-114.616	80.8126	0.00383593	-0.0014855	2
-114.194	81.7213	0.00388541	-0.00152741	2
-113.769	82.6289	0.00393509	-0.00156969	2
-113.342	83.5357	0.00398497	-0.00161234	2
-112.913	84.4417	0.00403506	-0.00165535	2
-112.483	85.3468	0.00408535	-0.00169872	2
-112.05	86.2511	0.00413586	-0.00174243	2
-111.616	87.1546	0.0041866	-0.00178648	2
-111.181	88.0574	0.00423756	-0.00183086	2
-110.745	88.9596	0.00428876	-0.00187557	2
-110.308	89.861	0.00434019	-0.00192059	2
-109.87	90.7619	0.00439187	-0.00196592	2
-109.432	91.6622	0.0044438	-0.00201155	2
-108.993	92.5619	0.00449599	-0.00205747	2
-108.554	93.4611	0.00454844	-0.00210369	2
-108.115	94.3599	0.00460116	-0.00215018	2
-107.681	95.2479	0.00465354	-0.0021964	2
-107.242	96.1458	0.00470681	-0.00224343	2
-106.804	97.0433	0.00476036	-0.00229071	2
-106.367	97.9406	0.00481421	-0.00233825	2

-75.0027	2.0134	-2.56323e-07	-1.46381e-07	2
-75.2206	3.1548	-2.28406e-05	-1.17668e-05	2
-75.4093	4.2878	-4.67586e-05	-2.15956e-05	2
-75.5663	5.39929	-7.17292e-05	-2.9518e-05	2
-75.691	6.47712	-9.74234e-05	-3.55071e-05	2
-75.7866	7.54663	-0.000124414	-3.97337e-05	2
-75.8519	8.59545	-0.000152384	-4.21491e-05	2
-75.8874	9.62384	-0.000181308	-4.27854e-05	2
-75.8936	10.6321	-0.000211163	-4.16743e-05	2
-75.8708	11.6205	-0.000241922	-3.88478e-05	2
-75.8196	12.5892	-0.000273562	-3.43375e-05	2
-75.7403	13.5387	-0.000306058	-2.81756e-05	2
-75.6334	14.4691	-0.000339385	-2.03936e-05	2
-75.4994	15.3807	-0.000373519	-1.10236e-05	2
-75.3387	16.2738	-0.000408435	-9.7409e-08	2
-75.1517	17.1487	-0.000444108	1.23532e-05	2
-74.9389	18.0057	-0.000480514	2.62963e-05	2
-74.7007	18.8449	-0.000517628	4.17001e-05	2
-74.4375	19.6668	-0.000555426	5.85326e-05	2
-74.1499	20.4715	-0.000593883	7.67621e-05	2
-73.8382	21.2594	-0.000632974	9.63568e-05	2
-73.503	22.0307	-0.000672674	0.000117285	2
-73.1445	22.7857	-0.00071296	0.000139514	2
-72.7634	23.5247	-0.000753806	0.000163013	2
-72.3599	24.2479	-0.000795187	0.000187749	2
-71.9346	24.9557	-0.00083708	0.000213691	2
-71.4932	25.6403	-0.00087897	0.000240489	2
-71.0259	26.3181	-0.000921805	0.000268735	2
-70.538	26.9812	-0.000965079	0.000298091	2
-70.03	27.6299	-0.00100877	0.000328526	2
-69.5024	28.2646	-0.00105284	0.000360008	2
-68.9557	28.8854	-0.00109728	0.000392504	2
-68.3902	29.4926	-0.00114205	0.000425985	2
-67.8064	30.0865	-0.00118715	0.000460416	2
-67.2047	30.6675	-0.00123253	0.000495767	2
-66.5857	31.2356	-0.00127817	0.000532005	2
-65.9496	31.7914	-0.00132406	0.0005691	2
-65.2971	32.3349	-0.00137016	0.000607018	2
-64.6285	32.8666	-0.00141646	0.000645728	2
-63.9442	33.3866	-0.00146292	0.000685199	2
-63.2447	33.8952	-0.00150952	0.000725398	2
-62.5305	34.3927	-0.00155624	0.000766294	2
-61.802	34.8795	-0.00160305	0.000807854	2
-61.0596	35.3556	-0.00164993	0.000850047	2
-60.3038	35.8216	-0.00169685	0.000892841	2
-59.535	36.2775	-0.0017438	0.000936204	2
-58.7537	36.7237	-0.00179073	0.000980104	2
-57.9602	37.1605	-0.00183764	0.00102451	2
-57.1552	37.5881	-0.00188449	0.00106939	2
-56.3483	38.0021	-0.00193072	0.00111419	2
-55.5214	38.4123	-0.00197739	0.00115991	2
-54.6841	38.8141	-0.00202393	0.00120602	2
-53.837	39.2079	-0.00207032	0.00125247	2
-52.9804	39.5939	-0.00211653	0.00129924	2
-52.1148	39.9724	-0.00216253	0.00134628	2
-51.2407	40.3436	-0.00220831	0.00139358	2
-50.3585	40.7078	-0.00225384	0.0014411	2
-49.4686	41.0654	-0.00229909	0.00148881	2
-48.5714	41.4165	-0.00234404	0.00153667	2
-47.6675	41.7615	-0.00238866	0.00158465	2
-46.7572	42.1006	-0.00243293	0.00163273	2
-45.8411	42.4341	-0.00247683	0.00168087	2
-44.9195	42.7623	-0.00252033	0.00172903	2
-43.9928	43.0854	-0.0025634	0.00177719	2
-43.0616	43.4038	-0.00260602	0.00182532	2
-42.1263	43.7176	-0.00264818	0.00187337	2
-41.1873	44.0272	-0.00268983	0.00192133	2
-40.2451	44.3329	-0.00273096	0.00196916	2
-39.3	44.6349	-0.00277154	0.00201682	2
-38.3527	44.9335	-0.00281155	0.00206429	2
-37.4034	45.229	-0.00285097	0.00211153	2
-36.4526	45.5216	-0.00288976	0.00215851	2
-35.5008	45.8116	-0.0029279	0.0022052	2
-34.5594	46.0961	-0.00296495	0.00225104	2
-33.6069	46.3818	-0.00300174	0.00229706	2
-32.6547	46.6658	-0.00303781	0.00234269	2
-31.7032	46.9483	-0.00307314	0.00238791	2
-30.7529	47.2296	-0.00310769	0.00243267	2
-29.8042	47.5099	-0.00314145	0.00247696	2
-28.8577	47.7896	-0.0031744	0.00252073	2
-27.9136	48.0689	-0.0032065	0.00256396	2
-26.9725	48.3481	-0.00323774	0.00260661	2
-26.0348	48.6274	-0.00326808	0.00264865	2
-25.1009	48.9072	-0.0032975	0.00269005	2
-24.1713	49.1878	-0.00332599	0.00273078	2
-23.2465	49.4693	-0.00335351	0.0027708	2
-22.3268	49.752	-0.00338004	0.00281009	2
-21.4127	50.0363	-0.00340555	0.00284861	2
-20.5047	50.3224	-0.00343002	0.00288633	2
-19.6032	50.6106	-0.00345343	0.00292322	2
-18.7087	50.9012	-0.00347575	0.00295924	2
-17.8215	51.1944	-0.00349696	0.00299437	2
-16.9421	51.4905	-0.00351702	0.00302857	2
-16.0711	51.7898	-0.00353593	0.00306181	2
-15.2087	52.0926	-0.00355365	0.00309406	2
-14.3555	52.3991	-0.00357015	0.00312529	2
-13.5216	52.706	-0.00358525	0.00315513	2
-12.6879	53.0207	-0.00359927	0.00318423	2
-11.8647	53.34	-0.00361201	0.00321221	2
-11.0525	53.6641	-0.00362343	0.00323904	2

-25.0073	2.01317	4.99279e-07	-1.1802e-07	2
-25.6189	3.14202	4.17344e-05	-9.49834e-06	2
-26.2097	4.27567	8.00646e-05	-1.7459e-05	2
-26.7724	5.40092	0.000115053	-2.39109e-05	2
-27.3015	6.50497	0.000146416	-2.88339e-05	2
-27.8094	7.61348	0.000174943	-3.2371e-05	2
-28.2901	8.71353	0.000200315	-3.44854e-05	2
-28.7439	9.80512	0.000222593	-3.52058e-05	2
-29.171	10.8882	0.00024184	-3.45612e-05	2
-29.5716	11.9628	0.000258118	-3.25802e-05	2
-29.9461	13.0289	0.000271488	-2.92917e-05	2
-30.2946	14.0864	0.000282014	-2.47245e-05	2
-30.6175	15.1353	0.000289757	-1.89074e-05	2
-30.915	16.1757	0.000294779	-1.18692e-05	2
-31.1874	17.2075	0.000297144	-3.63872e-06	2
-31.4348	18.2306	0.000296913	5.75521e-06	2
-31.6576	19.2451	0.000294148	1.62838e-05	2
-31.856	20.2509	0.000288911	2.79182e-05	2
-32.0303	21.2481	0.000281266	4.06297e-05	2
-32.1807	22.2365	0.000271273	5.43894e-05	2
-32.3075	23.2163	0.000258996	6.91686e-05	2
-32.411	24.1873	0.000244496	8.49383e-05	2
-32.4913	25.1495	0.000227836	0.00010167	2
-32.5489	26.1029	0.000209077	0.000119334	2
-32.5838	27.0476	0.000188283	0.000137903	2
-32.5963	27.9835	0.000165516	0.000157347	2
-32.5871	28.8999	0.000141131	0.0001774	2
-32.556	29.8181	0.000114623	0.000198499	2
-32.5034	30.7275	8.63284e-05	0.000220388	2
-32.4294	31.628	5.6308e-05	0.000243037	2
-32.3344	32.5196	2.46244e-05	0.000266418	2
-32.2186	33.4022	-8.6602e-06	0.000290501	2
-32.0823	34.276	-4.34835e-05	0.000315259	2
-31.9256	35.1407	-7.97833e-05	0.000340662	2
-31.749	35.9964	-0.000117497	0.000366681	2
-31.5525	36.8432	-0.000156564	0.000393288	2
-31.3366	37.6809	-0.00019692	0.000420454	2
-31.1014	38.5096	-0.000238503	0.000448149	2
-30.8471	39.3292	-0.000281252	0.000476346	2
-30.5741	40.1397	-0.000325104	0.000505016	2
-30.2827	40.9411	-0.000369997	0.000534129	2
-29.973	41.7334	-0.000415869	0.000563656	2
-29.6453	42.5166	-0.000462657	0.00059357	2
-29.2998	43.2906	-0.000510299	0.000623841	2
-28.937	44.0554	-0.000558734	0.00065444	2
-28.5568	44.811	-0.000607898	0.000685339	2
-28.1598	45.5574	-0.00065773	0.000716509	2
-27.746	46.2945	-0.000708167	0.00074792	2
-27.3158	47.0224	-0.000759147	0.000779545	2
-26.8746	47.7328	-0.000810014	0.000810987	2
-26.4125	48.4423	-0.000861889	0.00084295	2
-25.9346	49.1424	-0.000914121	0.000875039	2
-25.4414	49.8332	-0.000966649	0.000907227	2
-24.933	50.5146	-0.00101941	0.000939485	2
-24.4096	51.1867	-0.00107234	0.000971783	2
-23.8716	51.8494	-0.00112538	0.00100409	2
-23.3192	52.5026	-0.00117846	0.00103639	2
-22.7527	53.1465	-0.00123153	0.00106863	2
-22.1723	53.7809	-0.00128452	0.0011008	2
-21.5782	54.4058	-0.00133737	0.00113287	2
-20.9708	55.0212	-0.00139002	0.00116481	2
-20.3503	55.6271	-0.0014424	0.00119659	2
-19.7168	56.2235	-0.00149445	0.00122817	2
-19.0708	56.8104	-0.00154611	0.00125954	2
-18.4125	57.3877	-0.00159733	0.00129066	2
-17.742	57.9554	-0.00164803	0.0013215	2
-17.0597	58.5135	-0.00169815	0.00135204	2
-16.3658	59.062	-0.00174763	0.00138224	2
-15.6606	59.6008	-0.00179641	0.00141209	2
-14.9443	60.13	-0.00184443	0.00144154	2
-14.2172	60.6495	-0.00189163	0.00147057	2
-13.4796	61.1593	-0.00193793	0.00149915	2
-12.7316	61.6594	-0.00198329	0.00152725	2
-11.9824	62.1442	-0.00202713	0.00155453	2
-11.2147	62.6249	-0.00207042	0.0015816	2
-10.4375	63.0958	-0.00211257	0.0016081	2
-9.65102	63.557	-0.00215352	0.00163401	2
-8.8555	64.0083	-0.00219321	0.0016593	2
-8.05122	64.4498	-0.00223158	0.00168394	2
-7.23842	64.8814	-0.00226856	0.00170789	2
-6.41737	65.3032	-0.0023041	0.00173114	2
-5.58832	65.7151	-0.00233813	0.00175366	2
-4.75152	66.117	-0.00237058	0.0017754	2
-3.90724	66.5091	-0.00240141	0.00179636	2
-3.05573	66.8912	-0.00243053	0.00181649	2
-2.19724	67.2633	-0.0024579	0.00183577	2
-1.33203	67.6255	-0.00248345	0.00185416	2
-0.460359	67.9776	-0.00250712	0.00187165	2
0.417519	68.3197	-0.00252884	0.0018882	2
1.30135	68.6518	-0.00254856	0.00190378	2
2.19087	68.9738	-0.00256621	0.00191836	2
3.08583	69.2857	-0.00258172	0.00193192	2
3.98597	69.5875	-0.00259504	0.00194443	2
4.89104	69.8792	-0.00260611	0.00195585	2
5.80078	70.1608	-0.00261486	0.00196617	2
6.71493	70.4322	-0.00262123	0.00197534	2
7.62267	70.6905	-0.00262512	0.00198326	2
8.54484	70.9416	-0.00262657	0.00199007	2
9.47065	71.1826	-0.00262546	0.00199567	2
10.3999	71.4133	-0.00262171	0.002	2

24.9982	2.01016	4.85992e-07	4.98517e-08	2
24.8361	2.88543	4.0699e-05	3.96876e-06	2
24.6513	3.77438	7.82299e-05	7.2055e-06	2
24.4465	4.66667	0.000112642	9.73012e-06	2
24.2248	5.55184	0.000143643	1.15453e-05	2
23.9817	6.45033	0.000172003	1.2713e-05	2
23.7204	7.35168	0.000197394	1.32281e-05	2
23.4415	8.25575	0.000219865	1.31105e-05	2
23.1456	9.16237	0.000239467	1.23801e-05	2
22.8334	10.0714	0.000256249	1.10568e-05	2
22.5056	10.9826	0.000270262	9.16049e-06	2
22.1626	11.896	0.000281555	6.71111e-06	2
21.8053	12.8112	0.000290177	3.72857e-06	2
21.4341	13.7282	0.00029618	2.32778e-07	2
21.0499	14.6468	0.000299613	-3.75637e-06	2
20.6531	15.5668	0.000300525	-8.21895e-06	2
20.2445	16.4881	0.000298968	-1.31351e-05	2
19.8247	17.4105	0.000294989	-1.84848e-05	2
19.3942	18.3339	0.00028864	-2.42482e-05	2
18.9539	19.258	0.000279971	-3.04055e-05	2
18.5042	20.1828	0.00026903	-3.69366e-05	2
18.0459	21.1081	0.000255869	-4.38218e-05	2
17.5795	22.0337	0.000240537	-5.1041e-05	2
17.1057	22.9594	0.000223083	-5.85743e-05	2
16.6252	23.8852	0.000203559	-6.6402e-05	2
16.1386	24.8107	0.000182013	-7.4504e-05	2
15.6522	25.7254	0.000158777	-8.27629e-05	2
15.1553	26.6501	0.000133359	-9.13513e-05	2
14.6542	27.5743	0.00010607	-0.000100155	2
14.1495	28.4976	7.69581e-05	-0.000109153	2
13.6419	29.42	4.60738e-05	-0.000118326	2
13.132	30.3412	1.3467e-05	-0.000127654	2
12.6205	31.2612	-2.08126e-05	-0.000137118	2
12.108	32.1798	-5.6715e-05	-0.000146697	2
11.595	33.0967	-9.41902e-05	-0.000156371	2
11.0824	34.0119	-0.000133189	-0.00016612	2
10.5706	34.9251	-0.00017366	-0.000175926	2
10.0604	35.8363	-0.000215555	-0.000185767	2
9.55233	36.7452	-0.000258823	-0.000195623	2
9.0471	37.6518	-0.000303414	-0.000205476	2
8.54532	38.5558	-0.000349279	-0.000215304	2
8.04763	39.457	-0.000396368	-0.000225089	2
7.55468	40.3554	-0.000444631	-0.00023481	2
7.06709	41.2508	-0.000494017	-0.000244446	2
6.58552	42.1429	-0.000544478	-0.00025398	2
6.11058	43.0317	-0.000595962	-0.000263389	2
5.64294	43.917	-0.000648421	-0.000272655	2
5.18321	44.7986	-0.000701804	-0.000281758	2
4.73205	45.6763	-0.000756062	-0.000290677	2
4.29511	46.5401	-0.000810506	-0.000299294	2
3.86287	47.4098	-0.000866355	-0.00030779	2
3.4411	48.2751	-0.000922928	-0.000316043	2
3.03043	49.136	-0.000980178	-0.000324033	2
2.63151	49.9922	-0.00103805	-0.00033174	2
2.24498	50.8436	-0.0010965	-0.000339145	2
1.87146	51.6901	-0.00115548	-0.000346227	2
1.51161	52.5315	-0.00121493	-0.000352967	2
1.16606	53.3676	-0.00127481	-0.000359345	2
0.835444	54.1983	-0.00133506	-0.00036534	2
0.520405	55.0233	-0.00139564	-0.000370934	2
0.22158	55.8427	-0.0014565	-0.000376105	2
-0.0603913	56.6561	-0.00151758	-0.000380834	2
-0.324872	57.4634	-0.00157884	-0.000385102	2
-0.571223	58.2645	-0.00164023	-0.000388888	2
-0.798806	59.0592	-0.00170169	-0.000392172	2
-1.00698	59.8474	-0.00176319	-0.000394935	2
-1.19511	60.6289	-0.00182465	-0.000397156	2
-1.36256	61.4034	-0.00188605	-0.000398816	2
-1.50869	62.171	-0.00194732	-0.000399894	2
-1.63286	62.9313	-0.00200842	-0.000400372	2
-1.73443	63.6844	-0.00206929	-0.000400228	2
-1.81276	64.4299	-0.0021299	-0.000399443	2
-1.86722	65.1677	-0.00219018	-0.000397997	2
-1.89696	65.8893	-0.0022494	-0.000395899	2
-1.90204	66.6114	-0.0023089	-0.00039308	2
-1.88134	67.3254	-0.00236792	-0.00038954	2
-1.83423	68.031	-0.00242642	-0.000385261	2
-1.76005	68.7282	-0.00248435	-0.000380221	2
-1.65817	69.4168	-0.00254165	-0.0003744	2
-1.52796	70.0965	-0.00259829	-0.00036778	2
-1.36877	70.7673	-0.00265421	-0.00036034	2
-1.17997	71.429	-0.00270935	-0.00035206	2
-0.960917	72.0815	-0.00276368	-0.00034292	2
-0.710975	72.7245	-0.00281713	-0.0003329	2
-0.429504	73.3579	-0.00286966	-0.000321981	2
-0.115867	73.9816	-0.00292123	-0.000310142	2
0.230575	74.5954	-0.00297177	-0.000297364	2
0.61046	75.1991	-0.00302124	-0.000283626	2
1.02443	75.7926	-0.0030696	-0.00026891	2
1.47311	76.3757	-0.00311678	-0.000253194	2
1.95716	76.9483	-0.00316274	-0.000236459	2
2.4772	77.5101	-0.00320744	-0.000218685	2
3.03388	78.0611	-0.00325081	-0.000199852	2
3.62783	78.6011	-0.00329282	-0.000179941	2
4.2597	79.1299	-0.0033334	-0.00015893	2
4.93011	79.6473	-0.00337252	-0.000136801	2
5.63133	80.1475	-0.00340969	-0.000113808	2
6.3803	80.6419	-0.00344574	-8.93957e-05	2
7.16973	81.1245	-0.00348017	-6.38052e-05	2
8.00025	81.5951	-0.00351293	-3.70167e-05	2

74.9993	2.01197	3.27179e-08	-1.3371e-07	2
74.9216	3.03357	3.00881e-06	-1.16615e-05	2
74.814	4.0515	6.33119e-06	-2.33781e-05	2
74.678	5.0541	9.94466e-06	-3.51455e-05	2
74.5161	6.03037	1.37807e-05	-4.68232e-05	2
74.3253	7.00333	1.79061e-05	-5.86784e-05	2
74.1079	7.9618	2.22555e-05	-7.05713e-05	2
73.8645	8.90609	2.68063e-05	-8.24975e-05	2
73.5959	9.83649	3.1536e-05	-9.44524e-05	2
73.3025	10.7533	3.64221e-05	-0.000106432	2
72.9851	11.6568	4.14422e-05	-0.000118431	2
72.6444	12.5472	4.65738e-05	-0.000130447	2
72.2809	13.4249	5.17943e-05	-0.000142473	2
71.8952	14.2902	5.70813e-05	-0.000154506	2
71.4881	15.1433	6.24124e-05	-0.000166542	2
71.0602	15.9845	6.7765e-05	-0.000178576	2
70.6121	16.8142	7.31166e-05	-0.000190604	2
70.1444	17.6326	7.84448e-05	-0.000202621	2
69.6578	18.4399	8.3727e-05	-0.000214623	2
69.1529	19.2366	8.89409e-05	-0.000226606	2
68.6304	20.0229	9.40638e-05	-0.000238564	2
68.0909	20.799	9.90734e-05	-0.000250495	2
67.5351	21.5653	0.000103947	-0.000262393	2
66.9635	22.322	0.000108662	-0.000274253	2
66.3768	23.0695	0.000113197	-0.000286073	2
65.7757	23.808	0.000117528	-0.000297847	2
65.168	24.5294	0.000121588	-0.000309436	2
64.5401	25.251	0.000125448	-0.000321105	2
63.8997	25.9644	0.000129038	-0.000332716	2
63.2473	26.67	0.000132334	-0.000344263	2
62.5838	27.3681	0.000135315	-0.000355743	2
61.9096	28.0589	0.000137958	-0.000367151	2
61.2254	28.7428	0.000140241	-0.000378482	2
60.532	29.4201	0.000142141	-0.000389732	2
59.8298	30.0909	0.000143635	-0.000400897	2
59.1196	30.7557	0.000144702	-0.000411972	2
58.4019	31.4148	0.000145318	-0.000422954	2
57.6775	32.0683	0.000145461	-0.000433837	2
56.947	32.7166	0.000145109	-0.000444617	2
56.211	33.36	0.000144239	-0.00045529	2
55.4701	33.9987	0.000142828	-0.000465851	2
54.725	34.6332	0.000140855	-0.000476296	2
53.9763	35.2635	0.000138297	-0.000486621	2
53.2247	35.8902	0.00013513	-0.000496821	2
52.4708	36.5133	0.000131334	-0.000506892	2
51.7153	37.1333	0.000126885	-0.00051683	2
50.9587	37.7504	0.00012176	-0.000526629	2
50.2017	38.3648	0.000115938	-0.000536287	2
49.445	38.977	0.000109395	-0.000545797	2
48.6979	39.5802	0.000102198	-0.00055505	2
47.9437	40.1886	9.41571e-05	-0.000564255	2
47.1916	40.7956	8.53283e-05	-0.000573301	2
46.4423	41.4014	7.56897e-05	-0.000582183	2
45.6965	42.0064	6.52186e-05	-0.000590896	2
44.9547	42.6108	5.38928e-05	-0.000599436	2
44.2177	43.2149	4.16896e-05	-0.000607799	2
43.4861	43.819	2.85865e-05	-0.000615979	2
42.7605	44.4235	1.45612e-05	-0.000623974	2
42.0415	45.0285	-4.08927e-07	-0.000631778	2
41.3298	45.6343	-1.63463e-05	-0.000639387	2
40.6261	46.2414	-3.32735e-05	-0.000646797	2
39.9309	46.8498	-5.12129e-05	-0.000654003	2
39.2449	47.4601	-7.01871e-05	-0.000661001	2
38.5688	48.0723	-9.02184e-05	-0.000667786	2
37.9031	48.6869	-0.000111329	-0.000674354	2
37.2486	49.3041	-0.000133543	-0.000680701	2
36.6058	49.9242	-0.000156881	-0.000686823	2
35.9755	50.5475	-0.000181366	-0.000692714	2
35.3582	51.1743	-0.00020702	-0.000698371	2
34.7546	51.8048	-0.000233867	-0.000703789	2
34.1653	52.4394	-0.000261929	-0.000708964	2
33.5909	53.0784	-0.000291227	-0.000713891	2
33.0322	53.7219	-0.000321785	-0.000718566	2
32.4959	54.363	-0.000353252	-0.000722935	2
31.9701	55.0166	-0.000386382	-0.000727096	2
31.4618	55.6758	-0.000420838	-0.000730992	2
30.9716	56.3408	-0.000456644	-0.000734618	2
30.5003	57.0119	-0.000493821	-0.00073797	2
30.0484	57.6893	-0.000532393	-0.000741044	2
29.6165	58.3734	-0.000572381	-0.000743835	2
29.2054	59.0645	-0.000613808	-0.000746339	2
28.8156	59.7628	-0.000656698	-0.000748551	2
28.4478	60.4686	-0.000701071	-0.000750468	2
28.1027	61.1822	-0.000746951	-0.000752084	2
27.7808	61.904	-0.00079436	-0.000753396	2
27.4828	62.6342	-0.000843321	-0.000754398	2
27.2094	63.373	-0.000893856	-0.000755088	2
26.9611	64.1209	-0.000945987	-0.000755459	2
26.7387	64.878	-0.000999737	-0.000755508	2
26.5428	65.6447	-0.00105513	-0.00075523	2
26.3739	66.4212	-0.00111219	-0.000754622	2
26.2328	67.2079	-0.00117093	-0.000753678	2
26.1201	68.005	-0.00123138	-0.000752394	2
26.0364	68.8128	-0.00129356	-0.000750766	2
25.9824	69.6316	-0.0013575	-0.000748789	2
25.9587	70.4618	-0.00142321	-0.00074646	2
25.9656	71.2937	-0.00148994	-0.000743806	2
26.004	72.1472	-0.00155925	-0.000740761	2
26.0747	73.0128	-0.00163041	-0.000737351	2
26.1782	73.8909	-0.00170343	-0.00073357	2

124.997	2.01367	6.08165e-07	-2.25545e-07	2
124.746	3.17873	5.26996e-05	-1.86248e-05	2
124.469	4.33604	0.000104973	-3.52535e-05	2
124.17	5.47228	0.000156821	-4.99198e-05	2
123.853	6.57511	0.000207654	-6.25217e-05	2
123.511	7.67053	0.000258657	-7.33856e-05	2
123.147	8.74595	0.000309235	-8.23877e-05	2
122.763	9.80174	0.000359389	-8.95615e-05	2
122.358	10.8382	0.00040912	-9.49409e-05	2
121.933	11.8558	0.000458428	-9.85593e-05	2
121.488	12.8548	0.000507314	-0.00010045	2
121.025	13.8356	0.000555777	-0.000100648	2
120.542	14.7985	0.000603819	-9.91858e-05	2
120.041	15.744	0.000651439	-9.60972e-05	2
119.521	16.6723	0.00069864	-9.14161e-05	2
118.984	17.5838	0.000745419	-8.5176e-05	2
118.43	18.4789	0.00079178	-7.74105e-05	2
117.859	19.3579	0.000837721	-6.81535e-05	2
117.271	20.2213	0.000883243	-5.74385e-05	2
116.667	21.0692	0.000928347	-4.52991e-05	2
116.048	21.9022	0.000973032	-3.17691e-05	2
115.413	22.7205	0.0010173	-1.68821e-05	2
114.763	23.5246	0.00106115	-6.71673e-07	2
114.098	24.3147	0.00110459	1.68284e-05	2
113.42	25.0913	0.00114761	3.55845e-05	2
112.727	25.8546	0.00119021	5.5563e-05	2
112.03	26.5966	0.00123192	7.64804e-05	2
111.311	27.3347	0.00127369	9.87896e-05	2
110.579	28.0607	0.00131506	0.000122221	2
109.836	28.7749	0.00135601	0.00014674	2
109.08	29.4777	0.00139655	0.000172313	2
108.313	30.1694	0.00143667	0.000198908	2
107.536	30.8504	0.00147638	0.00022649	2
106.747	31.5211	0.00151568	0.000255025	2
105.948	32.1818	0.00155457	0.00028448	2
105.139	32.8328	0.00159305	0.000314821	2
104.321	33.4745	0.00163112	0.000346015	2
103.493	34.1073	0.00166878	0.000378028	2
102.657	34.7315	0.00170602	0.000410825	2
101.813	35.3475	0.00174286	0.000444375	2
100.961	35.9557	0.00177929	0.000478642	2
100.101	36.5564	0.00181532	0.000513594	2
99.2336	37.1499	0.00185093	0.000549196	2
98.3597	37.7366	0.00188614	0.000585416	2
97.4795	38.3169	0.00192094	0.000622218	2
96.5933	38.8912	0.00195533	0.00065957	2
95.7015	39.4597	0.00198932	0.000697439	2
94.8046	40.0229	0.0020229	0.000735789	2
93.9028	40.5811	0.00205608	0.000774588	2
93.007	41.1283	0.00208848	0.00081335	2
92.0968	41.6776	0.00212085	0.000852941	2
91.183	42.223	0.00215282	0.00089288	2
90.2659	42.7648	0.00218439	0.000933134	2
89.346	43.3034	0.00221555	0.000973669	2
88.4236	43.8391	0.00224632	0.00101445	2
87.4991	44.3723	0.00227668	0.00105545	2
86.5729	44.9034	0.00230664	0.00109662	2
85.6454	45.4327	0.0023362	0.00113794	2
84.7171	45.9606	0.00236535	0.00117938	2
83.7882	46.4874	0.00239411	0.00122089	2
82.8592	47.0135	0.00242247	0.00126245	2
81.9304	47.5392	0.00245043	0.00130401	2
81.0023	48.065	0.00247799	0.00134556	2
80.0753	48.591	0.00250516	0.00138705	2
79.1497	49.1179	0.00253192	0.00142846	2
78.2259	49.6457	0.00255829	0.00146973	2
77.3044	50.175	0.00258427	0.00151086	2
76.3854	50.7061	0.00260984	0.00155179	2
75.4695	51.2394	0.00263502	0.00159249	2
74.557	51.7751	0.00265981	0.00163294	2
73.6482	52.3137	0.0026842	0.0016731	2
72.7436	52.8555	0.00270819	0.00171294	2
71.8436	53.4009	0.0027318	0.00175241	2
70.9588	53.9438	0.00275474	0.00179105	2
70.069	54.4974	0.00277756	0.00182971	2
69.185	55.0556	0.00279999	0.00186791	2
68.3071	55.6187	0.00282202	0.00190562	2
67.4357	56.1873	0.00284367	0.0019428	2
66.5712	56.7615	0.00286492	0.00197942	2
65.714	57.3418	0.00288579	0.00201545	2
64.8645	57.9286	0.00290626	0.00205085	2
64.023	58.5221	0.00292634	0.00208559	2
63.19	59.1228	0.00294603	0.00211964	2
62.3659	59.731	0.00296534	0.00215295	2
61.5511	60.347	0.00298426	0.00218551	2
60.7459	60.9712	0.00300278	0.00221726	2
59.9507	61.604	0.00302093	0.00224819	2
59.1659	62.2457	0.00303868	0.00227826	2
58.392	62.8968	0.00305605	0.00230743	2
57.6292	63.5574	0.00307303	0.00233566	2
56.8781	64.2281	0.00308963	0.00236294	2
56.1389	64.9091	0.00310584	0.00238921	2
55.4121	65.6008	0.00312166	0.00241446	2
54.6981	66.3036	0.00313711	0.00243864	2
53.9973	67.0178	0.00315216	0.00246172	2
53.3099	67.7438	0.00316684	0.00248367	2
52.6442	68.4734	0.00318097	0.00250422	2
51.985	69.2239	0.00319488	0.00252382	2
51.3405	69.9873	0.00320842	0.00254218	2
50.7112	70.7638	0.00322157	0.00255928	2

