-125.002	2.01014	4.63348e-07	5.469e-08	2
-125.177	2.8841	3.87434e-05	4.37922e-06	2
-125.373	3.77194	7.43474e-05	8.00568e-06	2
-125.589	4.66337	0.000106862	1.09e-05	2
-125.82	5.54791	0.000136014	1.30616e-05	2
-126.072	6.44596	0.000162532	1.45612e-05	2
-126.341	7.3471	0.000186108	1.53902e-05	2
-126.627	8.25116	0.000206793	1.55693e-05	2
-126.929	9.15797	0.000224636	1.51189e-05	2
-127.246	10.0674	0.000239686	1.40598e-05	2
-127.578	10.9792	0.000251993	1.24125e-05	2
-127.924	11.8932	0.000261607	1.01977e-05	2
-128.284	12.8094	0.000268578	7.43587e-06	2
-128.657	13.7275	0.000272954	4.14771e-06	2
-129.042	14.6473	0.000274786	3.53787e-07	2
-129.439	15.5687	0.000274124	-3.92528e-06	2
-129.847	16.4916	0.000271017	-8.6689e-06	2
-130.265	17.4157	0.000265514	-1.38565e-05	2
-130.693	18.3408	0.000257665	-1.94673e-05	2
-131.131	19.267	0.00024752	-2.5481e-05	2
-131.577	20.1938	0.000235129	-3.18767e-05	2
-132.03	21.1213	0.000220541	-3.8634e-05	2
-132.492	22.0491	0.000203805	-4.57322e-05	2
-132.96	22.9773	0.000184972	-5.31507e-05	2
-133.434	23.9055	0.000164091	-6.0869e-05	2
-133.913	24.8337	0.000141212	-6.88663e-05	2
-134.392	25.7509	0.00011668	-7.70259e-05	2
-134.881	26.6784	8.99749e-05	-8.5517e-05	2
-135.373	27.6054	6.14194e-05	-9.42256e-05	2
-135.868	28.5316	3.10635e-05	-0.000103131	2
-136.365	29.4569	-1.04305e-06	-0.000112213	2
-136.865	30.3811	-3.48507e-05	-0.000121451	2
-137.365	31.3041	-7.03099e-05	-0.000130824	2
-137.866	32.2257	-0.000107371	-0.000140311	2
-138.367	33.1457	-0.000145984	-0.000149892	2
-138.867	34.0639	-0.0001861	-0.000159546	2
-139.365	34.9803	-0.000227668	-0.000169254	2
-139.862	35.8946	-0.00027064	-0.000178993	2
-140.356	36.8067	-0.000314966	-0.000188744	2
-140.847	37.7164	-0.000360595	-0.000198485	2
-141.334	38.6235	-0.000407479	-0.000208197	2
-141.816	39.5279	-0.000455568	-0.000217859	2
-142.294	40.4293	-0.000504812	-0.00022745	2
-142.765	41.3278	-0.000555161	-0.000236949	2
-143.23	42.2229	-0.000606566	-0.000246336	2
-143.689	43.1147	-0.000658977	-0.00025559	2
-144.139	44.0029	-0.000712345	-0.000264691	2
-144.582	44.8874	-0.00076662	-0.000273618	2
-145.016	45.768	-0.000821752	-0.00028235	2
-145.435	46.6345	-0.000877045	-0.000290771	2
-145.849	47.5068	-0.000933734	-0.000299055	2
-146.253	48.3747	-0.000991132	-0.000307084	2
-146.645	49.2381	-0.00104919	-0.000314835	2
-147.025	50.0968	-0.00110786	-0.000322289	2
-147.393	50.9506	-0.00116709	-0.000329426	2
-147.747	51.7993	-0.00122682	-0.000336223	2
-148.088	52.6427	-0.00128702	-0.000342662	2
-148.414	53.4808	-0.00134763	-0.000348721	2
-148.726	54.3134	-0.0014086	-0.000354379	2
-149.021	55.1402	-0.00146989	-0.000359617	2
-149.3	55.9611	-0.00153143	-0.000364413	2
-149.563	56.776	-0.00159319	-0.000368746	2
-149.807	57.5846	-0.00165511	-0.000372597	2
-150.034	58.3868	-0.00171715	-0.000375945	2
-150.242	59.1825	-0.00177924	-0.000378769	2
-150.43	59.9715	-0.00184136	-0.000381048	2
-150.599	60.7536	-0.00190343	-0.000382762	2
-150.746	61.5286	-0.00196542	-0.00038389	2
-150.873	62.2964	-0.00202728	-0.000384411	2
-150.977	63.0568	-0.00208895	-0.000384306	2
-151.059	63.8097	-0.00215039	-0.000383553	2
-151.118	64.5548	-0.00221155	-0.000382132	2
-151.153	65.2921	-0.00227237	-0.000380022	2
-151.164	66.0129	-0.00233211	-0.000377239	2
-151.15	66.734	-0.00239212	-0.000373699	2
-151.11	67.4467	-0.00245165	-0.000369407	2
-151.044	68.1509	-0.00251065	-0.000364345	2
-150.951	68.8463	-0.00256907	-0.000358491	2
-150.831	69.5329	-0.00262685	-0.000351825	2
-150.683	70.2104	-0.00268396	-0.000344326	2
-150.506	70.8787	-0.00274034	-0.000335974	2
-150.299	71.5376	-0.00279593	-0.000326748	2
-150.063	72.1869	-0.0028507	-0.000316627	2
-149.795	72.8266	-0.00290459	-0.000305591	2
-149.497	73.4563	-0.00295755	-0.000293619	2
-149.167	74.0761	-0.00300953	-0.000280691	2
-148.804	74.6856	-0.00306049	-0.000266785	2
-148.408	75.2847	-0.00311036	-0.000251882	2
-147.979	75.8733	-0.00315911	-0.000235961	2
-147.515	76.4512	-0.00320669	-0.000219001	2
-147.016	77.0182	-0.00325304	-0.000200982	2
-146.482	77.5741	-0.00329811	-0.000181882	2
-145.911	78.1189	-0.00334185	-0.000161682	2
-145.304	78.6522	-0.00338423	-0.00014036	2
-144.659	79.1741	-0.00342517	-0.000117897	2
-143.976	79.6842	-0.00346464	-9.42711e-05	2
-143.263	80.1768	-0.00350217	-6.97542e-05	2
-142.502	80.6631	-0.00353856	-4.37556e-05	2
-141.702	81.1372	-0.00357333	-1.65329e-05	2
-140.86	81.599	-0.00360643	1.19344e-05	2

-75.0007	2.01201	2.4726e-08	-1.15632e-07	2
-75.0793	3.03706	2.32701e-06	-1.01265e-05	2
-75.1878	4.05852	4.99459e-06	-2.03832e-05	2
-75.3249	5.06466	7.9798e-06	-3.07637e-05	2
-75.4879	6.04447	1.12204e-05	-4.11404e-05	2
-75.68	7.02102	1.4769e-05	-5.17481e-05	2
-75.8987	7.98312	1.85667e-05	-6.24603e-05	2
-76.1434	8.93105	2.25905e-05	-7.32708e-05	2
-76.4135	9.86511	2.68174e-05	-8.41729e-05	2
-76.7084	10.7856	3.12245e-05	-9.51604e-05	2
-77.0273	11.6927	3.57888e-05	-0.000106227	2
-77.3696	12.5869	4.04875e-05	-0.000117366	2
-77.7348	13.4683	4.52975e-05	-0.00012857	2
-78.122	14.3373	5.0196e-05	-0.000139835	2
-78.5308	15.1942	5.51598e-05	-0.000151152	2
-78.9604	16.0392	6.01662e-05	-0.000162516	2
-79.4102	16.8726	6.51922e-05	-0.000173921	2
-79.8795	17.6947	7.02147e-05	-0.000185359	2
-80.3677	18.5058	7.52109e-05	-0.000196825	2
-80.8742	19.3063	8.01579e-05	-0.000208312	2
-81.3984	20.0963	8.50326e-05	-0.000219813	2
-81.9394	20.8761	8.98121e-05	-0.000231322	2
-82.4968	21.6462	9.44735e-05	-0.000242833	2
-83.0699	22.4066	9.89938e-05	-0.00025434	2
-83.658	23.1578	0.00010335	-0.000265835	2
-84.2604	23.9001	0.000107519	-0.000277312	2
-84.8694	24.6252	0.000111434	-0.000288634	2
-85.4986	25.3504	0.000115164	-0.000300058	2
-86.1401	26.0675	0.000118638	-0.000311444	2
-86.7935	26.7768	0.000121833	-0.000322787	2
-87.458	27.4785	0.000124727	-0.000334081	2
-88.133	28.173	0.000127296	-0.000345318	2
-88.8179	28.8605	0.000129518	-0.000356493	2
-89.512	29.5413	0.00013137	-0.000367599	2
-90.2146	30.2157	0.000132828	-0.000378629	2
-90.9252	30.884	0.00013387	-0.000389578	2
-91.643	31.5465	0.000134474	-0.000400438	2
-92.3675	32.2035	0.000134615	-0.000411203	2
-93.0979	32.8553	0.000134271	-0.000421868	2
-93.8336	33.5021	0.000133418	-0.000432424	2
-94.5741	34.1442	0.000132036	-0.000442867	2
-95.3185	34.7819	0.000130099	-0.000453189	2
-96.0664	35.4156	0.000127585	-0.000463384	2
-96.817	36.0454	0.000124472	-0.000473446	2
-97.5697	36.6718	0.000120735	-0.000483368	2
-98.3238	37.2949	0.000116353	-0.000493144	2
-99.0788	37.9151	0.000111303	-0.000502768	2
-99.8339	38.5326	0.000105561	-0.000512232	2
-100.588	39.1478	9.91041e-05	-0.000521531	2
-101.333	39.7539	9.1997e-05	-0.000530554	2
-102.085	40.3652	8.40513e-05	-0.000539504	2
-102.834	40.9751	7.53225e-05	-0.00054827	2
-103.581	41.5837	6.57876e-05	-0.000556845	2
-104.323	42.1914	5.54238e-05	-0.000565222	2
-105.061	42.7985	4.4208e-05	-0.000573395	2
-105.794	43.4052	3.21172e-05	-0.000581357	2
-106.522	44.0119	1.91287e-05	-0.000589103	2
-107.243	44.6188	5.21927e-06	-0.000596626	2
-107.957	45.2262	-9.63387e-06	-0.000603918	2
-108.664	45.8344	-2.54537e-05	-0.000610975	2
-109.362	46.4437	-4.22632e-05	-0.000617789	2
-110.051	47.0544	-6.00853e-05	-0.000624353	2
-110.731	47.6667	-7.89429e-05	-0.000630663	2
-111.401	48.281	-9.88591e-05	-0.00063671	2
-112.06	48.8976	-0.000119857	-0.000642489	2
-112.707	49.5167	-0.000141959	-0.000647994	2
-113.343	50.1386	-0.000165188	-0.000653217	2
-113.965	50.7636	-0.000189567	-0.000658152	2
-114.574	51.392	-0.00021512	-0.000662793	2
-115.169	52.0241	-0.000241869	-0.000667134	2
-115.75	52.6602	-0.000269838	-0.000671168	2
-116.315	53.3005	-0.000299048	-0.000674889	2
-116.864	53.9454	-0.000329523	-0.000678289	2
-117.39	54.5876	-0.000360914	-0.00068133	2
-117.905	55.2424	-0.000393973	-0.000684076	2
-118.402	55.9026	-0.000428365	-0.000686483	2
-118.881	56.5685	-0.000464115	-0.000688544	2
-119.341	57.2403	-0.000501243	-0.000690253	2
-119.78	57.9185	-0.000539774	-0.000691604	2
-120.199	58.6032	-0.000579731	-0.00069259	2
-120.597	59.2947	-0.000621136	-0.000693205	2
-120.973	59.9934	-0.000664012	-0.000693443	2
-121.327	60.6995	-0.000708382	-0.000693296	2
-121.657	61.4133	-0.00075427	-0.000692759	2
-121.964	62.1352	-0.000801698	-0.000691825	2
-122.246	62.8653	-0.000850689	-0.000690487	2
-122.504	63.604	-0.000901266	-0.00068874	2
-122.735	64.3515	-0.000953452	-0.000686576	2
-122.94	65.1082	-0.00100727	-0.00068399	2
-123.118	65.8744	-0.00106274	-0.000680975	2
-123.269	66.6503	-0.00111989	-0.000677524	2
-123.391	67.4362	-0.00117874	-0.000673631	2
-123.485	68.2324	-0.00123932	-0.00066929	2
-123.548	69.0392	-0.00130164	-0.000664494	2
-123.582	69.8568	-0.00136573	-0.000659237	2
-123.585	70.6857	-0.00143162	-0.000653512	2
-123.556	71.5163	-0.00149853	-0.000647387	2
-123.496	72.3682	-0.00156804	-0.000640713	2
-123.402	73.2321	-0.00163942	-0.000633552	2
-123.275	74.1084	-0.00171268	-0.000625898	2

-25.003	2.01374	5.8655e-07	-1.81068e-07	2
-25.2705	3.18409	5.07719e-05	-1.48477e-05	2
-25.5635	4.34615	0.000101023	-2.78842e-05	2
-25.8788	5.48655	0.000150756	-3.91398e-05	2
-26.212	6.59291	0.000199409	-4.85455e-05	2
-26.5704	7.69132	0.000248115	-5.63501e-05	2
-26.9498	8.76916	0.000296309	-6.24646e-05	2
-27.3499	9.82681	0.000343991	-6.69194e-05	2
-27.7703	10.8646	0.000391164	-6.97449e-05	2
-28.2105	11.883	0.00043783	-7.09714e-05	2
-28.6703	12.8822	0.000483991	-7.06292e-05	2
-29.1492	13.8628	0.000529647	-6.87489e-05	2
-29.6469	14.8249	0.000574802	-6.53607e-05	2
-30.1628	15.7691	0.000619458	-6.0495e-05	2
-30.6967	16.6956	0.000663615	-5.41822e-05	2
-31.2482	17.6049	0.000707276	-4.64527e-05	2
-31.8168	18.4973	0.000750444	-3.73369e-05	2
-32.4022	19.3732	0.000793119	-2.6865e-05	2
-33.004	20.2329	0.000835304	-1.50676e-05	2
-33.6217	21.0768	0.000877	-1.97487e-06	2
-34.2551	21.9054	0.00091821	1.23827e-05	2
-34.9037	22.7188	0.000958935	2.79747e-05	2
-35.567	23.5176	0.000999178	4.47709e-05	2
-36.2449	24.302	0.00103894	6.27408e-05	2
-36.9367	25.0725	0.00107822	8.1854e-05	2
-37.6422	25.8294	0.00111703	0.00010208	2
-38.3527	26.5647	0.00115492	0.000123138	2
-39.0842	27.2957	0.00119278	0.000145487	2
-39.8281	28.0142	0.00123018	0.000168859	2
-40.5842	28.7206	0.0012671	0.000193222	2
-41.352	29.4152	0.00130355	0.000218547	2
-42.1311	30.0985	0.00133954	0.000244803	2
-42.9211	30.7707	0.00137507	0.000271959	2
-43.7216	31.4323	0.00141013	0.000299986	2
-44.5323	32.0836	0.00144473	0.000328853	2
-45.3527	32.725	0.00147888	0.00035853	2
-46.1824	33.3569	0.00151257	0.000388985	2
-47.0212	33.9796	0.0015458	0.00042019	2
-47.8685	34.5935	0.00157859	0.000452113	2
-48.724	35.1989	0.00161092	0.000484724	2
-49.5873	35.7962	0.0016428	0.000517993	2
-50.4581	36.3859	0.00167424	0.00055189	2
-51.3358	36.9682	0.00170523	0.000586383	2
-52.2201	37.5435	0.00173578	0.000621443	2
-53.1107	38.1122	0.00176589	0.000657039	2
-54.0072	38.6747	0.00179556	0.000693141	2
-54.9091	39.2314	0.00182479	0.000729718	2
-55.816	39.7825	0.00185359	0.000766741	2
-56.7277	40.3285	0.00188195	0.000804179	2
-57.633	40.8635	0.00190956	0.000841564	2
-58.5528	41.4003	0.00193707	0.000879735	2
-59.4761	41.9332	0.00196415	0.000918231	2
-60.4025	42.4623	0.0019908	0.000957021	2
-61.3316	42.9882	0.00201703	0.000996073	2
-62.2631	43.5111	0.00204284	0.00103536	2
-63.1965	44.0314	0.00206823	0.00107485	2
-64.1314	44.5496	0.0020932	0.00111451	2
-65.0676	45.0659	0.00211775	0.00115431	2
-66.0045	45.5807	0.00214189	0.00119422	2
-66.9417	46.0945	0.00216561	0.00123422	2
-67.879	46.6075	0.00218893	0.00127426	2
-68.8159	47.1202	0.00221183	0.00131433	2
-69.752	47.6329	0.00223433	0.00135438	2
-70.6869	48.1459	0.00225643	0.0013944	2
-71.6203	48.6597	0.00227812	0.00143434	2
-72.5516	49.1746	0.00229941	0.00147418	2
-73.4807	49.6909	0.0023203	0.00151389	2
-74.407	50.2091	0.0023408	0.00155344	2
-75.3302	50.7295	0.00236089	0.0015928	2
-76.2498	51.2525	0.0023806	0.00163193	2
-77.1656	51.7785	0.00239991	0.00167081	2
-78.077	52.3077	0.00241884	0.00170941	2
-78.9838	52.8407	0.00243737	0.00174769	2
-79.8751	53.3715	0.00245531	0.0017852	2
-80.7714	53.9128	0.00247308	0.00182276	2
-81.6618	54.4589	0.00249047	0.00185993	2
-82.546	55.0102	0.00250748	0.00189666	2
-83.4235	55.567	0.00252411	0.00193292	2
-84.294	56.1296	0.00254036	0.00196869	2
-85.1571	56.6985	0.00255624	0.00200393	2
-86.0123	57.2741	0.00257174	0.00203862	2
-86.8594	57.8566	0.00258688	0.00207271	2
-87.6979	58.4464	0.00260164	0.0021062	2
-88.5274	59.044	0.00261604	0.00213903	2
-89.3475	59.6497	0.00263007	0.00217119	2
-90.1579	60.2638	0.00264374	0.00220263	2
-90.9581	60.8867	0.00265705	0.00223334	2
-91.7478	61.5188	0.00267	0.00226328	2
-92.5265	62.1605	0.00268259	0.00229242	2
-93.2939	62.8121	0.00269483	0.00232073	2
-94.0496	63.474	0.00270671	0.00234818	2
-94.7932	64.1466	0.00271824	0.00237474	2
-95.5243	64.8302	0.00272942	0.00240038	2
-96.2425	65.5251	0.00274025	0.00242506	2
-96.9475	66.2319	0.00275074	0.00244877	2
-97.6388	66.9507	0.00276088	0.00247146	2
-98.3083	67.6736	0.00277057	0.00249287	2
-98.9712	68.4177	0.00278003	0.00251346	2
-99.6194	69.175	0.00278916	0.00253294	2
-100.252	69.9459	0.00279794	0.0025513	2

24.9958	2.01259	5.39637e-07	1.68664e-07	2
24.6405	3.094	4.68734e-05	1.4207e-05	2
24.2977	4.18453	9.35979e-05	2.74746e-05	2
23.9714	5.27163	0.000140178	3.98103e-05	2
23.6649	6.3429	0.000186086	5.10959e-05	2
23.3709	7.42328	0.000232393	6.16012e-05	2
23.0929	8.50033	0.00027857	7.11974e-05	2
22.8307	9.57408	0.000324621	7.98919e-05	2
22.5841	10.6446	0.000370551	8.76924e-05	2
22.3529	11.7118	0.000416364	9.46065e-05	2
22.137	12.7759	0.000462065	0.000100642	2
21.9362	13.8368	0.000507659	0.000105806	2
21.7503	14.8945	0.00055315	0.000110106	2
21.5791	15.9492	0.000598543	0.00011355	2
21.4224	17.0008	0.000643842	0.000116146	2
21.2801	18.0493	0.000689053	0.0001179	2
21.1519	19.0949	0.000734179	0.000118822	2
21.0378	20.1375	0.000779225	0.000118917	2
20.9374	21.1771	0.000824197	0.000118194	2
20.8507	22.2139	0.000869098	0.000116661	2
20.7775	23.2477	0.000913933	0.000114324	2
20.7175	24.2788	0.000958707	0.000111192	2
20.6706	25.307	0.00100342	0.000107272	2
20.6367	26.3325	0.00104809	0.000102572	2
20.6154	27.3552	0.00109271	9.70991e-05	2
20.6068	28.3753	0.00113728	9.0861e-05	2
20.6103	29.381	0.00118131	8.39499e-05	2
20.6261	30.3957	0.00122581	7.62127e-05	2
20.6538	31.4079	0.00127029	6.7733e-05	2
20.6934	32.4174	0.00131474	5.85184e-05	2
20.7447	33.4245	0.00135917	4.85764e-05	2
20.8074	34.429	0.00140358	3.79146e-05	2
20.8814	35.4311	0.00144799	2.65406e-05	2
20.9665	36.4307	0.00149238	1.4462e-05	2
21.0625	37.4279	0.00153678	1.68639e-06	2
21.1693	38.4228	0.00158118	-1.17787e-05	2
21.2867	39.4153	0.00162559	-2.59257e-05	2
21.4145	40.4055	0.00167001	-4.0747e-05	2
21.5524	41.3934	0.00171445	-5.6235e-05	2
21.7004	42.3791	0.00175891	-7.23822e-05	2
21.8583	43.3625	0.0018034	-8.91809e-05	2
22.0258	44.3438	0.00184791	-0.000106624	2
22.2028	45.323	0.00189247	-0.000124703	2
22.3891	46.3	0.00193706	-0.000143411	2
22.5846	47.275	0.0019817	-0.00016274	2
22.789	48.2479	0.00202639	-0.000182683	2
23.0022	49.2189	0.00207113	-0.000203232	2
23.2239	50.1878	0.00211593	-0.000224379	2
23.4541	51.1548	0.00216079	-0.000246118	2
23.6897	52.1088	0.0022052	-0.00026818	2
23.936	53.072	0.00225021	-0.000291071	2
24.1902	54.0334	0.00229529	-0.00031453	2
24.4521	54.993	0.00234045	-0.00033855	2
24.7215	55.9508	0.0023857	-0.000363123	2
24.9983	56.9068	0.00243103	-0.000388242	2
25.2821	57.8612	0.00247647	-0.000413898	2
25.573	58.8138	0.002522	-0.000440085	2
25.8706	59.7648	0.00256764	-0.000466795	2
26.1749	60.7142	0.00261339	-0.00049402	2
26.4855	61.662	0.00265925	-0.000521753	2
26.8024	62.6083	0.00270523	-0.000549985	2
27.1254	63.5531	0.00275134	-0.00057871	2
27.4543	64.4963	0.00279757	-0.000607921	2
27.7888	65.4381	0.00284393	-0.000637608	2
28.1289	66.3786	0.00289043	-0.000667765	2
28.4744	67.3176	0.00293707	-0.000698385	2
28.825	68.2553	0.00298386	-0.000729459	2
29.1806	69.1916	0.0030308	-0.00076098	2
29.5409	70.1267	0.0030779	-0.00079294	2
29.906	71.0605	0.00312515	-0.000825332	2
30.2754	71.9931	0.00317257	-0.000858149	2
30.6491	72.9245	0.00322016	-0.000891382	2
31.0269	73.8548	0.00326793	-0.000925024	2
31.4042	74.7733	0.00331532	-0.000958675	2
31.7896	75.7014	0.00336344	-0.000993108	2
32.1785	76.6284	0.00341175	-0.00102793	2
32.5708	77.5544	0.00346025	-0.00106313	2
32.9663	78.4794	0.00350895	-0.0010987	2
33.3647	79.4035	0.00355785	-0.00113463	2
33.766	80.3267	0.00360696	-0.00117092	2
34.17	81.2489	0.00365628	-0.00120756	2
34.5763	82.1703	0.00370581	-0.00124454	2
34.985	83.0909	0.00375556	-0.00128185	2
35.3958	84.0107	0.00380554	-0.00131949	2
35.8085	84.9298	0.00385575	-0.00135745	2
36.2229	85.8481	0.00390619	-0.00139571	2
36.6389	86.7657	0.00395687	-0.00143428	2
37.0563	87.6827	0.00400779	-0.00147315	2
37.4749	88.5991	0.00405896	-0.00151231	2
37.8945	89.5148	0.00411038	-0.00155174	2
38.3149	90.43	0.00416206	-0.00159145	2
38.736	91.3447	0.004214	-0.00163142	2
39.1576	92.2589	0.00426621	-0.00167165	2
39.5794	93.1727	0.00431869	-0.00171213	2
40.0014	94.086	0.00437144	-0.00175285	2
40.4233	94.9989	0.00442447	-0.00179381	2
40.8402	95.901	0.00447718	-0.00183452	2
41.2614	96.8132	0.00453078	-0.00187592	2
41.6821	97.7252	0.00458468	-0.00191754	2
42.102	98.6369	0.00463887	-0.00195935	2

74.9974	2.01344	-2.791e-07	-1.19685e-07	2
74.7871	3.15825	-2.47709e-05	-9.51948e-06	2
74.6065	4.2941	-5.05166e-05	-1.72511e-05	2
74.4578	5.40784	-7.72143e-05	-2.32235e-05	2
74.3417	6.48733	-0.000104519	-2.74265e-05	2
74.2551	7.55794	-0.000133042	-2.99862e-05	2
74.1991	8.60729	-0.000162449	-3.08726e-05	2
74.1731	9.63566	-0.000192718	-3.01144e-05	2
74.1768	10.6433	-0.000223826	-2.77403e-05	2
74.2098	11.6306	-0.00025575	-2.37791e-05	2
74.2714	12.5978	-0.000288467	-1.82595e-05	2
74.3614	13.5451	-0.000321955	-1.12103e-05	2
74.4792	14.4728	-0.00035619	-2.6601e-06	2
74.6244	15.3813	-0.000391151	7.36231e-06	2
74.7966	16.2708	-0.000426814	1.88282e-05	2
74.9953	17.1416	-0.000463157	3.17089e-05	2
75.22	17.9939	-0.000500157	4.59756e-05	2
75.4703	18.8282	-0.000537791	6.15996e-05	2
75.7457	19.6446	-0.000576037	7.85522e-05	2
76.0459	20.4434	-0.000614872	9.68046e-05	2
76.3703	21.2249	-0.000654273	0.000116328	2
76.7185	21.9895	-0.000694218	0.000137094	2
77.09	22.7373	-0.000734683	0.000159074	2
77.4844	23.4687	-0.000775646	0.000182238	2
77.9013	24.184	-0.000817085	0.000206559	2
78.3401	24.8834	-0.000858976	0.000232007	2
78.7951	25.5595	-0.000900809	0.000258243	2
79.2764	26.2282	-0.000943533	0.000285848	2
79.7783	26.8819	-0.000986641	0.000314495	2
80.3003	27.5209	-0.00103011	0.000344154	2
80.8422	28.1454	-0.00107392	0.000374798	2
81.4033	28.7558	-0.00111805	0.000406397	2
81.9832	29.3524	-0.00116247	0.000438923	2
82.5816	29.9353	-0.00120716	0.000472347	2
83.1979	30.5049	-0.0012521	0.00050664	2
83.8317	31.0616	-0.00129727	0.000541773	2
84.4825	31.6054	-0.00134264	0.000577719	2
85.1499	32.1369	-0.00138819	0.000614447	2
85.8334	32.6562	-0.00143389	0.00065193	2
86.5327	33.1636	-0.00147974	0.000690139	2
87.2471	33.6594	-0.00152569	0.000729044	2
87.9764	34.1439	-0.00157173	0.000768618	2
88.72	34.6173	-0.00161784	0.000808831	2
89.4775	35.0801	-0.001664	0.000849655	2
90.2484	35.5323	-0.00171017	0.000891061	2
91.0323	35.9744	-0.00175635	0.00093302	2
91.8287	36.4067	-0.0018025	0.000975504	2
92.6372	36.8293	-0.0018486	0.00101848	2
93.4573	37.2426	-0.00189464	0.00106193	2
94.279	37.6422	-0.00194005	0.00110531	2
95.1209	38.0378	-0.00198588	0.0011496	2
95.9732	38.425	-0.00203157	0.00119427	2
96.8352	38.8039	-0.0020771	0.00123929	2
97.7066	39.175	-0.00212245	0.00128464	2
98.587	39.5384	-0.0021676	0.00133028	2
99.4758	39.8945	-0.00221251	0.00137619	2
100.373	40.2436	-0.00225718	0.00142234	2
101.277	40.5859	-0.00230157	0.00146869	2
102.189	40.9217	-0.00234566	0.00151523	2
103.107	41.2513	-0.00238943	0.00156192	2
104.031	41.575	-0.00243287	0.00160873	2
104.962	41.8931	-0.00247594	0.00165563	2
105.897	42.2059	-0.00251862	0.0017026	2
106.838	42.5136	-0.00256089	0.0017496	2
107.783	42.8165	-0.00260273	0.00179662	2
108.732	43.115	-0.00264411	0.00184361	2
109.684	43.4092	-0.00268502	0.00189055	2
110.639	43.6995	-0.00272542	0.00193741	2
111.597	43.9862	-0.0027653	0.00198417	2
112.558	44.2696	-0.00280464	0.00203079	2
113.52	44.5498	-0.00284341	0.00207725	2
114.483	44.8273	-0.00288158	0.00212351	2
115.447	45.1023	-0.00291914	0.00216955	2
116.4	45.372	-0.00295564	0.00221482	2
117.365	45.6429	-0.00299192	0.00226033	2
118.329	45.9121	-0.0030275	0.00230554	2
119.291	46.18	-0.00306239	0.00235041	2
120.253	46.4468	-0.00309655	0.00239491	2
121.212	46.7128	-0.00312995	0.00243902	2
122.17	46.9783	-0.00316259	0.00248271	2
123.124	47.2436	-0.00319442	0.00252595	2
124.075	47.509	-0.00322544	0.0025687	2
125.023	47.7747	-0.00325562	0.00261095	2
125.966	48.041	-0.00328494	0.00265266	2
126.905	48.3082	-0.00331336	0.0026938	2
127.839	48.5767	-0.00334088	0.00273435	2
128.767	48.8466	-0.00336747	0.00277427	2
129.689	49.1183	-0.0033931	0.00281354	2
130.605	49.392	-0.00341775	0.00285213	2
131.515	49.6681	-0.00344141	0.00289001	2
132.416	49.9468	-0.00346404	0.00292715	2
133.31	50.2284	-0.00348562	0.00296353	2
134.196	50.5132	-0.00350614	0.0029991	2
135.074	50.8015	-0.00352557	0.00303386	2
135.942	51.0935	-0.00354388	0.00306775	2
136.801	51.3896	-0.00356106	0.00310077	2
137.64	51.6865	-0.0035769	0.00313251	2
138.478	51.9915	-0.00359175	0.00316369	2
139.305	52.3013	-0.00360539	0.00319389	2
140.121	52.6163	-0.00361781	0.0032231	2

124.993	2.01321	4.4997e-07	-7.98392e-08	2
124.368	3.14457	3.75467e-05	-6.25874e-06	2
123.766	4.2803	7.18938e-05	-1.11441e-05	2
123.192	5.40718	0.0001031	-1.46821e-05	2
122.654	6.51238	0.000130918	-1.68804e-05	2
122.137	7.62161	0.000156053	-1.7816e-05	2
121.648	8.72196	0.000178223	-1.74815e-05	2
121.188	9.81341	0.000197487	-1.59029e-05	2
120.755	10.8959	0.000213902	-1.31061e-05	2
120.35	11.9696	0.000227529	-9.11706e-06	2
119.971	13.0343	0.000238425	-3.96159e-06	2
119.62	14.09	0.00024665	2.33436e-06	2
119.295	15.1368	0.000252262	9.74489e-06	2
118.996	16.1747	0.000255321	1.82441e-05	2
118.723	17.2035	0.000255884	2.78061e-05	2
118.476	18.2234	0.00025401	3.84049e-05	2
118.254	19.2343	0.000249759	5.00146e-05	2
118.058	20.2363	0.000243189	6.26094e-05	2
117.886	21.2291	0.000234359	7.61634e-05	2
117.739	22.213	0.000223327	9.06506e-05	2
117.616	23.1879	0.000210153	0.000106045	2
117.518	24.1537	0.000194894	0.000122321	2
117.443	25.1104	0.000177611	0.000139452	2
117.391	26.0581	0.000158361	0.000157413	2
117.363	26.9967	0.000137203	0.000176178	2
117.358	27.9262	0.000114197	0.000195721	2
117.375	28.8361	8.96955e-05	0.000215778	2
117.415	29.7476	6.31872e-05	0.00023679	2
117.477	30.6499	3.50056e-05	0.000258502	2
117.56	31.5431	5.20941e-06	0.000280889	2
117.666	32.4272	-2.61425e-05	0.000303925	2
117.792	33.3021	-5.89915e-05	0.000327583	2
117.94	34.1678	-9.32787e-05	0.000351838	2
118.108	35.0244	-0.000128945	0.000376663	2
118.297	35.8718	-0.000165933	0.000402034	2
118.506	36.7101	-0.000204182	0.000427924	2
118.735	37.5391	-0.000243635	0.000454307	2
118.983	38.3589	-0.000284232	0.000481157	2
119.251	39.1695	-0.000325915	0.000508448	2
119.538	39.9709	-0.000368625	0.000536155	2
119.844	40.7631	-0.000412303	0.000564251	2
120.168	41.546	-0.000456891	0.00059271	2
120.511	42.3196	-0.000502329	0.000621508	2
120.872	43.084	-0.000548559	0.000650617	2
121.25	43.8391	-0.000595523	0.000680012	2
121.646	44.5849	-0.000643161	0.000709667	2
122.059	45.3214	-0.000691414	0.000739556	2
122.489	46.0485	-0.000740225	0.000769653	2
122.935	46.7664	-0.000789533	0.000799933	2
123.392	47.4669	-0.000838707	0.000830018	2
123.871	48.1662	-0.000888832	0.000860582	2
124.366	48.8561	-0.000939279	0.000891252	2
124.876	49.5367	-0.00098999	0.000922	2
125.401	50.2079	-0.00104091	0.000952802	2
125.941	50.8697	-0.00109197	0.000983631	2
126.496	51.5222	-0.00114312	0.00101446	2
127.065	52.1652	-0.0011943	0.00104527	2
127.649	52.7988	-0.00124544	0.00107602	2
128.246	53.423	-0.0012965	0.0011067	2
128.857	54.0378	-0.00134742	0.00113727	2
129.481	54.6431	-0.00139812	0.00116772	2
130.118	55.239	-0.00144856	0.00119801	2
130.768	55.8254	-0.00149868	0.00122813	2
131.431	56.4023	-0.00154842	0.00125803	2
132.105	56.9697	-0.00159771	0.00128771	2
132.792	57.5277	-0.0016465	0.00131712	2
133.49	58.0761	-0.00169474	0.00134626	2
134.2	58.615	-0.00174236	0.00137508	2
134.92	59.1444	-0.0017893	0.00140357	2
135.652	59.6642	-0.0018355	0.00143169	2
136.394	60.1745	-0.00188091	0.00145943	2
137.146	60.6753	-0.00192547	0.00148676	2
137.909	61.1665	-0.00196912	0.00151364	2
138.672	61.6426	-0.00201132	0.00153976	2
139.453	62.1147	-0.00205298	0.0015657	2
140.244	62.5772	-0.00209355	0.00159112	2
141.044	63.0301	-0.00213298	0.00161599	2
141.852	63.4734	-0.0021712	0.0016403	2
142.668	63.9071	-0.00220817	0.00166401	2
143.493	64.3311	-0.0022438	0.00168711	2
144.325	64.7454	-0.00227806	0.00170955	2
145.165	65.1501	-0.00231088	0.00173133	2
146.012	65.5452	-0.0023422	0.00175241	2
146.866	65.9305	-0.00237197	0.00177276	2
147.727	66.3062	-0.00240011	0.00179236	2
148.594	66.6721	-0.00242659	0.00181119	2
149.468	67.0284	-0.00245133	0.00182922	2
150.347	67.3749	-0.00247428	0.00184641	2
151.232	67.7117	-0.00249537	0.00186276	2
152.122	68.0387	-0.00251456	0.00187823	2
153.017	68.356	-0.00253178	0.00189279	2
153.917	68.6635	-0.00254697	0.00190641	2
154.821	68.9612	-0.00256008	0.00191909	2
155.73	69.2492	-0.00257104	0.00193078	2
156.643	69.5274	-0.0025798	0.00194146	2
157.559	69.7957	-0.0025863	0.0019511	2
158.468	70.0513	-0.00259044	0.00195959	2
159.391	70.3002	-0.00259227	0.0019671	2
160.316	70.5391	-0.00259165	0.0019735	2
161.244	70.7683	-0.00258854	0.00197876	2

