-125.001	2.01214	2.9235e-07	-4.8711e-07	2
-125.077	3.05077	2.64559e-05	-4.09055e-05	2
-125.175	4.09024	5.49556e-05	-7.88642e-05	2
-125.292	5.1186	8.54645e-05	-0.000113927	2
-125.428	6.12439	0.000117564	-0.000145792	2
-125.584	7.1312	0.000151966	-0.000175249	2
-125.76	8.12745	0.000188274	-0.000201962	2
-125.954	9.11331	0.000226453	-0.000225984	2
-126.166	10.089	0.00026647	-0.000247365	2
-126.397	11.0546	0.00030829	-0.000266156	2
-126.645	12.0104	0.000351877	-0.000282408	2
-126.911	12.9566	0.000397198	-0.000296172	2
-127.193	13.8933	0.000444219	-0.000307499	2
-127.492	14.8207	0.000492903	-0.000316441	2
-127.808	15.7391	0.000543218	-0.000323047	2
-128.139	16.6485	0.000595129	-0.000327371	2
-128.487	17.5491	0.000648601	-0.000329461	2
-128.849	18.4413	0.000703599	-0.00032937	2
-129.227	19.325	0.000760089	-0.000327148	2
-129.619	20.2006	0.000818037	-0.000322847	2
-130.025	21.0682	0.000877408	-0.000316517	2
-130.446	21.9279	0.000938168	-0.00030821	2
-130.88	22.7801	0.00100028	-0.000297977	2
-131.328	23.6248	0.00106371	-0.000285868	2
-131.788	24.4622	0.00112843	-0.000271935	2
-132.262	25.2925	0.0011944	-0.000256229	2
-132.742	26.1065	0.00126081	-0.00023901	2
-133.239	26.9233	0.00132916	-0.00021993	2
-133.748	27.7336	0.00139866	-0.000199228	2
-134.268	28.5375	0.00146927	-0.000176957	2
-134.8	29.3352	0.00154097	-0.000153168	2
-135.342	30.1269	0.0016137	-0.00012791	2
-135.894	30.9129	0.00168745	-0.000101237	2
-136.457	31.6932	0.00176217	-7.31973e-05	2
-137.029	32.4681	0.00183783	-4.38437e-05	2
-137.61	33.2377	0.00191439	-1.32266e-05	2
-138.2	34.0023	0.00199183	1.86028e-05	2
-138.799	34.762	0.0020701	5.15935e-05	2
-139.407	35.517	0.00214918	8.56945e-05	2
-140.022	36.2674	0.00222903	0.000120855	2
-140.645	37.0136	0.0023096	0.000157023	2
-141.275	37.7555	0.00239088	0.000194148	2
-141.912	38.4935	0.00247282	0.00023218	2
-142.556	39.2277	0.00255539	0.000271067	2
-143.206	39.9583	0.00263856	0.000310757	2
-143.863	40.6855	0.00272228	0.000351201	2
-144.524	41.4095	0.00280654	0.000392346	2
-145.191	42.1304	0.00289128	0.000434143	2
-145.864	42.8484	0.00297649	0.000476539	2
-146.532	43.5555	0.00306112	0.000518987	2
-147.213	44.2684	0.00314713	0.000562424	2
-147.898	44.9789	0.0032335	0.000606309	2
-148.587	45.6873	0.00332018	0.00065059	2
-149.279	46.3938	0.00340715	0.000695215	2
-149.974	47.0984	0.00349437	0.000740136	2
-150.671	47.8015	0.0035818	0.000785299	2
-151.371	48.5032	0.00366942	0.000830654	2
-152.073	49.2036	0.00375718	0.00087615	2
-152.776	49.903	0.00384506	0.000921736	2
-153.481	50.6016	0.00393301	0.000967361	2
-154.186	51.2994	0.00402101	0.00101297	2
-154.893	51.9968	0.00410902	0.00105852	2
-155.599	52.6939	0.004197	0.00110396	2
-156.306	53.3908	0.00428492	0.00114923	2
-157.012	54.0879	0.00437275	0.00119428	2
-157.717	54.7851	0.00446045	0.00123907	2
-158.422	55.4828	0.00454799	0.00128354	2
-159.125	56.1811	0.00463532	0.00132764	2
-159.826	56.8801	0.00472243	0.00137132	2
-160.525	57.5802	0.00480927	0.00141452	2
-161.222	58.2814	0.0048958	0.00145721	2
-161.916	58.9839	0.00498201	0.00149932	2
-162.607	59.688	0.00506784	0.00154081	2
-163.287	60.3857	0.00515228	0.00158115	2
-163.971	61.0933	0.00523727	0.00162124	2
-164.651	61.803	0.00532179	0.00166056	2
-165.327	62.515	0.0054058	0.00169905	2
-165.997	63.2294	0.00548927	0.00173665	2
-166.663	63.9465	0.00557216	0.00177333	2
-167.324	64.6663	0.00565444	0.00180903	2
-167.978	65.3892	0.00573607	0.00184369	2
-168.627	66.1152	0.00581702	0.00187727	2
-169.269	66.8445	0.00589726	0.00190972	2
-169.904	67.5774	0.00597674	0.00194098	2
-170.533	68.314	0.00605545	0.001971	2
-171.154	69.0545	0.00613333	0.00199974	2
-171.767	69.7992	0.00621036	0.00202713	2
-172.372	70.548	0.0062865	0.00205314	2
-172.969	71.3014	0.00636173	0.00207771	2
-173.557	72.0593	0.00643599	0.00210078	2
-174.136	72.8221	0.00650926	0.00212231	2
-174.706	73.5899	0.00658151	0.00214225	2
-175.266	74.3629	0.0066527	0.00216055	2
-175.816	75.1413	0.00672279	0.00217714	2
-176.355	75.9252	0.00679176	0.00219199	2
-176.884	76.7148	0.00685956	0.00220505	2
-177.395	77.5012	0.0069254	0.00221613	2
-177.901	78.3028	0.00699078	0.00222546	2
-178.396	79.1107	0.0070549	0.00223283	2
-178.878	79.925	0.00711772	0.0022382	2

-75.0011	2.0127	7.87958e-07	-6.88784e-08	2
-75.0841	3.10065	6.87039e-05	-6.77398e-06	2
-75.1524	4.19296	0.000137708	-1.51198e-05	2
-75.2053	5.27699	0.000207002	-2.50232e-05	2
-75.2425	6.3405	0.000275774	-3.63296e-05	2
-75.2651	7.40828	0.000345615	-4.92879e-05	2
-75.2727	8.468	0.000415717	-6.37612e-05	2
-75.2654	9.51972	0.000486068	-7.97353e-05	2
-75.2436	10.5635	0.00055666	-9.71958e-05	2
-75.2072	11.5994	0.000627483	-0.000116129	2
-75.1566	12.6276	0.000698526	-0.000136519	2
-75.0918	13.648	0.00076978	-0.000158354	2
-75.013	14.6608	0.000841234	-0.000181618	2
-74.9205	15.666	0.000912879	-0.000206297	2
-74.8144	16.6637	0.000984704	-0.000232377	2
-74.6948	17.6539	0.0010567	-0.000259844	2
-74.562	18.6368	0.00112886	-0.000288683	2
-74.416	19.6124	0.00120117	-0.000318881	2
-74.2572	20.5808	0.00127361	-0.000350423	2
-74.0856	21.542	0.00134619	-0.000383294	2
-73.9014	22.4961	0.0014189	-0.000417481	2
-73.7047	23.4432	0.00149171	-0.000452969	2
-73.4959	24.3834	0.00156462	-0.000489744	2
-73.275	25.3166	0.00163762	-0.000527791	2
-73.0421	26.2431	0.00171071	-0.000567098	2
-72.7976	27.1628	0.00178387	-0.000607648	2
-72.5445	28.0654	0.00185624	-0.000648941	2
-72.2772	28.9719	0.00192951	-0.000691923	2
-71.9986	29.8719	0.00200282	-0.000736107	2
-71.709	30.7655	0.00207617	-0.000781478	2
-71.4085	31.6526	0.00214953	-0.000828022	2
-71.0974	32.5335	0.0022229	-0.000875726	2
-70.7757	33.4081	0.00229628	-0.000924573	2
-70.4436	34.2765	0.00236965	-0.000974551	2
-70.1014	35.1388	0.002443	-0.00102565	2
-69.7492	35.995	0.00251633	-0.00107784	2
-69.3871	36.8453	0.00258961	-0.00113113	2
-69.0154	37.6897	0.00266285	-0.00118548	2
-68.6342	38.5282	0.00273603	-0.0012409	2
-68.2436	39.361	0.00280914	-0.00129736	2
-67.8439	40.1881	0.00288217	-0.00135485	2
-67.4352	41.0096	0.00295512	-0.00141336	2
-67.0177	41.8256	0.00302796	-0.00147287	2
-66.5916	42.636	0.0031007	-0.00153337	2
-66.157	43.4411	0.00317333	-0.00159484	2
-65.7141	44.2408	0.00324582	-0.00165727	2
-65.2631	45.0352	0.00331818	-0.00172065	2
-64.8042	45.8244	0.00339039	-0.00178495	2
-64.3375	46.6085	0.00346244	-0.00185018	2
-63.8686	47.3786	0.0035335	-0.00191554	2
-63.3869	48.1527	0.00360521	-0.00198254	2
-62.898	48.9219	0.00367673	-0.00205042	2
-62.402	49.6863	0.00374806	-0.00211916	2
-61.899	50.4458	0.00381918	-0.00218874	2
-61.3893	51.2007	0.00389008	-0.00225915	2
-60.873	51.9509	0.00396076	-0.00233038	2
-60.3503	52.6965	0.00403119	-0.00240242	2
-59.8214	53.4376	0.00410139	-0.00247524	2
-59.2864	54.1743	0.00417132	-0.00254884	2
-58.7455	54.9066	0.00424099	-0.00262319	2
-58.1989	55.6347	0.00431038	-0.0026983	2
-57.6468	56.3585	0.00437948	-0.00277413	2
-57.0892	57.0781	0.00444829	-0.00285068	2
-56.5265	57.7937	0.00451679	-0.00292794	2
-55.9587	58.5053	0.00458498	-0.00300588	2
-55.3861	59.2129	0.00465284	-0.0030845	2
-54.8088	59.9167	0.00472036	-0.00316377	2
-54.227	60.6166	0.00478754	-0.0032437	2
-53.6408	61.3128	0.00485436	-0.00332425	2
-53.0505	62.0054	0.00492081	-0.00340543	2
-52.4561	62.6943	0.00498689	-0.0034872	2
-51.858	63.3798	0.00505258	-0.00356957	2
-51.2561	64.0618	0.00511787	-0.00365251	2
-50.6578	64.7326	0.00518202	-0.00373505	2
-50.0492	65.4079	0.0052465	-0.00381909	2
-49.4374	66.08	0.00531055	-0.00390366	2
-48.8227	66.7489	0.00537417	-0.00398875	2
-48.2052	67.4147	0.00543734	-0.00407434	2
-47.585	68.0775	0.00550005	-0.00416043	2
-46.9624	68.7373	0.0055623	-0.00424698	2
-46.3375	69.3942	0.00562408	-0.004334	2
-45.7105	70.0483	0.00568537	-0.00442147	2
-45.0816	70.6996	0.00574616	-0.00450937	2
-44.4508	71.3483	0.00580645	-0.00459768	2
-43.8185	71.9943	0.00586622	-0.0046864	2
-43.1848	72.6378	0.00592547	-0.00477551	2
-42.5497	73.2788	0.00598418	-0.004865	2
-41.9136	73.9174	0.00604235	-0.00495485	2
-41.2766	74.5537	0.00609996	-0.00504504	2
-40.6389	75.1877	0.00615701	-0.00513557	2
-40.0006	75.8195	0.00621348	-0.00522641	2
-39.3618	76.4492	0.00626937	-0.00531756	2
-38.7229	77.0769	0.00632466	-0.005409	2
-38.0839	77.7025	0.00637935	-0.00550071	2
-37.445	78.3263	0.00643342	-0.00559269	2
-36.8064	78.9482	0.00648687	-0.00568491	2
-36.1756	79.5612	0.00653908	-0.0057763	2
-35.5381	80.1796	0.00659126	-0.00586897	2
-34.9014	80.7964	0.00664278	-0.00596185	2
-34.2656	81.4116	0.00669363	-0.00605491	2

-25.0035	2.01247	-2.50853e-07	-2.78495e-07	2
-25.2914	3.07833	-2.21011e-05	-2.31365e-05	2
-25.5547	4.14354	-4.47509e-05	-4.40905e-05	2
-25.7904	5.19574	-6.79316e-05	-6.29048e-05	2
-25.9965	6.22318	-9.13505e-05	-7.94416e-05	2
-26.1782	7.24988	-0.000115535	-9.41276e-05	2
-26.3333	8.26392	-0.000140197	-0.000106801	2
-26.4621	9.26543	-0.000165321	-0.000117505	2
-26.565	10.2545	-0.000190887	-0.000126282	2
-26.6423	11.2313	-0.00021688	-0.000133175	2
-26.6944	12.1959	-0.00024328	-0.000138226	2
-26.7216	13.1485	-0.00027007	-0.000141477	2
-26.7243	14.0891	-0.000297233	-0.000142973	2
-26.7027	15.0179	-0.000324751	-0.000142754	2
-26.6574	15.935	-0.000352607	-0.000140864	2
-26.5885	16.8404	-0.000380782	-0.000137346	2
-26.4965	17.7345	-0.00040926	-0.000132242	2
-26.3816	18.6171	-0.000438022	-0.000125595	2
-26.2443	19.4886	-0.000467051	-0.000117446	2
-26.0849	20.3489	-0.00049633	-0.00010784	2
-25.9038	21.1982	-0.000525841	-9.68191e-05	2
-25.7012	22.0366	-0.000555566	-8.44252e-05	2
-25.4776	22.8643	-0.000585487	-7.07011e-05	2
-25.2333	23.6814	-0.000615587	-5.56897e-05	2
-24.9685	24.4879	-0.000645849	-3.94336e-05	2
-24.6838	25.284	-0.000676254	-2.19753e-05	2
-24.383	26.0608	-0.000706434	-3.57802e-06	2
-24.0594	26.8366	-0.000737073	1.61439e-05	2
-23.7169	27.6023	-0.000767803	3.69405e-05	2
-23.3558	28.358	-0.000798606	5.87691e-05	2
-22.9763	29.104	-0.000829466	8.15871e-05	2
-22.5789	29.8402	-0.000860363	0.000105352	2
-22.1639	30.5669	-0.000891281	0.000130021	2
-21.7317	31.2841	-0.000922203	0.000155551	2
-21.2825	31.992	-0.000953109	0.0001819	2
-20.8168	32.6906	-0.000983984	0.000209025	2
-20.3349	33.3801	-0.00101481	0.000236884	2
-19.8372	34.0607	-0.00104557	0.000265433	2
-19.3239	34.7323	-0.00107624	0.000294631	2
-18.7954	35.3952	-0.00110681	0.000324434	2
-18.2521	36.0495	-0.00113726	0.000354801	2
-17.6944	36.6952	-0.00116757	0.000385687	2
-17.1225	37.3326	-0.00119773	0.000417052	2
-16.5369	37.9617	-0.00122771	0.000448851	2
-15.9378	38.5826	-0.0012575	0.000481042	2
-15.3256	39.1954	-0.00128708	0.000513584	2
-14.7007	39.8003	-0.00131644	0.000546432	2
-14.0635	40.3975	-0.00134556	0.000579545	2
-13.4141	40.9869	-0.00137441	0.000612879	2
-12.7608	41.5621	-0.00140266	0.000646007	2
-12.0885	42.1366	-0.00143094	0.000679656	2
-11.4053	42.7037	-0.00145891	0.000713399	2
-10.7114	43.2637	-0.00148655	0.000747194	2
-10.0072	43.8165	-0.00151383	0.000780998	2
-9.293	44.3623	-0.00154075	0.000814769	2
-8.56921	44.9013	-0.00156729	0.000848463	2
-7.83615	45.4335	-0.00159343	0.000882038	2
-7.09417	45.9591	-0.00161914	0.000915452	2
-6.34362	46.4782	-0.00164442	0.000948662	2
-5.58485	46.9909	-0.00166924	0.000981625	2
-4.81819	47.4973	-0.0016936	0.0010143	2
-4.044	47.9976	-0.00171746	0.00104664	2
-3.26263	48.4918	-0.00174081	0.00107861	2
-2.47442	48.9801	-0.00176364	0.00111016	2
-1.67972	49.4626	-0.00178593	0.00114124	2
-0.878884	49.9394	-0.00180765	0.00117183	2
-0.0722472	50.4107	-0.0018288	0.00120187	2
0.739837	50.8765	-0.00184935	0.00123133	2
1.55702	51.3369	-0.00186929	0.00126015	2
2.37896	51.7922	-0.0018886	0.0012883	2
3.20531	52.2423	-0.00190726	0.00131573	2
4.03571	52.6875	-0.00192525	0.00134241	2
4.86983	53.1279	-0.00194256	0.00136828	2
5.69767	53.5585	-0.00195899	0.00139303	2
6.53813	53.9895	-0.00197489	0.00141718	2
7.38127	54.416	-0.00199005	0.00144041	2
8.22674	54.8381	-0.00200446	0.00146266	2
9.07418	55.256	-0.00201809	0.0014839	2
9.92326	55.6697	-0.00203094	0.00150408	2
10.7736	56.0794	-0.00204298	0.00152317	2
11.6249	56.4852	-0.0020542	0.00154111	2
12.4768	56.8871	-0.00206457	0.00155787	2
13.329	57.2854	-0.00207409	0.0015734	2
14.181	57.6802	-0.00208273	0.00158766	2
15.0326	58.0715	-0.00209047	0.00160061	2
15.8834	58.4594	-0.0020973	0.0016122	2
16.733	58.8442	-0.0021032	0.0016224	2
17.5811	59.2259	-0.00210816	0.00163116	2
18.4274	59.6046	-0.00211215	0.00163843	2
19.2716	59.9804	-0.00211515	0.00164418	2
20.1131	60.3536	-0.00211716	0.00164836	2
20.9519	60.7241	-0.00211814	0.00165092	2
21.7873	61.0921	-0.00211809	0.00165184	2
22.6192	61.4577	-0.00211699	0.00165106	2
23.4472	61.8211	-0.00211482	0.00164854	2
24.2709	62.1824	-0.00211156	0.00164423	2
25.0806	62.5375	-0.00210725	0.00163819	2
25.8948	62.8948	-0.00210177	0.00163022	2
26.7036	63.2503	-0.00209515	0.00162034	2
27.5069	63.6042	-0.00208737	0.00160851	2

24.9951	2.01203	6.44858e-07	-4.33574e-07	2
24.5837	3.04632	5.40779e-05	-3.65097e-05	2
24.1805	4.09244	0.000104109	-7.05979e-05	2
23.7905	5.13818	0.000150168	-0.000102308	2
23.418	6.17138	0.000191866	-0.000131359	2
23.0542	7.21588	0.000230248	-0.00015847	2
22.7038	8.2595	0.000264881	-0.000183333	2
22.3665	9.30207	0.00029584	-0.000205992	2
22.0425	10.3434	0.0003232	-0.000226491	2
21.7318	11.3834	0.000347036	-0.000244872	2
21.4345	12.4218	0.000367421	-0.000261181	2
21.1504	13.4585	0.000384432	-0.000275459	2
20.8797	14.4933	0.000398142	-0.000287751	2
20.6224	15.526	0.000408626	-0.000298101	2
20.3784	16.5566	0.00041596	-0.000306552	2
20.1479	17.5847	0.000420218	-0.000313147	2
19.9307	18.6102	0.000421475	-0.000317931	2
19.727	19.633	0.000419805	-0.000320946	2
19.5368	20.6529	0.000415284	-0.000322237	2
19.36	21.6697	0.000407985	-0.000321846	2
19.1967	22.6833	0.000397985	-0.000319819	2
19.047	23.6935	0.000385356	-0.000316197	2
18.9107	24.7001	0.000370175	-0.000311025	2
18.7881	25.7029	0.000352517	-0.000304347	2
18.679	26.7018	0.000332455	-0.000296206	2
18.5834	27.6967	0.000310064	-0.000286645	2
18.5024	28.6759	0.000285716	-0.000275841	2
18.4339	29.6621	0.000258917	-0.000263587	2
18.3791	30.6437	0.000230014	-0.000250044	2
18.338	31.6205	0.00019908	-0.000235255	2
18.3105	32.5924	0.000166191	-0.000219265	2
18.2967	33.5592	0.000131421	-0.000202116	2
18.2967	34.5207	9.48451e-05	-0.000183852	2
18.3104	35.4768	5.65379e-05	-0.000164517	2
18.3378	36.4273	1.65742e-05	-0.000144154	2
18.3791	37.372	-2.49712e-05	-0.000122807	2
18.4341	38.3108	-6.80235e-05	-0.00010052	2
18.5029	39.2435	-0.000112508	-7.73361e-05	2
18.5855	40.1698	-0.00015835	-5.32988e-05	2
18.682	41.0898	-0.000205475	-2.8452e-05	2
18.7924	42.0031	-0.000253807	-2.83907e-06	2
18.9166	42.9096	-0.000303273	2.34963e-05	2
19.0548	43.8091	-0.000353798	5.05105e-05	2
19.2069	44.7015	-0.000405305	7.816e-05	2
19.3729	45.5867	-0.000457722	0.000106401	2
19.5529	46.4643	-0.000510973	0.00013519	2
19.7468	47.3343	-0.000564984	0.000164484	2
19.9548	48.1966	-0.000619679	0.000194239	2
20.1768	49.0508	-0.000674983	0.000224411	2
20.41	49.8872	-0.000730179	0.000254603	2
20.6599	50.7251	-0.000786474	0.000285475	2
20.9238	51.5545	-0.000843156	0.000316635	2
21.2019	52.3753	-0.00090015	0.000348037	2
21.4941	53.1873	-0.000957381	0.00037964	2
21.8003	53.9902	-0.00101477	0.000411398	2
22.1208	54.784	-0.00107225	0.00044327	2
22.4554	55.5685	-0.00112975	0.00047521	2
22.8042	56.3435	-0.00118718	0.000507176	2
23.1672	57.1089	-0.00124447	0.000539124	2
23.5444	57.8644	-0.00130155	0.00057101	2
23.9358	58.6099	-0.00135835	0.00060279	2
24.3415	59.3452	-0.00141479	0.000634422	2
24.7615	60.0702	-0.00147078	0.000665861	2
25.1958	60.7847	-0.00152627	0.000697064	2
25.6444	61.4886	-0.00158118	0.000727988	2
26.1073	62.1815	-0.00163542	0.000758588	2
26.5846	62.8635	-0.00168893	0.000788821	2
27.0762	63.5343	-0.00174163	0.000818644	2
27.5823	64.1938	-0.00179344	0.000848013	2
28.1027	64.8417	-0.0018443	0.000876884	2
28.6376	65.4779	-0.00189412	0.000905213	2
29.1869	66.1023	-0.00194283	0.000932958	2
29.7507	66.7146	-0.00199036	0.000960075	2
30.3222	67.308	-0.0020361	0.000986219	2
30.9148	67.8959	-0.00208106	0.00101196	2
31.5219	68.4713	-0.0021246	0.00103694	2
32.1435	69.034	-0.00216667	0.00106111	2
32.7797	69.5839	-0.00220718	0.00108444	2
33.4305	70.1207	-0.00224606	0.00110688	2
34.0959	70.6443	-0.00228323	0.00112839	2
34.7758	71.1545	-0.00231862	0.00114892	2
35.4705	71.6512	-0.00235215	0.00116843	2
36.1797	72.1341	-0.00238376	0.00118688	2
36.9036	72.6032	-0.00241336	0.00120422	2
37.6423	73.0582	-0.00244088	0.00122041	2
38.3956	73.499	-0.00246625	0.0012354	2
39.1636	73.9254	-0.00248939	0.00124915	2
39.9464	74.3373	-0.00251022	0.00126163	2
40.7439	74.7344	-0.00252868	0.00127278	2
41.5563	75.1167	-0.00254468	0.00128256	2
42.3834	75.4838	-0.00255815	0.00129092	2
43.2253	75.8358	-0.00256902	0.00129783	2
44.0821	76.1723	-0.00257721	0.00130324	2
44.9537	76.4933	-0.00258265	0.00130711	2
45.8402	76.7985	-0.00258527	0.00130939	2
46.7416	77.0878	-0.00258498	0.00131004	2
47.6473	77.358	-0.00258177	0.00130903	2
48.5784	77.6152	-0.00257548	0.00130631	2
49.5244	77.8559	-0.00256608	0.00130183	2
50.4853	78.0801	-0.00255347	0.00129554	2

75.0001	2.0103	4.12871e-07	5.36962e-08	2
74.9958	2.89664	3.48056e-05	4.22933e-06	2
74.9598	3.79403	6.73793e-05	7.57702e-06	2
74.893	4.69208	9.77545e-05	1.00628e-05	2
74.7974	5.58037	0.000125652	1.16924e-05	2
74.6716	6.47946	0.000151755	1.25231e-05	2
74.5172	7.37894	0.000175759	1.2551e-05	2
74.3352	8.27871	0.000197698	1.1796e-05	2
74.1264	9.17869	0.000217606	1.02777e-05	2
73.8914	10.0788	0.000235515	8.01595e-06	2
73.6313	10.9789	0.000251459	5.03052e-06	2
73.3466	11.879	0.000265472	1.34119e-06	2
73.0384	12.7788	0.000277587	-3.03228e-06	2
72.7073	13.6785	0.000287838	-8.0701e-06	2
72.3542	14.5778	0.000296257	-1.37525e-05	2
71.9798	15.4766	0.000302879	-2.00597e-05	2
71.5851	16.375	0.000307737	-2.6972e-05	2
71.1707	17.2727	0.000310864	-3.44695e-05	2
70.7376	18.1697	0.000312294	-4.25326e-05	2
70.2864	19.066	0.00031206	-5.11413e-05	2
69.8181	19.9613	0.000310196	-6.0276e-05	2
69.3334	20.8557	0.000306735	-6.99168e-05	2
68.8331	21.7489	0.00030171	-8.0044e-05	2
68.3181	22.6411	0.000295156	-9.06379e-05	2
67.7891	23.5319	0.000287105	-0.000101679	2
67.247	24.4215	0.000277591	-0.000113146	2
66.6989	25.2994	0.00026678	-0.000124883	2
66.133	26.186	0.000254456	-0.000137141	2
65.5564	27.0709	0.000240769	-0.000149767	2
64.9698	27.9542	0.000225751	-0.000162742	2
64.3741	28.8357	0.000209438	-0.000176044	2
63.7701	29.7153	0.000191862	-0.000189656	2
63.1586	30.5929	0.000173056	-0.000203556	2
62.5403	31.4684	0.000153054	-0.000217726	2
61.9162	32.3418	0.00013189	-0.000232145	2
61.287	33.2129	0.000109597	-0.000246793	2
60.6535	34.0816	8.62082e-05	-0.000261651	2
60.0165	34.948	6.17572e-05	-0.0002767	2
59.3769	35.8118	3.62775e-05	-0.000291918	2
58.7353	36.673	9.80256e-06	-0.000307287	2
58.0928	37.5315	-1.76342e-05	-0.000322786	2
57.4499	38.3871	-4.59994e-05	-0.000338397	2
56.8077	39.2399	-7.52595e-05	-0.000354099	2
56.1668	40.0897	-0.000105381	-0.000369872	2
55.528	40.9365	-0.000136331	-0.000385696	2
54.8923	41.7801	-0.000168075	-0.000401552	2
54.2603	42.6204	-0.00020058	-0.000417421	2
53.6329	43.4573	-0.000233814	-0.000433282	2
53.0109	44.2909	-0.000267741	-0.000449115	2
52.4022	45.1114	-0.000301928	-0.00046472	2
51.7933	45.9378	-0.000337137	-0.000480439	2
51.1923	46.7605	-0.000372939	-0.000496073	2
50.5998	47.5794	-0.000409303	-0.000511599	2
50.0168	48.3945	-0.000446194	-0.000527	2
49.4441	49.2055	-0.00048358	-0.000542255	2
48.8823	50.0125	-0.000521425	-0.000557344	2
48.3324	50.8153	-0.000559698	-0.000572247	2
47.7951	51.6138	-0.000598364	-0.000586946	2
47.2713	52.408	-0.000637391	-0.000601419	2
46.7618	53.1978	-0.000676744	-0.000615648	2
46.2673	53.983	-0.000716391	-0.000629611	2
45.7887	54.7636	-0.000756298	-0.000643291	2
45.3268	55.5395	-0.000796431	-0.000656667	2
44.8824	56.3106	-0.000836757	-0.000669718	2
44.4563	57.0768	-0.000877242	-0.000682426	2
44.0493	57.8381	-0.000917854	-0.000694771	2
43.6622	58.5942	-0.000958558	-0.000706732	2
43.2958	59.3452	-0.000999321	-0.00071829	2
42.9509	60.0909	-0.00104011	-0.000729426	2
42.6284	60.8313	-0.00108089	-0.000740119	2
42.329	61.5662	-0.00112163	-0.00075035	2
42.0536	62.2956	-0.0011623	-0.000760098	2
41.8029	63.0194	-0.00120286	-0.000769345	2
41.5802	63.7292	-0.00124281	-0.000777973	2
41.3811	64.4415	-0.00128305	-0.000786163	2
41.2092	65.148	-0.00132309	-0.000793792	2
41.0652	65.8484	-0.00136288	-0.00080084	2
40.95	66.5428	-0.0014024	-0.000807288	2
40.8644	67.231	-0.00144161	-0.000813116	2
40.8092	67.9129	-0.00148048	-0.000818304	2
40.7852	68.5885	-0.00151897	-0.000822831	2
40.7932	69.2577	-0.00155706	-0.00082668	2
40.834	69.9203	-0.0015947	-0.000829828	2
40.9085	70.5763	-0.00163187	-0.000832258	2
41.0173	71.2256	-0.00166853	-0.000833949	2
41.1614	71.868	-0.00170465	-0.000834881	2
41.3415	72.5036	-0.00174019	-0.000835035	2
41.5585	73.1322	-0.00177512	-0.00083439	2
41.8131	73.7537	-0.00180941	-0.000832927	2
42.1062	74.368	-0.00184302	-0.000830627	2
42.4385	74.9751	-0.00187592	-0.000827469	2
42.8109	75.5748	-0.00190808	-0.000823434	2
43.2242	76.1671	-0.00193946	-0.000818501	2
43.6792	76.7519	-0.00197003	-0.000812652	2
44.1766	77.329	-0.00199976	-0.000805866	2
44.7174	77.8984	-0.00202862	-0.000798124	2
45.2953	78.4536	-0.00205624	-0.000789511	2
45.9245	79.0074	-0.00208325	-0.000779808	2
46.5995	79.5532	-0.00210928	-0.000769089	2
47.321	80.0909	-0.00213431	-0.000757335	2

124.999	2.01135	-1.64312e-07	-1.16366e-07	2
124.915	2.98007	-1.39619e-05	-1.01754e-05	2
124.802	3.94477	-2.72655e-05	-2.04566e-05	2
124.662	4.89438	-3.99344e-05	-3.08463e-05	2
124.497	5.81852	-5.18573e-05	-4.12254e-05	2
124.305	6.73895	-6.33349e-05	-5.18379e-05	2
124.087	7.64515	-7.42489e-05	-6.25662e-05	2
123.844	8.53738	-8.46231e-05	-7.34126e-05	2
123.577	9.41592	-9.44811e-05	-8.43798e-05	2
123.287	10.2811	-0.000103847	-9.54701e-05	2
122.973	11.1331	-0.000112744	-0.000106686	2
122.636	11.9723	-0.000121196	-0.00011803	2
122.277	12.7989	-0.000129227	-0.000129505	2
121.897	13.6133	-0.000136861	-0.000141112	2
121.496	14.4157	-0.000144122	-0.000152855	2
121.074	15.2064	-0.000151032	-0.000164736	2
120.633	15.9856	-0.000157617	-0.000176757	2
120.172	16.7538	-0.000163899	-0.000188922	2
119.692	17.511	-0.000169902	-0.000201231	2
119.194	18.2577	-0.000175651	-0.000213689	2
118.679	18.9941	-0.000181169	-0.000226296	2
118.146	19.7205	-0.00018648	-0.000239057	2
117.597	20.4371	-0.000191607	-0.000251972	2
117.032	21.1443	-0.000196574	-0.000265046	2
116.451	21.8424	-0.000201405	-0.000278279	2
115.856	22.5316	-0.000206125	-0.000291675	2
115.253	23.2043	-0.000210702	-0.00030508	2
114.63	23.8767	-0.000215269	-0.000318806	2
113.993	24.541	-0.000219794	-0.000332703	2
113.344	25.1976	-0.000224302	-0.000346772	2
112.683	25.8466	-0.000228816	-0.000361016	2
112.01	26.4885	-0.00023336	-0.000375438	2
111.326	27.1235	-0.000237958	-0.000390039	2
110.631	27.7519	-0.000242633	-0.000404822	2
109.927	28.3739	-0.00024741	-0.000419791	2
109.214	28.9899	-0.000252312	-0.000434946	2
108.492	29.6	-0.000257362	-0.000450292	2
107.761	30.2047	-0.000262586	-0.000465829	2
107.023	30.8042	-0.000268005	-0.000481561	2
106.278	31.3987	-0.000273645	-0.00049749	2
105.526	31.9886	-0.000279528	-0.000513619	2
104.768	32.5742	-0.000285679	-0.00052995	2
104.005	33.1556	-0.000292121	-0.000546485	2
103.237	33.7333	-0.000298879	-0.000563227	2
102.465	34.3074	-0.000305975	-0.000580179	2
101.689	34.8783	-0.000313434	-0.000597342	2
100.909	35.4462	-0.00032128	-0.00061472	2
100.127	36.0115	-0.000329535	-0.000632315	2
99.3431	36.5744	-0.000338224	-0.000650129	2
98.5666	37.1287	-0.000347264	-0.000667956	2
97.78	37.6877	-0.000356886	-0.000686214	2
96.9929	38.2451	-0.000367014	-0.000704698	2
96.2061	38.8013	-0.00037767	-0.000723411	2
95.4198	39.3565	-0.000388879	-0.000742356	2
94.6349	39.911	-0.000400664	-0.000761535	2
93.8517	40.465	-0.000413049	-0.00078095	2
93.0709	41.019	-0.000426057	-0.000800605	2
92.2929	41.5731	-0.000439713	-0.000820501	2
91.5184	42.1276	-0.00045404	-0.00084064	2
90.748	42.6828	-0.000469062	-0.000861026	2
89.9821	43.2391	-0.000484803	-0.000881662	2
89.2214	43.7966	-0.000501286	-0.000902548	2
88.4663	44.3557	-0.000518536	-0.000923688	2
87.7175	44.9166	-0.000536575	-0.000945084	2
86.9754	45.4796	-0.000555428	-0.00096674	2
86.2407	46.0451	-0.000575119	-0.000988656	2
85.514	46.6132	-0.000595671	-0.00101084	2
84.7956	47.1844	-0.000617107	-0.00103328	2
84.0863	47.7588	-0.000639453	-0.001056	2
83.3866	48.3367	-0.000662731	-0.00107898	2
82.697	48.9184	-0.000686965	-0.00110224	2
82.0181	49.5043	-0.00071218	-0.00112578	2
81.3505	50.0945	-0.000738398	-0.00114959	2
80.7021	50.6825	-0.000765325	-0.00117341	2
80.0585	51.2823	-0.000793609	-0.00119778	2
79.4277	51.8874	-0.000822969	-0.00122244	2
78.8104	52.4979	-0.000853427	-0.00124739	2
78.2072	53.1142	-0.000885008	-0.00127263	2
77.6185	53.7366	-0.000917734	-0.00129816	2
77.0449	54.3654	-0.00095163	-0.00132399	2
76.487	55.0008	-0.00098672	-0.00135012	2
75.9454	55.6432	-0.00102303	-0.00137655	2
75.4206	56.2927	-0.00106058	-0.00140328	2
74.9131	56.9498	-0.00109939	-0.00143031	2
74.4235	57.6146	-0.00113949	-0.00145766	2
73.9524	58.2874	-0.0011809	-0.00148531	2
73.5003	58.9686	-0.00122365	-0.00151328	2
73.0678	59.6584	-0.00126776	-0.00154156	2
72.6554	60.3572	-0.00131326	-0.00157016	2
72.2637	61.0651	-0.00136016	-0.00159908	2
71.8932	61.7824	-0.00140849	-0.00162833	2
71.5446	62.5096	-0.00145828	-0.00165789	2
71.2183	63.2467	-0.00150954	-0.00168779	2
70.9149	63.9942	-0.00156231	-0.00171802	2
70.635	64.7522	-0.00161661	-0.00174858	2
70.3791	65.5212	-0.00167245	-0.00177947	2
70.1503	66.2923	-0.0017292	-0.00181034	2
69.9438	67.0837	-0.00178819	-0.00184191	2
69.763	67.8868	-0.00184881	-0.00187382	2
69.6085	68.7019	-0.00191107	-0.00190608	2

