-125.008	2.01262	-3.84654e-07	2.64212e-07	2
-125.641	3.09309	-3.32534e-05	2.26864e-05	2
-126.246	4.17619	-6.60793e-05	4.47707e-05	2
-126.816	5.24931	-9.84782e-05	6.62604e-05	2
-127.346	6.3003	-0.000130085	8.69258e-05	2
-127.847	7.35363	-0.000161636	0.000107255	2
-128.315	8.39704	-0.000192762	0.000127012	2
-128.749	9.43055	-0.000223462	0.000146204	2
-129.151	10.4542	-0.000253738	0.000164839	2
-129.519	11.4679	-0.000283589	0.000182924	2
-129.856	12.4719	-0.000313017	0.000200466	2
-130.16	13.466	-0.000342021	0.000217473	2
-130.433	14.4502	-0.000370603	0.000233953	2
-130.675	15.4247	-0.000398763	0.000249912	2
-130.887	16.3895	-0.0004265	0.000265359	2
-131.068	17.3445	-0.000453817	0.0002803	2
-131.219	18.2897	-0.000480713	0.000294744	2
-131.341	19.2253	-0.000507188	0.000308698	2
-131.434	20.1511	-0.000533243	0.000322169	2
-131.498	21.0673	-0.000558879	0.000335164	2
-131.534	21.9739	-0.000584097	0.000347692	2
-131.543	22.8708	-0.000608895	0.000359759	2
-131.523	23.7581	-0.000633276	0.000371374	2
-131.477	24.6358	-0.00065724	0.000382542	2
-131.405	25.5039	-0.000680786	0.000393273	2
-131.306	26.3625	-0.000703916	0.000403573	2
-131.183	27.2018	-0.000726371	0.000413339	2
-131.033	28.0414	-0.000748675	0.000422806	2
-130.858	28.8716	-0.000770563	0.000431864	2
-130.659	29.6922	-0.000792037	0.000440521	2
-130.435	30.5034	-0.000813096	0.000448785	2
-130.188	31.3052	-0.000833742	0.000456663	2
-129.917	32.0975	-0.000853975	0.000464163	2
-129.624	32.8805	-0.000873795	0.000471291	2
-129.308	33.654	-0.000893203	0.000478057	2
-128.969	34.4182	-0.0009122	0.000484466	2
-128.609	35.1731	-0.000930785	0.000490527	2
-128.228	35.9186	-0.000948959	0.000496246	2
-127.826	36.6548	-0.000966724	0.000501632	2
-127.403	37.3817	-0.000984078	0.000506692	2
-126.96	38.0994	-0.00100102	0.000511434	2
-126.497	38.8078	-0.00101756	0.000515863	2
-126.015	39.507	-0.00103369	0.00051999	2
-125.514	40.197	-0.00104941	0.00052382	2
-124.995	40.8778	-0.00106472	0.000527361	2
-124.457	41.5494	-0.00107963	0.00053062	2
-123.902	42.2119	-0.00109413	0.000533606	2
-123.329	42.8653	-0.00110822	0.000536326	2
-122.74	43.5095	-0.00112191	0.000538786	2
-122.141	44.1374	-0.00113504	0.000540971	2
-121.519	44.7636	-0.00114793	0.000542938	2
-120.882	45.3807	-0.00116041	0.000544669	2
-120.229	45.9888	-0.00117248	0.000546171	2
-119.561	46.5879	-0.00118416	0.000547451	2
-118.879	47.1779	-0.00119543	0.000548516	2
-118.182	47.759	-0.0012063	0.000549375	2
-117.473	48.3312	-0.00121676	0.000550035	2
-116.749	48.8944	-0.00122683	0.000550502	2
-116.013	49.4486	-0.00123649	0.000550785	2
-115.265	49.994	-0.00124576	0.000550891	2
-114.504	50.5305	-0.00125462	0.000550828	2
-113.732	51.0582	-0.00126309	0.000550603	2
-112.948	51.577	-0.00127116	0.000550223	2
-112.154	52.0869	-0.00127883	0.000549696	2
-111.349	52.5881	-0.0012861	0.000549029	2
-110.534	53.0805	-0.00129297	0.00054823	2
-109.71	53.5641	-0.00129945	0.000547306	2
-108.876	54.039	-0.00130553	0.000546265	2
-108.034	54.5052	-0.00131122	0.000545114	2
-107.183	54.9626	-0.00131651	0.000543861	2
-106.324	55.4114	-0.00132141	0.000542513	2
-105.457	55.8514	-0.00132591	0.000541078	2
-104.584	56.2829	-0.00133001	0.000539563	2
-103.713	56.7009	-0.00133369	0.000537993	2
-102.826	57.1152	-0.00133701	0.000536341	2
-101.934	57.5209	-0.00133995	0.000534632	2
-101.035	57.918	-0.00134249	0.000532872	2
-100.131	58.3066	-0.00134464	0.000531069	2
-99.223	58.6866	-0.0013464	0.000529231	2
-98.3102	59.0582	-0.00134777	0.000527365	2
-97.3934	59.4212	-0.00134874	0.000525479	2
-96.473	59.7758	-0.00134933	0.00052358	2
-95.5495	60.1219	-0.00134953	0.000521676	2
-94.6232	60.4595	-0.00134934	0.000519774	2
-93.6945	60.7888	-0.00134877	0.000517881	2
-92.7639	61.1096	-0.0013478	0.000516005	2
-91.8317	61.4221	-0.00134645	0.000514154	2
-90.8984	61.7262	-0.00134471	0.000512335	2
-89.9643	62.022	-0.00134259	0.000510555	2
-89.0299	62.3094	-0.00134008	0.000508821	2
-88.0956	62.5886	-0.00133718	0.000507143	2
-87.1617	62.8594	-0.0013339	0.000505526	2
-86.2287	63.122	-0.00133024	0.000503978	2
-85.297	63.3764	-0.00132619	0.000502507	2
-84.3669	63.6225	-0.00132176	0.00050112	2
-83.4389	63.8604	-0.00131694	0.000499824	2
-82.5241	64.0875	-0.00131181	0.000498641	2
-81.6015	64.3092	-0.00130623	0.00049755	2
-80.6821	64.5227	-0.00130028	0.000496573	2
-79.7665	64.7281	-0.00129394	0.000495717	2

-75.003	2.00988	3.80351e-08	1.72964e-08	2
-75.2646	2.86297	2.30091e-06	1.16023e-06	2
-75.5375	3.73328	2.5863e-06	1.63732e-06	2
-75.8182	4.61068	8.92748e-07	1.45238e-06	2
-76.1031	5.48468	-2.69051e-06	6.39583e-07	2
-76.3982	6.37535	-8.2106e-06	-7.99058e-07	2
-76.6999	7.2723	-1.56004e-05	-2.83662e-06	2
-77.0078	8.17525	-2.48233e-05	-5.452e-06	2
-77.3214	9.08395	-3.58428e-05	-8.62407e-06	2
-77.6403	9.99812	-4.86223e-05	-1.23317e-05	2
-77.9641	10.9175	-6.31252e-05	-1.65538e-05	2
-78.2922	11.8418	-7.93151e-05	-2.12693e-05	2
-78.6244	12.7708	-9.71553e-05	-2.6457e-05	2
-78.9601	13.7041	-0.000116609	-3.20958e-05	2
-79.299	14.6416	-0.000137641	-3.81647e-05	2
-79.6406	15.583	-0.000160212	-4.46424e-05	2
-79.9844	16.528	-0.000184288	-5.15079e-05	2
-80.3301	17.4762	-0.000209832	-5.874e-05	2
-80.6771	18.4276	-0.000236806	-6.63177e-05	2
-81.0252	19.3817	-0.000265175	-7.42199e-05	2
-81.3737	20.3384	-0.000294902	-8.24253e-05	2
-81.7224	21.2973	-0.00032595	-9.0913e-05	2
-82.0708	22.2581	-0.000358283	-9.96618e-05	2
-82.4184	23.2207	-0.000391864	-0.00010865	2
-82.7648	24.1848	-0.000426657	-0.000117858	2
-83.1096	25.15	-0.000462624	-0.000127263	2
-83.4484	26.105	-0.000499298	-0.000136734	2
-83.7887	27.0718	-0.000537493	-0.00014647	2
-84.126	28.039	-0.000576755	-0.000156341	2
-84.4601	29.0062	-0.000617046	-0.000166325	2
-84.7903	29.9733	-0.000658329	-0.000176401	2
-85.1164	30.94	-0.000700569	-0.000186549	2
-85.4378	31.9059	-0.000743728	-0.000196746	2
-85.7541	32.871	-0.00078777	-0.000206973	2
-86.0649	33.8347	-0.000832659	-0.000217208	2
-86.3698	34.797	-0.000878358	-0.00022743	2
-86.6683	35.7575	-0.000924829	-0.000237618	2
-86.96	36.716	-0.000972038	-0.00024775	2
-87.2445	37.6721	-0.00101995	-0.000257805	2
-87.5213	38.6257	-0.00106852	-0.000267763	2
-87.79	39.5764	-0.00111772	-0.000277602	2
-88.0502	40.5241	-0.00116751	-0.000287302	2
-88.3015	41.4683	-0.00121785	-0.00029684	2
-88.5433	42.4089	-0.00126872	-0.000306196	2
-88.7753	43.3456	-0.00132006	-0.00031535	2
-88.9971	44.2781	-0.00137184	-0.000324278	2
-89.2081	45.2061	-0.00142404	-0.000332962	2
-89.4081	46.1295	-0.0014766	-0.000341379	2
-89.5965	47.0478	-0.00152951	-0.000349508	2
-89.7709	47.9504	-0.00158209	-0.00035724	2
-89.9351	48.858	-0.00163555	-0.000364735	2
-90.0864	49.7599	-0.00168923	-0.000371879	2
-90.2244	50.6556	-0.0017431	-0.00037865	2
-90.3487	51.5451	-0.00179712	-0.000385029	2
-90.4589	52.4279	-0.00185126	-0.000390994	2
-90.5545	53.3039	-0.00190548	-0.000396524	2
-90.635	54.1727	-0.00195974	-0.000401597	2
-90.7002	55.0341	-0.00201401	-0.000406193	2
-90.7495	55.8879	-0.00206825	-0.00041029	2
-90.7825	56.7337	-0.00212242	-0.000413868	2
-90.7987	57.5714	-0.00217648	-0.000416904	2
-90.7978	58.4005	-0.00223041	-0.000419379	2
-90.7793	59.2209	-0.00228416	-0.000421271	2
-90.7428	60.0323	-0.00233769	-0.000422559	2
-90.6878	60.8344	-0.00239098	-0.000423221	2
-90.6139	61.627	-0.00244398	-0.000423237	2
-90.5207	62.4098	-0.00249665	-0.000422586	2
-90.4078	63.1824	-0.00254897	-0.000421246	2
-90.2746	63.9447	-0.00260089	-0.000419197	2
-90.1209	64.6964	-0.00265238	-0.000416416	2
-89.946	65.4372	-0.00270339	-0.000412884	2
-89.7497	66.1669	-0.00275391	-0.000408578	2
-89.5315	66.8851	-0.00280388	-0.000403479	2
-89.2938	67.5836	-0.0028527	-0.000397637	2
-89.0307	68.2783	-0.00290149	-0.000390895	2
-88.7445	68.9608	-0.00294962	-0.000383296	2
-88.4345	69.6307	-0.00299706	-0.000374819	2
-88.1005	70.2879	-0.00304378	-0.000365443	2
-87.742	70.9321	-0.00308974	-0.000355145	2
-87.3586	71.563	-0.00313489	-0.000343906	2
-86.9498	72.1803	-0.00317922	-0.000331704	2
-86.5152	72.7838	-0.00322267	-0.000318519	2
-86.0543	73.3731	-0.00326522	-0.000304328	2
-85.5668	73.9481	-0.00330682	-0.000289111	2
-85.0522	74.5085	-0.00334744	-0.000272847	2
-84.5101	75.0539	-0.00338705	-0.000255514	2
-83.94	75.5842	-0.0034256	-0.000237092	2
-83.3416	76.099	-0.00346306	-0.000217559	2
-82.7143	76.5981	-0.00349939	-0.000196894	2
-82.0577	77.0812	-0.00353456	-0.000175077	2
-81.3715	77.548	-0.00356853	-0.000152085	2
-80.6551	77.9984	-0.00360126	-0.000127898	2
-79.9082	78.4319	-0.00363272	-0.000102496	2
-79.1303	78.8484	-0.00366287	-7.58555e-05	2
-78.321	79.2476	-0.00369168	-4.79569e-05	2
-77.4798	79.6291	-0.0037191	-1.87787e-05	2
-76.6166	79.9887	-0.00374481	1.13423e-05	2
-75.7109	80.3345	-0.00376937	4.31276e-05	2
-74.772	80.6619	-0.00379244	7.62555e-05	2
-73.7995	80.9706	-0.00381399	0.000110747	2

-25.0003	2.01181	-2.55735e-07	1.98035e-07	2
-25.0392	3.02169	-2.17185e-05	1.6451e-05	2
-25.1107	4.03147	-4.23834e-05	3.13522e-05	2
-25.2137	5.02952	-6.20243e-05	4.47409e-05	2
-25.3459	6.00475	-8.0462e-05	5.65255e-05	2
-25.5094	6.98003	-9.81547e-05	6.70169e-05	2
-25.7022	7.94415	-0.000114912	7.61067e-05	2
-25.9235	8.89729	-0.000130763	8.38322e-05	2
-26.1725	9.83965	-0.000145738	9.02305e-05	2
-26.4486	10.7714	-0.000159867	9.53388e-05	2
-26.7508	11.6927	-0.000173178	9.91941e-05	2
-27.0785	12.6039	-0.000185702	0.000101834	2
-27.4308	13.505	-0.000197469	0.000103295	2
-27.8071	14.3962	-0.000208507	0.000103614	2
-28.2065	15.2778	-0.000218846	0.000102829	2
-28.6282	16.1499	-0.000228517	0.000100978	2
-29.0716	17.0128	-0.000237548	9.80956e-05	2
-29.5359	17.8666	-0.000245969	9.42209e-05	2
-30.0202	18.7114	-0.00025381	8.93905e-05	2
-30.5238	19.5476	-0.000261101	8.36416e-05	2
-31.046	20.3752	-0.000267871	7.70113e-05	2
-31.586	21.1945	-0.00027415	6.95369e-05	2
-32.143	22.0057	-0.000279967	6.12553e-05	2
-32.7163	22.8089	-0.000285352	5.22038e-05	2
-33.3051	23.6043	-0.000290335	4.24196e-05	2
-33.9085	24.3922	-0.000294944	3.19398e-05	2
-34.5188	25.1637	-0.000299164	2.09331e-05	2
-35.1493	25.9371	-0.00030312	9.18046e-06	2
-35.7922	26.7035	-0.000306792	-3.15676e-06	2
-36.4468	27.463	-0.00031021	-1.60414e-05	2
-37.1123	28.2159	-0.000313402	-2.94363e-05	2
-37.7879	28.9623	-0.000316399	-4.33043e-05	2
-38.4729	29.7025	-0.00031923	-5.76083e-05	2
-39.1666	30.4366	-0.000321925	-7.2311e-05	2
-39.868	31.1648	-0.000324513	-8.73755e-05	2
-40.5766	31.8874	-0.000327024	-0.000102764	2
-41.2914	32.6044	-0.000329488	-0.000118441	2
-42.0118	33.3162	-0.000331934	-0.000134367	2
-42.737	34.0228	-0.000334392	-0.000150507	2
-43.4662	34.7244	-0.000336891	-0.000166822	2
-44.1987	35.4214	-0.000339461	-0.000183276	2
-44.9336	36.1137	-0.000342132	-0.000199832	2
-45.6703	36.8017	-0.000344934	-0.000216452	2
-46.4079	37.4856	-0.000347895	-0.000233099	2
-47.1457	38.1654	-0.000351046	-0.000249737	2
-47.883	38.8414	-0.000354416	-0.000266327	2
-48.6189	39.5138	-0.000358034	-0.000282833	2
-49.3526	40.1828	-0.000361931	-0.000299218	2
-50.0835	40.8486	-0.000366136	-0.000315445	2
-50.8025	41.5037	-0.000370625	-0.000331293	2
-51.5254	42.1636	-0.00037553	-0.000347093	2
-52.2432	42.8208	-0.000380832	-0.000362625	2
-52.955	43.4755	-0.00038656	-0.000377849	2
-53.6601	44.1279	-0.000392744	-0.00039273	2
-54.3578	44.7783	-0.000399413	-0.00040723	2
-55.0473	45.4267	-0.000406597	-0.000421312	2
-55.7277	46.0734	-0.000414325	-0.000434938	2
-56.3985	46.7185	-0.000422628	-0.000448072	2
-57.0587	47.3623	-0.000431534	-0.000460676	2
-57.7076	48.0049	-0.000441074	-0.000472714	2
-58.3444	48.6466	-0.000451277	-0.000484148	2
-58.9685	49.2875	-0.000462172	-0.00049494	2
-59.579	49.9278	-0.00047379	-0.000505055	2
-60.1751	50.5677	-0.00048616	-0.000514454	2
-60.7561	51.2073	-0.000499311	-0.0005231	2
-61.3212	51.847	-0.000513273	-0.000530957	2
-61.8697	52.4868	-0.000528076	-0.000537987	2
-62.4008	53.127	-0.000543749	-0.000544153	2
-62.9137	53.7677	-0.000560322	-0.000549418	2
-63.4077	54.4091	-0.000577825	-0.000553744	2
-63.8819	55.0514	-0.000596287	-0.000557096	2
-64.3357	55.6949	-0.000615737	-0.000559434	2
-64.7683	56.3396	-0.000636206	-0.000560723	2
-65.1742	56.9784	-0.00065747	-0.000560929	2
-65.5623	57.6263	-0.000680052	-0.00056002	2
-65.9268	58.276	-0.000703741	-0.00055795	2
-66.267	58.9278	-0.000728566	-0.000554682	2
-66.5822	59.5818	-0.000754558	-0.000550179	2
-66.8716	60.2383	-0.000781745	-0.000544404	2
-67.1344	60.8973	-0.000810157	-0.00053732	2
-67.3698	61.5592	-0.000839825	-0.000528889	2
-67.5771	62.224	-0.000870777	-0.000519074	2
-67.7555	62.8921	-0.000903043	-0.000507838	2
-67.9043	63.5635	-0.000936654	-0.000495145	2
-68.0226	64.2385	-0.000971637	-0.000480956	2
-68.1098	64.9172	-0.00100802	-0.000465235	2
-68.1651	65.5998	-0.00104584	-0.000447944	2
-68.1876	66.2866	-0.00108512	-0.000429047	2
-68.1766	66.9777	-0.0011259	-0.000408506	2
-68.1314	67.6733	-0.00116819	-0.000386284	2
-68.0512	68.3736	-0.00121204	-0.000362344	2
-67.9353	69.0787	-0.00125747	-0.000336649	2
-67.7828	69.789	-0.0013045	-0.000309162	2
-67.593	70.5045	-0.00135318	-0.000279844	2
-67.3651	71.2254	-0.00140353	-0.000248661	2
-67.0984	71.952	-0.00145557	-0.000215573	2
-66.7958	72.6759	-0.00150872	-0.000180958	2
-66.4496	73.4143	-0.00156423	-0.000143974	2
-66.0623	74.1588	-0.00162153	-0.000104975	2
-65.633	74.9098	-0.00168065	-6.39245e-05	2

24.9959	2.0132	-1.56823e-07	3.67148e-07	2
24.6332	3.13657	-1.36123e-05	3.14995e-05	2
24.2458	4.24933	-2.71652e-05	6.21139e-05	2
23.8383	5.33867	-4.06645e-05	9.18581e-05	2
23.416	6.39286	-5.39617e-05	0.00012042	2
22.9694	7.4368	-6.73718e-05	0.000148478	2
22.5039	8.45851	-8.07456e-05	0.00017571	2
22.0197	9.45837	-9.40892e-05	0.000202132	2
21.5172	10.4368	-0.000107408	0.000227758	2
20.9968	11.3941	-0.000120708	0.000252603	2
20.4589	12.3308	-0.000133996	0.000276682	2
19.9039	13.2473	-0.000147276	0.00030001	2
19.3321	14.1439	-0.000160555	0.000322601	2
18.744	15.021	-0.000173839	0.000344472	2
18.1399	15.879	-0.000187133	0.000365636	2
17.5203	16.7183	-0.000200443	0.000386108	2
16.8854	17.5394	-0.000213775	0.000405904	2
16.2357	18.3425	-0.000227135	0.000425038	2
15.5716	19.1282	-0.000240529	0.000443526	2
14.8934	19.8967	-0.000253963	0.000461381	2
14.2015	20.6486	-0.000267441	0.00047862	2
13.4964	21.3841	-0.000280971	0.000495257	2
12.7783	22.1037	-0.000294558	0.000511306	2
12.0477	22.8078	-0.000308208	0.000526783	2
11.305	23.4968	-0.000321926	0.000541703	2
10.5505	24.171	-0.000335718	0.000556081	2
9.79355	24.8234	-0.000349431	0.000569775	2
9.01683	25.4696	-0.000363389	0.000583118	2
8.22949	26.1021	-0.000377439	0.000595964	2
7.43193	26.7215	-0.000391587	0.000608326	2
6.62452	27.3282	-0.000405838	0.000620221	2
5.80764	27.9225	-0.000420198	0.000631662	2
4.98169	28.5048	-0.000434673	0.000642665	2
4.14704	29.0755	-0.00044927	0.000653245	2
3.30408	29.6351	-0.000463993	0.000663417	2
2.45318	30.1838	-0.000478849	0.000673195	2
1.59474	30.7222	-0.000493843	0.000682594	2
0.729131	31.2506	-0.000508981	0.00069163	2
-0.143257	31.7694	-0.00052427	0.000700317	2
-1.02204	32.279	-0.000539714	0.00070867	2
-1.90684	32.7797	-0.00055532	0.000716704	2
-2.79728	33.2721	-0.000571094	0.000724434	2
-3.69296	33.7564	-0.00058704	0.000731876	2
-4.59351	34.2331	-0.000603167	0.000739042	2
-5.49854	34.7026	-0.000619478	0.00074595	2
-6.40767	35.1653	-0.00063598	0.000752613	2
-7.32051	35.6215	-0.000652678	0.000759046	2
-8.23669	36.0716	-0.000669579	0.000765265	2
-9.15582	36.5161	-0.000686689	0.000771285	2
-10.0669	36.9504	-0.000703812	0.000777053	2
-10.9908	37.3848	-0.000721353	0.00078272	2
-11.9164	37.8148	-0.000739119	0.000788231	2
-12.8435	38.2407	-0.000757117	0.000793602	2
-13.7716	38.663	-0.000775352	0.000798848	2
-14.7004	39.0819	-0.000793831	0.000803983	2
-15.6295	39.498	-0.000812558	0.000809023	2
-16.5584	39.9115	-0.000831541	0.000813982	2
-17.4868	40.323	-0.000850784	0.000818876	2
-18.4144	40.7328	-0.000870293	0.000823719	2
-19.3407	41.1412	-0.000890075	0.000828526	2
-20.2654	41.5488	-0.000910134	0.000833312	2
-21.188	41.9558	-0.000930478	0.000838092	2
-22.1083	42.3627	-0.000951111	0.000842881	2
-23.0257	42.7699	-0.00097204	0.000847693	2
-23.94	43.1777	-0.00099327	0.000852545	2
-24.8507	43.5866	-0.00101481	0.00085745	2
-25.7574	43.997	-0.00103666	0.000862423	2
-26.6598	44.4092	-0.00105883	0.00086748	2
-27.5576	44.8237	-0.00108132	0.000872635	2
-28.4502	45.2408	-0.00110415	0.000877903	2
-29.3374	45.661	-0.00112731	0.000883299	2
-30.2187	46.0845	-0.00115081	0.000888839	2
-31.0937	46.5119	-0.00117466	0.000894536	2
-31.9522	46.9386	-0.00119859	0.000900338	2
-32.8138	47.3748	-0.00122315	0.000906393	2
-33.6679	47.816	-0.00124807	0.000912651	2
-34.5142	48.2626	-0.00127337	0.000919127	2
-35.3525	48.715	-0.00129904	0.000925835	2
-36.1821	49.1736	-0.0013251	0.00093279	2
-37.0029	49.6388	-0.00135154	0.000940007	2
-37.8143	50.111	-0.00137838	0.000947501	2
-38.6161	50.5905	-0.00140562	0.000955288	2
-39.4078	51.0779	-0.00143327	0.000963381	2
-40.1891	51.5734	-0.00146133	0.000971795	2
-40.9595	52.0774	-0.0014898	0.000980547	2
-41.7187	52.5905	-0.0015187	0.00098965	2
-42.4663	53.1128	-0.00154803	0.000999119	2
-43.2019	53.645	-0.00157779	0.00100897	2
-43.9252	54.1872	-0.001608	0.00101922	2
-44.6357	54.7401	-0.00163865	0.00102988	2
-45.333	55.3038	-0.00166976	0.00104096	2
-46.0169	55.8789	-0.00170132	0.00105249	2
-46.6868	56.4657	-0.00173335	0.00106447	2
-47.3425	57.0646	-0.00176584	0.00107692	2
-47.9835	57.6761	-0.00179882	0.00108986	2
-48.6095	58.3004	-0.00183227	0.0011033	2
-49.2131	58.9307	-0.00186582	0.00111709	2
-49.808	59.5819	-0.00190025	0.00113156	2
-50.3867	60.2472	-0.00193518	0.00114659	2
-50.9488	60.927	-0.00197062	0.00116217	2

74.9958	2.01133	-5.24184e-07	3.17135e-07	2
74.6391	2.98535	-4.4084e-05	2.73919e-05	2
74.2893	3.9705	-8.51185e-05	5.43856e-05	2
73.9503	4.95544	-0.000123143	8.09875e-05	2
73.6257	5.92885	-0.000157809	0.000106905	2
73.308	6.91337	-0.000189963	0.000132746	2
73.0008	7.89766	-0.000219223	0.000158215	2
72.704	8.88173	-0.000245629	0.000183318	2
72.4175	9.86557	-0.000269219	0.00020806	2
72.1411	10.8492	-0.000290032	0.000232448	2
71.8748	11.8325	-0.000308108	0.000256489	2
71.6184	12.8157	-0.000323485	0.000280189	2
71.3718	13.7985	-0.000336203	0.000303555	2
71.135	14.7812	-0.0003463	0.000326592	2
70.9077	15.7635	-0.000353816	0.000349306	2
70.6898	16.7456	-0.000358789	0.000371706	2
70.4813	17.7275	-0.00036126	0.000393796	2
70.282	18.709	-0.000361266	0.000415583	2
70.0919	19.6903	-0.000358846	0.000437073	2
69.9107	20.6713	-0.000354041	0.000458273	2
69.7383	21.6521	-0.000346888	0.00047919	2
69.5748	22.6325	-0.000337428	0.000499828	2
69.4198	23.6126	-0.000325698	0.000520196	2
69.2734	24.5925	-0.000311739	0.000540299	2
69.1354	25.572	-0.000295588	0.000560143	2
69.0057	26.5513	-0.000277286	0.000579735	2
68.8854	27.5189	-0.000257117	0.000598861	2
68.7718	28.4975	-0.000234651	0.00061797	2
68.6661	29.4758	-0.00021015	0.000636847	2
68.5682	30.4538	-0.000183654	0.000655497	2
68.478	31.4314	-0.000155199	0.000673926	2
68.3953	32.4087	-0.000124827	0.000692141	2
68.3202	33.3857	-9.2576e-05	0.000710149	2
68.2523	34.3623	-5.84847e-05	0.000727955	2
68.1917	35.3385	-2.25925e-05	0.000745566	2
68.1382	36.3144	1.50617e-05	0.000762988	2
68.0916	37.29	5.44387e-05	0.000780229	2
68.052	38.2652	9.54996e-05	0.000797293	2
68.0191	39.24	0.000138205	0.000814187	2
67.9928	40.2144	0.000182517	0.000830919	2
67.973	41.1885	0.000228395	0.000847493	2
67.9596	42.1622	0.000275801	0.000863917	2
67.9525	43.1355	0.000324695	0.000880197	2
67.9515	44.1084	0.000375039	0.000896339	2
67.9566	45.081	0.000426794	0.000912349	2
67.9676	46.0531	0.00047992	0.000928234	2
67.9844	47.0248	0.000534378	0.000944001	2
68.0069	47.9961	0.00059013	0.000959655	2
68.035	48.967	0.000647136	0.000975203	2
68.0681	49.9263	0.000704682	0.000990474	2
68.1069	50.8964	0.000764066	0.00100583	2
68.1509	51.866	0.000824589	0.0010211	2
68.2	52.8353	0.000886209	0.00103629	2
68.2541	53.804	0.00094889	0.0010514	2
68.313	54.7724	0.00101259	0.00106645	2
68.3767	55.7402	0.00107727	0.00108143	2
68.445	56.7077	0.0011429	0.00109636	2
68.5179	57.6747	0.00120943	0.00111124	2
68.5951	58.6412	0.00127682	0.00112608	2
68.6766	59.6073	0.00134504	0.00114088	2
68.7622	60.5728	0.00141404	0.00115565	2
68.8519	61.538	0.00148379	0.00117039	2
68.9455	62.5026	0.00155425	0.00118512	2
69.0429	63.4668	0.00162538	0.00119984	2
69.144	64.4305	0.00169714	0.00121456	2
69.2487	65.3936	0.00176949	0.00122927	2
69.3568	66.3563	0.00184239	0.001244	2
69.4682	67.3185	0.00191581	0.00125874	2
69.5828	68.2802	0.0019897	0.0012735	2
69.7006	69.2414	0.00206402	0.00128829	2
69.8213	70.2021	0.00213874	0.00130311	2
69.9449	71.1622	0.00221382	0.00131797	2
70.0712	72.1218	0.00228921	0.00133288	2
70.1986	73.0699	0.00236402	0.00134766	2
70.33	74.0285	0.00243993	0.00136268	2
70.4638	74.9865	0.00251604	0.00137777	2
70.5999	75.944	0.00259231	0.00139292	2
70.7381	76.901	0.00266871	0.00140815	2
70.8783	77.8574	0.00274519	0.00142347	2
71.0205	78.8132	0.00282171	0.00143888	2
71.1645	79.7685	0.00289825	0.00145439	2
71.3101	80.7232	0.00297474	0.00146999	2
71.4573	81.6774	0.00305117	0.00148571	2
71.606	82.6309	0.00312748	0.00150155	2
71.756	83.584	0.00320365	0.00151751	2
71.9071	84.5364	0.00327962	0.00153359	2
72.0594	85.4882	0.00335537	0.00154981	2
72.2127	86.4395	0.00343085	0.00156618	2
72.3668	87.3901	0.00350602	0.00158269	2
72.5216	88.3402	0.00358085	0.00159935	2
72.6771	89.2896	0.00365529	0.00161618	2
72.833	90.2384	0.00372931	0.00163317	2
72.9894	91.1867	0.00380287	0.00165034	2
73.146	92.1343	0.00387592	0.00166768	2
73.3028	93.0812	0.00394844	0.00168521	2
73.4596	94.0276	0.00402037	0.00170294	2
73.6145	94.9624	0.00409087	0.00172065	2
73.771	95.9075	0.00416154	0.00173878	2
73.9271	96.852	0.00423151	0.00175711	2
74.0829	97.7958	0.00430074	0.00177567	2

124.999	2.01321	-5.32882e-07	1.77632e-07	2
124.954	3.13717	-4.55286e-05	1.49373e-05	2
124.94	4.25011	-8.93906e-05	2.88434e-05	2
124.957	5.33912	-0.000131612	4.17392e-05	2
125.003	6.39238	-0.000171759	5.35148e-05	2
125.079	7.43469	-0.000210792	6.44649e-05	2
125.185	8.45397	-0.00024826	7.44682e-05	2
125.319	9.45051	-0.000284188	8.35458e-05	2
125.483	10.4246	-0.000318602	9.17189e-05	2
125.674	11.3766	-0.000351528	9.90087e-05	2
125.893	12.3067	-0.00038299	0.000105436	2
126.139	13.2153	-0.000413014	0.000111023	2
126.412	14.1026	-0.000441626	0.00011579	2
126.711	14.969	-0.000468851	0.000119758	2
127.036	15.8147	-0.000494715	0.000122949	2
127.386	16.6401	-0.000519242	0.000125384	2
127.762	17.4455	-0.000542459	0.000127084	2
128.161	18.2311	-0.000564391	0.00012807	2
128.585	18.9973	-0.000585064	0.000128363	2
129.032	19.7443	-0.000604502	0.000127985	2
129.503	20.4725	-0.000622731	0.000126956	2
129.995	21.1821	-0.000639777	0.000125298	2
130.511	21.8735	-0.000655665	0.000123033	2
131.048	22.5469	-0.000670421	0.00012018	2
131.606	23.2027	-0.00068407	0.000116762	2
132.185	23.8411	-0.000696638	0.0001128	2
132.777	24.4554	-0.000708023	0.000108368	2
133.396	25.0602	-0.000718515	0.000103386	2
134.035	25.6486	-0.000728003	9.79229e-05	2
134.693	26.2208	-0.00073651	9.19997e-05	2
135.369	26.7771	-0.000744063	8.56378e-05	2
136.063	27.3179	-0.000750686	7.88583e-05	2
136.775	27.8434	-0.000756407	7.16825e-05	2
137.505	28.3539	-0.000761249	6.41314e-05	2
138.251	28.8498	-0.000765238	5.62263e-05	2
139.013	29.3313	-0.0007684	4.79883e-05	2
139.791	29.7988	-0.000770761	3.94387e-05	2
140.585	30.2525	-0.000772345	3.05986e-05	2
141.393	30.6927	-0.000773178	2.14892e-05	2
142.216	31.1197	-0.000773286	1.21317e-05	2
143.054	31.5339	-0.000772694	2.54728e-06	2
143.904	31.9356	-0.000771428	-7.24294e-06	2
144.768	32.3249	-0.000769512	-1.72177e-05	2
145.645	32.7023	-0.000766973	-2.73559e-05	2
146.534	33.068	-0.000763835	-3.76363e-05	2
147.434	33.4223	-0.000760126	-4.80378e-05	2
148.346	33.7656	-0.000755868	-5.85391e-05	2
149.269	34.0981	-0.000751089	-6.9119e-05	2
150.203	34.4201	-0.000745814	-7.97565e-05	2
151.135	34.7284	-0.000740137	-9.03074e-05	2
152.088	35.0305	-0.00073395	-0.000100996	2
153.05	35.323	-0.000727343	-0.000111679	2
154.02	35.6062	-0.000720342	-0.000122335	2
154.999	35.8805	-0.000712971	-0.000132943	2
155.985	36.146	-0.000705256	-0.000143482	2
156.979	36.4032	-0.000697223	-0.00015393	2
157.979	36.6523	-0.000688897	-0.000164266	2
158.986	36.8936	-0.000680303	-0.000174469	2
159.999	37.1274	-0.000671467	-0.000184519	2
161.017	37.354	-0.000662415	-0.000194393	2
162.04	37.5738	-0.000653171	-0.00020407	2
163.068	37.7869	-0.000643762	-0.00021353	2
164.1	37.9938	-0.000634212	-0.000222752	2
165.136	38.1947	-0.000624548	-0.000231713	2
166.174	38.3898	-0.000614795	-0.000240393	2
167.216	38.5796	-0.000604977	-0.000248771	2
168.26	38.7643	-0.000595121	-0.000256825	2
169.305	38.9443	-0.000585252	-0.000264534	2
170.352	39.1197	-0.000575396	-0.000271878	2
171.4	39.2909	-0.000565577	-0.000278835	2
172.449	39.4582	-0.000555822	-0.000285383	2
173.498	39.622	-0.000546156	-0.000291502	2
174.546	39.7824	-0.000536604	-0.00029717	2
175.581	39.938	-0.000527299	-0.00030231	2
176.627	40.0928	-0.00051805	-0.000307019	2
177.671	40.2452	-0.000508991	-0.000311214	2
178.713	40.3954	-0.000500148	-0.000314875	2
179.752	40.5439	-0.000491547	-0.000317979	2
180.788	40.6908	-0.000483212	-0.000320505	2
181.821	40.8366	-0.000475169	-0.000322433	2
182.85	40.9814	-0.000467444	-0.000323741	2
183.874	41.1256	-0.000460062	-0.000324408	2
184.893	41.2696	-0.000453049	-0.000324413	2
185.907	41.4135	-0.000446429	-0.000323735	2
186.914	41.5577	-0.000440229	-0.000322352	2
187.916	41.7025	-0.000434474	-0.000320244	2
188.911	41.8482	-0.000429189	-0.000317388	2
189.899	41.995	-0.0004244	-0.000313764	2
190.879	42.1434	-0.000420133	-0.000309352	2
191.851	42.2935	-0.000416412	-0.000304128	2
192.814	42.4457	-0.000413263	-0.000298073	2
193.768	42.6004	-0.000410712	-0.000291166	2
194.713	42.7577	-0.000408784	-0.000283384	2
195.648	42.9179	-0.000407504	-0.000274707	2
196.573	43.0815	-0.000406899	-0.000265114	2
197.487	43.2486	-0.000406993	-0.000254583	2
198.379	43.4177	-0.000407798	-0.000243231	2
199.27	43.5928	-0.000409358	-0.000230773	2
200.149	43.7724	-0.000411694	-0.000217314	2
201.015	43.9568	-0.000414831	-0.000202834	2

