-125.001	2.01132	-1.988e-07	-9.46912e-08	2
-125.09	2.97722	-1.69304e-05	-8.32845e-06	2
-125.208	3.93902	-3.31378e-05	-1.68406e-05	2
-125.352	4.88568	-4.86466e-05	-2.55381e-05	2
-125.521	5.80686	-6.33141e-05	-3.43191e-05	2
-125.717	6.72427	-7.75055e-05	-4.33894e-05	2
-125.939	7.62738	-9.10705e-05	-5.26494e-05	2
-126.185	8.51648	-0.000104034	-6.21007e-05	2
-126.455	9.39184	-0.000116419	-7.17448e-05	2
-126.749	10.2538	-0.00012825	-8.15831e-05	2
-127.066	11.1025	-0.000139552	-9.16172e-05	2
-127.406	11.9384	-0.000150349	-0.000101849	2
-127.767	12.7617	-0.000160665	-0.000112279	2
-128.15	13.5726	-0.000170525	-0.000122909	2
-128.554	14.3715	-0.000179951	-0.000133742	2
-128.978	15.1587	-0.00018897	-0.000144777	2
-129.422	15.9343	-0.000197604	-0.000156018	2
-129.885	16.6988	-0.000205879	-0.000167464	2
-130.367	17.4524	-0.000213818	-0.000179119	2
-130.867	18.1953	-0.000221446	-0.000190983	2
-131.385	18.9279	-0.000228787	-0.000203057	2
-131.919	19.6504	-0.000235864	-0.000215344	2
-132.47	20.3632	-0.000242703	-0.000227845	2
-133.037	21.0664	-0.000249328	-0.000240562	2
-133.619	21.7604	-0.000255762	-0.000253495	2
-134.216	22.4455	-0.000262031	-0.000266646	2
-134.821	23.1142	-0.000268088	-0.000279863	2
-135.446	23.7823	-0.000274098	-0.000293453	2
-136.084	24.4424	-0.000280014	-0.000307266	2
-136.735	25.0946	-0.000285862	-0.000321304	2
-137.398	25.7393	-0.000291664	-0.000335567	2
-138.072	26.3767	-0.000297445	-0.000350058	2
-138.758	27.0072	-0.00030323	-0.000364777	2
-139.453	27.631	-0.000309042	-0.000379727	2
-140.159	28.2483	-0.000314905	-0.000394909	2
-140.874	28.8596	-0.000320845	-0.000410325	2
-141.598	29.465	-0.000326885	-0.000425975	2
-142.331	30.0648	-0.00033305	-0.000441862	2
-143.071	30.6594	-0.000339363	-0.000457986	2
-143.818	31.249	-0.000345849	-0.00047435	2
-144.571	31.8338	-0.000352532	-0.000490956	2
-145.331	32.4142	-0.000359436	-0.000507803	2
-146.096	32.9905	-0.000366587	-0.000524895	2
-146.867	33.5629	-0.000374006	-0.000542231	2
-147.641	34.1317	-0.00038172	-0.000559815	2
-148.42	34.6972	-0.000389752	-0.000577648	2
-149.202	35.2597	-0.000398127	-0.00059573	2
-149.986	35.8194	-0.000406868	-0.000614064	2
-150.773	36.3767	-0.000416	-0.000632651	2
-151.552	36.9254	-0.000425436	-0.000651274	2
-152.342	37.4787	-0.000435417	-0.000670369	2
-153.132	38.0303	-0.000445862	-0.000689721	2
-153.922	38.5805	-0.000456795	-0.000709332	2
-154.712	39.1297	-0.000468239	-0.000729203	2
-155.501	39.6782	-0.000480219	-0.000749337	2
-156.288	40.2261	-0.00049276	-0.000769734	2
-157.073	40.7738	-0.000505884	-0.000790396	2
-157.855	41.3216	-0.000519618	-0.000811324	2
-158.634	41.8698	-0.000533985	-0.000832521	2
-159.409	42.4186	-0.000549008	-0.000853987	2
-160.179	42.9683	-0.000564713	-0.000875724	2
-160.945	43.5192	-0.000581124	-0.000897734	2
-161.706	44.0716	-0.000598264	-0.000920018	2
-162.46	44.6257	-0.000616159	-0.000942577	2
-163.208	45.1819	-0.000634832	-0.000965414	2
-163.949	45.7405	-0.000654307	-0.000988529	2
-164.682	46.3016	-0.000674609	-0.00101192	2
-165.406	46.8656	-0.000695762	-0.0010356	2
-166.123	47.4328	-0.00071779	-0.00105956	2
-166.829	48.0034	-0.000740718	-0.00108381	2
-167.526	48.5778	-0.000764569	-0.00110834	2
-168.213	49.1562	-0.000789368	-0.00113315	2
-168.889	49.7389	-0.000815139	-0.00115826	2
-169.545	50.3194	-0.000841593	-0.00118337	2
-170.198	50.9115	-0.000869369	-0.00120905	2
-170.837	51.5087	-0.00089819	-0.00123503	2
-171.464	52.1114	-0.000928079	-0.00126131	2
-172.077	52.7197	-0.000959061	-0.00128788	2
-172.675	53.334	-0.000991161	-0.00131475	2
-173.259	53.9547	-0.0010244	-0.00134192	2
-173.828	54.5818	-0.00105881	-0.00136939	2
-174.381	55.2158	-0.0010944	-0.00139717	2
-174.917	55.8569	-0.00113121	-0.00142525	2
-175.436	56.5054	-0.00116926	-0.00145363	2
-175.938	57.1616	-0.00120857	-0.00148232	2
-176.422	57.8257	-0.00124917	-0.00151132	2
-176.887	58.4981	-0.00129108	-0.00154063	2
-177.333	59.179	-0.00133432	-0.00157025	2
-177.759	59.8687	-0.00137893	-0.00160019	2
-178.165	60.5674	-0.00142492	-0.00163044	2
-178.55	61.2756	-0.00147231	-0.001661	2
-178.914	61.9934	-0.00152114	-0.00169188	2
-179.256	62.7211	-0.00157142	-0.00172309	2
-179.576	63.4591	-0.00162319	-0.00175461	2
-179.872	64.2075	-0.00167645	-0.00178646	2
-180.145	64.9668	-0.00173125	-0.00181863	2
-180.391	65.7281	-0.00178695	-0.00185075	2
-180.616	66.5096	-0.00184486	-0.00188356	2
-180.815	67.3027	-0.00190437	-0.00191671	2
-180.988	68.1077	-0.00196551	-0.00195019	2

-75.0007	2.012	2.28439e-07	-4.80179e-07	2
-75.07	3.03841	2.10231e-05	-4.03219e-05	2
-75.1597	4.06642	4.43455e-05	-7.77362e-05	2
-75.2688	5.08419	6.99293e-05	-0.000112293	2
-75.3953	6.08036	9.74044e-05	-0.000143694	2
-75.5419	7.07827	0.000127372	-0.000172719	2
-75.7069	8.06644	0.000159488	-0.000199037	2
-75.89	9.04505	0.000193713	-0.000222699	2
-76.0909	10.0143	0.000230011	-0.000243754	2
-76.3092	10.9742	0.000268342	-0.000262254	2
-76.5446	11.9251	0.00030867	-0.000278249	2
-76.7968	12.8672	0.000350955	-0.000291789	2
-77.0654	13.8004	0.000395161	-0.000302924	2
-77.3502	14.7252	0.000441249	-0.000311705	2
-77.6508	15.6415	0.000489181	-0.000318182	2
-77.9669	16.5496	0.000538919	-0.000322405	2
-78.2981	17.4496	0.000590425	-0.000324426	2
-78.6442	18.3418	0.000643662	-0.000324294	2
-79.0048	19.2262	0.00069859	-0.000322059	2
-79.3797	20.1031	0.000755173	-0.000317773	2
-79.7684	20.9726	0.000813373	-0.000311484	2
-80.1706	21.8349	0.000873151	-0.000303245	2
-80.5861	22.6901	0.000934469	-0.000293105	2
-81.0144	23.5385	0.000997289	-0.000281114	2
-81.4554	24.3801	0.00106157	-0.000267323	2
-81.9086	25.2152	0.00112729	-0.000251782	2
-82.3683	26.0344	0.00119361	-0.000234749	2
-82.8449	26.8569	0.00126204	-0.000215878	2
-83.3328	27.6734	0.00133179	-0.000195408	2
-83.8317	28.4841	0.00140281	-0.00017339	2
-84.3412	29.289	0.00147507	-0.000149872	2
-84.861	30.0884	0.00154853	-0.000124907	2
-85.3908	30.8824	0.00162315	-9.85433e-05	2
-85.9303	31.6712	0.0016989	-7.08324e-05	2
-86.4792	32.455	0.00177573	-4.18245e-05	2
-87.037	33.2338	0.0018536	-1.15699e-05	2
-87.6036	34.008	0.00193249	1.9881e-05	2
-88.1786	34.7777	0.00201234	5.24779e-05	2
-88.7615	35.543	0.00209313	8.61704e-05	2
-89.3523	36.3041	0.00217482	0.000120908	2
-89.9504	37.0611	0.00225736	0.000156641	2
-90.5556	37.8143	0.00234072	0.000193318	2
-91.1676	38.5638	0.00242487	0.000230889	2
-91.786	39.3097	0.00250975	0.000269304	2
-92.4105	40.0524	0.00259535	0.000308512	2
-93.0408	40.7918	0.00268161	0.000348464	2
-93.6766	41.5281	0.0027685	0.000389108	2
-94.3175	42.2617	0.00285598	0.000430394	2
-94.9633	42.9925	0.00294401	0.000472273	2
-95.606	43.7125	0.00303154	0.000514202	2
-96.2604	44.4384	0.00312057	0.000557108	2
-96.9186	45.1622	0.00321003	0.000600455	2
-97.5803	45.884	0.00329989	0.000644193	2
-98.2452	46.6039	0.00339012	0.000688272	2
-98.9131	47.3222	0.00348068	0.000732641	2
-99.5834	48.0389	0.00357152	0.00077725	2
-100.256	48.7543	0.00366262	0.000822049	2
-100.931	49.4685	0.00375392	0.000866987	2
-101.607	50.1817	0.0038454	0.000912013	2
-102.284	50.894	0.00393702	0.000957079	2
-102.962	51.6056	0.00402874	0.00100213	2
-103.641	52.3168	0.00412051	0.00104712	2
-104.32	53.0276	0.00421231	0.001092	2
-105	53.7382	0.00430409	0.00113672	2
-105.679	54.4488	0.00439582	0.00118122	2
-106.357	55.1596	0.00448746	0.00122546	2
-107.034	55.8707	0.00457897	0.00126938	2
-107.71	56.5824	0.00467031	0.00131294	2
-108.384	57.2946	0.00476145	0.00135609	2
-109.056	58.0077	0.00485234	0.00139877	2
-109.726	58.7218	0.00494295	0.00144093	2
-110.393	59.4371	0.00503324	0.00148253	2
-111.058	60.1537	0.00512318	0.00152351	2
-111.711	60.8636	0.00521169	0.00156336	2
-112.369	61.5833	0.00530081	0.00160297	2
-113.022	62.3049	0.00538945	0.00164181	2
-113.672	63.0285	0.00547758	0.00167983	2
-114.316	63.7543	0.00556516	0.00171699	2
-114.956	64.4824	0.00565217	0.00175323	2
-115.591	65.2131	0.00573854	0.00178849	2
-116.22	65.9464	0.00582426	0.00182274	2
-116.844	66.6825	0.00590928	0.00185593	2
-117.461	67.4217	0.00599357	0.00188799	2
-118.072	68.164	0.00607708	0.00191888	2
-118.675	68.9097	0.00615977	0.00194855	2
-119.272	69.6589	0.00624162	0.00197695	2
-119.861	70.4118	0.00632258	0.00200403	2
-120.443	71.1686	0.00640261	0.00202974	2
-121.016	71.9293	0.00648167	0.00205403	2
-121.581	72.6943	0.00655974	0.00207685	2
-122.137	73.4636	0.00663676	0.00209814	2
-122.684	74.2374	0.00671271	0.00211786	2
-123.222	75.0159	0.00678754	0.00213596	2
-123.75	75.7993	0.00686122	0.00215238	2
-124.268	76.5877	0.0069337	0.00216708	2
-124.775	77.3813	0.00700495	0.00218001	2
-125.266	78.171	0.00707414	0.00219099	2
-125.752	78.9754	0.00714284	0.00220024	2
-126.227	79.7855	0.00721019	0.00220756	2
-126.69	80.6015	0.00727616	0.00221291	2

-25.0008	2.01268	7.53183e-07	-7.14352e-08	2
-25.0636	3.09855	6.57609e-05	-7.03298e-06	2
-25.1114	4.18826	0.000131986	-1.57108e-05	2
-25.1436	5.26922	0.000198664	-2.60179e-05	2
-25.1603	6.32921	0.000265007	-3.77924e-05	2
-25.1619	7.39297	0.000332545	-5.12927e-05	2
-25.1485	8.44818	0.000400496	-6.63755e-05	2
-25.1202	9.49494	0.000468848	-8.3025e-05	2
-25.0771	10.5333	0.000537588	-0.000101226	2
-25.0195	11.5633	0.000606702	-0.000120962	2
-24.9475	12.5852	0.000676179	-0.000142218	2
-24.8612	13.5988	0.000746004	-0.000164978	2
-24.761	14.6044	0.000816166	-0.000189227	2
-24.6468	15.6019	0.000886652	-0.000214949	2
-24.519	16.5915	0.000957448	-0.000242128	2
-24.3777	17.5732	0.00102854	-0.000270748	2
-24.223	18.5471	0.00109992	-0.000300795	2
-24.0552	19.5133	0.00117157	-0.000332251	2
-23.8744	20.4719	0.00124348	-0.000365103	2
-23.6807	21.4229	0.00131564	-0.000399333	2
-23.4745	22.3664	0.00138803	-0.000434927	2
-23.2557	23.3025	0.00146064	-0.000471868	2
-23.0247	24.2312	0.00153345	-0.000510141	2
-22.7816	25.1527	0.00160647	-0.000549731	2
-22.5265	26.067	0.00167966	-0.000590621	2
-22.2597	26.9741	0.00175302	-0.000632797	2
-21.9846	27.8639	0.0018257	-0.000675735	2
-21.6949	28.7571	0.00189936	-0.00072042	2
-21.394	29.6434	0.00197315	-0.000766343	2
-21.082	30.5229	0.00204706	-0.000813488	2
-20.7591	31.3956	0.00212108	-0.00086184	2
-20.4255	32.2616	0.00219518	-0.000911384	2
-20.0814	33.1211	0.00226937	-0.000962103	2
-19.7269	33.974	0.00234362	-0.00101398	2
-19.3622	34.8205	0.00241793	-0.00106701	2
-18.9875	35.6606	0.00249228	-0.00112116	2
-18.603	36.4943	0.00256665	-0.00117642	2
-18.2088	37.3219	0.00264104	-0.00123279	2
-17.8052	38.1433	0.00271543	-0.00129023	2
-17.3922	38.9586	0.00278981	-0.00134874	2
-16.9701	39.7679	0.00286417	-0.00140831	2
-16.539	40.5713	0.00293849	-0.0014689	2
-16.0991	41.3688	0.00301276	-0.00153052	2
-15.6507	42.1605	0.00308697	-0.00159314	2
-15.1938	42.9465	0.0031611	-0.00165674	2
-14.7286	43.7269	0.00323515	-0.00172132	2
-14.2554	44.5018	0.00330909	-0.00178686	2
-13.7742	45.2711	0.00338293	-0.00185333	2
-13.2853	46.035	0.00345663	-0.00192074	2
-12.7946	46.7849	0.00352935	-0.00198826	2
-12.2909	47.5383	0.00360277	-0.00205745	2
-11.7799	48.2865	0.00367602	-0.00212753	2
-11.2619	49.0296	0.00374909	-0.00219846	2
-10.7371	49.7677	0.00382197	-0.00227025	2
-10.2055	50.5008	0.00389465	-0.00234286	2
-9.66747	51.229	0.00396711	-0.00241629	2
-9.12308	51.9524	0.00403934	-0.00249052	2
-8.57254	52.671	0.00411133	-0.00256554	2
-8.01601	53.385	0.00418307	-0.00264133	2
-7.45367	54.0944	0.00425453	-0.00271786	2
-6.8857	54.7992	0.00432572	-0.00279514	2
-6.31226	55.4997	0.00439661	-0.00287314	2
-5.73355	56.1957	0.0044672	-0.00295184	2
-5.14972	56.8875	0.00453747	-0.00303124	2
-4.56097	57.575	0.0046074	-0.00311131	2
-3.96745	58.2584	0.00467699	-0.00319204	2
-3.36935	58.9377	0.00474622	-0.00327341	2
-2.76685	59.6131	0.00481508	-0.00335541	2
-2.16011	60.2845	0.00488356	-0.00343802	2
-1.54931	60.952	0.00495164	-0.00352123	2
-0.934628	61.6158	0.00501931	-0.00360503	2
-0.31624	62.2759	0.00508656	-0.00368938	2
0.305679	62.9324	0.00515338	-0.00377429	2
0.92375	63.5778	0.00521899	-0.00385874	2
1.55217	64.2273	0.0052849	-0.0039447	2
2.1836	64.8734	0.00535033	-0.00403115	2
2.81787	65.5161	0.00541529	-0.0041181	2
3.45479	66.1556	0.00547974	-0.00420551	2
4.0942	66.7919	0.00554368	-0.00429339	2
4.73591	67.4251	0.00560709	-0.0043817	2
5.37976	68.0553	0.00566997	-0.00447043	2
6.02557	68.6826	0.0057323	-0.00455958	2
6.67315	69.3069	0.00579406	-0.00464912	2
7.32235	69.9285	0.00585525	-0.00473904	2
7.97298	70.5473	0.00591584	-0.00482932	2
8.62486	71.1634	0.00597584	-0.00491994	2
9.27783	71.777	0.00603522	-0.0050109	2
9.9317	72.3881	0.00609397	-0.00510217	2
10.5863	72.9967	0.00615209	-0.00519374	2
11.2415	73.603	0.00620954	-0.0052856	2
11.897	74.207	0.00626634	-0.00537772	2
12.5528	74.8088	0.00632245	-0.0054701	2
13.2085	75.4084	0.00637787	-0.00556271	2
13.8642	76.006	0.00643258	-0.00565555	2
14.5195	76.6016	0.00648658	-0.00574859	2
15.1743	77.1953	0.00653985	-0.00584182	2
15.8209	77.7804	0.00659177	-0.00593415	2
16.4743	78.3705	0.00664355	-0.00602771	2
17.1266	78.9589	0.00669456	-0.00612142	2
17.7777	79.5457	0.00674478	-0.00621525	2

24.9964	2.01239	-2.72604e-07	-2.69509e-07	2
24.7017	3.0714	-2.39161e-05	-2.24052e-05	2
24.4312	4.13033	-4.82259e-05	-4.27295e-05	2
24.1882	5.17689	-7.29143e-05	-6.1014e-05	2
23.9748	6.19936	-9.76761e-05	-7.71241e-05	2
23.7855	7.22164	-0.000123072	-9.14752e-05	2
23.6228	8.23186	-0.000148802	-0.00010391	2
23.4862	9.23013	-0.00017485	-0.00011447	2
23.3754	10.2166	-0.000201201	-0.000123196	2
23.2901	11.1912	-0.00022784	-0.000130129	2
23.2299	12.1543	-0.000254752	-0.000135311	2
23.1945	13.1058	-0.000281922	-0.000138783	2
23.1836	14.0459	-0.000309334	-0.000140586	2
23.1967	14.9747	-0.000336974	-0.000140762	2
23.2336	15.8923	-0.000364826	-0.000139352	2
23.294	16.7988	-0.000392876	-0.000136396	2
23.3774	17.6942	-0.000421107	-0.000131938	2
23.4835	18.5788	-0.000449506	-0.000126016	2
23.6121	19.4526	-0.000478057	-0.000118674	2
23.7626	20.3157	-0.000506745	-0.000109952	2
23.9349	21.1682	-0.000535554	-9.98911e-05	2
24.1286	22.0103	-0.000564469	-8.85331e-05	2
24.3433	22.842	-0.000593477	-7.59191e-05	2
24.5786	23.6634	-0.00062256	-6.20904e-05	2
24.8343	24.4746	-0.000651705	-4.70883e-05	2
25.11	25.2758	-0.000680896	-3.09539e-05	2
25.4018	26.0581	-0.000709782	-1.39327e-05	2
25.7163	26.8396	-0.000739019	4.33028e-06	2
26.0497	27.6114	-0.000768257	2.36021e-05	2
26.4017	28.3736	-0.000797482	4.38415e-05	2
26.772	29.1262	-0.000826676	6.50072e-05	2
27.1603	29.8694	-0.000855827	8.70579e-05	2
27.5662	30.6033	-0.000884917	0.000109952	2
27.9893	31.328	-0.000913933	0.000133649	2
28.4294	32.0436	-0.00094286	0.000158107	2
28.886	32.7502	-0.000971681	0.000183285	2
29.3588	33.4479	-0.00100038	0.000209142	2
29.8476	34.1368	-0.00102895	0.000235636	2
30.3519	34.817	-0.00105736	0.000262726	2
30.8714	35.4886	-0.00108561	0.000290371	2
31.4058	36.1518	-0.00111368	0.00031853	2
31.9547	36.8066	-0.00114156	0.00034716	2
32.5178	37.4531	-0.00116922	0.000376222	2
33.0947	38.0915	-0.00119666	0.000405673	2
33.6851	38.7218	-0.00122385	0.000435473	2
34.2887	39.3442	-0.00125079	0.00046558	2
34.9051	39.9587	-0.00127746	0.000495953	2
35.5339	40.5655	-0.00130384	0.000526551	2
36.1749	41.1647	-0.00132992	0.000557332	2
36.8201	41.7496	-0.00135539	0.000587899	2
37.4842	42.3339	-0.00138083	0.000618922	2
38.1593	42.9109	-0.00140592	0.000650005	2
38.8453	43.4807	-0.00143065	0.000681107	2
39.5417	44.0434	-0.001455	0.000712186	2
40.2481	44.5991	-0.00147896	0.000743201	2
40.9643	45.1479	-0.00150251	0.000774112	2
41.6898	45.6899	-0.00152564	0.000804876	2
42.4245	46.2252	-0.00154833	0.000835452	2
43.1678	46.754	-0.00157057	0.000865799	2
43.9195	47.2762	-0.00159234	0.000895876	2
44.6792	47.7922	-0.00161363	0.000925642	2
45.4466	48.3018	-0.00163442	0.000955055	2
46.2213	48.8053	-0.00165469	0.000984074	2
47.0031	49.3027	-0.00167444	0.00101266	2
47.7915	49.7942	-0.00169365	0.00104077	2
48.5862	50.2799	-0.0017123	0.00106835	2
49.3868	50.7598	-0.00173037	0.00109539	2
50.1932	51.2341	-0.00174785	0.00112181	2
51.0047	51.7029	-0.00176474	0.0011476	2
51.8213	52.1662	-0.001781	0.00117271	2
52.6424	52.6243	-0.00179663	0.00119709	2
53.4678	53.0771	-0.00181161	0.00122071	2
54.2971	53.5248	-0.00182592	0.00124351	2
55.1204	53.9625	-0.0018394	0.00126523	2
55.9565	54.4004	-0.00185235	0.00128631	2
56.7955	54.8335	-0.00186459	0.00130646	2
57.637	55.2619	-0.00187611	0.00132564	2
58.4807	55.6858	-0.00188688	0.00134381	2
59.3263	56.1052	-0.0018969	0.00136093	2
60.1735	56.5202	-0.00190615	0.00137694	2
61.0218	56.9309	-0.00191462	0.00139183	2
61.8709	57.3375	-0.00192228	0.00140553	2
62.7206	57.7401	-0.00192913	0.00141802	2
63.5704	58.1387	-0.00193515	0.00142924	2
64.42	58.5335	-0.00194033	0.00143917	2
65.2691	58.9245	-0.00194464	0.00144775	2
66.1173	59.3119	-0.00194808	0.00145495	2
66.9643	59.6958	-0.00195062	0.00146072	2
67.8098	60.0763	-0.00195227	0.00146502	2
68.6533	60.4534	-0.00195298	0.00146782	2
69.4946	60.8274	-0.00195277	0.00146907	2
70.3334	61.1982	-0.0019516	0.00146873	2
71.1692	61.5661	-0.00194946	0.00146675	2
72.0017	61.931	-0.00194635	0.00146311	2
72.8306	62.2932	-0.00194223	0.00145774	2
73.6556	62.6527	-0.00193711	0.00145063	2
74.4669	63.0055	-0.00193103	0.00144183	2
75.283	63.36	-0.00192385	0.0014311	2
76.0941	63.7121	-0.00191561	0.00141849	2
76.9	64.062	-0.0019063	0.00140396	2

74.9953	2.01189	6.21988e-07	-4.40901e-07	2
74.5998	3.03512	5.21285e-05	-3.71646e-05	2
74.2116	4.07076	0.000100291	-7.19421e-05	2
73.8353	5.10675	0.000144561	-0.000104375	2
73.4752	6.13099	0.000184568	-0.000134174	2
73.1229	7.16712	0.000221316	-0.000162072	2
72.7827	8.20305	0.000254391	-0.000187754	2
72.4547	9.2386	0.000283867	-0.000211263	2
72.1388	10.2736	0.000309818	-0.000232641	2
71.8352	11.3078	0.000332317	-0.00025193	2
71.5438	12.3411	0.000351437	-0.000269174	2
71.2647	13.3733	0.000367252	-0.000284415	2
70.998	14.4043	0.000379836	-0.000297697	2
70.7437	15.4337	0.000389262	-0.000309061	2
70.5019	16.4615	0.000395604	-0.000318551	2
70.2725	17.4874	0.000398936	-0.00032621	2
70.0556	18.5113	0.000399331	-0.00033208	2
69.8512	19.5331	0.000396862	-0.000336203	2
69.6595	20.5524	0.000391603	-0.000338624	2
69.4804	21.5692	0.000383628	-0.000339384	2
69.314	22.5832	0.00037301	-0.000338526	2
69.1603	23.5943	0.000359823	-0.000336094	2
69.0194	24.6022	0.00034414	-0.000332129	2
68.8913	25.6069	0.000326036	-0.000326675	2
68.776	26.6081	0.000305583	-0.000319774	2
68.6737	27.6057	0.000282855	-0.000311469	2
68.5852	28.588	0.000258224	-0.000301922	2
68.5085	29.5777	0.000231191	-0.000290953	2
68.4449	30.5632	0.000202104	-0.000278708	2
68.3944	31.5443	0.000171034	-0.00026523	2
68.3569	32.5209	0.000138057	-0.000250561	2
68.3325	33.4927	0.000103245	-0.000234744	2
68.3214	34.4596	6.66729e-05	-0.000217822	2
68.3234	35.4214	2.84134e-05	-0.000199838	2
68.3387	36.3779	-1.14597e-05	-0.000180835	2
68.3673	37.3289	-5.28728e-05	-0.000160855	2
68.4093	38.2742	-9.57524e-05	-0.000139941	2
68.4646	39.2137	-0.000140025	-0.000118136	2
68.5334	40.1472	-0.000185617	-9.5483e-05	2
68.6156	41.0744	-0.000232454	-7.20241e-05	2
68.7113	41.9953	-0.000280464	-4.78024e-05	2
68.8206	42.9096	-0.000329572	-2.28606e-05	2
68.9434	43.8172	-0.000379706	2.75842e-06	2
69.0799	44.7178	-0.00043079	2.90119e-05	2
69.2301	45.6113	-0.000482753	5.58572e-05	2
69.3939	46.4975	-0.00053552	8.32514e-05	2
69.5715	47.3762	-0.000589018	0.000111152	2
69.7629	48.2472	-0.000643173	0.000139516	2
69.9682	49.1105	-0.000697912	0.0001683	2
70.1847	49.9559	-0.000752523	0.000197125	2
70.4176	50.8029	-0.000808203	0.000226619	2
70.6644	51.6416	-0.000864248	0.000256406	2
70.9252	52.4717	-0.000920582	0.000286443	2
71.2001	53.2931	-0.000977133	0.000316687	2
71.4891	54.1055	-0.00103383	0.000347096	2
71.7921	54.9088	-0.00109059	0.000377626	2
72.1094	55.7028	-0.00114735	0.000408236	2
72.4408	56.4873	-0.00120403	0.000438881	2
72.7865	57.2622	-0.00126056	0.00046952	2
73.1465	58.0272	-0.00131687	0.00050011	2
73.5208	58.7822	-0.00137288	0.000530608	2
73.9094	59.5269	-0.00142851	0.000560971	2
74.3125	60.2613	-0.0014837	0.000591156	2
74.73	60.9851	-0.00153837	0.000621121	2
75.1621	61.6981	-0.00159245	0.000650823	2
75.6086	62.4003	-0.00164586	0.000680218	2
76.0698	63.0912	-0.00169854	0.000709265	2
76.5455	63.7709	-0.00175039	0.000737921	2
77.0359	64.4391	-0.00180137	0.000766142	2
77.541	65.0957	-0.00185138	0.000793887	2
78.0609	65.7403	-0.00190036	0.000821111	2
78.5955	66.373	-0.00194823	0.000847774	2
79.145	66.9934	-0.00199491	0.00087383	2
79.7027	67.5945	-0.00203983	0.000898951	2
80.2818	68.1902	-0.00208395	0.000923677	2
80.8757	68.773	-0.00212667	0.00094767	2
81.4847	69.3429	-0.00216792	0.000970887	2
82.1087	69.8997	-0.00220762	0.000993285	2
82.7478	70.4432	-0.00224569	0.00101482	2
83.402	70.9732	-0.00228207	0.00103545	2
84.0713	71.4895	-0.00231668	0.00105514	2
84.7559	71.992	-0.00234945	0.00107384	2
85.4556	72.4805	-0.0023803	0.0010915	2
86.1707	72.9547	-0.00240917	0.00110809	2
86.901	73.4145	-0.00243597	0.00112356	2
87.6467	73.8598	-0.00246063	0.00113787	2
88.4079	74.2903	-0.00248308	0.00115097	2
89.1844	74.7059	-0.00250325	0.00116283	2
89.9764	75.1063	-0.00252106	0.0011734	2
90.784	75.4914	-0.00253644	0.00118264	2
91.6071	75.8611	-0.00254932	0.0011905	2
92.4458	76.215	-0.00255961	0.00119695	2
93.3002	76.5531	-0.00256726	0.00120194	2
94.1703	76.8752	-0.00257218	0.00120542	2
95.056	77.1811	-0.0025743	0.00120736	2
95.9576	77.4705	-0.00257355	0.00120771	2
96.8643	77.7404	-0.00256991	0.00120645	2
97.7973	77.9967	-0.00256323	0.00120351	2
98.7463	78.236	-0.00255346	0.00119886	2
99.7111	78.4583	-0.00254052	0.00119244	2

125	2.01032	3.80225e-07	6.1967e-08	2
125.006	2.89803	3.2049e-05	4.92275e-06	2
124.98	3.79653	6.20334e-05	8.91153e-06	2
124.922	4.69542	8.99837e-05	1.1987e-05	2
124.834	5.58429	0.000115644	1.41498e-05	2
124.716	6.4837	0.00013964	1.54707e-05	2
124.569	7.38325	0.000161695	1.594e-05	2
124.393	8.28286	0.000181837	1.55785e-05	2
124.19	9.18243	0.000200099	1.44069e-05	2
123.96	10.0819	0.00021651	1.24458e-05	2
123.705	10.9811	0.000231101	9.71588e-06	2
123.424	11.8801	0.000243903	6.23784e-06	2
123.119	12.7787	0.000254946	2.03233e-06	2
122.791	13.6768	0.000264262	-2.87995e-06	2
122.441	14.5744	0.00027188	-8.47834e-06	2
122.068	15.4713	0.000277832	-1.47422e-05	2
121.675	16.3676	0.000282148	-2.16508e-05	2
121.261	17.263	0.000284859	-2.91834e-05	2
120.829	18.1576	0.000285995	-3.73195e-05	2
120.377	19.0512	0.000285587	-4.60383e-05	2
119.908	19.9437	0.000283666	-5.53192e-05	2
119.423	20.8351	0.000280262	-6.51415e-05	2
118.921	21.7253	0.000275407	-7.54844e-05	2
118.404	22.6141	0.00026913	-8.63275e-05	2
117.873	23.5016	0.000261462	-9.76499e-05	2
117.328	24.3876	0.000252434	-0.000109431	2
116.776	25.2619	0.000242204	-0.000121507	2
116.207	26.1447	0.000230562	-0.000134139	2
115.626	27.0258	0.000217653	-0.000147168	2
115.035	27.905	0.000203506	-0.000160572	2
114.435	28.7824	0.000188151	-0.000174333	2
113.825	29.6578	0.00017162	-0.000188428	2
113.208	30.5311	0.000153944	-0.000202838	2
112.584	31.4022	0.000135152	-0.000217541	2
111.954	32.2711	0.000115275	-0.000232517	2
111.318	33.1377	9.43452e-05	-0.000247745	2
110.678	34.0018	7.23918e-05	-0.000263205	2
110.034	34.8635	4.94458e-05	-0.000278875	2
109.386	35.7226	2.55379e-05	-0.000294736	2
108.737	36.579	6.98734e-07	-0.000310766	2
108.086	37.4327	-2.5041e-05	-0.000326945	2
107.435	38.2835	-5.16507e-05	-0.000343252	2
106.784	39.1314	-7.90997e-05	-0.000359666	2
106.135	39.9763	-0.000107357	-0.000376168	2
105.487	40.8181	-0.000136393	-0.000392735	2
104.842	41.6568	-0.000166176	-0.000409348	2
104.2	42.4921	-0.000196675	-0.000425986	2
103.563	43.3242	-0.000227861	-0.000442627	2
102.931	44.1528	-0.000259702	-0.000459253	2
102.312	44.9684	-0.000291791	-0.00047565	2
101.693	45.7899	-0.000324844	-0.000492181	2
101.081	46.6078	-0.000358461	-0.000508633	2
100.478	47.4218	-0.000392611	-0.000524987	2
99.8842	48.232	-0.000427264	-0.00054122	2
99.3004	49.0383	-0.000462388	-0.000557314	2
98.7275	49.8406	-0.000497954	-0.000573246	2
98.1663	50.6387	-0.00053393	-0.000588996	2
97.6176	51.4327	-0.000570286	-0.000604545	2
97.0823	52.2223	-0.000606991	-0.00061987	2
96.5612	53.0076	-0.000644015	-0.000634951	2
96.055	53.7885	-0.000681326	-0.000649768	2
95.5647	54.5648	-0.000718895	-0.000664299	2
95.0909	55.3365	-0.00075669	-0.000678525	2
94.6346	56.1035	-0.000794682	-0.000692425	2
94.1965	56.8657	-0.000832839	-0.000705977	2
93.7775	57.6231	-0.00087113	-0.000719161	2
93.3784	58.3755	-0.000909525	-0.000731957	2
92.9999	59.1228	-0.000947994	-0.000744344	2
92.643	59.865	-0.000986505	-0.000756301	2
92.3084	60.602	-0.00102503	-0.000767808	2
91.997	61.3337	-0.00106353	-0.000778843	2
91.7095	62.06	-0.00110199	-0.000789387	2
91.4468	62.7809	-0.00114036	-0.000799418	2
91.2123	63.488	-0.00117819	-0.00080881	2
91.0013	64.1977	-0.00121632	-0.00081776	2
90.8175	64.9017	-0.00125427	-0.000826136	2
90.6618	65.5999	-0.00129202	-0.000833917	2
90.5349	66.2922	-0.00132954	-0.000841083	2
90.4377	66.9785	-0.0013668	-0.000847612	2
90.371	67.6587	-0.00140376	-0.000853484	2
90.3356	68.3328	-0.00144039	-0.000858678	2
90.3323	69.0007	-0.00147668	-0.000863175	2
90.3619	69.6623	-0.00151257	-0.000866952	2
90.4253	70.3174	-0.00154805	-0.000869989	2
90.5232	70.9661	-0.00158308	-0.000872266	2
90.6566	71.6082	-0.00161763	-0.000873762	2
90.8261	72.2437	-0.00165168	-0.000874456	2
91.0327	72.8724	-0.00168518	-0.000874328	2
91.2771	73.4942	-0.00171812	-0.000873357	2
91.5601	74.1092	-0.00175045	-0.000871522	2
91.8826	74.7172	-0.00178215	-0.000868802	2
92.2454	75.3181	-0.00181319	-0.000865178	2
92.6494	75.9118	-0.00184354	-0.000860627	2
93.0952	76.4982	-0.00187317	-0.000855131	2
93.5837	77.0774	-0.00190204	-0.000848667	2
94.1158	77.6491	-0.00193012	-0.000841215	2
94.6854	78.2069	-0.00195709	-0.000832858	2
95.3066	78.7636	-0.00198352	-0.000823381	2
95.9737	79.3126	-0.00200908	-0.000812854	2
96.6877	79.8539	-0.00203373	-0.000801257	2

