-125.002	2.01319	6.06331e-07	-3.98848e-07	2
-125.173	3.13895	5.29036e-05	-3.33608e-05	2
-125.368	4.26003	0.00010611	-6.4043e-05	2
-125.586	5.36353	0.000159608	-9.20924e-05	2
-125.824	6.43738	0.000212768	-0.000117277	2
-126.086	7.50682	0.000266818	-0.000140228	2
-126.369	8.55959	0.000321128	-0.000160684	2
-126.673	9.59596	0.000375691	-0.00017869	2
-126.998	10.6162	0.000430495	-0.000194292	2
-127.343	11.6207	0.00048553	-0.000207538	2
-127.708	12.6097	0.000540786	-0.000218471	2
-128.093	13.5835	0.000596253	-0.00022714	2
-128.496	14.5424	0.00065192	-0.000233588	2
-128.918	15.4867	0.000707778	-0.000237863	2
-129.359	16.4166	0.000763816	-0.00024001	2
-129.817	17.3326	0.000820024	-0.000240075	2
-130.293	18.2348	0.000876392	-0.000238105	2
-130.787	19.1236	0.00093291	-0.000234145	2
-131.297	19.9993	0.000989567	-0.000228241	2
-131.823	20.8622	0.00104635	-0.000220439	2
-132.365	21.7125	0.00110326	-0.000210784	2
-132.923	22.5506	0.00116027	-0.000199324	2
-133.497	23.3768	0.00121739	-0.000186104	2
-134.085	24.1913	0.00127459	-0.00017117	2
-134.687	24.9945	0.00133187	-0.000154567	2
-135.304	25.7866	0.00138922	-0.000136343	2
-135.927	26.5591	0.00144596	-0.000116778	2
-136.571	27.3301	0.00150342	-9.5464e-05	2
-137.227	28.091	0.00156091	-7.26652e-05	2
-137.896	28.842	0.00161843	-4.84274e-05	2
-138.577	29.5835	0.00167596	-2.27967e-05	2
-139.27	30.3156	0.00173351	4.18106e-06	2
-139.975	31.0388	0.00179105	3.24599e-05	2
-140.69	31.7534	0.00184857	6.19938e-05	2
-141.416	32.4595	0.00190608	9.27369e-05	2
-142.153	33.1576	0.00196355	0.000124643	2
-142.899	33.8479	0.00202097	0.000157667	2
-143.655	34.5307	0.00207834	0.000191761	2
-144.419	35.2063	0.00213565	0.000226882	2
-145.193	35.875	0.00219288	0.000262981	2
-145.975	36.5371	0.00225003	0.000300014	2
-146.765	37.1929	0.00230709	0.000337935	2
-147.562	37.8426	0.00236404	0.000376697	2
-148.367	38.4867	0.00242087	0.000416254	2
-149.178	39.1254	0.00247758	0.000456561	2
-149.996	39.7589	0.00253415	0.000497572	2
-150.819	40.3877	0.00259058	0.00053924	2
-151.649	41.0119	0.00264685	0.000581521	2
-152.484	41.6319	0.00270295	0.000624367	2
-153.313	42.2409	0.00275824	0.000667231	2
-154.157	42.8533	0.00281399	0.000711066	2
-155.006	43.4624	0.00286953	0.000755329	2
-155.857	44.0685	0.00292488	0.000799975	2
-156.713	44.6718	0.00298	0.000844957	2
-157.571	45.2727	0.0030349	0.000890229	2
-158.431	45.8715	0.00308956	0.000935747	2
-159.294	46.4683	0.00314397	0.000981463	2
-160.159	47.0637	0.00319812	0.00102733	2
-161.025	47.6577	0.00325201	0.00107331	2
-161.892	48.2508	0.00330562	0.00111934	2
-162.76	48.8432	0.00335894	0.00116539	2
-163.628	49.4353	0.00341196	0.00121141	2
-164.496	50.0272	0.00346467	0.00125736	2
-165.364	50.6194	0.00351707	0.00130318	2
-166.23	51.2121	0.00356913	0.00134883	2
-167.095	51.8057	0.00362086	0.00139427	2
-167.959	52.4003	0.00367223	0.00143944	2
-168.821	52.9963	0.00372325	0.00148431	2
-169.68	53.5941	0.0037739	0.00152883	2
-170.536	54.1938	0.00382416	0.00157294	2
-171.389	54.7959	0.00387404	0.00161661	2
-172.239	55.4005	0.00392352	0.0016598	2
-173.085	56.0081	0.00397258	0.00170244	2
-173.916	56.6117	0.00402067	0.00174402	2
-174.753	57.2259	0.00406889	0.00178547	2
-175.585	57.8438	0.00411667	0.00182623	2
-176.411	58.4659	0.004164	0.00186628	2
-177.231	59.0923	0.00421086	0.00190556	2
-178.045	59.7233	0.00425725	0.00194403	2
-178.852	60.3593	0.00430317	0.00198165	2
-179.652	61.0006	0.00434859	0.00201836	2
-180.445	61.6475	0.0043935	0.00205411	2
-181.23	62.3002	0.00443791	0.00208888	2
-182.007	62.959	0.00448179	0.0021226	2
-182.775	63.6243	0.00452514	0.00215523	2
-183.535	64.2964	0.00456795	0.00218674	2
-184.285	64.9755	0.0046102	0.00221706	2
-185.025	65.6619	0.00465189	0.00224615	2
-185.755	66.3559	0.00469301	0.00227398	2
-186.475	67.0579	0.00473355	0.00230049	2
-187.184	67.7682	0.00477349	0.00232563	2
-187.881	68.4869	0.00481282	0.00234937	2
-188.567	69.2145	0.00485154	0.00237165	2
-189.241	69.9512	0.00488964	0.00239243	2
-189.903	70.6973	0.0049271	0.00241166	2
-190.551	71.4531	0.00496392	0.0024293	2
-191.18	72.2101	0.00499967	0.00244512	2
-191.802	72.9861	0.00503517	0.00245946	2
-192.41	73.7727	0.00507	0.00247206	2
-193.004	74.5702	0.00510415	0.00248289	2

-75.003	2.01277	8.15852e-07	2.76659e-08	2
-75.2493	3.10833	7.07589e-05	1.84757e-06	2
-75.4825	4.21133	0.000141076	2.56854e-06	2
-75.6999	5.30905	0.000210956	2.17061e-06	2
-75.8994	6.38901	0.000279609	6.85124e-07	2
-76.0857	7.47638	0.000348637	-1.91481e-06	2
-76.2567	8.5586	0.000417245	-5.61059e-06	2
-76.4125	9.63573	0.000485437	-1.03945e-05	2
-76.5533	10.7078	0.00055322	-1.62588e-05	2
-76.6793	11.7749	0.000620598	-2.31958e-05	2
-76.7906	12.837	0.000687577	-3.11978e-05	2
-76.8874	13.8942	0.000754162	-4.0257e-05	2
-76.9698	14.9466	0.000820359	-5.03658e-05	2
-77.0381	15.9941	0.000886172	-6.15164e-05	2
-77.0924	17.0369	0.000951609	-7.37011e-05	2
-77.1328	18.075	0.00101667	-8.69123e-05	2
-77.1596	19.1083	0.00108137	-0.000101142	2
-77.1729	20.1371	0.00114571	-0.000116383	2
-77.1729	21.1613	0.00120968	-0.000132627	2
-77.1597	22.1809	0.00127331	-0.000149867	2
-77.1335	23.196	0.0013366	-0.000168094	2
-77.0945	24.2067	0.00139954	-0.000187301	2
-77.0429	25.213	0.00146215	-0.000207481	2
-76.9788	26.215	0.00152443	-0.000228626	2
-76.9024	27.2126	0.00158638	-0.000250728	2
-76.8139	28.206	0.00164802	-0.000273778	2
-76.7146	29.1838	0.00170864	-0.00029749	2
-76.6024	30.1689	0.00176966	-0.000322405	2
-76.4786	31.1498	0.00183038	-0.000348247	2
-76.3433	32.1267	0.0018908	-0.000375007	2
-76.1967	33.0995	0.00195092	-0.000402678	2
-76.039	34.0684	0.00201076	-0.000431252	2
-75.8704	35.0333	0.00207033	-0.000460721	2
-75.691	35.9943	0.00212961	-0.000491078	2
-75.5009	36.9515	0.00218862	-0.000522315	2
-75.3004	37.9049	0.00224737	-0.000554424	2
-75.0896	38.8546	0.00230586	-0.000587397	2
-74.8687	39.8005	0.0023641	-0.000621227	2
-74.6379	40.7428	0.00242209	-0.000655906	2
-74.3973	41.6815	0.00247983	-0.000691427	2
-74.1471	42.6166	0.00253733	-0.000727781	2
-73.8875	43.5482	0.00259461	-0.000764961	2
-73.6186	44.4764	0.00265165	-0.00080296	2
-73.3406	45.4011	0.00270848	-0.000841768	2
-73.0537	46.3224	0.00276508	-0.00088138	2
-72.758	47.2405	0.00282148	-0.000921786	2
-72.4537	48.1552	0.00287767	-0.00096298	2
-72.1411	49.0667	0.00293366	-0.00100495	2
-71.8201	49.975	0.00298945	-0.0010477	2
-71.495	50.8697	0.00304442	-0.0010907	2
-71.1581	51.7718	0.00309984	-0.00113496	2
-70.8136	52.6709	0.00315508	-0.00117997	2
-70.4614	53.5669	0.00321015	-0.00122571	2
-70.1019	54.46	0.00326505	-0.00127219	2
-69.7351	55.3502	0.00331979	-0.0013194	2
-69.3613	56.2375	0.00337437	-0.00136733	2
-68.9805	57.1219	0.0034288	-0.00141596	2
-68.593	58.0036	0.00348308	-0.0014653	2
-68.199	58.8826	0.00353722	-0.00151533	2
-67.7986	59.7589	0.00359122	-0.00156605	2
-67.392	60.6326	0.00364509	-0.00161745	2
-66.9793	61.5037	0.00369884	-0.00166952	2
-66.5607	62.3722	0.00375247	-0.00172225	2
-66.1364	63.2382	0.00380598	-0.00177564	2
-65.7066	64.1018	0.00385938	-0.00182968	2
-65.2714	64.963	0.00391268	-0.00188436	2
-64.831	65.8218	0.00396588	-0.00193967	2
-64.3855	66.6784	0.00401899	-0.00199561	2
-63.9352	67.5326	0.00407201	-0.00205217	2
-63.4802	68.3847	0.00412495	-0.00210933	2
-63.0207	69.2346	0.00417781	-0.0021671	2
-62.5568	70.0823	0.00423059	-0.00222546	2
-62.0887	70.928	0.00428332	-0.00228441	2
-61.6221	71.7619	0.00433537	-0.00234325	2
-61.1461	72.6036	0.00438798	-0.00240335	2
-60.6665	73.4434	0.00444053	-0.002464	2
-60.1834	74.2812	0.00449304	-0.00252522	2
-59.697	75.1172	0.00454552	-0.00258698	2
-59.2073	75.9514	0.00459795	-0.00264928	2
-58.7147	76.7839	0.00465036	-0.00271211	2
-58.2192	77.6147	0.00470274	-0.00277547	2
-57.7211	78.4437	0.00475511	-0.00283935	2
-57.2204	79.2712	0.00480747	-0.00290374	2
-56.7174	80.0971	0.00485981	-0.00296863	2
-56.2123	80.9215	0.00491216	-0.00303401	2
-55.7052	81.7444	0.0049645	-0.00309988	2
-55.1962	82.5659	0.00501686	-0.00316623	2
-54.6856	83.386	0.00506923	-0.00323305	2
-54.1735	84.2048	0.00512162	-0.00330033	2
-53.6601	85.0223	0.00517404	-0.00336807	2
-53.1455	85.8385	0.00522648	-0.00343626	2
-52.63	86.6536	0.00527896	-0.00350489	2
-52.1136	87.4675	0.00533149	-0.00357395	2
-51.5967	88.2803	0.00538405	-0.00364343	2
-51.0792	89.092	0.00543667	-0.00371334	2
-50.5615	89.9028	0.00548935	-0.00378365	2
-50.0495	90.7032	0.00554148	-0.00385355	2
-49.5317	91.5121	0.00559429	-0.00392465	2
-49.014	92.3201	0.00564717	-0.00399614	2
-48.4968	93.1272	0.00570013	-0.00406801	2

-25.003	2.0131	-1.90584e-07	-2.46792e-07	2
-25.2499	3.13032	-1.72018e-05	-2.02793e-05	2
-25.4695	4.24213	-3.56414e-05	-3.81759e-05	2
-25.6593	5.33566	-5.52907e-05	-5.37319e-05	2
-25.8181	6.39886	-7.58755e-05	-6.68502e-05	2
-25.9498	7.45668	-9.78465e-05	-7.78777e-05	2
-26.053	8.49687	-0.000120943	-8.66911e-05	2
-26.1279	9.51965	-0.000145137	-9.33327e-05	2
-26.175	10.5252	-0.0001704	-9.78446e-05	2
-26.1947	11.5138	-0.000196704	-0.000100269	2
-26.1874	12.4857	-0.000224022	-0.000100649	2
-26.1535	13.441	-0.000252323	-9.90259e-05	2
-26.0934	14.38	-0.000281582	-9.54424e-05	2
-26.0075	15.3028	-0.000311769	-8.99407e-05	2
-25.8962	16.2098	-0.000342856	-8.25632e-05	2
-25.7599	17.1012	-0.000374815	-7.33521e-05	2
-25.599	17.977	-0.000407619	-6.23497e-05	2
-25.4139	18.8377	-0.000441238	-4.95983e-05	2
-25.2051	19.6833	-0.000475645	-3.51402e-05	2
-24.9728	20.5141	-0.000510811	-1.90177e-05	2
-24.7176	21.3304	-0.000546709	-1.27296e-06	2
-24.4398	22.1323	-0.00058331	1.80516e-05	2
-24.1398	22.92	-0.000620586	3.89138e-05	2
-23.8181	23.6939	-0.000658509	6.12712e-05	2
-23.475	24.454	-0.000697051	8.50817e-05	2
-23.1109	25.2007	-0.000736183	0.000110303	2
-22.7308	25.9257	-0.000775418	0.000136579	2
-22.3262	26.6462	-0.000815641	0.00016448	2
-21.9018	27.3538	-0.000856371	0.000193665	2
-21.4581	28.0488	-0.000897579	0.000224092	2
-20.9954	28.7314	-0.000939237	0.000255719	2
-20.5142	29.4019	-0.000981317	0.000288504	2
-20.0148	30.0604	-0.00102379	0.000322403	2
-19.4976	30.7071	-0.00106663	0.000357376	2
-18.9631	31.3424	-0.00110981	0.000393379	2
-18.4116	31.9663	-0.00115329	0.000430371	2
-17.8436	32.5791	-0.00119706	0.000468309	2
-17.2595	33.181	-0.00124108	0.00050715	2
-16.6596	33.7724	-0.00128533	0.000546853	2
-16.0443	34.3532	-0.00132977	0.000587375	2
-15.4142	34.9239	-0.00137438	0.000628674	2
-14.7694	35.4845	-0.00141913	0.000670708	2
-14.1106	36.0354	-0.001464	0.000713434	2
-13.438	36.5767	-0.00150894	0.00075681	2
-12.7521	37.1087	-0.00155395	0.000800794	2
-12.0533	37.6315	-0.00159898	0.000845344	2
-11.3419	38.1455	-0.00164401	0.000890416	2
-10.6184	38.6507	-0.00168901	0.00093597	2
-9.88322	39.1475	-0.00173396	0.000981962	2
-9.14534	39.6305	-0.00177831	0.00102782	2
-8.38802	40.1111	-0.00182306	0.00107455	2
-7.62019	40.5838	-0.00186767	0.00112161	2
-6.84224	41.049	-0.00191211	0.00116893	2
-6.05458	41.5068	-0.00195635	0.00121648	2
-5.25761	41.9574	-0.00200037	0.00126421	2
-4.45172	42.4011	-0.00204414	0.00131209	2
-3.63734	42.8381	-0.00208762	0.00136007	2
-2.81485	43.2685	-0.00213079	0.0014081	2
-1.98465	43.6927	-0.00217363	0.00145616	2
-1.14716	44.1108	-0.0022161	0.00150418	2
-0.302769	44.523	-0.00225817	0.00155214	2
0.548115	44.9296	-0.00229983	0.00159999	2
1.40509	45.3307	-0.00234103	0.00164769	2
2.26776	45.7267	-0.00238176	0.00169519	2
3.13571	46.1177	-0.00242197	0.00174245	2
4.00855	46.5039	-0.00246166	0.00178943	2
4.88587	46.8856	-0.00250078	0.00183609	2
5.76728	47.263	-0.0025393	0.00188239	2
6.65236	47.6362	-0.00257721	0.00192828	2
7.54071	48.0056	-0.00261447	0.00197372	2
8.43194	48.3713	-0.00265106	0.00201867	2
9.32565	48.7335	-0.00268694	0.00206309	2
10.2214	49.0925	-0.00272209	0.00210693	2
11.1085	49.4444	-0.00275609	0.00214966	2
12.0072	49.7976	-0.0027897	0.00219223	2
12.9068	50.1482	-0.0028225	0.0022341	2
13.8068	50.4965	-0.00285445	0.00227522	2
14.7069	50.8426	-0.00288553	0.00231556	2
15.6066	51.1868	-0.0029157	0.00235507	2
16.5056	51.5292	-0.00294495	0.0023937	2
17.4035	51.8702	-0.00297325	0.00243143	2
18.2998	52.2099	-0.00300055	0.0024682	2
19.1941	52.5486	-0.00302685	0.00250397	2
20.0861	52.8864	-0.0030521	0.0025387	2
20.9754	53.2236	-0.00307628	0.00257234	2
21.8615	53.5603	-0.00309937	0.00260486	2
22.744	53.8969	-0.00312133	0.00263622	2
23.6226	54.2336	-0.00314213	0.00266636	2
24.4968	54.5705	-0.00316175	0.00269526	2
25.3663	54.9078	-0.00318017	0.00272286	2
26.2305	55.2459	-0.00319734	0.00274912	2
27.0892	55.5848	-0.00321325	0.002774	2
27.942	55.9249	-0.00322786	0.00279747	2
28.7883	56.2663	-0.00324115	0.00281947	2
29.6279	56.6093	-0.00325309	0.00283996	2
30.4603	56.9541	-0.00326365	0.00285891	2
31.2757	57.2968	-0.00327271	0.00287608	2
32.0926	57.6458	-0.00328044	0.00289182	2
32.9011	57.9972	-0.00328671	0.00290589	2
33.7009	58.3512	-0.00329149	0.00291824	2

24.9936	2.01287	6.56849e-07	-2.82833e-07	2
24.4549	3.11698	5.51179e-05	-2.35281e-05	2
23.9324	4.22838	0.000106181	-4.49006e-05	2
23.4323	5.33414	0.000153264	-6.41572e-05	2
22.9599	6.42157	0.000195966	-8.11518e-05	2
22.5039	7.51589	0.000235352	-9.63189e-05	2
22.0699	8.60436	0.000270977	-0.000109489	2
21.6577	9.6869	0.000302915	-0.000120701	2
21.2671	10.7634	0.00033124	-0.000129995	2
20.8981	11.8339	0.000356025	-0.000137411	2
20.5503	12.8982	0.000377343	-0.000142988	2
20.2238	13.9563	0.000395269	-0.000146767	2
19.9184	15.0082	0.000409876	-0.000148786	2
19.6338	16.0537	0.000421238	-0.000149086	2
19.3699	17.0927	0.000429427	-0.000147706	2
19.1266	18.1253	0.000434519	-0.000144686	2
18.9038	19.1512	0.000436586	-0.000140066	2
18.7012	20.1706	0.000435702	-0.000133884	2
18.5187	21.1832	0.000431941	-0.000126182	2
18.3562	22.1891	0.000425376	-0.000116998	2
18.2135	23.1881	0.00041608	-0.000106372	2
18.0905	24.1802	0.000404129	-9.43445e-05	2
17.987	25.1653	0.000389594	-8.09545e-05	2
17.9028	26.1433	0.000372551	-6.62418e-05	2
17.8378	27.1141	0.000353071	-5.02461e-05	2
17.7919	28.0778	0.00033123	-3.3007e-05	2
17.765	29.0233	0.00030739	-1.4783e-05	2
17.7565	29.9724	0.00028107	4.81045e-06	2
17.7666	30.9141	0.000252609	2.55286e-05	2
17.7951	31.8483	0.000222079	4.73319e-05	2
17.8419	32.775	0.000189554	7.01805e-05	2
17.9068	33.694	0.000155108	9.40348e-05	2
17.9897	34.6053	0.000118814	0.000118855	2
18.0904	35.5088	8.07465e-05	0.000144602	2
18.2088	36.4045	4.09786e-05	0.000171235	2
18.3447	37.2923	-4.16114e-07	0.000198715	2
18.4979	38.172	-4.33639e-05	0.000227002	2
18.6684	39.0438	-8.77912e-05	0.000256057	2
18.8559	39.9073	-0.000133624	0.00028584	2
19.0603	40.7627	-0.00018079	0.000316311	2
19.2815	41.6098	-0.000229214	0.000347431	2
19.5192	42.4486	-0.000278823	0.000379159	2
19.7734	43.2789	-0.000329544	0.000411457	2
20.0439	44.1008	-0.000381302	0.000444284	2
20.3305	44.9141	-0.000434025	0.000477601	2
20.6331	45.7188	-0.000487638	0.000511368	2
20.9515	46.5147	-0.000542069	0.000545546	2
21.2856	47.3019	-0.000597242	0.000580094	2
21.6352	48.0803	-0.000653085	0.000614973	2
21.9959	48.8409	-0.000708873	0.000649738	2
22.3759	49.6015	-0.000765829	0.000685158	2
22.771	50.353	-0.000823236	0.00072079	2
23.1809	51.0953	-0.000881018	0.000756595	2
23.6057	51.8285	-0.000939103	0.000792533	2
24.045	52.5524	-0.000997416	0.000828564	2
24.4988	53.267	-0.00105589	0.00086465	2
24.9669	53.9721	-0.00111444	0.000900749	2
25.4491	54.6678	-0.00117299	0.000936822	2
25.9453	55.3539	-0.00123149	0.000972831	2
26.4554	56.0304	-0.00128984	0.00100873	2
26.9791	56.6972	-0.00134798	0.00104449	2
27.5164	57.3542	-0.00140584	0.00108007	2
28.067	58.0014	-0.00146333	0.00111542	2
28.6309	58.6386	-0.00152039	0.0011505	2
29.2078	59.2659	-0.00157695	0.00118529	2
29.7976	59.8832	-0.00163292	0.00121973	2
30.4002	60.4903	-0.00168824	0.00125378	2
31.0154	61.0872	-0.00174283	0.00128742	2
31.6431	61.6739	-0.00179662	0.00132059	2
32.283	62.2502	-0.00184953	0.00135326	2
32.9351	62.8161	-0.0019015	0.00138539	2
33.5992	63.3715	-0.00195244	0.00141694	2
34.2752	63.9164	-0.00200229	0.00144787	2
34.9549	64.4446	-0.00205041	0.00147779	2
35.6539	64.9683	-0.00209786	0.00150737	2
36.3643	65.4812	-0.00214399	0.0015362	2
37.086	65.9833	-0.00218873	0.00156426	2
37.8187	66.4745	-0.00223201	0.00159149	2
38.5623	66.9548	-0.00227375	0.00161787	2
39.3168	67.4239	-0.00231388	0.00164335	2
40.0818	67.882	-0.00235233	0.0016679	2
40.8573	68.3288	-0.00238902	0.00169146	2
41.6431	68.7644	-0.00242387	0.00171401	2
42.4391	69.1887	-0.00245683	0.0017355	2
43.245	69.6016	-0.0024878	0.0017559	2
44.0608	70.003	-0.00251672	0.00177515	2
44.8863	70.3928	-0.00254352	0.00179324	2
45.7214	70.7711	-0.00256811	0.0018101	2
46.5658	71.1376	-0.00259043	0.00182571	2
47.4195	71.4924	-0.00261041	0.00184003	2
48.2823	71.8354	-0.00262796	0.00185301	2
49.154	72.1664	-0.00264303	0.00186462	2
50.0344	72.4855	-0.00265552	0.00187481	2
50.9235	72.7926	-0.00266537	0.00188355	2
51.8211	73.0875	-0.00267251	0.0018908	2
52.727	73.3702	-0.00267686	0.00189651	2
53.6304	73.6377	-0.00267835	0.00190061	2
54.5524	73.896	-0.00267693	0.00190316	2
55.4822	74.1419	-0.00267251	0.00190405	2
56.4197	74.3753	-0.00266501	0.00190325	2

74.999	2.01022	5.35765e-07	3.27397e-08	2
74.9014	2.89013	4.50732e-05	2.5038e-06	2
74.7772	3.78272	8.70657e-05	4.32214e-06	2
74.6283	4.67765	0.000126025	5.47261e-06	2
74.4573	5.56444	0.000161603	5.97069e-06	2
74.2612	6.4636	0.000194673	5.84536e-06	2
74.0423	7.3647	0.000224853	5.10473e-06	2
73.8015	8.2676	0.000252191	3.76638e-06	2
73.5394	9.17218	0.000276734	1.84791e-06	2
73.2568	10.0783	0.00029853	-6.33096e-07	2
72.9544	10.9858	0.000317627	-3.65905e-06	2
72.6329	11.8946	0.000334072	-7.21236e-06	2
72.2929	12.8045	0.000347914	-1.12754e-05	2
71.9353	13.7155	0.0003592	-1.58307e-05	2
71.5607	14.6273	0.000367978	-2.08605e-05	2
71.1698	15.5399	0.000374296	-2.63474e-05	2
70.7633	16.4531	0.000378201	-3.22736e-05	2
70.342	17.3668	0.000379741	-3.86217e-05	2
69.9066	18.2808	0.000378964	-4.5374e-05	2
69.4578	19.1951	0.000375918	-5.2513e-05	2
68.9963	20.1094	0.000370651	-6.0021e-05	2
68.5227	21.0237	0.00036321	-6.78805e-05	2
68.0379	21.9378	0.000353643	-7.60738e-05	2
67.5425	22.8516	0.000341997	-8.45834e-05	2
67.0373	23.765	0.000328322	-9.33918e-05	2
66.5229	24.6778	0.000312663	-0.000102481	2
66.0061	25.5794	0.000295283	-0.000111725	2
65.4757	26.4906	0.000275824	-0.000121321	2
64.9382	27.4009	0.000254525	-0.000131146	2
64.3945	28.3101	0.000231434	-0.000141182	2
63.8451	29.2181	0.000206599	-0.000151411	2
63.2909	30.1247	0.000180067	-0.000161816	2
62.7325	31.0298	0.000151887	-0.000172378	2
62.1706	31.9333	0.000122105	-0.000183082	2
61.606	32.8351	9.07698e-05	-0.000193909	2
61.0394	33.7349	5.79293e-05	-0.000204841	2
60.4714	34.6327	2.3631e-05	-0.00021586	2
59.9028	35.5284	-1.20772e-05	-0.00022695	2
59.3344	36.4218	-4.91477e-05	-0.000238093	2
58.7668	37.3127	-8.75326e-05	-0.000249271	2
58.2007	38.2011	-0.000127184	-0.000260466	2
57.6368	39.0868	-0.000168055	-0.000271661	2
57.0759	39.9698	-0.000210096	-0.000282839	2
56.5187	40.8497	-0.000253261	-0.000293981	2
55.9658	41.7266	-0.000297502	-0.00030507	2
55.418	42.6003	-0.00034277	-0.000316089	2
54.8761	43.4706	-0.000389019	-0.000327019	2
54.3407	44.3375	-0.0004362	-0.000337844	2
53.8124	45.2007	-0.000484265	-0.000348546	2
53.2981	46.0504	-0.0005326	-0.000358986	2
52.7864	46.9061	-0.000582283	-0.000369391	2
52.284	47.7578	-0.000632707	-0.000379619	2
51.7917	48.6054	-0.000683825	-0.000389655	2
51.3102	49.4487	-0.000735589	-0.000399479	2
50.8402	50.2876	-0.000787952	-0.000409074	2
50.3824	51.1219	-0.000840866	-0.000418424	2
49.9375	51.9516	-0.000894282	-0.00042751	2
49.5062	52.7766	-0.000948154	-0.000436314	2
49.0893	53.5966	-0.00100243	-0.000444819	2
48.6875	54.4115	-0.00105707	-0.000453008	2
48.3014	55.2212	-0.00111202	-0.000460863	2
47.9317	56.0257	-0.00116724	-0.000468366	2
47.5793	56.8247	-0.00122267	-0.0004755	2
47.2448	57.618	-0.00127827	-0.000482247	2
46.9289	58.4057	-0.00133399	-0.000488589	2
46.6323	59.1876	-0.00138978	-0.00049451	2
46.3558	59.9634	-0.0014456	-0.00049999	2
46.1	60.7332	-0.0015014	-0.000505014	2
45.8657	61.4966	-0.00155712	-0.000509563	2
45.6536	62.2538	-0.00161273	-0.000513619	2
45.4643	63.0044	-0.00166817	-0.000517165	2
45.2987	63.7484	-0.0017234	-0.000520184	2
45.1574	64.4856	-0.00177837	-0.000522657	2
45.0423	65.2075	-0.0018324	-0.000524549	2
44.9514	65.9308	-0.0018867	-0.000525886	2
44.887	66.647	-0.00194061	-0.000526625	2
44.8497	67.3559	-0.00199406	-0.000526749	2
44.8403	68.0573	-0.00204701	-0.00052624	2
44.8595	68.7512	-0.00209941	-0.000525081	2
44.908	69.4374	-0.00215122	-0.000523253	2
44.9865	70.1158	-0.00220238	-0.00052074	2
45.0957	70.7862	-0.00225285	-0.000517523	2
45.2363	71.4485	-0.00230259	-0.000513586	2
45.4091	72.1026	-0.00235154	-0.00050891	2
45.6147	72.7484	-0.00239965	-0.000503478	2
45.8539	73.3856	-0.00244689	-0.000497272	2
46.1274	74.0143	-0.00249319	-0.000490275	2
46.4358	74.6342	-0.00253852	-0.00048247	2
46.78	75.2452	-0.00258282	-0.000473838	2
47.1605	75.8472	-0.00262605	-0.000464362	2
47.5782	76.44	-0.00266815	-0.000454024	2
48.0338	77.0236	-0.00270909	-0.000442807	2
48.5279	77.5977	-0.00274882	-0.000430693	2
49.0612	78.1624	-0.00278728	-0.000417665	2
49.6346	78.7173	-0.00282442	-0.000403705	2
50.2486	79.2624	-0.00286021	-0.000388796	2
50.8962	79.7916	-0.00289421	-0.000373107	2
51.5933	80.3168	-0.00292715	-0.000356257	2
52.3331	80.8319	-0.00295859	-0.000338405	2
53.1165	81.3366	-0.00298848	-0.000319534	2

124.999	2.01173	1.70998e-08	-1.82178e-07	2
124.926	3.01232	1.64931e-06	-1.57792e-05	2
124.823	4.0091	3.61135e-06	-3.14177e-05	2
124.693	4.99065	5.86456e-06	-4.69182e-05	2
124.536	5.94622	8.35694e-06	-6.21072e-05	2
124.352	6.89832	1.11251e-05	-7.73404e-05	2
124.141	7.83604	1.412e-05	-9.2443e-05	2
123.904	8.75969	1.73201e-05	-0.000107417	2
123.642	9.66954	2.07039e-05	-0.000122266	2
123.356	10.5659	2.42497e-05	-0.000136992	2
123.046	11.449	2.79361e-05	-0.000151597	2
122.712	12.3192	3.17415e-05	-0.000166084	2
122.356	13.1768	3.56442e-05	-0.000180455	2
121.978	14.0221	3.96229e-05	-0.000194713	2
121.579	14.8553	4.36558e-05	-0.00020886	2
121.159	15.6767	4.77215e-05	-0.0002229	2
120.718	16.4867	5.17984e-05	-0.000236833	2
120.258	17.2855	5.58649e-05	-0.000250664	2
119.779	18.0734	5.98995e-05	-0.000264394	2
119.281	18.8507	6.38807e-05	-0.000278025	2
118.766	19.6177	6.77868e-05	-0.000291561	2
118.234	20.3747	7.15963e-05	-0.000305004	2
117.685	21.122	7.52877e-05	-0.000318356	2
117.12	21.8598	7.88394e-05	-0.00033162	2
116.54	22.5885	8.22299e-05	-0.000344798	2
115.945	23.3083	8.54375e-05	-0.000357894	2
115.343	24.0115	8.84076e-05	-0.000370759	2
114.72	24.7146	9.11876e-05	-0.000383696	2
114.084	25.4097	9.37205e-05	-0.000396558	2
113.437	26.0971	9.59846e-05	-0.000409346	2
112.777	26.7771	9.79583e-05	-0.000422064	2
112.106	27.45	9.96202e-05	-0.000434713	2
111.425	28.1161	0.000100949	-0.000447297	2
110.734	28.7756	0.000101922	-0.000459817	2
110.034	29.4289	0.000102519	-0.000472277	2
109.325	30.0763	0.000102718	-0.000484679	2
108.608	30.7179	0.000102497	-0.000497025	2
107.883	31.3543	0.000101834	-0.000509318	2
107.152	31.9855	0.000100709	-0.00052156	2
106.414	32.6119	9.91002e-05	-0.000533754	2
105.67	33.2339	9.6985e-05	-0.000545902	2
104.922	33.8516	9.43424e-05	-0.000558007	2
104.169	34.4655	9.11507e-05	-0.000570071	2
103.412	35.0756	8.73885e-05	-0.000582097	2
102.652	35.6825	8.30342e-05	-0.000594087	2
101.89	36.2863	7.80662e-05	-0.000606044	2
101.125	36.8874	7.2463e-05	-0.000617971	2
100.359	37.486	6.62029e-05	-0.000629869	2
99.5926	38.0824	5.92646e-05	-0.000641741	2
98.8345	38.6701	5.17182e-05	-0.000653454	2
98.0679	39.263	4.33669e-05	-0.000665283	2
97.3024	39.8547	3.42729e-05	-0.000677094	2
96.5385	40.4453	2.44145e-05	-0.000688888	2
95.7768	41.0352	1.37703e-05	-0.00070067	2
95.0179	41.6247	2.31861e-06	-0.000712441	2
94.2625	42.214	-9.96204e-06	-0.000724203	2
93.5111	42.8035	-2.30932e-05	-0.00073596	2
92.7644	43.3934	-3.70965e-05	-0.000747713	2
92.023	43.984	-5.19934e-05	-0.000759466	2
91.2874	44.5757	-6.78056e-05	-0.000771221	2
90.5583	45.1686	-8.45545e-05	-0.000782979	2
89.8362	45.7632	-0.000102262	-0.000794745	2
89.1219	46.3597	-0.000120949	-0.00080652	2
88.4159	46.9583	-0.000140637	-0.000818306	2
87.7187	47.5594	-0.000161349	-0.000830107	2
87.0311	48.1632	-0.000183105	-0.000841924	2
86.3536	48.7702	-0.000205927	-0.000853761	2
85.6868	49.3804	-0.000229837	-0.00086562	2
85.0313	49.9943	-0.000254856	-0.000877502	2
84.3878	50.6121	-0.000281006	-0.000889412	2
83.7568	51.2341	-0.000308308	-0.00090135	2
83.139	51.8607	-0.000336784	-0.000913321	2
82.5349	52.492	-0.000366455	-0.000925325	2
81.9519	53.121	-0.000396981	-0.000937228	2
81.3769	53.7627	-0.000429094	-0.000949308	2
80.8176	54.4101	-0.000462466	-0.00096143	2
80.2744	55.0635	-0.00049712	-0.000973596	2
79.748	55.723	-0.000533077	-0.000985809	2
79.239	56.3891	-0.000570358	-0.000998071	2
78.748	57.0621	-0.000608986	-0.00101038	2
78.2756	57.7421	-0.000648981	-0.00102275	2
77.8224	58.4296	-0.000690365	-0.00103518	2
77.389	59.1247	-0.00073316	-0.00104766	2
76.9761	59.8279	-0.000777387	-0.00106021	2
76.5841	60.5393	-0.000823068	-0.00107282	2
76.2139	61.2593	-0.000870224	-0.00108549	2
75.8658	61.9881	-0.000918878	-0.00109824	2
75.5406	62.7261	-0.00096905	-0.00111106	2
75.2389	63.4735	-0.00102076	-0.00112395	2
74.9612	64.2307	-0.00107404	-0.00113691	2
74.7082	64.9979	-0.00112889	-0.00114996	2
74.4805	65.7754	-0.00118535	-0.00116309	2
74.2787	66.5635	-0.00124344	-0.0011763	2
74.1033	67.3625	-0.00130318	-0.0011896	2
73.9551	68.1726	-0.00136458	-0.00120299	2
73.8346	68.9943	-0.00142768	-0.00121647	2
73.7432	69.818	-0.00149173	-0.00122989	2
73.6796	70.6633	-0.00155826	-0.00124356	2
73.6455	71.521	-0.00162653	-0.00125733	2
73.6415	72.3913	-0.00169659	-0.0012712	2

