-125.005	2.01186	-5.9426e-07	3.09958e-08	2
-125.442	3.02747	-5.09771e-05	2.77761e-06	2
-125.854	4.04687	-0.000100501	5.71304e-06	2
-126.236	5.05819	-0.000148586	8.79724e-06	2
-126.584	6.04996	-0.000194721	1.19834e-05	2
-126.908	7.04525	-0.000239994	1.53365e-05	2
-127.203	8.03249	-0.000283875	1.88114e-05	2
-127.469	9.01168	-0.00032638	2.23989e-05	2
-127.708	9.98282	-0.000367524	2.609e-05	2
-127.918	10.9459	-0.000407324	2.98757e-05	2
-128.101	11.901	-0.000445795	3.37469e-05	2
-128.257	12.848	-0.000482952	3.76946e-05	2
-128.387	13.787	-0.000518811	4.17097e-05	2
-128.49	14.718	-0.000553388	4.57831e-05	2
-128.566	15.641	-0.000586697	4.99058e-05	2
-128.618	16.556	-0.000618755	5.40688e-05	2
-128.644	17.463	-0.000649578	5.8263e-05	2
-128.645	18.3619	-0.00067918	6.24793e-05	2
-128.621	19.2529	-0.000707577	6.67087e-05	2
-128.573	20.1359	-0.000734785	7.09421e-05	2
-128.501	21.0109	-0.00076082	7.51706e-05	2
-128.405	21.878	-0.000785696	7.93849e-05	2
-128.287	22.737	-0.00080943	8.35762e-05	2
-128.145	23.5881	-0.000832037	8.77352e-05	2
-127.981	24.4313	-0.000853533	9.18531e-05	2
-127.794	25.2664	-0.000873933	9.59206e-05	2
-127.588	26.0842	-0.000893037	9.98832e-05	2
-127.359	26.9036	-0.000911304	0.000103824	2
-127.108	27.715	-0.000928522	0.000107687	2
-126.837	28.5185	-0.000944706	0.000111464	2
-126.545	29.3141	-0.000959872	0.000115146	2
-126.233	30.1017	-0.000974035	0.000118723	2
-125.901	30.8815	-0.000987211	0.000122186	2
-125.55	31.6533	-0.000999416	0.000125527	2
-125.179	32.4172	-0.00101067	0.000128737	2
-124.79	33.1732	-0.00102097	0.000131805	2
-124.383	33.9213	-0.00103036	0.000134724	2
-123.957	34.6615	-0.00103883	0.000137484	2
-123.514	35.3938	-0.00104641	0.000140076	2
-123.054	36.1183	-0.00105312	0.000142492	2
-122.576	36.8348	-0.00105896	0.000144721	2
-122.082	37.5435	-0.00106395	0.000146755	2
-121.572	38.2443	-0.00106811	0.000148585	2
-121.046	38.9373	-0.00107146	0.000150203	2
-120.504	39.6224	-0.001074	0.000151597	2
-119.947	40.2997	-0.00107576	0.000152761	2
-119.374	40.9691	-0.00107675	0.000153685	2
-118.788	41.6306	-0.00107699	0.000154359	2
-118.187	42.2844	-0.00107649	0.000154775	2
-117.58	42.9229	-0.00107529	0.000154923	2
-116.952	43.561	-0.00107337	0.000154798	2
-116.311	44.1914	-0.00107075	0.000154388	2
-115.657	44.8139	-0.00106746	0.000153683	2
-114.99	45.4286	-0.00106351	0.000152674	2
-114.312	46.0356	-0.00105892	0.000151353	2
-113.621	46.6347	-0.0010537	0.000149711	2
-112.92	47.226	-0.00104786	0.000147738	2
-112.207	47.8095	-0.00104142	0.000145424	2
-111.483	48.3853	-0.0010344	0.000142763	2
-110.749	48.9533	-0.00102682	0.000139743	2
-110.006	49.5135	-0.00101868	0.000136356	2
-109.252	50.0659	-0.00101001	0.000132594	2
-108.489	50.6106	-0.00100081	0.000128446	2
-107.717	51.1475	-0.000991117	0.000123905	2
-106.937	51.6766	-0.000980929	0.00011896	2
-106.148	52.1981	-0.000970268	0.000113603	2
-105.351	52.7117	-0.000959149	0.000107825	2
-104.547	53.2177	-0.000947587	0.000101617	2
-103.735	53.7159	-0.000935598	9.4969e-05	2
-102.917	54.2064	-0.000923197	8.78729e-05	2
-102.091	54.6891	-0.000910401	8.03194e-05	2
-101.26	55.1642	-0.000897224	7.22994e-05	2
-100.423	55.6315	-0.000883683	6.38039e-05	2
-99.5902	56.0859	-0.000869954	5.49299e-05	2
-98.7426	56.5379	-0.000855733	4.54619e-05	2
-97.8901	56.9822	-0.000841194	3.54913e-05	2
-97.0331	57.4189	-0.000826353	2.50091e-05	2
-96.172	57.8478	-0.000811224	1.40062e-05	2
-95.3072	58.2691	-0.000795824	2.47352e-06	2
-94.4389	58.6827	-0.000780167	-9.59792e-06	2
-93.5675	59.0886	-0.000764271	-2.22172e-05	2
-92.6935	59.4869	-0.000748149	-3.53934e-05	2
-91.817	59.8775	-0.000731818	-4.91355e-05	2
-90.9386	60.2604	-0.000715293	-6.34527e-05	2
-90.0584	60.6357	-0.00069859	-7.83539e-05	2
-89.177	61.0034	-0.000681724	-9.38482e-05	2
-88.2945	61.3634	-0.000664711	-0.000109945	2
-87.4114	61.7158	-0.000647566	-0.000126652	2
-86.528	62.0606	-0.000630306	-0.00014398	2
-85.6447	62.3977	-0.000612945	-0.000161938	2
-84.7618	62.7273	-0.000595499	-0.000180533	2
-83.8796	63.0492	-0.000577984	-0.000199776	2
-82.9986	63.3635	-0.000560416	-0.000219676	2
-82.119	63.6702	-0.000542809	-0.000240241	2
-81.2412	63.9694	-0.000525179	-0.00026148	2
-80.3656	64.2609	-0.000507542	-0.000283404	2
-79.5024	64.5416	-0.000490117	-0.000305756	2
-78.6321	64.8181	-0.000472512	-0.000329065	2
-77.7649	65.0869	-0.000454947	-0.000353086	2
-76.9013	65.3482	-0.000437437	-0.000377826	2

-75.0031	2.01039	1.63086e-07	-2.91847e-07	2
-75.2739	2.9075	1.29962e-05	-2.4919e-05	2
-75.5479	3.82227	2.36118e-05	-4.8892e-05	2
-75.8218	4.74402	3.18939e-05	-7.19317e-05	2
-76.0922	5.66175	3.7834e-05	-9.38015e-05	2
-76.365	6.59649	4.16171e-05	-0.000115022	2
-76.6369	7.53733	4.32085e-05	-0.000135348	2
-76.9076	8.48396	4.26555e-05	-0.00015479	2
-77.1768	9.4361	4.00056e-05	-0.000173361	2
-77.4442	10.3934	3.53061e-05	-0.000191074	2
-77.7096	11.3557	2.86044e-05	-0.000207942	2
-77.9727	12.3226	1.99479e-05	-0.000223977	2
-78.2333	13.2938	9.38406e-06	-0.000239191	2
-78.491	14.269	-3.03983e-06	-0.000253598	2
-78.7455	15.2479	-1.72763e-05	-0.00026721	2
-78.9967	16.2303	-3.32781e-05	-0.000280039	2
-79.2442	17.2158	-5.09977e-05	-0.000292098	2
-79.4877	18.2041	-7.03878e-05	-0.0003034	2
-79.7271	19.195	-9.1401e-05	-0.000313956	2
-79.9619	20.1882	-0.00011399	-0.000323781	2
-80.192	21.1833	-0.000138107	-0.000332885	2
-80.4171	22.1801	-0.000163705	-0.000341283	2
-80.6369	23.1782	-0.000190737	-0.000348986	2
-80.851	24.1774	-0.000219154	-0.000356007	2
-81.0594	25.1774	-0.000248911	-0.000362359	2
-81.2616	26.1778	-0.000279959	-0.000368054	2
-81.4552	27.1669	-0.000311873	-0.00037305	2
-81.6445	28.1674	-0.000345348	-0.000377476	2
-81.8268	29.1675	-0.000379972	-0.000381283	2
-82.0019	30.167	-0.000415699	-0.000384483	2
-82.1695	31.1654	-0.000452481	-0.00038709	2
-82.3294	32.1625	-0.000490271	-0.000389114	2
-82.4812	33.158	-0.000529021	-0.00039057	2
-82.6248	34.1517	-0.000568684	-0.000391469	2
-82.7598	35.1431	-0.000609212	-0.000391825	2
-82.8859	36.1321	-0.000650558	-0.00039165	2
-83.0029	37.1183	-0.000692674	-0.000390955	2
-83.1106	38.1015	-0.000735515	-0.000389755	2
-83.2085	39.0813	-0.00077903	-0.000388062	2
-83.2966	40.0574	-0.000823175	-0.000385887	2
-83.3744	41.0296	-0.0008679	-0.000383244	2
-83.4418	41.9975	-0.00091316	-0.000380146	2
-83.4984	42.9609	-0.000958905	-0.000376604	2
-83.544	43.9194	-0.00100509	-0.000372632	2
-83.5782	44.8728	-0.00105167	-0.000368242	2
-83.601	45.8208	-0.00109859	-0.000363446	2
-83.6118	46.7631	-0.0011458	-0.000358258	2
-83.6106	47.6993	-0.00119327	-0.000352689	2
-83.597	48.6292	-0.00124094	-0.000346753	2
-83.5711	49.5419	-0.00128821	-0.000340535	2
-83.532	50.4584	-0.00133614	-0.000333905	2
-83.4798	51.3677	-0.00138413	-0.000326945	2
-83.414	52.2694	-0.00143213	-0.000319667	2
-83.3345	53.1634	-0.0014801	-0.000312085	2
-83.241	54.0493	-0.00152799	-0.00030421	2
-83.1333	54.9268	-0.00157574	-0.000296055	2
-83.0109	55.7956	-0.00162332	-0.000287633	2
-82.8737	56.6555	-0.00167068	-0.000278956	2
-82.7214	57.5061	-0.00171777	-0.000270037	2
-82.5537	58.3471	-0.00176453	-0.000260889	2
-82.3704	59.1782	-0.00181093	-0.000251524	2
-82.1712	59.9992	-0.00185692	-0.000241955	2
-81.9557	60.8098	-0.00190245	-0.000232194	2
-81.7238	61.6096	-0.00194747	-0.000222254	2
-81.4751	62.3983	-0.00199193	-0.000212147	2
-81.2094	63.1757	-0.00203579	-0.000201886	2
-80.9264	63.9415	-0.002079	-0.000191484	2
-80.6259	64.6954	-0.00212151	-0.000180953	2
-80.3075	65.437	-0.00216327	-0.000170305	2
-79.971	66.1661	-0.00220425	-0.000159554	2
-79.6162	66.8824	-0.00224438	-0.000148712	2
-79.2427	67.5855	-0.00228363	-0.000137791	2
-78.8502	68.2753	-0.00232194	-0.000126805	2
-78.4434	68.9437	-0.00235884	-0.000115892	2
-78.0126	69.6059	-0.00239515	-0.000104811	2
-77.562	70.2538	-0.00243039	-9.37024e-05	2
-77.0913	70.8871	-0.0024645	-8.25777e-05	2
-76.6004	71.5056	-0.00249744	-7.14499e-05	2
-76.089	72.1089	-0.00252916	-6.03314e-05	2
-75.5567	72.6967	-0.00255962	-4.92349e-05	2
-75.0033	73.2687	-0.00258876	-3.81729e-05	2
-74.4285	73.8247	-0.00261654	-2.71579e-05	2
-73.8321	74.3643	-0.00264292	-1.62027e-05	2
-73.2137	74.8872	-0.00266784	-5.31967e-06	2
-72.5732	75.3932	-0.00269125	5.47851e-06	2
-71.9102	75.882	-0.00271312	1.61793e-05	2
-71.2245	76.3532	-0.00273339	2.67701e-05	2
-70.5157	76.8066	-0.00275201	3.72383e-05	2
-69.7837	77.2418	-0.00276894	4.75714e-05	2
-69.0281	77.6586	-0.00278413	5.77568e-05	2
-68.2487	78.0567	-0.00279753	6.77818e-05	2
-67.4452	78.4357	-0.0028091	7.76341e-05	2
-66.6173	78.7955	-0.00281879	8.73008e-05	2
-65.7648	79.1356	-0.00282655	9.67696e-05	2
-64.8874	79.4558	-0.00283233	0.000106028	2
-63.9847	79.7558	-0.00283608	0.000115063	2
-63.0674	80.0323	-0.00283776	0.000123762	2
-62.1139	80.2912	-0.00283735	0.000132316	2
-61.1344	80.5291	-0.00283478	0.000140609	2
-60.1285	80.7456	-0.00282999	0.000148629	2

-24.9993	2.01084	-1.20982e-07	2.16036e-07	2
-24.9532	2.94038	-1.04182e-05	1.79279e-05	2
-24.9421	3.87618	-2.06251e-05	3.4126e-05	2
-24.966	4.80743	-3.06298e-05	4.86316e-05	2
-25.023	5.72351	-4.03294e-05	6.13434e-05	2
-25.1137	6.64576	-4.99584e-05	7.25941e-05	2
-25.2368	7.56353	-5.94117e-05	8.22637e-05	2
-25.3913	8.47683	-6.86983e-05	9.03895e-05	2
-25.5765	9.38569	-7.78271e-05	9.70089e-05	2
-25.7915	10.2901	-8.6807e-05	0.000102159	2
-26.0354	11.1902	-9.56469e-05	0.000105877	2
-26.3073	12.0859	-0.000104356	0.000108201	2
-26.6065	12.9772	-0.000112942	0.000109167	2
-26.932	13.8642	-0.000121416	0.000108814	2
-27.283	14.747	-0.000129785	0.000107177	2
-27.6586	15.6254	-0.000138059	0.000104296	2
-28.058	16.4996	-0.000146246	0.000100206	2
-28.4803	17.3696	-0.000154355	9.49452e-05	2
-28.9246	18.2353	-0.000162396	8.85511e-05	2
-29.3902	19.0969	-0.000170377	8.10607e-05	2
-29.8761	19.9543	-0.000178307	7.25115e-05	2
-30.3815	20.8076	-0.000186196	6.29407e-05	2
-30.9055	21.6568	-0.000194051	5.23856e-05	2
-31.4473	22.5019	-0.000201882	4.08834e-05	2
-32.006	23.343	-0.000209698	2.84716e-05	2
-32.5807	24.18	-0.000217508	1.51874e-05	2
-33.1638	25.0034	-0.00022523	1.23492e-06	2
-33.768	25.8324	-0.000233054	-1.36733e-05	2
-34.3856	26.6575	-0.000240897	-2.93424e-05	2
-35.0159	27.4786	-0.000248771	-4.57352e-05	2
-35.6579	28.2958	-0.000256682	-6.28143e-05	2
-36.3109	29.1091	-0.00026464	-8.05425e-05	2
-36.9739	29.9185	-0.000272655	-9.88823e-05	2
-37.6462	30.7241	-0.000280734	-0.000117797	2
-38.3267	31.5259	-0.000288887	-0.000137248	2
-39.0148	32.3238	-0.000297123	-0.000157199	2
-39.7095	33.118	-0.000305451	-0.000177613	2
-40.41	33.9084	-0.000313879	-0.000198452	2
-41.1154	34.6951	-0.000322416	-0.00021968	2
-41.8249	35.478	-0.000331072	-0.000241257	2
-42.5376	36.2573	-0.000339855	-0.000263148	2
-43.2526	37.0329	-0.000348775	-0.000285315	2
-43.9691	37.8049	-0.000357839	-0.000307721	2
-44.6862	38.5733	-0.000367058	-0.000330329	2
-45.4031	39.338	-0.000376439	-0.0003531	2
-46.119	40.0993	-0.000385993	-0.000375998	2
-46.8329	40.8569	-0.000395727	-0.000398986	2
-47.544	41.6111	-0.00040565	-0.000422026	2
-48.2514	42.3617	-0.000415773	-0.000445082	2
-48.9463	43.1003	-0.000425983	-0.00046785	2
-49.6439	43.8441	-0.000436527	-0.000490824	2
-50.3353	44.5844	-0.000447296	-0.000513701	2
-51.0196	45.3213	-0.000458299	-0.000536445	2
-51.696	46.0549	-0.000469545	-0.000559018	2
-52.3636	46.7851	-0.000481043	-0.000581382	2
-53.0215	47.5119	-0.000492802	-0.0006035	2
-53.669	48.2355	-0.000504831	-0.000625336	2
-54.305	48.9557	-0.000517138	-0.000646851	2
-54.9289	49.6727	-0.000529734	-0.000668008	2
-55.5397	50.3865	-0.000542625	-0.000688771	2
-56.1365	51.0971	-0.000555822	-0.000709101	2
-56.7186	51.8044	-0.000569334	-0.000728962	2
-57.285	52.5086	-0.000583169	-0.000748316	2
-57.8349	53.2096	-0.000597336	-0.000767126	2
-58.3674	53.9076	-0.000611844	-0.000785355	2
-58.8817	54.6024	-0.000626702	-0.000802965	2
-59.3769	55.2942	-0.000641919	-0.000819919	2
-59.8522	55.9829	-0.000657503	-0.00083618	2
-60.3067	56.6685	-0.000673465	-0.00085171	2
-60.7395	57.3512	-0.000689812	-0.000866472	2
-61.1499	58.0309	-0.000706554	-0.000880429	2
-61.5368	58.7076	-0.000723699	-0.000893543	2
-61.8996	59.3815	-0.000741257	-0.000905778	2
-62.2335	60.0447	-0.000759027	-0.000916971	2
-62.5455	60.7127	-0.000777431	-0.000927345	2
-62.8307	61.3779	-0.000796274	-0.000936728	2
-63.0883	62.0402	-0.000815565	-0.000945083	2
-63.3174	62.6998	-0.000835313	-0.000952372	2
-63.5171	63.3565	-0.000855527	-0.000958557	2
-63.6866	64.0105	-0.000876216	-0.000963602	2
-63.825	64.6617	-0.000897388	-0.00096747	2
-63.9315	65.3102	-0.000919052	-0.000970122	2
-64.0052	65.956	-0.000941218	-0.000971522	2
-64.0452	66.5992	-0.000963894	-0.000971632	2
-64.0508	67.2397	-0.00098709	-0.000970415	2
-64.021	67.8775	-0.00101081	-0.000967834	2
-63.9549	68.5128	-0.00103507	-0.000963852	2
-63.8518	69.1455	-0.00105988	-0.000958431	2
-63.7108	69.7756	-0.00108524	-0.000951533	2
-63.5309	70.4032	-0.00111117	-0.000943122	2
-63.3114	71.0283	-0.00113767	-0.000933161	2
-63.0514	71.6509	-0.00116475	-0.000921611	2
-62.7501	72.271	-0.00119242	-0.000908436	2
-62.4065	72.8887	-0.00122069	-0.000893598	2
-62.0198	73.504	-0.00124957	-0.000877061	2
-61.5892	74.1169	-0.00127906	-0.000858786	2
-61.1196	74.7204	-0.00130883	-0.000838977	2
-60.599	75.3287	-0.00133958	-0.000817137	2
-60.032	75.9346	-0.00137098	-0.000793448	2
-59.4176	76.5382	-0.00140302	-0.000767873	2

24.9976	2.01165	-5.34408e-07	2.78979e-07	2
24.7818	3.00408	-4.59096e-05	2.36114e-05	2
24.5401	3.98983	-9.06545e-05	4.59e-05	2
24.2753	4.95757	-0.00013426	6.68835e-05	2
23.9913	5.89678	-0.000176268	8.63606e-05	2
23.6819	6.82962	-0.00021768	0.000104802	2
23.3508	7.74538	-0.000258027	0.000121992	2
22.9984	8.64437	-0.000297333	0.000137948	2
22.6251	9.52689	-0.000335624	0.000152689	2
22.2315	10.3933	-0.000372924	0.000166231	2
21.8179	11.2438	-0.000409258	0.000178593	2
21.3848	12.0788	-0.000444651	0.000189794	2
20.9327	12.8986	-0.000479128	0.000199849	2
20.462	13.7035	-0.000512714	0.000208779	2
19.9732	14.4938	-0.000545434	0.000216599	2
19.4667	15.2698	-0.000577312	0.000223329	2
18.9429	16.0319	-0.000608374	0.000228986	2
18.4024	16.7803	-0.000638644	0.000233588	2
17.8455	17.5153	-0.000668147	0.000237154	2
17.2728	18.2373	-0.000696909	0.000239699	2
16.6846	18.9466	-0.000724954	0.000241244	2
16.0815	19.6435	-0.000752306	0.000241805	2
15.4638	20.3282	-0.000778992	0.000241401	2
14.8321	21.0012	-0.000805035	0.000240049	2
14.1867	21.6627	-0.000830461	0.000237767	2
13.5282	22.313	-0.000855295	0.000234573	2
12.8648	22.9452	-0.000879285	0.000230537	2
12.1814	23.5742	-0.000903014	0.000225583	2
11.4862	24.1931	-0.000926226	0.00021977	2
10.7797	24.8019	-0.000948944	0.000213117	2
10.0622	25.4012	-0.000971194	0.00020564	2
9.33424	25.9912	-0.000993001	0.000197359	2
8.59628	26.5722	-0.00101439	0.000188291	2
7.84876	27.1444	-0.00103538	0.000178454	2
7.09213	27.7084	-0.00105601	0.000167866	2
6.32683	28.2642	-0.00107629	0.000156544	2
5.55333	28.8124	-0.00109626	0.000144507	2
4.77207	29.353	-0.00111592	0.000131772	2
3.98349	29.8866	-0.00113532	0.000118357	2
3.18807	30.4134	-0.00115448	0.000104281	2
2.38624	30.9336	-0.00117342	8.95604e-05	2
1.57845	31.4477	-0.00119216	7.42138e-05	2
0.765166	31.9558	-0.00121073	5.8259e-05	2
-0.0531702	32.4585	-0.00122916	4.17138e-05	2
-0.876106	32.9558	-0.00124747	2.45962e-05	2
-1.70319	33.4482	-0.00126568	6.92388e-06	2
-2.53397	33.936	-0.00128383	-1.12851e-05	2
-3.368	34.4195	-0.00130193	-3.0013e-05	2
-4.20481	34.8989	-0.00132	-4.92418e-05	2
-5.03432	35.3692	-0.00133788	-6.87245e-05	2
-5.87535	35.8416	-0.00135599	-8.88964e-05	2
-6.71783	36.3109	-0.00137416	-0.000109516	2
-7.5613	36.7775	-0.00139241	-0.000130565	2
-8.40532	37.2416	-0.00141076	-0.000152026	2
-9.24943	37.7035	-0.00142923	-0.000173881	2
-10.0932	38.1637	-0.00144787	-0.000196112	2
-10.9361	38.6222	-0.00146668	-0.000218701	2
-11.7778	39.0796	-0.00148569	-0.00024163	2
-12.6177	39.5361	-0.00150494	-0.000264882	2
-13.4555	39.992	-0.00152444	-0.000288438	2
-14.2907	40.4476	-0.00154421	-0.000312281	2
-15.1228	40.9033	-0.00156429	-0.000336393	2
-15.9514	41.3593	-0.0015847	-0.000360755	2
-16.776	41.8159	-0.00160546	-0.000385351	2
-17.5962	42.2735	-0.00162659	-0.000410162	2
-18.4115	42.7324	-0.00164814	-0.00043517	2
-19.2215	43.1929	-0.0016701	-0.000460357	2
-20.0257	43.6553	-0.00169252	-0.000485706	2
-20.8237	44.1199	-0.00171542	-0.000511199	2
-21.615	44.587	-0.00173882	-0.000536817	2
-22.3992	45.057	-0.00176275	-0.000562543	2
-23.1758	45.5301	-0.00178723	-0.00058836	2
-23.9444	46.0067	-0.00181229	-0.000614248	2
-24.6958	46.4815	-0.00183765	-0.000639892	2
-25.447	46.9659	-0.00186393	-0.000665871	2
-26.1889	47.4546	-0.00189086	-0.000691868	2
-26.9209	47.9481	-0.00191847	-0.000717866	2
-27.6427	48.4466	-0.00194677	-0.000743848	2
-28.3537	48.9504	-0.00197581	-0.000769794	2
-29.0535	49.4598	-0.00200559	-0.000795687	2
-29.7417	49.9752	-0.00203615	-0.00082151	2
-30.4178	50.4968	-0.00206752	-0.000847244	2
-31.0813	51.025	-0.0020997	-0.000872872	2
-31.7319	51.5601	-0.00213274	-0.000898376	2
-32.369	52.1024	-0.00216666	-0.000923737	2
-32.9923	52.6522	-0.00220147	-0.000948938	2
-33.6011	53.2098	-0.00223721	-0.000973961	2
-34.1952	53.7755	-0.0022739	-0.000998789	2
-34.7741	54.3497	-0.00231156	-0.0010234	2
-35.3372	54.9326	-0.00235023	-0.00104778	2
-35.8842	55.5245	-0.00238992	-0.00107192	2
-36.4145	56.1259	-0.00243066	-0.00109578	2
-36.9279	56.7369	-0.00247247	-0.00111936	2
-37.4237	57.3579	-0.00251539	-0.00114264	2
-37.9015	57.9892	-0.00255942	-0.0011656	2
-38.361	58.6312	-0.00260461	-0.00118821	2
-38.7966	59.2765	-0.00265043	-0.00121022	2
-39.2181	59.9404	-0.00269798	-0.00123211	2
-39.6199	60.616	-0.00274675	-0.00125361	2
-40.0014	61.3033	-0.00279677	-0.0012747	2

74.9986	2.01075	-5.87145e-07	-1.08274e-07	2
74.871	2.93472	-4.88169e-05	-8.72445e-06	2
74.736	3.86759	-9.30951e-05	-1.60574e-05	2
74.5951	4.79865	-0.0001329	-2.20219e-05	2
74.4502	5.71725	-0.000167916	-2.65957e-05	2
74.298	6.64475	-0.000199021	-2.9908e-05	2
74.1402	7.57051	-0.000225849	-3.19212e-05	2
73.977	8.49453	-0.000248466	-3.26585e-05	2
73.8086	9.41683	-0.000266936	-3.2143e-05	2
73.6349	10.3374	-0.000281326	-3.03979e-05	2
73.4562	11.2564	-0.000291702	-2.74463e-05	2
73.2725	12.1737	-0.000298128	-2.33115e-05	2
73.084	13.0893	-0.00030067	-1.80167e-05	2
72.8907	14.0034	-0.000299394	-1.15849e-05	2
72.6929	14.9159	-0.000294365	-4.03936e-06	2
72.4905	15.8267	-0.00028565	4.59673e-06	2
72.2838	16.7361	-0.000273313	1.43002e-05	2
72.0728	17.6439	-0.00025742	2.50479e-05	2
71.8577	18.5502	-0.000238037	3.68166e-05	2
71.6386	19.4551	-0.000215229	4.95832e-05	2
71.4155	20.3584	-0.000189062	6.33245e-05	2
71.1887	21.2604	-0.000159601	7.80173e-05	2
70.9581	22.1609	-0.000126912	9.36385e-05	2
70.724	23.06	-9.10605e-05	0.000110165	2
70.4865	23.9577	-5.21122e-05	0.000127573	2
70.2456	24.8541	-1.01325e-05	0.00014584	2
70.0043	25.7389	3.42798e-05	0.000164719	2
69.7571	26.6326	8.20925e-05	0.000184625	2
69.507	27.525	0.000132741	0.000205321	2
69.2539	28.4162	0.000186159	0.000226783	2
68.9982	29.3061	0.000242281	0.000248988	2
68.7397	30.1948	0.000301042	0.000271913	2
68.4788	31.0822	0.000362376	0.000295535	2
68.2154	31.9685	0.000426218	0.000319831	2
67.9498	32.8536	0.000492501	0.000344778	2
67.682	33.7375	0.000561162	0.000370351	2
67.4121	34.6203	0.000632133	0.000396529	2
67.1402	35.5021	0.000705349	0.000423288	2
66.8666	36.3827	0.000780745	0.000450605	2
66.5912	37.2622	0.000858255	0.000478457	2
66.3142	38.1407	0.000937814	0.00050682	2
66.0358	39.0182	0.00101936	0.000535671	2
65.7559	39.8947	0.00110282	0.000564987	2
65.4748	40.7702	0.00118813	0.000594746	2
65.1926	41.6447	0.00127522	0.000624923	2
64.9094	42.5183	0.00136404	0.000655496	2
64.6253	43.391	0.00145452	0.000686441	2
64.3403	44.2628	0.00154658	0.000717735	2
64.0548	45.1337	0.00164017	0.000749356	2
63.7719	45.9937	0.00173411	0.000780911	2
63.4853	46.8629	0.00183054	0.000813111	2
63.1984	47.7313	0.00192829	0.000845568	2
62.9113	48.5989	0.0020273	0.000878259	2
62.624	49.4657	0.00212751	0.00091116	2
62.3369	50.3318	0.00222885	0.000944248	2
62.0498	51.1972	0.00233126	0.000977501	2
61.763	52.0618	0.00243467	0.00101089	2
61.4765	52.9257	0.00253901	0.00104441	2
61.1906	53.789	0.00264423	0.00107801	2
60.9052	54.6516	0.00275024	0.00111169	2
60.6206	55.5136	0.002857	0.00114542	2
60.3368	56.3749	0.00296442	0.00117917	2
60.0539	57.2357	0.00307246	0.00121292	2
59.7721	58.096	0.00318103	0.00124665	2
59.4915	58.9556	0.00329008	0.00128034	2
59.2122	59.8148	0.00339954	0.00131396	2
58.9343	60.6735	0.00350935	0.00134749	2
58.6579	61.5316	0.00361943	0.0013809	2
58.3831	62.3893	0.00372973	0.00141418	2
58.1101	63.2466	0.00384018	0.0014473	2
57.839	64.1034	0.0039507	0.00148023	2
57.5699	64.9599	0.00406125	0.00151296	2
57.3029	65.816	0.00417174	0.00154546	2
57.0411	66.6618	0.00428086	0.00157733	2
56.7786	67.5172	0.00439106	0.0016093	2
56.5185	68.3723	0.00450102	0.00164098	2
56.2611	69.2271	0.00461067	0.00167233	2
56.0063	70.0816	0.00471995	0.00170333	2
55.7543	70.9358	0.00482878	0.00173397	2
55.5052	71.7898	0.0049371	0.00176421	2
55.2591	72.6436	0.00504486	0.00179404	2
55.0162	73.4972	0.00515197	0.00182343	2
54.7766	74.3507	0.00525838	0.00185236	2
54.5403	75.2039	0.00536402	0.00188081	2
54.3075	76.0571	0.00546883	0.00190875	2
54.0783	76.9102	0.00557273	0.00193616	2
53.8529	77.7631	0.00567568	0.00196301	2
53.6313	78.616	0.00577758	0.00198929	2
53.4136	79.4689	0.0058784	0.00201496	2
53.2001	80.3217	0.00597804	0.00204001	2
52.9907	81.1746	0.00607647	0.00206442	2
52.7856	82.0274	0.00617359	0.00208816	2
52.5849	82.8803	0.00626936	0.0021112	2
52.3888	83.7333	0.0063637	0.00213353	2
52.1973	84.5863	0.00645656	0.00215511	2
52.0106	85.4394	0.00654785	0.00217594	2
51.8308	86.2829	0.0066365	0.00219575	2
51.6539	87.1363	0.00672451	0.00221499	2
51.4821	87.9898	0.00681077	0.0022334	2
51.3155	88.8436	0.0068952	0.00225095	2

125.001	2.01259	-5.64151e-09	6.61558e-08	2
125.072	3.08722	7.19979e-07	4.61309e-06	2
125.165	4.1579	3.86079e-06	6.93695e-06	2
125.28	5.21221	9.37883e-06	7.00515e-06	2
125.414	6.23848	1.71272e-05	4.88853e-06	2
125.57	7.26073	2.72428e-05	5.71113e-07	2
125.746	8.26713	3.96053e-05	-5.90161e-06	2
125.943	9.25783	5.41712e-05	-1.44961e-05	2
126.159	10.233	7.08968e-05	-2.51786e-05	2
126.395	11.1928	8.97385e-05	-3.79158e-05	2
126.651	12.1375	0.000110653	-5.2674e-05	2
126.925	13.0671	0.000133596	-6.94195e-05	2
127.218	13.9819	0.000158524	-8.81189e-05	2
127.529	14.882	0.000185394	-0.000108739	2
127.858	15.7675	0.000214163	-0.000131245	2
128.206	16.6388	0.000244785	-0.000155604	2
128.57	17.4959	0.000277219	-0.000181783	2
128.952	18.339	0.00031142	-0.000209748	2
129.351	19.1682	0.000347345	-0.000239465	2
129.767	19.9839	0.000384949	-0.000270901	2
130.199	20.786	0.000424191	-0.000304023	2
130.647	21.5748	0.000465025	-0.000338795	2
131.111	22.3504	0.000507408	-0.000375186	2
131.59	23.1131	0.000551297	-0.000413162	2
132.084	23.863	0.000596648	-0.000452688	2
132.594	24.6002	0.000643418	-0.000493731	2
133.112	25.3167	0.000691002	-0.000535761	2
133.65	26.0293	0.000740462	-0.000579722	2
134.202	26.7298	0.000791211	-0.0006251	2
134.768	27.4183	0.000843205	-0.000671861	2
135.348	28.095	0.000896399	-0.000719972	2
135.941	28.7601	0.000950751	-0.000769399	2
136.546	29.4137	0.00100622	-0.000820109	2
137.165	30.0561	0.00106275	-0.000872068	2
137.795	30.6873	0.00112031	-0.000925243	2
138.438	31.3076	0.00117886	-0.000979599	2
139.092	31.9172	0.00123834	-0.0010351	2
139.758	32.5161	0.00129872	-0.00109172	2
140.435	33.1046	0.00135996	-0.00114942	2
141.123	33.6828	0.001422	-0.00120817	2
141.821	34.251	0.0014848	-0.00126793	2
142.53	34.8092	0.00154833	-0.00132868	2
143.248	35.3576	0.00161254	-0.00139037	2
143.977	35.8965	0.00167738	-0.00145297	2
144.715	36.4259	0.00174281	-0.00151645	2
145.462	36.9461	0.00180878	-0.00158078	2
146.217	37.4573	0.00187526	-0.00164592	2
146.982	37.9595	0.0019422	-0.00171184	2
147.754	38.453	0.00200956	-0.0017785	2
148.526	38.9324	0.0020765	-0.0018451	2
149.314	39.409	0.00214456	-0.00191315	2
150.11	39.8774	0.0022129	-0.00198184	2
150.913	40.3377	0.00228148	-0.00205115	2
151.722	40.7902	0.00235026	-0.00212103	2
152.538	41.2349	0.0024192	-0.00219146	2
153.361	41.6721	0.00248824	-0.00226239	2
154.189	42.1019	0.00255736	-0.00233381	2
155.023	42.5245	0.0026265	-0.00240566	2
155.862	42.94	0.00269561	-0.00247793	2
156.707	43.3487	0.00276467	-0.00255058	2
157.556	43.7506	0.00283362	-0.00262356	2
158.41	44.1461	0.00290242	-0.00269686	2
159.267	44.5352	0.00297103	-0.00277043	2
160.129	44.918	0.00303939	-0.00284424	2
160.995	45.2949	0.00310748	-0.00291827	2
161.864	45.6659	0.00317524	-0.00299246	2
162.736	46.0313	0.00324264	-0.0030668	2
163.61	46.3911	0.00330962	-0.00314125	2
164.488	46.7455	0.00337615	-0.00321577	2
165.367	47.0948	0.00344218	-0.00329033	2
166.248	47.4391	0.00350766	-0.0033649	2
167.131	47.7786	0.00357256	-0.00343944	2
168.016	48.1134	0.00363683	-0.00351392	2
168.891	48.4399	0.0036997	-0.00358745	2
169.777	48.766	0.00376259	-0.00366171	2
170.663	49.0878	0.00382471	-0.00373582	2
171.55	49.4057	0.00388604	-0.00380972	2
172.436	49.7198	0.00394651	-0.0038834	2
173.322	50.0302	0.0040061	-0.00395682	2
174.208	50.3371	0.00406475	-0.00402995	2
175.092	50.6408	0.00412242	-0.00410274	2
175.976	50.9413	0.00417907	-0.00417517	2
176.857	51.2388	0.00423466	-0.00424721	2
177.737	51.5335	0.00428913	-0.00431882	2
178.615	51.8256	0.00434246	-0.00438997	2
179.49	52.1153	0.00439459	-0.00446061	2
180.362	52.4026	0.00444547	-0.00453073	2
181.232	52.6878	0.00449508	-0.00460029	2
182.098	52.9711	0.00454336	-0.00466925	2
182.96	53.2526	0.00459026	-0.00473758	2
183.819	53.5325	0.00463576	-0.00480524	2
184.674	53.811	0.00467979	-0.00487221	2
185.524	54.0881	0.00472232	-0.00493845	2
186.369	54.3642	0.00476331	-0.00500392	2
187.209	54.6393	0.00480271	-0.00506859	2
188.044	54.9137	0.00484048	-0.00513243	2
188.864	55.1844	0.00487617	-0.00519468	2
189.688	55.4578	0.00491056	-0.00525677	2
190.505	55.7309	0.00494319	-0.00531792	2
191.316	56.0039	0.00497401	-0.00537811	2

