-125.007	2.01319	4.76732e-07	-1.00128e-07	2
-125.625	3.14335	3.98195e-05	-7.9798e-06	2
-126.222	4.2781	7.63283e-05	-1.44981e-05	2
-126.79	5.40423	0.000109587	-1.95823e-05	2
-127.323	6.50893	0.000139329	-2.32255e-05	2
-127.835	7.61788	0.000166305	-2.55397e-05	2
-128.32	8.71817	0.000190212	-2.65019e-05	2
-128.777	9.80979	0.000211111	-2.61396e-05	2
-129.207	10.8927	0.000229062	-2.44802e-05	2
-129.61	11.9669	0.000244127	-2.15512e-05	2
-129.986	13.0324	0.000256365	-1.73801e-05	2
-130.336	14.0892	0.000265837	-1.19943e-05	2
-130.66	15.1372	0.000272605	-5.42127e-06	2
-130.958	16.1764	0.000276728	2.31146e-06	2
-131.231	17.2069	0.000278267	1.11765e-05	2
-131.478	18.2286	0.000277283	2.11463e-05	2
-131.701	19.2414	0.000273837	3.21935e-05	2
-131.898	20.2454	0.000267988	4.42905e-05	2
-132.071	21.2406	0.000259799	5.741e-05	2
-132.22	22.227	0.000249329	7.15245e-05	2
-132.345	23.2044	0.000236639	8.66064e-05	2
-132.446	24.173	0.00022179	0.000102628	2
-132.524	25.1327	0.000204842	0.000119563	2
-132.579	26.0834	0.000185856	0.000137383	2
-132.611	27.0253	0.000164893	0.00015606	2
-132.62	27.9582	0.000142013	0.000175567	2
-132.607	28.8715	0.000117572	0.00019564	2
-132.572	29.7866	9.10607e-05	0.000216716	2
-132.515	30.6926	6.2814e-05	0.000238541	2
-132.436	31.5897	3.28924e-05	0.000261086	2
-132.336	32.4777	1.35664e-06	0.000284325	2
-132.216	33.3567	-3.17327e-05	0.000308229	2
-132.074	34.2267	-6.63151e-05	0.000332772	2
-131.912	35.0876	-0.00010233	0.000357925	2
-131.729	35.9394	-0.000139716	0.000383662	2
-131.527	36.7821	-0.000178413	0.000409954	2
-131.305	37.6157	-0.000218361	0.000436775	2
-131.064	38.4402	-0.000259499	0.000464097	2
-130.803	39.2556	-0.000301766	0.000491892	2
-130.523	40.0618	-0.000345101	0.000520134	2
-130.225	40.8588	-0.000389444	0.000548793	2
-129.908	41.6466	-0.000434734	0.000577844	2
-129.574	42.4253	-0.000480911	0.000607259	2
-129.221	43.1947	-0.000527913	0.00063701	2
-128.851	43.9549	-0.000575681	0.000667069	2
-128.463	44.7059	-0.000624154	0.00069741	2
-128.059	45.4476	-0.000673271	0.000728004	2
-127.637	46.18	-0.000722971	0.000758824	2
-127.199	46.9031	-0.000773193	0.000789844	2
-126.751	47.6088	-0.000823293	0.000820675	2
-126.281	48.3135	-0.000874375	0.000852009	2
-125.795	49.0087	-0.000925799	0.000883459	2
-125.294	49.6947	-0.000977503	0.000914998	2
-124.777	50.3713	-0.00102943	0.000946599	2
-124.246	51.0385	-0.00108151	0.000978234	2
-123.7	51.6963	-0.0011337	0.00100988	2
-123.14	52.3447	-0.00118592	0.0010415	2
-122.565	52.9837	-0.00123812	0.00107307	2
-121.977	53.6132	-0.00129023	0.00110457	2
-121.375	54.2333	-0.00134221	0.00113597	2
-120.759	54.8439	-0.00139397	0.00116723	2
-120.131	55.4451	-0.00144548	0.00119834	2
-119.49	56.0367	-0.00149666	0.00122926	2
-118.836	56.6189	-0.00154745	0.00125997	2
-118.17	57.1915	-0.00159779	0.00129044	2
-117.492	57.7545	-0.00164763	0.00132064	2
-116.802	58.3081	-0.0016969	0.00135054	2
-116.1	58.852	-0.00174554	0.00138013	2
-115.388	59.3864	-0.00179349	0.00140936	2
-114.664	59.9111	-0.00184069	0.00143821	2
-113.93	60.4262	-0.00188709	0.00146666	2
-113.185	60.9317	-0.00193261	0.00149468	2
-112.431	61.4276	-0.00197719	0.00152224	2
-111.675	61.9083	-0.00202029	0.001549	2
-110.901	62.3849	-0.00206285	0.00157556	2
-110.117	62.8518	-0.00210429	0.00160158	2
-109.324	63.3091	-0.00214456	0.00162703	2
-108.523	63.7566	-0.00218359	0.00165189	2
-107.713	64.1944	-0.00222133	0.00167611	2
-106.894	64.6224	-0.00225771	0.00169969	2
-106.068	65.0407	-0.00229268	0.00172259	2
-105.234	65.4491	-0.00232617	0.00174478	2
-104.392	65.8478	-0.00235812	0.00176623	2
-103.543	66.2367	-0.00238847	0.00178693	2
-102.687	66.6158	-0.00241717	0.00180683	2
-101.825	66.985	-0.00244414	0.00182592	2
-100.956	67.3443	-0.00246934	0.00184417	2
-100.08	67.6938	-0.00249269	0.00186154	2
-99.1992	68.0334	-0.00251414	0.00187801	2
-98.3124	68.3631	-0.00253363	0.00189356	2
-97.4202	68.6829	-0.0025511	0.00190815	2
-96.5229	68.9928	-0.00256649	0.00192176	2
-95.6207	69.2927	-0.00257973	0.00193436	2
-94.714	69.5827	-0.00259076	0.00194593	2
-93.8029	69.8626	-0.00259953	0.00195643	2
-92.8878	70.1326	-0.00260598	0.00196584	2
-91.9794	70.3897	-0.00261001	0.00197405	2
-91.057	70.6398	-0.00261164	0.00198121	2
-90.1314	70.8798	-0.00261078	0.00198719	2
-89.2027	71.1098	-0.00260734	0.00199198	2

-75.0018	2.01015	4.75692e-07	5.21466e-08	2
-75.1701	2.88482	3.98088e-05	4.16358e-06	2
-75.3604	3.77325	7.64612e-05	7.58554e-06	2
-75.5705	4.66515	0.000110007	1.02861e-05	2
-75.7968	5.55004	0.000140163	1.22665e-05	2
-76.0441	6.44833	0.000167679	1.35927e-05	2
-76.3092	7.34959	0.000192237	1.4258e-05	2
-76.5915	8.25367	0.000213888	1.42827e-05	2
-76.8903	9.16039	0.00023268	1.36869e-05	2
-77.2049	10.0696	0.000248664	1.24909e-05	2
-77.5349	10.9811	0.000261889	1.07149e-05	2
-77.8795	11.8948	0.000272405	8.37924e-06	2
-78.2381	12.8105	0.000280262	5.50405e-06	2
-78.6101	13.728	0.000285511	2.1096e-06	2
-78.9948	14.6472	0.000288199	-1.78388e-06	2
-79.3916	15.5679	0.000288378	-6.15616e-06	2
-79.8	16.4899	0.000286097	-1.0987e-05	2
-80.2192	17.4131	0.000281406	-1.62561e-05	2
-80.6486	18.3374	0.000274355	-2.19434e-05	2
-81.0876	19.2625	0.000264994	-2.80284e-05	2
-81.5355	20.1882	0.000253371	-3.44911e-05	2
-81.9918	21.1146	0.000239538	-4.13112e-05	2
-82.4558	22.0412	0.000223544	-4.84684e-05	2
-82.9269	22.9681	0.000205439	-5.59425e-05	2
-83.4044	23.895	0.000185272	-6.37133e-05	2
-83.8877	24.8218	0.000163093	-7.17606e-05	2
-84.3705	25.7377	0.000139241	-7.99672e-05	2
-84.8635	26.6638	0.00011321	-8.8504e-05	2
-85.3604	27.5893	8.53165e-05	-9.72568e-05	2
-85.8606	28.514	5.56097e-05	-0.000106205	2
-86.3634	29.4377	2.41396e-05	-0.000115329	2
-86.8683	30.3604	-9.04391e-06	-0.000124608	2
-87.3746	31.2818	-4.38911e-05	-0.000134023	2
-87.8816	32.2018	-8.03522e-05	-0.000143552	2
-88.3888	33.1202	-0.000118377	-0.000153175	2
-88.8955	34.0369	-0.000157917	-0.000162873	2
-89.4011	34.9516	-0.000198921	-0.000172625	2
-89.9049	35.8643	-0.000241339	-0.000182411	2
-90.4064	36.7747	-0.000285123	-0.000192211	2
-90.9048	37.6827	-0.000330222	-0.000202003	2
-91.3995	38.5882	-0.000376586	-0.000211769	2
-91.89	39.491	-0.000424165	-0.000221488	2
-92.3756	40.3908	-0.00047291	-0.00023114	2
-92.8557	41.2876	-0.000522771	-0.000240704	2
-93.3295	42.1812	-0.000573699	-0.00025016	2
-93.7966	43.0714	-0.000625642	-0.000259488	2
-94.2562	43.9581	-0.000678552	-0.000268668	2
-94.7078	44.8411	-0.000732379	-0.000277679	2
-95.1507	45.7202	-0.000787073	-0.000286502	2
-95.5793	46.5853	-0.000841941	-0.000295018	2
-96.003	47.4562	-0.000898211	-0.000303405	2
-96.4162	48.3228	-0.000955199	-0.000311543	2
-96.8181	49.1849	-0.00101285	-0.000319411	2
-97.2082	50.0423	-0.00107113	-0.00032699	2
-97.5858	50.8948	-0.00112997	-0.000334259	2
-97.9503	51.7424	-0.00118934	-0.000341198	2
-98.3011	52.5848	-0.00124917	-0.000347786	2
-98.6376	53.4218	-0.00130942	-0.000354004	2
-98.959	54.2534	-0.00137004	-0.00035983	2
-99.2648	55.0793	-0.00143098	-0.000365246	2
-99.5543	55.8994	-0.00149219	-0.00037023	2
-99.827	56.7135	-0.00155362	-0.000374763	2
-100.082	57.5215	-0.00161522	-0.000378824	2
-100.319	58.3231	-0.00167694	-0.000382393	2
-100.537	59.1183	-0.00173873	-0.00038545	2
-100.736	59.9069	-0.00180054	-0.000387974	2
-100.915	60.6887	-0.00186233	-0.000389945	2
-101.073	61.4635	-0.00192403	-0.000391344	2
-101.21	62.2312	-0.00198561	-0.000392149	2
-101.325	62.9916	-0.00204701	-0.000392341	2
-101.417	63.7446	-0.00210818	-0.000391899	2
-101.486	64.4899	-0.00216907	-0.000390803	2
-101.531	65.2275	-0.00222964	-0.000389033	2
-101.552	65.9488	-0.00228914	-0.000386601	2
-101.548	66.6704	-0.0023489	-0.00038343	2
-101.518	67.3838	-0.00240819	-0.000379525	2
-101.462	68.0888	-0.00246696	-0.000374865	2
-101.379	68.7852	-0.00252514	-0.000369429	2
-101.269	69.4728	-0.00258271	-0.000363199	2
-101.13	70.1515	-0.00263959	-0.000356152	2
-100.962	70.8212	-0.00269575	-0.00034827	2
-100.765	71.4816	-0.00275114	-0.000339532	2
-100.538	72.1326	-0.0028057	-0.000329918	2
-100.28	72.7741	-0.00285938	-0.000319407	2
-99.9901	73.4058	-0.00291214	-0.000307979	2
-99.6686	74.0277	-0.00296393	-0.000295614	2
-99.3145	74.6395	-0.00301469	-0.000282292	2
-98.927	75.241	-0.00306438	-0.000267993	2
-98.5057	75.8323	-0.00311295	-0.000252696	2
-98.0498	76.4129	-0.00316034	-0.000236381	2
-97.5588	76.9829	-0.00320651	-0.000219028	2
-97.0319	77.542	-0.0032514	-0.000200616	2
-96.4686	78.0901	-0.00329497	-0.000181126	2
-95.8683	78.627	-0.00333717	-0.000160537	2
-95.2302	79.1525	-0.00337795	-0.000138829	2
-94.5539	79.6665	-0.00341725	-0.000115981	2
-93.847	80.1632	-0.00345461	-9.22569e-05	2
-93.0925	80.6538	-0.00349084	-6.70836e-05	2
-92.2978	81.1324	-0.00352544	-4.07106e-05	2
-91.4623	81.5989	-0.00355838	-1.31175e-05	2

-25.0007	2.01199	2.93822e-08	-1.25406e-07	2
-25.0788	3.03529	2.72446e-06	-1.09563e-05	2
-25.1869	4.05495	5.77422e-06	-2.20021e-05	2
-25.3235	5.05929	9.12658e-06	-3.31322e-05	2
-25.4859	6.0373	1.27156e-05	-4.42118e-05	2
-25.6773	7.01201	1.66022e-05	-5.54934e-05	2
-25.8954	7.97225	2.07237e-05	-6.68433e-05	2
-26.1394	8.91832	2.50572e-05	-7.82561e-05	2
-26.4088	9.85049	2.95801e-05	-8.97264e-05	2
-26.7029	10.7691	3.42697e-05	-0.000101249	2
-27.021	11.6743	3.91032e-05	-0.000112818	2
-27.3625	12.5666	4.40581e-05	-0.000124429	2
-27.7268	13.4461	4.91116e-05	-0.000136077	2
-28.1132	14.3132	5.4241e-05	-0.000147755	2
-28.5211	15.1681	5.94237e-05	-0.000159458	2
-28.9499	16.0111	6.46368e-05	-0.000171182	2
-29.3988	16.8426	6.98578e-05	-0.000182921	2
-29.8673	17.6628	7.50639e-05	-0.000194669	2
-30.3547	18.4719	8.02325e-05	-0.000206421	2
-30.8603	19.2704	8.53408e-05	-0.000218172	2
-31.3836	20.0585	9.03661e-05	-0.000229917	2
-31.9239	20.8364	9.52858e-05	-0.000241649	2
-32.4805	21.6045	0.000100077	-0.000253365	2
-33.0527	22.363	0.000104718	-0.000265058	2
-33.6401	23.1122	0.000109184	-0.000276723	2
-34.2418	23.8525	0.000113454	-0.000288355	2
-34.8502	24.5758	0.00011746	-0.000299815	2
-35.4787	25.299	0.000121272	-0.000311365	2
-36.1197	26.0142	0.00012482	-0.000322866	2
-36.7725	26.7216	0.000128081	-0.000334312	2
-37.4365	27.4214	0.000131033	-0.000345699	2
-38.1111	28.114	0.000133652	-0.00035702	2
-38.7956	28.7996	0.000135916	-0.000368271	2
-39.4893	29.4785	0.000137802	-0.000379445	2
-40.1917	30.1511	0.000139288	-0.000390539	2
-40.9021	30.8176	0.00014035	-0.000401546	2
-41.6198	31.4783	0.000140967	-0.000412461	2
-42.3443	32.1334	0.000141116	-0.000423279	2
-43.0747	32.7834	0.000140773	-0.000433994	2
-43.8106	33.4284	0.000139916	-0.000444602	2
-44.5513	34.0687	0.000138523	-0.000455096	2
-45.2961	34.7047	0.000136571	-0.000465472	2
-46.0444	35.3367	0.000134036	-0.000475723	2
-46.7955	35.9649	0.000130897	-0.000485846	2
-47.5488	36.5895	0.000127131	-0.000495833	2
-48.3037	37.211	0.000122714	-0.000505681	2
-49.0595	37.8296	0.000117625	-0.000515383	2
-49.8156	38.4455	0.00011184	-0.000524935	2
-50.5713	39.0591	0.000105337	-0.000534331	2
-51.3173	39.6637	9.81809e-05	-0.00054346	2
-52.0704	40.2735	9.01825e-05	-0.00055253	2
-52.8211	40.8818	8.13982e-05	-0.000561428	2
-53.5689	41.489	7.18052e-05	-0.000570149	2
-54.3132	42.0953	6.13809e-05	-0.000578687	2
-55.0532	42.701	5.01025e-05	-0.000587037	2
-55.7883	43.3064	3.79474e-05	-0.000595193	2
-56.518	43.9117	2.48928e-05	-0.000603151	2
-57.2415	44.5173	1.09161e-05	-0.000610905	2
-57.9582	45.1235	-4.00538e-06	-0.00061845	2
-58.6675	45.7305	-1.98944e-05	-0.00062578	2
-59.3686	46.3386	-3.67737e-05	-0.00063289	2
-60.0611	46.9482	-5.46659e-05	-0.000639775	2
-60.7442	47.5594	-7.35936e-05	-0.000646429	2
-61.4173	48.1727	-9.35797e-05	-0.000652847	2
-62.0797	48.7883	-0.000114647	-0.000659024	2
-62.7309	49.4064	-0.000136818	-0.000664954	2
-63.3701	50.0274	-0.000160115	-0.000670632	2
-63.9967	50.6515	-0.000184561	-0.000676053	2
-64.6101	51.2791	-0.000210179	-0.000681211	2
-65.2097	51.9104	-0.000236991	-0.0006861	2
-65.7947	52.5458	-0.000265021	-0.000690717	2
-66.3646	53.1854	-0.000294291	-0.000695054	2
-66.9187	53.8297	-0.000324823	-0.000699108	2
-67.4502	54.4713	-0.000356267	-0.000702831	2
-67.971	55.1256	-0.000389377	-0.000706303	2
-68.4741	55.7853	-0.000423817	-0.000709476	2
-68.9588	56.4508	-0.000459611	-0.000712343	2
-69.4244	57.1223	-0.00049678	-0.0007149	2
-69.8705	57.8001	-0.000535348	-0.000717141	2
-70.2963	58.4846	-0.000575337	-0.00071906	2
-70.7011	59.176	-0.00061677	-0.000720652	2
-71.0844	59.8745	-0.000659669	-0.000721913	2
-71.4454	60.5806	-0.000704057	-0.000722836	2
-71.7836	61.2944	-0.000749958	-0.000723416	2
-72.0983	62.0163	-0.000797393	-0.000723648	2
-72.3888	62.7465	-0.000846385	-0.000723527	2
-72.6545	63.4854	-0.000896958	-0.000723047	2
-72.8949	64.2332	-0.000949133	-0.000722202	2
-73.1091	64.9902	-0.00100293	-0.000720989	2
-73.2966	65.7568	-0.00105838	-0.0007194	2
-73.4568	66.5331	-0.0011155	-0.000717431	2
-73.589	67.3195	-0.00117431	-0.000715077	2
-73.6925	68.1163	-0.00123484	-0.000712332	2
-73.7667	68.9238	-0.00129711	-0.000709191	2
-73.811	69.7422	-0.00136114	-0.000705649	2
-73.8247	70.5718	-0.00142696	-0.000701699	2
-73.8076	71.4033	-0.00149379	-0.00069739	2
-73.7587	72.2562	-0.00156322	-0.000692616	2
-73.6772	73.1211	-0.0016345	-0.000687418	2
-73.5626	73.9985	-0.00170766	-0.000681793	2

24.9971	2.0137	5.9881e-07	-2.04647e-07	2
24.7382	3.18143	5.18619e-05	-1.68499e-05	2
24.4536	4.34114	0.00010325	-3.17902e-05	2
24.1468	5.47949	0.000154165	-4.48528e-05	2
23.8219	6.58412	0.000204032	-5.59515e-05	2
23.4718	7.68109	0.000254011	-6.53761e-05	2
23.1006	8.75777	0.000303521	-7.30191e-05	2
22.7087	9.81455	0.000352563	-7.89127e-05	2
22.2963	10.8518	0.000401138	-8.3089e-05	2
21.864	11.8698	0.000449248	-8.558e-05	2
21.4121	12.869	0.000496893	-8.6418e-05	2
20.941	13.8498	0.000544076	-8.5635e-05	2
20.4511	14.8124	0.000590796	-8.32631e-05	2
19.9428	15.7573	0.000637055	-7.93345e-05	2
19.4164	16.6849	0.000682855	-7.38813e-05	2
18.8724	17.5954	0.000728196	-6.69356e-05	2
18.3112	18.4893	0.00077308	-5.85296e-05	2
17.7331	19.3668	0.000817508	-4.86953e-05	2
17.1386	20.2285	0.000861481	-3.74648e-05	2
16.528	21.0746	0.000905	-2.48704e-05	2
15.9017	21.9055	0.000948066	-1.09441e-05	2
15.2602	22.7215	0.000990682	4.28206e-06	2
14.6037	23.5231	0.00103285	2.07758e-05	2
13.9327	24.3105	0.00107456	3.85051e-05	2
13.2476	25.0842	0.00111583	5.74379e-05	2
12.5488	25.8445	0.00115665	7.75419e-05	2
11.8449	26.5833	0.00119657	9.85345e-05	2
11.1199	27.318	0.0012365	0.000120872	2
10.3824	28.0405	0.001276	0.000144285	2
9.63275	28.751	0.00131505	0.000168741	2
8.87129	29.4499	0.00135366	0.000194209	2
8.09844	30.1376	0.00139183	0.000220655	2
7.3146	30.8144	0.00142957	0.000248048	2
6.52015	31.4807	0.00146686	0.000276356	2
5.71549	32.1369	0.00150372	0.000305546	2
4.901	32.7833	0.00154015	0.000335587	2
4.07707	33.4204	0.00157614	0.000366446	2
3.24411	34.0483	0.0016117	0.000398091	2
2.40249	34.6676	0.00164683	0.000430491	2
1.55261	35.2785	0.00168152	0.000463612	2
0.694858	35.8815	0.00171579	0.000497424	2
-0.170374	36.4769	0.00174963	0.000531893	2
-1.0427	37.0651	0.00178305	0.000566988	2
-1.92172	37.6463	0.00181604	0.000602676	2
-2.80705	38.2211	0.0018486	0.000638925	2
-3.69829	38.7897	0.00188074	0.000675704	2
-4.59507	39.3525	0.00191246	0.00071298	2
-5.49698	39.9099	0.00194376	0.000750722	2
-6.40364	40.4623	0.00197464	0.000788896	2
-7.30416	41.0036	0.00200476	0.000827025	2
-8.21909	41.547	0.00203481	0.000865964	2
-9.1376	42.0863	0.00206444	0.000905241	2
-10.0593	42.6221	0.00209366	0.000944822	2
-10.9838	43.1545	0.00212247	0.000984676	2
-11.9107	43.6841	0.00215086	0.00102477	2
-12.8396	44.2112	0.00217884	0.00106507	2
-13.7702	44.7361	0.00220641	0.00110555	2
-14.7019	45.2591	0.00223358	0.00114618	2
-15.6346	45.7808	0.00226033	0.00118691	2
-16.5676	46.3013	0.00228668	0.00122773	2
-17.5008	46.8211	0.00231262	0.00126859	2
-18.4336	47.3406	0.00233816	0.00130947	2
-19.3657	47.8601	0.0023633	0.00135033	2
-20.2967	48.3799	0.00238803	0.00139115	2
-21.2262	48.9005	0.00241237	0.00143188	2
-22.1538	49.4221	0.0024363	0.0014725	2
-23.0791	49.9452	0.00245984	0.00151298	2
-24.0017	50.4701	0.00248298	0.00155327	2
-24.9213	50.9972	0.00250572	0.00159336	2
-25.8374	51.5268	0.00252807	0.00163321	2
-26.7497	52.0594	0.00255003	0.00167279	2
-27.6577	52.5952	0.00257159	0.00171206	2
-28.5611	53.1346	0.00259277	0.00175099	2
-29.4493	53.6717	0.00261331	0.00178911	2
-30.3423	54.2194	0.00263371	0.00182728	2
-31.2296	54.7718	0.00265372	0.00186501	2
-32.1107	55.3293	0.00267335	0.00190228	2
-32.9852	55.8922	0.00269258	0.00193904	2
-33.8527	56.4609	0.00271144	0.00197528	2
-34.7129	57.0358	0.00272991	0.00201096	2
-35.5654	57.6172	0.002748	0.00204604	2
-36.4097	58.2055	0.00276571	0.0020805	2
-37.2455	58.801	0.00278304	0.00211429	2
-38.0723	59.4041	0.0028	0.0021474	2
-38.8899	60.0152	0.00281657	0.00217979	2
-39.6977	60.6346	0.00283277	0.00221142	2
-40.4955	61.2627	0.0028486	0.00224226	2
-41.2828	61.8999	0.00286405	0.00227228	2
-42.0592	62.5465	0.00287913	0.00230146	2
-42.8244	63.2028	0.00289384	0.00232974	2
-43.5779	63.8693	0.00290818	0.00235712	2
-44.3193	64.5463	0.00292215	0.00238354	2
-45.0483	65.2342	0.00293576	0.00240899	2
-45.7645	65.9333	0.00294899	0.00243343	2
-46.4675	66.644	0.00296187	0.00245682	2
-47.1569	67.3666	0.00297437	0.00247913	2
-47.8246	68.0931	0.00298638	0.0025001	2
-48.4858	68.8405	0.00299817	0.00252018	2
-49.1321	69.6011	0.0030096	0.00253909	2
-49.7634	70.375	0.00302067	0.0025568	2

74.9959	2.01262	5.74443e-07	1.55127e-07	2
74.6486	3.09628	4.98701e-05	1.30232e-05	2
74.3139	4.18894	9.95284e-05	2.50946e-05	2
73.9957	5.27802	0.00014898	3.62218e-05	2
73.6971	6.35108	0.000197665	4.63003e-05	2
73.4112	7.43312	0.000246721	5.55719e-05	2
73.1411	8.51168	0.000295587	6.39215e-05	2
72.8869	9.58679	0.000344266	7.13566e-05	2
72.6482	10.6585	0.000392765	7.78845e-05	2
72.425	11.7268	0.000441089	8.35129e-05	2
72.217	12.7917	0.000489243	8.82491e-05	2
72.024	13.8534	0.000537232	9.21005e-05	2
71.8459	14.9118	0.000585061	9.50747e-05	2
71.6825	15.9669	0.000632737	9.71791e-05	2
71.5337	17.0188	0.000680263	9.84212e-05	2
71.3991	18.0675	0.000727645	9.88084e-05	2
71.2787	19.1131	0.000774889	9.83481e-05	2
71.1723	20.1556	0.000822	9.70479e-05	2
71.0797	21.195	0.000868982	9.49152e-05	2
71.0007	22.2314	0.000915842	9.19574e-05	2
70.9352	23.2647	0.000962584	8.81821e-05	2
70.8829	24.2951	0.00100921	8.35965e-05	2
70.8437	25.3226	0.00105574	7.82084e-05	2
70.8173	26.3472	0.00110216	7.20249e-05	2
70.8037	27.3689	0.00114848	6.50537e-05	2
70.8027	28.3877	0.00119471	5.73022e-05	2
70.8138	29.3921	0.00124033	4.88802e-05	2
70.8371	30.4054	0.0012864	3.95993e-05	2
70.8725	31.416	0.00133239	2.95602e-05	2
70.9197	32.4239	0.00137831	1.87707e-05	2
70.9785	33.4292	0.00142416	7.23797e-06	2
71.0488	34.4318	0.00146996	-5.03036e-06	2
71.1304	35.4318	0.0015157	-1.80269e-05	2
71.2231	36.4292	0.00156139	-3.17442e-05	2
71.3267	37.4242	0.00160704	-4.61747e-05	2
71.441	38.4166	0.00165264	-6.13111e-05	2
71.566	39.4066	0.00169822	-7.71458e-05	2
71.7013	40.3942	0.00174376	-9.36715e-05	2
71.8468	41.3793	0.00178928	-0.000110881	2
72.0024	42.3622	0.00183479	-0.000128766	2
72.1678	43.3427	0.00188028	-0.000147319	2
72.3429	44.3209	0.00192576	-0.000166534	2
72.5274	45.2968	0.00197124	-0.000186402	2
72.7213	46.2706	0.00201673	-0.000206917	2
72.9243	47.2422	0.00206222	-0.00022807	2
73.1363	48.2116	0.00210773	-0.000249854	2
73.3571	49.1789	0.00215325	-0.000272263	2
73.5864	50.1441	0.0021988	-0.000295287	2
73.8241	51.1073	0.00224438	-0.000318921	2
74.0673	52.0574	0.00228946	-0.000342874	2
74.3212	53.0167	0.00233512	-0.000367696	2
74.5831	53.9739	0.00238081	-0.000393104	2
74.8526	54.9293	0.00242656	-0.000419092	2
75.1296	55.8828	0.00247236	-0.000445651	2
75.414	56.8345	0.00251822	-0.000472775	2
75.7056	57.7843	0.00256415	-0.000500455	2
76.0041	58.7324	0.00261014	-0.000528685	2
76.3095	59.6788	0.00265622	-0.000557457	2
76.6214	60.6234	0.00270238	-0.000586763	2
76.9398	61.5664	0.00274862	-0.000616596	2
77.2645	62.5077	0.00279495	-0.000646948	2
77.5952	63.4475	0.00284138	-0.000677812	2
77.9319	64.3857	0.00288792	-0.000709181	2
78.2743	65.3223	0.00293456	-0.000741047	2
78.6222	66.2575	0.00298132	-0.000773403	2
78.9755	67.1911	0.00302819	-0.000806241	2
79.334	68.1234	0.00307519	-0.000839553	2
79.6974	69.0543	0.00312231	-0.000873333	2
80.0658	69.9838	0.00316957	-0.000907573	2
80.4387	70.912	0.00321697	-0.000942265	2
80.8161	71.8389	0.00326451	-0.000977402	2
81.1979	72.7645	0.0033122	-0.00101298	2
81.5837	73.689	0.00336005	-0.00104898	2
81.9689	74.6016	0.00340751	-0.00108499	2
82.3624	75.5237	0.00345568	-0.00112182	2
82.7595	76.4446	0.00350402	-0.00115907	2
83.1599	77.3645	0.00355253	-0.00119671	2
83.5635	78.2834	0.00360123	-0.00123475	2
83.9702	79.2012	0.00365012	-0.00127317	2
84.3798	80.118	0.00369919	-0.00131198	2
84.792	81.0339	0.00374847	-0.00135115	2
85.2067	81.9489	0.00379794	-0.00139068	2
85.6237	82.863	0.00384762	-0.00143057	2
86.0429	83.7763	0.00389752	-0.00147081	2
86.464	84.6887	0.00394763	-0.00151139	2
86.8869	85.6004	0.00399796	-0.0015523	2
87.3114	86.5113	0.00404853	-0.00159354	2
87.7373	87.4215	0.00409932	-0.00163509	2
88.1645	88.3311	0.00415036	-0.00167696	2
88.5927	89.24	0.00420164	-0.00171913	2
89.0218	90.1483	0.00425317	-0.0017616	2
89.4516	91.0561	0.00430495	-0.00180435	2
89.8819	91.9633	0.00435699	-0.00184738	2
90.3126	92.8699	0.0044093	-0.00189069	2
90.7434	93.7762	0.00446188	-0.00193427	2
91.1742	94.682	0.00451473	-0.0019781	2
91.5999	95.577	0.00456725	-0.00202168	2
92.0302	96.482	0.00462067	-0.002066	2
92.4599	97.3867	0.00467437	-0.00211056	2
92.8888	98.2911	0.00472838	-0.00215535	2

124.997	2.01342	-2.67002e-07	-1.33669e-07	2
124.783	3.15655	-2.37464e-05	-1.0696e-05	2
124.598	4.29101	-4.85236e-05	-1.95241e-05	2
124.445	5.40366	-7.43078e-05	-2.65147e-05	2
124.324	6.48236	-0.000100762	-3.16487e-05	2
124.233	7.55247	-0.000128478	-3.50757e-05	2
124.172	8.60161	-0.00015713	-3.67558e-05	2
124.141	9.63005	-0.000186695	-3.67197e-05	2
124.14	10.6381	-0.000217148	-3.49975e-05	2
124.167	11.626	-0.000248465	-3.16198e-05	2
124.224	12.594	-0.000280624	-2.66169e-05	2
124.308	13.5424	-0.0003136	-2.00191e-05	2
124.42	14.4716	-0.00034737	-1.18569e-05	2
124.56	15.3817	-0.000381909	-2.16062e-06	2
124.726	16.2731	-0.000417194	9.03935e-06	2
124.918	17.1461	-0.000453202	2.17126e-05	2
125.137	18.0008	-0.000489908	3.58288e-05	2
125.381	18.8377	-0.000527288	5.13575e-05	2
125.65	19.6569	-0.00056532	6.82684e-05	2
125.944	20.4588	-0.000603979	8.65311e-05	2
126.261	21.2436	-0.000643241	0.000106115	2
126.603	22.0117	-0.000683083	0.00012699	2
126.968	22.7632	-0.000723481	0.000149126	2
127.355	23.4985	-0.000764411	0.000172492	2
127.765	24.2179	-0.00080585	0.000197058	2
128.197	24.9216	-0.000847773	0.000222793	2
128.645	25.6021	-0.000889667	0.000249352	2
129.119	26.2755	-0.000932484	0.000277323	2
129.613	26.9341	-0.000975714	0.000306372	2
130.128	27.5781	-0.00101933	0.00033647	2
130.663	28.2078	-0.00106332	0.000367586	2
131.216	28.8236	-0.00110765	0.000399689	2
131.789	29.4256	-0.0011523	0.000432749	2
132.38	30.0142	-0.00119724	0.000466736	2
132.988	30.5896	-0.00124245	0.00050162	2
133.614	31.1522	-0.00128791	0.000537369	2
134.258	31.7022	-0.0013336	0.000573954	2
134.917	32.2399	-0.00137948	0.000611345	2
135.593	32.7655	-0.00142554	0.00064951	2
136.285	33.2794	-0.00147176	0.00068842	2
136.991	33.7818	-0.0015181	0.000728044	2
137.713	34.273	-0.00156454	0.000768352	2
138.449	34.7533	-0.00161107	0.000809313	2
139.198	35.2229	-0.00165766	0.000850897	2
139.962	35.6822	-0.00170427	0.000893074	2
140.738	36.1315	-0.0017509	0.000935813	2
141.526	36.5709	-0.00179752	0.000979083	2
142.327	37.0008	-0.00184409	0.00102286	2
143.139	37.4214	-0.00189061	0.0010671	2
143.953	37.8285	-0.0019365	0.00111127	2
144.788	38.2316	-0.00198283	0.00115636	2
145.632	38.6263	-0.00202902	0.00120183	2
146.486	39.0129	-0.00207505	0.00124765	2
147.35	39.3916	-0.00212091	0.00129379	2
148.223	39.7628	-0.00216656	0.00134021	2
149.104	40.1267	-0.00221198	0.0013869	2
149.993	40.4835	-0.00225715	0.00143382	2
150.89	40.8337	-0.00230205	0.00148093	2
151.794	41.1774	-0.00234664	0.00152821	2
152.705	41.5149	-0.00239092	0.00157563	2
153.622	41.8466	-0.00243485	0.00162316	2
154.545	42.1726	-0.00247841	0.00167076	2
155.474	42.4933	-0.00252157	0.00171841	2
156.407	42.809	-0.00256432	0.00176607	2
157.345	43.1199	-0.00260663	0.00181372	2
158.287	43.4263	-0.00264847	0.00186132	2
159.232	43.7284	-0.00268982	0.00190885	2
160.181	44.0267	-0.00273067	0.00195627	2
161.132	44.3213	-0.00277097	0.00200356	2
162.086	44.6125	-0.00281071	0.00205068	2
163.041	44.9006	-0.00284987	0.0020976	2
163.998	45.1859	-0.00288843	0.0021443	2
164.956	45.4687	-0.00292635	0.00219074	2
165.903	45.746	-0.00296319	0.00223636	2
166.861	46.0246	-0.00299979	0.00228219	2
167.819	46.3014	-0.00303568	0.00232768	2
168.776	46.5769	-0.00307085	0.00237279	2
169.732	46.8512	-0.00310527	0.00241749	2
170.686	47.1246	-0.00313891	0.00246175	2
171.637	47.3975	-0.00317176	0.00250553	2
172.586	47.67	-0.00320378	0.00254882	2
173.532	47.9425	-0.00323496	0.00259158	2
174.475	48.2153	-0.00326528	0.00263378	2
175.413	48.4886	-0.0032947	0.00267538	2
176.347	48.7628	-0.0033232	0.00271637	2
177.277	49.038	-0.00335077	0.0027567	2
178.2	49.3146	-0.00337737	0.00279634	2
179.118	49.5929	-0.00340298	0.00283528	2
180.03	49.8731	-0.00342758	0.00287347	2
180.935	50.1555	-0.00345115	0.00291089	2
181.833	50.4404	-0.00347366	0.0029475	2
182.724	50.728	-0.00349508	0.00298328	2
183.606	51.0188	-0.00351541	0.00301819	2
184.481	51.3128	-0.0035346	0.00305221	2
185.346	51.6105	-0.00355263	0.0030853	2
186.201	51.912	-0.00356949	0.00311744	2
187.038	52.2142	-0.00358498	0.00314824	2
187.874	52.5243	-0.00359942	0.00317838	2
188.699	52.8392	-0.00361262	0.00320748	2
189.513	53.159	-0.00362455	0.0032355	2

