-125	2.01262	6.41227e-07	-6.67791e-08	2
-125.018	3.0933	5.62401e-05	-6.71952e-06	2
-125.019	4.17645	0.000113384	-1.52668e-05	2
-125.004	5.24955	0.000171411	-2.56223e-05	2
-124.974	6.30052	0.00022962	-3.7617e-05	2
-124.927	7.35389	0.000289343	-5.15105e-05	2
-124.865	8.39747	0.00034989	-6.71542e-05	2
-124.788	9.43135	0.000411238	-8.45285e-05	2
-124.696	10.4556	0.000473368	-0.000103614	2
-124.588	11.4703	0.00053626	-0.000124391	2
-124.466	12.4756	0.000599893	-0.000146841	2
-124.329	13.4716	0.000664246	-0.000170943	2
-124.178	14.4582	0.000729301	-0.000196679	2
-124.012	15.4357	0.000795035	-0.000224029	2
-123.833	16.4041	0.000861429	-0.000252973	2
-123.639	17.3635	0.000928462	-0.000283492	2
-123.432	18.314	0.000996115	-0.000315567	2
-123.212	19.2557	0.00106437	-0.000349178	2
-122.978	20.1886	0.0011332	-0.000384305	2
-122.731	21.1129	0.00120258	-0.00042093	2
-122.471	22.0286	0.00127251	-0.000459032	2
-122.198	22.9358	0.00134295	-0.000498593	2
-121.913	23.8346	0.00141389	-0.000539593	2
-121.615	24.7252	0.0014853	-0.000582011	2
-121.306	25.6075	0.00155718	-0.00062583	2
-120.984	26.4817	0.00162948	-0.000671029	2
-120.654	27.3379	0.00170137	-0.000717046	2
-120.309	28.1962	0.00177448	-0.000764933	2
-119.953	29.0467	0.00184797	-0.000814141	2
-119.585	29.8893	0.00192181	-0.000864652	2
-119.206	30.7243	0.00199599	-0.000916447	2
-118.817	31.5517	0.00207048	-0.000969506	2
-118.417	32.3715	0.00214527	-0.00102381	2
-118.006	33.1839	0.00222032	-0.00107934	2
-117.585	33.989	0.00229563	-0.00113607	2
-117.154	34.7869	0.00237118	-0.00119399	2
-116.712	35.5776	0.00244693	-0.00125308	2
-116.262	36.3612	0.00252288	-0.00131331	2
-115.801	37.1378	0.002599	-0.00137467	2
-115.331	37.9075	0.00267527	-0.00143714	2
-114.853	38.6704	0.00275167	-0.0015007	2
-114.365	39.4266	0.00282818	-0.00156533	2
-113.868	40.1761	0.00290478	-0.001631	2
-113.363	40.9191	0.00298145	-0.00169771	2
-112.849	41.6556	0.00305817	-0.00176543	2
-112.327	42.3858	0.00313492	-0.00183414	2
-111.797	43.1097	0.00321167	-0.00190382	2
-111.259	43.8274	0.00328842	-0.00197446	2
-110.713	44.5389	0.00336513	-0.00204602	2
-110.167	45.2364	0.00344091	-0.00211767	2
-109.607	45.9361	0.0035175	-0.00219103	2
-109.039	46.6299	0.00359399	-0.00226527	2
-108.465	47.3179	0.00367037	-0.00234037	2
-107.884	48.0003	0.00374662	-0.0024163	2
-107.296	48.6771	0.00382272	-0.00249305	2
-106.702	49.3484	0.00389864	-0.0025706	2
-106.102	50.0143	0.00397436	-0.00264892	2
-105.496	50.6749	0.00404987	-0.002728	2
-104.884	51.3303	0.00412514	-0.00280782	2
-104.267	51.9804	0.00420016	-0.00288836	2
-103.644	52.6256	0.0042749	-0.0029696	2
-103.016	53.2657	0.00434935	-0.00305152	2
-102.382	53.901	0.00442348	-0.0031341	2
-101.744	54.5315	0.00449727	-0.00321732	2
-101.102	55.1573	0.0045707	-0.00330117	2
-100.454	55.7784	0.00464375	-0.00338561	2
-99.8029	56.395	0.00471641	-0.00347064	2
-99.1472	57.0072	0.00478865	-0.00355624	2
-98.4877	57.615	0.00486045	-0.00364238	2
-97.8244	58.2185	0.00493179	-0.00372904	2
-97.1575	58.8179	0.00500265	-0.00381621	2
-96.4873	59.4131	0.00507301	-0.00390386	2
-95.8139	60.0044	0.00514285	-0.00399198	2
-95.1454	60.585	0.00521135	-0.00407953	2
-94.4662	61.1685	0.00528009	-0.00416851	2
-93.7845	61.7483	0.00534825	-0.00425791	2
-93.1003	62.3245	0.00541581	-0.0043477	2
-92.4139	62.897	0.00548275	-0.00443785	2
-91.7255	63.4661	0.00554905	-0.00452836	2
-91.0352	64.0318	0.00561468	-0.0046192	2
-90.3432	64.5942	0.00567963	-0.00471034	2
-89.6497	65.1533	0.00574388	-0.00480178	2
-88.955	65.7094	0.0058074	-0.00489349	2
-88.2591	66.2624	0.00587018	-0.00498545	2
-87.5623	66.8124	0.00593219	-0.00507765	2
-86.8648	67.3595	0.00599342	-0.00517006	2
-86.1667	67.9039	0.00605384	-0.00526266	2
-85.4683	68.4456	0.00611344	-0.00535544	2
-84.7697	68.9847	0.00617219	-0.00544837	2
-84.0711	69.5212	0.00623007	-0.00554144	2
-83.3727	70.0554	0.00628707	-0.00563463	2
-82.6747	70.5871	0.00634316	-0.00572791	2
-81.9773	71.1167	0.00639833	-0.00582127	2
-81.2806	71.644	0.00645254	-0.00591469	2
-80.5849	72.1693	0.00650579	-0.00600814	2
-79.8904	72.6926	0.00655805	-0.00610162	2
-79.2051	73.208	0.00660872	-0.00619402	2
-78.5134	73.7276	0.00665895	-0.00628747	2
-77.8234	74.2454	0.00670813	-0.00638089	2
-77.1353	74.7616	0.00675625	-0.00647425	2

-75.0038	2.0122	-3.35849e-07	-2.34382e-07	2
-75.3183	3.05555	-2.92112e-05	-1.95039e-05	2
-75.6088	4.10008	-5.84015e-05	-3.72369e-05	2
-75.8719	5.13366	-8.75624e-05	-5.32356e-05	2
-76.1055	6.14468	-0.000116351	-6.73818e-05	2
-76.3152	7.15673	-0.000145429	-8.00409e-05	2
-76.4984	8.15805	-0.000174452	-9.10752e-05	2
-76.6557	9.14874	-0.000203412	-0.000100522	2
-76.7872	10.1289	-0.000232301	-0.000108417	2
-76.8933	11.0985	-0.000261111	-0.000114797	2
-76.9743	12.0577	-0.000289833	-0.000119699	2
-77.0307	13.0066	-0.000318458	-0.00012316	2
-77.0626	13.9452	-0.000346978	-0.000125217	2
-77.0705	14.8736	-0.000375385	-0.000125905	2
-77.0546	15.7919	-0.000403671	-0.000125263	2
-77.0154	16.7002	-0.000431827	-0.000123325	2
-76.9531	17.5985	-0.000459844	-0.00012013	2
-76.8681	18.4869	-0.000487715	-0.000115714	2
-76.7607	19.3656	-0.00051543	-0.000110113	2
-76.6312	20.2344	-0.000542982	-0.000103364	2
-76.48	21.0937	-0.000570362	-9.55037e-05	2
-76.3074	21.9433	-0.000597562	-8.65691e-05	2
-76.1138	22.7835	-0.000624573	-7.65966e-05	2
-75.8994	23.6142	-0.000651387	-6.56229e-05	2
-75.6647	24.4356	-0.000677996	-5.36847e-05	2
-75.4099	25.2477	-0.00070439	-4.08187e-05	2
-75.1386	26.0414	-0.000730263	-2.72246e-05	2
-74.8449	26.8353	-0.000756208	-1.26226e-05	2
-74.5321	27.6202	-0.000781913	2.7976e-06	2
-74.2006	28.396	-0.000807371	1.89994e-05	2
-73.8507	29.163	-0.000832574	3.5946e-05	2
-73.4828	29.9212	-0.000857512	5.36008e-05	2
-73.0971	30.6706	-0.000882178	7.19271e-05	2
-72.694	31.4113	-0.000906563	9.08883e-05	2
-72.2739	32.1434	-0.000930658	0.000110448	2
-71.8371	32.8671	-0.000954456	0.000130568	2
-71.3838	33.5823	-0.000977948	0.000151214	2
-70.9145	34.2891	-0.00100113	0.000172348	2
-70.4295	34.9876	-0.00102398	0.000193933	2
-69.929	35.6779	-0.0010465	0.000215933	2
-69.4135	36.3601	-0.00106869	0.000238311	2
-68.8833	37.0342	-0.00109052	0.00026103	2
-68.3387	37.7004	-0.001112	0.000284054	2
-67.78	38.3586	-0.00113312	0.000307347	2
-67.2076	39.009	-0.00115386	0.00033087	2
-66.6218	39.6516	-0.00117422	0.000354589	2
-66.023	40.2866	-0.00119419	0.000378465	2
-65.4114	40.914	-0.00121376	0.000402463	2
-64.7874	41.5338	-0.00123292	0.000426545	2
-64.1587	42.1392	-0.00125146	0.000450398	2
-63.5111	42.7442	-0.00126979	0.00047454	2
-62.8521	43.342	-0.00128769	0.000498657	2
-62.182	43.9326	-0.00130515	0.000522712	2
-61.5012	44.516	-0.00132216	0.000546669	2
-60.81	45.0923	-0.00133871	0.000570491	2
-60.1087	45.6616	-0.0013548	0.000594142	2
-59.3977	46.224	-0.00137041	0.000617584	2
-58.6773	46.7796	-0.00138554	0.000640781	2
-57.9478	47.3284	-0.00140018	0.000663697	2
-57.2096	47.8705	-0.00141432	0.000686294	2
-56.463	48.406	-0.00142796	0.000708536	2
-55.7083	48.9349	-0.00144108	0.000730387	2
-54.946	49.4574	-0.00145367	0.000751809	2
-54.1762	49.9735	-0.00146573	0.000772766	2
-53.3993	50.4832	-0.00147725	0.000793221	2
-52.6157	50.9868	-0.00148822	0.000813138	2
-51.8258	51.4841	-0.00149864	0.00083248	2
-51.0297	51.9754	-0.00150849	0.00085121	2
-50.228	52.4607	-0.00151776	0.000869292	2
-49.4208	52.94	-0.00152645	0.000886688	2
-48.6086	53.4135	-0.00153455	0.000903363	2
-47.7916	53.8812	-0.00154205	0.000919279	2
-46.9703	54.3432	-0.00154894	0.0009344	2
-46.1544	54.7943	-0.00155515	0.000948531	2
-45.3253	55.2452	-0.0015608	0.000961962	2
-44.4928	55.6906	-0.00156583	0.000974488	2
-43.6572	56.1305	-0.00157021	0.000986073	2
-42.8189	56.5652	-0.00157394	0.00099668	2
-41.9782	56.9946	-0.00157702	0.00100627	2
-41.1354	57.4188	-0.00157942	0.00101481	2
-40.291	57.8379	-0.00158116	0.00102226	2
-39.4451	58.2521	-0.00158221	0.00102859	2
-38.5981	58.6612	-0.00158256	0.00103376	2
-37.7504	59.0655	-0.00158222	0.00103773	2
-36.9023	59.465	-0.00158117	0.00104046	2
-36.0541	59.8597	-0.0015794	0.00104192	2
-35.2063	60.2499	-0.0015769	0.00104208	2
-34.359	60.6354	-0.00157367	0.00104088	2
-33.5126	61.0165	-0.0015697	0.00103831	2
-32.6675	61.3931	-0.00156498	0.00103432	2
-31.824	61.7655	-0.0015595	0.00102887	2
-30.9825	62.1335	-0.00155325	0.00102194	2
-30.1432	62.4974	-0.00154623	0.00101347	2
-29.3065	62.8571	-0.00153842	0.00100344	2
-28.4728	63.2128	-0.00152982	0.000991808	2
-27.6423	63.5646	-0.00152042	0.000978537	2
-26.8249	63.9084	-0.00151033	0.000963773	2
-26.0019	64.2525	-0.00149931	0.000947136	2
-25.1832	64.5929	-0.00148747	0.000928751	2
-24.369	64.9296	-0.00147479	0.000908581	2

-25.0042	2.01156	5.48975e-07	-4.44969e-07	2
-25.3632	3.0069	4.59056e-05	-3.7595e-05	2
-25.7174	4.01607	8.81035e-05	-7.29555e-05	2
-26.0624	5.0273	0.000126663	-0.000106121	2
-26.3943	6.02872	0.000161273	-0.000136787	2
-26.7209	7.0434	0.000192805	-0.000165704	2
-27.038	8.05951	0.000220908	-0.000192545	2
-27.3455	9.07682	0.00024565	-0.000217347	2
-27.6435	10.0951	0.000267101	-0.000240152	2
-27.9318	11.1142	0.000285331	-0.000260997	2
-28.2102	12.1339	0.000300409	-0.000279923	2
-28.4787	13.1539	0.000312406	-0.000296968	2
-28.7372	14.174	0.00032139	-0.000312173	2
-28.9857	15.1941	0.000327431	-0.000325576	2
-29.2239	16.2139	0.000330599	-0.000337218	2
-29.4519	17.2332	0.000330963	-0.000347137	2
-29.6695	18.2518	0.000328594	-0.000355373	2
-29.8766	19.2694	0.00032356	-0.000361966	2
-30.0731	20.286	0.000315931	-0.000366954	2
-30.2589	21.3011	0.000305777	-0.000370377	2
-30.434	22.3148	0.000293168	-0.000372275	2
-30.5983	23.3266	0.000278172	-0.000372687	2
-30.7516	24.3364	0.00026086	-0.000371653	2
-30.8938	25.3441	0.000241302	-0.000369211	2
-31.0249	26.3493	0.000219566	-0.000365402	2
-31.1448	27.3519	0.000195723	-0.000360264	2
-31.2521	28.3402	0.00017015	-0.000353919	2
-31.3494	29.3369	0.000142323	-0.000346257	2
-31.4351	30.3304	0.000112596	-0.000337385	2
-31.5092	31.3204	8.10386e-05	-0.000327342	2
-31.5716	32.3067	4.77213e-05	-0.000316167	2
-31.6222	33.2891	1.27132e-05	-0.0003039	2
-31.6609	34.2673	-2.39161e-05	-0.00029058	2
-31.6875	35.2413	-6.20968e-05	-0.000276247	2
-31.7021	36.2107	-0.00010176	-0.000260939	2
-31.7045	37.1753	-0.000142835	-0.000244697	2
-31.6947	38.135	-0.000185253	-0.00022756	2
-31.6724	39.0895	-0.000228943	-0.000209568	2
-31.6377	40.0386	-0.000273838	-0.000190759	2
-31.5904	40.9821	-0.000319866	-0.000171173	2
-31.5304	41.9197	-0.000366959	-0.00015085	2
-31.4577	42.8513	-0.000415047	-0.000129829	2
-31.3722	43.7767	-0.000464059	-0.000108149	2
-31.2737	44.6956	-0.000513927	-8.58496e-05	2
-31.1621	45.6079	-0.000564581	-6.29707e-05	2
-31.0374	46.5132	-0.000615952	-3.95515e-05	2
-30.8995	47.4115	-0.000667969	-1.56314e-05	2
-30.7482	48.3024	-0.000720563	8.75029e-06	2
-30.5835	49.1858	-0.000773665	3.3554e-05	2
-30.4075	50.0514	-0.000826587	5.84489e-05	2
-30.2158	50.9192	-0.000880491	8.39749e-05	2
-30.0105	51.7789	-0.000934695	0.000109805	2
-29.7913	52.6301	-0.000989128	0.0001359	2
-29.5582	53.4728	-0.00104372	0.000162221	2
-29.3112	54.3067	-0.00109841	0.000188727	2
-29.05	55.1315	-0.00115311	0.000215381	2
-28.7747	55.9471	-0.00120777	0.000242141	2
-28.4851	56.7533	-0.00126231	0.000268969	2
-28.1811	57.5498	-0.00131666	0.000295826	2
-27.8627	58.3364	-0.00137075	0.000322671	2
-27.5297	59.113	-0.00142452	0.000349466	2
-27.182	59.8793	-0.00147789	0.000376171	2
-26.8196	60.635	-0.0015308	0.000402747	2
-26.4423	61.3801	-0.00158316	0.000429154	2
-26.0501	62.1142	-0.00163493	0.000455353	2
-25.6429	62.8371	-0.00168602	0.000481304	2
-25.2205	63.5487	-0.00173636	0.000506969	2
-24.7829	64.2487	-0.00178589	0.000532306	2
-24.3299	64.937	-0.00183453	0.000557278	2
-23.8616	65.6132	-0.00188223	0.000581845	2
-23.3777	66.2772	-0.0019289	0.000605967	2
-22.8782	66.9288	-0.00197447	0.000629605	2
-22.363	67.5677	-0.00201889	0.00065272	2
-21.8382	68.1867	-0.00206158	0.000675016	2
-21.2915	68.7999	-0.00210348	0.000696972	2
-20.7288	69.3998	-0.00214401	0.000718287	2
-20.1501	69.9862	-0.00218309	0.000738921	2
-19.5551	70.5589	-0.00222067	0.000758835	2
-18.9439	71.1177	-0.00225667	0.00077799	2
-18.3163	71.6624	-0.00229102	0.000796346	2
-17.6722	72.1927	-0.00232365	0.000813863	2
-17.0116	72.7085	-0.0023545	0.000830502	2
-16.3344	73.2095	-0.00238349	0.000846224	2
-15.6403	73.6955	-0.00241055	0.00086099	2
-14.9295	74.1663	-0.00243561	0.000874759	2
-14.2017	74.6217	-0.00245861	0.000887493	2
-13.4568	75.0615	-0.00247947	0.000899152	2
-12.6949	75.4855	-0.00249812	0.000909696	2
-11.9157	75.8934	-0.00251451	0.000919087	2
-11.1191	76.285	-0.00252854	0.000927285	2
-10.3052	76.6602	-0.00254016	0.00093425	2
-9.47377	77.0187	-0.0025493	0.000939942	2
-8.62472	77.3603	-0.00255589	0.000944324	2
-7.75797	77.6848	-0.00255985	0.000947355	2
-6.87343	77.9919	-0.00256112	0.000948995	2
-5.97099	78.2815	-0.00255963	0.000949206	2
-5.06125	78.5504	-0.00255537	0.00094797	2
-4.12296	78.8045	-0.00254818	0.000945221	2
-3.16649	79.0404	-0.00253801	0.000940924	2
-2.19175	79.2579	-0.00252481	0.00093504	2

25.0005	2.01037	2.87921e-07	8.73331e-08	2
25.0272	2.9025	2.42425e-05	7.05483e-06	2
25.0206	3.80471	4.68683e-05	1.30263e-05	2
24.9812	4.70658	6.79007e-05	1.79377e-05	2
24.9106	5.59767	8.71478e-05	2.17738e-05	2
24.8082	6.49863	0.00010508	2.46471e-05	2
24.6754	7.39904	0.000121488	2.65304e-05	2
24.5131	8.29883	0.000136395	2.74471e-05	2
24.322	9.19793	0.000149824	2.74208e-05	2
24.103	10.0963	0.000161797	2.64747e-05	2
23.857	10.9938	0.000172339	2.46323e-05	2
23.5848	11.8904	0.000181473	2.19171e-05	2
23.2871	12.786	0.00018922	1.83524e-05	2
22.965	13.6806	0.000195606	1.39618e-05	2
22.6191	14.5741	0.000200652	8.76854e-06	2
22.2504	15.4665	0.000204382	2.79614e-06	2
21.8596	16.3576	0.000206819	-3.93198e-06	2
21.4476	17.2474	0.000207986	-1.13924e-05	2
21.0153	18.1358	0.000207906	-1.95617e-05	2
20.5635	19.0227	0.000206603	-2.84165e-05	2
20.0929	19.9082	0.000204099	-3.79333e-05	2
19.6046	20.7921	0.000200418	-4.80887e-05	2
19.0992	21.6743	0.000195583	-5.88593e-05	2
18.5776	22.5548	0.000189616	-7.02217e-05	2
18.0407	23.4335	0.000182542	-8.21524e-05	2
17.4893	24.3104	0.000174383	-9.4628e-05	2
16.9309	25.1753	0.000165275	-0.000107473	2
16.3531	26.0483	0.000155027	-0.000120962	2
15.7634	26.9192	0.000143765	-0.000134927	2
15.1625	27.788	0.000131509	-0.000149343	2
14.5512	28.6546	0.000118284	-0.000164187	2
13.9305	29.5189	0.000104113	-0.000179436	2
13.3011	30.3809	8.90195e-05	-0.000195065	2
12.664	31.2405	7.30255e-05	-0.000211053	2
12.0198	32.0976	5.61547e-05	-0.000227375	2
11.3695	32.9522	3.84303e-05	-0.000244008	2
10.7139	33.8042	1.98753e-05	-0.000260928	2
10.0538	34.6535	5.12956e-07	-0.000278113	2
9.39011	35.5001	-1.96337e-05	-0.000295538	2
8.72361	36.3438	-4.05414e-05	-0.000313181	2
8.05515	37.1847	-6.21872e-05	-0.000331017	2
7.38557	38.0226	-8.45478e-05	-0.000349024	2
6.71571	38.8575	-0.0001076	-0.000367177	2
6.0464	39.6893	-0.000131321	-0.000385454	2
5.37848	40.518	-0.000155687	-0.000403832	2
4.71278	41.3435	-0.000180676	-0.000422286	2
4.05016	42.1656	-0.000206264	-0.000440793	2
3.39143	42.9844	-0.000232428	-0.00045933	2
2.73744	43.7998	-0.000259144	-0.000477873	2
2.09644	44.6023	-0.000286075	-0.000496187	2
1.45435	45.4107	-0.000313822	-0.000514674	2
0.819509	46.2154	-0.000342053	-0.000533097	2
0.192739	47.0164	-0.000370745	-0.000551433	2
-0.42512	47.8137	-0.000399874	-0.000569659	2
-1.03323	48.6071	-0.000429418	-0.00058775	2
-1.63075	49.3966	-0.000459353	-0.000605685	2
-2.21686	50.1821	-0.000489655	-0.000623439	2
-2.7907	50.9636	-0.000520303	-0.000640988	2
-3.35145	51.741	-0.000551273	-0.000658311	2
-3.89826	52.5142	-0.000582541	-0.000675382	2
-4.4303	53.2832	-0.000614085	-0.000692178	2
-4.94674	54.0478	-0.000645881	-0.000708677	2
-5.44674	54.8081	-0.000677906	-0.000724855	2
-5.92945	55.5639	-0.000710138	-0.000740688	2
-6.39405	56.3152	-0.000742552	-0.000756153	2
-6.83969	57.0618	-0.000775127	-0.000771226	2
-7.26554	57.8039	-0.000807838	-0.000785884	2
-7.67077	58.5412	-0.000840662	-0.000800104	2
-8.05453	59.2737	-0.000873578	-0.000813863	2
-8.41599	60.0014	-0.00090656	-0.000827136	2
-8.75431	60.7241	-0.000939586	-0.0008399	2
-9.06866	61.4418	-0.000972634	-0.000852132	2
-9.35819	62.1544	-0.00100568	-0.000863809	2
-9.6192	62.8539	-0.00103832	-0.000874783	2
-9.85691	63.5562	-0.00107129	-0.000885285	2
-10.0673	64.2533	-0.00110419	-0.000895162	2
-10.2496	64.9451	-0.001137	-0.00090439	2
-10.4028	65.6314	-0.00116969	-0.000912946	2
-10.5263	66.3123	-0.00120224	-0.000920806	2
-10.619	66.9876	-0.00123462	-0.000927947	2
-10.6803	67.6573	-0.00126682	-0.000934345	2
-10.7093	68.3214	-0.00129881	-0.000939977	2
-10.705	68.9796	-0.00133056	-0.00094482	2
-10.6668	69.6321	-0.00136206	-0.00094885	2
-10.5938	70.2787	-0.00139328	-0.000952043	2
-10.485	70.9193	-0.0014242	-0.000954377	2
-10.3397	71.5538	-0.00145479	-0.000955827	2
-10.1571	72.1823	-0.00148503	-0.000956371	2
-9.93629	72.8047	-0.0015149	-0.000955985	2
-9.67644	73.4208	-0.00154437	-0.000954645	2
-9.37674	74.0306	-0.00157343	-0.000952329	2
-9.03633	74.634	-0.00160204	-0.000949012	2
-8.65438	75.231	-0.00163019	-0.000944672	2
-8.23005	75.8215	-0.00165785	-0.000939284	2
-7.76252	76.4054	-0.00168501	-0.000932826	2
-7.25093	76.9827	-0.00171162	-0.000925274	2
-6.70111	77.5467	-0.00173739	-0.000916711	2
-6.09945	78.1106	-0.00176287	-0.000906913	2
-5.45124	78.6676	-0.00178776	-0.000895952	2
-4.75563	79.2177	-0.00181201	-0.000883804	2

74.9989	2.01127	-2.8559e-07	-3.19234e-08	2
74.8944	2.97292	-2.44036e-05	-2.97683e-06	2
74.7621	3.93021	-4.79281e-05	-6.35624e-06	2
74.6034	4.87214	-7.0599e-05	-1.01367e-05	2
74.4211	5.78843	-9.2195e-05	-1.42662e-05	2
74.2117	6.70068	-0.000113244	-1.88394e-05	2
73.9775	7.59841	-0.000133514	-2.38089e-05	2
73.7191	8.48191	-0.000153032	-2.91732e-05	2
73.4371	9.35146	-0.000171822	-3.49307e-05	2
73.1319	10.2074	-0.00018991	-4.10797e-05	2
72.8041	11.0499	-0.000207322	-4.76189e-05	2
72.4542	11.8793	-0.000224082	-5.45465e-05	2
72.0828	12.6958	-0.000240215	-6.1861e-05	2
71.6904	13.4999	-0.000255748	-6.95608e-05	2
71.2775	14.2917	-0.000270706	-7.76444e-05	2
70.8446	15.0715	-0.000285113	-8.61102e-05	2
70.3923	15.8396	-0.000298995	-9.49566e-05	2
69.9211	16.5963	-0.000312378	-0.000104182	2
69.4315	17.3419	-0.000325287	-0.000113785	2
68.9241	18.0766	-0.000337746	-0.000123764	2
68.3993	18.8008	-0.000349782	-0.000134117	2
67.8578	19.5147	-0.00036142	-0.000144843	2
67.3001	20.2186	-0.000372685	-0.00015594	2
66.7266	20.9127	-0.000383602	-0.000167407	2
66.138	21.5974	-0.000394197	-0.000179242	2
65.5347	22.273	-0.000404494	-0.000191443	2
64.9244	22.9321	-0.000414406	-0.000203863	2
64.2935	23.5903	-0.000424189	-0.000216789	2
63.6496	24.2401	-0.00043375	-0.000230076	2
62.9931	24.882	-0.000443114	-0.000243724	2
62.3246	25.5161	-0.000452308	-0.00025773	2
61.6446	26.1427	-0.000461357	-0.000272093	2
60.9536	26.7621	-0.000470285	-0.000286812	2
60.2522	27.3746	-0.000479119	-0.000301885	2
59.541	27.9805	-0.000487883	-0.00031731	2
58.8203	28.5801	-0.000496603	-0.000333086	2
58.0909	29.1736	-0.000505305	-0.000349211	2
57.3531	29.7613	-0.000514012	-0.000365684	2
56.6076	30.3435	-0.000522752	-0.000382503	2
55.8548	30.9205	-0.000531548	-0.000399667	2
55.0953	31.4926	-0.000540427	-0.000417173	2
54.3296	32.06	-0.000549414	-0.000435021	2
53.5583	32.6231	-0.000558534	-0.000453209	2
52.7818	33.182	-0.000567812	-0.000471735	2
52.0008	33.7372	-0.000577273	-0.000490597	2
51.2157	34.2888	-0.000586944	-0.000509795	2
50.427	34.8372	-0.000596849	-0.000529327	2
49.6354	35.3826	-0.000607014	-0.00054919	2
48.8413	35.9253	-0.000617464	-0.000569384	2
48.0544	36.4595	-0.000628098	-0.000589668	2
47.2569	36.9977	-0.000639189	-0.000610514	2
46.4585	37.5341	-0.000650641	-0.000631686	2
45.6598	38.069	-0.000662479	-0.000653182	2
44.8613	38.6026	-0.000674729	-0.000675	2
44.0635	39.1352	-0.000687414	-0.00069714	2
43.2669	39.667	-0.000700562	-0.000719599	2
42.472	40.1985	-0.000714197	-0.000742376	2
41.6795	40.7298	-0.000728344	-0.000765469	2
40.8897	41.2612	-0.000743029	-0.000788877	2
40.1033	41.7931	-0.000758278	-0.000812597	2
39.3208	42.3256	-0.000774114	-0.00083663	2
38.5427	42.8592	-0.000790565	-0.000860973	2
37.7696	43.394	-0.000807654	-0.000885624	2
37.0019	43.9303	-0.000825408	-0.000910581	2
36.2402	44.4685	-0.000843852	-0.000935845	2
35.4851	45.0087	-0.000863011	-0.000961411	2
34.737	45.5514	-0.00088291	-0.00098728	2
33.9965	46.0967	-0.000903574	-0.00101345	2
33.2642	46.645	-0.00092503	-0.00103992	2
32.5404	47.1965	-0.000947302	-0.00106668	2
31.8259	47.7515	-0.000970416	-0.00109375	2
31.1211	48.3104	-0.000994396	-0.0011211	2
30.4265	48.8733	-0.00101927	-0.00114875	2
29.7505	49.434	-0.00104476	-0.00117637	2
29.0778	50.0058	-0.00107148	-0.0012046	2
28.417	50.5826	-0.00109917	-0.00123311	2
27.7686	51.1646	-0.00112785	-0.00126191	2
27.133	51.7521	-0.00115755	-0.001291	2
26.5108	52.3453	-0.0011883	-0.00132037	2
25.9026	52.9446	-0.00122012	-0.00135002	2
25.3089	53.5502	-0.00125302	-0.00137995	2
24.7302	54.1624	-0.00128705	-0.00141016	2
24.167	54.7815	-0.00132223	-0.00144065	2
23.6198	55.4078	-0.00135857	-0.00147141	2
23.0893	56.0416	-0.00139611	-0.00150245	2
22.5759	56.6831	-0.00143487	-0.00153375	2
22.0801	57.3326	-0.00147488	-0.00156533	2
21.6026	57.9904	-0.00151616	-0.00159718	2
21.1437	58.6568	-0.00155874	-0.0016293	2
20.7041	59.332	-0.00160264	-0.00166168	2
20.2843	60.0164	-0.00164788	-0.00169433	2
19.8848	60.7103	-0.0016945	-0.00172724	2
19.5061	61.4138	-0.00174252	-0.00176041	2
19.1488	62.1274	-0.00179196	-0.00179384	2
18.8133	62.8512	-0.00184285	-0.00182753	2
18.5004	63.5856	-0.00189522	-0.00186148	2
18.2135	64.3221	-0.00194845	-0.00189528	2
17.9467	65.0784	-0.00200382	-0.00192973	2
17.7039	65.846	-0.00206075	-0.00196444	2
17.4856	66.6252	-0.00211924	-0.00199939	2

124.999	2.01165	5.88291e-08	-4.44809e-07	2
124.94	3.00924	6.57318e-06	-3.73271e-05	2
124.863	4.01019	1.60597e-05	-7.19113e-05	2
124.768	5.00298	2.84134e-05	-0.0001038	2
124.658	5.97648	4.33978e-05	-0.000132719	2
124.529	6.95345	6.13157e-05	-0.000159389	2
124.384	7.92266	8.19629e-05	-0.000183505	2
124.222	8.88424	0.000105293	-0.000205114	2
124.045	9.83831	0.00013126	-0.000224265	2
123.852	10.785	0.000159818	-0.000241004	2
123.643	11.7245	0.000190921	-0.000255379	2
123.419	12.6568	0.000224522	-0.000267438	2
123.181	13.5822	0.000260575	-0.000277228	2
122.928	14.5008	0.000299034	-0.000284796	2
122.66	15.4126	0.000339853	-0.00029019	2
122.379	16.3178	0.000382986	-0.000293457	2
122.084	17.2166	0.000428387	-0.000294645	2
121.776	18.1091	0.000476009	-0.0002938	2
121.455	18.9954	0.000525807	-0.000290972	2
121.121	19.8756	0.000577733	-0.000286206	2
120.774	20.7499	0.000631743	-0.000279551	2
120.415	21.6184	0.000687789	-0.000271054	2
120.044	22.4812	0.000745826	-0.000260762	2
119.662	23.3385	0.000805808	-0.000248723	2
119.268	24.1904	0.000867688	-0.000234984	2
118.864	25.037	0.00093142	-0.000219593	2
118.453	25.8689	0.000996195	-0.000202801	2
118.027	26.7054	0.00106347	-0.000184266	2
117.592	27.5371	0.00113247	-0.000164219	2
117.146	28.364	0.00120313	-0.00014271	2
116.69	29.1862	0.00127541	-0.000119784	2
116.226	30.004	0.00134927	-9.5491e-05	2
115.752	30.8175	0.00142465	-6.98767e-05	2
115.27	31.6267	0.00150153	-4.29892e-05	2
114.779	32.4318	0.00157983	-1.48758e-05	2
114.28	33.233	0.00165953	1.44161e-05	2
113.774	34.0303	0.00174058	4.4839e-05	2
113.26	34.824	0.00182292	7.63455e-05	2
112.738	35.614	0.00190652	0.000108888	2
112.21	36.4007	0.00199132	0.000142419	2
111.675	37.184	0.00207728	0.000176892	2
111.134	37.9641	0.00216436	0.000212258	2
110.586	38.7412	0.00225251	0.000248471	2
110.033	39.5154	0.00234167	0.000285482	2
109.474	40.2868	0.00243181	0.000323246	2
108.911	41.0556	0.00252289	0.000361713	2
108.342	41.8218	0.00261484	0.000400836	2
107.768	42.5857	0.00270764	0.000440569	2
107.191	43.3473	0.00280122	0.000480864	2
106.616	44.098	0.00289446	0.000521201	2
106.03	44.8555	0.00298948	0.000562471	2
105.442	45.6111	0.00308515	0.000604162	2
104.85	46.365	0.00318143	0.000646224	2
104.255	47.1173	0.00327827	0.000688612	2
103.657	47.8681	0.00337563	0.000731278	2
103.058	48.6176	0.00347345	0.000774174	2
102.456	49.3659	0.0035717	0.000817252	2
101.853	50.1131	0.00367032	0.000860466	2
101.248	50.8593	0.00376927	0.000903767	2
100.642	51.6047	0.00386851	0.000947109	2
100.035	52.3495	0.00396798	0.000990444	2
99.4281	53.0937	0.00406765	0.00103372	2
98.8207	53.8374	0.00416746	0.0010769	2
98.2133	54.5809	0.00426737	0.00111993	2
97.6063	55.3242	0.00436733	0.00116276	2
97	56.0675	0.0044673	0.00120535	2
96.3945	56.8109	0.00456723	0.00124765	2
95.7904	57.5545	0.00466707	0.0012896	2
95.1877	58.2985	0.00476679	0.00133117	2
94.5868	59.0429	0.00486632	0.00137231	2
93.9881	59.788	0.00496563	0.00141297	2
93.3917	60.5339	0.00506467	0.00145309	2
92.7981	61.2806	0.0051634	0.00149264	2
92.2142	62.0198	0.00526063	0.00153112	2
91.6267	62.7687	0.00535859	0.00156939	2
91.0428	63.5189	0.0054561	0.00160693	2
90.4628	64.2705	0.0055531	0.00164371	2
89.8869	65.0236	0.00564956	0.00167967	2
89.3155	65.7784	0.00574542	0.00171478	2
88.7488	66.535	0.00584065	0.00174898	2
88.1871	67.2935	0.00593519	0.00178222	2
87.6308	68.0542	0.006029	0.00181446	2
87.08	68.817	0.00612204	0.00184565	2
86.5351	69.5821	0.00621425	0.00187574	2
85.9965	70.3497	0.00630559	0.00190468	2
85.4643	71.1199	0.00639601	0.00193244	2
84.9389	71.8928	0.00648547	0.00195895	2
84.4205	72.6686	0.00657393	0.00198418	2
83.9095	73.4473	0.00666133	0.00200807	2
83.4062	74.2292	0.00674763	0.00203057	2
82.9108	75.0143	0.00683278	0.00205165	2
82.4237	75.8028	0.00691674	0.00207126	2
81.945	76.5948	0.00699946	0.00208933	2
81.4752	77.3904	0.0070809	0.00210584	2
81.0145	78.1898	0.007161	0.00212072	2
80.5632	78.9932	0.00723973	0.00213394	2
80.1267	79.7912	0.00731615	0.00214532	2
79.6949	80.6027	0.007392	0.00215508	2
79.2735	81.4184	0.00746634	0.00216304	2
78.8626	82.2386	0.00753911	0.00216914	2

