-125.001	2.01019	5.25876e-07	3.85632e-08	2
-125.129	2.8883	4.41695e-05	3.00645e-06	2
-125.281	3.77953	8.51716e-05	5.31986e-06	2
-125.455	4.67353	0.000123056	6.95861e-06	2
-125.65	5.55985	0.000157488	7.93342e-06	2
-125.868	6.45895	0.000189319	8.28516e-06	2
-126.107	7.3604	0.00021818	8.01712e-06	2
-126.365	8.26405	0.00024412	7.14767e-06	2
-126.643	9.16976	0.000267188	5.69517e-06	2
-126.94	10.0774	0.000287435	3.67799e-06	2
-127.255	10.9868	0.000304909	1.1145e-06	2
-127.587	11.8978	0.00031966	-1.97693e-06	2
-127.936	12.8103	0.000331737	-5.57794e-06	2
-128.3	13.7242	0.00034119	-9.67016e-06	2
-128.68	14.6392	0.000348069	-1.42352e-05	2
-129.075	15.5553	0.000352422	-1.92548e-05	2
-129.483	16.4723	0.000354299	-2.47104e-05	2
-129.905	17.3901	0.000353749	-3.05838e-05	2
-130.339	18.3085	0.000350823	-3.68566e-05	2
-130.785	19.2274	0.000345569	-4.35104e-05	2
-131.242	20.1466	0.000338037	-5.05268e-05	2
-131.71	21.066	0.000328276	-5.78875e-05	2
-132.188	21.9854	0.000316335	-6.55741e-05	2
-132.675	22.9047	0.000302265	-7.35682e-05	2
-133.17	23.8238	0.000286114	-8.18515e-05	2
-133.673	24.7425	0.000267933	-9.04057e-05	2
-134.177	25.6501	0.000248012	-9.91096e-05	2
-134.694	26.5676	0.000225939	-0.000108148	2
-135.216	27.4843	0.000201982	-0.000117402	2
-135.743	28.4	0.000176191	-0.000126853	2
-136.275	29.3146	0.000148616	-0.000136484	2
-136.811	30.228	0.000119306	-0.000146275	2
-137.349	31.14	8.83104e-05	-0.000156209	2
-137.89	32.0504	5.56787e-05	-0.000166267	2
-138.433	32.9591	2.14602e-05	-0.000176431	2
-138.977	33.8661	-1.42955e-05	-0.000186682	2
-139.521	34.771	-5.15391e-05	-0.000197002	2
-140.064	35.6739	-9.02211e-05	-0.000207373	2
-140.607	36.5744	-0.000130292	-0.000217776	2
-141.148	37.4726	-0.000171702	-0.000228193	2
-141.686	38.3682	-0.000214403	-0.000238605	2
-142.222	39.2612	-0.000258344	-0.000248995	2
-142.753	40.1513	-0.000303477	-0.000259343	2
-143.281	41.0384	-0.000349751	-0.000269632	2
-143.803	41.9224	-0.000397118	-0.000279843	2
-144.319	42.8032	-0.000445527	-0.000289957	2
-144.829	43.6805	-0.00049493	-0.000299957	2
-145.332	44.5543	-0.000545278	-0.000309823	2
-145.827	45.4244	-0.000596519	-0.000319539	2
-146.307	46.2807	-0.000648003	-0.000328976	2
-146.785	47.143	-0.000700877	-0.000338335	2
-147.252	48.0011	-0.000754498	-0.000347488	2
-147.709	48.855	-0.000808816	-0.000356417	2
-148.155	49.7045	-0.000863783	-0.000365103	2
-148.589	50.5494	-0.000919348	-0.000373527	2
-149.01	51.3896	-0.000975462	-0.000381671	2
-149.418	52.225	-0.00103208	-0.000389517	2
-149.812	53.0554	-0.00108914	-0.000397047	2
-150.191	53.8806	-0.00114661	-0.000404242	2
-150.556	54.7006	-0.00120442	-0.000411084	2
-150.904	55.5151	-0.00126254	-0.000417554	2
-151.235	56.3241	-0.00132091	-0.000423634	2
-151.549	57.1274	-0.00137949	-0.000429305	2
-151.846	57.9247	-0.00143821	-0.00043455	2
-152.123	58.7161	-0.00149705	-0.00043935	2
-152.381	59.5014	-0.00155593	-0.000443686	2
-152.619	60.2804	-0.00161483	-0.000447541	2
-152.837	61.0529	-0.00167368	-0.000450895	2
-153.033	61.8189	-0.00173243	-0.000453731	2
-153.206	62.5781	-0.00179104	-0.00045603	2
-153.357	63.3305	-0.00184946	-0.000457774	2
-153.485	64.0758	-0.00190764	-0.000458944	2
-153.588	64.8141	-0.00196553	-0.000459522	2
-153.666	65.5366	-0.00202242	-0.000459494	2
-153.72	66.2602	-0.00207958	-0.00045884	2
-153.747	66.9762	-0.0021363	-0.000457539	2
-153.748	67.6844	-0.00219253	-0.000455573	2
-153.721	68.3848	-0.00224823	-0.000452923	2
-153.665	69.0772	-0.00230334	-0.000449572	2
-153.581	69.7614	-0.00235781	-0.0004455	2
-153.468	70.4373	-0.0024116	-0.000440689	2
-153.324	71.1048	-0.00246465	-0.000435121	2
-153.149	71.7636	-0.00251691	-0.000428778	2
-152.942	72.4138	-0.00256835	-0.000421641	2
-152.704	73.055	-0.00261889	-0.000413692	2
-152.432	73.6873	-0.00266851	-0.000404912	2
-152.127	74.3103	-0.00271714	-0.000395283	2
-151.787	74.9241	-0.00276474	-0.000384787	2
-151.412	75.5284	-0.00281126	-0.000373405	2
-151.002	76.1231	-0.00285665	-0.000361119	2
-150.556	76.7081	-0.00290085	-0.000347911	2
-150.072	77.2832	-0.00294383	-0.000333761	2
-149.55	77.8482	-0.00298553	-0.000318653	2
-148.991	78.4031	-0.0030259	-0.000302567	2
-148.392	78.9477	-0.00306489	-0.000285486	2
-147.753	79.4818	-0.00310245	-0.00026739	2
-147.082	79.9993	-0.00313813	-0.000248487	2
-146.363	80.5122	-0.00317271	-0.00022832	2
-145.601	81.0141	-0.00320571	-0.000207084	2
-144.797	81.5051	-0.00323709	-0.00018476	2

-75.0007	2.01184	3.52696e-08	-1.6864e-07	2
-75.0757	3.02257	3.21737e-06	-1.46285e-05	2
-75.1802	4.02953	6.72165e-06	-2.91699e-05	2
-75.3131	5.02117	1.04911e-05	-4.36241e-05	2
-75.4716	5.98665	1.44567e-05	-5.78265e-05	2
-75.6588	6.94869	1.8689e-05	-7.21075e-05	2
-75.8724	7.89628	2.31217e-05	-8.63013e-05	2
-76.1119	8.82972	2.7733e-05	-0.000100408	2
-76.3765	9.74929	3.25013e-05	-0.000114428	2
-76.6656	10.6553	3.74048e-05	-0.000128361	2
-76.9787	11.548	4.24218e-05	-0.000142206	2
-77.3151	12.4277	4.75307e-05	-0.000155965	2
-77.6742	13.2947	5.27096e-05	-0.000169637	2
-78.0554	14.1493	5.7937e-05	-0.000183222	2
-78.458	14.9918	6.31911e-05	-0.00019672	2
-78.8814	15.8225	6.84502e-05	-0.000210132	2
-79.3251	16.6416	7.36926e-05	-0.000223456	2
-79.7883	17.4495	7.88966e-05	-0.000236694	2
-80.2705	18.2464	8.40405e-05	-0.000249844	2
-80.771	19.0327	8.91026e-05	-0.000262908	2
-81.2893	19.8086	9.40612e-05	-0.000275886	2
-81.8246	20.5745	9.88946e-05	-0.000288776	2
-82.3764	21.3305	0.000103581	-0.00030158	2
-82.9441	22.077	0.000108099	-0.000314298	2
-83.527	22.8144	0.000112426	-0.000326928	2
-84.1246	23.5428	0.000116542	-0.000339472	2
-84.729	24.2544	0.000120381	-0.000351787	2
-85.3537	24.966	0.00012401	-0.000364159	2
-85.9912	25.6695	0.000127362	-0.000376445	2
-86.6409	26.3653	0.000130416	-0.000388643	2
-87.302	27.0536	0.00013315	-0.000400756	2
-87.9741	27.7348	0.000135542	-0.000412782	2
-88.6564	28.4091	0.000137569	-0.000424721	2
-89.3484	29.0768	0.000139212	-0.000436574	2
-90.0494	29.7382	0.000140447	-0.000448341	2
-90.7588	30.3936	0.000141254	-0.000460022	2
-91.476	31.0433	0.00014161	-0.000471616	2
-92.2003	31.6875	0.000141494	-0.000483123	2
-92.9313	32.3267	0.000140884	-0.000494545	2
-93.6681	32.961	0.000139758	-0.00050588	2
-94.4102	33.5908	0.000138095	-0.000517129	2
-95.157	34.2163	0.000135873	-0.000528292	2
-95.9079	34.8379	0.00013307	-0.000539369	2
-96.6622	35.4557	0.000129665	-0.000550359	2
-97.4194	36.0703	0.000125636	-0.000561263	2
-98.1787	36.6817	0.000120961	-0.000572082	2
-98.9396	37.2903	0.000115618	-0.000582814	2
-99.7014	37.8964	0.000109586	-0.00059346	2
-100.464	38.5003	0.000102843	-0.00060402	2
-101.217	39.0954	9.54573e-05	-0.000614374	2
-101.978	39.6958	8.72361e-05	-0.000624763	2
-102.737	40.2948	7.8239e-05	-0.000635067	2
-103.495	40.8928	6.84445e-05	-0.000645284	2
-104.249	41.49	5.78307e-05	-0.000655415	2
-105	42.0868	4.6376e-05	-0.000665461	2
-105.748	42.6834	3.40586e-05	-0.00067542	2
-106.49	43.2801	2.08569e-05	-0.000685294	2
-107.227	43.8772	6.7492e-06	-0.000695082	2
-107.959	44.475	-8.28627e-06	-0.000704784	2
-108.684	45.0738	-2.42712e-05	-0.000714401	2
-109.402	45.6738	-4.12273e-05	-0.000723931	2
-110.112	46.2755	-5.91762e-05	-0.000733376	2
-110.813	46.879	-7.81397e-05	-0.000742736	2
-111.506	47.4847	-9.81394e-05	-0.00075201	2
-112.189	48.0928	-0.000119197	-0.000761198	2
-112.862	48.7036	-0.000141335	-0.0007703	2
-113.524	49.3175	-0.000164573	-0.000779317	2
-114.175	49.9347	-0.000188935	-0.000788248	2
-114.813	50.5555	-0.000214442	-0.000797094	2
-115.439	51.1802	-0.000241115	-0.000805855	2
-116.052	51.8092	-0.000268976	-0.00081453	2
-116.65	52.4426	-0.000298047	-0.000823119	2
-117.234	53.0807	-0.00032835	-0.000831623	2
-117.796	53.7166	-0.000359536	-0.000839945	2
-118.35	54.3651	-0.000392352	-0.00084828	2
-118.886	55.0193	-0.000426465	-0.000856529	2
-119.406	55.6794	-0.000461896	-0.000864692	2
-119.908	56.3458	-0.000498667	-0.00087277	2
-120.392	57.0187	-0.000536799	-0.000880764	2
-120.857	57.6984	-0.000576315	-0.000888671	2
-121.302	58.3852	-0.000617235	-0.000896494	2
-121.727	59.0794	-0.000659583	-0.000904231	2
-122.131	59.7813	-0.000703378	-0.000911883	2
-122.514	60.4912	-0.000748644	-0.00091945	2
-122.875	61.2093	-0.000795401	-0.000926932	2
-123.213	61.9361	-0.000843672	-0.000934329	2
-123.528	62.6716	-0.000893479	-0.000941641	2
-123.82	63.4163	-0.000944842	-0.000948868	2
-124.086	64.1705	-0.000997783	-0.000956009	2
-124.328	64.9344	-0.00105233	-0.000963066	2
-124.544	65.7083	-0.00110849	-0.000970038	2
-124.733	66.4925	-0.0011663	-0.000976925	2
-124.895	67.2873	-0.00122577	-0.000983727	2
-125.03	68.093	-0.00128693	-0.000990444	2
-125.137	68.9099	-0.0013498	-0.000997076	2
-125.215	69.7383	-0.0014144	-0.00100362	2
-125.262	70.5687	-0.00147998	-0.00101001	2
-125.281	71.4208	-0.00154808	-0.00101639	2
-125.269	72.2852	-0.00161798	-0.00102268	2
-125.225	73.1623	-0.0016897	-0.00102889	2

-25.0023	2.01344	6.28761e-07	-3.29782e-07	2
-25.2091	3.15953	5.46641e-05	-2.7484e-05	2
-25.4412	4.29948	0.000109248	-5.2553e-05	2
-25.696	5.42016	0.000163747	-7.52483e-05	2
-25.9696	6.50934	0.000217532	-9.53901e-05	2
-26.2681	7.59269	0.000271849	-0.000113487	2
-26.5881	8.65774	0.000326067	-0.000129334	2
-26.9291	9.70484	0.000380181	-0.000142971	2
-27.2908	10.7343	0.000434188	-0.00015444	2
-27.6727	11.7464	0.000488082	-0.000163781	2
-28.0745	12.7416	0.000541858	-0.000171036	2
-28.4959	13.7201	0.000595512	-0.000176247	2
-28.9363	14.6823	0.00064904	-0.000179453	2
-29.3955	15.6285	0.000702437	-0.000180697	2
-29.873	16.559	0.000755697	-0.00018002	2
-30.3684	17.4741	0.000808817	-0.000177462	2
-30.8814	18.3742	0.000861791	-0.000173066	2
-31.4115	19.2596	0.000914616	-0.000166871	2
-31.9584	20.1306	0.000967286	-0.00015892	2
-32.5217	20.9876	0.0010198	-0.000149253	2
-33.101	21.8309	0.00107214	-0.000137911	2
-33.6959	22.6608	0.00112432	-0.000124937	2
-34.306	23.4776	0.00117633	-0.00011037	2
-34.931	24.2816	0.00122815	-9.42522e-05	2
-35.5704	25.0733	0.0012798	-7.66248e-05	2
-36.2238	25.8528	0.00133125	-5.75287e-05	2
-36.8831	26.6118	0.00138193	-3.72491e-05	2
-37.5633	27.3683	0.001433	-1.53551e-05	2
-38.2564	28.1137	0.00148387	7.88456e-06	2
-38.962	28.8482	0.00153454	3.24286e-05	2
-39.6797	29.5723	0.00158499	5.82359e-05	2
-40.4091	30.2863	0.00163523	8.52652e-05	2
-41.1498	30.9904	0.00168525	0.000113475	2
-41.9015	31.6851	0.00173504	0.000142825	2
-42.6638	32.3706	0.00178461	0.000173274	2
-43.4361	33.0473	0.00183394	0.00020478	2
-44.2183	33.7154	0.00188303	0.000237302	2
-45.0098	34.3754	0.00193188	0.0002708	2
-45.8104	35.0276	0.00198048	0.000305231	2
-46.6195	35.6721	0.00202883	0.000340555	2
-47.4369	36.3095	0.00207693	0.000376731	2
-48.2621	36.9401	0.00212476	0.000413717	2
-49.0947	37.564	0.00217232	0.000451472	2
-49.9343	38.1818	0.00221962	0.000489955	2
-50.7807	38.7936	0.00226664	0.000529126	2
-51.6333	39.3999	0.00231337	0.000568942	2
-52.4917	40.0009	0.00235983	0.000609362	2
-53.3557	40.597	0.00240599	0.000650346	2
-54.2248	41.1885	0.00245186	0.000691853	2
-55.0885	41.769	0.00249691	0.000733355	2
-55.9665	42.3524	0.00254218	0.000775777	2
-56.8485	42.9321	0.00258714	0.000818599	2
-57.7341	43.5086	0.00263179	0.000861779	2
-58.6228	44.082	0.00267612	0.000905276	2
-59.5143	44.6529	0.00272013	0.000949048	2
-60.4081	45.2214	0.00276381	0.000993056	2
-61.304	45.7879	0.00280716	0.00103726	2
-62.2014	46.3528	0.00285018	0.00108161	2
-63.1001	46.9163	0.00289285	0.00112607	2
-63.9996	47.4788	0.00293518	0.00117061	2
-64.8995	48.0406	0.00297716	0.00121517	2
-65.7995	48.6021	0.00301878	0.00125972	2
-66.6991	49.1636	0.00306004	0.00130422	2
-67.598	49.7253	0.00310094	0.00134862	2
-68.4958	50.2877	0.00314147	0.00139288	2
-69.3921	50.851	0.00318163	0.00143697	2
-70.2864	51.4155	0.00322141	0.00148084	2
-71.1785	51.9817	0.00326081	0.00152445	2
-72.0679	52.5498	0.00329982	0.00156776	2
-72.9543	53.1202	0.00333844	0.00161073	2
-73.8372	53.6931	0.00337666	0.00165332	2
-74.7162	54.269	0.00341448	0.00169548	2
-75.591	54.848	0.00345189	0.00173718	2
-76.4512	55.4239	0.00348847	0.0017779	2
-77.3165	56.0104	0.00352506	0.00181855	2
-78.1763	56.6011	0.00356123	0.00185861	2
-79.0303	57.1963	0.00359698	0.00189804	2
-79.8782	57.7963	0.0036323	0.0019368	2
-80.7195	58.4016	0.00366718	0.00197485	2
-81.5539	59.0123	0.00370163	0.00201214	2
-82.3809	59.6289	0.00373563	0.00204865	2
-83.2002	60.2516	0.00376919	0.00208431	2
-84.0113	60.8809	0.00380229	0.0021191	2
-84.814	61.5169	0.00383493	0.00215298	2
-85.6077	62.1601	0.00386712	0.00218589	2
-86.3922	62.8108	0.00389883	0.00221781	2
-87.1669	63.4692	0.00393008	0.00224868	2
-87.9317	64.1358	0.00396085	0.00227847	2
-88.6859	64.8108	0.00399114	0.00230714	2
-89.4293	65.4946	0.00402094	0.00233464	2
-90.1615	66.1874	0.00405026	0.00236094	2
-90.8821	66.8897	0.00407908	0.00238599	2
-91.5906	67.6018	0.0041074	0.00240975	2
-92.2867	68.3239	0.00413521	0.00243218	2
-92.9701	69.0564	0.00416252	0.00245324	2
-93.6402	69.7997	0.00418932	0.0024729	2
-94.2894	70.5453	0.0042153	0.00249089	2
-94.9322	71.3108	0.00424106	0.00250761	2
-95.5606	72.0881	0.00426629	0.0025228	2
-96.1744	72.8774	0.00429099	0.00253641	2

24.9965	2.01273	7.41806e-07	7.68125e-08	2
24.705	3.10566	6.432e-05	6.16562e-06	2
24.4264	4.20672	0.000128205	1.12899e-05	2
24.1639	5.30323	0.000191662	1.538e-05	2
23.9202	6.38269	0.000253975	1.84138e-05	2
23.6893	7.47027	0.000316599	2.0469e-05	2
23.474	8.55341	0.000378816	2.15117e-05	2
23.2743	9.63217	0.00044063	2.1549e-05	2
23.0898	10.7066	0.000502049	2.05883e-05	2
22.9204	11.7767	0.00056308	1.86366e-05	2
22.766	12.8425	0.000623729	1.57014e-05	2
22.6264	13.9041	0.000684003	1.17897e-05	2
22.5013	14.9615	0.000743908	6.90879e-06	2
22.3907	16.0148	0.000803451	1.06594e-06	2
22.2943	17.064	0.000862639	-5.73165e-06	2
22.212	18.1092	0.000921478	-1.34768e-05	2
22.1437	19.1503	0.000979975	-2.21622e-05	2
22.089	20.1874	0.00103814	-3.17806e-05	2
22.0479	21.2206	0.00109597	-4.23249e-05	2
22.0202	22.2499	0.00115348	-5.37879e-05	2
22.0057	23.2754	0.00121068	-6.61622e-05	2
22.0042	24.2971	0.00126756	-7.94407e-05	2
22.0156	25.315	0.00132415	-9.36161e-05	2
22.0397	26.3291	0.00138044	-0.000108681	2
22.0763	27.3396	0.00143644	-0.000124629	2
22.1253	28.3464	0.00149215	-0.000141452	2
22.1856	29.3381	0.00154696	-0.000158935	2
22.2586	30.3379	0.00160214	-0.000177476	2
22.3434	31.334	0.00165705	-0.000196872	2
22.4399	32.3268	0.00171171	-0.000217114	2
22.5478	33.316	0.00176612	-0.000238195	2
22.6671	34.3019	0.00182028	-0.000260109	2
22.7975	35.2844	0.00187422	-0.000282847	2
22.9388	36.2637	0.00192792	-0.000306402	2
23.0909	37.2396	0.0019814	-0.000330768	2
23.2537	38.2123	0.00203466	-0.000355937	2
23.4269	39.1818	0.00208771	-0.000381902	2
23.6103	40.1482	0.00214057	-0.000408656	2
23.8039	41.1115	0.00219322	-0.00043619	2
24.0073	42.0717	0.00224569	-0.0004645	2
24.2205	43.0289	0.00229797	-0.000493576	2
24.4433	43.9831	0.00235008	-0.000523412	2
24.6755	44.9344	0.00240202	-0.000554	2
24.9169	45.8827	0.00245379	-0.000585334	2
25.1674	46.8282	0.00250541	-0.000617405	2
25.4267	47.7709	0.00255688	-0.000650208	2
25.6948	48.7109	0.00260821	-0.000683734	2
25.9714	49.648	0.0026594	-0.000717977	2
26.2563	50.5825	0.00271046	-0.000752929	2
26.546	51.5037	0.00276081	-0.000788169	2
26.8471	52.433	0.00281164	-0.000824509	2
27.156	53.3597	0.00286235	-0.000861537	2
27.4725	54.2838	0.00291296	-0.000899246	2
27.7966	55.2055	0.00296348	-0.000937627	2
28.128	56.1248	0.0030139	-0.000976675	2
28.4665	57.0416	0.00306424	-0.00101638	2
28.812	57.9561	0.00311451	-0.00105674	2
29.1643	58.8683	0.00316471	-0.00109774	2
29.5232	59.7782	0.00321484	-0.00113938	2
29.8886	60.6858	0.00326491	-0.00118165	2
30.2603	61.5913	0.00331494	-0.00122454	2
30.6381	62.4946	0.00336492	-0.00126805	2
31.0218	63.3958	0.00341487	-0.00131216	2
31.4113	64.2949	0.00346479	-0.00135688	2
31.8063	65.192	0.00351468	-0.00140218	2
32.2068	66.0871	0.00356456	-0.00144808	2
32.6125	66.9803	0.00361442	-0.00149456	2
33.0233	67.8715	0.00366429	-0.0015416	2
33.439	68.7609	0.00371415	-0.00158921	2
33.8594	69.6485	0.00376403	-0.00163738	2
34.2844	70.5343	0.00381392	-0.0016861	2
34.7137	71.4183	0.00386384	-0.00173536	2
35.1472	72.3007	0.00391378	-0.00178516	2
35.5798	73.1713	0.00396319	-0.00183491	2
36.0211	74.0504	0.00401322	-0.00188575	2
36.4662	74.9279	0.00406329	-0.00193711	2
36.9148	75.8039	0.00411342	-0.00198897	2
37.3667	76.6784	0.00416361	-0.00204133	2
37.8217	77.5515	0.00421388	-0.00209419	2
38.2798	78.4231	0.00426422	-0.00214753	2
38.7407	79.2934	0.00431464	-0.00220135	2
39.2042	80.1624	0.00436515	-0.00225564	2
39.6702	81.03	0.00441576	-0.00231039	2
40.1385	81.8965	0.00446647	-0.00236561	2
40.6089	82.7617	0.0045173	-0.00242127	2
41.0813	83.6258	0.00456823	-0.00247737	2
41.5554	84.4887	0.00461929	-0.0025339	2
42.0311	85.3506	0.00467048	-0.00259087	2
42.5083	86.2115	0.00472181	-0.00264825	2
42.9867	87.0713	0.00477328	-0.00270605	2
43.4663	87.9302	0.00482489	-0.00276425	2
43.9467	88.7882	0.00487667	-0.00282286	2
44.4279	89.6453	0.0049286	-0.00288185	2
44.9096	90.5016	0.00498071	-0.00294123	2
45.3917	91.3571	0.00503299	-0.00300098	2
45.874	92.2118	0.00508545	-0.00306111	2
46.3509	93.0561	0.0051375	-0.0031209	2
46.8331	93.9095	0.00519035	-0.00318173	2
47.3151	94.7623	0.0052434	-0.00324292	2
47.7966	95.6145	0.00529666	-0.00330445	2

74.9971	2.01325	-2.10913e-07	-2.07417e-07	2
74.7622	3.14291	-1.8967e-05	-1.69271e-05	2
74.5555	4.26575	-3.91651e-05	-3.16171e-05	2
74.3795	5.36878	-6.05666e-05	-4.41087e-05	2
74.2351	6.43988	-8.28778e-05	-5.43336e-05	2
74.1187	7.50423	-0.00010659	-6.25678e-05	2
74.0317	8.54949	-0.000131423	-6.87186e-05	2
73.9736	9.57591	-0.000157349	-7.28244e-05	2
73.9441	10.5837	-0.00018434	-7.49238e-05	2
73.9427	11.5732	-0.000212369	-7.50551e-05	2
73.9689	12.5446	-0.000241408	-7.3257e-05	2
74.0225	13.4981	-0.000271429	-6.95679e-05	2
74.1029	14.434	-0.000302405	-6.40263e-05	2
74.2097	15.3526	-0.000334307	-5.66707e-05	2
74.3425	16.254	-0.000367109	-4.75397e-05	2
74.5009	17.1385	-0.000400782	-3.66716e-05	2
74.6845	18.0064	-0.0004353	-2.4105e-05	2
74.8928	18.858	-0.000470633	-9.87834e-06	2
75.1254	19.6934	-0.000506755	5.9698e-06	2
75.382	20.5129	-0.000543638	2.3401e-05	2
75.662	21.3167	-0.000581253	4.23767e-05	2
75.965	22.1052	-0.000619575	6.28585e-05	2
76.2907	22.8784	-0.000658574	8.48078e-05	2
76.6387	23.6368	-0.000698223	0.000108186	2
77.0084	24.3805	-0.000738494	0.000132955	2
77.3995	25.1098	-0.00077936	0.000159076	2
77.8066	25.8168	-0.000820314	0.000186188	2
78.239	26.5182	-0.000862281	0.000214883	2
78.6914	27.2058	-0.000904759	0.000244815	2
79.1636	27.88	-0.000947722	0.000275946	2
79.655	28.5411	-0.000991141	0.000308237	2
80.1652	29.1891	-0.00103499	0.000341649	2
80.6939	29.8245	-0.00107924	0.000376145	2
81.2406	30.4474	-0.00112386	0.000411684	2
81.8049	31.0581	-0.00116883	0.00044823	2
82.3863	31.6569	-0.00121412	0.000485744	2
82.9845	32.2439	-0.0012597	0.000524187	2
83.599	32.8194	-0.00130554	0.00056352	2
84.2294	33.3837	-0.00135161	0.000603705	2
84.8753	33.937	-0.0013979	0.000644704	2
85.5363	34.4796	-0.00144436	0.000686478	2
86.2119	35.0117	-0.00149097	0.000728989	2
86.9017	35.5335	-0.00153771	0.000772197	2
87.6053	36.0453	-0.00158455	0.000816066	2
88.3222	36.5474	-0.00163146	0.000860555	2
89.0522	37.0399	-0.0016784	0.000905627	2
89.7946	37.5232	-0.00172536	0.000951243	2
90.5492	37.9975	-0.00177231	0.000997365	2
91.3154	38.463	-0.00181921	0.00104395	2
92.084	38.9147	-0.00186551	0.00109043	2
92.8722	39.3635	-0.00191225	0.00113783	2
93.6709	39.8042	-0.00195887	0.00118559	2
94.4795	40.2371	-0.00200533	0.00123366	2
95.2978	40.6625	-0.00205161	0.001282	2
96.1253	41.0806	-0.00209769	0.00133058	2
96.9614	41.4916	-0.00214353	0.00137936	2
97.8059	41.8958	-0.00218911	0.0014283	2
98.6583	42.2934	-0.00223439	0.00147736	2
99.5182	42.6847	-0.00227936	0.0015265	2
100.385	43.0699	-0.00232399	0.00157569	2
101.259	43.4493	-0.00236824	0.00162488	2
102.139	43.8231	-0.00241209	0.00167404	2
103.024	44.1915	-0.00245551	0.00172313	2
103.915	44.5549	-0.00249847	0.00177211	2
104.811	44.9134	-0.00254095	0.00182094	2
105.711	45.2673	-0.00258291	0.00186958	2
106.616	45.6168	-0.00262434	0.001918	2
107.524	45.9623	-0.0026652	0.00196615	2
108.436	46.3038	-0.00270547	0.002014	2
109.35	46.6418	-0.00274511	0.00206151	2
110.267	46.9763	-0.0027841	0.00210865	2
111.186	47.3077	-0.00282241	0.00215536	2
112.106	47.6363	-0.00286002	0.00220162	2
113.017	47.9584	-0.00289648	0.00224686	2
113.939	48.282	-0.0029326	0.00229209	2
114.862	48.6033	-0.00296793	0.00233676	2
115.785	48.9228	-0.00300245	0.00238081	2
116.707	49.2406	-0.00303613	0.00242422	2
117.628	49.557	-0.00306893	0.00246694	2
118.547	49.8722	-0.00310083	0.00250893	2
119.465	50.1865	-0.00313181	0.00255016	2
120.381	50.5001	-0.00316183	0.00259059	2
121.294	50.8132	-0.00319087	0.00263018	2
122.204	51.1262	-0.0032189	0.00266889	2
123.111	51.4393	-0.00324589	0.00270668	2
124.013	51.7526	-0.00327182	0.00274351	2
124.912	52.0665	-0.00329665	0.00277935	2
125.805	52.3812	-0.00332036	0.00281416	2
126.694	52.6969	-0.00334293	0.00284789	2
127.577	53.0139	-0.00336432	0.00288051	2
128.454	53.3324	-0.0033845	0.00291199	2
129.324	53.6527	-0.00340346	0.00294228	2
130.188	53.975	-0.00342115	0.00297134	2
131.044	54.2996	-0.00343756	0.00299914	2
131.893	54.6267	-0.00345265	0.00302563	2
132.734	54.9566	-0.0034664	0.00305079	2
133.556	55.2856	-0.00347865	0.0030743	2
134.379	55.6217	-0.00348965	0.00309667	2
135.193	55.9612	-0.00349923	0.00311759	2
135.997	56.3045	-0.00350735	0.00313701	2

124.993	2.01304	6.01409e-07	-2.12389e-07	2
124.419	3.13085	5.04091e-05	-1.75213e-05	2
123.864	4.25475	9.69928e-05	-3.31307e-05	2
123.333	5.37166	0.00013982	-4.68635e-05	2
122.833	6.46882	0.000178533	-5.8629e-05	2
122.352	7.57168	0.000214098	-6.87357e-05	2
121.895	8.66742	0.000246115	-7.70717e-05	2
121.462	9.75598	0.000274654	-8.36725e-05	2
121.054	10.8373	0.000299783	-8.85735e-05	2
120.669	11.9114	0.000321573	-9.18101e-05	2
120.308	12.9782	0.000340092	-9.34178e-05	2
119.97	14.0376	0.000355411	-9.34318e-05	2
119.655	15.0895	0.000367598	-9.18877e-05	2
119.364	16.1341	0.000376724	-8.88209e-05	2
119.095	17.1711	0.000382858	-8.42667e-05	2
118.849	18.2007	0.000386069	-7.82607e-05	2
118.625	19.2226	0.000386426	-7.08382e-05	2
118.424	20.2369	0.000384	-6.20346e-05	2
118.244	21.2435	0.00037886	-5.18853e-05	2
118.086	22.2423	0.000371075	-4.04259e-05	2
117.95	23.2335	0.000360715	-2.76916e-05	2
117.836	24.2168	0.00034785	-1.37179e-05	2
117.742	25.1922	0.000332548	1.45978e-06	2
117.67	26.1597	0.000314879	1.7806e-05	2
117.618	27.1193	0.000294913	3.52854e-05	2
117.587	28.0709	0.00027272	5.38625e-05	2
117.576	29.0036	0.00024866	7.32703e-05	2
117.585	29.9391	0.000222244	9.3925e-05	2
117.615	30.8665	0.000193807	0.000115572	2
117.664	31.7857	0.00016342	0.000138175	2
117.732	32.6967	0.000131152	0.000161699	2
117.82	33.5994	9.70729e-05	0.000186109	2
117.927	34.4938	6.12517e-05	0.000211369	2
118.054	35.3798	2.37579e-05	0.000237443	2
118.199	36.2574	-1.53387e-05	0.000264298	2
118.362	37.1266	-5.59688e-05	0.000291896	2
118.544	37.9873	-9.80627e-05	0.000320202	2
118.744	38.8394	-0.000141551	0.000349182	2
118.962	39.6829	-0.000186364	0.0003788	2
119.198	40.5178	-0.000232433	0.00040902	2
119.452	41.3439	-0.000279688	0.000439806	2
119.722	42.1614	-0.000328059	0.000471125	2
120.01	42.9701	-0.000377477	0.000502939	2
120.315	43.7699	-0.000427872	0.000535214	2
120.637	44.5609	-0.000479175	0.000567914	2
120.975	45.343	-0.000531317	0.000601004	2
121.33	46.1161	-0.000584227	0.000634448	2
121.701	46.8802	-0.000637837	0.000668211	2
122.088	47.6353	-0.000692077	0.000702258	2
122.485	48.3727	-0.000746244	0.000736158	2
122.903	49.1097	-0.00080153	0.000770663	2
123.336	49.8374	-0.000857237	0.000805346	2
123.785	50.5559	-0.000913298	0.000840172	2
124.248	51.2651	-0.000969642	0.000875104	2
124.726	51.965	-0.0010262	0.000910108	2
125.219	52.6556	-0.0010829	0.000945148	2
125.726	53.3367	-0.00113968	0.000980188	2
126.247	54.0083	-0.00119646	0.00101519	2
126.782	54.6705	-0.00125317	0.00105013	2
127.331	55.3231	-0.00130976	0.00108496	2
127.894	55.9661	-0.00136614	0.00111965	2
128.469	56.5994	-0.00142224	0.00115416	2
129.058	57.223	-0.00147801	0.00118846	2
129.66	57.837	-0.00153336	0.00122251	2
130.274	58.4411	-0.00158823	0.00125628	2
130.902	59.0354	-0.00164255	0.00128974	2
131.541	59.6198	-0.00169625	0.00132284	2
132.192	60.1943	-0.00174926	0.00135554	2
132.856	60.7589	-0.00180151	0.00138783	2
133.531	61.3134	-0.00185293	0.00141966	2
134.218	61.8579	-0.00190346	0.00145099	2
134.916	62.3922	-0.00195301	0.00148179	2
135.625	62.9165	-0.00200153	0.00151202	2
136.337	63.4246	-0.0020484	0.00154132	2
137.067	63.9285	-0.00209465	0.00157032	2
137.809	64.4222	-0.00213965	0.00159865	2
138.56	64.9054	-0.00218334	0.00162627	2
139.322	65.3784	-0.00222565	0.00165315	2
140.093	65.8408	-0.0022665	0.00167926	2
140.875	66.2929	-0.00230583	0.00170455	2
141.665	66.7344	-0.00234356	0.00172899	2
142.465	67.1653	-0.00237963	0.00175254	2
143.275	67.5857	-0.00241398	0.00177518	2
144.093	67.9953	-0.00244652	0.00179686	2
144.919	68.3943	-0.00247718	0.00181755	2
145.755	68.7826	-0.00250591	0.00183721	2
146.598	69.16	-0.00253263	0.00185582	2
147.45	69.5267	-0.00255727	0.00187332	2
148.31	69.8824	-0.00257977	0.0018897	2
149.177	70.2272	-0.00260004	0.0019049	2
150.052	70.5611	-0.00261803	0.0019189	2
150.934	70.8839	-0.00263365	0.00193167	2
151.823	71.1956	-0.00264686	0.00194316	2
152.719	71.4963	-0.00265756	0.00195334	2
153.622	71.7858	-0.0026657	0.00196218	2
154.531	72.0641	-0.00267121	0.00196963	2
155.436	72.3281	-0.00267399	0.00197561	2
156.357	72.584	-0.00267405	0.00198022	2
157.285	72.8286	-0.00267126	0.00198334	2
158.218	73.0618	-0.00266557	0.00198493	2

