-125	2.01031	4.02157e-07	5.63597e-08	2
-125.001	2.89709	3.39014e-05	4.4525e-06	2
-125.033	3.79483	6.56264e-05	8.00623e-06	2
-125.097	4.69315	9.52075e-05	1.06812e-05	2
-125.19	5.58161	0.000122373	1.24815e-05	2
-125.313	6.4808	0.000147788	1.34688e-05	2
-125.465	7.38028	0.000171156	1.36374e-05	2
-125.645	8.27999	0.00019251	1.30073e-05	2
-125.852	9.17982	0.000211882	1.15985e-05	2
-126.085	10.0797	0.000229306	9.43123e-06	2
-126.343	10.9795	0.000244812	6.52543e-06	2
-126.626	11.8792	0.000258435	2.90121e-06	2
-126.933	12.7786	0.000270206	-1.42139e-06	2
-127.263	13.6777	0.000280157	-6.42228e-06	2
-127.616	14.5764	0.000288323	-1.20814e-05	2
-127.989	15.4747	0.000294734	-1.83787e-05	2
-128.384	16.3723	0.000299424	-2.52941e-05	2
-128.798	17.2692	0.000302425	-3.28076e-05	2
-129.231	18.1654	0.000303769	-4.0899e-05	2
-129.682	19.0608	0.00030349	-4.95484e-05	2
-130.15	19.9552	0.000301619	-5.87356e-05	2
-130.635	20.8485	0.000298189	-6.84405e-05	2
-131.136	21.7408	0.000293232	-7.86433e-05	2
-131.652	22.6318	0.000286782	-8.93236e-05	2
-132.182	23.5215	0.000278871	-0.000100462	2
-132.725	24.4099	0.00026953	-0.000112037	2
-133.274	25.2866	0.000258925	-0.00012389	2
-133.841	26.1719	0.00024684	-0.000136276	2
-134.419	27.0555	0.000233423	-0.000149039	2
-135.007	27.9375	0.000218707	-0.00016216	2
-135.605	28.8176	0.000202725	-0.000175619	2
-136.21	29.6957	0.000185508	-0.000189395	2
-136.824	30.5719	0.00016709	-0.000203468	2
-137.444	31.446	0.000147503	-0.000217818	2
-138.07	32.3178	0.000126779	-0.000232426	2
-138.702	33.1874	0.000104951	-0.00024727	2
-139.338	34.0547	8.20521e-05	-0.000262332	2
-139.977	34.9194	5.81138e-05	-0.000277591	2
-140.62	35.7817	3.31689e-05	-0.000293026	2
-141.264	36.6413	7.25013e-06	-0.000308619	2
-141.909	37.4981	-1.96101e-05	-0.000324348	2
-142.555	38.3522	-4.73793e-05	-0.000340194	2
-143.2	39.2034	-7.6025e-05	-0.000356137	2
-143.844	40.0515	-0.000105515	-0.000372156	2
-144.486	40.8966	-0.000135815	-0.000388232	2
-145.125	41.7385	-0.000166895	-0.000404345	2
-145.76	42.5772	-0.000198721	-0.000420473	2
-146.391	43.4125	-0.000231261	-0.000436598	2
-147.016	44.2444	-0.000264483	-0.0004527	2
-147.629	45.0633	-0.00029796	-0.000468573	2
-148.241	45.8881	-0.000332439	-0.000484568	2
-148.846	46.7092	-0.000367503	-0.000500479	2
-149.442	47.5265	-0.000403118	-0.000516286	2
-150.029	48.3399	-0.000439252	-0.000531969	2
-150.605	49.1494	-0.000475873	-0.000547509	2
-151.171	49.9548	-0.000512948	-0.000562885	2
-151.725	50.756	-0.000550445	-0.000578076	2
-152.266	51.553	-0.000588331	-0.000593064	2
-152.794	52.3457	-0.000626573	-0.000607827	2
-153.307	53.134	-0.000665139	-0.000622347	2
-153.806	53.9178	-0.000703996	-0.000636602	2
-154.288	54.697	-0.000743113	-0.000650572	2
-154.754	55.4715	-0.000782456	-0.000664239	2
-155.203	56.2412	-0.000821993	-0.00067758	2
-155.633	57.0061	-0.000861691	-0.000690578	2
-156.044	57.7661	-0.000901518	-0.000703211	2
-156.436	58.521	-0.000941442	-0.000715459	2
-156.806	59.2707	-0.00098143	-0.000727302	2
-157.155	60.0153	-0.00102145	-0.000738721	2
-157.482	60.7545	-0.00106147	-0.000749695	2
-157.785	61.4884	-0.00110145	-0.000760204	2
-158.065	62.2168	-0.00114137	-0.000770228	2
-158.32	62.9396	-0.00118119	-0.000779747	2
-158.547	63.6485	-0.00122042	-0.00078864	2
-158.75	64.36	-0.00125995	-0.000797095	2
-158.926	65.0656	-0.00129928	-0.000804985	2
-159.074	65.7653	-0.00133838	-0.000812291	2
-159.193	66.459	-0.00137722	-0.000818991	2
-159.283	67.1466	-0.00141577	-0.000825065	2
-159.342	67.828	-0.00145399	-0.000830495	2
-159.37	68.5031	-0.00149185	-0.000835259	2
-159.366	69.1719	-0.00152932	-0.000839338	2
-159.329	69.8341	-0.00156637	-0.000842712	2
-159.258	70.4899	-0.00160296	-0.00084536	2
-159.153	71.139	-0.00163907	-0.000847262	2
-159.013	71.7813	-0.00167465	-0.000848399	2
-158.836	72.4169	-0.00170968	-0.00084875	2
-158.623	73.0455	-0.00174412	-0.000848295	2
-158.372	73.6672	-0.00177795	-0.000847015	2
-158.082	74.2817	-0.00181112	-0.000844888	2
-157.753	74.8891	-0.00184361	-0.000841896	2
-157.384	75.4893	-0.00187538	-0.000838018	2
-156.974	76.0821	-0.00190641	-0.000833233	2
-156.522	76.6674	-0.00193665	-0.000827523	2
-156.028	77.2452	-0.00196608	-0.000820866	2
-155.49	77.8154	-0.00199466	-0.000813243	2
-154.915	78.3715	-0.00202206	-0.000804738	2
-154.288	78.9263	-0.00204886	-0.000795134	2
-153.616	79.4732	-0.00207472	-0.000784504	2
-152.897	80.0121	-0.00209961	-0.000772828	2

-75.0008	2.01134	-1.75704e-07	-1.09416e-07	2
-75.0868	2.97905	-1.49424e-05	-9.58326e-06	2
-75.2012	3.94272	-2.9205e-05	-1.92975e-05	2
-75.3427	4.89129	-4.28116e-05	-2.9145e-05	2
-75.5085	5.81438	-5.56407e-05	-3.90122e-05	2
-75.7021	6.73375	-6.80141e-05	-4.91309e-05	2
-75.921	7.63887	-7.98031e-05	-5.93892e-05	2
-76.1648	8.53	-9.10316e-05	-6.97894e-05	2
-76.4328	9.40744	-0.000101723	-8.03335e-05	2
-76.7246	10.2715	-0.000111903	-9.10238e-05	2
-77.0395	11.1224	-0.000121593	-0.000101862	2
-77.377	11.9604	-0.000130818	-0.000112851	2
-77.7366	12.7859	-0.000139603	-0.000123993	2
-78.1177	13.5991	-0.00014797	-0.00013529	2
-78.5197	14.4003	-0.000155945	-0.000146743	2
-78.9421	15.1897	-0.00016355	-0.000158356	2
-79.3844	15.9678	-0.00017081	-0.00017013	2
-79.846	16.7347	-0.000177748	-0.000182067	2
-80.3263	17.4907	-0.000184389	-0.000194171	2
-80.8248	18.2361	-0.000190756	-0.000206442	2
-81.3409	18.9712	-0.000196874	-0.000218883	2
-81.8741	19.6962	-0.000202766	-0.000231496	2
-82.4238	20.4116	-0.000208456	-0.000244283	2
-82.9894	21.1174	-0.000213968	-0.000257247	2
-83.5705	21.8141	-0.000219326	-0.00027039	2
-84.1665	22.5019	-0.000224554	-0.000283713	2
-84.7696	23.1733	-0.000229618	-0.000297063	2
-85.3935	23.8443	-0.000234658	-0.000310753	2
-86.0306	24.5071	-0.00023964	-0.000324629	2
-86.6803	25.1623	-0.000244587	-0.000338696	2
-87.3421	25.8099	-0.000249524	-0.000352953	2
-88.0155	26.4503	-0.000254473	-0.000367405	2
-88.6998	27.0838	-0.000259459	-0.000382053	2
-89.3946	27.7106	-0.000264507	-0.000396898	2
-90.0993	28.3311	-0.000269639	-0.000411944	2
-90.8133	28.9455	-0.00027488	-0.000427193	2
-91.5361	29.554	-0.000280254	-0.000442646	2
-92.2672	30.1571	-0.000285784	-0.000458306	2
-93.0059	30.755	-0.000291495	-0.000474175	2
-93.7517	31.3479	-0.00029741	-0.000490255	2
-94.5041	31.9361	-0.000303553	-0.000506548	2
-95.2625	32.5199	-0.000309949	-0.000523057	2
-96.0263	33.0997	-0.000316621	-0.000539784	2
-96.7951	33.6756	-0.000323593	-0.00055673	2
-97.5682	34.248	-0.000330889	-0.000573898	2
-98.3451	34.8171	-0.000338533	-0.000591291	2
-99.1252	35.3832	-0.000346549	-0.00060891	2
-99.9081	35.9467	-0.00035496	-0.000626757	2
-100.693	36.5077	-0.000363791	-0.000644835	2
-101.471	37.0602	-0.000372956	-0.000662934	2
-102.258	37.6173	-0.000382693	-0.000681477	2
-103.046	38.1728	-0.000392921	-0.000700257	2
-103.834	38.727	-0.000403663	-0.000719276	2
-104.622	39.2802	-0.000414945	-0.000738537	2
-105.408	39.8327	-0.000426789	-0.000758041	2
-106.192	40.3848	-0.000439221	-0.000777792	2
-106.974	40.9367	-0.000452262	-0.00079779	2
-107.754	41.4887	-0.000465939	-0.000818038	2
-108.53	42.0411	-0.000480274	-0.000838539	2
-109.302	42.5942	-0.000495291	-0.000859294	2
-110.069	43.1483	-0.000511015	-0.000880306	2
-110.832	43.7037	-0.000527469	-0.000901576	2
-111.588	44.2605	-0.000544677	-0.000923108	2
-112.339	44.8192	-0.000562663	-0.000944902	2
-113.083	45.38	-0.000581451	-0.000966962	2
-113.82	45.9432	-0.000601065	-0.00098929	2
-114.549	46.5091	-0.000621529	-0.00101189	2
-115.269	47.0779	-0.000642866	-0.00103476	2
-115.981	47.6499	-0.000665101	-0.0010579	2
-116.683	48.2254	-0.000688258	-0.00108132	2
-117.375	48.8047	-0.00071236	-0.00110501	2
-118.057	49.3881	-0.000737432	-0.00112899	2
-118.727	49.9759	-0.000763496	-0.00115325	2
-119.378	50.5615	-0.000790261	-0.00117751	2
-120.025	51.1587	-0.000818372	-0.00120234	2
-120.658	51.7612	-0.000847548	-0.00122746	2
-121.279	52.3691	-0.000877812	-0.00125287	2
-121.885	52.9828	-0.000909189	-0.00127857	2
-122.477	53.6026	-0.000941703	-0.00130457	2
-123.054	54.2287	-0.000975376	-0.00133087	2
-123.616	54.8614	-0.00101023	-0.00135746	2
-124.161	55.501	-0.0010463	-0.00138436	2
-124.69	56.1477	-0.0010836	-0.00141156	2
-125.201	56.802	-0.00112215	-0.00143907	2
-125.695	57.4639	-0.00116199	-0.00146689	2
-126.17	58.1339	-0.00120313	-0.00149502	2
-126.627	58.8122	-0.00124559	-0.00152346	2
-127.064	59.4991	-0.00128941	-0.00155221	2
-127.481	60.1948	-0.0013346	-0.00158129	2
-127.878	60.8998	-0.0013812	-0.00161068	2
-128.253	61.6141	-0.00142921	-0.0016404	2
-128.607	62.3381	-0.00147868	-0.00167043	2
-128.938	63.0722	-0.00152961	-0.0017008	2
-129.247	63.8165	-0.00158204	-0.00173149	2
-129.533	64.5714	-0.00163599	-0.00176251	2
-129.794	65.3371	-0.00169148	-0.00179387	2
-130.029	66.105	-0.00174788	-0.00182519	2
-130.241	66.8931	-0.00180651	-0.00185722	2
-130.428	67.693	-0.00186676	-0.00188958	2
-130.589	68.5048	-0.00192864	-0.00192228	2

-25.0007	2.01209	2.71939e-07	-4.8534e-07	2
-25.0747	3.04672	2.47217e-05	-4.07569e-05	2
-25.1695	4.08244	5.15705e-05	-7.85779e-05	2
-25.2842	5.10734	8.05107e-05	-0.000113514	2
-25.4167	6.10999	0.000111139	-0.000145263	2
-25.5697	7.11388	0.000144132	-0.000174613	2
-25.7416	8.10749	0.00017911	-0.000201231	2
-25.932	9.09097	0.000216038	-0.000225166	2
-26.1406	10.0645	0.000254879	-0.00024647	2
-26.367	11.0283	0.000295598	-0.000265194	2
-26.6109	11.9825	0.00033816	-0.000281388	2
-26.872	12.9273	0.000382528	-0.000295104	2
-27.1499	13.8629	0.000428668	-0.000306391	2
-27.4443	14.7895	0.000476543	-0.000315302	2
-27.7549	15.7071	0.000526118	-0.000321886	2
-28.0813	16.6161	0.000577357	-0.000326196	2
-28.4233	17.5166	0.000630224	-0.00032828	2
-28.7804	18.4087	0.000684685	-0.000328192	2
-29.1524	19.2927	0.000740703	-0.00032598	2
-29.5389	20.1687	0.000798242	-0.000321697	2
-29.9396	21.0369	0.000857267	-0.000315393	2
-30.3542	21.8975	0.000917743	-0.000307119	2
-30.7823	22.7506	0.000979634	-0.000296925	2
-31.2236	23.5965	0.0010429	-0.000284863	2
-31.6777	24.4353	0.00110752	-0.000270984	2
-32.1444	25.2672	0.00117344	-0.000255338	2
-32.6178	26.0829	0.00123985	-0.000238185	2
-33.1084	26.9016	0.00130827	-0.000219177	2
-33.6106	27.7139	0.00137788	-0.000198554	2
-34.124	28.52	0.00144867	-0.000176367	2
-34.6483	29.3201	0.00152058	-0.000152668	2
-35.1831	30.1143	0.00159359	-0.000127506	2
-35.7282	30.9029	0.00166765	-0.000100933	2
-36.2832	31.686	0.00174274	-7.29995e-05	2
-36.8477	32.4638	0.00181882	-4.37565e-05	2
-37.4214	33.2364	0.00189585	-1.32548e-05	2
-38.0041	34.0041	0.00197379	1.84547e-05	2
-38.5953	34.7671	0.00205262	5.13211e-05	2
-39.1947	35.5254	0.00213229	8.52937e-05	2
-39.8021	36.2794	0.00221277	0.000120322	2
-40.417	37.0291	0.00229402	0.000156354	2
-41.0392	37.7747	0.00237601	0.00019334	2
-41.6682	38.5165	0.0024587	0.000231228	2
-42.3039	39.2545	0.00254206	0.000269968	2
-42.9458	39.989	0.00262606	0.00030951	2
-43.5936	40.7202	0.00271064	0.000349801	2
-44.2471	41.4482	0.00279579	0.000390792	2
-44.9057	42.1733	0.00288146	0.000432431	2
-45.5693	42.8955	0.00296762	0.000474668	2
-46.2298	43.6068	0.00305323	0.000516956	2
-46.9022	44.324	0.00314026	0.00056023	2
-47.5785	45.0388	0.00322767	0.000603949	2
-48.2585	45.7516	0.00331542	0.000648063	2
-48.9417	46.4624	0.00340348	0.000692521	2
-49.6279	47.1716	0.00349182	0.000737272	2
-50.3166	47.8791	0.0035804	0.000782265	2
-51.0077	48.5852	0.00366918	0.000827449	2
-51.7007	49.2902	0.00375814	0.000872774	2
-52.3953	49.9941	0.00384722	0.000918188	2
-53.0912	50.6971	0.0039364	0.000963641	2
-53.7881	51.3995	0.00402564	0.00100908	2
-54.4856	52.1014	0.00411491	0.00105446	2
-55.1833	52.803	0.00420417	0.00109972	2
-55.8811	53.5044	0.00429338	0.00114482	2
-56.5784	54.2059	0.00438251	0.00118971	2
-57.2751	54.9075	0.00447152	0.00123432	2
-57.9708	55.6096	0.00456038	0.00127862	2
-58.665	56.3122	0.00464906	0.00132255	2
-59.3576	57.0156	0.00473751	0.00136607	2
-60.0482	57.7199	0.0048257	0.00140911	2
-60.7364	58.4254	0.00491359	0.00145163	2
-61.4219	59.1321	0.00500116	0.00149358	2
-62.1044	59.8403	0.00508835	0.00153491	2
-62.7758	60.5419	0.00517415	0.0015751	2
-63.4513	61.2535	0.00526052	0.00161504	2
-64.1228	61.9671	0.00534641	0.0016542	2
-64.79	62.6829	0.00543179	0.00169254	2
-65.4525	63.401	0.00551663	0.00173001	2
-66.11	64.1217	0.00560088	0.00176654	2
-66.7622	64.8451	0.00568453	0.0018021	2
-67.4087	65.5713	0.00576752	0.00183663	2
-68.0493	66.3006	0.00584982	0.00187008	2
-68.6835	67.0332	0.00593141	0.0019024	2
-69.311	67.7692	0.00601223	0.00193354	2
-69.9316	68.5088	0.00609226	0.00196345	2
-70.5448	69.2521	0.00617146	0.00199207	2
-71.1504	69.9995	0.0062498	0.00201936	2
-71.748	70.7509	0.00632724	0.00204526	2
-72.3373	71.5067	0.00640374	0.00206973	2
-72.918	72.2669	0.00647927	0.00209271	2
-73.4897	73.0318	0.00655379	0.00211416	2
-74.052	73.8016	0.00662726	0.00213402	2
-74.6048	74.5764	0.00669966	0.00215223	2
-75.1476	75.3564	0.00677095	0.00216876	2
-75.6801	76.1418	0.00684108	0.00218355	2
-76.2019	76.9327	0.00691003	0.00219654	2
-76.707	77.7202	0.00697699	0.00220758	2
-77.2067	78.5227	0.00704348	0.00221686	2
-77.6949	79.3313	0.00710867	0.0022242	2
-78.171	80.1462	0.00717254	0.00222955	2

24.999	2.01269	7.77353e-07	-6.99971e-08	2
24.9227	3.09998	6.78076e-05	-6.88312e-06	2
24.8611	4.19145	0.000135968	-1.53617e-05	2
24.8151	5.2745	0.000204469	-2.5421e-05	2
24.7846	6.33687	0.000272509	-3.6904e-05	2
24.7689	7.40336	0.000341658	-5.0063e-05	2
24.7683	8.46163	0.000411116	-6.47589e-05	2
24.7824	9.51176	0.000480872	-8.09769e-05	2
24.8113	10.5538	0.000550915	-9.87023e-05	2
24.8546	11.5879	0.000621235	-0.000117921	2
24.9123	12.614	0.000691821	-0.000138617	2
24.9841	13.6322	0.000762661	-0.000160776	2
25.0699	14.6427	0.000833745	-0.000184385	2
25.1695	15.6454	0.000905062	-0.000209427	2
25.2827	16.6405	0.000976602	-0.000235888	2
25.4094	17.628	0.00104835	-0.000263754	2
25.5494	18.608	0.0011203	-0.00029301	2
25.7024	19.5806	0.00119244	-0.000323642	2
25.8685	20.5458	0.00126476	-0.000355633	2
26.0473	21.5038	0.00133725	-0.000388971	2
26.2387	22.4545	0.00140989	-0.000423639	2
26.4425	23.398	0.00148268	-0.000459624	2
26.6586	24.3345	0.0015556	-0.00049691	2
26.8867	25.264	0.00162865	-0.000535484	2
27.1268	26.1865	0.00170181	-0.00057533	2
27.3786	27.1022	0.00177507	-0.000616433	2
27.6388	28.0007	0.00184759	-0.000658286	2
27.9134	28.9029	0.00192102	-0.000701846	2
28.1993	29.7985	0.00199452	-0.000746621	2
28.4961	30.6876	0.00206809	-0.000792594	2
28.8039	31.5701	0.0021417	-0.000839751	2
29.1223	32.4462	0.00221535	-0.000888078	2
29.4513	33.3159	0.00228902	-0.00093756	2
29.7906	34.1793	0.00236271	-0.000988183	2
30.1401	35.0365	0.00243641	-0.00103993	2
30.4996	35.8876	0.0025101	-0.00109279	2
30.869	36.7325	0.00258377	-0.00114674	2
31.248	37.5715	0.00265741	-0.00120178	2
31.6365	38.4045	0.00273101	-0.00125788	2
32.0343	39.2317	0.00280457	-0.00131504	2
32.4412	40.0531	0.00287806	-0.00137323	2
32.8572	40.8687	0.00295148	-0.00143244	2
33.2819	41.6787	0.00302482	-0.00149267	2
33.7152	42.4832	0.00309806	-0.00155388	2
34.157	43.2821	0.00317121	-0.00161608	2
34.6071	44.0756	0.00324423	-0.00167923	2
35.0653	44.8637	0.00331713	-0.00174334	2
35.5314	45.6465	0.00338989	-0.00180838	2
36.0053	46.4241	0.00346251	-0.00187435	2
36.4812	47.1877	0.00353413	-0.00194044	2
36.9701	47.9552	0.00360642	-0.00200819	2
37.4661	48.7176	0.00367853	-0.00207681	2
37.9692	49.4751	0.00375044	-0.00214629	2
38.4793	50.2277	0.00382216	-0.00221662	2
38.996	50.9756	0.00389366	-0.00228778	2
39.5193	51.7187	0.00396494	-0.00235976	2
40.049	52.4571	0.00403598	-0.00243254	2
40.585	53.191	0.00410678	-0.00250611	2
41.1269	53.9204	0.00417732	-0.00258046	2
41.6747	54.6453	0.00424759	-0.00265556	2
42.2282	55.3659	0.00431758	-0.0027314	2
42.7872	56.0821	0.00438729	-0.00280797	2
43.3516	56.7942	0.00445669	-0.00288526	2
43.9211	57.5021	0.00452579	-0.00296325	2
44.4957	58.2059	0.00459456	-0.00304192	2
45.075	58.9057	0.004663	-0.00312126	2
45.6591	59.6016	0.00473109	-0.00320125	2
46.2476	60.2936	0.00479883	-0.00328189	2
46.8404	60.9818	0.00486621	-0.00336315	2
47.4373	61.6663	0.00493321	-0.00344503	2
48.0382	62.3471	0.00499982	-0.0035275	2
48.6429	63.0243	0.00506603	-0.00361055	2
49.2513	63.6981	0.00513184	-0.00369417	2
49.856	64.3607	0.00519648	-0.00377738	2
50.471	65.0277	0.00526143	-0.00386208	2
51.0891	65.6913	0.00532595	-0.00394731	2
51.7101	66.3518	0.00539002	-0.00403304	2
52.3339	67.0091	0.00545362	-0.00411927	2
52.9603	67.6633	0.00551675	-0.00420598	2
53.5891	68.3145	0.00557939	-0.00429316	2
54.2201	68.9628	0.00564154	-0.00438078	2
54.8532	69.6082	0.00570318	-0.00446884	2
55.4882	70.2508	0.0057643	-0.00455732	2
56.1249	70.8907	0.00582489	-0.0046462	2
56.7632	71.5279	0.00588495	-0.00473548	2
57.4028	72.1625	0.00594445	-0.00482513	2
58.0437	72.7947	0.00600339	-0.00491515	2
58.6855	73.4244	0.00606177	-0.00500551	2
59.3283	74.0517	0.00611955	-0.0050962	2
59.9717	74.6767	0.00617675	-0.00518721	2
60.6156	75.2995	0.00623334	-0.00527852	2
61.2598	75.9201	0.00628931	-0.00537012	2
61.9043	76.5387	0.00634466	-0.005462	2
62.5487	77.1553	0.00639936	-0.00555413	2
63.1929	77.7699	0.00645343	-0.00564651	2
63.8368	78.3826	0.00650683	-0.00573912	2
64.4728	78.9865	0.00655896	-0.00583087	2
65.1155	79.5958	0.00661102	-0.00592389	2
65.7573	80.2034	0.00666238	-0.00601709	2
66.398	80.8094	0.00671305	-0.00611047	2

74.9965	2.01244	-2.57651e-07	-2.75911e-07	2
74.7064	3.07605	-2.26679e-05	-2.29273e-05	2
74.4408	4.13919	-4.5835e-05	-4.37035e-05	2
74.2028	5.18954	-6.94845e-05	-6.23709e-05	2
73.9943	6.21535	-9.33199e-05	-7.87925e-05	2
73.8102	7.24059	-0.000117879	-9.3392e-05	2
73.6527	8.25338	-0.00014287	-0.000106009	2
73.5213	9.25383	-0.000168276	-0.000116685	2
73.4159	10.2421	-0.000194081	-0.000125464	2
73.336	11.2182	-0.000220267	-0.000132386	2
73.2813	12.1823	-0.000246819	-0.000137495	2
73.2515	13.1345	-0.000273718	-0.000140832	2
73.2461	14.075	-0.000300949	-0.00014244	2
73.2649	15.0038	-0.000328494	-0.000142361	2
73.3076	15.921	-0.000356337	-0.000140637	2
73.3736	16.8268	-0.00038446	-0.000137311	2
73.4629	17.7214	-0.000412848	-0.000132424	2
73.5748	18.6047	-0.000441482	-0.000126019	2
73.7093	19.4769	-0.000470347	-0.000118139	2
73.8658	20.3382	-0.000499426	-0.000108824	2
74.044	21.1886	-0.000528701	-9.81189e-05	2
74.2436	22.0282	-0.000558155	-8.60641e-05	2
74.4643	22.8572	-0.000587773	-7.27025e-05	2
74.7057	23.6757	-0.000617537	-5.80761e-05	2
74.9675	24.4838	-0.000647431	-4.22272e-05	2
75.2492	25.2816	-0.000677437	-2.51982e-05	2
75.5471	26.0603	-0.000707192	-7.24622e-06	2
75.8676	26.838	-0.000737372	1.20043e-05	2
76.2071	27.6057	-0.000767615	3.23088e-05	2
76.5652	28.3636	-0.000797902	5.36251e-05	2
76.9416	29.1118	-0.000828219	7.5911e-05	2
77.336	29.8504	-0.000858547	9.91242e-05	2
77.748	30.5794	-0.00088887	0.000123223	2
78.1772	31.2991	-0.000919172	0.000148164	2
78.6233	32.0096	-0.000949435	0.000173906	2
79.086	32.7109	-0.000979642	0.000200406	2
79.5649	33.4031	-0.00100978	0.000227622	2
80.0596	34.0864	-0.00103982	0.000255513	2
80.5699	34.761	-0.00106976	0.000284035	2
81.0954	35.4268	-0.00109958	0.000313146	2
81.6357	36.084	-0.00112926	0.000342805	2
82.1905	36.7328	-0.00115878	0.000372969	2
82.7594	37.3732	-0.00118813	0.000403596	2
83.3421	38.0054	-0.00121729	0.000434643	2
83.9383	38.6294	-0.00124624	0.000466068	2
84.5475	39.2455	-0.00127497	0.00049783	2
85.1696	39.8536	-0.00130345	0.000529886	2
85.804	40.454	-0.00133169	0.000562193	2
86.4505	41.0467	-0.00135964	0.000594709	2
87.1012	41.6251	-0.00138699	0.000627017	2
87.7706	42.2029	-0.00141435	0.000659824	2
88.4512	42.7733	-0.00144139	0.000692715	2
89.1424	43.3366	-0.00146808	0.000725647	2
89.8439	43.8927	-0.00149442	0.000758577	2
90.5555	44.4418	-0.00152038	0.000791464	2
91.2767	44.9841	-0.00154596	0.000824265	2
92.0072	45.5196	-0.00157112	0.000856938	2
92.7467	46.0484	-0.00159586	0.000889442	2
93.4948	46.5708	-0.00162015	0.000921732	2
94.2512	47.0867	-0.00164399	0.000953768	2
95.0155	47.5963	-0.00166735	0.000985507	2
95.7873	48.0997	-0.00169022	0.00101691	2
96.5664	48.597	-0.00171257	0.00104793	2
97.3524	49.0884	-0.00173441	0.00107852	2
98.145	49.574	-0.0017557	0.00110865	2
98.9437	50.0537	-0.00177643	0.00113827	2
99.7483	50.5279	-0.00179658	0.00116734	2
100.558	50.9966	-0.00181614	0.00119582	2
101.374	51.4599	-0.00183509	0.00122367	2
102.194	51.9179	-0.00185341	0.00125083	2
103.018	52.3707	-0.00187109	0.00127728	2
103.847	52.8185	-0.00188811	0.00130297	2
104.679	53.2613	-0.00190445	0.00132785	2
105.506	53.6943	-0.00191991	0.00135161	2
106.345	54.1277	-0.00193486	0.00137477	2
107.186	54.5564	-0.00194907	0.001397	2
108.03	54.9807	-0.00196254	0.00141826	2
108.877	55.4006	-0.00197525	0.0014385	2
109.724	55.8163	-0.00198718	0.00145769	2
110.574	56.2278	-0.00199832	0.00147578	2
111.424	56.6353	-0.00200864	0.00149272	2
112.275	57.0389	-0.00201813	0.00150849	2
113.126	57.4387	-0.00202678	0.00152302	2
113.977	57.8348	-0.00203457	0.00153629	2
114.828	58.2273	-0.00204147	0.00154825	2
115.678	58.6164	-0.00204749	0.00155886	2
116.527	59.0021	-0.00205258	0.00156808	2
117.375	59.3846	-0.00205675	0.00157585	2
118.221	59.764	-0.00205997	0.00158215	2
119.065	60.1404	-0.00206223	0.00158693	2
119.906	60.5139	-0.00206351	0.00159014	2
120.745	60.8846	-0.00206379	0.00159175	2
121.58	61.2526	-0.00206306	0.00159171	2
122.412	61.6181	-0.0020613	0.00158998	2
123.241	61.9812	-0.00205849	0.00158652	2
124.065	62.342	-0.00205461	0.00158128	2
124.875	62.6964	-0.00204972	0.00157432	2
125.69	63.0529	-0.00204368	0.00156543	2
126.499	63.4075	-0.00203652	0.00155464	2
127.303	63.7601	-0.00202824	0.00154191	2

124.995	2.01198	6.3788e-07	-4.3632e-07	2
124.589	3.0427	5.34831e-05	-3.67534e-05	2
124.191	4.08543	0.000102944	-7.10947e-05	2
123.805	5.12802	0.000148457	-0.000103067	2
123.437	6.15832	0.000189639	-0.000132387	2
123.077	7.20012	0.000227522	-0.000159778	2
122.73	8.24127	0.00026168	-0.000184929	2
122.396	9.28158	0.000292186	-0.000207885	2
122.074	10.3209	0.000319116	-0.000228689	2
121.766	11.359	0.000342543	-0.000247383	2
121.471	12.3958	0.000362542	-0.000264012	2
121.188	13.4311	0.000379188	-0.000278618	2
120.919	14.4646	0.000392554	-0.000291245	2
120.663	15.4963	0.000402716	-0.000301937	2
120.419	16.526	0.000409747	-0.000310736	2
120.189	17.5534	0.000413722	-0.000317686	2
119.972	18.5785	0.000414716	-0.000322831	2
119.768	19.601	0.000412802	-0.000326213	2
119.578	20.6207	0.000408056	-0.000327876	2
119.4	21.6376	0.000400551	-0.000327864	2
119.236	22.6513	0.000390362	-0.00032622	2
119.085	23.6618	0.000377563	-0.000322987	2
118.947	24.6689	0.00036223	-0.000318209	2
118.823	25.6724	0.000344435	-0.000311928	2
118.711	26.6721	0.000324254	-0.000304189	2
118.614	27.6679	0.000301761	-0.000295034	2
118.53	28.6481	0.000277327	-0.000284636	2
118.459	29.6355	0.000250458	-0.000272796	2
118.401	30.6184	0.000221498	-0.00025967	2
118.357	31.5967	0.000190524	-0.000245302	2
118.327	32.5702	0.000157609	-0.000229734	2
118.309	33.5386	0.000122827	-0.000213011	2
118.306	34.502	8.62533e-05	-0.000195175	2
118.316	35.46	4.79618e-05	-0.000176271	2
118.339	36.4124	8.02709e-06	-0.000156341	2
118.376	37.3593	-3.34765e-05	-0.000135428	2
118.427	38.3002	-7.64746e-05	-0.000113577	2
118.491	39.2351	-0.000120893	-9.08302e-05	2
118.569	40.1639	-0.000166657	-6.72311e-05	2
118.661	41.0862	-0.000213692	-4.28233e-05	2
118.767	42.002	-0.000261924	-1.76499e-05	2
118.886	42.9111	-0.000311278	8.24547e-06	2
119.019	43.8133	-0.000361681	3.48196e-05	2
119.166	44.7085	-0.000413057	6.20292e-05	2
119.327	45.5964	-0.000465332	8.98307e-05	2
119.502	46.4768	-0.000518433	0.000118181	2
119.691	47.3497	-0.000572284	0.000147037	2
119.893	48.2149	-0.000626811	0.000176354	2
120.11	49.0721	-0.000681939	0.00020609	2
120.337	49.9115	-0.000736953	0.000235853	2
120.582	50.7524	-0.000793057	0.000266293	2
120.84	51.5849	-0.00084954	0.000297021	2
121.112	52.4088	-0.000906328	0.000327996	2
121.399	53.2238	-0.000963347	0.000359172	2
121.7	54.0299	-0.00102052	0.000390508	2
122.014	54.8269	-0.00107778	0.000421958	2
122.343	55.6145	-0.00113504	0.000453482	2
122.686	56.3926	-0.00119224	0.000485034	2
123.044	57.1611	-0.00124929	0.000516571	2
123.415	57.9198	-0.00130613	0.000548051	2
123.801	58.6684	-0.00136268	0.000579429	2
124.201	59.4068	-0.00141887	0.000610663	2
124.616	60.1349	-0.00147461	0.000641709	2
125.045	60.8525	-0.00152985	0.000672523	2
125.488	61.5594	-0.00158449	0.000703063	2
125.945	62.2554	-0.00163847	0.000733285	2
126.417	62.9403	-0.00169172	0.000763145	2
126.904	63.6141	-0.00174415	0.000792601	2
127.405	64.2764	-0.0017957	0.000821609	2
127.92	64.9272	-0.00184629	0.000850125	2
128.45	65.5662	-0.00189584	0.000878106	2
128.994	66.1933	-0.00194429	0.000905509	2
129.554	66.8083	-0.00199155	0.00093229	2
130.121	67.4042	-0.00203704	0.000958111	2
130.709	67.9947	-0.00208173	0.000983527	2
131.312	68.5725	-0.00212501	0.00100819	2
131.929	69.1376	-0.00216681	0.00103206	2
132.561	69.6898	-0.00220706	0.0010551	2
133.208	70.2288	-0.00224569	0.00107725	2
133.87	70.7545	-0.0022826	0.00109848	2
134.546	71.2667	-0.00231775	0.00111874	2
135.238	71.7653	-0.00235103	0.00113798	2
135.944	72.2501	-0.0023824	0.00115618	2
136.665	72.7209	-0.00241176	0.00117327	2
137.401	73.1775	-0.00243905	0.00118923	2
138.152	73.6198	-0.00246418	0.001204	2
138.917	74.0475	-0.0024871	0.00121754	2
139.698	74.4606	-0.00250771	0.00122981	2
140.494	74.8588	-0.00252596	0.00124076	2
141.304	75.242	-0.00254175	0.00125036	2
142.13	75.61	-0.00255503	0.00125855	2
142.971	75.9626	-0.00256571	0.0012653	2
143.827	76.2997	-0.00257372	0.00127057	2
144.698	76.6211	-0.00257898	0.0012743	2
145.584	76.9265	-0.00258143	0.00127645	2
146.486	77.2159	-0.00258098	0.00127699	2
147.392	77.4859	-0.00257762	0.00127589	2
148.324	77.7428	-0.0025712	0.00127308	2
149.271	77.9832	-0.00256166	0.00126852	2
150.233	78.2067	-0.00254893	0.00126217	2

