-125.002	2.01073	-6.19762e-07	-7.66887e-08	2
-125.141	2.93303	-5.16376e-05	-6.03783e-06	2
-125.286	3.86452	-9.87021e-05	-1.08067e-05	2
-125.436	4.7945	-0.000141259	-1.43275e-05	2
-125.59	5.7123	-0.000178962	-1.66019e-05	2
-125.749	6.63931	-0.000212752	-1.77035e-05	2
-125.913	7.56484	-0.00024223	-1.76199e-05	2
-126.082	8.48892	-0.000267464	-1.6372e-05	2
-126.255	9.41156	-0.000288518	-1.39809e-05	2
-126.432	10.3328	-0.000305458	-1.04675e-05	2
-126.614	11.2526	-0.00031835	-5.85285e-06	2
-126.799	12.171	-0.00032726	-1.57944e-07	2
-126.989	13.088	-0.000332253	6.59622e-06	2
-127.182	14.0037	-0.000333396	1.43887e-05	2
-127.379	14.9181	-0.000330753	2.31984e-05	2
-127.579	15.8311	-0.00032439	3.30043e-05	2
-127.784	16.7428	-0.000314374	4.37856e-05	2
-127.991	17.6532	-0.000300769	5.55211e-05	2
-128.202	18.5623	-0.000283642	6.81899e-05	2
-128.416	19.4701	-0.000263059	8.1771e-05	2
-128.634	20.3767	-0.000239084	9.62434e-05	2
-128.854	21.2821	-0.000211784	0.000111586	2
-129.077	22.1863	-0.000181225	0.000127778	2
-129.303	23.0892	-0.000147471	0.000144798	2
-129.532	23.991	-0.00011059	0.000162626	2
-129.764	24.8916	-7.06461e-05	0.00018124	2
-129.995	25.7807	-2.82158e-05	0.000200392	2
-130.232	26.679	1.76224e-05	0.000220507	2
-130.47	27.5762	6.63267e-05	0.000241346	2
-130.711	28.4723	0.000117831	0.000262887	2
-130.955	29.3673	0.000172071	0.00028511	2
-131.2	30.2612	0.000228979	0.000307993	2
-131.447	31.154	0.00028849	0.000331516	2
-131.696	32.0458	0.000350539	0.000355657	2
-131.946	32.9366	0.00041506	0.000380396	2
-132.199	33.8264	0.000481987	0.000405712	2
-132.453	34.7152	0.000551254	0.000431583	2
-132.708	35.603	0.000622796	0.000457989	2
-132.964	36.4898	0.000696547	0.000484908	2
-133.222	37.3757	0.000772441	0.00051232	2
-133.481	38.2606	0.000850413	0.000540204	2
-133.741	39.1447	0.000930396	0.000568538	2
-134.002	40.0278	0.00101233	0.000597302	2
-134.264	40.9101	0.00109614	0.000626474	2
-134.526	41.7914	0.00118176	0.000656034	2
-134.789	42.672	0.00126913	0.000685961	2
-135.053	43.5516	0.00135819	0.000716233	2
-135.317	44.4305	0.00144887	0.00074683	2
-135.581	45.3085	0.00154109	0.000777731	2
-135.843	46.1757	0.00163372	0.000808554	2
-136.107	47.0522	0.00172884	0.000839996	2
-136.372	47.928	0.00182531	0.000871678	2
-136.636	48.803	0.00192307	0.000903581	2
-136.901	49.6772	0.00202206	0.000935682	2
-137.165	50.5508	0.0021222	0.000967962	2
-137.429	51.4236	0.00222344	0.0010004	2
-137.692	52.2958	0.0023257	0.00103297	2
-137.955	53.1673	0.00242893	0.00106566	2
-138.217	54.0382	0.00253305	0.00109844	2
-138.478	54.9084	0.002638	0.00113129	2
-138.738	55.778	0.00274371	0.0011642	2
-138.997	56.647	0.00285013	0.00119713	2
-139.256	57.5155	0.00295717	0.00123008	2
-139.513	58.3833	0.00306479	0.00126302	2
-139.769	59.2506	0.0031729	0.00129592	2
-140.023	60.1174	0.00328145	0.00132877	2
-140.276	60.9836	0.00339037	0.00136155	2
-140.527	61.8494	0.00349959	0.00139423	2
-140.777	62.7146	0.00360905	0.00142679	2
-141.024	63.5794	0.00371869	0.00145922	2
-141.27	64.4437	0.00382843	0.00149149	2
-141.514	65.3076	0.00393821	0.00152358	2
-141.756	66.171	0.00404797	0.00155547	2
-141.993	67.0241	0.00415638	0.00158678	2
-142.23	67.8868	0.0042659	0.00161821	2
-142.465	68.749	0.00437519	0.00164938	2
-142.698	69.6109	0.0044842	0.00168026	2
-142.927	70.4725	0.00459285	0.00171084	2
-143.155	71.3337	0.00470109	0.0017411	2
-143.379	72.1946	0.00480884	0.001771	2
-143.6	73.0552	0.00491605	0.00180054	2
-143.819	73.9155	0.00502264	0.00182969	2
-144.034	74.7756	0.00512854	0.00185843	2
-144.246	75.6353	0.00523371	0.00188674	2
-144.455	76.4949	0.00533806	0.0019146	2
-144.66	77.3542	0.00544153	0.00194198	2
-144.862	78.2133	0.00554406	0.00196888	2
-145.061	79.0723	0.00564557	0.00199525	2
-145.255	79.931	0.00574602	0.00202109	2
-145.446	80.7896	0.00584532	0.00204638	2
-145.633	81.6481	0.00594342	0.00207108	2
-145.816	82.5064	0.00604024	0.00209519	2
-145.995	83.3646	0.00613573	0.00211868	2
-146.169	84.2228	0.00622981	0.00214153	2
-146.339	85.0808	0.00632242	0.00216371	2
-146.505	85.9388	0.0064135	0.00218521	2
-146.665	86.7869	0.00650196	0.00220578	2
-146.822	87.6448	0.00658979	0.00222586	2
-146.974	88.5027	0.00667589	0.0022452	2
-147.121	89.3605	0.00676019	0.00226377	2

-74.9993	2.01261	-5.50904e-08	7.9289e-08	2
-74.9286	3.08841	-3.55265e-06	5.75684e-06	2
-74.835	4.15975	-4.6254e-06	9.22715e-06	2
-74.7196	5.21421	-3.26256e-06	1.04451e-05	2
-74.5844	6.24012	4.34998e-07	9.46871e-06	2
-74.4265	7.26152	6.50939e-06	6.30919e-06	2
-74.2476	8.26657	1.4887e-05	9.99305e-07	2
-74.0481	9.25543	2.55234e-05	-6.4268e-06	2
-73.8283	10.2283	3.83745e-05	-1.5935e-05	2
-73.5884	11.1853	5.33958e-05	-2.74911e-05	2
-73.3288	12.1267	7.05431e-05	-4.10611e-05	2
-73.0497	13.0526	8.9772e-05	-5.66107e-05	2
-72.7515	13.9633	0.000111038	-7.41058e-05	2
-72.4345	14.8588	0.000134298	-9.35123e-05	2
-72.0989	15.7394	0.000159506	-0.000114796	2
-71.745	16.6052	0.000186618	-0.000137923	2
-71.3733	17.4564	0.000215591	-0.000162859	2
-70.9838	18.2933	0.000246379	-0.000189569	2
-70.5771	19.1159	0.00027894	-0.000218021	2
-70.1533	19.9244	0.000313227	-0.000248179	2
-69.7127	20.7191	0.000349197	-0.000280009	2
-69.2557	21.5001	0.000386806	-0.000313477	2
-68.7826	22.2676	0.000426009	-0.00034855	2
-68.2935	23.0217	0.000466762	-0.000385193	2
-67.789	23.7627	0.000509021	-0.000423371	2
-67.2692	24.4906	0.000552741	-0.000463052	2
-66.7407	25.1977	0.000597351	-0.000503718	2
-66.1914	25.9004	0.000643846	-0.000546283	2
-65.6279	26.5906	0.00069167	-0.000590248	2
-65.0502	27.2686	0.000740778	-0.000635578	2
-64.4588	27.9344	0.000791126	-0.000682239	2
-63.854	28.5884	0.000842671	-0.000730198	2
-63.2359	29.2306	0.000895367	-0.00077942	2
-62.6051	29.8612	0.000949171	-0.000829871	2
-61.9616	30.4804	0.00100404	-0.000881517	2
-61.306	31.0885	0.00105992	-0.000934323	2
-60.6383	31.6855	0.00111678	-0.000988257	2
-59.959	32.2716	0.00117458	-0.00104328	2
-59.2683	32.8471	0.00123325	-0.00109937	2
-58.5666	33.412	0.00129277	-0.00115647	2
-57.8541	33.9667	0.00135309	-0.00121457	2
-57.1312	34.5111	0.00141415	-0.00127363	2
-56.398	35.0457	0.00147593	-0.0013336	2
-55.6551	35.5704	0.00153837	-0.00139446	2
-54.9025	36.0855	0.00160143	-0.00145618	2
-54.1407	36.5912	0.00166507	-0.00151872	2
-53.3699	37.0876	0.00172924	-0.00158204	2
-52.5905	37.5749	0.0017939	-0.00164611	2
-51.8027	38.0534	0.001859	-0.0017109	2
-51.016	38.5177	0.00192374	-0.00177561	2
-50.2125	38.979	0.00198959	-0.00184173	2
-49.4014	39.4319	0.00205575	-0.00190845	2
-48.5832	39.8766	0.00212217	-0.00197576	2
-47.7582	40.3132	0.00218882	-0.00204362	2
-46.9265	40.7421	0.00225564	-0.00211199	2
-46.0886	41.1632	0.0023226	-0.00218083	2
-45.2447	41.5769	0.00238965	-0.00225012	2
-44.3952	41.9833	0.00245674	-0.00231982	2
-43.5402	42.3825	0.00252383	-0.0023899	2
-42.6802	42.7748	0.00259088	-0.00246032	2
-41.8154	43.1603	0.00265784	-0.00253104	2
-40.9461	43.5392	0.00272466	-0.00260204	2
-40.0727	43.9117	0.00279131	-0.00267328	2
-39.1954	44.278	0.00285774	-0.00274472	2
-38.3145	44.6382	0.0029239	-0.00281634	2
-37.4303	44.9925	0.00298976	-0.00288809	2
-36.5431	45.3411	0.00305526	-0.00295994	2
-35.6533	45.6841	0.00312036	-0.00303187	2
-34.761	46.0218	0.00318501	-0.00310382	2
-33.8667	46.3543	0.00324919	-0.00317578	2
-32.9706	46.6819	0.00331283	-0.0032477	2
-32.0731	47.0045	0.00337589	-0.00331956	2
-31.1743	47.3226	0.00343833	-0.00339131	2
-30.285	47.6326	0.00349941	-0.00346211	2
-29.3848	47.9419	0.00356049	-0.00353356	2
-28.4843	48.2472	0.00362081	-0.0036048	2
-27.5838	48.5485	0.00368035	-0.00367581	2
-26.6836	48.846	0.00373904	-0.00374655	2
-25.784	49.1399	0.00379684	-0.00381697	2
-24.8853	49.4305	0.00385372	-0.00388706	2
-23.9879	49.7178	0.00390962	-0.00395677	2
-23.0919	50.0021	0.0039645	-0.00402608	2
-22.1978	50.2834	0.00401832	-0.00409494	2
-21.3057	50.5621	0.00407103	-0.00416332	2
-20.4161	50.8383	0.0041226	-0.00423119	2
-19.5292	51.1122	0.00417296	-0.00429852	2
-18.6452	51.3838	0.00422209	-0.00436527	2
-17.7646	51.6535	0.00426994	-0.0044314	2
-16.8876	51.9214	0.00431645	-0.00449689	2
-16.0145	52.1877	0.00436159	-0.00456169	2
-15.1456	52.4525	0.00440532	-0.00462578	2
-14.2811	52.716	0.00444758	-0.00468911	2
-13.4215	52.9784	0.00448834	-0.00475167	2
-12.567	53.2399	0.00452755	-0.0048134	2
-11.7179	53.5007	0.00456517	-0.00487428	2
-10.8745	53.7609	0.00460114	-0.00493427	2
-10.0467	54.0177	0.00463505	-0.00499267	2
-9.2155	54.2773	0.00466764	-0.0050508	2
-8.39091	54.5369	0.00469846	-0.00510794	2
-7.57321	54.7966	0.00472746	-0.00516406	2

-25.0054	2.01187	-6.04949e-07	5.32474e-08	2
-25.4536	3.02831	-5.18814e-05	4.65853e-06	2
-25.8767	4.04857	-0.000102258	9.36503e-06	2
-26.2696	5.06077	-0.000151146	1.41125e-05	2
-26.6287	6.05344	-0.000198026	1.88388e-05	2
-26.9626	7.04965	-0.000244003	2.36468e-05	2
-27.2674	8.03782	-0.000288542	2.84748e-05	2
-27.5435	9.01795	-0.000331658	3.33158e-05	2
-27.7911	9.99005	-0.000373368	3.81627e-05	2
-28.0106	10.9541	-0.000413688	4.30085e-05	2
-28.2024	11.9102	-0.000452635	4.78463e-05	2
-28.3669	12.8582	-0.000490225	5.26689e-05	2
-28.5043	13.7982	-0.000526475	5.74694e-05	2
-28.615	14.7302	-0.000561401	6.22407e-05	2
-28.6995	15.6542	-0.00059502	6.69759e-05	2
-28.7579	16.5701	-0.000627348	7.16679e-05	2
-28.7908	17.4781	-0.000658402	7.63097e-05	2
-28.7984	18.3781	-0.000688198	8.08942e-05	2
-28.7811	19.27	-0.000716753	8.54145e-05	2
-28.7392	20.154	-0.000744083	8.98636e-05	2
-28.6731	21.03	-0.000770204	9.42343e-05	2
-28.5832	21.898	-0.000795134	9.85198e-05	2
-28.4698	22.758	-0.000818888	0.000102713	2
-28.3332	23.61	-0.000841483	0.000106807	2
-28.1738	24.4541	-0.000862936	0.000110794	2
-27.9919	25.2901	-0.000883263	0.000114668	2
-27.7905	26.1088	-0.000902265	0.00011838	2
-27.565	26.929	-0.000920402	0.000122007	2
-27.3182	27.7412	-0.000937462	0.000125501	2
-27.0503	28.5456	-0.000953461	0.000128853	2
-26.7618	29.3419	-0.000968417	0.000132056	2
-26.4528	30.1303	-0.000982346	0.000135105	2
-26.1239	30.9107	-0.000995264	0.000137991	2
-25.7754	31.6832	-0.00100719	0.000140707	2
-25.4075	32.4478	-0.00101813	0.000143247	2
-25.0208	33.2044	-0.00102812	0.000145603	2
-24.6154	33.953	-0.00103716	0.000147769	2
-24.1918	34.6938	-0.00104527	0.000149738	2
-23.7504	35.4266	-0.00105247	0.000151502	2
-23.2914	36.1515	-0.00105877	0.000153054	2
-22.8152	36.8684	-0.00106419	0.000154388	2
-22.3222	37.5775	-0.00106875	0.000155496	2
-21.8127	38.2786	-0.00107247	0.000156372	2
-21.2871	38.9718	-0.00107536	0.000157008	2
-20.7457	39.6571	-0.00107743	0.000157397	2
-20.1889	40.3345	-0.00107871	0.000157532	2
-19.617	41.004	-0.0010792	0.000157407	2
-19.0304	41.6656	-0.00107894	0.000157015	2
-18.4295	42.3193	-0.00107792	0.000156347	2
-17.8216	42.9577	-0.0010762	0.000155411	2
-17.1932	43.5957	-0.00107375	0.000154176	2
-16.5514	44.2259	-0.0010706	0.000152646	2
-15.8966	44.8481	-0.00106677	0.000150813	2
-15.2292	45.4625	-0.00106227	0.00014867	2
-14.5496	46.069	-0.00105713	0.00014621	2
-13.8581	46.6676	-0.00105136	0.000143427	2
-13.155	47.2583	-0.00104496	0.000140313	2
-12.4407	47.8412	-0.00103797	0.000136861	2
-11.7155	48.4162	-0.0010304	0.000133064	2
-10.9799	48.9834	-0.00102226	0.000128916	2
-10.2341	49.5427	-0.00101357	0.000124409	2
-9.47846	50.0942	-0.00100435	0.000119535	2
-8.7134	50.6378	-0.000994613	0.000114289	2
-7.93925	51.1735	-0.000984374	0.000108663	2
-7.15636	51.7015	-0.000973652	0.00010265	2
-6.36507	52.2216	-0.000962462	9.62429e-05	2
-5.56574	52.7338	-0.000950822	8.9435e-05	2
-4.75872	53.2382	-0.000938748	8.2219e-05	2
-3.94436	53.7348	-0.000926256	7.4588e-05	2
-3.12302	54.2236	-0.000913362	6.6535e-05	2
-2.29504	54.7045	-0.000900084	5.8053e-05	2
-1.46078	55.1777	-0.000886437	4.91348e-05	2
-0.620585	55.643	-0.000872439	3.97736e-05	2
0.215437	56.0953	-0.000858272	3.00777e-05	2
1.06638	56.5451	-0.000843622	1.98145e-05	2
1.92221	56.9871	-0.000828671	9.08734e-06	2
2.78256	57.4213	-0.000813433	-2.11095e-06	2
3.64709	57.8477	-0.000797925	-1.37873e-05	2
4.51545	58.2663	-0.000782165	-2.59488e-05	2
5.38728	58.6771	-0.000766167	-3.86025e-05	2
6.26224	59.0801	-0.00074995	-5.17552e-05	2
7.13996	59.4754	-0.000733529	-6.54142e-05	2
8.02011	59.8628	-0.00071692	-7.95863e-05	2
8.90232	60.2425	-0.000700141	-9.42787e-05	2
9.78626	60.6144	-0.000683207	-0.000109498	2
10.6716	60.9786	-0.000666136	-0.000125252	2
11.5579	61.335	-0.000648943	-0.000141547	2
12.4448	61.6836	-0.000631646	-0.000158391	2
13.3321	62.0244	-0.00061426	-0.000175789	2
14.2194	62.3575	-0.000596802	-0.00019375	2
15.1062	62.6829	-0.000579289	-0.000212281	2
15.9923	63.0005	-0.000561737	-0.000231387	2
16.8773	63.3104	-0.000544162	-0.000251077	2
17.7609	63.6125	-0.000526581	-0.000271358	2
18.6426	63.9069	-0.000509011	-0.000292236	2
19.5222	64.1935	-0.000491468	-0.000313718	2
20.3893	64.4693	-0.000474169	-0.000335554	2
21.2636	64.7405	-0.000456729	-0.00035826	2
22.1346	65.0041	-0.000439365	-0.00038159	2
23.0022	65.2599	-0.000422093	-0.000405553	2

24.9969	2.01033	1.38052e-07	-2.73334e-07	2
24.7288	2.90207	1.08595e-05	-2.33661e-05	2
24.4569	3.81161	1.94208e-05	-4.59015e-05	2
24.1847	4.72833	2.57296e-05	-6.76163e-05	2
23.9154	5.64126	2.97972e-05	-8.82851e-05	2
23.6432	6.57136	3.17635e-05	-0.000108398	2
23.3715	7.50773	3.16145e-05	-0.000127722	2
23.1005	8.45009	2.93961e-05	-0.000146265	2
22.8305	9.39814	2.51542e-05	-0.000164039	2
22.5618	10.3516	1.89347e-05	-0.000181053	2
22.2948	11.3101	1.07835e-05	-0.000197318	2
22.0296	12.2734	7.46365e-07	-0.000212843	2
21.7665	13.2412	-1.11307e-05	-0.00022764	2
21.5059	14.2132	-2.48019e-05	-0.000241718	2
21.248	15.1891	-4.02213e-05	-0.000255087	2
20.9931	16.1686	-5.7343e-05	-0.000267758	2
20.7415	17.1515	-7.61211e-05	-0.000279741	2
20.4935	18.1373	-9.65098e-05	-0.000291045	2
20.2493	19.1258	-0.000118463	-0.000301682	2
20.0093	20.1167	-0.000141935	-0.000311662	2
19.7736	21.1097	-0.000166881	-0.000320994	2
19.5427	22.1046	-0.000193253	-0.000329688	2
19.3168	23.1009	-0.000221006	-0.000337756	2
19.0961	24.0985	-0.000250094	-0.000345206	2
18.881	25.097	-0.000280472	-0.000352051	2
18.6717	26.0961	-0.000312094	-0.000358298	2
18.4709	27.084	-0.000344529	-0.000363898	2
18.274	28.0834	-0.000378487	-0.00036899	2
18.0839	29.0826	-0.000413551	-0.000373515	2
17.9007	30.0812	-0.000449675	-0.000377485	2
17.7248	31.0789	-0.000486815	-0.00038091	2
17.5563	32.0755	-0.000524923	-0.000383799	2
17.3958	33.0706	-0.000563953	-0.000386162	2
17.2433	34.0639	-0.000603861	-0.000388011	2
17.0991	35.0552	-0.0006446	-0.000389355	2
16.9637	36.0441	-0.000686124	-0.000390204	2
16.8372	37.0304	-0.000728388	-0.000390568	2
16.7199	38.0137	-0.000771344	-0.000390459	2
16.6121	38.9937	-0.000814949	-0.000389885	2
16.5141	39.9702	-0.000859155	-0.000388857	2
16.4262	40.9428	-0.000903916	-0.000387386	2
16.3487	41.9113	-0.000949188	-0.000385481	2
16.2818	42.8754	-0.000994924	-0.000383153	2
16.2258	43.8347	-0.00104108	-0.000380411	2
16.181	44.7889	-0.0010876	-0.000377267	2
16.1478	45.7378	-0.00113446	-0.00037373	2
16.1263	46.6811	-0.00118159	-0.00036981	2
16.1169	47.6184	-0.00122896	-0.000365518	2
16.1198	48.5495	-0.00127651	-0.000360864	2
16.135	49.4635	-0.00132366	-0.000355917	2
16.1633	50.3813	-0.00137146	-0.000350573	2
16.2048	51.292	-0.0014193	-0.000344897	2
16.2598	52.1953	-0.00146716	-0.0003389	2
16.3285	53.0908	-0.00151497	-0.000332591	2
16.4112	53.9783	-0.0015627	-0.000325981	2
16.5083	54.8575	-0.00161029	-0.000319081	2
16.62	55.7281	-0.00165771	-0.000311899	2
16.7465	56.5898	-0.0017049	-0.000304447	2
16.8882	57.4422	-0.00175182	-0.000296734	2
17.0454	58.2852	-0.00179843	-0.000288772	2
17.2183	59.1183	-0.00184468	-0.000280569	2
17.4072	59.9413	-0.00189052	-0.000272136	2
17.6125	60.7539	-0.0019359	-0.000263484	2
17.8343	61.5559	-0.00198079	-0.000254623	2
18.073	62.3468	-0.00202513	-0.000245562	2
18.3288	63.1264	-0.00206888	-0.000236312	2
18.6021	63.8944	-0.002112	-0.000226884	2
18.893	64.6505	-0.00215443	-0.000217286	2
19.202	65.3944	-0.00219613	-0.00020753	2
19.5293	66.1258	-0.00223706	-0.000197626	2
19.8751	66.8444	-0.00227717	-0.000187584	2
20.2398	67.55	-0.00231641	-0.000177414	2
20.6236	68.2421	-0.00235475	-0.000167127	2
21.0221	68.9129	-0.0023917	-0.000156851	2
21.4448	69.5775	-0.00242808	-0.00014636	2
21.8875	70.2279	-0.00246341	-0.000135781	2
22.3504	70.8637	-0.00249765	-0.000125125	2
22.8339	71.4846	-0.00253074	-0.000114403	2
23.3382	72.0903	-0.00256265	-0.000103624	2
23.8636	72.6806	-0.00259333	-9.27977e-05	2
24.4105	73.2551	-0.00262273	-8.19357e-05	2
24.9789	73.8135	-0.0026508	-7.10476e-05	2
25.5694	74.3556	-0.00267751	-6.01435e-05	2
26.1821	74.881	-0.0027028	-4.92338e-05	2
26.8173	75.3894	-0.00272662	-3.83285e-05	2
27.4753	75.8806	-0.00274894	-2.74379e-05	2
28.1565	76.3542	-0.0027697	-1.65722e-05	2
28.8609	76.81	-0.00278887	-5.74156e-06	2
29.5891	77.2476	-0.00280639	5.04384e-06	2
30.3412	77.6668	-0.00282222	1.57738e-05	2
31.1175	78.0672	-0.00283631	2.64381e-05	2
31.9183	78.4485	-0.00284861	3.70266e-05	2
32.7439	78.8105	-0.00285909	4.75291e-05	2
33.5946	79.1529	-0.0028677	5.79354e-05	2
34.4707	79.4753	-0.00287438	6.82353e-05	2
35.3723	79.7775	-0.00287909	7.84186e-05	2
36.2891	80.056	-0.00288178	8.83602e-05	2
37.2426	80.3171	-0.00288245	9.82814e-05	2
38.2226	80.557	-0.00288101	0.000108055	2
39.2294	80.7755	-0.00287742	0.000117672	2

75.0007	2.01088	-1.45605e-07	2.23762e-07	2
75.0442	2.94449	-1.25055e-05	1.85832e-05	2
75.0528	3.88401	-2.46903e-05	3.5403e-05	2
75.0265	4.81858	-3.65654e-05	5.04975e-05	2
74.9671	5.73759	-4.80104e-05	6.37601e-05	2
74.874	6.66243	-5.93023e-05	7.55372e-05	2
74.7486	7.58243	-7.03174e-05	8.57029e-05	2
74.5918	8.49761	-8.10665e-05	9.42955e-05	2
74.4044	9.40802	-9.15607e-05	0.000101353	2
74.1873	10.3137	-0.000101811	0.000106914	2
73.9412	11.2146	-0.000111828	0.000111016	2
73.6672	12.1109	-0.000121624	0.000113697	2
73.366	13.0024	-0.000131208	0.000114996	2
73.0385	13.8894	-0.000140592	0.000114951	2
72.6856	14.7718	-0.000149787	0.0001136	2
72.308	15.6496	-0.000158805	0.00011098	2
71.9067	16.5229	-0.000167655	0.000107131	2
71.4825	17.3917	-0.000176349	0.00010209	2
71.0363	18.2561	-0.000184897	9.58959e-05	2
70.5689	19.116	-0.000193312	8.85861e-05	2
70.0811	19.9715	-0.000201604	8.01991e-05	2
69.5739	20.8227	-0.000209783	7.07731e-05	2
69.0481	21.6695	-0.000217861	6.03461e-05	2
68.5046	22.512	-0.000225849	4.89563e-05	2
67.9441	23.3503	-0.000233758	3.66418e-05	2
67.3676	24.1843	-0.000241598	2.34409e-05	2
66.7827	25.0046	-0.000249293	9.55781e-06	2
66.1768	25.8303	-0.00025703	-5.29257e-06	2
65.5575	26.6518	-0.000264732	-2.09154e-05	2
64.9254	27.4693	-0.000272409	-3.72726e-05	2
64.2816	28.2826	-0.000280073	-5.4326e-05	2
63.6269	29.0919	-0.000287735	-7.20375e-05	2
62.9621	29.8973	-0.000295405	-9.03688e-05	2
62.2881	30.6986	-0.000303094	-0.000109282	2
61.6057	31.4959	-0.000310814	-0.000128739	2
60.9159	32.2894	-0.000318575	-0.000148701	2
60.2193	33.079	-0.000326389	-0.00016913	2
59.517	33.8647	-0.000334266	-0.000189989	2
58.8098	34.6466	-0.000342217	-0.000211238	2
58.0984	35.4247	-0.000350254	-0.000232841	2
57.3838	36.199	-0.000358387	-0.000254758	2
56.6669	36.9697	-0.000366627	-0.000276952	2
55.9484	37.7366	-0.000374986	-0.000299384	2
55.2293	38.4999	-0.000383473	-0.000322016	2
54.5104	39.2595	-0.000392102	-0.000344811	2
53.7925	40.0156	-0.000400881	-0.00036773	2
53.0765	40.7681	-0.000409822	-0.000390734	2
52.3633	41.517	-0.000418937	-0.000413786	2
51.6536	42.2625	-0.000428236	-0.000436848	2
50.9566	42.996	-0.00043762	-0.000459616	2
50.2567	43.7345	-0.000447317	-0.000482583	2
49.563	44.4697	-0.000457232	-0.000505446	2
48.8763	45.2015	-0.000467375	-0.000528166	2
48.1974	45.93	-0.000477756	-0.000550705	2
47.5274	46.6552	-0.000488388	-0.000573026	2
46.8669	47.3771	-0.00049928	-0.000595089	2
46.2168	48.0957	-0.000510444	-0.000616857	2
45.5781	48.8111	-0.000521891	-0.000638292	2
44.9515	49.5234	-0.000533632	-0.000659355	2
44.3379	50.2325	-0.000545678	-0.000680009	2
43.7382	50.9385	-0.000558039	-0.000700215	2
43.1532	51.6414	-0.000570728	-0.000719934	2
42.5837	52.3412	-0.000583754	-0.00073913	2
42.0308	53.0381	-0.000597128	-0.000757764	2
41.4951	53.7319	-0.000610863	-0.000775797	2
40.9775	54.4228	-0.000624968	-0.000793191	2
40.4789	55.1108	-0.000639455	-0.000809909	2
40.0002	55.7958	-0.000654335	-0.000825912	2
39.5422	56.4781	-0.000669618	-0.000841162	2
39.1058	57.1575	-0.000685316	-0.000855621	2
38.6918	57.834	-0.000701439	-0.000869251	2
38.301	58.5079	-0.000717999	-0.000882013	2
37.9344	59.179	-0.000735006	-0.000893869	2
37.5965	59.8397	-0.000752269	-0.000904662	2
37.2804	60.5055	-0.000770199	-0.000914605	2
36.991	61.1686	-0.00078861	-0.000923528	2
36.7292	61.8291	-0.000807512	-0.000931393	2
36.4957	62.4871	-0.000826916	-0.000938162	2
36.2914	63.1425	-0.000846833	-0.000943797	2
36.1173	63.7954	-0.000867275	-0.000948261	2
35.9742	64.4458	-0.000888252	-0.000951513	2
35.8628	65.0938	-0.000909776	-0.000953518	2
35.7841	65.7394	-0.000931856	-0.000954235	2
35.739	66.3826	-0.000954505	-0.000953628	2
35.7282	67.0234	-0.000977733	-0.000951658	2
35.7527	67.6619	-0.00100155	-0.000948287	2
35.8132	68.2982	-0.00102597	-0.000943477	2
35.9108	68.9322	-0.001051	-0.000937189	2
36.0461	69.564	-0.00107666	-0.000929386	2
36.22	70.1936	-0.00110294	-0.000920029	2
36.4335	70.821	-0.00112988	-0.000909081	2
36.6874	71.4463	-0.00115747	-0.000896502	2
36.9824	72.0695	-0.00118573	-0.000882255	2
37.3196	72.6907	-0.00121466	-0.000866303	2
37.6997	73.3098	-0.00124428	-0.000848605	2
38.1235	73.927	-0.00127461	-0.000829125	2
38.5864	74.5351	-0.00130528	-0.00080808	2
39.0999	75.1484	-0.00133703	-0.000784943	2
39.6597	75.7598	-0.00136951	-0.000759908	2
40.2668	76.3693	-0.00140274	-0.000732939	2

124.998	2.01171	-5.38037e-07	2.99195e-07	2
124.771	3.00959	-4.62339e-05	2.5348e-05	2
124.52	4.00055	-9.13202e-05	4.93289e-05	2
124.245	4.97319	-0.000135283	7.19615e-05	2
123.951	5.91697	-0.00017766	9.30272e-05	2
123.633	6.85414	-0.000219462	0.000113035	2
123.292	7.77394	-0.000260213	0.00013175	2
122.931	8.67669	-0.000299937	0.000149192	2
122.549	9.56269	-0.00033866	0.00016538	2
122.147	10.4323	-0.000376406	0.000180333	2
121.725	11.2858	-0.000413198	0.000194068	2
121.284	12.1234	-0.000449062	0.000206606	2
120.824	12.9456	-0.000484021	0.000217966	2
120.346	13.7527	-0.000518101	0.000228165	2
119.85	14.5449	-0.000551324	0.000237222	2
119.336	15.3226	-0.000583717	0.000245158	2
118.805	16.086	-0.000615302	0.000251989	2
118.258	16.8356	-0.000646105	0.000257736	2
117.694	17.5715	-0.00067615	0.000262417	2
117.115	18.2942	-0.000705461	0.000266052	2
116.52	19.004	-0.000734062	0.000268657	2
115.911	19.7011	-0.000761979	0.000270254	2
115.287	20.3859	-0.000789235	0.00027086	2
114.65	21.0587	-0.000815854	0.000270494	2
113.999	21.7198	-0.000841861	0.000269176	2
113.334	22.3695	-0.000867281	0.000266923	2
112.665	23.0008	-0.000891855	0.000263797	2
111.977	23.6289	-0.000916178	0.000259743	2
111.276	24.2465	-0.000939987	0.000254812	2
110.564	24.854	-0.000963306	0.000249022	2
109.842	25.4516	-0.000986158	0.000242392	2
109.109	26.0398	-0.00100857	0.00023494	2
108.366	26.6189	-0.00103056	0.000226687	2
107.614	27.189	-0.00105216	0.00021765	2
106.852	27.7507	-0.00107339	0.000207848	2
106.083	28.3041	-0.00109428	0.0001973	2
105.304	28.8496	-0.00111485	0.000186026	2
104.519	29.3875	-0.00113512	0.000174043	2
103.726	29.9181	-0.00115512	0.000161372	2
102.926	30.4418	-0.00117487	0.00014803	2
102.12	30.9588	-0.00119441	0.000134036	2
101.308	31.4695	-0.00121374	0.00011941	2
100.49	31.9741	-0.0012329	0.000104169	2
99.6676	32.4731	-0.00125191	8.83339e-05	2
98.8405	32.9667	-0.00127079	7.19225e-05	2
98.0092	33.4552	-0.00128958	5.49537e-05	2
97.1743	33.939	-0.00130829	3.74464e-05	2
96.3361	34.4183	-0.00132694	1.94194e-05	2
95.4952	34.8935	-0.00134557	8.91639e-07	2
94.6616	35.3595	-0.00136398	-1.78969e-05	2
93.8164	35.8274	-0.00138263	-3.73646e-05	2
92.9698	36.2922	-0.00140132	-5.72767e-05	2
92.1222	36.7541	-0.00142008	-7.76145e-05	2
91.274	37.2134	-0.00143894	-9.83591e-05	2
90.4256	37.6705	-0.00145791	-0.000119492	2
89.5777	38.1257	-0.00147703	-0.000140993	2
88.7304	38.5793	-0.00149631	-0.000162845	2
87.8844	39.0316	-0.00151579	-0.000185029	2
87.0401	39.483	-0.00153548	-0.000207525	2
86.1979	39.9336	-0.00155541	-0.000230314	2
85.3582	40.384	-0.0015756	-0.000253379	2
84.5215	40.8343	-0.00159609	-0.0002767	2
83.6883	41.2849	-0.00161688	-0.000300258	2
82.859	41.7361	-0.00163802	-0.000324034	2
82.034	42.1882	-0.00165952	-0.00034801	2
81.2138	42.6416	-0.0016814	-0.000372166	2
80.3988	43.0965	-0.00170369	-0.000396485	2
79.5895	43.5533	-0.00172642	-0.000420946	2
78.7863	44.0123	-0.00174961	-0.000445532	2
77.9897	44.4737	-0.00177329	-0.000470223	2
77.2001	44.938	-0.00179747	-0.000495	2
76.418	45.4054	-0.00182218	-0.000519845	2
75.6438	45.8763	-0.00184745	-0.000544739	2
74.8867	46.3454	-0.001873	-0.000569376	2
74.1295	46.8241	-0.00189945	-0.000594311	2
73.3815	47.3071	-0.00192653	-0.000619238	2
72.6433	47.7948	-0.00195426	-0.000644139	2
71.9151	48.2876	-0.00198268	-0.000668995	2
71.1976	48.7857	-0.00201179	-0.000693786	2
70.4911	49.2894	-0.00204163	-0.000718495	2
69.796	49.7991	-0.00207223	-0.000743102	2
69.1128	50.3151	-0.0021036	-0.000767589	2
68.442	50.8377	-0.00213577	-0.000791936	2
67.784	51.3672	-0.00216876	-0.000816124	2
67.1393	51.9039	-0.00220261	-0.000840136	2
66.5083	52.4482	-0.00223732	-0.000863952	2
65.8913	53.0003	-0.00227294	-0.000887553	2
65.289	53.5606	-0.00230947	-0.00091092	2
64.7017	54.1294	-0.00234696	-0.000934035	2
64.1299	54.707	-0.00238541	-0.000956878	2
63.5741	55.2937	-0.00242486	-0.000979431	2
63.0345	55.8899	-0.00246533	-0.00100168	2
62.5118	56.4958	-0.00250684	-0.00102359	2
62.0064	57.1117	-0.00254942	-0.00104516	2
61.5187	57.7381	-0.00259309	-0.00106637	2
61.0491	58.3751	-0.00263789	-0.00108719	2
60.6032	59.0157	-0.00268328	-0.00110737	2
60.1711	59.6749	-0.00273037	-0.00112737	2
59.7584	60.3458	-0.00277864	-0.00114693	2
59.3657	61.0287	-0.00282813	-0.00116603	2

