-125	2.01035	3.33178e-07	7.45831e-08	2
-124.982	2.90019	2.80719e-05	5.98236e-06	2
-124.997	3.80048	5.43111e-05	1.09548e-05	2
-125.045	4.70077	7.87444e-05	1.49394e-05	2
-125.123	5.59065	0.000101148	1.79289e-05	2
-125.232	6.49074	0.00012207	2.00146e-05	2
-125.371	7.39061	0.000141266	2.11784e-05	2
-125.539	8.29019	0.000158762	2.14422e-05	2
-125.735	9.18941	0.000174587	2.08281e-05	2
-125.959	10.0882	0.000188765	1.93582e-05	2
-126.209	10.9864	0.000201325	1.70545e-05	2
-126.485	11.8841	0.000212293	1.3939e-05	2
-126.786	12.781	0.000221695	1.00338e-05	2
-127.11	13.6772	0.000229559	5.36095e-06	2
-127.458	14.5726	0.000235911	-5.75435e-08	2
-127.828	15.4671	0.000240779	-6.19962e-06	2
-128.22	16.3606	0.000244187	-1.30432e-05	2
-128.633	17.2531	0.000246165	-2.05664e-05	2
-129.065	18.1444	0.000246738	-2.87469e-05	2
-129.517	19.0345	0.000245933	-3.75629e-05	2
-129.986	19.9233	0.000243776	-4.69922e-05	2
-130.474	20.8107	0.000240296	-5.70129e-05	2
-130.977	21.6967	0.000235517	-6.76028e-05	2
-131.497	22.5812	0.000229468	-7.87399e-05	2
-132.031	23.4641	0.000222175	-9.04023e-05	2
-132.579	24.3454	0.000213664	-0.000102568	2
-133.135	25.2147	0.000204081	-0.000115066	2
-133.709	26.0924	0.00019323	-0.000128167	2
-134.294	26.9682	0.000181241	-0.000141705	2
-134.891	27.842	0.000168141	-0.000155658	2
-135.497	28.7138	0.000153958	-0.000170004	2
-136.113	29.5834	0.000138717	-0.000184721	2
-136.736	30.4509	0.000122447	-0.000199787	2
-137.368	31.316	0.000105173	-0.000215181	2
-138.006	32.1788	8.69222e-05	-0.000230879	2
-138.649	33.0392	6.77215e-05	-0.00024686	2
-139.298	33.897	4.75977e-05	-0.000263103	2
-139.951	34.7523	2.65775e-05	-0.000279584	2
-140.607	35.6049	4.68768e-06	-0.000296282	2
-141.266	36.4547	-1.8045e-05	-0.000313175	2
-141.927	37.3018	-4.15938e-05	-0.00033024	2
-142.588	38.146	-6.59319e-05	-0.000347456	2
-143.249	38.9871	-9.10325e-05	-0.000364801	2
-143.91	39.8253	-0.000116869	-0.000382252	2
-144.569	40.6603	-0.000143414	-0.000399788	2
-145.225	41.4921	-0.000170642	-0.000417387	2
-145.878	42.3207	-0.000198525	-0.000435026	2
-146.527	43.1459	-0.000227037	-0.000452683	2
-147.172	43.9677	-0.000256151	-0.000470337	2
-147.803	44.7766	-0.000285495	-0.000487763	2
-148.434	45.5913	-0.000315727	-0.000505344	2
-149.059	46.4024	-0.00034648	-0.000522855	2
-149.675	47.2097	-0.000377728	-0.000540275	2
-150.282	48.0133	-0.000409445	-0.000557582	2
-150.879	48.8129	-0.000441603	-0.000574752	2
-151.466	49.6086	-0.000474177	-0.000591765	2
-152.041	50.4003	-0.000507138	-0.000608599	2
-152.603	51.1878	-0.000540461	-0.00062523	2
-153.152	51.9712	-0.000574118	-0.000641638	2
-153.688	52.7503	-0.000608083	-0.0006578	2
-154.208	53.525	-0.000642329	-0.000673694	2
-154.713	54.2953	-0.000676829	-0.000689299	2
-155.201	55.0612	-0.000711557	-0.000704591	2
-155.672	55.8224	-0.000746485	-0.000719549	2
-156.124	56.579	-0.000781588	-0.000734151	2
-156.558	57.3309	-0.000816837	-0.000748375	2
-156.972	58.078	-0.000852207	-0.000762199	2
-157.365	58.8202	-0.000887671	-0.0007756	2
-157.737	59.5574	-0.000923201	-0.000788558	2
-158.086	60.2897	-0.000958772	-0.000801049	2
-158.412	61.0168	-0.000994356	-0.000813051	2
-158.714	61.7387	-0.00102993	-0.000824544	2
-158.992	62.4554	-0.00106546	-0.000835504	2
-159.241	63.1585	-0.00110051	-0.000845793	2
-159.466	63.8645	-0.00113588	-0.000855628	2
-159.665	64.565	-0.00117113	-0.000864866	2
-159.835	65.2599	-0.00120624	-0.000873483	2
-159.976	65.9492	-0.00124117	-0.000881457	2
-160.088	66.6327	-0.0012759	-0.000888768	2
-160.169	67.3105	-0.0013104	-0.000895391	2
-160.218	67.9824	-0.00134465	-0.000901307	2
-160.236	68.6483	-0.00137861	-0.000906491	2
-160.22	69.3083	-0.00141227	-0.000910923	2
-160.17	69.9621	-0.0014456	-0.000914581	2
-160.086	70.6097	-0.00147856	-0.000917441	2
-159.966	71.2511	-0.00151114	-0.000919483	2
-159.809	71.8862	-0.0015433	-0.000920684	2
-159.616	72.5148	-0.00157502	-0.000921023	2
-159.384	73.137	-0.00160627	-0.000920476	2
-159.114	73.7526	-0.00163703	-0.000919023	2
-158.803	74.3616	-0.00166727	-0.00091664	2
-158.453	74.9639	-0.00169695	-0.000913307	2
-158.061	75.5593	-0.00172606	-0.000909	2
-157.626	76.1479	-0.00175457	-0.000903699	2
-157.149	76.7296	-0.00178245	-0.00089738	2
-156.628	77.3042	-0.00180968	-0.000890022	2
-156.069	77.8653	-0.00183592	-0.000881706	2
-155.458	78.4258	-0.00186176	-0.000872216	2
-154.801	78.979	-0.00188687	-0.000861621	2
-154.097	79.5249	-0.00191121	-0.000849899	2

-75.001	2.01129	-2.44281e-07	-6.32706e-08	2
-75.0975	2.97445	-2.08459e-05	-5.65008e-06	2
-75.2222	3.9334	-4.08858e-05	-1.15946e-05	2
-75.3735	4.87711	-6.01444e-05	-1.78337e-05	2
-75.5487	5.79528	-7.84382e-05	-2.42904e-05	2
-75.7512	6.70954	-9.62172e-05	-3.1115e-05	2
-75.9788	7.60942	-0.000113289	-3.82341e-05	2
-76.2308	8.49519	-0.000129679	-4.56477e-05	2
-76.5068	9.36713	-0.000145411	-5.33558e-05	2
-76.8061	10.2255	-0.000160511	-6.13584e-05	2
-77.1282	11.0707	-0.000175003	-6.96555e-05	2
-77.4727	11.9028	-0.000188912	-7.82471e-05	2
-77.8389	12.7223	-0.000202263	-8.71333e-05	2
-78.2263	13.5293	-0.00021508	-9.6314e-05	2
-78.6344	14.3242	-0.000227389	-0.000105789	2
-79.0626	15.1073	-0.000239215	-0.000115559	2
-79.5104	15.8787	-0.000250581	-0.000125623	2
-79.9774	16.6389	-0.000261514	-0.000135982	2
-80.4628	17.3881	-0.000272037	-0.000146636	2
-80.9662	18.1265	-0.000282176	-0.000157584	2
-81.4871	18.8545	-0.000291955	-0.000168826	2
-82.0248	19.5723	-0.0003014	-0.000180364	2
-82.579	20.2803	-0.000310535	-0.000192195	2
-83.1489	20.9786	-0.000319384	-0.000204322	2
-83.7342	21.6676	-0.000327973	-0.000216743	2
-84.3342	22.3476	-0.000336327	-0.000229458	2
-84.9413	23.0111	-0.000344378	-0.000242317	2
-85.569	23.674	-0.000352337	-0.000255619	2
-86.2099	24.3286	-0.000360135	-0.000269215	2
-86.8634	24.9753	-0.000367796	-0.000283105	2
-87.5289	25.6144	-0.000375346	-0.00029729	2
-88.206	26.2461	-0.000382809	-0.00031177	2
-88.8941	26.8708	-0.00039021	-0.000326545	2
-89.5926	27.4887	-0.000397573	-0.000341614	2
-90.301	28.1	-0.000404925	-0.000356978	2
-91.0188	28.7051	-0.000412288	-0.000372637	2
-91.7454	29.3043	-0.000419689	-0.00038859	2
-92.4803	29.8978	-0.000427152	-0.000404838	2
-93.2229	30.4859	-0.000434702	-0.00042138	2
-93.9728	31.069	-0.000442364	-0.000438218	2
-94.7294	31.6472	-0.000450162	-0.00045535	2
-95.492	32.2208	-0.000458121	-0.000472776	2
-96.2603	32.7902	-0.000466266	-0.000490498	2
-97.0337	33.3557	-0.000474623	-0.000508514	2
-97.8115	33.9174	-0.000483215	-0.000526824	2
-98.5933	34.4757	-0.000492068	-0.00054543	2
-99.3786	35.0309	-0.000501206	-0.00056433	2
-100.167	35.5833	-0.000510655	-0.000583525	2
-100.957	36.133	-0.000520439	-0.000603015	2
-101.741	36.6742	-0.000530463	-0.00062257	2
-102.534	37.2197	-0.000540987	-0.000642646	2
-103.329	37.7635	-0.00055192	-0.000663017	2
-104.123	38.3058	-0.000563287	-0.000683682	2
-104.918	38.847	-0.000575112	-0.000704642	2
-105.711	39.3873	-0.000587422	-0.000725897	2
-106.503	39.9269	-0.00060024	-0.000747447	2
-107.293	40.4663	-0.000613591	-0.000769291	2
-108.081	41.0056	-0.000627501	-0.000791431	2
-108.865	41.5451	-0.000641993	-0.000813865	2
-109.646	42.0852	-0.000657093	-0.000836594	2
-110.423	42.6261	-0.000672826	-0.000859617	2
-111.195	43.1681	-0.000689216	-0.000882936	2
-111.962	43.7114	-0.000706289	-0.000906549	2
-112.724	44.2564	-0.000724068	-0.000930457	2
-113.479	44.8033	-0.000742579	-0.00095466	2
-114.227	45.3525	-0.000761848	-0.000979158	2
-114.968	45.9041	-0.000781897	-0.00100395	2
-115.702	46.4585	-0.000802753	-0.00102904	2
-116.426	47.016	-0.00082444	-0.00105442	2
-117.142	47.5768	-0.000846983	-0.0010801	2
-117.848	48.1412	-0.000870407	-0.00110607	2
-118.545	48.7095	-0.000894736	-0.00113234	2
-119.23	49.282	-0.000919996	-0.0011589	2
-119.897	49.8523	-0.000945905	-0.00118545	2
-120.56	50.434	-0.000973088	-0.00121259	2
-121.211	51.0207	-0.00100128	-0.00124004	2
-121.849	51.6127	-0.00103049	-0.00126778	2
-122.474	52.2103	-0.00106077	-0.00129581	2
-123.086	52.8137	-0.00109212	-0.00132414	2
-123.682	53.4233	-0.00112457	-0.00135276	2
-124.264	54.0394	-0.00115816	-0.00138168	2
-124.831	54.6621	-0.00119289	-0.00141089	2
-125.382	55.2919	-0.00122881	-0.0014404	2
-125.916	55.9289	-0.00126593	-0.0014702	2
-126.433	56.5735	-0.00130427	-0.0015003	2
-126.932	57.2259	-0.00134387	-0.00153069	2
-127.414	57.8864	-0.00138475	-0.00156138	2
-127.877	58.5554	-0.00142693	-0.00159236	2
-128.32	59.233	-0.00147044	-0.00162364	2
-128.744	59.9196	-0.00151529	-0.00165521	2
-129.148	60.6154	-0.00156153	-0.00168708	2
-129.531	61.3208	-0.00160917	-0.00171924	2
-129.892	62.036	-0.00165823	-0.0017517	2
-130.232	62.7612	-0.00170875	-0.00178445	2
-130.549	63.4969	-0.00176074	-0.0018175	2
-130.843	64.2432	-0.00181423	-0.00185084	2
-131.111	64.9916	-0.00186861	-0.00188409	2
-131.358	65.76	-0.00192516	-0.00191802	2
-131.58	66.5398	-0.00198328	-0.00195224	2
-131.778	67.3314	-0.00204301	-0.00198676	2

-25.0006	2.01181	1.40857e-07	-4.64707e-07	2
-25.0632	3.02276	1.35668e-05	-3.90134e-05	2
-25.1451	4.03625	2.97604e-05	-7.51941e-05	2
-25.2454	5.04062	4.85384e-05	-0.000108591	2
-25.3623	6.02461	6.95993e-05	-0.000138917	2
-25.4984	7.01127	9.33908e-05	-0.000166925	2
-25.6519	7.98925	0.00011964	-0.000192295	2
-25.8226	8.95869	0.000148305	-0.000215078	2
-26.0102	9.91975	0.000179343	-0.000235322	2
-26.2143	10.8726	0.000212712	-0.000253076	2
-26.4347	11.8173	0.000248369	-0.000268389	2
-26.6711	12.7541	0.000286272	-0.00028131	2
-26.9231	13.6831	0.000326379	-0.000291888	2
-27.1905	14.6044	0.000368647	-0.000300173	2
-27.4729	15.5183	0.000413035	-0.000306213	2
-27.77	16.4248	0.000459499	-0.000310057	2
-28.0815	17.3241	0.000507997	-0.000311755	2
-28.4072	18.2164	0.000558487	-0.000311355	2
-28.7466	19.1017	0.000610926	-0.000308907	2
-29.0996	19.9803	0.000665273	-0.000304459	2
-29.4657	20.8523	0.000721484	-0.000298061	2
-29.8447	21.7178	0.000779518	-0.000289762	2
-30.2363	22.577	0.000839332	-0.00027961	2
-30.6402	23.4301	0.000900884	-0.000267654	2
-31.056	24.2771	0.000964131	-0.000253945	2
-31.4834	25.1183	0.00102903	-0.00023853	2
-31.9171	25.9442	0.00109477	-0.000221664	2
-32.3668	26.7741	0.00116283	-0.000203004	2
-32.8273	27.5987	0.00123242	-0.000182786	2
-33.2981	28.4179	0.00130349	-0.000161058	2
-33.7791	29.232	0.001376	-0.000137869	2
-34.2699	30.0412	0.00144991	-0.000113268	2
-34.7702	30.8455	0.00152518	-8.73055e-05	2
-35.2796	31.6451	0.00160177	-6.00292e-05	2
-35.798	32.4402	0.00167962	-3.14884e-05	2
-36.3249	33.2309	0.00175871	-1.73225e-06	2
-36.8601	34.0174	0.00183898	2.91902e-05	2
-37.4032	34.7998	0.0019204	6.123e-05	2
-37.954	35.5783	0.00200292	9.4338e-05	2
-38.5122	36.3529	0.0020865	0.000128465	2
-39.0774	37.1239	0.0021711	0.000163563	2
-39.6493	37.8914	0.00225668	0.000199581	2
-40.2276	38.6556	0.00234319	0.000236472	2
-40.8121	39.4166	0.00243059	0.000274186	2
-41.4023	40.1745	0.00251883	0.000312673	2
-41.9981	40.9295	0.00260789	0.000351886	2
-42.599	41.6817	0.00269771	0.000391774	2
-43.2049	42.4314	0.00278825	0.00043229	2
-43.8153	43.1785	0.00287946	0.000473383	2
-44.4228	43.9149	0.00297026	0.000514524	2
-45.0414	44.6576	0.0030627	0.000556621	2
-45.6637	45.3983	0.0031557	0.000599149	2
-46.2893	46.1372	0.0032492	0.000642059	2
-46.9179	46.8743	0.00334318	0.000685302	2
-47.5493	47.6099	0.00343758	0.00072883	2
-48.183	48.344	0.00353236	0.000772592	2
-48.819	49.0769	0.00362748	0.000816541	2
-49.4567	49.8086	0.0037229	0.000860627	2
-50.0959	50.5394	0.00381858	0.0009048	2
-50.7363	51.2693	0.00391447	0.000949013	2
-51.3776	51.9985	0.00401053	0.000993215	2
-52.0195	52.7272	0.00410672	0.00103736	2
-52.6616	53.4556	0.004203	0.00108139	2
-53.3037	54.1836	0.00429932	0.00112527	2
-53.9455	54.9116	0.00439565	0.00116894	2
-54.5866	55.6397	0.00449193	0.00121236	2
-55.2267	56.368	0.00458813	0.00125547	2
-55.8656	57.0966	0.0046842	0.00129823	2
-56.5029	57.8257	0.00478011	0.00134059	2
-57.1384	58.5555	0.00487581	0.00138249	2
-57.7716	59.286	0.00497125	0.0014239	2
-58.4023	60.0176	0.0050664	0.00146475	2
-59.0303	60.7502	0.00516121	0.00150501	2
-59.6479	61.4756	0.00525456	0.00154416	2
-60.2694	62.2108	0.00534858	0.00158308	2
-60.8871	62.9476	0.00544213	0.00162126	2
-61.5007	63.6861	0.00553518	0.00165864	2
-62.1101	64.4264	0.00562768	0.00169518	2
-62.7148	65.1686	0.00571958	0.00173082	2
-63.3145	65.9131	0.00581086	0.00176553	2
-63.909	66.6598	0.00590146	0.00179924	2
-64.4979	67.4089	0.00599134	0.00183191	2
-65.0809	68.1606	0.00608046	0.0018635	2
-65.6577	68.915	0.00616877	0.00189395	2
-66.228	69.6723	0.00625625	0.00192321	2
-66.7916	70.4326	0.00634283	0.00195124	2
-67.348	71.1961	0.00642849	0.00197798	2
-67.897	71.9629	0.00651317	0.00200339	2
-68.4383	72.7332	0.00659684	0.00202741	2
-68.9715	73.5071	0.00667945	0.00205	2
-69.4964	74.2847	0.00676097	0.00207112	2
-70.0127	75.0663	0.00684134	0.0020907	2
-70.52	75.8519	0.00692053	0.0021087	2
-71.018	76.6417	0.00699849	0.00212508	2
-71.5065	77.4359	0.00707518	0.00213978	2
-71.985	78.2346	0.00715056	0.00215275	2
-72.4481	79.0287	0.00722375	0.00216383	2
-72.9061	79.8367	0.0072964	0.00217323	2
-73.3534	80.6498	0.00736761	0.00218075	2
-73.7895	81.4679	0.00743734	0.00218635	2

24.9995	2.01265	6.98825e-07	-7.09078e-08	2
24.9614	3.09577	6.11447e-05	-7.03517e-06	2
24.9389	4.18203	0.00012298	-1.58112e-05	2
24.9321	5.25887	0.000185489	-2.63105e-05	2
24.9409	6.31416	0.000247926	-3.83656e-05	2
24.9651	7.37251	0.000311726	-5.22394e-05	2
25.0046	8.42168	0.000376149	-6.77839e-05	2
25.0593	9.46175	0.00044118	-8.49814e-05	2
25.1288	10.4928	0.0005068	-0.000103814	2
25.2131	11.5149	0.000572995	-0.000124265	2
25.312	12.5282	0.000639746	-0.000146317	2
25.4253	13.5327	0.000707037	-0.000169951	2
25.5527	14.5285	0.000774851	-0.00019515	2
25.6942	15.5157	0.000843172	-0.000221896	2
25.8496	16.4943	0.000911983	-0.000250173	2
26.0186	17.4645	0.000981267	-0.000279962	2
26.2011	18.4264	0.00105101	-0.000311246	2
26.3969	19.3799	0.00112119	-0.000344006	2
26.6058	20.3253	0.00119179	-0.000378227	2
26.8277	21.2625	0.0012628	-0.000413889	2
27.0623	22.1916	0.00133419	-0.000450975	2
27.3095	23.1129	0.00140596	-0.000489469	2
27.5691	24.0262	0.00147809	-0.000529351	2
27.8409	24.9317	0.00155055	-0.000570605	2
28.1247	25.8295	0.00162334	-0.000613214	2
28.4204	26.7197	0.00169643	-0.000657158	2
28.7242	27.5922	0.00176897	-0.000701894	2
29.0429	28.4674	0.00184261	-0.000748443	2
29.3729	29.3352	0.00191652	-0.000796276	2
29.7141	30.1957	0.00199066	-0.000845376	2
30.0662	31.049	0.00206503	-0.000895724	2
30.4291	31.8951	0.0021396	-0.000947303	2
30.8026	32.7341	0.00221435	-0.0010001	2
31.1865	33.5662	0.00228928	-0.00105408	2
31.5806	34.3913	0.00236437	-0.00110925	2
31.9848	35.2096	0.00243959	-0.00116558	2
32.3988	36.0212	0.00251493	-0.00122305	2
32.8226	36.826	0.00259038	-0.00128164	2
33.2558	37.6243	0.00266592	-0.00134135	2
33.6983	38.4161	0.00274152	-0.00140214	2
34.15	39.2015	0.00281718	-0.00146401	2
34.6106	39.9805	0.00289288	-0.00152693	2
35.0801	40.7533	0.0029686	-0.00159089	2
35.5581	41.5199	0.00304432	-0.00165587	2
36.0445	42.2803	0.00312003	-0.00172185	2
36.5392	43.0348	0.00319571	-0.00178881	2
37.0419	43.7833	0.00327134	-0.00185675	2
37.5525	44.526	0.00334691	-0.00192563	2
38.0708	45.2629	0.0034224	-0.00199544	2
38.5906	45.9857	0.00349693	-0.00206535	2
39.1236	46.7113	0.00357221	-0.00213697	2
39.6638	47.4314	0.00364736	-0.00220946	2
40.211	48.1461	0.00372237	-0.00228282	2
40.765	48.8554	0.00379721	-0.00235702	2
41.3255	49.5593	0.00387187	-0.00243204	2
41.8926	50.2581	0.00394633	-0.00250788	2
42.4658	50.9518	0.00402058	-0.00258451	2
43.0451	51.6404	0.0040946	-0.00266191	2
43.6303	52.324	0.00416838	-0.00274006	2
44.2213	53.0027	0.00424188	-0.00281896	2
44.8177	53.6767	0.00431511	-0.00289857	2
45.4195	54.3459	0.00438804	-0.00297889	2
46.0264	55.0105	0.00446065	-0.0030599	2
46.6383	55.6705	0.00453294	-0.00314157	2
47.255	56.326	0.00460487	-0.0032239	2
47.8764	56.9771	0.00467645	-0.00330685	2
48.5022	57.6239	0.00474763	-0.00339043	2
49.1322	58.2665	0.00481843	-0.0034746	2
49.7663	58.9049	0.0048888	-0.00355935	2
50.4043	59.5393	0.00495875	-0.00364466	2
51.046	60.1696	0.00502824	-0.00373052	2
51.6912	60.796	0.00509728	-0.0038169	2
52.3398	61.4186	0.00516582	-0.0039038	2
52.9841	62.0304	0.0052331	-0.00399018	2
53.6388	62.6456	0.00530064	-0.00407803	2
54.2964	63.2572	0.00536764	-0.00416635	2
54.9565	63.8653	0.0054341	-0.0042551	2
55.6191	64.47	0.0055	-0.00434427	2
56.284	65.0714	0.00556531	-0.00443385	2
56.951	65.6694	0.00563002	-0.00452382	2
57.6198	66.2643	0.00569412	-0.00461415	2
58.2904	66.8561	0.00575758	-0.00470484	2
58.9626	67.4449	0.0058204	-0.00479586	2
59.6361	68.0307	0.00588255	-0.0048872	2
60.3108	68.6136	0.00594401	-0.00497884	2
60.9864	69.1938	0.00600478	-0.00507076	2
61.6629	69.7713	0.00606483	-0.00516294	2
62.3401	70.3461	0.00612414	-0.00525536	2
63.0177	70.9184	0.00618271	-0.00534802	2
63.6956	71.4883	0.00624051	-0.00544089	2
64.3735	72.0558	0.00629753	-0.00553395	2
65.0514	72.621	0.00635374	-0.00562718	2
65.729	73.184	0.00640914	-0.00572058	2
66.4062	73.7448	0.0064637	-0.00581411	2
67.0827	74.3036	0.00651742	-0.00590777	2
67.7585	74.8604	0.00657026	-0.00600153	2
68.4255	75.409	0.00662164	-0.0060943	2
69.0991	75.9621	0.00667271	-0.00618822	2
69.7713	76.5135	0.00672286	-0.00628219	2
70.442	77.0633	0.00677208	-0.0063762	2

74.9963	2.01228	-3.04301e-07	-2.5332e-07	2
74.6917	3.06282	-2.65673e-05	-2.1073e-05	2
74.4112	4.11396	-5.33151e-05	-4.02178e-05	2
74.1581	5.15351	-8.02319e-05	-5.74734e-05	2
73.9345	6.16979	-0.000106994	-7.27123e-05	2
73.7349	7.18655	-0.000134212	-8.63274e-05	2
73.5617	8.19198	-0.000161564	-9.81702e-05	2
73.4146	9.18617	-0.000189039	-0.00010828	2
73.2932	10.1692	-0.000216624	-0.000116695	2
73.1972	11.1412	-0.000244308	-0.000123455	2
73.1262	12.1022	-0.00027208	-0.000128599	2
73.08	13.0523	-0.000299927	-0.000132165	2
73.0581	13.9917	-0.000327838	-0.000134194	2
73.0603	14.9203	-0.000355802	-0.000134724	2
73.0863	15.8384	-0.000383806	-0.000133794	2
73.1356	16.7459	-0.00041184	-0.000131443	2
73.2079	17.643	-0.00043989	-0.000127711	2
73.3029	18.5297	-0.000467947	-0.000122636	2
73.4203	19.4062	-0.000495997	-0.000116257	2
73.5597	20.2725	-0.000524029	-0.000108614	2
73.7208	21.1288	-0.000552033	-9.97451e-05	2
73.9033	21.975	-0.000579995	-8.96899e-05	2
74.1067	22.8114	-0.000607904	-7.84874e-05	2
74.3309	23.638	-0.000635749	-6.61767e-05	2
74.5754	24.4548	-0.000663518	-5.27967e-05	2
74.8398	25.262	-0.0006912	-3.83866e-05	2
75.1206	26.0506	-0.000718465	-2.3168e-05	2
75.4239	26.8389	-0.000745937	-6.82557e-06	2
75.7461	27.6179	-0.000773287	1.04303e-05	2
76.0871	28.3877	-0.000800502	2.85604e-05	2
76.4463	29.1482	-0.000827571	4.75258e-05	2
76.8235	29.8997	-0.000854483	6.72874e-05	2
77.2184	30.6421	-0.000881225	8.78061e-05	2
77.6306	31.3756	-0.000907786	0.000109043	2
78.0598	32.1004	-0.000934155	0.000130959	2
78.5056	32.8164	-0.000960319	0.000153514	2
78.9677	33.5237	-0.000986267	0.000176671	2
79.4457	34.2225	-0.00101199	0.000200389	2
79.9394	34.9128	-0.00103747	0.00022463	2
80.4484	35.5948	-0.0010627	0.000249355	2
80.9723	36.2685	-0.00108767	0.000274524	2
81.5109	36.9339	-0.00111236	0.000300099	2
82.0637	37.5913	-0.00113677	0.00032604	2
82.6305	38.2407	-0.00116088	0.000352309	2
83.2108	38.8821	-0.00118468	0.000378866	2
83.8045	39.5157	-0.00120816	0.000405672	2
84.411	40.1415	-0.0012313	0.000432689	2
85.0302	40.7597	-0.0012541	0.000459877	2
85.6616	41.3704	-0.00127655	0.000487196	2
86.2975	41.9666	-0.00129838	0.000514293	2
86.9523	42.5625	-0.00132008	0.00054176	2
87.6183	43.151	-0.00134139	0.000569241	2
88.2953	43.7323	-0.0013623	0.000596699	2
88.9828	44.3065	-0.00138279	0.000624094	2
89.6806	44.8737	-0.00140286	0.000651387	2
90.3883	45.434	-0.0014225	0.000678539	2
91.1055	45.9873	-0.00144168	0.000705511	2
91.832	46.534	-0.0014604	0.000732264	2
92.5673	47.0739	-0.00147865	0.000758759	2
93.3112	47.6073	-0.00149641	0.000784957	2
94.0633	48.1341	-0.00151368	0.000810819	2
94.8233	48.6546	-0.00153044	0.000836305	2
95.5909	49.1688	-0.00154668	0.000861376	2
96.3656	49.6767	-0.00156239	0.000885995	2
97.1473	50.1785	-0.00157756	0.00091012	2
97.9354	50.6742	-0.00159217	0.000933714	2
98.7298	51.164	-0.00160622	0.000956738	2
99.53	51.6479	-0.00161968	0.000979151	2
100.336	52.1261	-0.00163256	0.00100092	2
101.147	52.5985	-0.00164484	0.00102199	2
101.962	53.0654	-0.00165651	0.00104234	2
102.783	53.5267	-0.00166755	0.00106193	2
103.607	53.9826	-0.00167795	0.00108071	2
104.426	54.4281	-0.0016876	0.00109844	2
105.258	54.8735	-0.00169671	0.0011155	2
106.092	55.3137	-0.00170514	0.00113164	2
106.93	55.7489	-0.0017129	0.00114682	2
107.77	56.1791	-0.00171995	0.001161	2
108.613	56.6045	-0.0017263	0.00117414	2
109.457	57.025	-0.00173194	0.0011862	2
110.303	57.4409	-0.00173684	0.00119715	2
111.15	57.8521	-0.00174101	0.00120694	2
111.997	58.2588	-0.00174442	0.00121553	2
112.845	58.6611	-0.00174706	0.00122289	2
113.693	59.059	-0.00174893	0.00122898	2
114.542	59.4526	-0.00175002	0.00123375	2
115.389	59.8421	-0.0017503	0.00123717	2
116.236	60.2275	-0.00174977	0.0012392	2
117.081	60.609	-0.00174842	0.0012398	2
117.925	60.9865	-0.00174624	0.00123894	2
118.767	61.3602	-0.0017432	0.00123656	2
119.607	61.7302	-0.00173932	0.00123264	2
120.444	62.0966	-0.00173456	0.00122713	2
121.278	62.4594	-0.00172892	0.00122	2
122.109	62.8188	-0.00172239	0.0012112	2
122.936	63.1748	-0.00171495	0.0012007	2
123.751	63.5235	-0.0017067	0.00118861	2
124.57	63.8731	-0.00169743	0.00117461	2
125.385	64.2196	-0.00168722	0.00115879	2
126.195	64.5631	-0.00167606	0.0011411	2

124.996	2.01172	5.8639e-07	-4.45514e-07	2
124.62	3.02037	4.90945e-05	-3.76002e-05	2
124.25	4.0422	9.4349e-05	-7.28818e-05	2
123.891	5.06528	0.000135835	-0.000105886	2
123.546	6.07765	0.000173211	-0.000136313	2
123.207	7.10264	0.000207417	-0.000164911	2
122.88	8.12829	0.000238068	-0.000191355	2
122.563	9.1544	0.000265237	-0.000215686	2
122.257	10.1808	0.000288995	-0.000237945	2
121.962	11.2072	0.000309414	-0.000258174	2
121.678	12.2335	0.000326565	-0.000276414	2
121.404	13.2595	0.00034052	-0.000292706	2
121.142	14.285	0.000351351	-0.000307091	2
120.891	15.3097	0.000359129	-0.000319611	2
120.652	16.3335	0.000363927	-0.000330306	2
120.423	17.3562	0.000365815	-0.000339219	2
120.206	18.3775	0.000364865	-0.000346389	2
120.001	19.3973	0.00036115	-0.000351859	2
119.807	20.4154	0.00035474	-0.00035567	2
119.624	21.4316	0.000345707	-0.000357863	2
119.454	22.4457	0.000334124	-0.000358479	2
119.294	23.4574	0.000320061	-0.00035756	2
119.147	24.4667	0.000303591	-0.000355146	2
119.012	25.4732	0.000284784	-0.000351279	2
118.888	26.4768	0.000263713	-0.000346	2
118.777	27.4773	0.00024045	-0.000339351	2
118.679	28.463	0.000215369	-0.000331472	2
118.591	29.4567	0.000187958	-0.000322219	2
118.516	30.4467	0.000158568	-0.00031172	2
118.453	31.4328	0.000127272	-0.000300014	2
118.403	32.4148	9.41404e-05	-0.000287144	2
118.365	33.3925	5.92452e-05	-0.000273149	2
118.339	34.3657	2.26581e-05	-0.000258073	2
118.326	35.3342	-1.55493e-05	-0.000241955	2
118.326	36.2978	-5.53052e-05	-0.000224838	2
118.338	37.2563	-9.65382e-05	-0.000206761	2
118.363	38.2095	-0.000139176	-0.000187767	2
118.401	39.1572	-0.000183148	-0.000167898	2
118.452	40.0992	-0.000228382	-0.000147193	2
118.516	41.0353	-0.000274806	-0.000125694	2
118.593	41.9654	-0.000322349	-0.000103443	2
118.683	42.8891	-0.000370939	-8.04807e-05	2
118.786	43.8064	-0.000420504	-5.68484e-05	2
118.902	44.7169	-0.000470973	-3.25874e-05	2
119.032	45.6206	-0.000522274	-7.73879e-06	2
119.176	46.5172	-0.000574335	1.76561e-05	2
119.332	47.4066	-0.000627085	4.35559e-05	2
119.502	48.2884	-0.000680452	6.99196e-05	2
119.686	49.1626	-0.000734364	9.67059e-05	2
119.881	50.0189	-0.000788123	0.000123559	2
120.093	50.8772	-0.000842907	0.000151063	2
120.317	51.7273	-0.000898022	0.000178866	2
120.556	52.5688	-0.000953397	0.000206928	2
120.809	53.4017	-0.00100896	0.000235206	2
121.076	54.2258	-0.00106464	0.00026366	2
121.357	55.0407	-0.00112036	0.000292248	2
121.652	55.8464	-0.00117606	0.000320929	2
121.961	56.6426	-0.00123166	0.000349662	2
122.285	57.4292	-0.00128708	0.000378406	2
122.623	58.2059	-0.00134227	0.000407119	2
122.975	58.9725	-0.00139714	0.00043576	2
123.342	59.7289	-0.00145163	0.000464289	2
123.724	60.4748	-0.00150566	0.000492663	2
124.12	61.2101	-0.00155916	0.000520841	2
124.531	61.9345	-0.00161206	0.000548783	2
124.957	62.6478	-0.00166429	0.000576446	2
125.397	63.3499	-0.00171577	0.00060379	2
125.853	64.0406	-0.00176644	0.000630774	2
126.323	64.7196	-0.00181622	0.000657356	2
126.809	65.3867	-0.00186505	0.000683495	2
127.31	66.0418	-0.00191284	0.00070915	2
127.826	66.6847	-0.00195953	0.000734279	2
128.357	67.3151	-0.00200505	0.000758841	2
128.897	67.9258	-0.00204882	0.000782524	2
129.459	68.5309	-0.0020918	0.000805837	2
130.037	69.1229	-0.00213338	0.00082846	2
130.63	69.7017	-0.0021735	0.000850352	2
131.238	70.2671	-0.0022121	0.000871472	2
131.862	70.8188	-0.00224909	0.000891777	2
132.503	71.3567	-0.00228441	0.000911228	2
133.158	71.8806	-0.00231798	0.000929783	2
133.83	72.3902	-0.00234973	0.0009474	2
134.518	72.8855	-0.00237959	0.000964039	2
135.222	73.366	-0.00240749	0.000979658	2
135.942	73.8318	-0.00243336	0.000994215	2
136.678	74.2825	-0.00245713	0.00100767	2
137.431	74.718	-0.00247872	0.00101998	2
138.199	75.1381	-0.00249806	0.00103111	2
138.984	75.5426	-0.00251508	0.00104101	2
139.786	75.9312	-0.00252972	0.00104964	2
140.604	76.3038	-0.00254189	0.00105697	2
141.439	76.6602	-0.00255152	0.00106294	2
142.291	77.0002	-0.00255855	0.00106753	2
143.159	77.3236	-0.0025629	0.00107068	2
144.044	77.6302	-0.0025645	0.00107236	2
144.946	77.9197	-0.00256328	0.00107252	2
145.854	78.189	-0.00255924	0.00107115	2
146.79	78.4442	-0.0025522	0.00106818	2
147.743	78.6817	-0.00254212	0.00106357	2
148.713	78.9014	-0.00252894	0.00105728	2

