-125.003	2.01382	5.20507e-07	-8.55454e-08	2
-125.302	3.1912	4.49642e-05	-6.74163e-06	2
-125.626	4.35931	8.92838e-05	-1.20807e-05	2
-125.972	5.50471	0.000132963	-1.60404e-05	2
-126.335	6.61502	0.000175514	-1.86215e-05	2
-126.724	7.71643	0.00021793	-1.99071e-05	2
-127.133	8.79628	0.000259717	-1.98826e-05	2
-127.562	9.85497	0.000300878	-1.85711e-05	2
-128.011	10.8929	0.000341418	-1.59959e-05	2
-128.48	11.9104	0.000381341	-1.21802e-05	2
-128.968	12.9079	0.00042065	-7.14696e-06	2
-129.475	13.8858	0.000459348	-9.19557e-07	2
-130	14.8444	0.000497441	6.47889e-06	2
-130.543	15.7842	0.000534931	1.50252e-05	2
-131.103	16.7055	0.000571824	2.46962e-05	2
-131.681	17.6087	0.000608121	3.54687e-05	2
-132.276	18.4942	0.000643828	4.73195e-05	2
-132.887	19.3624	0.000678949	6.02254e-05	2
-133.514	20.2137	0.000713486	7.41633e-05	2
-134.156	21.0484	0.000747444	8.911e-05	2
-134.814	21.867	0.000780827	0.000105042	2
-135.487	22.6697	0.000813639	0.000121937	2
-136.174	23.4571	0.000845883	0.000139771	2
-136.875	24.2295	0.000877564	0.000158521	2
-137.59	24.9873	0.000908685	0.000178164	2
-138.319	25.7308	0.00093925	0.000198676	2
-139.051	26.4522	0.000968921	0.000219785	2
-139.805	27.1686	0.000998393	0.000241958	2
-140.571	27.8719	0.00102732	0.000264932	2
-141.348	28.5625	0.00105571	0.000288683	2
-142.137	29.2407	0.00108356	0.000313188	2
-142.937	29.9071	0.00111087	0.000338423	2
-143.747	30.5619	0.00113766	0.000364367	2
-144.568	31.2055	0.00116392	0.000390995	2
-145.398	31.8384	0.00118966	0.000418284	2
-146.238	32.4609	0.00121489	0.000446212	2
-147.087	33.0734	0.0012396	0.000474754	2
-147.945	33.6762	0.0012638	0.000503888	2
-148.811	34.2699	0.0012875	0.000533591	2
-149.684	34.8546	0.00131069	0.00056384	2
-150.566	35.4309	0.00133339	0.00059461	2
-151.454	35.9992	0.00135559	0.00062588	2
-152.349	36.5597	0.0013773	0.000657626	2
-153.25	37.113	0.00139852	0.000689824	2
-154.158	37.6593	0.00141927	0.000722452	2
-155.07	38.199	0.00143953	0.000755486	2
-155.988	38.7327	0.00145932	0.000788904	2
-156.911	39.2605	0.00147863	0.000822681	2
-157.838	39.783	0.00149748	0.000856795	2
-158.758	40.2945	0.00151566	0.000890826	2
-159.693	40.8075	0.00153359	0.000925541	2
-160.631	41.3161	0.00155107	0.000960524	2
-161.572	41.821	0.0015681	0.000995751	2
-162.515	42.3223	0.00158467	0.0010312	2
-163.46	42.8206	0.00160081	0.00106685	2
-164.407	43.3162	0.0016165	0.00110267	2
-165.355	43.8095	0.00163176	0.00113864	2
-166.304	44.3009	0.00164658	0.00117474	2
-167.253	44.7908	0.00166098	0.00121095	2
-168.203	45.2794	0.00167495	0.00124724	2
-169.152	45.7674	0.0016885	0.00128358	2
-170.101	46.2549	0.00170163	0.00131997	2
-171.049	46.7425	0.00171435	0.00135636	2
-171.995	47.2304	0.00172666	0.00139275	2
-172.939	47.7191	0.00173857	0.0014291	2
-173.881	48.209	0.00175007	0.00146539	2
-174.821	48.7004	0.00176118	0.00150161	2
-175.757	49.1937	0.00177189	0.00153772	2
-176.69	49.6894	0.00178221	0.00157371	2
-177.62	50.1878	0.00179215	0.00160954	2
-178.545	50.6892	0.0018017	0.0016452	2
-179.465	51.1941	0.00181087	0.00168067	2
-180.381	51.7029	0.00181967	0.00171591	2
-181.281	52.21	0.00182801	0.00175052	2
-182.186	52.7276	0.00183608	0.00178526	2
-183.084	53.2501	0.00184378	0.00181971	2
-183.976	53.7781	0.00185112	0.00185386	2
-184.862	54.3119	0.00185811	0.00188766	2
-185.74	54.8518	0.00186475	0.00192111	2
-186.61	55.3982	0.00187104	0.00195418	2
-187.472	55.9516	0.00187699	0.00198684	2
-188.326	56.5123	0.00188259	0.00201908	2
-189.171	57.0808	0.00188786	0.00205086	2
-190.007	57.6572	0.0018928	0.00208217	2
-190.833	58.2422	0.00189741	0.00211299	2
-191.649	58.836	0.0019017	0.00214328	2
-192.455	59.4391	0.00190566	0.00217303	2
-193.25	60.0518	0.00190931	0.00220222	2
-194.034	60.6745	0.00191265	0.00223081	2
-194.806	61.3076	0.00191567	0.00225879	2
-195.567	61.9515	0.00191839	0.00228613	2
-196.315	62.6066	0.00192081	0.00231282	2
-197.05	63.2732	0.00192294	0.00233882	2
-197.773	63.9517	0.00192477	0.00236412	2
-198.482	64.6426	0.00192631	0.00238869	2
-199.177	65.3461	0.00192756	0.0024125	2
-199.85	66.0545	0.00192852	0.00243528	2
-200.516	66.7845	0.00192922	0.00245753	2
-201.167	67.5283	0.00192964	0.00247896	2
-201.803	68.2864	0.00192979	0.00249955	2

-75.0045	2.01247	3.90145e-07	2.19768e-07	2
-75.3861	3.0832	3.40223e-05	1.86745e-05	2
-75.7556	4.16353	6.82067e-05	3.64532e-05	2
-76.1085	5.24103	0.000102554	5.33445e-05	2
-76.4413	6.30339	0.000136668	6.91774e-05	2
-76.762	7.37534	0.000171343	8.43281e-05	2
-77.0666	8.44454	0.000206185	9.86159e-05	2
-77.3555	9.51101	0.000241194	0.000112049	2
-77.6287	10.5748	0.000276372	0.000124635	2
-77.8866	11.6359	0.00031172	0.000136383	2
-78.1292	12.6944	0.000347239	0.0001473	2
-78.3567	13.7503	0.00038293	0.000157395	2
-78.5693	14.8035	0.000418794	0.000166676	2
-78.7673	15.8543	0.000454832	0.000175152	2
-78.9507	16.9025	0.000491046	0.000182829	2
-79.1199	17.9482	0.000527436	0.000189718	2
-79.2748	18.9914	0.000564004	0.000195825	2
-79.4158	20.0322	0.00060075	0.000201159	2
-79.543	21.0706	0.000637677	0.000205728	2
-79.6566	22.1065	0.000674784	0.000209541	2
-79.7568	23.1402	0.000712074	0.000212605	2
-79.8438	24.1715	0.000749546	0.000214928	2
-79.9177	25.2004	0.000787203	0.00021652	2
-79.9787	26.2272	0.000825046	0.000217387	2
-80.0271	27.2516	0.000863075	0.000217539	2
-80.0629	28.2739	0.000901292	0.000216983	2
-80.0862	29.2822	0.000939255	0.000215746	2
-80.0977	30.3001	0.000977848	0.000213808	2
-80.0972	31.3159	0.00101663	0.000211186	2
-80.085	32.3295	0.00105561	0.000207889	2
-80.0611	33.3411	0.00109478	0.000203925	2
-80.0259	34.3507	0.00113414	0.000199303	2
-79.9794	35.3582	0.0011737	0.00019403	2
-79.9218	36.3637	0.00121346	0.000188115	2
-79.8534	37.3672	0.00125341	0.000181566	2
-79.7743	38.3688	0.00129356	0.000174391	2
-79.6847	39.3685	0.00133392	0.000166599	2
-79.5847	40.3663	0.00137447	0.000158196	2
-79.4746	41.3622	0.00141522	0.000149193	2
-79.3546	42.3563	0.00145618	0.000139596	2
-79.2248	43.3486	0.00149735	0.000129414	2
-79.0854	44.3391	0.00153872	0.000118656	2
-78.9366	45.3279	0.00158029	0.000107329	2
-78.7785	46.315	0.00162207	9.54412e-05	2
-78.6114	47.3004	0.00166407	8.30013e-05	2
-78.4355	48.2841	0.00170627	7.00173e-05	2
-78.2508	49.2661	0.00174868	5.64975e-05	2
-78.0577	50.2466	0.00179131	4.24499e-05	2
-77.8562	51.2255	0.00183414	2.78827e-05	2
-77.6491	52.1916	0.0018767	1.29804e-05	2
-77.4316	53.1674	0.00191997	-2.59552e-06	2
-77.2064	54.1418	0.00196345	-1.86666e-05	2
-76.9736	55.1146	0.00200715	-3.52245e-05	2
-76.7333	56.086	0.00205107	-5.22612e-05	2
-76.4859	57.0561	0.00209521	-6.97685e-05	2
-76.2314	58.0247	0.00213957	-8.77381e-05	2
-75.97	58.992	0.00218415	-0.000106162	2
-75.702	59.9579	0.00222896	-0.000125032	2
-75.4274	60.9225	0.00227399	-0.000144339	2
-75.1465	61.8859	0.00231924	-0.000164077	2
-74.8596	62.848	0.00236473	-0.000184235	2
-74.5666	63.8089	0.00241044	-0.000204807	2
-74.2679	64.7687	0.00245638	-0.000225785	2
-73.9636	65.7272	0.00250254	-0.000247159	2
-73.6539	66.6846	0.00254895	-0.000268921	2
-73.339	67.6409	0.00259558	-0.000291065	2
-73.019	68.5962	0.00264244	-0.000313581	2
-72.6942	69.5504	0.00268954	-0.000336461	2
-72.3647	70.5035	0.00273688	-0.000359697	2
-72.0307	71.4557	0.00278445	-0.00038328	2
-71.6924	72.4069	0.00283226	-0.000407204	2
-71.35	73.3572	0.00288031	-0.000431459	2
-71.0037	74.3065	0.0029286	-0.000456037	2
-70.6576	75.2441	0.00297658	-0.000480642	2
-70.3039	76.1917	0.00302535	-0.000505839	2
-69.9468	77.1385	0.00307436	-0.000531335	2
-69.5865	78.0845	0.00312362	-0.000557121	2
-69.2232	79.0298	0.00317312	-0.00058319	2
-68.857	79.9743	0.00322287	-0.000609533	2
-68.4882	80.918	0.00327287	-0.000636142	2
-68.1168	81.8611	0.00332312	-0.000663009	2
-67.7432	82.8035	0.00337362	-0.000690126	2
-67.3674	83.7453	0.00342437	-0.000717485	2
-66.9897	84.6865	0.00347537	-0.000745077	2
-66.6102	85.6271	0.00352662	-0.000772894	2
-66.2292	86.5672	0.00357813	-0.000800928	2
-65.8467	87.5067	0.0036299	-0.000829171	2
-65.463	88.4458	0.00368192	-0.000857615	2
-65.0783	89.3844	0.0037342	-0.000886251	2
-64.6928	90.3225	0.00378674	-0.000915071	2
-64.3066	91.2603	0.00383953	-0.000944068	2
-63.9199	92.1976	0.00389259	-0.000973233	2
-63.5329	93.1346	0.00394592	-0.00100256	2
-63.1458	94.0713	0.0039995	-0.00103203	2
-62.7587	95.0077	0.00405335	-0.00106165	2
-62.3719	95.9438	0.00410747	-0.00109141	2
-61.99	96.8689	0.00416122	-0.00112094	2
-61.6042	97.8046	0.00421587	-0.00115094	2
-61.2192	98.7401	0.00427079	-0.00118105	2
-60.8352	99.6754	0.00432598	-0.00121127	2

-25.0024	2.0135	-3.30868e-07	-6.3209e-08	2
-25.1953	3.16295	-2.91378e-05	-4.78244e-06	2
-25.3577	4.30244	-5.89767e-05	-8.12912e-06	2
-25.4876	5.41878	-8.94989e-05	-1.00617e-05	2
-25.5846	6.49982	-0.000120325	-1.06036e-05	2
-25.6514	7.57101	-0.000152153	-9.78872e-06	2
-25.6872	8.61993	-0.000184612	-7.62464e-06	2
-25.6924	9.6469	-0.000217684	-4.13302e-06	2
-25.6674	10.6522	-0.000251351	6.64465e-07	2
-25.6128	11.6362	-0.000285595	6.7461e-06	2
-25.5289	12.5991	-0.000320399	1.40902e-05	2
-25.4164	13.5412	-0.000355745	2.26751e-05	2
-25.2756	14.4629	-0.000391615	3.2479e-05	2
-25.1069	15.3645	-0.000427992	4.34804e-05	2
-24.9109	16.2462	-0.000464857	5.56574e-05	2
-24.6881	17.1084	-0.000502194	6.89884e-05	2
-24.4388	17.9513	-0.000539985	8.34517e-05	2
-24.1636	18.7752	-0.000578211	9.90257e-05	2
-23.8629	19.5806	-0.000616856	0.000115688	2
-23.5371	20.3675	-0.000655901	0.000133419	2
-23.1868	21.1365	-0.000695328	0.000152194	2
-22.8124	21.8877	-0.000735121	0.000171994	2
-22.4144	22.6214	-0.000775261	0.000192795	2
-21.9932	23.338	-0.000815731	0.000214577	2
-21.5493	24.0378	-0.000856513	0.000237318	2
-21.0832	24.7211	-0.000897589	0.000260996	2
-20.601	25.3805	-0.000938465	0.000285301	2
-20.092	26.0317	-0.000980073	0.000310778	2
-19.5622	26.6673	-0.00102192	0.000337126	2
-19.012	27.2876	-0.001064	0.000364326	2
-18.4419	27.8928	-0.00110628	0.000392354	2
-17.8523	28.4833	-0.00114874	0.000421189	2
-17.2437	29.0594	-0.00119138	0.00045081	2
-16.6165	29.6214	-0.00123418	0.000481195	2
-15.9713	30.1695	-0.0012771	0.000512321	2
-15.3085	30.704	-0.00132015	0.000544168	2
-14.6286	31.2254	-0.00136329	0.000576714	2
-13.932	31.7338	-0.00140652	0.000609937	2
-13.2192	32.2296	-0.00144981	0.000643815	2
-12.4906	32.713	-0.00149315	0.000678326	2
-11.7467	33.1845	-0.00153651	0.000713449	2
-10.988	33.6442	-0.00157989	0.000749163	2
-10.215	34.0925	-0.00162326	0.000785445	2
-9.42806	34.5297	-0.00166661	0.000822274	2
-8.6277	34.956	-0.00170992	0.000859628	2
-7.81438	35.3718	-0.00175316	0.000897485	2
-6.98856	35.7774	-0.00179633	0.000935824	2
-6.1507	36.1731	-0.00183941	0.000974624	2
-5.30127	36.5592	-0.00188237	0.00101386	2
-4.45068	36.9317	-0.00192471	0.00105306	2
-3.57962	37.2995	-0.0019674	0.0010931	2
-2.69837	37.6587	-0.00200992	0.00113352	2
-1.80739	38.0094	-0.00205225	0.00117429	2
-0.907166	38.352	-0.00209439	0.00121539	2
0.00185654	38.6867	-0.00213631	0.0012568	2
0.919208	39.014	-0.00217799	0.00129849	2
1.84443	39.3341	-0.00221942	0.00134045	2
2.77704	39.6472	-0.00226058	0.00138266	2
3.7166	39.9538	-0.00230145	0.00142508	2
4.66263	40.254	-0.00234201	0.00146771	2
5.61467	40.5482	-0.00238224	0.00151051	2
6.57225	40.8367	-0.00242214	0.00155347	2
7.53492	41.1198	-0.00246167	0.00159657	2
8.5022	41.3978	-0.00250083	0.00163977	2
9.47364	41.671	-0.00253959	0.00168307	2
10.4488	41.9397	-0.00257794	0.00172644	2
11.4271	42.2042	-0.00261585	0.00176986	2
12.4082	42.4648	-0.00265332	0.0018133	2
13.3916	42.7218	-0.00269032	0.00185675	2
14.3769	42.9755	-0.00272684	0.00190018	2
15.3635	43.2262	-0.00276286	0.00194358	2
16.351	43.4742	-0.00279836	0.00198691	2
17.339	43.7198	-0.00283332	0.00203016	2
18.3156	43.9605	-0.00286733	0.00207281	2
19.303	44.2023	-0.00290117	0.00211583	2
20.2895	44.4425	-0.00293442	0.00215871	2
21.2746	44.6815	-0.00296707	0.00220142	2
22.2579	44.9197	-0.00299908	0.00224393	2
23.2388	45.1573	-0.00303046	0.00228624	2
24.2169	45.3945	-0.00306117	0.00232831	2
25.1917	45.6318	-0.00309121	0.00237013	2
26.1628	45.8694	-0.00312055	0.00241167	2
27.1297	46.1076	-0.00314918	0.00245291	2
28.0919	46.3467	-0.00317707	0.00249383	2
29.0491	46.587	-0.00320422	0.0025344	2
30.0006	46.8289	-0.0032306	0.00257462	2
30.9461	47.0725	-0.00325619	0.00261444	2
31.8851	47.3183	-0.00328098	0.00265386	2
32.8171	47.5665	-0.00330496	0.00269286	2
33.7416	47.8174	-0.00332809	0.0027314	2
34.6583	48.0713	-0.00335037	0.00276947	2
35.5666	48.3286	-0.00337178	0.00280704	2
36.466	48.5895	-0.0033923	0.0028441	2
37.3562	48.8543	-0.0034119	0.00288062	2
38.2366	49.1233	-0.00343059	0.00291659	2
39.1067	49.3968	-0.00344833	0.00295197	2
39.9564	49.672	-0.00346491	0.00298635	2
40.8048	49.9554	-0.00348072	0.00302051	2
41.6417	50.2443	-0.00349554	0.00305403	2
42.4665	50.5389	-0.00350934	0.00308688	2

24.9923	2.01323	3.37136e-07	-3.21615e-09	2
24.3466	3.14654	2.79658e-05	2.32116e-07	2
23.7245	4.28346	5.32033e-05	1.4869e-06	2
23.1333	5.41074	7.57635e-05	3.74461e-06	2
22.579	6.51561	9.54828e-05	6.94277e-06	2
22.0484	7.62376	0.00011287	1.11362e-05	2
21.5477	8.72229	0.000127732	1.62736e-05	2
21.0768	9.81122	0.000140119	2.23352e-05	2
20.6352	10.8905	0.000150083	2.93013e-05	2
20.2227	11.9603	0.000157673	3.71521e-05	2
19.839	13.0204	0.000162942	4.5868e-05	2
19.4836	14.0709	0.000165939	5.54291e-05	2
19.1564	15.1119	0.000166717	6.58159e-05	2
18.8571	16.1432	0.000165324	7.70084e-05	2
18.5852	17.165	0.000161813	8.8987e-05	2
18.3405	18.1772	0.000156234	0.000101732	2
18.1227	19.1799	0.000148638	0.000115224	2
17.9314	20.173	0.000139076	0.000129442	2
17.7665	21.1565	0.000127599	0.000144368	2
17.6274	22.1305	0.000114257	0.000159981	2
17.514	23.0949	9.91018e-05	0.000176262	2
17.4259	24.0498	8.21837e-05	0.00019319	2
17.3629	24.9951	6.35537e-05	0.000210747	2
17.3245	25.9309	4.32626e-05	0.000228913	2
17.3105	26.8572	2.13613e-05	0.000247667	2
17.3206	27.774	-2.09933e-06	0.00026699	2
17.3539	28.6708	-2.67731e-05	0.000286631	2
17.4109	29.5686	-5.31836e-05	0.000307027	2
17.4911	30.457	-8.10014e-05	0.000327933	2
17.5941	31.3358	-0.000110176	0.00034933	2
17.7196	32.2051	-0.000140656	0.000371196	2
17.8673	33.0649	-0.000172391	0.000393514	2
18.0369	33.9152	-0.00020533	0.000416263	2
18.2281	34.756	-0.000239422	0.000439423	2
18.4406	35.5873	-0.000274617	0.000462975	2
18.674	36.4092	-0.000310863	0.000486899	2
18.9281	37.2216	-0.00034811	0.000511175	2
19.2025	38.0245	-0.000386307	0.000535784	2
19.4969	38.8179	-0.000425402	0.000560705	2
19.8111	39.6019	-0.000465346	0.000585919	2
20.1446	40.3764	-0.000506087	0.000611406	2
20.4973	41.1415	-0.000547575	0.000637147	2
20.8687	41.8971	-0.000589758	0.000663122	2
21.2586	42.6433	-0.000632586	0.000689311	2
21.6666	43.3801	-0.000676008	0.000715694	2
22.0925	44.1074	-0.000719972	0.000742251	2
22.5359	44.8253	-0.000764429	0.000768964	2
22.9966	45.5338	-0.000809328	0.000795811	2
23.4741	46.2328	-0.000854617	0.000822774	2
23.9625	46.9146	-0.000899719	0.000849521	2
24.4727	47.5949	-0.000945634	0.000876655	2
24.9989	48.2658	-0.000991787	0.000903845	2
25.5408	48.9274	-0.00103813	0.000931071	2
26.098	49.5795	-0.00108461	0.000958315	2
26.6703	50.2222	-0.00113117	0.000985556	2
27.2573	50.8556	-0.00117777	0.00101277	2
27.8587	51.4796	-0.00122435	0.00103995	2
28.4742	52.0942	-0.00127087	0.00106706	2
29.1035	52.6994	-0.00131727	0.0010941	2
29.7463	53.2952	-0.0013635	0.00112103	2
30.4022	53.8817	-0.00140951	0.00114784	2
31.0711	54.4589	-0.00145525	0.00117451	2
31.7524	55.0266	-0.00150068	0.00120101	2
32.446	55.5851	-0.00154573	0.00122734	2
33.1515	56.1342	-0.00159035	0.00125347	2
33.8687	56.6739	-0.00163451	0.00127938	2
34.5971	57.2043	-0.00167814	0.00130504	2
35.3365	57.7254	-0.00172119	0.00133045	2
36.0866	58.2372	-0.00176362	0.00135558	2
36.8471	58.7396	-0.00180538	0.00138041	2
37.6176	59.2327	-0.0018464	0.00140492	2
38.3978	59.7165	-0.00188665	0.0014291	2
39.1875	60.191	-0.00192607	0.00145291	2
39.9771	60.6509	-0.00196417	0.00147609	2
40.7846	61.1069	-0.00200179	0.00149913	2
41.6006	61.5536	-0.00203843	0.00152176	2
42.4248	61.9911	-0.00207403	0.00154395	2
43.2568	62.4192	-0.00210855	0.00156569	2
44.0965	62.8381	-0.00214194	0.00158694	2
44.9433	63.2477	-0.00217415	0.00160771	2
45.7972	63.648	-0.00220512	0.00162795	2
46.6576	64.039	-0.0022348	0.00164767	2
47.5244	64.4208	-0.00226314	0.00166682	2
48.3971	64.7934	-0.0022901	0.00168541	2
49.2756	65.1566	-0.00231562	0.00170339	2
50.1594	65.5107	-0.00233965	0.00172077	2
51.0483	65.8555	-0.00236214	0.0017375	2
51.9419	66.191	-0.00238304	0.00175359	2
52.84	66.5174	-0.0024023	0.001769	2
53.7423	66.8345	-0.00241986	0.00178372	2
54.6483	67.1423	-0.00243568	0.00179773	2
55.5579	67.441	-0.0024497	0.001811	2
56.4706	67.7304	-0.00246188	0.00182352	2
57.3863	68.0107	-0.00247217	0.00183527	2
58.3045	68.2817	-0.0024805	0.00184622	2
59.225	68.5435	-0.00248684	0.00185637	2
60.1368	68.7933	-0.00249109	0.00186558	2
61.0609	69.0368	-0.00249331	0.00187405	2
61.9863	69.2712	-0.00249337	0.00188165	2
62.9127	69.4964	-0.00249123	0.00188836	2

74.9978	2.0101	4.06304e-07	6.40844e-08	2
74.7993	2.88094	3.38325e-05	5.17321e-06	2
74.5809	3.76614	6.46299e-05	9.54745e-06	2
74.3454	4.65541	9.24406e-05	1.31448e-05	2
74.0962	5.5383	0.000117044	1.59588e-05	2
73.8283	6.43516	0.00013906	1.80768e-05	2
73.545	7.33555	0.000158234	1.94838e-05	2
73.247	8.23931	0.000174615	2.02019e-05	2
72.9347	9.14624	0.000188251	2.02531e-05	2
72.6088	10.0562	0.00019919	1.96596e-05	2
72.2698	10.9689	0.000207482	1.84434e-05	2
71.9185	11.8843	0.000213174	1.66265e-05	2
71.5552	12.8022	0.000216315	1.4231e-05	2
71.1808	13.7223	0.000216954	1.1279e-05	2
70.7956	14.6445	0.000215138	7.79248e-06	2
70.4004	15.5687	0.000210917	3.7936e-06	2
69.9957	16.4945	0.000204339	-6.95602e-07	2
69.5821	17.422	0.000195452	-5.65308e-06	2
69.1602	18.3508	0.000184305	-1.10568e-05	2
68.7306	19.2808	0.000170946	-1.68846e-05	2
68.2939	20.2118	0.000155424	-2.31145e-05	2
67.8506	21.1437	0.000137787	-2.97244e-05	2
67.4014	22.0762	0.000118084	-3.66922e-05	2
66.9468	23.0092	9.63627e-05	-4.3996e-05	2
66.4875	23.9424	7.26719e-05	-5.16135e-05	2
66.0239	24.8758	4.70603e-05	-5.95228e-05	2
65.5622	25.7984	1.99024e-05	-6.76064e-05	2
65.0922	26.7315	-9.38517e-06	-7.60303e-05	2
64.6197	27.6642	-4.04489e-05	-8.468e-05	2
64.1454	28.5962	-7.32403e-05	-9.35335e-05	2
63.6699	29.5275	-0.000107711	-0.000102569	2
63.1937	30.4578	-0.000143812	-0.000111763	2
62.7175	31.3869	-0.000181496	-0.000121096	2
62.2418	32.3148	-0.000220714	-0.000130544	2
61.7672	33.2411	-0.000261417	-0.000140085	2
61.2944	34.1657	-0.000303556	-0.000149698	2
60.8238	35.0885	-0.000347085	-0.000159359	2
60.3562	36.0092	-0.000391953	-0.000169049	2
59.8921	36.9276	-0.000438113	-0.000178743	2
59.432	37.8437	-0.000485516	-0.00018842	2
58.9766	38.7572	-0.000534113	-0.000198059	2
58.5265	39.6679	-0.000583857	-0.000207636	2
58.0822	40.5757	-0.000634698	-0.000217131	2
57.6443	41.4803	-0.000686588	-0.00022652	2
57.2135	42.3816	-0.00073948	-0.000235782	2
56.7903	43.2795	-0.000793323	-0.000244895	2
56.3753	44.1736	-0.00084807	-0.000253836	2
55.9691	45.0639	-0.000903673	-0.000262584	2
55.5723	45.9502	-0.000960083	-0.000271117	2
55.1898	46.8221	-0.00101659	-0.000279318	2
54.8134	47.6998	-0.00107446	-0.000287357	2
54.4482	48.573	-0.00113299	-0.000295114	2
54.0947	49.4414	-0.00119214	-0.000302567	2
53.7536	50.3048	-0.00125185	-0.000309695	2
53.4253	51.1632	-0.00131208	-0.000316476	2
53.1106	52.0162	-0.00137277	-0.000322887	2
52.81	52.8638	-0.00143389	-0.000328906	2
52.524	53.7057	-0.00149537	-0.000334511	2
52.2534	54.5418	-0.00155718	-0.000339681	2
51.9986	55.3719	-0.00161927	-0.000344392	2
51.7603	56.1958	-0.00168158	-0.000348624	2
51.539	57.0133	-0.00174406	-0.000352353	2
51.3354	57.8242	-0.00180668	-0.000355559	2
51.15	58.6284	-0.00186938	-0.000358218	2
50.9835	59.4257	-0.00193211	-0.000360309	2
50.8363	60.2159	-0.00199482	-0.00036181	2
50.7092	60.9989	-0.00205747	-0.000362698	2
50.6026	61.7743	-0.00212	-0.000362952	2
50.5172	62.5422	-0.00218237	-0.000362549	2
50.4536	63.3022	-0.00224454	-0.000361468	2
50.4124	64.0542	-0.00230644	-0.000359686	2
50.3941	64.798	-0.00236803	-0.000357182	2
50.3993	65.5335	-0.00242928	-0.000353933	2
50.4283	66.2521	-0.00248942	-0.000349967	2
50.4821	66.9704	-0.0025498	-0.000345171	2
50.5612	67.6798	-0.00260969	-0.000339565	2
50.6662	68.3802	-0.00266903	-0.000333126	2
50.7978	69.0712	-0.00272778	-0.000325832	2
50.9563	69.7529	-0.00278587	-0.000317661	2
51.1426	70.4249	-0.00284327	-0.000308591	2
51.3571	71.0871	-0.00289993	-0.0002986	2
51.6005	71.7394	-0.0029558	-0.000287666	2
51.8733	72.3814	-0.00301083	-0.000275767	2
52.1761	73.0132	-0.00306497	-0.000262881	2
52.5095	73.6344	-0.00311817	-0.000248985	2
52.8742	74.2449	-0.00317039	-0.000234058	2
53.2706	74.8445	-0.00322158	-0.000218078	2
53.6994	75.4331	-0.00327168	-0.000201022	2
54.1612	76.0104	-0.00332065	-0.000182868	2
54.6566	76.5763	-0.00336845	-0.000163596	2
55.1861	77.1306	-0.00341501	-0.000143181	2
55.7504	77.6731	-0.0034603	-0.000121603	2
56.35	78.2037	-0.00350427	-9.88386e-05	2
56.9855	78.7221	-0.00354686	-7.48666e-05	2
57.6576	79.2281	-0.00358803	-4.96648e-05	2
58.3667	79.7217	-0.00362774	-2.32109e-05	2
59.1048	80.1971	-0.00366549	4.1909e-06	2
59.8895	80.6653	-0.00370212	3.31999e-05	2
60.7131	81.1204	-0.00373714	6.35268e-05	2
61.5761	81.5623	-0.0037705	9.51936e-05	2

124.999	2.01207	-2.60417e-09	-7.20534e-08	2
124.92	3.04256	-9.97947e-09	-6.42769e-06	2
124.81	4.06966	4.02248e-07	-1.31698e-05	2
124.672	5.08159	1.21255e-06	-2.02153e-05	2
124.507	6.06725	2.38114e-06	-2.74671e-05	2
124.314	7.04984	3.9113e-06	-3.50829e-05	2
124.093	8.0181	5.76741e-06	-4.29688e-05	2
123.846	8.97231	7.92534e-06	-5.11139e-05	2
123.574	9.91276	1.03609e-05	-5.95071e-05	2
123.276	10.8397	1.30501e-05	-6.81371e-05	2
122.955	11.7535	1.59687e-05	-7.69931e-05	2
122.61	12.6543	1.90925e-05	-8.60638e-05	2
122.242	13.5425	2.23975e-05	-9.53382e-05	2
121.852	14.4184	2.58595e-05	-0.000104805	2
121.441	15.2822	2.94544e-05	-0.000114454	2
121.008	16.1341	3.31581e-05	-0.000124273	2
120.555	16.9746	3.69463e-05	-0.000134251	2
120.083	17.8039	4.07951e-05	-0.000144377	2
119.592	18.6222	4.46801e-05	-0.000154641	2
119.082	19.4298	4.85774e-05	-0.000165031	2
118.555	20.2271	5.24628e-05	-0.000175535	2
118.011	21.0143	5.63121e-05	-0.000186144	2
117.451	21.7916	6.01012e-05	-0.000196845	2
116.875	22.5595	6.3806e-05	-0.000207628	2
116.285	23.318	6.74023e-05	-0.000218482	2
115.68	24.0676	7.08661e-05	-0.000229395	2
115.068	24.8001	7.41361e-05	-0.00024023	2
114.437	25.5327	7.72645e-05	-0.000251229	2
113.793	26.2572	8.01881e-05	-0.000262254	2
113.138	26.9738	8.28829e-05	-0.000273294	2
112.471	27.6829	8.53248e-05	-0.000284339	2
111.795	28.3847	8.74895e-05	-0.000295376	2
111.109	29.0795	8.9353e-05	-0.000306396	2
110.413	29.7676	9.08911e-05	-0.000317387	2
109.71	30.4493	9.20796e-05	-0.000328337	2
108.999	31.1248	9.28946e-05	-0.000339236	2
108.281	31.7945	9.33117e-05	-0.000350073	2
107.556	32.4585	9.33069e-05	-0.000360837	2
106.826	33.1173	9.28561e-05	-0.000371516	2
106.091	33.771	9.19351e-05	-0.000382099	2
105.351	34.42	9.05197e-05	-0.000392576	2
104.608	35.0646	8.8586e-05	-0.000402935	2
103.862	35.705	8.61096e-05	-0.000413165	2
103.113	36.3415	8.30665e-05	-0.000423255	2
102.363	36.9743	7.94326e-05	-0.000433194	2
101.612	37.6039	7.51836e-05	-0.000442971	2
100.86	38.2304	7.02956e-05	-0.000452575	2
100.109	38.8541	6.47443e-05	-0.000461995	2
99.3581	39.4754	5.85056e-05	-0.000471219	2
98.6179	40.0874	5.16394e-05	-0.000480134	2
97.8714	40.7045	4.39621e-05	-0.000488937	2
97.1278	41.3201	3.55253e-05	-0.000497511	2
96.3878	41.9342	2.63049e-05	-0.000505845	2
95.652	42.5474	1.62766e-05	-0.000513929	2
94.9212	43.1597	5.41652e-06	-0.000521751	2
94.1959	43.7715	-6.29966e-06	-0.0005293	2
93.4769	44.3831	-1.8896e-05	-0.000536565	2
92.7648	44.9947	-3.23967e-05	-0.000543535	2
92.0603	45.6067	-4.68258e-05	-0.000550199	2
91.364	46.2193	-6.22075e-05	-0.000556546	2
90.6766	46.8328	-7.85659e-05	-0.000562564	2
89.9988	47.4475	-9.59252e-05	-0.000568243	2
89.3312	48.0637	-0.000114309	-0.000573572	2
88.6744	48.6816	-0.000133743	-0.000578539	2
88.0292	49.3015	-0.000154249	-0.000583133	2
87.3963	49.9238	-0.000175853	-0.000587343	2
86.7761	50.5486	-0.000198579	-0.000591159	2
86.1696	51.1764	-0.00022245	-0.000594569	2
85.5772	51.8073	-0.000247491	-0.000597561	2
84.9996	52.4416	-0.000273726	-0.000600126	2
84.4376	53.0797	-0.000301179	-0.000602251	2
83.8918	53.7218	-0.000329874	-0.000603926	2
83.3628	54.3681	-0.000359835	-0.000605139	2
82.8571	55.0116	-0.000390721	-0.000605875	2
82.3635	55.6673	-0.000423272	-0.000606138	2
81.8888	56.3282	-0.000457161	-0.000605906	2
81.4336	56.9945	-0.000492414	-0.000605169	2
80.9985	57.6664	-0.000529053	-0.000603916	2
80.5843	58.3444	-0.000567102	-0.000602134	2
80.1915	59.0286	-0.000606587	-0.000599814	2
79.8208	59.7194	-0.000647531	-0.000596943	2
79.4729	60.417	-0.000689958	-0.000593512	2
79.1485	61.1217	-0.000733893	-0.000589508	2
78.8482	61.8338	-0.000779359	-0.000584922	2
78.5727	62.5536	-0.00082638	-0.00057974	2
78.3226	63.2814	-0.000874982	-0.000573954	2
78.0987	64.0173	-0.000925187	-0.000567551	2
77.9015	64.7618	-0.00097702	-0.00056052	2
77.7317	65.5151	-0.00103051	-0.000552851	2
77.5901	66.2775	-0.00108567	-0.000544532	2
77.4772	67.0493	-0.00114253	-0.000535552	2
77.3937	67.8307	-0.00120112	-0.0005259	2
77.3403	68.622	-0.00126145	-0.000515565	2
77.3176	69.4235	-0.00132356	-0.000504536	2
77.3263	70.2356	-0.00138747	-0.000492801	2
77.3671	71.0584	-0.00145319	-0.000480351	2
77.4397	71.8826	-0.00151998	-0.000467328	2
77.5462	72.7277	-0.0015894	-0.00045342	2
77.6868	73.5844	-0.00166071	-0.000438763	2
77.8621	74.4531	-0.00173394	-0.000423345	2

