-125.005	2.01238	6.84261e-07	-3.9566e-07	2
-125.464	3.07628	5.74383e-05	-3.3207e-05	2
-125.912	4.15027	0.000110694	-6.39844e-05	2
-126.343	5.22184	0.000159843	-9.23762e-05	2
-126.752	6.27859	0.000204467	-0.00011814	2
-127.15	7.34496	0.000245679	-0.00014192	2
-127.532	8.40852	0.000283013	-0.000163446	2
-127.897	9.46914	0.000316546	-0.000182763	2
-128.245	10.5267	0.000346355	-0.000199915	2
-128.578	11.581	0.000372516	-0.000214946	2
-128.893	12.632	0.000395106	-0.0002279	2
-129.193	13.6795	0.0004142	-0.000238822	2
-129.476	14.7235	0.000429877	-0.000247755	2
-129.744	15.7637	0.000442212	-0.000254745	2
-129.995	16.8	0.000451282	-0.000259834	2
-130.23	17.8324	0.000457163	-0.000263068	2
-130.449	18.8606	0.000459931	-0.00026449	2
-130.652	19.8846	0.000459665	-0.000264145	2
-130.839	20.9042	0.000456439	-0.000262076	2
-131.01	21.9192	0.000450331	-0.000258329	2
-131.165	22.9296	0.000441416	-0.000252947	2
-131.304	23.9353	0.000429773	-0.000245974	2
-131.428	24.936	0.000415476	-0.000237455	2
-131.536	25.9317	0.000398603	-0.000227433	2
-131.628	26.9222	0.00037923	-0.000215954	2
-131.705	27.9074	0.000357433	-0.00020306	2
-131.766	28.8759	0.000333581	-0.000188969	2
-131.811	29.8502	0.000307193	-0.000173395	2
-131.842	30.8188	0.000278611	-0.00015654	2
-131.856	31.7815	0.00024791	-0.000138447	2
-131.856	32.7383	0.000215168	-0.000119161	2
-131.84	33.689	0.000180461	-9.8725e-05	2
-131.809	34.6334	0.000143866	-7.71844e-05	2
-131.762	35.5715	0.000105458	-5.45829e-05	2
-131.7	36.5032	6.53156e-05	-3.09648e-05	2
-131.624	37.4282	2.35138e-05	-6.37413e-06	2
-131.532	38.3464	-1.98703e-05	1.91448e-05	2
-131.425	39.2578	-6.47602e-05	4.55478e-05	2
-131.302	40.1622	-0.000111079	7.27907e-05	2
-131.165	41.0594	-0.000158751	0.000100829	2
-131.013	41.9494	-0.0002077	0.00012962	2
-130.847	42.8319	-0.000257847	0.000159117	2
-130.665	43.7069	-0.000309118	0.000189278	2
-130.468	44.5743	-0.000361436	0.000220057	2
-130.257	45.4339	-0.000414724	0.000251412	2
-130.031	46.2855	-0.000468905	0.000283297	2
-129.79	47.1291	-0.000523903	0.000315668	2
-129.535	47.9644	-0.000579642	0.000348482	2
-129.265	48.7915	-0.000636045	0.000381694	2
-128.985	49.6007	-0.000692377	0.000414872	2
-128.686	50.4108	-0.000749873	0.000448743	2
-128.373	51.2122	-0.000807804	0.000482881	2
-128.045	52.0048	-0.000866093	0.000517241	2
-127.704	52.7884	-0.000924665	0.000551778	2
-127.348	53.5628	-0.000983442	0.000586449	2
-126.977	54.3281	-0.00104235	0.000621208	2
-126.593	55.0839	-0.00110131	0.000656013	2
-126.194	55.8303	-0.00116024	0.000690819	2
-125.782	56.567	-0.00121908	0.000725581	2
-125.355	57.294	-0.00127774	0.000760256	2
-124.914	58.011	-0.00133614	0.000794799	2
-124.459	58.7181	-0.00139421	0.000829166	2
-123.991	59.415	-0.00145188	0.000863313	2
-123.508	60.1015	-0.00150907	0.000897196	2
-123.012	60.7777	-0.00156569	0.00093077	2
-122.502	61.4433	-0.00162168	0.000963992	2
-121.978	62.0983	-0.00167695	0.000996817	2
-121.44	62.7424	-0.00173144	0.0010292	2
-120.889	63.3755	-0.00178506	0.0010611	2
-120.324	63.9976	-0.00183774	0.00109247	2
-119.746	64.6085	-0.0018894	0.00112326	2
-119.154	65.2081	-0.00193996	0.00115344	2
-118.549	65.7961	-0.00198935	0.00118296	2
-117.938	66.3661	-0.00203695	0.00121144	2
-117.306	66.9309	-0.00208378	0.00123951	2
-116.66	67.4839	-0.00212922	0.00126678	2
-116.002	68.025	-0.00217317	0.00129322	2
-115.33	68.5539	-0.00221558	0.00131877	2
-114.645	69.0705	-0.00225635	0.0013434	2
-113.947	69.5747	-0.00229541	0.00136705	2
-113.236	70.0665	-0.0023327	0.00138969	2
-112.512	70.5456	-0.00236812	0.00141127	2
-111.775	71.0119	-0.0024016	0.00143175	2
-111.025	71.4652	-0.00243308	0.00145108	2
-110.262	71.9056	-0.00246246	0.00146922	2
-109.486	72.3327	-0.00248968	0.00148613	2
-108.698	72.7466	-0.00251465	0.00150175	2
-107.896	73.147	-0.00253731	0.00151605	2
-107.082	73.5339	-0.00255757	0.00152898	2
-106.255	73.907	-0.00257536	0.00154049	2
-105.416	74.2663	-0.00259059	0.00155055	2
-104.564	74.6117	-0.00260321	0.00155911	2
-103.7	74.9429	-0.00261312	0.00156613	2
-102.823	75.26	-0.00262026	0.00157155	2
-101.933	75.5627	-0.00262453	0.00157534	2
-101.031	75.8509	-0.00262588	0.00157746	2
-100.128	76.1214	-0.00262426	0.00157785	2
-99.2014	76.3804	-0.00261955	0.0015765	2
-98.2628	76.6245	-0.00261168	0.00157334	2
-97.312	76.8536	-0.00260058	0.00156832	2

-75.0003	2.01026	4.86166e-07	3.73652e-08	2
-75.0368	2.89367	4.09767e-05	2.86643e-06	2
-75.1032	3.78879	7.93098e-05	4.96719e-06	2
-75.1984	4.68525	0.00011504	6.32028e-06	2
-75.3202	5.57263	0.00014784	6.94059e-06	2
-75.4704	6.47145	0.000178514	6.86038e-06	2
-75.6472	7.37129	0.000206704	6.08628e-06	2
-75.8497	8.27205	0.000232453	4.63627e-06	2
-76.0772	9.17362	0.000255799	2.52837e-06	2
-76.3289	10.0759	0.000276784	-2.19438e-07	2
-76.604	10.9788	0.000295447	-3.58915e-06	2
-76.9017	11.8821	0.000311829	-7.56278e-06	2
-77.2213	12.7859	0.00032597	-1.21223e-05	2
-77.562	13.6899	0.00033791	-1.72498e-05	2
-77.923	14.5941	0.000347691	-2.29272e-05	2
-78.3035	15.4983	0.000355351	-2.91365e-05	2
-78.7028	16.4025	0.000360932	-3.58597e-05	2
-79.1201	17.3065	0.000364474	-4.30789e-05	2
-79.5546	18.2103	0.000366017	-5.0776e-05	2
-80.0056	19.1137	0.000365601	-5.8933e-05	2
-80.4722	20.0166	0.000363266	-6.7532e-05	2
-80.9537	20.919	0.000359054	-7.65549e-05	2
-81.4493	21.8206	0.000353004	-8.59838e-05	2
-81.9582	22.7215	0.000345157	-9.58006e-05	2
-82.4797	23.6214	0.000335552	-0.000105987	2
-83.013	24.5204	0.000324231	-0.000116526	2
-83.551	25.4079	0.000311392	-0.000127272	2
-84.1054	26.3045	0.000296777	-0.000138457	2
-84.6693	27.1998	0.000280566	-0.00014994	2
-85.2419	28.0936	0.000262798	-0.000161704	2
-85.8224	28.9859	0.000243515	-0.00017373	2
-86.41	29.8766	0.000222756	-0.000185999	2
-87.004	30.7655	0.000200563	-0.000198496	2
-87.6036	31.6525	0.000176974	-0.0002112	2
-88.2081	32.5375	0.000152031	-0.000224094	2
-88.8165	33.4205	0.000125774	-0.000237161	2
-89.4283	34.3012	9.82435e-05	-0.000250382	2
-90.0425	35.1797	6.94792e-05	-0.000263739	2
-90.6585	36.0558	3.95218e-05	-0.000277214	2
-91.2754	36.9293	8.41142e-06	-0.000290789	2
-91.8925	37.8002	-2.38115e-05	-0.000304447	2
-92.5089	38.6685	-5.71067e-05	-0.000318169	2
-93.124	39.5338	-9.14338e-05	-0.000331937	2
-93.7369	40.3963	-0.000126753	-0.000345733	2
-94.3469	41.2557	-0.000163023	-0.00035954	2
-94.9532	42.1119	-0.000200204	-0.000373339	2
-95.555	42.9649	-0.000238256	-0.000387112	2
-96.1515	43.8145	-0.000277138	-0.000400841	2
-96.742	44.6606	-0.00031681	-0.000414508	2
-97.3191	45.4935	-0.000356763	-0.00042794	2
-97.8953	46.3324	-0.000397887	-0.000441432	2
-98.4631	47.1676	-0.00043968	-0.000454807	2
-99.0219	47.9988	-0.000482102	-0.000468049	2
-99.5707	48.826	-0.000525114	-0.00048114	2
-100.109	49.649	-0.000568674	-0.000494061	2
-100.636	50.4679	-0.000612742	-0.000506795	2
-101.15	51.2824	-0.000657279	-0.000519323	2
-101.652	52.0925	-0.000702243	-0.000531627	2
-102.139	52.8981	-0.000747595	-0.00054369	2
-102.612	53.699	-0.000793294	-0.000555493	2
-103.07	54.4951	-0.000839299	-0.000567019	2
-103.512	55.2863	-0.000885572	-0.00057825	2
-103.937	56.0726	-0.00093207	-0.000589167	2
-104.344	56.8538	-0.000978754	-0.000599752	2
-104.733	57.6299	-0.00102558	-0.000609988	2
-105.102	58.4006	-0.00107252	-0.000619856	2
-105.452	59.1659	-0.00111952	-0.000629339	2
-105.781	59.9257	-0.00116654	-0.000638419	2
-106.088	60.6799	-0.00121355	-0.000647076	2
-106.373	61.4284	-0.0012605	-0.000655295	2
-106.635	62.171	-0.00130736	-0.000663056	2
-106.873	62.9077	-0.00135408	-0.000670341	2
-107.086	63.6384	-0.00140062	-0.000677133	2
-107.272	64.3546	-0.00144642	-0.000683345	2
-107.435	65.0729	-0.00149249	-0.000689102	2
-107.57	65.7849	-0.00153826	-0.000694312	2
-107.677	66.4903	-0.0015837	-0.000698957	2
-107.756	67.1892	-0.00162876	-0.000703018	2
-107.806	67.8814	-0.0016734	-0.000706478	2
-107.826	68.5668	-0.00171758	-0.000709319	2
-107.815	69.2454	-0.00176126	-0.000711523	2
-107.772	69.9169	-0.00180441	-0.000713072	2
-107.697	70.5812	-0.00184697	-0.000713947	2
-107.589	71.2384	-0.00188891	-0.000714131	2
-107.446	71.8882	-0.0019302	-0.000713606	2
-107.269	72.5306	-0.00197078	-0.000712354	2
-107.057	73.1655	-0.00201062	-0.000710356	2
-106.809	73.7927	-0.00204968	-0.000707595	2
-106.523	74.4121	-0.00208792	-0.000704053	2
-106.2	75.0237	-0.0021253	-0.000699712	2
-105.838	75.6273	-0.00216177	-0.000694553	2
-105.436	76.2228	-0.00219731	-0.00068856	2
-104.995	76.8102	-0.00223186	-0.000681713	2
-104.512	77.3892	-0.00226539	-0.000673995	2
-103.988	77.9598	-0.00229785	-0.000665387	2
-103.422	78.522	-0.00232921	-0.000655873	2
-102.819	79.0692	-0.00235909	-0.000645559	2
-102.166	79.614	-0.00238813	-0.000634187	2
-101.468	80.1501	-0.00241596	-0.000621854	2
-100.725	80.6772	-0.00244251	-0.000608542	2

-25.0007	2.01147	-7.78132e-08	-1.61436e-07	2
-25.0767	2.99055	-6.51895e-06	-1.40138e-05	2
-25.1815	3.96574	-1.25454e-05	-2.79672e-05	2
-25.3139	4.92586	-1.8102e-05	-4.18643e-05	2
-25.4713	5.86041	-2.3155e-05	-5.55502e-05	2
-25.6568	6.7914	-2.78443e-05	-6.93471e-05	2
-25.8682	7.70817	-3.2131e-05	-8.30996e-05	2
-26.1048	8.61101	-3.60379e-05	-9.68117e-05	2
-26.3661	9.50019	-3.95874e-05	-0.000110487	2
-26.6516	10.376	-4.28021e-05	-0.000124131	2
-26.9606	11.2387	-4.57046e-05	-0.000137746	2
-27.2925	12.0887	-4.83175e-05	-0.000151336	2
-27.6469	12.9261	-5.06632e-05	-0.000164906	2
-28.0231	13.7513	-5.27644e-05	-0.00017846	2
-28.4205	14.5646	-5.46437e-05	-0.000192002	2
-28.8386	15.3662	-5.63235e-05	-0.000205535	2
-29.2767	16.1565	-5.78265e-05	-0.000219064	2
-29.7344	16.9356	-5.91751e-05	-0.000232592	2
-30.2111	17.704	-6.03921e-05	-0.000246124	2
-30.706	18.4619	-6.14999e-05	-0.000259664	2
-31.2188	19.2095	-6.25211e-05	-0.000273215	2
-31.7488	19.9472	-6.34782e-05	-0.000286782	2
-32.2954	20.6752	-6.43939e-05	-0.000300369	2
-32.8581	21.3939	-6.52906e-05	-0.00031398	2
-33.4363	22.1035	-6.6191e-05	-0.000327618	2
-34.0294	22.8042	-6.71176e-05	-0.000341288	2
-34.6297	23.4886	-6.80814e-05	-0.000354835	2
-35.2508	24.1727	-6.91272e-05	-0.00036858	2
-35.885	24.8489	-7.02666e-05	-0.000382368	2
-36.5318	25.5174	-7.15222e-05	-0.000396204	2
-37.1907	26.1785	-7.29165e-05	-0.000410092	2
-37.861	26.8326	-7.44722e-05	-0.000424035	2
-38.5422	27.4798	-7.62118e-05	-0.000438038	2
-39.2337	28.1205	-7.81578e-05	-0.000452105	2
-39.9349	28.755	-8.03328e-05	-0.000466239	2
-40.6454	29.3836	-8.27594e-05	-0.000480445	2
-41.3643	30.0064	-8.54601e-05	-0.000494727	2
-42.0913	30.6239	-8.84575e-05	-0.000509089	2
-42.8258	31.2363	-9.17742e-05	-0.000523534	2
-43.5671	31.8439	-9.54326e-05	-0.000538067	2
-44.3146	32.4469	-9.94555e-05	-0.000552691	2
-45.0679	33.0458	-0.000103865	-0.000567411	2
-45.8263	33.6406	-0.000108685	-0.000582231	2
-46.5892	34.2318	-0.000113936	-0.000597155	2
-47.3562	34.8196	-0.000119642	-0.000612186	2
-48.1265	35.4044	-0.000125825	-0.000627329	2
-48.8996	35.9863	-0.000132508	-0.000642588	2
-49.675	36.5656	-0.000139713	-0.000657967	2
-50.4521	37.1428	-0.000147464	-0.000673469	2
-51.2213	37.7113	-0.000155682	-0.000688919	2
-52	38.2849	-0.000164583	-0.000704679	2
-52.7787	38.857	-0.000174096	-0.000720575	2
-53.5567	39.428	-0.000184244	-0.000736611	2
-54.3335	39.9983	-0.000195049	-0.00075279	2
-55.1086	40.5679	-0.000206534	-0.000769117	2
-55.8813	41.1374	-0.000218722	-0.000785596	2
-56.651	41.7069	-0.000231635	-0.000802231	2
-57.4173	42.2766	-0.000245295	-0.000819025	2
-58.1795	42.847	-0.000259726	-0.000835983	2
-58.9371	43.4183	-0.00027495	-0.000853109	2
-59.6894	43.9908	-0.000290989	-0.000870406	2
-60.4359	44.5648	-0.000307866	-0.00088788	2
-61.176	45.1404	-0.000325603	-0.000905533	2
-61.9092	45.7182	-0.000344224	-0.00092337	2
-62.6348	46.2982	-0.00036375	-0.000941394	2
-63.3524	46.8809	-0.000384204	-0.00095961	2
-64.0612	47.4664	-0.000405609	-0.000978023	2
-64.7608	48.0551	-0.000427987	-0.000996634	2
-65.4506	48.6473	-0.000451361	-0.00101545	2
-66.1299	49.2432	-0.000475754	-0.00103447	2
-66.7983	49.8432	-0.000501188	-0.00105371	2
-67.4551	50.4474	-0.000527685	-0.00107316	2
-68.0998	51.0563	-0.000555268	-0.00109283	2
-68.7245	51.663	-0.000583624	-0.0011125	2
-69.3433	52.2819	-0.000613433	-0.00113262	2
-69.9483	52.9062	-0.000644397	-0.00115297	2
-70.5388	53.5363	-0.000676537	-0.00117355	2
-71.1143	54.1724	-0.000709875	-0.00119438	2
-71.6743	54.8148	-0.000744434	-0.00121545	2
-72.218	55.4638	-0.000780238	-0.00123677	2
-72.7451	56.1197	-0.000817307	-0.00125834	2
-73.2548	56.7827	-0.000855666	-0.00128017	2
-73.7466	57.4532	-0.000895336	-0.00130225	2
-74.22	58.1315	-0.00093634	-0.0013246	2
-74.6743	58.8177	-0.0009787	-0.00134722	2
-75.109	59.5123	-0.00102244	-0.00137011	2
-75.5236	60.2155	-0.00106758	-0.00139328	2
-75.9173	60.9275	-0.00111415	-0.00141672	2
-76.2897	61.6487	-0.00116216	-0.00144045	2
-76.6402	62.3794	-0.00121164	-0.00146447	2
-76.9682	63.1198	-0.00126262	-0.00148877	2
-77.2731	63.8702	-0.0013151	-0.00151338	2
-77.5544	64.6309	-0.00136913	-0.00153828	2
-77.8115	65.4022	-0.00142472	-0.00156349	2
-78.0438	66.1844	-0.00148188	-0.00158901	2
-78.2507	66.9777	-0.00154065	-0.00161483	2
-78.4297	67.7732	-0.00160035	-0.00164068	2
-78.5844	68.5896	-0.00166238	-0.00166714	2
-78.712	69.418	-0.00172608	-0.00169392	2
-78.812	70.2587	-0.00179148	-0.00172103	2

24.9989	2.01256	4.49443e-07	-4.82408e-07	2
24.8941	3.08595	3.97675e-05	-4.04885e-05	2
24.7664	4.15805	8.08662e-05	-7.80144e-05	2
24.6173	5.21653	0.000123271	-0.000112629	2
24.4491	6.24969	0.000166449	-0.000144035	2
24.2584	7.28178	0.000211378	-0.000173012	2
24.0473	8.30093	0.00025754	-0.000199232	2
23.8162	9.30737	0.00030491	-0.000222744	2
23.5655	10.3013	0.000353463	-0.000243601	2
23.2955	11.283	0.000403175	-0.000261853	2
23.0066	12.2527	0.00045402	-0.000277552	2
22.6991	13.2106	0.000505974	-0.00029075	2
22.3734	14.1569	0.000559013	-0.000301496	2
22.0298	15.0918	0.000613111	-0.000309842	2
21.6688	16.0157	0.000668245	-0.000315841	2
21.2906	16.9286	0.000724388	-0.000319542	2
20.8957	17.8309	0.000781517	-0.000320997	2
20.4843	18.7228	0.000839607	-0.000320258	2
20.057	19.6044	0.000898633	-0.000317376	2
19.6139	20.4761	0.000958571	-0.000312401	2
19.1555	21.338	0.0010194	-0.000305385	2
18.6821	22.1903	0.00108108	-0.00029638	2
18.1942	23.0334	0.00114361	-0.000285436	2
17.692	23.8674	0.00120694	-0.000272605	2
17.1759	24.6926	0.00127107	-0.000257938	2
16.6462	25.5091	0.00133595	-0.000241487	2
16.1098	26.3081	0.00140082	-0.00022352	2
15.5543	27.1082	0.00146715	-0.000203672	2
14.9864	27.9003	0.00153417	-0.000182192	2
14.4064	28.6847	0.00160186	-0.000159131	2
13.8147	29.4617	0.00167018	-0.000134542	2
13.2116	30.2314	0.00173913	-0.000108474	2
12.5975	30.9941	0.00180866	-8.09799e-05	2
11.9727	31.7499	0.00187875	-5.21103e-05	2
11.3377	32.4992	0.00194939	-2.19164e-05	2
10.6927	33.2422	0.00202055	9.55044e-06	2
10.0382	33.979	0.00209219	4.2239e-05	2
9.37443	34.71	0.00216431	7.60982e-05	2
8.70182	35.4352	0.00223687	0.000111077	2
8.02073	36.1551	0.00230984	0.000147123	2
7.3315	36.8697	0.00238321	0.000184186	2
6.6345	37.5794	0.00245694	0.000222215	2
5.93009	38.2842	0.00253102	0.000261158	2
5.21864	38.9846	0.00260542	0.000300965	2
4.50049	39.6807	0.00268011	0.000341583	2
3.77601	40.3727	0.00275507	0.000382962	2
3.04556	41.0608	0.00283028	0.00042505	2
2.30949	41.7453	0.0029057	0.000467796	2
1.56818	42.4265	0.00298132	0.000511149	2
0.830583	43.0967	0.00305624	0.000554551	2
0.0798989	43.7717	0.00313218	0.000598959	2
-0.67496	44.4441	0.00320824	0.00064382	2
-1.43363	45.114	0.00328439	0.000689085	2
-2.19576	45.7816	0.00336062	0.000734701	2
-2.96099	46.4472	0.00343689	0.000780616	2
-3.72895	47.111	0.00351319	0.000826781	2
-4.49928	47.7732	0.00358948	0.000873143	2
-5.27163	48.4341	0.00366575	0.000919652	2
-6.04563	49.0938	0.00374197	0.000966256	2
-6.82093	49.7526	0.00381811	0.0010129	2
-7.59717	50.4108	0.00389415	0.00105954	2
-8.37398	51.0686	0.00397006	0.00110613	2
-9.151	51.7261	0.00404582	0.0011526	2
-9.92788	52.3837	0.00412141	0.00119891	2
-10.7043	53.0415	0.0041968	0.00124501	2
-11.4798	53.6997	0.00427197	0.00129085	2
-12.2541	54.3587	0.00434688	0.00133637	2
-13.0268	55.0186	0.00442152	0.00138152	2
-13.7975	55.6797	0.00449587	0.00142626	2
-14.566	56.3421	0.00456989	0.00147053	2
-15.3318	57.0061	0.00464356	0.00151428	2
-16.0945	57.672	0.00471686	0.00155746	2
-16.8539	58.3399	0.00478976	0.00160001	2
-17.6009	59.0024	0.00486141	0.00164142	2
-18.3525	59.6752	0.00493345	0.00168259	2
-19.0996	60.3506	0.00500502	0.00172298	2
-19.8419	61.029	0.00507609	0.00176255	2
-20.579	61.7107	0.00514664	0.00180123	2
-21.3106	62.3957	0.00521665	0.00183899	2
-22.0363	63.0844	0.00528609	0.00187577	2
-22.7557	63.777	0.00535493	0.00191152	2
-23.4685	64.4737	0.00542315	0.00194618	2
-24.1743	65.1747	0.00549073	0.00197972	2
-24.8728	65.8803	0.00555764	0.00201206	2
-25.5635	66.5906	0.00562386	0.00204317	2
-26.2463	67.306	0.00568935	0.00207299	2
-26.9206	68.0266	0.00575411	0.00210148	2
-27.5861	68.7527	0.0058181	0.00212857	2
-28.2425	69.4845	0.00588129	0.00215422	2
-28.8893	70.2222	0.00594367	0.00217838	2
-29.5264	70.9661	0.00600521	0.002201	2
-30.1532	71.7164	0.00606588	0.00222202	2
-30.7694	72.4732	0.00612566	0.00224139	2
-31.3747	73.2369	0.00618452	0.00225907	2
-31.9686	74.0077	0.00624245	0.002275	2
-32.551	74.7857	0.00629941	0.00228913	2
-33.1148	75.5622	0.00635474	0.00230127	2
-33.6728	76.3554	0.0064097	0.00231167	2
-34.2182	77.1566	0.00646363	0.00232012	2
-34.7504	77.966	0.00651649	0.00232656	2

74.9982	2.01275	8.4858e-07	-4.76571e-08	2
74.8544	3.10577	7.37785e-05	-4.83078e-06	2
74.7244	4.20445	0.000147458	-1.10395e-05	2
74.6098	5.29612	0.000221037	-1.86152e-05	2
74.5115	6.36839	0.000293668	-2.74368e-05	2
74.4271	7.44627	0.000367037	-3.76984e-05	2
74.3577	8.5173	0.000440298	-4.92946e-05	2
74.303	9.58154	0.000513448	-6.22143e-05	2
74.2629	10.6391	0.000586483	-7.64467e-05	2
74.2372	11.6899	0.000659402	-9.19808e-05	2
74.2258	12.7342	0.000732202	-0.000108806	2
74.2284	13.7719	0.000804881	-0.000126911	2
74.245	14.8031	0.000877435	-0.000146285	2
74.2754	15.8278	0.000949864	-0.000166917	2
74.3194	16.8462	0.00102216	-0.000188796	2
74.3768	17.8583	0.00109433	-0.000211912	2
74.4475	18.8642	0.00116636	-0.000236254	2
74.5312	19.8638	0.00123826	-0.000261809	2
74.6279	20.8573	0.00131002	-0.000288569	2
74.7374	21.8448	0.00138163	-0.000316521	2
74.8594	22.8262	0.0014531	-0.000345655	2
74.9939	23.8017	0.00152443	-0.000375961	2
75.1407	24.7712	0.0015956	-0.000407426	2
75.2996	25.735	0.00166662	-0.00044004	2
75.4704	26.6929	0.00173749	-0.000473793	2
75.6529	27.6451	0.0018082	-0.000508673	2
75.8448	28.5809	0.00187795	-0.000544249	2
76.0502	29.5219	0.00194834	-0.000581339	2
76.267	30.4574	0.00201857	-0.000619523	2
76.4948	31.3874	0.00208863	-0.000658792	2
76.7336	32.312	0.00215852	-0.000699133	2
76.9831	33.2312	0.00222824	-0.000740536	2
77.2433	34.1451	0.00229778	-0.000782991	2
77.5139	35.0538	0.00236715	-0.000826486	2
77.7947	35.9572	0.00243633	-0.00087101	2
78.0857	36.8556	0.00250534	-0.000916553	2
78.3866	37.7489	0.00257416	-0.000963103	2
78.6972	38.6371	0.00264279	-0.00101065	2
79.0175	39.5204	0.00271123	-0.00105918	2
79.3472	40.3989	0.00277948	-0.00110869	2
79.6862	41.2725	0.00284754	-0.00115916	2
80.0343	42.1413	0.00291539	-0.00121059	2
80.3913	43.0054	0.00298305	-0.00126296	2
80.7571	43.8648	0.00305051	-0.00131625	2
81.1315	44.7197	0.00311776	-0.00137047	2
81.5144	45.57	0.0031848	-0.0014256	2
81.9055	46.4158	0.00325163	-0.00148163	2
82.3048	47.2573	0.00331825	-0.00153854	2
82.7119	48.0943	0.00338466	-0.00159634	2
83.1221	48.9175	0.00345008	-0.00165431	2
83.5445	49.7461	0.00351605	-0.00171382	2
83.9744	50.5705	0.0035818	-0.00177416	2
84.4116	51.3908	0.00364732	-0.00183535	2
84.8559	52.207	0.00371261	-0.00189735	2
85.3072	53.0192	0.00377767	-0.00196016	2
85.7652	53.8274	0.0038425	-0.00202378	2
86.2298	54.6318	0.0039071	-0.00208818	2
86.7009	55.4323	0.00397145	-0.00215337	2
87.1782	56.2291	0.00403557	-0.00221932	2
87.6617	57.0222	0.00409944	-0.00228603	2
88.1511	57.8116	0.00416307	-0.00235348	2
88.6463	58.5974	0.00422645	-0.00242167	2
89.1471	59.3797	0.00428958	-0.00249059	2
89.6533	60.1585	0.00435245	-0.00256022	2
90.1649	60.934	0.00441507	-0.00263055	2
90.6815	61.706	0.00447743	-0.00270157	2
91.2031	62.4748	0.00453953	-0.00277327	2
91.7295	63.2403	0.00460137	-0.00284565	2
92.2605	64.0027	0.00466294	-0.00291868	2
92.7959	64.7619	0.00472424	-0.00299236	2
93.3356	65.5181	0.00478528	-0.00306668	2
93.8794	66.2713	0.00484603	-0.00314162	2
94.4272	67.0215	0.00490652	-0.00321718	2
94.9724	67.7603	0.00496603	-0.00329247	2
95.5275	68.5049	0.00502596	-0.00336922	2
96.0861	69.2467	0.0050856	-0.00344655	2
96.648	69.9858	0.00514495	-0.00352446	2
97.2129	70.7223	0.00520402	-0.00360292	2
97.7809	71.4562	0.0052628	-0.00368194	2
98.3516	72.1875	0.00532128	-0.00376149	2
98.9249	72.9164	0.00537947	-0.00384158	2
99.5007	73.6429	0.00543736	-0.00392218	2
100.079	74.3671	0.00549494	-0.00400329	2
100.659	75.0889	0.00555222	-0.00408489	2
101.241	75.8086	0.0056092	-0.00416698	2
101.825	76.526	0.00566587	-0.00424954	2
102.411	77.2414	0.00572222	-0.00433257	2
102.998	77.9547	0.00577827	-0.00441604	2
103.586	78.666	0.00583399	-0.00449996	2
104.175	79.3753	0.0058894	-0.00458431	2
104.766	80.0828	0.00594448	-0.00466908	2
105.357	80.7885	0.00599924	-0.00475425	2
105.949	81.4924	0.00605368	-0.00483983	2
106.541	82.1947	0.00610778	-0.00492579	2
107.133	82.8953	0.00616156	-0.00501213	2
107.726	83.5943	0.006215	-0.00509883	2
108.312	84.2838	0.00626749	-0.00518488	2
108.904	84.9798	0.00632026	-0.00527227	2
109.496	85.6745	0.00637268	-0.00536	2
110.088	86.3678	0.00642476	-0.00544805	2

124.997	2.01271	-2.052e-07	-2.86752e-07	2
124.726	3.09862	-1.83154e-05	-2.37564e-05	2
124.48	4.18216	-3.75521e-05	-4.51325e-05	2
124.263	5.25075	-5.76866e-05	-6.41733e-05	2
124.076	6.29254	-7.84488e-05	-8.07437e-05	2
123.914	7.33189	-0.000100299	-9.52735e-05	2
123.779	8.35678	-0.000122976	-0.000107602	2
123.671	9.36735	-0.000146457	-0.000117773	2
123.589	10.3638	-0.000170718	-0.000125832	2
123.534	11.3462	-0.000195737	-0.000131824	2
123.504	12.3147	-0.000221488	-0.000135794	2
123.5	13.2696	-0.00024795	-0.000137786	2
123.52	14.2109	-0.000275098	-0.000137845	2
123.565	15.1389	-0.000302909	-0.000136016	2
123.635	16.0536	-0.000331359	-0.000132343	2
123.728	16.9553	-0.000360425	-0.000126872	2
123.845	17.844	-0.000390083	-0.000119647	2
123.985	18.72	-0.00042031	-0.000110714	2
124.148	19.5834	-0.000451082	-0.000100115	2
124.334	20.4344	-0.000482376	-8.78978e-05	2
124.541	21.273	-0.000514169	-7.41056e-05	2
124.77	22.0996	-0.000546436	-5.87834e-05	2
125.021	22.9141	-0.000579154	-4.19761e-05	2
125.292	23.7169	-0.0006123	-2.37285e-05	2
125.584	24.5079	-0.00064585	-4.08528e-06	2
125.897	25.2875	-0.00067978	1.69087e-05	2
126.225	26.0469	-0.000713672	3.89451e-05	2
126.577	26.8041	-0.00074829	6.2492e-05	2
126.947	27.5502	-0.000783218	8.72559e-05	2
127.337	28.2854	-0.000818433	0.000113192	2
127.745	29.0098	-0.000853911	0.000140256	2
128.171	29.7237	-0.000889629	0.000168402	2
128.615	30.4272	-0.000925563	0.000197586	2
129.076	31.1204	-0.00096169	0.000227763	2
129.554	31.8035	-0.000997987	0.000258888	2
130.048	32.4767	-0.00103443	0.000290917	2
130.559	33.14	-0.00107099	0.000323804	2
131.086	33.7937	-0.00110766	0.000357505	2
131.628	34.438	-0.00114439	0.000391976	2
132.186	35.0729	-0.00118118	0.000427171	2
132.758	35.6986	-0.001218	0.000463046	2
133.345	36.3153	-0.00125483	0.000499555	2
133.945	36.9232	-0.00129163	0.000536654	2
134.56	37.5223	-0.00132839	0.000574299	2
135.187	38.1129	-0.00136509	0.000612444	2
135.828	38.6951	-0.00140169	0.000651045	2
136.481	39.2691	-0.00143819	0.000690057	2
137.147	39.835	-0.00147454	0.000729435	2
137.824	40.3929	-0.00151074	0.000769134	2
138.505	40.9368	-0.00154634	0.000808649	2
139.205	41.4795	-0.00158215	0.000848854	2
139.915	42.0147	-0.00161773	0.000889247	2
140.636	42.5426	-0.00165305	0.000929783	2
141.367	43.0634	-0.0016881	0.000970416	2
142.108	43.5771	-0.00172285	0.0010111	2
142.858	44.084	-0.00175727	0.0010518	2
143.617	44.5843	-0.00179135	0.00109246	2
144.385	45.078	-0.00182505	0.00113303	2
145.161	45.5653	-0.00185836	0.00117349	2
145.944	46.0465	-0.00189125	0.00121377	2
146.735	46.5215	-0.0019237	0.00125383	2
147.534	46.9907	-0.00195568	0.00129364	2
148.339	47.4541	-0.00198718	0.00133314	2
149.15	47.912	-0.00201816	0.00137229	2
149.967	48.3644	-0.0020486	0.00141104	2
150.791	48.8115	-0.00207849	0.00144936	2
151.619	49.2535	-0.00210779	0.00148719	2
152.452	49.6906	-0.00213649	0.0015245	2
153.29	50.1228	-0.00216456	0.00156123	2
154.132	50.5504	-0.00219197	0.00159734	2
154.978	50.9735	-0.00221871	0.00163279	2
155.827	51.3922	-0.00224474	0.00166752	2
156.68	51.8067	-0.00227006	0.00170151	2
157.525	52.2126	-0.00229434	0.00173432	2
158.383	52.6193	-0.00231814	0.00176668	2
159.242	53.0222	-0.00234115	0.00179815	2
160.104	53.4216	-0.00236334	0.00182869	2
160.966	53.8176	-0.00238469	0.00185825	2
161.83	54.2104	-0.00240517	0.00188679	2
162.694	54.6	-0.00242477	0.00191427	2
163.558	54.9867	-0.00244345	0.00194064	2
164.422	55.3706	-0.0024612	0.00196584	2
165.285	55.7519	-0.00247799	0.00198985	2
166.148	56.1307	-0.00249379	0.00201262	2
167.009	56.5072	-0.0025086	0.00203409	2
167.869	56.8815	-0.00252237	0.00205424	2
168.727	57.2539	-0.00253508	0.002073	2
169.582	57.6243	-0.00254673	0.00209033	2
170.434	57.9931	-0.00255727	0.0021062	2
171.284	58.3604	-0.00256668	0.00212056	2
172.13	58.7262	-0.00257496	0.00213335	2
172.972	59.0909	-0.00258206	0.00214455	2
173.81	59.4544	-0.00258796	0.00215409	2
174.643	59.8171	-0.00259265	0.00216195	2
175.472	60.179	-0.0025961	0.00216806	2
176.295	60.5402	-0.00259828	0.0021724	2
177.103	60.8969	-0.00259917	0.00217488	2
177.915	61.2575	-0.00259877	0.00217554	2
178.72	61.6179	-0.00259703	0.00217428	2
179.519	61.9783	-0.00259394	0.00217106	2

