-125.008	2.01314	6.99295e-08	1.37789e-07	2
-125.676	3.1379	5.287e-06	1.21359e-05	2
-126.318	4.26529	8.983e-06	2.45669e-05	2
-126.926	5.38218	1.11201e-05	3.72859e-05	2
-127.494	6.47594	1.17318e-05	5.01349e-05	2
-128.036	7.57203	1.08643e-05	6.34057e-05	2
-128.546	8.6577	8.53365e-06	7.69432e-05	2
-129.023	9.73296	4.77202e-06	9.07404e-05	2
-129.468	10.7978	-3.88539e-07	0.00010479	2
-129.881	11.8524	-6.91595e-06	0.000119086	2
-130.263	12.8966	-1.47781e-05	0.000133619	2
-130.614	13.9304	-2.3943e-05	0.000148384	2
-130.935	14.954	-3.43786e-05	0.000163373	2
-131.226	15.9673	-4.60526e-05	0.00017858	2
-131.487	16.9704	-5.89332e-05	0.000193996	2
-131.718	17.9633	-7.29882e-05	0.000209615	2
-131.921	18.9459	-8.81855e-05	0.000225429	2
-132.095	19.9184	-0.000104493	0.000241433	2
-132.24	20.8807	-0.000121879	0.000257618	2
-132.358	21.8329	-0.000140311	0.000273977	2
-132.448	22.7749	-0.000159757	0.000290504	2
-132.511	23.7069	-0.000180185	0.000307191	2
-132.547	24.6289	-0.000201562	0.000324031	2
-132.557	25.5407	-0.000223858	0.000341017	2
-132.54	26.4426	-0.000247039	0.000358142	2
-132.498	27.3345	-0.000271074	0.000375398	2
-132.431	28.2063	-0.000295641	0.000392579	2
-132.339	29.0784	-0.000321278	0.000410077	2
-132.222	29.9405	-0.000347673	0.000427685	2
-132.081	30.7927	-0.000374794	0.000445397	2
-131.916	31.635	-0.000402608	0.000463205	2
-131.728	32.4675	-0.000431084	0.000481102	2
-131.516	33.2902	-0.00046019	0.000499081	2
-131.282	34.103	-0.000489893	0.000517136	2
-131.025	34.906	-0.000520162	0.000535258	2
-130.746	35.6993	-0.000550963	0.000553441	2
-130.446	36.4828	-0.000582266	0.000571678	2
-130.124	37.2566	-0.000614038	0.000589962	2
-129.781	38.0207	-0.000646248	0.000608284	2
-129.418	38.7751	-0.000678862	0.00062664	2
-129.035	39.5198	-0.000711849	0.00064502	2
-128.631	40.255	-0.000745177	0.000663419	2
-128.209	40.9805	-0.000778814	0.000681829	2
-127.767	41.6964	-0.000812727	0.000700243	2
-127.306	42.4027	-0.000846886	0.000718653	2
-126.827	43.0995	-0.000881256	0.000737054	2
-126.33	43.7868	-0.000915808	0.000755437	2
-125.816	44.4646	-0.000950507	0.000773796	2
-125.284	45.1329	-0.000985323	0.000792123	2
-124.742	45.7843	-0.00101982	0.000810201	2
-124.177	46.4338	-0.00105477	0.000828444	2
-123.595	47.0739	-0.00108975	0.000846634	2
-122.998	47.7047	-0.00112471	0.000864765	2
-122.386	48.326	-0.00115962	0.000882828	2
-121.759	48.9381	-0.00119447	0.000900818	2
-121.116	49.5408	-0.0012292	0.000918726	2
-120.46	50.1342	-0.00126379	0.000936545	2
-119.79	50.7184	-0.00129822	0.00095427	2
-119.106	51.2933	-0.00133243	0.000971891	2
-118.408	51.8589	-0.00136642	0.000989404	2
-117.698	52.4154	-0.00140013	0.0010068	2
-116.976	52.9627	-0.00143354	0.00102407	2
-116.241	53.5008	-0.00146662	0.00104121	2
-115.495	54.0298	-0.00149934	0.00105821	2
-114.737	54.5497	-0.00153166	0.00107507	2
-113.968	55.0605	-0.00156355	0.00109178	2
-113.189	55.5622	-0.00159498	0.00110832	2
-112.399	56.0548	-0.00162592	0.0011247	2
-111.6	56.5385	-0.00165634	0.00114091	2
-110.791	57.0131	-0.00168619	0.00115693	2
-109.972	57.4788	-0.00171546	0.00117277	2
-109.145	57.9355	-0.00174411	0.00118841	2
-108.31	58.3833	-0.0017721	0.00120385	2
-107.476	58.8172	-0.0017991	0.00121891	2
-106.625	59.2472	-0.0018257	0.00123392	2
-105.766	59.6685	-0.00185155	0.00124872	2
-104.901	60.0808	-0.00187662	0.00126328	2
-104.029	60.4844	-0.00190088	0.00127761	2
-103.151	60.8791	-0.00192429	0.00129169	2
-102.267	61.2651	-0.00194683	0.00130552	2
-101.377	61.6423	-0.00196845	0.00131909	2
-100.482	62.0108	-0.00198913	0.00133239	2
-99.5827	62.3706	-0.00200885	0.00134543	2
-98.6789	62.7217	-0.00202755	0.00135818	2
-97.771	63.0642	-0.00204522	0.00137064	2
-96.8594	63.398	-0.00206182	0.00138281	2
-95.9446	63.7232	-0.00207731	0.00139468	2
-95.0268	64.0398	-0.00209167	0.00140624	2
-94.1065	64.3478	-0.00210487	0.00141749	2
-93.1841	64.6473	-0.00211687	0.00142841	2
-92.2598	64.9382	-0.00212764	0.001439	2
-91.334	65.2207	-0.00213714	0.00144926	2
-90.4072	65.4946	-0.00214536	0.00145917	2
-89.4797	65.7601	-0.00215224	0.00146873	2
-88.5519	66.0172	-0.00215777	0.00147793	2
-87.624	66.2658	-0.00216191	0.00148676	2
-86.7073	66.5034	-0.0021646	0.00149513	2
-85.7806	66.7354	-0.00216588	0.00150322	2
-84.855	66.959	-0.00216567	0.00151092	2
-83.931	67.1744	-0.00216394	0.00151823	2

-75.0027	2.01001	2.6307e-07	7.30658e-08	2
-75.2382	2.87328	2.1545e-05	5.91947e-06	2
-75.4903	3.75194	4.04039e-05	1.09704e-05	2
-75.7557	4.63579	5.6621e-05	1.5177e-05	2
-76.0307	5.51436	7.00983e-05	1.85294e-05	2
-76.321	6.40787	8.11932e-05	2.11295e-05	2
-76.6232	7.30593	8.97783e-05	2.29579e-05	2
-76.9365	8.20833	9.58977e-05	2.40391e-05	2
-77.2606	9.11485	9.95957e-05	2.43972e-05	2
-77.5949	10.0253	0.000100916	2.40566e-05	2
-77.9388	10.9394	9.9904e-05	2.30417e-05	2
-78.2919	11.857	9.66028e-05	2.13766e-05	2
-78.6535	12.7779	9.10569e-05	1.90858e-05	2
-79.0232	13.7019	8.33106e-05	1.61935e-05	2
-79.4005	14.6287	7.34079e-05	1.2724e-05	2
-79.7848	15.5581	6.13931e-05	8.70164e-06	2
-80.1755	16.49	4.73104e-05	4.15072e-06	2
-80.5723	17.4241	3.12041e-05	-9.04463e-07	2
-80.9745	18.3602	1.31182e-05	-6.4396e-06	2
-81.3815	19.298	-6.90308e-06	-1.24304e-05	2
-81.793	20.2375	-2.88155e-05	-1.88525e-05	2
-82.2083	21.1784	-5.25748e-05	-2.56817e-05	2
-82.6269	22.1203	-7.81368e-05	-3.28936e-05	2
-83.0484	23.0633	-0.000105457	-4.04639e-05	2
-83.4721	24.007	-0.000134492	-4.83683e-05	2
-83.8975	24.9512	-0.000165198	-5.65826e-05	2
-84.3193	25.8848	-0.000197148	-6.49831e-05	2
-84.7467	26.8294	-0.000231043	-7.37412e-05	2
-85.1742	27.7739	-0.000266476	-8.27365e-05	2
-85.6013	28.7181	-0.000303403	-9.19447e-05	2
-86.0276	29.6617	-0.00034178	-0.000101341	2
-86.4525	30.6046	-0.000381562	-0.000110902	2
-86.8754	31.5465	-0.000422706	-0.000120603	2
-87.2958	32.4873	-0.000465166	-0.00013042	2
-87.7133	33.4266	-0.0005089	-0.000140328	2
-88.1272	34.3644	-0.000553862	-0.000150303	2
-88.5371	35.3004	-0.000600009	-0.000160321	2
-88.9424	36.2344	-0.000647297	-0.000170357	2
-89.3426	37.1661	-0.00069568	-0.000180387	2
-89.7372	38.0954	-0.000745116	-0.000190387	2
-90.1256	39.022	-0.000795559	-0.000200333	2
-90.5073	39.9458	-0.000846966	-0.0002102	2
-90.8818	40.8665	-0.000899292	-0.000219963	2
-91.2485	41.7839	-0.000952494	-0.0002296	2
-91.607	42.6978	-0.00100653	-0.000239084	2
-91.9567	43.608	-0.00106135	-0.000248393	2
-92.2971	44.5143	-0.00111691	-0.000257501	2
-92.6276	45.4164	-0.00117317	-0.000266385	2
-92.9477	46.3142	-0.00123008	-0.00027502	2
-93.2534	47.1972	-0.00128694	-0.000283287	2
-93.5513	48.0857	-0.00134503	-0.000291354	2
-93.8373	48.9693	-0.00140363	-0.0002991	2
-94.1108	49.8476	-0.00146272	-0.0003065	2
-94.3713	50.7206	-0.00152224	-0.00031353	2
-94.6182	51.5879	-0.00158214	-0.000320166	2
-94.8511	52.4494	-0.0016424	-0.000326382	2
-95.0693	53.3048	-0.00170295	-0.000332156	2
-95.2725	54.1541	-0.00176376	-0.000337462	2
-95.46	54.9968	-0.00182479	-0.000342277	2
-95.6313	55.8329	-0.00188598	-0.000346575	2
-95.786	56.6621	-0.0019473	-0.000350333	2
-95.9234	57.4841	-0.0020087	-0.000353527	2
-96.043	58.2989	-0.00207013	-0.000356132	2
-96.1444	59.1062	-0.00213156	-0.000358123	2
-96.2269	59.9057	-0.00219293	-0.000359477	2
-96.2901	60.6973	-0.00225421	-0.000360169	2
-96.3335	61.4807	-0.00231534	-0.000360175	2
-96.3564	62.2558	-0.00237629	-0.00035947	2
-96.3584	63.0222	-0.00243702	-0.000358031	2
-96.339	63.7799	-0.00249746	-0.000355832	2
-96.2976	64.5286	-0.0025576	-0.000352851	2
-96.2337	65.268	-0.00261737	-0.000349061	2
-96.1468	65.9981	-0.00267673	-0.00034444	2
-96.0377	66.7102	-0.00273497	-0.00033903	2
-95.9034	67.4209	-0.00279339	-0.000332682	2
-95.7445	68.1215	-0.00285128	-0.000325429	2
-95.5605	68.8118	-0.00290859	-0.000317248	2
-95.3508	69.4916	-0.00296527	-0.000308113	2
-95.1149	70.1608	-0.00302127	-0.000298001	2
-94.8523	70.819	-0.00307657	-0.000286887	2
-94.5624	71.4661	-0.0031311	-0.000274747	2
-94.2448	72.1019	-0.00318483	-0.000261556	2
-93.8989	72.7261	-0.00323772	-0.00024729	2
-93.5242	73.3386	-0.00328971	-0.000231926	2
-93.1201	73.9391	-0.00334077	-0.000215438	2
-92.6861	74.5275	-0.00339085	-0.000197803	2
-92.2217	75.1034	-0.0034399	-0.000178995	2
-91.7264	75.6668	-0.00348789	-0.000158991	2
-91.1996	76.2173	-0.00353476	-0.000137767	2
-90.6408	76.7548	-0.00358047	-0.000115298	2
-90.0496	77.2791	-0.00362499	-9.15592e-05	2
-89.4252	77.7899	-0.00366826	-6.65273e-05	2
-88.7673	78.287	-0.00371024	-4.01775e-05	2
-88.0753	78.7703	-0.00375089	-1.24857e-05	2
-87.3487	79.2395	-0.00379016	1.65726e-05	2
-86.5869	79.6944	-0.00382801	4.70215e-05	2
-85.7988	80.1298	-0.00386398	7.85112e-05	2
-84.9655	80.5557	-0.00389887	0.000111798	2
-84.0955	80.9666	-0.0039322	0.000146548	2
-83.1883	81.3623	-0.00396394	0.000182785	2

-25.0007	2.0121	-9.13141e-08	3.2253e-08	2
-25.0753	3.04538	-7.60701e-06	2.41797e-06	2
-25.1808	4.07602	-1.45495e-05	4.06512e-06	2
-25.3158	5.09219	-2.08543e-05	4.96298e-06	2
-25.4776	6.08271	-2.64866e-05	5.13517e-06	2
-25.6693	7.07087	-3.1604e-05	4.60701e-06	2
-25.8884	8.04534	-3.61646e-05	3.3939e-06	2
-26.1343	9.00637	-4.01954e-05	1.51736e-06	2
-26.4061	9.95423	-4.37235e-05	-1.00108e-06	2
-26.7034	10.8892	-4.67758e-05	-4.1399e-06	2
-27.0253	11.8115	-4.93793e-05	-7.87755e-06	2
-27.3711	12.7214	-5.15612e-05	-1.21925e-05	2
-27.7402	13.6191	-5.33484e-05	-1.70633e-05	2
-28.1319	14.505	-5.47679e-05	-2.24683e-05	2
-28.5454	15.3793	-5.58467e-05	-2.83861e-05	2
-28.9801	16.2422	-5.66119e-05	-3.4795e-05	2
-29.4353	17.0941	-5.70905e-05	-4.16736e-05	2
-29.9103	17.9351	-5.73096e-05	-4.90004e-05	2
-30.4043	18.7655	-5.7296e-05	-5.67538e-05	2
-30.9167	19.5856	-5.70769e-05	-6.49123e-05	2
-31.4468	20.3957	-5.66792e-05	-7.34543e-05	2
-31.9939	21.196	-5.61301e-05	-8.23584e-05	2
-32.5573	21.9867	-5.54564e-05	-9.1603e-05	2
-33.1362	22.7682	-5.46852e-05	-0.000101167	2
-33.7301	23.5407	-5.38436e-05	-0.000111028	2
-34.3382	24.3044	-5.29586e-05	-0.000121164	2
-34.9525	25.051	-5.20675e-05	-0.000131435	2
-35.5868	25.7981	-5.11764e-05	-0.000142057	2
-36.2331	26.5372	-5.03225e-05	-0.00015289	2
-36.8909	27.2687	-4.9533e-05	-0.000163913	2
-37.5594	27.9926	-4.88348e-05	-0.000175105	2
-38.2379	28.7094	-4.82551e-05	-0.000186444	2
-38.9258	29.4193	-4.78206e-05	-0.000197908	2
-39.6223	30.1224	-4.75586e-05	-0.000209476	2
-40.3267	30.8192	-4.7496e-05	-0.000221127	2
-41.0384	31.5098	-4.76599e-05	-0.000232838	2
-41.7566	32.1946	-4.80772e-05	-0.000244589	2
-42.4807	32.8737	-4.8775e-05	-0.000256358	2
-43.2099	33.5474	-4.97803e-05	-0.000268123	2
-43.9436	34.216	-5.11201e-05	-0.000279862	2
-44.6811	34.8798	-5.28214e-05	-0.000291555	2
-45.4216	35.539	-5.49113e-05	-0.00030318	2
-46.1644	36.1939	-5.74168e-05	-0.000314715	2
-46.909	36.8447	-6.03649e-05	-0.000326138	2
-47.6545	37.4917	-6.37826e-05	-0.000337429	2
-48.4002	38.1351	-6.76969e-05	-0.000348565	2
-49.1456	38.7753	-7.21348e-05	-0.000359526	2
-49.8898	39.4124	-7.71235e-05	-0.000370288	2
-50.6323	40.0468	-8.26898e-05	-0.000380832	2
-51.3637	40.6714	-8.87864e-05	-0.000391019	2
-52.1004	41.3011	-9.55817e-05	-0.000401063	2
-52.8333	41.9288	-0.000103036	-0.000410824	2
-53.5615	42.5547	-0.000111175	-0.000420281	2
-54.2845	43.1792	-0.000120026	-0.00042941	2
-55.0015	43.8024	-0.000129618	-0.000438193	2
-55.7118	44.4248	-0.000139975	-0.000446605	2
-56.4147	45.0464	-0.000151127	-0.000454627	2
-57.1095	45.6676	-0.000163099	-0.000462236	2
-57.7955	46.2886	-0.000175918	-0.000469411	2
-58.4721	46.9098	-0.000189612	-0.00047613	2
-59.1385	47.5313	-0.000204207	-0.000482373	2
-59.7941	48.1534	-0.000219732	-0.000488117	2
-60.4381	48.7764	-0.000236212	-0.00049334	2
-61.0698	49.4005	-0.000253674	-0.000498023	2
-61.6886	50.026	-0.000272146	-0.000502141	2
-62.2937	50.6532	-0.000291655	-0.000505676	2
-62.8845	51.2823	-0.000312228	-0.000508603	2
-63.4602	51.9136	-0.000333891	-0.000510904	2
-64.0202	52.5473	-0.000356672	-0.000512554	2
-64.5637	53.1837	-0.000380598	-0.000513534	2
-65.0901	53.8231	-0.000405696	-0.000513822	2
-65.5987	54.4657	-0.000431993	-0.000513396	2
-66.0888	55.1118	-0.000459515	-0.000512234	2
-66.5543	55.7541	-0.000487952	-0.000510342	2
-67.0054	56.4079	-0.000517993	-0.000507654	2
-67.436	57.0659	-0.000549339	-0.000504166	2
-67.8452	57.7285	-0.00058202	-0.000499857	2
-68.2324	58.3958	-0.000616061	-0.000494705	2
-68.5969	59.0681	-0.00065149	-0.000488689	2
-68.938	59.7458	-0.000688333	-0.000481787	2
-69.255	60.429	-0.000726618	-0.000473977	2
-69.5472	61.1181	-0.000766372	-0.000465239	2
-69.814	61.8132	-0.000807621	-0.00045555	2
-70.0545	62.5146	-0.000850394	-0.000444889	2
-70.2682	63.2227	-0.000894716	-0.000433235	2
-70.4543	63.9376	-0.000940614	-0.000420566	2
-70.6121	64.6597	-0.000988117	-0.00040686	2
-70.7409	65.3891	-0.00103725	-0.000392096	2
-70.8401	66.1262	-0.00108804	-0.000376252	2
-70.9089	66.8711	-0.00114052	-0.000359307	2
-70.9467	67.6243	-0.00119471	-0.00034124	2
-70.9527	68.3858	-0.00125063	-0.000322028	2
-70.9262	69.1561	-0.00130833	-0.00030165	2
-70.8666	69.9352	-0.00136781	-0.000280086	2
-70.7731	70.7236	-0.00142912	-0.000257312	2
-70.6451	71.5215	-0.00149227	-0.000233308	2
-70.4839	72.3197	-0.00155654	-0.00020835	2
-70.2851	73.1371	-0.00162344	-0.000181836	2
-70.0497	73.9648	-0.00169228	-0.000154027	2
-69.777	74.803	-0.00176306	-0.000124902	2

24.9961	2.01381	3.09978e-07	1.1258e-07	2
24.6488	3.18886	2.66597e-05	1.00435e-05	2
24.2762	4.35334	5.26982e-05	2.05858e-05	2
23.8827	5.49385	7.81194e-05	3.16193e-05	2
23.4735	6.59809	0.000102645	4.30014e-05	2
23.0394	7.69214	0.00012685	5.49891e-05	2
22.5856	8.76343	0.00015045	6.74453e-05	2
22.1122	9.81237	0.000173447	8.03624e-05	2
21.6199	10.8394	0.000195846	9.37328e-05	2
21.1089	11.8448	0.000217652	0.000107549	2
20.5796	12.8291	0.000238867	0.000121803	2
20.0324	13.7927	0.000259496	0.000136488	2
19.4676	14.736	0.000279542	0.000151595	2
18.8858	15.6593	0.00029901	0.000167118	2
18.2872	16.5632	0.000317903	0.000183049	2
17.6722	17.4479	0.000336225	0.000199379	2
17.0412	18.314	0.000353981	0.000216102	2
16.3946	19.1617	0.000371173	0.00023321	2
15.7328	19.9915	0.000387807	0.000250696	2
15.0562	20.8039	0.000403885	0.000268551	2
14.3651	21.5992	0.000419412	0.000286768	2
13.6599	22.3778	0.000434391	0.000305339	2
12.9411	23.1402	0.000448827	0.000324258	2
12.2089	23.8867	0.000462723	0.000343515	2
11.4638	24.6178	0.000476083	0.000363105	2
10.7061	25.3338	0.000488911	0.000383018	2
9.94522	26.0272	0.000501073	0.000403013	2
9.16376	26.7145	0.000512855	0.000423549	2
8.3709	27.3879	0.000524117	0.000444385	2
7.56703	28.048	0.000534863	0.000465516	2
6.75251	28.695	0.000545096	0.000486932	2
5.92774	29.3294	0.00055482	0.000508627	2
5.0931	29.9516	0.000564039	0.000530593	2
4.24898	30.562	0.000572758	0.000552822	2
3.39574	31.161	0.00058098	0.000575307	2
2.53379	31.749	0.000588708	0.00059804	2
1.66349	32.3264	0.000595948	0.000621014	2
0.785234	32.8936	0.000602702	0.000644221	2
-0.100595	33.4511	0.000608974	0.000667653	2
-0.993618	33.9992	0.000614769	0.000691303	2
-1.89345	34.5383	0.00062009	0.000715162	2
-2.79971	35.0689	0.000624942	0.000739225	2
-3.71201	35.5913	0.000629328	0.000763482	2
-4.62998	36.106	0.000633251	0.000787927	2
-5.55323	36.6133	0.000636717	0.000812551	2
-6.48137	37.1138	0.000639728	0.000837348	2
-7.41403	37.6076	0.000642289	0.000862309	2
-8.35082	38.0954	0.000644404	0.000887427	2
-9.29135	38.5775	0.000646076	0.000912694	2
-10.2244	39.0487	0.000647297	0.00093781	2
-11.1712	39.5206	0.000648101	0.000963352	2
-12.1207	39.988	0.000648473	0.00098902	2
-13.0724	40.4513	0.000648418	0.00101481	2
-14.0259	40.9109	0.000647941	0.00104071	2
-14.9809	41.3673	0.000647043	0.00106671	2
-15.937	41.8207	0.000645731	0.00109281	2
-16.8937	42.2717	0.000644007	0.00111899	2
-17.8508	42.7206	0.000641875	0.00114526	2
-18.8078	43.1678	0.00063934	0.0011716	2
-19.7643	43.6138	0.000636404	0.00119801	2
-20.72	44.059	0.000633073	0.00122448	2
-21.6745	44.5037	0.000629349	0.00125099	2
-22.6273	44.9483	0.000625238	0.00127755	2
-23.5782	45.3934	0.000620742	0.00130415	2
-24.5267	45.8392	0.000615865	0.00133077	2
-25.4725	46.2862	0.000610612	0.00135741	2
-26.4151	46.7348	0.000604987	0.00138407	2
-27.3542	47.1853	0.000598992	0.00141073	2
-28.2895	47.6383	0.000592633	0.00143738	2
-29.2204	48.0941	0.000585912	0.00146403	2
-30.1467	48.5531	0.000578835	0.00149066	2
-31.0679	49.0157	0.000571404	0.00151726	2
-31.9837	49.4823	0.000563624	0.00154384	2
-32.8833	49.9479	0.000555594	0.00157006	2
-33.7871	50.4237	0.000547131	0.00159654	2
-34.6844	50.9048	0.00053833	0.00162297	2
-35.5747	51.3915	0.000529195	0.00164933	2
-36.4577	51.8843	0.00051973	0.00167563	2
-37.333	52.3835	0.000509939	0.00170184	2
-38.2002	52.8896	0.000499826	0.00172797	2
-39.0589	53.4029	0.000489395	0.001754	2
-39.9087	53.9239	0.000478649	0.00177994	2
-40.7493	54.453	0.000467593	0.00180576	2
-41.5802	54.9905	0.00045623	0.00183147	2
-42.4011	55.537	0.000444564	0.00185705	2
-43.2116	56.0928	0.000432599	0.0018825	2
-44.0114	56.6582	0.00042034	0.00190781	2
-44.7999	57.2338	0.000407789	0.00193298	2
-45.577	57.8198	0.000394951	0.00195799	2
-46.3421	58.4168	0.00038183	0.00198284	2
-47.0948	59.0251	0.000368429	0.00200752	2
-47.8349	59.6452	0.000354753	0.00203202	2
-48.5619	60.2774	0.000340805	0.00205633	2
-49.2755	60.9221	0.000326589	0.00208046	2
-49.9752	61.5797	0.000312109	0.00210438	2
-50.6607	62.2508	0.00029737	0.0021281	2
-51.3239	62.9276	0.000282548	0.00215133	2
-51.98	63.6264	0.000267303	0.00217461	2
-52.6207	64.3397	0.000251809	0.00219766	2
-53.2456	65.0681	0.000236071	0.00222047	2

74.9952	2.01211	4.00561e-08	3.03917e-07	2
74.5878	3.0526	4.01908e-06	2.60433e-05	2
74.1915	4.10348	9.11194e-06	5.12888e-05	2
73.811	5.15267	1.52679e-05	7.57457e-05	2
73.4501	6.18815	2.23876e-05	9.91556e-05	2
73.1002	7.23401	3.06261e-05	0.000122072	2
72.7656	8.27822	3.98959e-05	0.000144228	2
72.446	9.3208	5.01863e-05	0.000165633	2
72.1412	10.3618	6.14868e-05	0.000186295	2
71.8511	11.4011	7.37867e-05	0.000206225	2
71.5755	12.4389	8.70754e-05	0.000225431	2
71.3142	13.4751	0.000101342	0.000243923	2
71.067	14.5098	0.000116577	0.000261711	2
70.8338	15.5429	0.000132768	0.000278803	2
70.6144	16.5745	0.000149905	0.000295209	2
70.4086	17.6046	0.000167978	0.000310938	2
70.2162	18.6332	0.000186976	0.000326	2
70.0371	19.6603	0.000206888	0.000340403	2
69.871	20.686	0.000227703	0.000354158	2
69.7179	21.7102	0.000249412	0.000367273	2
69.5775	22.733	0.000272003	0.000379758	2
69.4496	23.7544	0.000295466	0.000391623	2
69.3341	24.7744	0.00031979	0.000402875	2
69.2308	25.7931	0.000344964	0.000413526	2
69.1395	26.8103	0.000370978	0.000423583	2
69.06	27.8262	0.000397821	0.000433057	2
68.993	28.8292	0.00042516	0.000441858	2
68.9365	29.8425	0.00045362	0.000450199	2
68.8914	30.8545	0.000482878	0.000457985	2
68.8574	31.8652	0.000512922	0.000465224	2
68.8344	32.8746	0.000543742	0.000471926	2
68.8222	33.8828	0.000575328	0.0004781	2
68.8206	34.8898	0.000607669	0.000483756	2
68.8294	35.8955	0.000640753	0.000488903	2
68.8485	36.9001	0.000674571	0.00049355	2
68.8776	37.9034	0.000709112	0.000497707	2
68.9167	38.9056	0.000744365	0.000501382	2
68.9655	39.9067	0.00078032	0.000504586	2
69.0238	40.9066	0.000816966	0.000507327	2
69.0915	41.9053	0.000854291	0.000509615	2
69.1684	42.903	0.000892287	0.000511459	2
69.2544	43.8996	0.000930941	0.000512869	2
69.3491	44.8951	0.000970244	0.000513853	2
69.4526	45.8895	0.00101018	0.000514422	2
69.5645	46.8829	0.00105075	0.000514584	2
69.6848	47.8753	0.00109194	0.000514349	2
69.8131	48.8667	0.00113373	0.000513725	2
69.9495	49.857	0.00117611	0.000512724	2
70.0936	50.8464	0.00121908	0.000511353	2
70.2436	51.8235	0.00126212	0.000509644	2
70.4027	52.811	0.00130622	0.000507566	2
70.569	53.7976	0.00135087	0.000505147	2
70.7425	54.7832	0.00139607	0.000502396	2
70.9228	55.768	0.00144179	0.000499322	2
71.1099	56.7519	0.00148804	0.000495935	2
71.3035	57.7349	0.0015348	0.000492244	2
71.5035	58.717	0.00158205	0.000488258	2
71.7097	59.6983	0.0016298	0.000483986	2
71.9219	60.6788	0.00167802	0.000479438	2
72.14	61.6585	0.00172671	0.000474623	2
72.3637	62.6374	0.00177586	0.000469551	2
72.593	63.6156	0.00182545	0.000464231	2
72.8275	64.593	0.00187548	0.000458672	2
73.0672	65.5696	0.00192594	0.000452883	2
73.3119	66.5455	0.00197681	0.000446874	2
73.5613	67.5208	0.00202808	0.000440654	2
73.8154	68.4953	0.00207975	0.000434233	2
74.0739	69.4691	0.0021318	0.000427619	2
74.3366	70.4423	0.00218422	0.000420823	2
74.6034	71.4149	0.002237	0.000413852	2
74.8742	72.3868	0.00229013	0.000406718	2
75.1487	73.3581	0.0023436	0.000399429	2
75.4267	74.3288	0.0023974	0.000391993	2
75.7048	75.2878	0.0024509	0.00038451	2
75.9894	76.2574	0.00250532	0.000376813	2
76.277	77.2264	0.00256004	0.000368998	2
76.5674	78.1949	0.00261505	0.000361075	2
76.8605	79.1629	0.00267033	0.000353052	2
77.1561	80.1304	0.00272588	0.00034494	2
77.4541	81.0974	0.00278169	0.000336748	2
77.7541	82.0639	0.00283773	0.000328484	2
78.0562	83.03	0.00289402	0.000320158	2
78.36	83.9956	0.00295052	0.00031178	2
78.6655	84.9608	0.00300724	0.000303358	2
78.9723	85.9257	0.00306416	0.000294903	2
79.2805	86.8901	0.00312127	0.000286423	2
79.5897	87.8542	0.00317856	0.000277928	2
79.8998	88.8179	0.00323602	0.000269427	2
80.2107	89.7812	0.00329364	0.00026093	2
80.5221	90.7443	0.0033514	0.000252445	2
80.8339	91.707	0.00340931	0.000243982	2
81.146	92.6694	0.00346734	0.000235551	2
81.458	93.6316	0.00352549	0.00022716	2
81.7699	94.5935	0.00358374	0.000218819	2
82.0814	95.5552	0.00364209	0.000210538	2
82.3925	96.5166	0.00370053	0.000202325	2
82.6993	97.4668	0.00375836	0.000194283	2
83.0088	98.4278	0.00381693	0.000186235	2
83.3173	99.3886	0.00387556	0.000178283	2
83.6246	100.349	0.00393422	0.000170437	2

124.998	2.01351	-4.42547e-07	5.08552e-08	2
124.851	3.16288	-3.84625e-05	4.70596e-06	2
124.734	4.30092	-7.68435e-05	9.97799e-06	2
124.651	5.41446	-0.000115139	1.58106e-05	2
124.601	6.49143	-0.000152908	2.21219e-05	2
124.581	7.55718	-0.000191025	2.90532e-05	2
124.593	8.59938	-0.000229046	3.65288e-05	2
124.636	9.61835	-0.000266967	4.45434e-05	2
124.71	10.6144	-0.000304786	5.30915e-05	2
124.814	11.5879	-0.000342499	6.21675e-05	2
124.947	12.539	-0.000380102	7.17662e-05	2
125.109	13.4683	-0.000417591	8.18821e-05	2
125.3	14.3759	-0.000454964	9.25096e-05	2
125.518	15.2621	-0.000492216	0.000103643	2
125.765	16.1274	-0.000529344	0.000115278	2
126.038	16.972	-0.000566344	0.000127408	2
126.339	17.7963	-0.000603214	0.000140028	2
126.665	18.6005	-0.000639948	0.000153133	2
127.017	19.3849	-0.000676545	0.000166716	2
127.394	20.15	-0.000712999	0.000180774	2
127.796	20.896	-0.000749309	0.000195299	2
128.223	21.6233	-0.000785469	0.000210287	2
128.673	22.3321	-0.000821477	0.000225733	2
129.146	23.0228	-0.000857329	0.00024163	2
129.642	23.6957	-0.000893022	0.000257974	2
130.161	24.3511	-0.000928551	0.000274758	2
130.695	24.9821	-0.000963509	0.000291778	2
131.256	25.6036	-0.000998703	0.000309424	2
131.839	26.2087	-0.00103372	0.000327494	2
132.442	26.7976	-0.00106857	0.000345984	2
133.065	27.3705	-0.00110323	0.000364887	2
133.707	27.9279	-0.00113771	0.000384199	2
134.368	28.4701	-0.001172	0.000403913	2
135.048	28.9973	-0.0012061	0.000424025	2
135.746	29.5099	-0.00124	0.00044453	2
136.461	30.0082	-0.00127371	0.000465421	2
137.194	30.4926	-0.00130721	0.000486693	2
137.943	30.9633	-0.00134051	0.000508341	2
138.708	31.4206	-0.0013736	0.000530359	2
139.489	31.865	-0.00140648	0.000552742	2
140.285	32.2966	-0.00143914	0.000575484	2
141.096	32.7159	-0.00147158	0.000598581	2
141.921	33.1232	-0.00150379	0.000622026	2
142.76	33.5187	-0.00153578	0.000645814	2
143.611	33.9027	-0.00156754	0.00066994	2
144.476	34.2757	-0.00159907	0.000694398	2
145.353	34.638	-0.00163035	0.000719183	2
146.242	34.9897	-0.0016614	0.000744289	2
147.142	35.3313	-0.0016922	0.000769711	2
148.043	35.6594	-0.0017224	0.000795146	2
148.964	35.9818	-0.00175271	0.00082118	2
149.895	36.2951	-0.00178276	0.000847514	2
150.836	36.5994	-0.00181255	0.000874142	2
151.785	36.8953	-0.00184208	0.000901058	2
152.743	37.1829	-0.00187134	0.000928258	2
153.709	37.4626	-0.00190033	0.000955736	2
154.683	37.7347	-0.00192905	0.000983487	2
155.663	37.9996	-0.00195749	0.0010115	2
156.65	38.2575	-0.00198565	0.00103978	2
157.644	38.5088	-0.00201353	0.00106832	2
158.642	38.7538	-0.00204112	0.0010971	2
159.646	38.9928	-0.00206843	0.00112613	2
160.655	39.2261	-0.00209543	0.00115541	2
161.667	39.4541	-0.00212214	0.00118491	2
162.684	39.6771	-0.00214855	0.00121464	2
163.703	39.8953	-0.00217465	0.0012446	2
164.726	40.1092	-0.00220044	0.00127478	2
165.75	40.319	-0.00222592	0.00130516	2
166.777	40.5251	-0.00225109	0.00133576	2
167.804	40.7277	-0.00227593	0.00136656	2
168.832	40.9272	-0.00230046	0.00139755	2
169.861	41.1239	-0.00232466	0.00142873	2
170.89	41.3182	-0.00234852	0.0014601	2
171.906	41.5081	-0.00237179	0.00149129	2
172.933	41.6984	-0.00239499	0.00152301	2
173.958	41.8872	-0.00241785	0.0015549	2
174.981	42.0747	-0.00244037	0.00158696	2
176.002	42.2614	-0.00246253	0.00161917	2
177.019	42.4476	-0.00248435	0.00165154	2
178.034	42.6335	-0.00250581	0.00168405	2
179.044	42.8195	-0.00252692	0.0017167	2
180.049	43.0059	-0.00254766	0.00174949	2
181.05	43.193	-0.00256804	0.00178242	2
182.046	43.3811	-0.00258805	0.00181547	2
183.035	43.5707	-0.00260768	0.00184863	2
184.018	43.7619	-0.00262694	0.00188192	2
184.994	43.955	-0.00264582	0.00191531	2
185.963	44.1506	-0.00266432	0.0019488	2
186.924	44.3487	-0.00268243	0.0019824	2
187.877	44.5498	-0.00270015	0.00201609	2
188.821	44.7542	-0.00271748	0.00204986	2
189.756	44.9622	-0.00273441	0.00208372	2
190.681	45.1741	-0.00275094	0.00211765	2
191.596	45.3902	-0.00276706	0.00215166	2
192.5	45.6109	-0.00278278	0.00218573	2
193.393	45.8365	-0.00279808	0.00221986	2
194.265	46.0646	-0.00281281	0.00225365	2
195.134	46.3008	-0.00282728	0.00228789	2
195.991	46.5428	-0.00284134	0.00232216	2
196.835	46.791	-0.00285496	0.00235648	2

