-125.004	2.01385	4.14177e-07	2.5734e-08	2
-125.332	3.19271	3.56982e-05	2.69112e-06	2
-125.686	4.36147	7.07211e-05	6.28765e-06	2
-126.062	5.50668	0.000105073	1.0775e-05	2
-126.454	6.61596	0.000138376	1.60722e-05	2
-126.87	7.71552	0.000171408	2.22878e-05	2
-127.307	8.79271	0.000203782	2.93508e-05	2
-127.764	9.84794	0.000235504	3.72467e-05	2
-128.24	10.8816	0.000266578	4.59608e-05	2
-128.735	11.8941	0.000297008	5.54786e-05	2
-129.249	12.8859	0.000326798	6.57857e-05	2
-129.782	13.8572	0.000355955	7.68673e-05	2
-130.332	14.8086	0.00038448	8.8709e-05	2
-130.899	15.7405	0.000412381	0.000101296	2
-131.484	16.6532	0.00043966	0.000114615	2
-132.085	17.5471	0.000466322	0.000128649	2
-132.703	18.4226	0.000492372	0.000143386	2
-133.337	19.2802	0.000517815	0.00015881	2
-133.986	20.1202	0.000542654	0.000174906	2
-134.65	20.943	0.000566895	0.000191661	2
-135.33	21.749	0.000590542	0.00020906	2
-136.023	22.5387	0.000613599	0.000227087	2
-136.731	23.3124	0.000636071	0.00024573	2
-137.453	24.0706	0.000657963	0.000264972	2
-138.187	24.8135	0.000679279	0.0002848	2
-138.935	25.5417	0.000700023	0.000305198	2
-139.686	26.2474	0.000719971	0.000325909	2
-140.458	26.9474	0.000739592	0.0003474	2
-141.242	27.6338	0.000758655	0.000369418	2
-142.037	28.307	0.000777164	0.00039195	2
-142.843	28.9674	0.000795124	0.000414979	2
-143.659	29.6155	0.00081254	0.000438492	2
-144.486	30.2516	0.000829416	0.000462475	2
-145.323	30.876	0.000845756	0.000486912	2
-146.169	31.4893	0.000861566	0.000511789	2
-147.024	32.0918	0.000876848	0.000537092	2
-147.887	32.684	0.000891609	0.000562806	2
-148.759	33.2661	0.000905853	0.000588917	2
-149.639	33.8386	0.000919583	0.000615409	2
-150.527	34.402	0.000932805	0.000642269	2
-151.421	34.9565	0.000945524	0.000669482	2
-152.322	35.5027	0.000957742	0.000697033	2
-153.23	36.0408	0.000969466	0.000724907	2
-154.143	36.5714	0.0009807	0.000753091	2
-155.062	37.0948	0.000991447	0.00078157	2
-155.986	37.6114	0.00100171	0.000810328	2
-156.915	38.1216	0.0010115	0.000839353	2
-157.849	38.6257	0.00102082	0.000868628	2
-158.786	39.1243	0.00102967	0.000898139	2
-159.716	39.6121	0.00103796	0.00092753	2
-160.66	40.1007	0.00104589	0.000957469	2
-161.608	40.585	0.00105337	0.0009876	2
-162.557	41.0652	0.0010604	0.00101791	2
-163.509	41.5418	0.00106698	0.00104838	2
-164.462	42.0153	0.00107313	0.00107901	2
-165.417	42.4859	0.00107883	0.00110977	2
-166.373	42.9541	0.00108411	0.00114064	2
-167.329	43.4203	0.00108895	0.00117163	2
-168.286	43.8849	0.00109338	0.0012027	2
-169.242	44.3482	0.00109738	0.00123385	2
-170.198	44.8108	0.00110097	0.00126507	2
-171.152	45.2729	0.00110416	0.00129633	2
-172.106	45.7351	0.00110694	0.00132762	2
-173.057	46.1976	0.00110931	0.00135893	2
-174.007	46.6609	0.0011113	0.00139025	2
-174.954	47.1254	0.00111289	0.00142156	2
-175.898	47.5915	0.00111409	0.00145284	2
-176.838	48.0595	0.00111491	0.00148408	2
-177.775	48.53	0.00111536	0.00151526	2
-178.708	49.0032	0.00111543	0.00154638	2
-179.637	49.4796	0.00111513	0.00157741	2
-180.561	49.9596	0.00111447	0.00160835	2
-181.479	50.4435	0.00111345	0.00163917	2
-182.381	50.9262	0.00111209	0.00166951	2
-183.288	51.4193	0.00111037	0.00170007	2
-184.189	51.9175	0.0011083	0.00173047	2
-185.083	52.4213	0.00110589	0.0017607	2
-185.97	52.9311	0.00110314	0.00179074	2
-186.849	53.4473	0.00110006	0.00182059	2
-187.72	53.9702	0.00109665	0.00185022	2
-188.583	54.5003	0.00109292	0.00187962	2
-189.438	55.0379	0.00108887	0.00190878	2
-190.283	55.5835	0.00108451	0.00193768	2
-191.119	56.1375	0.00107983	0.0019663	2
-191.945	56.7003	0.00107485	0.00199464	2
-192.76	57.2722	0.00106957	0.00202268	2
-193.566	57.8537	0.00106399	0.0020504	2
-194.36	58.4451	0.00105812	0.0020778	2
-195.142	59.0469	0.00105196	0.00210484	2
-195.914	59.6595	0.00104552	0.00213153	2
-196.672	60.2832	0.0010388	0.00215784	2
-197.419	60.9185	0.00103181	0.00218377	2
-198.152	61.5657	0.00102455	0.00220929	2
-198.872	62.2253	0.00101702	0.00223439	2
-199.579	62.8977	0.00100923	0.00225906	2
-200.271	63.5832	0.00100119	0.00228328	2
-200.941	64.2742	0.000992992	0.00230677	2
-201.605	64.987	0.000984453	0.00233006	2
-202.253	65.7142	0.000975671	0.00235286	2
-202.885	66.4562	0.000966652	0.00237516	2

-75.0048	2.01228	2.0018e-07	2.71188e-07	2
-75.4056	3.06747	1.77281e-05	2.31722e-05	2
-75.7948	4.13274	3.60851e-05	4.54982e-05	2
-76.1678	5.19582	5.50664e-05	6.69869e-05	2
-76.5207	6.24455	7.44383e-05	8.74145e-05	2
-76.8619	7.30334	9.46468e-05	0.000107265	2
-77.1875	8.36001	0.000115465	0.000126305	2
-77.4975	9.41457	0.000136889	0.000144542	2
-77.7923	10.4671	0.000158914	0.000161988	2
-78.0718	11.5175	0.000181534	0.000178649	2
-78.3365	12.5659	0.000204746	0.000194535	2
-78.5863	13.6123	0.000228544	0.000209655	2
-78.8215	14.6566	0.000252924	0.000224018	2
-79.0423	15.699	0.00027788	0.000237633	2
-79.2489	16.7395	0.000303409	0.000250508	2
-79.4414	17.778	0.000329506	0.000262653	2
-79.6201	18.8147	0.000356165	0.000274077	2
-79.785	19.8494	0.000383382	0.000284787	2
-79.9364	20.8823	0.000411153	0.000294794	2
-80.0745	21.9133	0.000439472	0.000304107	2
-80.1995	22.9425	0.000468334	0.000312733	2
-80.3114	23.9699	0.000497736	0.000320682	2
-80.4106	24.9955	0.000527673	0.000327964	2
-80.4972	26.0194	0.000558139	0.000334586	2
-80.5713	27.0415	0.000589129	0.000340558	2
-80.6332	28.0619	0.00062064	0.000345888	2
-80.6825	29.0689	0.000652296	0.000350536	2
-80.7206	30.086	0.000684827	0.000354618	2
-80.747	31.1014	0.000717864	0.000358085	2
-80.7618	32.1152	0.000751403	0.000360946	2
-80.7653	33.1274	0.000785438	0.00036321	2
-80.7577	34.1379	0.000819965	0.000364886	2
-80.739	35.147	0.000854979	0.000365984	2
-80.7096	36.1544	0.000890475	0.000366511	2
-80.6695	37.1604	0.000926449	0.000366477	2
-80.619	38.1649	0.000962896	0.00036589	2
-80.5582	39.1678	0.000999811	0.00036476	2
-80.4874	40.1694	0.00103719	0.000363096	2
-80.4067	41.1695	0.00107503	0.000360906	2
-80.3162	42.1681	0.00111332	0.000358199	2
-80.2162	43.1654	0.00115206	0.000354984	2
-80.1069	44.1613	0.00119124	0.000351271	2
-79.9884	45.1559	0.00123087	0.000347067	2
-79.8609	46.1491	0.00127093	0.000342383	2
-79.7246	47.141	0.00131142	0.000337226	2
-79.5796	48.1317	0.00135233	0.000331607	2
-79.4262	49.121	0.00139367	0.000325532	2
-79.2646	50.1092	0.00143542	0.000319013	2
-79.0948	51.0961	0.00147758	0.000312057	2
-78.9193	52.0705	0.00151966	0.00030476	2
-78.734	53.055	0.00156263	0.000296963	2
-78.5412	54.0384	0.001606	0.000288755	2
-78.341	55.0206	0.00164975	0.000280147	2
-78.1336	56.0018	0.0016939	0.000271146	2
-77.9192	56.9818	0.00173843	0.000261762	2
-77.698	57.9608	0.00178333	0.000252004	2
-77.4702	58.9387	0.00182861	0.000241881	2
-77.2359	59.9156	0.00187426	0.000231402	2
-76.9953	60.8915	0.00192027	0.000220574	2
-76.7487	61.8664	0.00196664	0.000209409	2
-76.4961	62.8403	0.00201337	0.000197913	2
-76.2378	63.8133	0.00206045	0.000186097	2
-75.9739	64.7854	0.00210787	0.000173969	2
-75.7047	65.7566	0.00215563	0.000161538	2
-75.4302	66.7269	0.00220373	0.000148813	2
-75.1508	67.6963	0.00225216	0.000135802	2
-74.8665	68.6649	0.00230091	0.000122516	2
-74.5776	69.6327	0.00234999	0.000108962	2
-74.2842	70.5997	0.00239938	9.51499e-05	2
-73.9865	71.5659	0.00244909	8.10883e-05	2
-73.6847	72.5314	0.0024991	6.6786e-05	2
-73.379	73.4962	0.00254942	5.22521e-05	2
-73.0696	74.4602	0.00260003	3.74953e-05	2
-72.7602	75.4125	0.00265035	2.2698e-05	2
-72.4439	76.3752	0.00270154	7.52485e-06	2
-72.1243	77.3373	0.00275301	-7.84448e-06	2
-71.8017	78.2987	0.00280477	-2.3401e-05	2
-71.4763	79.2596	0.00285679	-3.91359e-05	2
-71.1483	80.2199	0.00290909	-5.50402e-05	2
-70.8177	81.1796	0.00296165	-7.1105e-05	2
-70.4849	82.1388	0.00301447	-8.73213e-05	2
-70.1499	83.0974	0.00306755	-0.00010368	2
-69.813	84.0556	0.00312088	-0.000120173	2
-69.4744	85.0133	0.00317445	-0.000136791	2
-69.1341	85.9706	0.00322827	-0.000153524	2
-68.7925	86.9274	0.00328232	-0.000170365	2
-68.4497	87.8838	0.0033366	-0.000187304	2
-68.1058	88.8399	0.00339111	-0.000204332	2
-67.7611	89.7955	0.00344584	-0.00022144	2
-67.4158	90.7509	0.00350079	-0.00023862	2
-67.0699	91.7059	0.00355595	-0.000255862	2
-66.7238	92.6606	0.00361132	-0.000273157	2
-66.3775	93.615	0.0036669	-0.000290498	2
-66.0312	94.5692	0.00372267	-0.000307874	2
-65.6853	95.5232	0.00377863	-0.000325277	2
-65.3397	96.4769	0.00383479	-0.000342698	2
-64.9987	97.4195	0.00389048	-0.000359927	2
-64.6545	98.3729	0.00394699	-0.000377357	2
-64.3112	99.3261	0.00400368	-0.000394779	2
-63.9691	100.279	0.00406054	-0.000412183	2

-25.0022	2.01352	-3.93919e-07	1.6073e-09	2
-25.1715	3.1645	-3.4421e-05	6.24236e-07	2
-25.3097	4.30463	-6.91387e-05	2.22002e-06	2
-25.4151	5.42072	-0.000104143	4.7745e-06	2
-25.4875	6.50065	-0.000139016	8.22925e-06	2
-25.5291	7.56985	-0.000174558	1.26519e-05	2
-25.5392	8.61594	-0.000210356	1.79948e-05	2
-25.5185	9.63923	-0.000246399	2.42452e-05	2
-25.4673	10.64	-0.000282677	3.13901e-05	2
-25.3861	11.6187	-0.000319179	3.94167e-05	2
-25.2755	12.5755	-0.000355895	4.83122e-05	2
-25.1358	13.5107	-0.000392814	5.80636e-05	2
-24.9676	14.4247	-0.000429926	6.86582e-05	2
-24.7713	15.3178	-0.000467221	8.00832e-05	2
-24.5474	16.1903	-0.000504688	9.23255e-05	2
-24.2964	17.0426	-0.000542318	0.000105372	2
-24.0188	17.8748	-0.000580099	0.000119211	2
-23.7149	18.6874	-0.000618021	0.000133829	2
-23.3854	19.4807	-0.000656074	0.000149212	2
-23.0307	20.2549	-0.000694247	0.000165349	2
-22.6512	21.0104	-0.000732531	0.000182226	2
-22.2475	21.7475	-0.000770914	0.00019983	2
-21.8199	22.4665	-0.000809387	0.000218149	2
-21.369	23.1678	-0.000847939	0.00023717	2
-20.8953	23.8516	-0.000886559	0.00025688	2
-20.3992	24.5182	-0.000925238	0.000277266	2
-19.8873	25.1607	-0.000963519	0.000298069	2
-19.3481	25.7942	-0.00100228	0.000319761	2
-18.7879	26.4115	-0.00104107	0.00034209	2
-18.2073	27.0129	-0.00107988	0.000365044	2
-17.6067	27.5987	-0.00111869	0.00038861	2
-16.9865	28.1692	-0.0011575	0.000412775	2
-16.3473	28.7248	-0.0011963	0.000437527	2
-15.6895	29.2658	-0.00123507	0.000462851	2
-15.0136	29.7924	-0.00127381	0.000488736	2
-14.3201	30.3051	-0.0013125	0.000515169	2
-13.6094	30.804	-0.00135113	0.000542137	2
-12.882	31.2896	-0.0013897	0.000569626	2
-12.1384	31.7621	-0.0014282	0.000597625	2
-11.3791	32.2218	-0.0014666	0.000626119	2
-10.6045	32.6692	-0.00150491	0.000655098	2
-9.81509	33.1043	-0.00154311	0.000684546	2
-9.0114	33.5277	-0.00158119	0.000714452	2
-8.19387	33.9396	-0.00161915	0.000744803	2
-7.36299	34.3403	-0.00165696	0.000775586	2
-6.51921	34.7301	-0.00169463	0.000806788	2
-5.66303	35.1094	-0.00173214	0.000838397	2
-4.7949	35.4785	-0.00176947	0.000870398	2
-3.91531	35.8376	-0.00180663	0.00090278	2
-3.03503	36.1831	-0.00184317	0.000935152	2
-2.13406	36.5234	-0.00187994	0.000968252	2
-1.22304	36.8548	-0.0019165	0.00100169	2
-0.302446	37.1774	-0.00195283	0.00103547	2
0.62724	37.4917	-0.00198893	0.00106956	2
1.56555	37.798	-0.00202479	0.00110395	2
2.512	38.0965	-0.0020604	0.00113863	2
3.46613	38.3876	-0.00209574	0.00117359	2
4.42745	38.6716	-0.00213081	0.00120882	2
5.3955	38.9488	-0.0021656	0.00124429	2
6.3698	39.2196	-0.00220009	0.00128001	2
7.34986	39.4841	-0.00223428	0.00131595	2
8.33523	39.7429	-0.00226815	0.00135211	2
9.32543	39.9961	-0.0023017	0.00138847	2
10.32	40.244	-0.00233491	0.00142501	2
11.3184	40.4871	-0.00236778	0.00146173	2
12.3202	40.7256	-0.00240029	0.00149861	2
13.3249	40.9598	-0.00243243	0.00153565	2
14.3321	41.1901	-0.0024642	0.00157281	2
15.3413	41.4167	-0.00249557	0.0016101	2
16.352	41.6399	-0.00252655	0.00164751	2
17.3637	41.8602	-0.00255712	0.00168501	2
18.376	42.0777	-0.00258728	0.00172259	2
19.3883	42.2929	-0.002617	0.00176025	2
20.3886	42.5035	-0.00264595	0.00179753	2
21.3997	42.7148	-0.00267479	0.00183529	2
22.4094	42.9247	-0.00270317	0.00187309	2
23.4173	43.1334	-0.00273107	0.00191091	2
24.423	43.3413	-0.0027585	0.00194873	2
25.4258	43.5487	-0.00278544	0.00198655	2
26.4255	43.7559	-0.00281187	0.00202436	2
27.4214	43.9632	-0.00283779	0.00206213	2
28.4131	44.1709	-0.00286319	0.00209986	2
29.4002	44.3794	-0.00288806	0.00213753	2
30.3821	44.589	-0.00291239	0.00217513	2
31.3585	44.7999	-0.00293616	0.00221265	2
32.3287	45.0125	-0.00295936	0.00225008	2
33.2924	45.2271	-0.002982	0.0022874	2
34.249	45.444	-0.00300404	0.0023246	2
35.1981	45.6635	-0.0030255	0.00236166	2
36.1393	45.886	-0.00304634	0.00239858	2
37.072	46.1118	-0.00306658	0.00243534	2
37.9957	46.3411	-0.00308618	0.00247193	2
38.9101	46.5743	-0.00310515	0.00250833	2
39.8145	46.8117	-0.00312347	0.00254453	2
40.7086	47.0536	-0.00314114	0.00258053	2
41.5919	47.3003	-0.00315814	0.0026163	2
42.4539	47.5493	-0.00317427	0.00265143	2
43.3142	47.8065	-0.00318991	0.00268672	2
44.1623	48.0696	-0.00320485	0.00272174	2
44.9976	48.3387	-0.00321908	0.0027565	2

24.9921	2.0132	1.92442e-07	7.91742e-08	2
24.3302	3.14372	1.56832e-05	7.19502e-06	2
23.6935	4.2772	2.92501e-05	1.50026e-05	2
23.0895	5.40045	4.07416e-05	2.34101e-05	2
22.5242	6.50075	5.0101e-05	3.22984e-05	2
21.9842	7.60371	5.75862e-05	4.18616e-05	2
21.4759	8.69649	6.31175e-05	5.19872e-05	2
20.9989	9.77911	6.67356e-05	6.26626e-05	2
20.5529	10.8516	6.84813e-05	7.38752e-05	2
20.1375	11.9139	6.83952e-05	8.56125e-05	2
19.7524	12.9662	6.65179e-05	9.78619e-05	2
19.3973	14.0083	6.28903e-05	0.000110611	2
19.0718	15.0404	5.7553e-05	0.000123847	2
18.7755	16.0624	5.05467e-05	0.000137557	2
18.5082	17.0743	4.1912e-05	0.000151729	2
18.2694	18.0763	3.16898e-05	0.00016635	2
18.0588	19.0682	1.99207e-05	0.000181408	2
17.8761	20.0501	6.64536e-06	0.00019689	2
17.721	21.022	-8.09548e-06	0.000212783	2
17.593	21.984	-2.42611e-05	0.000229075	2
17.4918	22.9361	-4.18109e-05	0.000245754	2
17.4171	23.8782	-6.07041e-05	0.000262806	2
17.3686	24.8104	-8.09e-05	0.000280219	2
17.3458	25.7327	-0.000102358	0.000297982	2
17.3485	26.6451	-0.000125037	0.00031608	2
17.3764	27.5477	-0.000148897	0.000334501	2
17.4282	28.4302	-0.000173603	0.000353017	2
17.5049	29.3132	-0.00019969	0.000372044	2
17.6056	30.1864	-0.000226835	0.000391357	2
17.7301	31.0499	-0.000254999	0.000410944	2
17.878	31.9035	-0.000284141	0.000430791	2
18.0489	32.7474	-0.000314219	0.000450887	2
18.2425	33.5815	-0.000345194	0.000471218	2
18.4584	34.4059	-0.000377024	0.000491772	2
18.6963	35.2206	-0.000409669	0.000512536	2
18.9559	36.0256	-0.000443088	0.000533498	2
19.2367	36.8209	-0.00047724	0.000554646	2
19.5385	37.6066	-0.000512085	0.000575966	2
19.8609	38.3826	-0.000547582	0.000597446	2
20.2036	39.149	-0.000583691	0.000619074	2
20.5662	39.9058	-0.00062037	0.000640837	2
20.9484	40.653	-0.000657579	0.000662722	2
21.3498	41.3906	-0.000695277	0.000684717	2
21.77	42.1187	-0.000733424	0.00070681	2
22.2088	42.8372	-0.000771978	0.000728987	2
22.6658	43.5462	-0.0008109	0.000751236	2
23.1406	44.2457	-0.000850148	0.000773544	2
23.6329	44.9357	-0.000889682	0.0007959	2
24.1424	45.6162	-0.000929461	0.00081829	2
24.6625	46.2796	-0.000968984	0.000840444	2
25.205	46.9413	-0.00100913	0.000862864	2
25.7636	47.5936	-0.0010494	0.000885282	2
26.338	48.2365	-0.00108975	0.000907684	2
26.9279	48.87	-0.00113014	0.000930057	2
27.5328	49.4942	-0.00117054	0.00095239	2
28.1524	50.1089	-0.00121089	0.000974669	2
28.7864	50.7144	-0.00125117	0.000996881	2
29.4344	51.3105	-0.00129132	0.00101902	2
30.0962	51.8973	-0.00133131	0.00104106	2
30.7712	52.4748	-0.00137111	0.001063	2
31.4593	53.043	-0.00141065	0.00108482	2
32.16	53.602	-0.00144992	0.00110651	2
32.873	54.1517	-0.00148886	0.00112807	2
33.598	54.6922	-0.00152743	0.00114946	2
34.3346	55.2235	-0.0015656	0.0011707	2
35.0825	55.7456	-0.00160332	0.00119175	2
35.8413	56.2586	-0.00164056	0.00121261	2
36.6107	56.7623	-0.00167727	0.00123326	2
37.3902	57.257	-0.00171341	0.0012537	2
38.1797	57.7425	-0.00174894	0.00127391	2
38.9787	58.2189	-0.00178382	0.00129388	2
39.7869	58.6862	-0.00181801	0.00131359	2
40.604	59.1445	-0.00185147	0.00133304	2
41.42	59.5885	-0.00188378	0.00135198	2
42.2536	60.0288	-0.00191567	0.00137086	2
43.095	60.46	-0.0019467	0.00138943	2
43.9439	60.8823	-0.00197684	0.00140768	2
44.7999	61.2955	-0.00200604	0.00142561	2
45.6627	61.6997	-0.00203427	0.00144319	2
46.5318	62.095	-0.00206148	0.00146042	2
47.4071	62.4814	-0.00208764	0.00147727	2
48.2881	62.8589	-0.0021127	0.00149375	2
49.1745	63.2274	-0.00213662	0.00150984	2
50.066	63.587	-0.00215936	0.00152552	2
50.9621	63.9378	-0.00218088	0.00154078	2
51.8626	64.2797	-0.00220115	0.00155561	2
52.7671	64.6128	-0.00222011	0.00157	2
53.6752	64.9371	-0.00223773	0.00158393	2
54.5866	65.2525	-0.00225397	0.00159739	2
55.5011	65.5592	-0.00226879	0.00161037	2
56.4181	65.8571	-0.00228214	0.00162286	2
57.3374	66.1462	-0.00229399	0.00163484	2
58.2586	66.4266	-0.0023043	0.00164631	2
59.1815	66.6983	-0.00231302	0.00165724	2
60.1055	66.9613	-0.00232011	0.00166763	2
61.0304	67.2155	-0.00232554	0.00167746	2
61.9453	67.4584	-0.00232923	0.00168662	2
62.871	67.6954	-0.00233122	0.00169531	2
63.7965	67.9238	-0.00233142	0.00170341	2
64.7215	68.1436	-0.00232979	0.0017109	2

74.9975	2.01005	3.29337e-07	7.15189e-08	2
74.7764	2.8768	2.72246e-05	5.79642e-06	2
74.5373	3.75849	5.15913e-05	1.07471e-05	2
74.2832	4.64485	7.31465e-05	1.48755e-05	2
74.0179	5.52542	9.17359e-05	1.81714e-05	2
73.7356	6.4205	0.000107838	2.07346e-05	2
73.4401	7.31967	0.000121267	2.25459e-05	2
73.1318	8.22273	0.000132068	2.36288e-05	2
72.8113	9.12948	0.00014029	2.40068e-05	2
72.4791	10.0397	0.000145977	2.37033e-05	2
72.1359	10.9533	0.000149176	2.27419e-05	2
71.782	11.8699	0.000149933	2.11462e-05	2
71.4182	12.7895	0.000148295	1.89397e-05	2
71.045	13.7117	0.000144308	1.61458e-05	2
70.6629	14.6365	0.000138019	1.2788e-05	2
70.2724	15.5636	0.000129473	8.89002e-06	2
69.8742	16.4928	0.000118717	4.47522e-06	2
69.4688	17.4239	0.000105797	-4.32835e-07	2
69.0567	18.3567	9.07595e-05	-5.81064e-06	2
68.6385	19.2911	7.36509e-05	-1.16347e-05	2
68.2147	20.2268	5.45175e-05	-1.78814e-05	2
67.786	21.1636	3.34056e-05	-2.45273e-05	2
67.3528	22.1013	1.03614e-05	-3.15489e-05	2
66.9157	23.0398	-1.45687e-05	-3.89227e-05	2
66.4752	23.9788	-4.13385e-05	-4.6625e-05	2
66.032	24.9181	-6.99015e-05	-5.46326e-05	2
65.5917	25.8468	-9.98534e-05	-6.28249e-05	2
65.1446	26.7862	-0.000131845	-7.13692e-05	2
64.6964	27.7254	-0.000165491	-8.01484e-05	2
64.2476	28.6641	-0.000200746	-8.91389e-05	2
63.7988	29.6022	-0.000237564	-9.83172e-05	2
63.3505	30.5394	-0.000275897	-0.00010766	2
62.9033	31.4756	-0.0003157	-0.000117143	2
62.4578	32.4106	-0.000356926	-0.000126744	2
62.0145	33.3441	-0.00039953	-0.000136438	2
61.5739	34.276	-0.000443464	-0.000146203	2
61.1366	35.206	-0.000488682	-0.000156014	2
60.7033	36.134	-0.000535139	-0.000165848	2
60.2743	37.0598	-0.000582788	-0.000175682	2
59.8503	37.9831	-0.000631582	-0.000185492	2
59.4318	38.9039	-0.000681475	-0.000195255	2
59.0194	39.8218	-0.000732421	-0.000204947	2
58.6137	40.7367	-0.000784374	-0.000214545	2
58.2151	41.6484	-0.000837287	-0.000224024	2
57.8243	42.5567	-0.000891114	-0.000233362	2
57.4418	43.4613	-0.000945809	-0.000242535	2
57.0681	44.3622	-0.00100132	-0.00025152	2
56.7039	45.259	-0.00105762	-0.000260293	2
56.3496	46.1517	-0.00111464	-0.00026883	2
56.0098	47.0298	-0.00117167	-0.000277014	2
55.6769	47.9135	-0.00123	-0.000285013	2
55.3558	48.7924	-0.00128892	-0.000292706	2
55.0467	49.6663	-0.00134839	-0.00030007	2
54.7505	50.535	-0.00140835	-0.000307081	2
54.4675	51.3984	-0.00146877	-0.000313715	2
54.1983	52.2562	-0.00152959	-0.00031995	2
53.9435	53.1082	-0.00159077	-0.000325761	2
53.7037	53.9542	-0.00165226	-0.000331126	2
53.4794	54.794	-0.00171402	-0.00033602	2
53.2712	55.6275	-0.00177599	-0.00034042	2
53.0795	56.4544	-0.00183814	-0.000344302	2
52.9051	57.2745	-0.00190042	-0.000347644	2
52.7483	58.0877	-0.00196278	-0.000350421	2
52.6098	58.8937	-0.00202517	-0.00035261	2
52.4902	59.6924	-0.00208756	-0.000354187	2
52.3899	60.4835	-0.00214988	-0.000355129	2
52.3096	61.2668	-0.0022121	-0.000355413	2
52.2498	62.0422	-0.00227417	-0.000355015	2
52.211	62.8094	-0.00233604	-0.000353911	2
52.1938	63.5683	-0.00239767	-0.000352078	2
52.1988	64.3187	-0.00245901	-0.000349492	2
52.2265	65.0603	-0.00252001	-0.00034613	2
52.2775	65.793	-0.00258064	-0.000341969	2
52.3513	66.5082	-0.00264014	-0.000337046	2
52.4501	67.2226	-0.00269986	-0.000331225	2
52.5739	67.9273	-0.00275907	-0.000324533	2
52.7232	68.6224	-0.0028177	-0.000316948	2
52.8985	69.3075	-0.00287573	-0.000308446	2
53.1004	69.9825	-0.00293309	-0.000299003	2
53.3295	70.6472	-0.00298975	-0.000288597	2
53.5862	71.3014	-0.00304566	-0.000277203	2
53.8712	71.9449	-0.00310076	-0.000264797	2
54.185	72.5774	-0.00315503	-0.000251358	2
54.5281	73.1989	-0.0032084	-0.00023686	2
54.9012	73.809	-0.00326083	-0.00022128	2
55.3047	74.4076	-0.00331228	-0.000204595	2
55.7393	74.9946	-0.00336271	-0.000186782	2
56.2054	75.5696	-0.00341205	-0.000167816	2
56.7037	76.1326	-0.00346027	-0.000147675	2
57.2347	76.6832	-0.00350733	-0.000126335	2
57.7989	77.2214	-0.00355316	-0.000103771	2
58.3969	77.7468	-0.00359774	-7.99618e-05	2
59.0292	78.2594	-0.00364101	-5.48826e-05	2
59.6964	78.7589	-0.00368292	-2.851e-05	2
60.3991	79.2451	-0.00372344	-8.20661e-07	2
61.1379	79.7179	-0.00376251	2.8209e-05	2
61.904	80.1718	-0.00379966	5.82454e-05	2
62.716	80.6171	-0.00383571	9.00102e-05	2
63.5657	81.0484	-0.00387018	0.000123186	2
64.4535	81.4654	-0.00390302	0.000157795	2

124.999	2.01211	-4.78995e-08	-1.54803e-08	2
124.921	3.04561	-3.88783e-06	-1.62875e-06	2
124.813	4.07608	-7.22735e-06	-3.81683e-06	2
124.675	5.0917	-1.00443e-05	-6.5474e-06	2
124.511	6.0813	-1.23404e-05	-9.76329e-06	2
124.317	7.06818	-1.41945e-05	-1.35226e-05	2
124.096	8.04101	-1.5603e-05	-1.77741e-05	2
123.849	9.00006	-1.65914e-05	-2.25009e-05	2
123.576	9.94561	-1.71855e-05	-2.76863e-05	2
123.278	10.8779	-1.7411e-05	-3.33134e-05	2
122.955	11.7973	-1.72936e-05	-3.93653e-05	2
122.609	12.704	-1.68591e-05	-4.58252e-05	2
122.239	13.5982	-1.61332e-05	-5.26764e-05	2
121.847	14.4803	-1.51415e-05	-5.99019e-05	2
121.434	15.3506	-1.39099e-05	-6.74849e-05	2
120.999	16.2092	-1.24639e-05	-7.54086e-05	2
120.545	17.0565	-1.08294e-05	-8.36562e-05	2
120.07	17.8928	-9.03211e-06	-9.22108e-05	2
119.577	18.7182	-7.09764e-06	-0.000101056	2
119.065	19.5332	-5.05177e-06	-0.000110174	2
118.536	20.3379	-2.92021e-06	-0.000119548	2
117.989	21.1326	-7.28666e-07	-0.000129163	2
117.427	21.9177	1.49713e-06	-0.000139	2
116.849	22.6933	3.73147e-06	-0.000149043	2
116.256	23.4597	5.94863e-06	-0.000159276	2
115.649	24.2173	8.12289e-06	-0.000169681	2
115.035	24.9577	1.02048e-05	-0.000180119	2
114.402	25.6985	1.22174e-05	-0.000190816	2
113.756	26.4311	1.41102e-05	-0.000201636	2
113.099	27.156	1.58575e-05	-0.000212561	2
112.432	27.8733	1.74336e-05	-0.000223574	2
111.754	28.5834	1.88129e-05	-0.000234659	2
111.066	29.2865	1.99695e-05	-0.000245798	2
110.37	29.9828	2.08777e-05	-0.000256976	2
109.666	30.6728	2.1512e-05	-0.000268174	2
108.954	31.3565	2.18464e-05	-0.000279377	2
108.236	32.0344	2.18553e-05	-0.000290567	2
107.512	32.7067	2.15131e-05	-0.000301728	2
106.782	33.3736	2.07939e-05	-0.000312842	2
106.047	34.0354	1.9672e-05	-0.000323894	2
105.309	34.6924	1.81218e-05	-0.000334865	2
104.567	35.3449	1.61175e-05	-0.00034574	2
103.823	35.9931	1.36335e-05	-0.000356501	2
103.077	36.6373	1.06439e-05	-0.000367131	2
102.329	37.2778	7.12302e-06	-0.000377614	2
101.581	37.9148	3.04524e-06	-0.000387934	2
100.833	38.5487	-1.61521e-06	-0.000398072	2
100.085	39.1796	-6.88405e-06	-0.000408012	2
99.3396	39.8079	-1.2787e-05	-0.000417738	2
98.6044	40.4267	-1.92705e-05	-0.000427125	2
97.8634	41.0506	-2.65108e-05	-0.000436374	2
97.126	41.6727	-3.4462e-05	-0.000445359	2
96.3927	42.2932	-4.31499e-05	-0.000454061	2
95.6642	42.9124	-5.26002e-05	-0.000462465	2
94.9413	43.5307	-6.28386e-05	-0.000470554	2
94.2246	44.1482	-7.38909e-05	-0.00047831	2
93.5148	44.7652	-8.57827e-05	-0.000485717	2
92.8125	45.3821	-9.85398e-05	-0.000492759	2
92.1186	45.999	-0.000112188	-0.000499417	2
91.4335	46.6163	-0.000126753	-0.000505676	2
90.7581	47.2342	-0.00014226	-0.000511519	2
90.0929	47.853	-0.000158735	-0.000516928	2
89.4388	48.4729	-0.000176204	-0.000521888	2
88.7962	49.0943	-0.000194693	-0.00052638	2
88.1661	49.7175	-0.000214227	-0.000530389	2
87.5489	50.3426	-0.000234832	-0.000533897	2
86.9455	50.9699	-0.000256534	-0.000536888	2
86.3564	51.5998	-0.000279358	-0.000539345	2
85.7824	52.2325	-0.00030333	-0.00054125	2
85.2242	52.8682	-0.000328477	-0.000542588	2
84.6823	53.5073	-0.000354822	-0.000543341	2
84.1576	54.15	-0.000382393	-0.000543492	2
83.6507	54.7966	-0.000411216	-0.000543025	2
83.1677	55.4399	-0.000440961	-0.000541939	2
82.6981	56.095	-0.000472347	-0.000540192	2
82.2484	56.7548	-0.000505062	-0.000537777	2
81.8192	57.4196	-0.000539129	-0.000534676	2
81.4111	58.0896	-0.000574576	-0.000530872	2
81.025	58.7652	-0.000611429	-0.00052635	2
80.6613	59.4465	-0.000649711	-0.000521091	2
80.3209	60.1339	-0.000689451	-0.00051508	2
80.0044	60.8276	-0.000730672	-0.000508299	2
79.7125	61.528	-0.000773402	-0.000500731	2
79.4459	62.2351	-0.000817665	-0.00049236	2
79.2052	62.9495	-0.000863487	-0.000483169	2
78.9911	63.6712	-0.000910895	-0.000473141	2
78.8044	64.4007	-0.000959913	-0.000462259	2
78.6456	65.1381	-0.00101057	-0.000450506	2
78.5155	65.8837	-0.00106288	-0.000437866	2
78.4148	66.6379	-0.00111689	-0.000424321	2
78.3441	67.4008	-0.00117261	-0.000409855	2
78.3042	68.1727	-0.00123007	-0.000394451	2
78.2956	68.954	-0.00128929	-0.000378093	2
78.3191	69.7449	-0.0013503	-0.000360762	2
78.3753	70.5456	-0.00141313	-0.000342443	2
78.465	71.3565	-0.00147781	-0.000323119	2
78.5872	72.1682	-0.00154357	-0.000303012	2
78.7455	73.0001	-0.00161198	-0.000281639	2
78.9392	73.8428	-0.00168231	-0.00025921	2
79.169	74.6968	-0.00175459	-0.000235708	2

