-125.003	2.00992	-5.52177e-09	-7.65736e-08	2
-125.264	2.8668	-1.40916e-06	-6.78974e-06	2
-125.534	3.74168	-4.67351e-06	-1.383e-05	2
-125.808	4.62436	-9.75693e-06	-2.11087e-05	2
-126.084	5.50426	-1.65344e-05	-2.85259e-05	2
-126.368	6.40157	-2.51278e-05	-3.62421e-05	2
-126.655	7.30578	-3.54323e-05	-4.41602e-05	2
-126.946	8.21662	-4.74118e-05	-5.22678e-05	2
-127.24	9.13378	-6.10303e-05	-6.05527e-05	2
-127.537	10.057	-7.62515e-05	-6.90028e-05	2
-127.836	10.9859	-9.30395e-05	-7.76058e-05	2
-128.137	11.9203	-0.000111358	-8.63495e-05	2
-128.44	12.8598	-0.000131171	-9.52217e-05	2
-128.744	13.8042	-0.000152442	-0.00010421	2
-129.049	14.7531	-0.000175136	-0.000113303	2
-129.355	15.7063	-0.000199216	-0.000122487	2
-129.661	16.6635	-0.000224645	-0.000131751	2
-129.966	17.6243	-0.000251389	-0.000141082	2
-130.271	18.5886	-0.00027941	-0.000150468	2
-130.575	19.5559	-0.000308673	-0.000159897	2
-130.877	20.526	-0.000339142	-0.000169357	2
-131.178	21.4986	-0.00037078	-0.000178835	2
-131.476	22.4734	-0.000403551	-0.00018832	2
-131.772	23.4502	-0.000437419	-0.000197799	2
-132.065	24.4285	-0.000472349	-0.000207259	2
-132.355	25.4082	-0.000508303	-0.000216689	2
-132.638	26.3776	-0.000544817	-0.000225969	2
-132.92	27.359	-0.000582702	-0.000235302	2
-133.198	28.3409	-0.000621504	-0.000244568	2
-133.471	29.3229	-0.000661188	-0.000253755	2
-133.739	30.3048	-0.000701716	-0.000262851	2
-134.002	31.2862	-0.000743053	-0.000271843	2
-134.258	32.2669	-0.000785162	-0.000280719	2
-134.508	33.2466	-0.000828008	-0.000289467	2
-134.752	34.2249	-0.000871554	-0.000298075	2
-134.988	35.2016	-0.000915764	-0.00030653	2
-135.218	36.1764	-0.000960603	-0.00031482	2
-135.439	37.149	-0.00100603	-0.000322934	2
-135.652	38.1191	-0.00105202	-0.000330858	2
-135.857	39.0864	-0.00109853	-0.000338581	2
-136.052	40.0507	-0.00114552	-0.000346091	2
-136.239	41.0115	-0.00119295	-0.000353374	2
-136.415	41.9687	-0.0012408	-0.00036042	2
-136.582	42.9219	-0.00128903	-0.000367215	2
-136.738	43.8708	-0.00133759	-0.000373747	2
-136.884	44.8151	-0.00138646	-0.000380005	2
-137.018	45.7546	-0.00143559	-0.000385976	2
-137.141	46.689	-0.00148495	-0.000391648	2
-137.251	47.6179	-0.00153451	-0.000397008	2
-137.349	48.5305	-0.00158366	-0.000401989	2
-137.434	49.4477	-0.0016335	-0.000406694	2
-137.507	50.3586	-0.00168342	-0.00041105	2
-137.567	51.2629	-0.0017334	-0.000415047	2
-137.612	52.1602	-0.00178339	-0.000418671	2
-137.643	53.0504	-0.00183336	-0.000421911	2
-137.66	53.933	-0.00188327	-0.000424754	2
-137.662	54.8079	-0.00193309	-0.000427188	2
-137.648	55.6747	-0.00198278	-0.0004292	2
-137.619	56.5331	-0.0020323	-0.000430779	2
-137.573	57.3828	-0.00208162	-0.000431912	2
-137.512	58.2235	-0.0021307	-0.000432588	2
-137.433	59.055	-0.00217951	-0.000432793	2
-137.337	59.8769	-0.00222801	-0.000432516	2
-137.223	60.6889	-0.00227616	-0.000431744	2
-137.092	61.4908	-0.00232393	-0.000430465	2
-136.942	62.2823	-0.00237128	-0.000428668	2
-136.773	63.063	-0.00241817	-0.000426339	2
-136.586	63.8327	-0.00246457	-0.000423466	2
-136.379	64.5911	-0.00251045	-0.000420038	2
-136.151	65.3378	-0.00255576	-0.000416042	2
-135.904	66.0726	-0.00260048	-0.000411466	2
-135.636	66.7953	-0.00264455	-0.000406297	2
-135.347	67.5054	-0.00268796	-0.000400524	2
-135.041	68.1948	-0.00273017	-0.000394211	2
-134.709	68.8791	-0.00277214	-0.000387199	2
-134.355	69.5501	-0.00281332	-0.000379546	2
-133.978	70.2074	-0.00285369	-0.000371239	2
-133.579	70.8508	-0.00289321	-0.000362267	2
-133.157	71.4798	-0.00293183	-0.000352617	2
-132.71	72.0944	-0.00296954	-0.000342278	2
-132.24	72.694	-0.00300628	-0.000331236	2
-131.745	73.2785	-0.00304203	-0.000319479	2
-131.226	73.8476	-0.00307675	-0.000306996	2
-130.682	74.4009	-0.0031104	-0.000293774	2
-130.111	74.9382	-0.00314294	-0.0002798	2
-129.516	75.4592	-0.00317434	-0.000265064	2
-128.893	75.9635	-0.00320457	-0.000249551	2
-128.244	76.451	-0.00323358	-0.000233251	2
-127.568	76.9212	-0.00326134	-0.000216151	2
-126.865	77.3739	-0.00328782	-0.000198239	2
-126.134	77.8088	-0.00331298	-0.000179502	2
-125.375	78.2256	-0.00333678	-0.000159928	2
-124.587	78.6241	-0.00335919	-0.000139506	2
-123.77	79.0038	-0.00338016	-0.000118222	2
-122.924	79.3646	-0.00339967	-9.60651e-05	2
-122.048	79.7061	-0.00341768	-7.30225e-05	2
-121.153	80.0245	-0.00343398	-4.93624e-05	2
-120.217	80.3268	-0.00344889	-2.45224e-05	2
-119.25	80.609	-0.0034622	1.23964e-06	2
-118.253	80.8707	-0.00347386	2.7936e-05	2

-74.9998	2.01147	-2.86595e-07	2.49113e-07	2
-75.0032	2.99287	-2.44152e-05	2.07568e-05	2
-75.0404	3.97642	-4.77986e-05	3.96878e-05	2
-75.1107	4.95077	-7.01766e-05	5.68346e-05	2
-75.212	5.90501	-9.13351e-05	7.20714e-05	2
-75.3458	6.86145	-0.000111792	8.57937e-05	2
-75.5103	7.80908	-0.000131323	9.7856e-05	2
-75.7047	8.74802	-0.000149953	0.0001083	2
-75.9282	9.6784	-0.00016771	0.000117167	2
-76.1801	10.6004	-0.00018462	0.000124499	2
-76.4594	11.514	-0.000200708	0.000130337	2
-76.7653	12.4195	-0.000216002	0.000134722	2
-77.0972	13.3169	-0.000230527	0.000137697	2
-77.4541	14.2065	-0.000244311	0.000139304	2
-77.8352	15.0882	-0.00025738	0.000139582	2
-78.2398	15.9623	-0.000269759	0.000138575	2
-78.6671	16.8288	-0.000281476	0.000136323	2
-79.1161	17.688	-0.000292557	0.000132869	2
-79.5862	18.5398	-0.000303027	0.000128254	2
-80.0765	19.3846	-0.000312915	0.000122518	2
-80.5861	20.2223	-0.000322245	0.000115705	2
-81.1144	21.0531	-0.000331045	0.000107855	2
-81.6604	21.8772	-0.00033934	9.90108e-05	2
-82.2234	22.6946	-0.000347157	8.92128e-05	2
-82.8026	23.5055	-0.000354523	7.8503e-05	2
-83.3971	24.3101	-0.000361464	6.69229e-05	2
-83.9991	25.0993	-0.000367933	5.46614e-05	2
-84.6218	25.8915	-0.000374107	4.14744e-05	2
-85.2574	26.6778	-0.000379935	2.75414e-05	2
-85.9051	27.4582	-0.000385443	1.2904e-05	2
-86.5642	28.2329	-0.000390657	-2.39627e-06	2
-87.2337	29.002	-0.000395604	-1.83179e-05	2
-87.913	29.7656	-0.000400311	-3.48192e-05	2
-88.6012	30.5238	-0.000404803	-5.18587e-05	2
-89.2974	31.2769	-0.000409108	-6.93947e-05	2
-90.0009	32.0248	-0.000413251	-8.73858e-05	2
-90.7109	32.7678	-0.000417259	-0.00010579	2
-91.4266	33.5059	-0.000421158	-0.000124567	2
-92.1471	34.2394	-0.000424975	-0.000143674	2
-92.8716	34.9682	-0.000428735	-0.000163069	2
-93.5994	35.6926	-0.000432467	-0.000182712	2
-94.3296	36.4127	-0.000436195	-0.00020256	2
-95.0615	37.1286	-0.000439946	-0.000222573	2
-95.7941	37.8405	-0.000443747	-0.000242708	2
-96.5267	38.5484	-0.000447624	-0.000262924	2
-97.2585	39.2525	-0.000451604	-0.000283179	2
-97.9887	39.9529	-0.000455712	-0.000303432	2
-98.7165	40.6497	-0.000459976	-0.000323641	2
-99.4411	41.3432	-0.000464421	-0.000343765	2
-100.153	42.0254	-0.000469019	-0.000363533	2
-100.869	42.7124	-0.000473903	-0.000383363	2
-101.579	43.3964	-0.000479048	-0.000402984	2
-102.283	44.0775	-0.00048448	-0.000422354	2
-102.979	44.7558	-0.000490225	-0.000441431	2
-103.667	45.4314	-0.00049631	-0.000460174	2
-104.347	46.1045	-0.00050276	-0.000478542	2
-105.016	46.7752	-0.000509604	-0.000496491	2
-105.675	47.4437	-0.000516865	-0.000513982	2
-106.323	48.11	-0.000524572	-0.000530972	2
-106.959	48.7743	-0.000532751	-0.00054742	2
-107.582	49.4367	-0.000541428	-0.000563284	2
-108.191	50.0974	-0.000550629	-0.000578524	2
-108.785	50.7564	-0.00056038	-0.000593096	2
-109.365	51.414	-0.000570709	-0.00060696	2
-109.928	52.0702	-0.000581642	-0.000620074	2
-110.474	52.7251	-0.000593204	-0.000632396	2
-111.002	53.3789	-0.000605422	-0.000643886	2
-111.512	54.0318	-0.000618324	-0.0006545	2
-112.002	54.6838	-0.000631934	-0.000664199	2
-112.472	55.335	-0.00064628	-0.000672939	2
-112.921	55.9857	-0.000661388	-0.000680681	2
-113.348	56.6359	-0.000677284	-0.000687381	2
-113.753	57.2857	-0.000693994	-0.000692999	2
-114.13	57.9279	-0.000711339	-0.000697448	2
-114.487	58.5775	-0.000729748	-0.00070079	2
-114.819	59.2271	-0.000749051	-0.000702925	2
-115.125	59.8769	-0.000769273	-0.000703812	2
-115.405	60.5269	-0.000790442	-0.000703409	2
-115.657	61.1774	-0.000812584	-0.000701674	2
-115.881	61.8285	-0.000835724	-0.000698567	2
-116.075	62.4802	-0.00085989	-0.000694045	2
-116.24	63.1328	-0.000885108	-0.000688067	2
-116.374	63.7863	-0.000911404	-0.000680591	2
-116.477	64.4409	-0.000938805	-0.000671576	2
-116.547	65.0966	-0.000967337	-0.000660981	2
-116.584	65.7537	-0.000997026	-0.000648762	2
-116.588	66.4123	-0.0010279	-0.00063488	2
-116.556	67.0724	-0.00105998	-0.000619292	2
-116.489	67.7343	-0.0010933	-0.000601958	2
-116.385	68.3979	-0.00112789	-0.000582834	2
-116.245	69.0636	-0.00116376	-0.000561881	2
-116.066	69.7314	-0.00120095	-0.000539055	2
-115.849	70.4013	-0.00123948	-0.000514316	2
-115.592	71.0737	-0.00127938	-0.000487623	2
-115.294	71.7485	-0.00132067	-0.000458932	2
-114.955	72.4259	-0.00136338	-0.000428204	2
-114.579	73.0983	-0.00140703	-0.000395785	2
-114.156	73.7813	-0.00145265	-0.000360881	2
-113.69	74.4673	-0.00149977	-0.000323814	2
-113.178	75.1564	-0.00154842	-0.000284543	2

-25.0037	2.01259	-3.99387e-07	4.14697e-07	2
-25.3293	3.0847	-3.44374e-05	3.53903e-05	2
-25.6797	4.14736	-6.82588e-05	6.94024e-05	2
-26.0508	5.18833	-0.000101479	0.000102058	2
-26.4375	6.19639	-0.000133739	0.000133027	2
-26.8486	7.19533	-0.000165806	0.00016305	2
-27.2791	8.17369	-0.000197314	0.000191781	2
-27.7287	9.13183	-0.000228278	0.000219243	2
-28.197	10.0701	-0.000258712	0.000245457	2
-28.6836	10.9889	-0.000288632	0.000270444	2
-29.1882	11.8886	-0.000318051	0.000294228	2
-29.7102	12.7695	-0.000346984	0.000316828	2
-30.2493	13.6321	-0.000375446	0.000338268	2
-30.8051	14.4766	-0.00040345	0.000358568	2
-31.3773	15.3034	-0.000431012	0.000377751	2
-31.9653	16.113	-0.000458145	0.000395839	2
-32.5689	16.9056	-0.000484865	0.000412852	2
-33.1875	17.6817	-0.000511185	0.000428814	2
-33.8209	18.4416	-0.000537121	0.000443744	2
-34.4686	19.1857	-0.000562686	0.000457667	2
-35.1302	19.9143	-0.000587896	0.000470602	2
-35.8053	20.6278	-0.000612764	0.000482572	2
-36.4936	21.3266	-0.000637305	0.000493599	2
-37.1945	22.0111	-0.000661533	0.000503704	2
-37.9078	22.6815	-0.000685464	0.000512909	2
-38.633	23.3384	-0.000709111	0.000521236	2
-39.3612	23.9746	-0.000732222	0.000528626	2
-40.1089	24.6054	-0.000755348	0.000535271	2
-40.8674	25.2237	-0.000778234	0.000541104	2
-41.6362	25.8298	-0.000800894	0.000546145	2
-42.4149	26.4242	-0.000823343	0.000550416	2
-43.2032	27.0071	-0.000845595	0.00055394	2
-44.0006	27.5789	-0.000867664	0.000556737	2
-44.8067	28.14	-0.000889565	0.00055883	2
-45.6212	28.6908	-0.000911313	0.00056024	2
-46.4436	29.2316	-0.000932922	0.00056099	2
-47.2736	29.7629	-0.000954406	0.0005611	2
-48.1107	30.2849	-0.00097578	0.000560593	2
-48.9546	30.798	-0.000997059	0.000559491	2
-49.8048	31.3026	-0.00101826	0.000557815	2
-50.6609	31.7991	-0.00103939	0.000555586	2
-51.5226	32.2879	-0.00106046	0.000552827	2
-52.3895	32.7692	-0.00108151	0.00054956	2
-53.2611	33.2435	-0.00110252	0.000545806	2
-54.1371	33.7111	-0.00112353	0.000541586	2
-55.017	34.1724	-0.00114454	0.000536924	2
-55.9005	34.6278	-0.00116558	0.000531839	2
-56.7871	35.0776	-0.00118665	0.000526355	2
-57.6765	35.5222	-0.00120776	0.000520493	2
-58.558	35.957	-0.0012287	0.000514348	2
-59.4517	36.3924	-0.00124996	0.000507799	2
-60.347	36.8236	-0.00127131	0.000500937	2
-61.2434	37.2511	-0.00129277	0.000493783	2
-62.1406	37.6752	-0.00131434	0.00048636	2
-63.0382	38.0964	-0.00133606	0.000478689	2
-63.9358	38.5148	-0.00135792	0.000470792	2
-64.8329	38.931	-0.00137995	0.00046269	2
-65.7292	39.3453	-0.00140216	0.000454406	2
-66.6243	39.7581	-0.00142456	0.000445962	2
-67.5178	40.1696	-0.00144717	0.000437378	2
-68.4093	40.5804	-0.00147	0.000428677	2
-69.2983	40.9907	-0.00149307	0.00041988	2
-70.1846	41.401	-0.00151639	0.00041101	2
-71.0676	41.8115	-0.00153997	0.000402087	2
-71.947	42.2227	-0.00156384	0.000393135	2
-72.8224	42.6349	-0.001588	0.000384174	2
-73.6934	43.0484	-0.00161247	0.000375226	2
-74.5596	43.4638	-0.00163726	0.000366313	2
-75.4206	43.8812	-0.00166239	0.000357456	2
-76.2759	44.3012	-0.00168788	0.000348679	2
-77.1253	44.724	-0.00171373	0.000340001	2
-77.9683	45.15	-0.00173996	0.000331446	2
-78.8045	45.5796	-0.00176659	0.000323034	2
-79.624	46.0082	-0.00179331	0.000314882	2
-80.4454	46.446	-0.00182077	0.00030682	2
-81.2589	46.8885	-0.00184867	0.000298968	2
-82.064	47.336	-0.00187702	0.000291346	2
-82.8603	47.789	-0.00190584	0.000283976	2
-83.6474	48.2477	-0.00193515	0.00027688	2
-84.4249	48.7126	-0.00196495	0.00027008	2
-85.1925	49.184	-0.00199526	0.000263598	2
-85.9496	49.6623	-0.00202609	0.000257455	2
-86.696	50.1478	-0.00205747	0.000251673	2
-87.4312	50.641	-0.00208941	0.000246273	2
-88.1548	51.1421	-0.00212191	0.000241279	2
-88.8665	51.6515	-0.00215499	0.00023671	2
-89.5657	52.1697	-0.00218868	0.00023259	2
-90.2522	52.697	-0.00222298	0.000228939	2
-90.9256	53.2336	-0.0022579	0.00022578	2
-91.5853	53.7801	-0.00229347	0.000223134	2
-92.2311	54.3368	-0.00232969	0.000221023	2
-92.8625	54.904	-0.00236658	0.000219469	2
-93.4792	55.4822	-0.00240416	0.000218494	2
-94.0807	56.0716	-0.00244244	0.000218119	2
-94.6666	56.6726	-0.00248143	0.000218366	2
-95.2366	57.2857	-0.00252116	0.000219257	2
-95.7839	57.9038	-0.00256115	0.000220791	2
-96.3209	58.5418	-0.00260236	0.000223027	2
-96.8408	59.193	-0.00264435	0.000225971	2
-97.3432	59.8575	-0.00268712	0.000229647	2

24.9968	2.01091	-7.12376e-07	2.12907e-07	2
24.7201	2.94953	-5.9948e-05	1.85808e-05	2
24.4457	3.8991	-0.000115828	3.72778e-05	2
24.1767	4.8487	-0.000167695	5.60899e-05	2
23.9163	5.78741	-0.000215076	7.47975e-05	2
23.6581	6.73704	-0.000259127	9.38345e-05	2
23.4054	7.68668	-0.00029933	0.000112983	2
23.1579	8.63632	-0.00033574	0.000132241	2
22.9157	9.58593	-0.000368412	0.000151608	2
22.6787	10.5355	-0.0003974	0.000171082	2
22.4469	11.4851	-0.000422761	0.000190663	2
22.2202	12.4346	-0.000444549	0.000210348	2
21.9986	13.3841	-0.000462819	0.000230137	2
21.782	14.3335	-0.000477627	0.000250029	2
21.5704	15.2828	-0.000489027	0.000270021	2
21.3638	16.2321	-0.000497075	0.000290114	2
21.162	17.1813	-0.000501825	0.000310305	2
20.9651	18.1303	-0.000503332	0.000330593	2
20.773	19.0793	-0.000501653	0.000350977	2
20.5856	20.0282	-0.000496842	0.000371456	2
20.403	20.9769	-0.000488953	0.000392029	2
20.225	21.9255	-0.000478042	0.000412694	2
20.0517	22.874	-0.000464165	0.00043345	2
19.8829	23.8223	-0.000447376	0.000454295	2
19.7187	24.7704	-0.00042773	0.000475229	2
19.5589	25.7184	-0.000405283	0.000496251	2
19.4054	26.6553	-0.000380394	0.000517115	2
19.2544	27.603	-0.000352539	0.000538305	2
19.1078	28.5504	-0.000322047	0.00055958	2
18.9654	29.4976	-0.000288973	0.000580936	2
18.8274	30.4446	-0.000253373	0.000602373	2
18.6935	31.3914	-0.0002153	0.00062389	2
18.5638	32.338	-0.000174812	0.000645485	2
18.4382	33.2843	-0.000131961	0.000667157	2
18.3167	34.2303	-8.68043e-05	0.000688905	2
18.1992	35.1761	-3.9396e-05	0.000710728	2
18.0857	36.1217	1.02085e-05	0.000732624	2
17.9761	37.0669	6.19543e-05	0.000754592	2
17.8704	38.0119	0.000115786	0.00077663	2
17.7685	38.9566	0.000171649	0.000798739	2
17.6705	39.901	0.000229488	0.000820915	2
17.5762	40.845	0.000289248	0.000843158	2
17.4856	41.7888	0.000350873	0.000865467	2
17.3986	42.7322	0.000414309	0.00088784	2
17.3153	43.6752	0.000479501	0.000910277	2
17.2355	44.6179	0.000546393	0.000932775	2
17.1593	45.5603	0.000614931	0.000955334	2
17.0865	46.5023	0.000685059	0.000977953	2
17.0171	47.4439	0.000756722	0.00100063	2
16.9519	48.3743	0.000829017	0.0010231	2
16.8893	49.3151	0.000903569	0.00104589	2
16.8299	50.2556	0.000979492	0.00106873	2
16.7738	51.1956	0.00105673	0.00109163	2
16.7209	52.1352	0.00113523	0.00111457	2
16.6711	53.0744	0.00121493	0.00113757	2
16.6244	54.0131	0.00129579	0.00116062	2
16.5808	54.9514	0.00137774	0.00118371	2
16.5402	55.8892	0.00146073	0.00120686	2
16.5026	56.8266	0.0015447	0.00123004	2
16.468	57.7634	0.00162961	0.00125327	2
16.4362	58.6998	0.00171539	0.00127655	2
16.4072	59.6357	0.00180199	0.00129986	2
16.381	60.5711	0.00188935	0.00132322	2
16.3576	61.506	0.00197743	0.00134662	2
16.3368	62.4404	0.00206615	0.00137005	2
16.3187	63.3742	0.00215548	0.00139352	2
16.3032	64.3075	0.00224535	0.00141702	2
16.2903	65.2402	0.00233572	0.00144056	2
16.2799	66.1724	0.00242651	0.00146414	2
16.2719	67.104	0.00251769	0.00148774	2
16.2664	68.0351	0.00260918	0.00151137	2
16.2632	68.9655	0.00270095	0.00153504	2
16.2624	69.8954	0.00279293	0.00155873	2
16.2638	70.814	0.00288401	0.00158217	2
16.2675	71.7427	0.00297625	0.00160591	2
16.2733	72.6707	0.00306855	0.00162968	2
16.2813	73.5981	0.00316083	0.00165347	2
16.2914	74.5249	0.00325306	0.00167728	2
16.3036	75.451	0.00334517	0.00170111	2
16.3178	76.3764	0.0034371	0.00172495	2
16.3339	77.3012	0.00352882	0.00174882	2
16.3519	78.2254	0.00362025	0.0017727	2
16.3718	79.1488	0.00371134	0.0017966	2
16.3936	80.0715	0.00380204	0.00182051	2
16.4171	80.9936	0.0038923	0.00184444	2
16.4424	81.9149	0.00398205	0.00186837	2
16.4693	82.8355	0.00407125	0.00189232	2
16.4979	83.7554	0.00415983	0.00191627	2
16.5281	84.6746	0.00424775	0.00194023	2
16.5598	85.5929	0.00433495	0.0019642	2
16.593	86.5106	0.00442137	0.00198818	2
16.6277	87.4275	0.00450695	0.00201215	2
16.6638	88.3436	0.00459165	0.00203613	2
16.7013	89.2589	0.00467541	0.00206011	2
16.7401	90.1734	0.00475817	0.00208409	2
16.7801	91.0871	0.00483988	0.00210807	2
16.821	91.9895	0.00491956	0.00213177	2
16.8634	92.9016	0.00499901	0.00215574	2
16.907	93.8129	0.00507724	0.00217971	2
16.9517	94.7233	0.0051542	0.00220367	2

75.0001	2.01293	-4.43254e-07	1.79328e-07	2
75.0188	3.11398	-3.73758e-05	1.47047e-05	2
75.0657	4.20592	-7.23756e-05	2.76159e-05	2
75.1404	5.27607	-0.000105038	3.87652e-05	2
75.241	6.31275	-0.000135068	4.80857e-05	2
75.3696	7.34033	-0.000163201	5.58255e-05	2
75.5247	8.3469	-0.000189114	6.18979e-05	2
75.7058	9.33271	-0.000212848	6.63347e-05	2
75.9127	10.298	-0.000234441	6.91674e-05	2
76.1449	11.2431	-0.000253933	7.04277e-05	2
76.402	12.1682	-0.000271363	7.01472e-05	2
76.6836	13.0735	-0.00028677	6.83576e-05	2
76.9893	13.9594	-0.000300193	6.50906e-05	2
77.3187	14.8261	-0.000311673	6.03777e-05	2
77.6714	15.6738	-0.000321248	5.42506e-05	2
78.047	16.5028	-0.000328957	4.6741e-05	2
78.4451	17.3134	-0.00033484	3.78805e-05	2
78.8652	18.1058	-0.000338937	2.77007e-05	2
79.3071	18.8803	-0.000341286	1.62334e-05	2
79.7702	19.6372	-0.000341927	3.51002e-06	2
80.2542	20.3766	-0.000340899	-1.04377e-05	2
80.7587	21.0989	-0.000338241	-2.5578e-05	2
81.2832	21.8043	-0.000333994	-4.18794e-05	2
81.8275	22.4931	-0.000328195	-5.93102e-05	2
82.391	23.1655	-0.000320885	-7.78387e-05	2
82.9733	23.8218	-0.000312103	-9.74334e-05	2
83.5671	24.455	-0.000302013	-0.00011782	2
84.1858	25.08	-0.000290421	-0.00013944	2
84.8222	25.6897	-0.000277473	-0.000162032	2
85.4758	26.2843	-0.00026321	-0.000185564	2
86.1462	26.8641	-0.000247671	-0.000210005	2
86.8332	27.4294	-0.000230895	-0.000235322	2
87.5362	27.9803	-0.000212922	-0.000261484	2
88.2548	28.5172	-0.00019379	-0.000288459	2
88.9887	29.0402	-0.00017354	-0.000316216	2
89.7374	29.5498	-0.000152211	-0.000344723	2
90.5006	30.0461	-0.000129841	-0.000373948	2
91.2778	30.5293	-0.00010647	-0.00040386	2
92.0686	30.9999	-8.21383e-05	-0.000434427	2
92.8727	31.4579	-5.6884e-05	-0.000465618	2
93.6897	31.9036	-3.07468e-05	-0.0004974	2
94.519	32.3374	-3.76614e-06	-0.000529743	2
95.3604	32.7595	2.40188e-05	-0.000562614	2
96.2135	33.1701	5.25686e-05	-0.000595982	2
97.0777	33.5695	8.18441e-05	-0.000629816	2
97.9528	33.9579	0.000111806	-0.000664083	2
98.8383	34.3357	0.000142414	-0.000698752	2
99.7338	34.703	0.000173631	-0.000733791	2
100.639	35.0602	0.000205415	-0.000769169	2
101.543	35.4035	0.000237355	-0.000804442	2
102.466	35.7412	0.000270152	-0.000840399	2
103.397	36.0695	0.000303401	-0.000876601	2
104.337	36.3886	0.000337061	-0.000913015	2
105.284	36.6989	0.000371094	-0.000949609	2
106.238	37.0005	0.000405459	-0.000986353	2
107.199	37.2937	0.000440117	-0.00102321	2
108.167	37.5789	0.00047503	-0.00106016	2
109.14	37.8562	0.000510158	-0.00109716	2
110.119	38.1259	0.000545461	-0.00113419	2
111.104	38.3883	0.000580901	-0.0011712	2
112.093	38.6436	0.000616437	-0.00120818	2
113.086	38.892	0.000652031	-0.00124508	2
114.084	39.1339	0.000687643	-0.00128188	2
115.085	39.3696	0.000723235	-0.00131854	2
116.089	39.5991	0.000758766	-0.00135504	2
117.096	39.8229	0.000794197	-0.00139133	2
118.105	40.0411	0.000829489	-0.0014274	2
119.117	40.2541	0.000864603	-0.0014632	2
120.129	40.4621	0.000899499	-0.00149871	2
121.144	40.6653	0.000934139	-0.0015339	2
122.158	40.864	0.000968482	-0.00156872	2
123.174	41.0585	0.00100249	-0.00160316	2
124.189	41.249	0.00103612	-0.00163718	2
125.192	41.4337	0.00106896	-0.00167036	2
126.206	41.617	0.00110173	-0.00170345	2
127.219	41.7972	0.00113401	-0.00173603	2
128.23	41.9744	0.00116575	-0.00176805	2
129.239	42.1489	0.00119693	-0.0017995	2
130.245	42.321	0.00122749	-0.00183034	2
131.249	42.4909	0.00125741	-0.00186054	2
132.249	42.6589	0.00128663	-0.00189006	2
133.246	42.8252	0.00131513	-0.00191888	2
134.239	42.9902	0.00134286	-0.00194696	2
135.227	43.154	0.00136978	-0.00197428	2
136.211	43.3169	0.00139586	-0.00200079	2
137.189	43.4792	0.00142105	-0.00202647	2
138.161	43.6411	0.00144532	-0.00205129	2
139.128	43.8029	0.00146862	-0.00207522	2
140.088	43.9649	0.00149092	-0.00209822	2
141.041	44.1273	0.00151217	-0.00212026	2
141.986	44.2903	0.00153235	-0.00214131	2
142.925	44.4543	0.0015514	-0.00216134	2
143.855	44.6195	0.00156929	-0.00218032	2
144.776	44.7861	0.00158598	-0.00219821	2
145.689	44.9544	0.00160143	-0.00221499	2
146.592	45.1246	0.0016156	-0.00223062	2
147.476	45.2951	0.00162831	-0.00224491	2
148.359	45.47	0.00163983	-0.00225816	2
149.233	45.6477	0.00164994	-0.00227017	2
150.095	45.8283	0.00165862	-0.00228091	2

124.993	2.01223	-5.67232e-07	2.35393e-07	2
124.423	3.05958	-4.87071e-05	2.01432e-05	2
123.88	4.11019	-9.61243e-05	3.96113e-05	2
123.371	5.15184	-0.000142266	5.8412e-05	2
122.9	6.17272	-0.000186636	7.63478e-05	2
122.457	7.19657	-0.000230282	9.38433e-05	2
122.046	8.21147	-0.000272693	0.000110694	2
121.667	9.21744	-0.000313885	0.000126906	2
121.32	10.2145	-0.000353869	0.000142489	2
121.005	11.2026	-0.000392662	0.000157448	2
120.72	12.1818	-0.000430276	0.000171792	2
120.466	13.1521	-0.000466726	0.000185529	2
120.242	14.1135	-0.000502026	0.000198665	2
120.048	15.066	-0.000536189	0.000211208	2
119.883	16.0097	-0.00056923	0.000223166	2
119.748	16.9444	-0.000601162	0.000234546	2
119.641	17.8703	-0.000631999	0.000245355	2
119.562	18.7873	-0.000661756	0.000255601	2
119.511	19.6954	-0.000690446	0.000265292	2
119.488	20.5947	-0.000718084	0.000274434	2
119.491	21.4852	-0.000744683	0.000283036	2
119.521	22.3668	-0.000770257	0.000291105	2
119.578	23.2396	-0.00079482	0.000298648	2
119.66	24.1035	-0.000818386	0.000305673	2
119.768	24.9586	-0.00084097	0.000312187	2
119.901	25.805	-0.000862585	0.000318198	2
120.057	26.6329	-0.000883012	0.000323653	2
120.239	27.4617	-0.000902742	0.000328685	2
120.444	28.2818	-0.000921544	0.000333237	2
120.673	29.093	-0.000939433	0.000337315	2
120.926	29.8955	-0.000956423	0.000340927	2
121.201	30.6892	-0.000972527	0.00034408	2
121.498	31.4742	-0.000987761	0.000346782	2
121.817	32.2503	-0.00100214	0.000349041	2
122.158	33.0178	-0.00101567	0.000350864	2
122.52	33.7765	-0.00102837	0.000352258	2
122.903	34.5264	-0.00104026	0.00035323	2
123.307	35.2677	-0.00105135	0.000353789	2
123.73	36.0002	-0.00106164	0.000353942	2
124.173	36.724	-0.00107117	0.000353696	2
124.635	37.4391	-0.00107993	0.000353059	2
125.116	38.1455	-0.00108795	0.000352038	2
125.615	38.8431	-0.00109524	0.00035064	2
126.133	39.5322	-0.00110181	0.000348874	2
126.668	40.2125	-0.00110768	0.000346746	2
127.22	40.8841	-0.00111285	0.000344264	2
127.789	41.5471	-0.00111735	0.000341436	2
128.375	42.2015	-0.00112119	0.000338268	2
128.977	42.8471	-0.00112438	0.000334769	2
129.587	43.4769	-0.00112691	0.000330992	2
130.22	44.1054	-0.00112886	0.000326856	2
130.867	44.7252	-0.0011302	0.000322411	2
131.529	45.3365	-0.00113094	0.000317663	2
132.205	45.9391	-0.00113111	0.000312622	2
132.895	46.5331	-0.00113071	0.000307294	2
133.598	47.1185	-0.00112976	0.000301686	2
134.314	47.6953	-0.00112828	0.000295807	2
135.043	48.2635	-0.00112627	0.000289663	2
135.784	48.8231	-0.00112376	0.000283262	2
136.536	49.3742	-0.00112075	0.000276612	2
137.301	49.9167	-0.00111726	0.00026972	2
138.076	50.4506	-0.0011133	0.000262593	2
138.861	50.9759	-0.00110889	0.000255239	2
139.657	51.4927	-0.00110404	0.000247665	2
140.463	52.001	-0.00109877	0.00023988	2
141.278	52.5007	-0.00109309	0.000231889	2
142.102	52.992	-0.00108701	0.000223702	2
142.934	53.4746	-0.00108054	0.000215325	2
143.775	53.9488	-0.00107371	0.000206765	2
144.624	54.4145	-0.00106653	0.000198031	2
145.481	54.8716	-0.001059	0.000189129	2
146.344	55.3203	-0.00105114	0.000180068	2
147.214	55.7605	-0.00104298	0.000170854	2
148.08	56.1872	-0.00103461	0.000161603	2
148.962	56.6106	-0.00102586	0.000152109	2
149.85	57.0254	-0.00101684	0.000142484	2
150.743	57.4318	-0.00100756	0.000132737	2
151.64	57.8297	-0.000998042	0.000122874	2
152.542	58.2192	-0.000988292	0.000112904	2
153.448	58.6003	-0.000978326	0.000102834	2
154.357	58.9729	-0.000968159	9.26709e-05	2
155.27	59.3371	-0.000957805	8.24227e-05	2
156.185	59.6929	-0.000947277	7.20967e-05	2
157.102	60.0402	-0.00093659	6.17004e-05	2
158.022	60.3792	-0.000925756	5.12413e-05	2
158.943	60.7098	-0.000914792	4.07268e-05	2
159.865	61.0319	-0.000903709	3.01645e-05	2
160.789	61.3457	-0.000892523	1.95616e-05	2
161.712	61.6511	-0.000881247	8.92588e-06	2
162.636	61.9482	-0.000869895	-1.73537e-06	2
163.559	62.2368	-0.000858481	-1.24146e-05	2
164.481	62.5171	-0.00084702	-2.31044e-05	2
165.403	62.7891	-0.000835524	-3.37973e-05	2
166.322	63.0527	-0.000824009	-4.44858e-05	2
167.24	63.308	-0.000812487	-5.51625e-05	2
168.156	63.555	-0.000800974	-6.58198e-05	2
169.058	63.7909	-0.000789614	-7.63283e-05	2
169.968	64.0213	-0.000778158	-8.6925e-05	2
170.874	64.2434	-0.000766751	-9.748e-05	2
171.776	64.4573	-0.000755408	-0.000107986	2

