-125	2.01029	4.30686e-07	4.93925e-08	2
-125.011	2.89591	3.63084e-05	3.8691e-06	2
-125.053	3.79273	7.02905e-05	6.88493e-06	2
-125.125	4.69036	0.000101981	9.06681e-06	2
-125.226	5.57838	0.00013109	1.04229e-05	2
-125.356	6.47734	0.000158329	1.10038e-05	2
-125.515	7.37684	0.000183381	1.08085e-05	2
-125.701	8.27676	0.000206281	9.85616e-06	2
-125.914	9.17703	0.000227065	8.16621e-06	2
-126.152	10.0775	0.000245767	5.75791e-06	2
-126.415	10.9782	0.000262423	2.65057e-06	2
-126.702	11.8789	0.000277067	-1.1365e-06	2
-127.013	12.7796	0.000289734	-5.58401e-06	2
-127.346	13.6802	0.00030046	-1.06726e-05	2
-127.7	14.5805	0.00030928	-1.63831e-05	2
-128.076	15.4805	0.000316228	-2.26961e-05	2
-128.472	16.3801	0.000321339	-2.95922e-05	2
-128.886	17.2792	0.000324649	-3.70523e-05	2
-129.32	18.1776	0.000326193	-4.5057e-05	2
-129.771	19.0754	0.000326006	-5.3587e-05	2
-130.239	19.9724	0.000324122	-6.2623e-05	2
-130.723	20.8684	0.000320576	-7.21456e-05	2
-131.222	21.7635	0.000315404	-8.21357e-05	2
-131.736	22.6576	0.000308641	-9.25738e-05	2
-132.264	23.5504	0.000300322	-0.000103441	2
-132.804	24.442	0.000290481	-0.000114717	2
-133.35	25.322	0.000279293	-0.000126247	2
-133.914	26.2108	0.000266531	-0.00013828	2
-134.488	27.098	0.000252353	-0.000150665	2
-135.072	27.9836	0.000236793	-0.000163383	2
-135.665	28.8674	0.000219886	-0.000176413	2
-136.265	29.7494	0.000201668	-0.000189738	2
-136.873	30.6295	0.000182174	-0.000203337	2
-137.488	31.5075	0.000161437	-0.000217191	2
-138.108	32.3835	0.000139495	-0.000231281	2
-138.733	33.2572	0.00011638	-0.000245588	2
-139.363	34.1286	9.21295e-05	-0.000260092	2
-139.995	34.9976	6.67773e-05	-0.000274775	2
-140.63	35.8641	4.03586e-05	-0.000289616	2
-141.267	36.7281	1.29085e-05	-0.000304596	2
-141.904	37.5893	-1.5538e-05	-0.000319696	2
-142.542	38.4477	-4.4946e-05	-0.000334898	2
-143.179	39.3033	-7.52803e-05	-0.00035018	2
-143.814	40.1559	-0.000106506	-0.000365525	2
-144.447	41.0055	-0.000138588	-0.000380913	2
-145.077	41.8519	-0.000171491	-0.000396324	2
-145.703	42.695	-0.000205181	-0.00041174	2
-146.325	43.5348	-0.000239622	-0.000427141	2
-146.94	44.3711	-0.000274779	-0.000442507	2
-147.543	45.1944	-0.000310202	-0.000457644	2
-148.145	46.0236	-0.000346679	-0.000472885	2
-148.74	46.8491	-0.000383768	-0.000488034	2
-149.325	47.6708	-0.000421434	-0.000503071	2
-149.902	48.4885	-0.000459641	-0.000517978	2
-150.468	49.3023	-0.000498355	-0.000532734	2
-151.022	50.1119	-0.00053754	-0.000547322	2
-151.565	50.9173	-0.000577162	-0.000561721	2
-152.095	51.7185	-0.000617186	-0.000575912	2
-152.612	52.5153	-0.000657576	-0.000589876	2
-153.114	53.3075	-0.000698297	-0.000603593	2
-153.602	54.0952	-0.000739315	-0.000617045	2
-154.073	54.8783	-0.000780594	-0.000630212	2
-154.528	55.6565	-0.0008221	-0.000643074	2
-154.965	56.4299	-0.000863797	-0.000655613	2
-155.383	57.1984	-0.00090565	-0.000667808	2
-155.783	57.9618	-0.000947625	-0.000679642	2
-156.163	58.72	-0.000989686	-0.000691093	2
-156.521	59.473	-0.0010318	-0.000702144	2
-156.859	60.2207	-0.00107393	-0.000712775	2
-157.174	60.963	-0.00111604	-0.000722966	2
-157.466	61.6997	-0.00115809	-0.000732698	2
-157.734	62.4308	-0.00120006	-0.000741952	2
-157.977	63.1562	-0.0012419	-0.000750709	2
-158.193	63.8675	-0.00128311	-0.000758857	2
-158.384	64.5813	-0.00132461	-0.000766567	2
-158.549	65.2891	-0.00136587	-0.000773722	2
-158.686	65.9907	-0.00140687	-0.000780303	2
-158.794	66.6862	-0.00144758	-0.00078629	2
-158.872	67.3754	-0.00148795	-0.000791664	2
-158.92	68.0583	-0.00152795	-0.000796405	2
-158.937	68.7346	-0.00156754	-0.000800495	2
-158.922	69.4044	-0.0016067	-0.000803914	2
-158.874	70.0676	-0.00164539	-0.000806643	2
-158.793	70.724	-0.00168357	-0.000808662	2
-158.678	71.3735	-0.0017212	-0.000809952	2
-158.527	72.0161	-0.00175826	-0.000810494	2
-158.34	72.6517	-0.0017947	-0.000810268	2
-158.117	73.2801	-0.00183049	-0.000809256	2
-157.856	73.9014	-0.0018656	-0.000807438	2
-157.557	74.5153	-0.00189999	-0.000804794	2
-157.219	75.1217	-0.00193363	-0.000801306	2
-156.84	75.7207	-0.00196647	-0.000796953	2
-156.421	76.3121	-0.0019985	-0.000791717	2
-155.961	76.8958	-0.00202966	-0.000785579	2
-155.458	77.4716	-0.00205993	-0.000778519	2
-154.912	78.0396	-0.00208928	-0.000770517	2
-154.329	78.5932	-0.00211734	-0.000761664	2
-153.695	79.1453	-0.00214473	-0.000751733	2
-153.015	79.6891	-0.00217109	-0.000740804	2
-152.289	80.2247	-0.00219638	-0.000728856	2

-75.0008	2.01138	-1.44814e-07	-1.27759e-07	2
-75.083	2.98199	-1.2284e-05	-1.1146e-05	2
-75.1937	3.94862	-2.39466e-05	-2.23564e-05	2
-75.3317	4.90018	-3.50114e-05	-3.36343e-05	2
-75.4943	5.82627	-4.53843e-05	-4.48516e-05	2
-75.6847	6.74869	-5.53299e-05	-5.62723e-05	2
-75.9006	7.65688	-6.47477e-05	-6.77692e-05	2
-76.1415	8.55113	-7.36614e-05	-7.93451e-05	2
-76.4068	9.43171	-8.20943e-05	-9.10031e-05	2
-76.696	10.2989	-9.007e-05	-0.000102746	2
-77.0085	11.153	-9.76118e-05	-0.000114577	2
-77.3437	11.9943	-0.000104743	-0.000126499	2
-77.7011	12.8231	-0.000111488	-0.000138514	2
-78.0801	13.6396	-0.00011787	-0.000150627	2
-78.4801	14.4441	-0.000123912	-0.000162839	2
-78.9007	15.237	-0.000129637	-0.000175153	2
-79.3412	16.0184	-0.000135069	-0.000187573	2
-79.801	16.7888	-0.000140233	-0.000200101	2
-80.2797	17.5483	-0.00014515	-0.000212741	2
-80.7766	18.2972	-0.000149845	-0.000225495	2
-81.2912	19.0359	-0.000154341	-0.000238367	2
-81.8229	19.7646	-0.000158661	-0.000251358	2
-82.3713	20.4836	-0.00016283	-0.000264473	2
-82.9356	21.1932	-0.00016687	-0.000277714	2
-83.5154	21.8936	-0.000170806	-0.000291083	2
-84.11	22.5852	-0.000174659	-0.000304585	2
-84.7119	23.2604	-0.000178412	-0.000318064	2
-85.3346	23.9353	-0.000182174	-0.000331836	2
-85.9704	24.6021	-0.000185924	-0.000345749	2
-86.6189	25.2612	-0.000189686	-0.000359806	2
-87.2795	25.9128	-0.000193485	-0.000374009	2
-87.9516	26.5573	-0.000197342	-0.000388362	2
-88.6347	27.1949	-0.000201282	-0.000402867	2
-89.3282	27.8259	-0.000205329	-0.000417528	2
-90.0316	28.4506	-0.000209504	-0.000432347	2
-90.7442	29.0693	-0.000213834	-0.000447327	2
-91.4656	29.6822	-0.000218339	-0.000462471	2
-92.1952	30.2897	-0.000223045	-0.000477782	2
-92.9324	30.8919	-0.000227974	-0.000493263	2
-93.6767	31.4893	-0.000233151	-0.000508917	2
-94.4274	32.0821	-0.000238598	-0.000524747	2
-95.1841	32.6705	-0.000244339	-0.000540756	2
-95.9461	33.2549	-0.000250398	-0.000556946	2
-96.713	33.8356	-0.000256797	-0.000573321	2
-97.4841	34.4127	-0.000263561	-0.000589883	2
-98.2589	34.9867	-0.000270713	-0.000606637	2
-99.0369	35.5577	-0.000278277	-0.000623583	2
-99.8174	36.1261	-0.000286276	-0.000640726	2
-100.6	36.6921	-0.000294733	-0.000658068	2
-101.375	37.2496	-0.000303566	-0.00067541	2
-102.16	37.8119	-0.000313005	-0.000693157	2
-102.945	38.3726	-0.000322972	-0.000711113	2
-103.73	38.932	-0.000333491	-0.000729279	2
-104.514	39.4906	-0.000344586	-0.000747659	2
-105.297	40.0485	-0.00035628	-0.000766256	2
-106.078	40.606	-0.000368597	-0.000785073	2
-106.856	41.1634	-0.000381559	-0.000804113	2
-107.632	41.721	-0.000395192	-0.000823378	2
-108.404	42.2791	-0.000409517	-0.000842872	2
-109.172	42.838	-0.000424559	-0.000862598	2
-109.935	43.3979	-0.000440341	-0.000882558	2
-110.692	43.9591	-0.000456886	-0.000902755	2
-111.444	44.5219	-0.000474219	-0.000923193	2
-112.19	45.0866	-0.000492362	-0.000943874	2
-112.929	45.6535	-0.000511339	-0.000964801	2
-113.66	46.2228	-0.000531173	-0.000985977	2
-114.383	46.7949	-0.000551888	-0.00100741	2
-115.097	47.37	-0.000573508	-0.00102909	2
-115.802	47.9484	-0.000596056	-0.00105103	2
-116.498	48.5304	-0.000619555	-0.00107323	2
-117.183	49.1163	-0.000644029	-0.0010957	2
-117.858	49.7063	-0.000669501	-0.00111843	2
-118.52	50.3007	-0.000695995	-0.00114143	2
-119.164	50.893	-0.000723212	-0.00116444	2
-119.802	51.4971	-0.000751808	-0.00118799	2
-120.428	52.1065	-0.000781496	-0.00121181	2
-121.04	52.7214	-0.0008123	-0.00123592	2
-121.637	53.3422	-0.000844243	-0.00126031	2
-122.22	53.9692	-0.000877348	-0.00128499	2
-122.787	54.6025	-0.000911639	-0.00130996	2
-123.339	55.2426	-0.00094714	-0.00133522	2
-123.874	55.8896	-0.000983873	-0.00136077	2
-124.392	56.5439	-0.00102186	-0.00138663	2
-124.892	57.2057	-0.00106113	-0.00141279	2
-125.375	57.8753	-0.00110171	-0.00143925	2
-125.838	58.5531	-0.00114361	-0.00146602	2
-126.283	59.2393	-0.00118686	-0.00149311	2
-126.707	59.9341	-0.00123148	-0.0015205	2
-127.111	60.6379	-0.00127751	-0.00154821	2
-127.495	61.3509	-0.00132495	-0.00157624	2
-127.856	62.0735	-0.00137384	-0.0016046	2
-128.196	62.8058	-0.00142419	-0.00163328	2
-128.513	63.5483	-0.00147604	-0.00166228	2
-128.807	64.3011	-0.0015294	-0.00169162	2
-129.077	65.0646	-0.0015843	-0.00172129	2
-129.323	65.839	-0.00164076	-0.0017513	2
-129.541	66.6156	-0.00169813	-0.0017813	2
-129.737	67.4126	-0.00175777	-0.00181199	2
-129.907	68.2214	-0.00181904	-0.00184302	2
-130.05	69.0423	-0.00188196	-0.00187441	2

-25.0008	2.01223	3.29151e-07	-4.89138e-07	2
-25.0824	3.05831	2.95804e-05	-4.10742e-05	2
-25.1855	4.10478	6.10499e-05	-7.91865e-05	2
-25.3089	5.13961	9.4376e-05	-0.000114388	2
-25.4507	6.15128	0.000129112	-0.000146375	2
-25.6137	7.16352	0.000166034	-0.000175941	2
-25.796	8.16469	0.000204716	-0.00020275	2
-25.9973	9.15498	0.000245125	-0.000226852	2
-26.2173	10.1346	0.000287229	-0.000248301	2
-26.4557	11.1037	0.000330996	-0.000267145	2
-26.712	12.0625	0.000376393	-0.000283438	2
-26.986	13.0112	0.000423388	-0.000297229	2
-27.2774	13.95	0.000471949	-0.000308572	2
-27.5856	14.8791	0.000522042	-0.000317515	2
-27.9106	15.7986	0.000573637	-0.000324112	2
-28.2518	16.7088	0.000626699	-0.000328414	2
-28.6089	17.6099	0.000681198	-0.000330471	2
-28.9817	18.502	0.0007371	-0.000330335	2
-29.3697	19.3853	0.000794373	-0.000328057	2
-29.7727	20.2601	0.000852985	-0.000323689	2
-30.1902	21.1265	0.000912903	-0.000317282	2
-30.622	21.9847	0.000974095	-0.000308887	2
-31.0677	22.835	0.00103653	-0.000298555	2
-31.527	23.6774	0.00110017	-0.000286338	2
-31.9994	24.5123	0.00116499	-0.000272288	2
-32.4848	25.3397	0.00123095	-0.000256454	2
-32.9769	26.1505	0.00129725	-0.000239101	2
-33.4869	26.9638	0.0013654	-0.000219875	2
-34.0087	27.7702	0.00143459	-0.00019902	2
-34.5421	28.57	0.00150479	-0.000176588	2
-35.0866	29.3634	0.00157598	-0.000152628	2
-35.642	30.1504	0.00164812	-0.000127193	2
-36.2079	30.9315	0.00172118	-0.000100334	2
-36.784	31.7066	0.00179512	-7.21018e-05	2
-37.3698	32.4761	0.00186991	-4.25483e-05	2
-37.9652	33.2401	0.00194553	-1.17247e-05	2
-38.5697	33.9988	0.00202194	2.03178e-05	2
-39.183	34.7524	0.0020991	5.35278e-05	2
-39.8047	35.501	0.00217698	8.78542e-05	2
-40.4346	36.245	0.00225556	0.000123246	2
-41.0722	36.9845	0.00233479	0.000159651	2
-41.7173	37.7196	0.00241465	0.000197018	2
-42.3695	38.4505	0.0024951	0.000235297	2
-43.0284	39.1776	0.00257612	0.000274435	2
-43.6937	39.9009	0.00265767	0.000314382	2
-44.3652	40.6206	0.00273971	0.000355086	2
-45.0423	41.3369	0.00282222	0.000396495	2
-45.7248	42.0501	0.00290515	0.00043856	2
-46.4124	42.7603	0.00298849	0.000481227	2
-47.0967	43.4596	0.00307123	0.000523947	2
-47.7934	44.1644	0.00315527	0.000567662	2
-48.494	44.8669	0.00323961	0.000611827	2
-49.1983	45.5671	0.00332422	0.00065639	2
-49.906	46.2653	0.00340907	0.000701301	2
-50.6167	46.9617	0.00349412	0.000746508	2
-51.3301	47.6564	0.00357935	0.00079196	2
-52.0458	48.3497	0.00366471	0.000837605	2
-52.7635	49.0418	0.00375019	0.000883392	2
-53.4828	49.7327	0.00383574	0.00092927	2
-54.2035	50.4229	0.00392134	0.000975188	2
-54.9251	51.1123	0.00400694	0.00102109	2
-55.6473	51.8013	0.00409253	0.00106694	2
-56.3698	52.49	0.00417806	0.00111267	2
-57.0923	53.1786	0.00426351	0.00115823	2
-57.8144	53.8673	0.00434884	0.00120357	2
-58.5357	54.5563	0.00443401	0.00124865	2
-59.2559	55.2457	0.00451901	0.00129341	2
-59.9748	55.9359	0.00460379	0.0013378	2
-60.6919	56.6269	0.00468832	0.00138176	2
-61.4068	57.3189	0.00477257	0.00142525	2
-62.1194	58.0123	0.00485651	0.00146822	2
-62.8291	58.707	0.0049401	0.00151061	2
-63.5357	59.4035	0.00502331	0.00155237	2
-64.2308	60.0937	0.00510517	0.00159299	2
-64.9302	60.7939	0.00518754	0.00163335	2
-65.6255	61.4964	0.00526943	0.00167294	2
-66.3163	62.2013	0.00535082	0.00171169	2
-67.0022	62.9087	0.00543167	0.00174955	2
-67.683	63.619	0.00551194	0.00178649	2
-68.3583	64.3322	0.00559162	0.00182243	2
-69.0278	65.0487	0.00567065	0.00185734	2
-69.6911	65.7685	0.00574902	0.00189117	2
-70.3478	66.4918	0.00582669	0.00192385	2
-70.9977	67.219	0.00590362	0.00195534	2
-71.6403	67.95	0.00597979	0.00198559	2
-72.2755	68.6853	0.00605516	0.00201454	2
-72.9027	69.4248	0.0061297	0.00204215	2
-73.5217	70.1689	0.00620337	0.00206836	2
-74.1321	70.9177	0.00627615	0.00209313	2
-74.7336	71.6714	0.006348	0.00211639	2
-75.3259	72.4302	0.00641889	0.00213811	2
-75.9086	73.1943	0.00648879	0.00215823	2
-76.4813	73.9639	0.00655767	0.00217669	2
-77.0438	74.7392	0.00662548	0.00219345	2
-77.5957	75.5204	0.00669221	0.00220845	2
-78.1366	76.3076	0.00675782	0.00222164	2
-78.6601	77.0919	0.00682153	0.00223286	2
-79.1783	77.8918	0.00688481	0.00224231	2
-79.6844	78.6983	0.00694687	0.0022498	2
-80.1782	79.5117	0.00700767	0.00225528	2

24.9988	2.01271	8.05757e-07	-6.60643e-08	2
24.9032	3.10188	7.02051e-05	-6.50745e-06	2
24.822	4.19569	0.000140616	-1.45434e-05	2
24.7562	5.28152	0.000211223	-2.40943e-05	2
24.7062	6.34707	0.000281205	-3.50113e-05	2
24.6707	7.4172	0.00035218	-4.75349e-05	2
24.6501	8.47953	0.000423328	-6.15333e-05	2
24.6443	9.53414	0.00049464	-7.69931e-05	2
24.6531	10.5811	0.000566109	-9.39008e-05	2
24.6764	11.6205	0.000637725	-0.000112243	2
24.7139	12.6523	0.00070948	-0.000132006	2
24.7655	13.6767	0.000781367	-0.000153177	2
24.831	14.6937	0.000853377	-0.000175741	2
24.9103	15.7034	0.000925502	-0.000199687	2
25.0032	16.7058	0.000997733	-0.000224999	2
25.1095	17.701	0.00107006	-0.000251666	2
25.229	18.6891	0.00114248	-0.000279672	2
25.3616	19.6702	0.00121498	-0.000309006	2
25.5072	20.6443	0.00128756	-0.000339652	2
25.6654	21.6115	0.0013602	-0.000371599	2
25.8362	22.5718	0.0014329	-0.000404832	2
26.0195	23.5253	0.00150564	-0.000439338	2
26.2149	24.4722	0.00157843	-0.000475104	2
26.4224	25.4123	0.00165125	-0.000512116	2
26.6418	26.3459	0.0017241	-0.00055036	2
26.8729	27.273	0.00179696	-0.000589824	2
27.1127	28.1831	0.00186898	-0.000630019	2
27.3666	29.0975	0.00194185	-0.000671867	2
27.6317	30.0055	0.00201471	-0.000714894	2
27.9079	30.9073	0.00208755	-0.000759087	2
28.1949	31.8029	0.00216037	-0.000804431	2
28.4926	32.6924	0.00223315	-0.000850915	2
28.8008	33.5758	0.00230589	-0.000898523	2
29.1194	34.4533	0.00237858	-0.000947243	2
29.4482	35.3249	0.00245121	-0.000997062	2
29.787	36.1906	0.00252378	-0.00104796	2
30.1357	37.0506	0.00259627	-0.00109994	2
30.494	37.9049	0.00266868	-0.00115297	2
30.8619	38.7535	0.002741	-0.00120705	2
31.239	39.5966	0.00281321	-0.00126216	2
31.6254	40.4341	0.00288532	-0.00131828	2
32.0207	41.2663	0.00295732	-0.00137541	2
32.4249	42.093	0.00302919	-0.00143353	2
32.8377	42.9145	0.00310093	-0.00149263	2
33.2591	43.7307	0.00317252	-0.00155269	2
33.6887	44.5418	0.00324397	-0.0016137	2
34.1265	45.3477	0.00331526	-0.00167565	2
34.5722	46.1487	0.00338639	-0.00173852	2
35.0258	46.9446	0.00345734	-0.0018023	2
35.4817	47.7266	0.0035273	-0.00186623	2
35.9503	48.5129	0.00359788	-0.00193178	2
36.4262	49.2945	0.00366826	-0.0019982	2
36.9092	50.0713	0.00373844	-0.00206548	2
37.3992	50.8436	0.0038084	-0.0021336	2
37.8959	51.6112	0.00387814	-0.00220255	2
38.3993	52.3744	0.00394765	-0.00227231	2
38.9092	53.1331	0.00401692	-0.00234288	2
39.4253	53.8875	0.00408594	-0.00241424	2
39.9475	54.6376	0.00415471	-0.00248637	2
40.4757	55.3835	0.00422321	-0.00255926	2
41.0096	56.1252	0.00429144	-0.00263291	2
41.5491	56.8629	0.00435938	-0.00270728	2
42.0941	57.5965	0.00442704	-0.00278238	2
42.6443	58.3262	0.0044944	-0.00285819	2
43.1997	59.0519	0.00456146	-0.00293469	2
43.7599	59.7739	0.0046282	-0.00301188	2
44.3249	60.4921	0.00469462	-0.00308973	2
44.8944	61.2066	0.00476071	-0.00316823	2
45.4684	61.9175	0.00482646	-0.00324738	2
46.0466	62.6249	0.00489187	-0.00332716	2
46.6289	63.3288	0.00495692	-0.00340754	2
47.2151	64.0293	0.00502161	-0.00348853	2
47.805	64.7264	0.00508592	-0.00357011	2
48.3916	65.4123	0.00514913	-0.00365131	2
48.9884	66.1029	0.00521268	-0.00373402	2
49.5885	66.7905	0.00527584	-0.00381727	2
50.1916	67.4749	0.00533859	-0.00390105	2
50.7975	68.1564	0.00540093	-0.00398536	2
51.4062	68.8349	0.00546285	-0.00407017	2
52.0175	69.5105	0.00552434	-0.00415547	2
52.631	70.1833	0.00558539	-0.00424126	2
53.2468	70.8534	0.005646	-0.00432751	2
53.8647	71.5208	0.00570615	-0.00441421	2
54.4844	72.1856	0.00576584	-0.00450136	2
55.1057	72.8478	0.00582506	-0.00458892	2
55.7286	73.5076	0.00588381	-0.0046769	2
56.3529	74.165	0.00594206	-0.00476528	2
56.9783	74.82	0.00599983	-0.00485405	2
57.6048	75.4728	0.00605708	-0.00494319	2
58.232	76.1234	0.00611383	-0.00503268	2
58.86	76.7718	0.00617006	-0.00512252	2
59.4885	77.4182	0.00622576	-0.0052127	2
60.1172	78.0626	0.00628092	-0.00530319	2
60.7462	78.705	0.00633554	-0.00539399	2
61.3751	79.3456	0.0063896	-0.00548507	2
62.0039	79.9844	0.00644311	-0.00557644	2
62.6251	80.6141	0.00649544	-0.00566701	2
63.253	81.2496	0.0065478	-0.00575889	2
63.8802	81.8834	0.00659958	-0.00585101	2
64.5065	82.5157	0.00665077	-0.00594335	2

74.9965	2.01252	-2.39002e-07	-2.82409e-07	2
74.7126	3.08262	-2.11144e-05	-2.34501e-05	2
74.4534	4.15171	-4.2866e-05	-4.4664e-05	2
74.2219	5.20739	-6.52359e-05	-6.3685e-05	2
74.02	6.23789	-8.79377e-05	-8.03745e-05	2
73.8427	7.2673	-0.00011148	-9.51637e-05	2
73.692	8.28368	-0.000135585	-0.000107889	2
73.5678	9.28715	-0.000160231	-0.000118595	2
73.4696	10.2779	-0.000185401	-0.000127324	2
73.397	11.2559	-0.000211075	-0.000134119	2
73.3498	12.2214	-0.000237235	-0.000139025	2
73.3275	13.1746	-0.00026386	-0.000142083	2
73.3298	14.1154	-0.000290933	-0.000143338	2
73.3564	15.0442	-0.000318434	-0.000142833	2
73.4069	15.9609	-0.000346344	-0.000140611	2
73.481	16.8657	-0.000374644	-0.000136715	2
73.5783	17.7587	-0.000403316	-0.000131189	2
73.6984	18.6401	-0.000432339	-0.000124077	2
73.8411	19.51	-0.000461696	-0.000115421	2
74.0059	20.3685	-0.000491366	-0.000105264	2
74.1925	21.2157	-0.000521331	-9.36508e-05	2
74.4006	22.0518	-0.000551573	-8.06239e-05	2
74.6298	22.8769	-0.000582071	-6.62267e-05	2
74.8797	23.6911	-0.000612807	-5.05026e-05	2
75.1501	24.4946	-0.000643762	-3.34949e-05	2
75.4405	25.2874	-0.000674917	-1.52469e-05	2
75.7469	26.0608	-0.000705891	3.96797e-06	2
76.0762	26.8328	-0.000737387	2.45536e-05	2
76.4244	27.5946	-0.000769025	4.625e-05	2
76.7914	28.3463	-0.000800787	6.9014e-05	2
77.1766	29.088	-0.000832655	9.28021e-05	2
77.5798	29.8197	-0.000864608	0.000117571	2
78.0005	30.5418	-0.000896628	0.000143278	2
78.4386	31.2542	-0.000928695	0.000169878	2
78.8935	31.9571	-0.000960792	0.00019733	2
79.365	32.6506	-0.000992898	0.000225589	2
79.8527	33.3349	-0.00102499	0.000254613	2
80.3563	34.0101	-0.00105706	0.000284357	2
80.8753	34.6763	-0.00108908	0.000314779	2
81.4095	35.3336	-0.00112104	0.000345835	2
81.9585	35.9821	-0.00115291	0.000377482	2
82.522	36.6221	-0.00118467	0.000409677	2
83.0995	37.2535	-0.00121632	0.000442376	2
83.6908	37.8766	-0.00124781	0.000475536	2
84.2955	38.4915	-0.00127915	0.000509114	2
84.9133	39.0982	-0.00131031	0.000543066	2
85.5437	39.697	-0.00134127	0.000577349	2
86.1865	40.2879	-0.001372	0.00061192	2
86.8413	40.871	-0.0014025	0.000646735	2
87.5	41.44	-0.0014324	0.000681348	2
88.1776	42.0082	-0.00146237	0.000716521	2
88.8662	42.5689	-0.00149205	0.000751808	2
89.5653	43.1225	-0.00152142	0.000787167	2
90.2747	43.669	-0.00155045	0.000822554	2
90.994	44.2085	-0.00157913	0.000857926	2
91.7228	44.7411	-0.00160743	0.00089324	2
92.4609	45.267	-0.00163535	0.000928452	2
93.2077	45.7863	-0.00166286	0.000963519	2
93.9631	46.2991	-0.00168995	0.000998397	2
94.7266	46.8056	-0.00171658	0.00103304	2
95.4979	47.3058	-0.00174275	0.00106742	2
96.2767	47.8	-0.00176844	0.00110147	2
97.0625	48.2881	-0.00179362	0.00113516	2
97.8551	48.7705	-0.00181828	0.00116845	2
98.654	49.2471	-0.00184239	0.00120129	2
99.4591	49.7181	-0.00186595	0.00123363	2
100.27	50.1837	-0.00188892	0.00126545	2
101.086	50.6439	-0.0019113	0.00129668	2
101.907	51.0989	-0.00193306	0.00132729	2
102.732	51.5488	-0.00195418	0.00135724	2
103.562	51.9938	-0.00197465	0.00138648	2
104.396	52.4339	-0.00199444	0.00141497	2
105.234	52.8693	-0.00201353	0.00144266	2
106.065	53.2952	-0.00203171	0.00146921	2
106.908	53.7216	-0.00204937	0.00149519	2
107.754	54.1437	-0.00206627	0.00152025	2
108.603	54.5615	-0.00208241	0.00154434	2
109.453	54.9753	-0.00209776	0.00156743	2
110.304	55.3851	-0.0021123	0.00158945	2
111.157	55.7911	-0.00212602	0.00161038	2
112.011	56.1934	-0.00213888	0.00163017	2
112.865	56.5922	-0.00215088	0.00164877	2
113.719	56.9874	-0.002162	0.00166615	2
114.572	57.3794	-0.00217222	0.00168225	2
115.426	57.7681	-0.00218151	0.00169704	2
116.278	58.1538	-0.00218986	0.00171047	2
117.129	58.5365	-0.00219725	0.00172251	2
117.978	58.9164	-0.00220366	0.00173309	2
118.825	59.2936	-0.00220907	0.0017422	2
119.67	59.6682	-0.00221347	0.00174976	2
120.512	60.0404	-0.00221683	0.00175576	2
121.351	60.4103	-0.00221913	0.00176014	2
122.186	60.778	-0.00222036	0.00176285	2
123.018	61.1436	-0.00222049	0.00176387	2
123.846	61.5073	-0.00221952	0.00176313	2
124.669	61.8692	-0.00221741	0.00176061	2
125.478	62.2252	-0.00221419	0.00175631	2
126.291	62.5838	-0.00220978	0.00175009	2
127.099	62.941	-0.00220417	0.00174196	2
127.901	63.2969	-0.00219736	0.00173186	2

124.995	2.01211	6.56565e-07	-4.27549e-07	2
124.574	3.05299	5.50759e-05	-3.59791e-05	2
124.161	4.10534	0.000106064	-6.95236e-05	2
123.763	5.15686	0.000153038	-0.000100678	2
123.382	6.19535	0.000195603	-0.000129167	2
123.011	7.24479	0.000234823	-0.000155698	2
122.655	8.29293	0.000270254	-0.000179969	2
122.311	9.33962	0.000301974	-0.000202025	2
121.982	10.3847	0.000330056	-0.00022191	2
121.667	11.428	0.000354577	-0.000239667	2
121.366	12.4693	0.000375611	-0.00025534	2
121.079	13.5086	0.000393235	-0.000268974	2
120.806	14.5456	0.000407523	-0.000280613	2
120.546	15.5802	0.000418551	-0.000290299	2
120.301	16.6122	0.000426393	-0.000298078	2
120.07	17.6415	0.000431127	-0.000303993	2
119.852	18.6678	0.000432826	-0.000308088	2
119.649	19.6911	0.000431566	-0.000310407	2
119.459	20.7112	0.000427423	-0.000310994	2
119.284	21.7279	0.000420471	-0.000309893	2
119.122	22.741	0.000410786	-0.000307148	2
118.975	23.7505	0.000398445	-0.000302802	2
118.841	24.756	0.00038352	-0.0002969	2
118.722	25.7576	0.000366089	-0.000289486	2
118.616	26.7549	0.000346227	-0.000280603	2
118.525	27.7479	0.000324008	-0.000270296	2
118.448	28.7251	0.000299803	-0.000258751	2
118.385	29.7089	0.000273123	-0.000245742	2
118.335	30.688	0.000244312	-0.000231439	2
118.3	31.662	0.000213446	-0.000215888	2
118.279	32.6309	0.000180599	-0.000199131	2
118.271	33.5945	0.000145847	-0.000181213	2
118.278	34.5526	0.000109265	-0.000162177	2
118.299	35.5051	7.09296e-05	-0.000142068	2
118.333	36.4517	3.09148e-05	-0.000120929	2
118.382	37.3925	-1.07035e-05	-9.88052e-05	2
118.445	38.327	-5.38501e-05	-7.57393e-05	2
118.522	39.2554	-9.84496e-05	-5.17757e-05	2
118.613	40.1772	-0.000144427	-2.69583e-05	2
118.719	41.0925	-0.000191706	-1.331e-06	2
118.838	42.001	-0.000240212	2.50622e-05	2
118.971	42.9026	-0.00028987	5.21773e-05	2
119.119	43.7971	-0.000340604	7.99705e-05	2
119.28	44.6844	-0.000392339	0.000108398	2
119.456	45.5642	-0.000444999	0.000137415	2
119.646	46.4365	-0.000498509	0.000166979	2
119.85	47.3011	-0.000552795	0.000197045	2
120.068	48.1578	-0.00060778	0.000227569	2
120.3	49.0064	-0.000663389	0.000258508	2
120.543	49.8372	-0.000718898	0.000289455	2
120.804	50.6693	-0.000775525	0.000321088	2
121.078	51.4929	-0.00083255	0.000353003	2
121.367	52.3079	-0.000889899	0.000385157	2
121.669	53.1139	-0.000947496	0.000417507	2
121.986	53.911	-0.00100527	0.000450008	2
122.317	54.6989	-0.00106313	0.000482616	2
122.662	55.4774	-0.00112102	0.000515288	2
123.022	56.2465	-0.00117886	0.000547979	2
123.395	57.0059	-0.00123657	0.000580646	2
123.783	57.7554	-0.00129407	0.000613244	2
124.185	58.495	-0.0013513	0.00064573	2
124.601	59.2245	-0.00140817	0.00067806	2
125.032	59.9436	-0.00146461	0.00071019	2
125.476	60.6523	-0.00152055	0.000742075	2
125.935	61.3504	-0.00157591	0.000773672	2
126.408	62.0377	-0.00163061	0.000804938	2
126.895	62.7141	-0.00168458	0.000835827	2
127.396	63.3793	-0.00173774	0.000866296	2
127.912	64.0333	-0.00179002	0.000896302	2
128.442	64.6758	-0.00184134	0.000925799	2
128.986	65.3068	-0.00189164	0.000954745	2
129.544	65.926	-0.00194082	0.000983096	2
130.117	66.5333	-0.00198882	0.00101081	2
130.697	67.1218	-0.00203503	0.00103753	2
131.298	67.7049	-0.00208045	0.00106384	2
131.913	68.2757	-0.00212447	0.00108937	2
132.542	68.8339	-0.002167	0.0011141	2
133.186	69.3794	-0.00220797	0.00113796	2
133.844	69.912	-0.00224731	0.00116092	2
134.516	70.4316	-0.00228494	0.00118293	2
135.203	70.938	-0.00232078	0.00120396	2
135.903	71.4311	-0.00235477	0.00122395	2
136.619	71.9106	-0.00238682	0.00124286	2
137.348	72.3764	-0.00241685	0.00126065	2
138.092	72.8284	-0.0024448	0.00127727	2
138.85	73.2665	-0.00247059	0.00129268	2
139.622	73.6903	-0.00249414	0.00130684	2
140.409	74.0998	-0.00251538	0.0013197	2
141.21	74.4949	-0.00253423	0.00133121	2
142.025	74.8753	-0.00255062	0.00134135	2
142.855	75.2409	-0.00256447	0.00135005	2
143.699	75.5915	-0.0025757	0.00135727	2
144.557	75.927	-0.00258425	0.00136298	2
145.43	76.2473	-0.00259003	0.00136713	2
146.317	76.552	-0.00259297	0.00136967	2
147.218	76.8412	-0.002593	0.00137057	2
148.123	77.1116	-0.00259009	0.00136978	2
149.053	77.3692	-0.00258409	0.00136727	2
149.997	77.6108	-0.00257496	0.00136297	2
150.956	77.8361	-0.00256261	0.00135684	2

