-125.003	2.00987	1.23577e-08	-8.88744e-09	2
-125.265	2.86292	1.10266e-07	-1.06083e-06	2
-125.538	3.73351	-1.70784e-06	-2.69111e-06	2
-125.817	4.61148	-5.41844e-06	-4.87207e-06	2
-126.1	5.48634	-1.09113e-05	-7.55075e-06	2
-126.391	6.37816	-1.82785e-05	-1.07708e-05	2
-126.689	7.27653	-2.74311e-05	-1.44854e-05	2
-126.992	8.18117	-3.8333e-05	-1.86756e-05	2
-127.3	9.09181	-5.09486e-05	-2.33227e-05	2
-127.612	10.0082	-6.52418e-05	-2.84079e-05	2
-127.928	10.9299	-8.11768e-05	-3.39124e-05	2
-128.247	11.8569	-9.87178e-05	-3.98173e-05	2
-128.57	12.7887	-0.000117829	-4.61039e-05	2
-128.896	13.7252	-0.000138474	-5.27534e-05	2
-129.224	14.6659	-0.000160618	-5.97469e-05	2
-129.554	15.6107	-0.000184224	-6.70657e-05	2
-129.886	16.5593	-0.000209256	-7.4691e-05	2
-130.218	17.5113	-0.00023568	-8.26039e-05	2
-130.552	18.4666	-0.000263458	-9.07857e-05	2
-130.886	19.4248	-0.000292555	-9.92176e-05	2
-131.219	20.3857	-0.000322935	-0.000107881	2
-131.552	21.3489	-0.000354563	-0.000116756	2
-131.884	22.3142	-0.000387402	-0.000125826	2
-132.215	23.2814	-0.000421416	-0.00013507	2
-132.544	24.2501	-0.00045657	-0.00014447	2
-132.871	25.22	-0.000492828	-0.000154007	2
-133.191	26.1798	-0.000529718	-0.000163552	2
-133.512	27.1515	-0.000568064	-0.000173306	2
-133.83	28.1235	-0.000607407	-0.000183142	2
-134.144	29.0957	-0.00064771	-0.00019304	2
-134.454	30.0678	-0.000688938	-0.000202981	2
-134.759	31.0395	-0.000731055	-0.000212947	2
-135.058	32.0105	-0.000774025	-0.000222919	2
-135.353	32.9806	-0.000817812	-0.000232878	2
-135.641	33.9494	-0.000862381	-0.000242805	2
-135.924	34.9167	-0.000907695	-0.000252682	2
-136.199	35.8822	-0.000953718	-0.000262489	2
-136.467	36.8456	-0.00100042	-0.000272208	2
-136.728	37.8067	-0.00104775	-0.00028182	2
-136.981	38.7651	-0.00109569	-0.000291307	2
-137.225	39.7207	-0.00114419	-0.000300649	2
-137.461	40.673	-0.00119322	-0.000309828	2
-137.687	41.6219	-0.00124275	-0.000318824	2
-137.904	42.567	-0.00129274	-0.00032762	2
-138.11	43.5082	-0.00134315	-0.000336195	2
-138.306	44.445	-0.00139394	-0.000344533	2
-138.492	45.3772	-0.00144509	-0.000352613	2
-138.666	46.3046	-0.00149655	-0.000360416	2
-138.828	47.2268	-0.00154829	-0.000367925	2
-138.976	48.1332	-0.00159968	-0.00037504	2
-139.114	49.0444	-0.00165187	-0.000381906	2
-139.239	49.9496	-0.00170423	-0.000388421	2
-139.35	50.8486	-0.00175672	-0.000394567	2
-139.448	51.7411	-0.00180932	-0.000400324	2
-139.532	52.6268	-0.00186198	-0.000405673	2
-139.601	53.5054	-0.00191467	-0.000410596	2
-139.655	54.3766	-0.00196735	-0.000415073	2
-139.693	55.2402	-0.00201999	-0.000419087	2
-139.716	56.0959	-0.00207255	-0.000422618	2
-139.722	56.9434	-0.002125	-0.000425647	2
-139.712	57.7824	-0.00217729	-0.000428157	2
-139.684	58.6127	-0.0022294	-0.000430127	2
-139.64	59.4339	-0.00228129	-0.000431539	2
-139.577	60.2458	-0.00233291	-0.000432374	2
-139.496	61.0482	-0.00238424	-0.000432614	2
-139.396	61.8407	-0.00243525	-0.000432239	2
-139.277	62.623	-0.00248588	-0.000431231	2
-139.138	63.3949	-0.00253611	-0.000429572	2
-138.98	64.1562	-0.00258591	-0.000427241	2
-138.801	64.9064	-0.00263523	-0.000424221	2
-138.601	65.6454	-0.00268404	-0.000420493	2
-138.38	66.3729	-0.00273231	-0.000416038	2
-138.138	67.0885	-0.00278	-0.000410836	2
-137.876	67.7841	-0.00282653	-0.000404943	2
-137.589	68.4754	-0.00287295	-0.000398202	2
-137.28	69.1541	-0.00291868	-0.00039066	2
-136.947	69.8199	-0.00296369	-0.000382296	2
-136.59	70.4725	-0.00300794	-0.000373093	2
-136.209	71.1116	-0.0030514	-0.000363031	2
-135.804	71.7369	-0.00309402	-0.000352091	2
-135.374	72.3482	-0.00313577	-0.000340256	2
-134.918	72.9452	-0.00317662	-0.000327506	2
-134.436	73.5276	-0.00321653	-0.000313821	2
-133.929	74.0952	-0.00325546	-0.000299185	2
-133.395	74.6475	-0.00329339	-0.000283577	2
-132.833	75.1845	-0.00333026	-0.000266979	2
-132.245	75.7058	-0.00336606	-0.000249372	2
-131.628	76.211	-0.00340073	-0.000230737	2
-130.984	76.7001	-0.00343425	-0.000211055	2
-130.31	77.1725	-0.00346658	-0.000190309	2
-129.608	77.6282	-0.00349768	-0.000168478	2
-128.876	78.0668	-0.00352752	-0.000145544	2
-128.114	78.4879	-0.00355606	-0.000121488	2
-127.322	78.8915	-0.00358326	-9.62921e-05	2
-126.499	79.2771	-0.0036091	-6.99366e-05	2
-125.645	79.6445	-0.00363353	-4.24029e-05	2
-124.769	79.9895	-0.00365626	-1.40094e-05	2
-123.852	80.3198	-0.00367779	1.59229e-05	2
-122.902	80.6312	-0.0036978	4.70895e-05	2
-121.92	80.9232	-0.00371627	7.95093e-05	2

-75.0001	2.01171	-2.75258e-07	2.20761e-07	2
-75.0279	3.01299	-2.34044e-05	1.83698e-05	2
-75.0886	4.01486	-4.57292e-05	3.50734e-05	2
-75.1815	5.00579	-6.70037e-05	5.01498e-05	2
-75.304	5.97473	-8.70297e-05	6.34921e-05	2
-75.4583	6.9444	-0.000106302	7.54494e-05	2
-75.6423	7.90363	-0.000124611	8.58968e-05	2
-75.8553	8.85259	-0.000141985	9.48733e-05	2
-76.0965	9.79146	-0.000158454	0.000102418	2
-76.365	10.7204	-0.000174047	0.000108571	2
-76.6603	11.6396	-0.000188793	0.00011337	2
-76.9813	12.5492	-0.000202721	0.000116855	2
-77.3274	13.4493	-0.00021586	0.000119066	2
-77.6978	14.3402	-0.000228239	0.00012004	2
-78.0917	15.2221	-0.000239887	0.000119818	2
-78.5083	16.095	-0.000250834	0.000118439	2
-78.9469	16.9592	-0.000261109	0.000115942	2
-79.4066	17.8148	-0.00027074	0.000112366	2
-79.8867	18.662	-0.000279756	0.00010775	2
-80.3865	19.501	-0.000288188	0.000102134	2
-80.905	20.3319	-0.000296063	9.55561e-05	2
-81.4416	21.155	-0.000303412	8.80563e-05	2
-81.9954	21.9703	-0.000310262	7.96735e-05	2
-82.5657	22.7781	-0.000316644	7.04469e-05	2
-83.1517	23.5784	-0.000322586	6.04157e-05	2
-83.7527	24.3716	-0.000328117	4.96192e-05	2
-84.3606	25.1487	-0.00033321	3.82328e-05	2
-84.9889	25.9281	-0.000338011	2.60307e-05	2
-85.6298	26.7007	-0.000342489	1.31803e-05	2
-86.2825	27.4668	-0.000346672	-2.79142e-07	2
-86.9462	28.2265	-0.000350589	-1.43085e-05	2
-87.6202	28.9801	-0.000354271	-2.88686e-05	2
-88.3036	29.7276	-0.000357744	-4.39202e-05	2
-88.9958	30.4692	-0.00036104	-5.94241e-05	2
-89.6958	31.2052	-0.000364187	-7.53412e-05	2
-90.403	31.9356	-0.000367213	-9.16322e-05	2
-91.1165	32.6607	-0.000370149	-0.000108258	2
-91.8356	33.3807	-0.000373023	-0.000125179	2
-92.5594	34.0956	-0.000375864	-0.000142357	2
-93.2873	34.8057	-0.000378702	-0.000159752	2
-94.0184	35.5111	-0.000381565	-0.000177325	2
-94.752	36.212	-0.000384483	-0.000195037	2
-95.4872	36.9086	-0.000387484	-0.000212848	2
-96.2233	37.601	-0.000390598	-0.00023072	2
-96.9595	38.2895	-0.000393854	-0.000248613	2
-97.695	38.9741	-0.000397281	-0.000266488	2
-98.4291	39.6551	-0.000400908	-0.000284306	2
-99.161	40.3326	-0.000404764	-0.000302027	2
-99.8898	41.0068	-0.000408879	-0.000319614	2
-100.607	41.6701	-0.000413228	-0.000336826	2
-101.327	42.3382	-0.000417943	-0.000354026	2
-102.042	43.0036	-0.000423002	-0.000370974	2
-102.751	43.6662	-0.000428436	-0.000387629	2
-103.453	44.3265	-0.000434274	-0.000403954	2
-104.148	44.9844	-0.000440544	-0.000419909	2
-104.834	45.6402	-0.000447275	-0.000435454	2
-105.511	46.294	-0.000454498	-0.00045055	2
-106.177	46.9461	-0.00046224	-0.000465159	2
-106.833	47.5966	-0.00047053	-0.000479241	2
-107.478	48.2456	-0.000479399	-0.000492757	2
-108.11	48.8933	-0.000488875	-0.000505667	2
-108.728	49.54	-0.000498987	-0.000517933	2
-109.333	50.1857	-0.000509765	-0.000529515	2
-109.923	50.8306	-0.000521237	-0.000540374	2
-110.498	51.4749	-0.000533432	-0.000550471	2
-111.057	52.1189	-0.00054638	-0.000559767	2
-111.598	52.7625	-0.000560109	-0.000568222	2
-112.122	53.4061	-0.00057465	-0.000575798	2
-112.626	54.0498	-0.00059003	-0.000582455	2
-113.112	54.6937	-0.000606279	-0.000588154	2
-113.577	55.338	-0.000623426	-0.000592855	2
-114.022	55.983	-0.0006415	-0.00059652	2
-114.445	56.6287	-0.000660531	-0.00059911	2
-114.84	57.2679	-0.000680311	-0.000600574	2
-115.217	57.9156	-0.000701329	-0.000600908	2
-115.571	58.5646	-0.000723391	-0.00060005	2
-115.899	59.215	-0.000746525	-0.000597959	2
-116.201	59.8671	-0.00077076	-0.000594598	2
-116.478	60.5209	-0.000796126	-0.000589926	2
-116.727	61.1767	-0.000822651	-0.000583905	2
-116.948	61.8346	-0.000850365	-0.000576495	2
-117.14	62.4948	-0.000879297	-0.000567657	2
-117.303	63.1574	-0.000909476	-0.000557352	2
-117.436	63.8227	-0.000940931	-0.000545541	2
-117.537	64.4908	-0.00097369	-0.000532184	2
-117.607	65.1618	-0.00100778	-0.000517243	2
-117.644	65.836	-0.00104324	-0.000500678	2
-117.647	66.5135	-0.00108009	-0.00048245	2
-117.616	67.1945	-0.00111836	-0.000462519	2
-117.551	67.8791	-0.00115808	-0.000440848	2
-117.449	68.5675	-0.00119928	-0.000417395	2
-117.311	69.26	-0.00124199	-0.000392123	2
-117.136	69.9566	-0.00128624	-0.000364993	2
-116.923	70.6575	-0.00133206	-0.000335963	2
-116.671	71.3629	-0.00137947	-0.000304997	2
-116.379	72.0729	-0.0014285	-0.000272054	2
-116.05	72.7796	-0.0014786	-0.000237509	2
-115.677	73.4995	-0.00153096	-0.000200519	2
-115.262	74.2245	-0.00158502	-0.000161436	2
-114.804	74.9549	-0.00164083	-0.00012022	2

-25.004	2.01301	-2.4654e-07	3.94074e-07	2
-25.3581	3.12026	-2.13239e-05	3.37401e-05	2
-25.7367	4.2172	-4.24005e-05	6.63907e-05	2
-26.1357	5.2912	-6.32384e-05	9.79698e-05	2
-26.5496	6.3307	-8.36107e-05	0.00012815	2
-26.9877	7.36025	-0.000104	0.000157652	2
-27.4448	8.36803	-0.000124176	0.000186135	2
-27.9207	9.35441	-0.000144148	0.000213619	2
-28.4149	10.3198	-0.000163925	0.00024012	2
-28.9271	11.2646	-0.000183515	0.000265658	2
-29.4568	12.1891	-0.000202927	0.000290249	2
-30.0037	13.0938	-0.000222169	0.000313911	2
-30.5673	13.979	-0.000241251	0.000336664	2
-31.1474	14.8452	-0.00026018	0.000358524	2
-31.7434	15.6927	-0.000278967	0.000379509	2
-32.3551	16.5219	-0.000297618	0.000399639	2
-32.982	17.3331	-0.000316143	0.000418929	2
-33.6237	18.1269	-0.000334551	0.000437399	2
-34.2799	18.9035	-0.00035285	0.000455066	2
-34.9502	19.6634	-0.000371049	0.000471948	2
-35.6341	20.4069	-0.000389156	0.000488063	2
-36.3314	21.1344	-0.000407181	0.00050343	2
-37.0415	21.8464	-0.000425131	0.000518065	2
-37.7642	22.5431	-0.000443016	0.000531988	2
-38.4991	23.2251	-0.000460844	0.000545215	2
-39.2456	23.8926	-0.000478625	0.000557766	2
-39.9948	24.5386	-0.000496161	0.000569524	2
-40.7636	25.1786	-0.000513872	0.000580781	2
-41.543	25.8053	-0.00053156	0.000591414	2
-42.3326	26.4191	-0.000549234	0.000601442	2
-43.132	27.0204	-0.000566903	0.000610882	2
-43.9409	27.6097	-0.000584577	0.000619752	2
-44.7588	28.1871	-0.000602262	0.000628071	2
-45.5853	28.7533	-0.000619969	0.000635855	2
-46.4202	29.3085	-0.000637705	0.000643124	2
-47.2629	29.8531	-0.00065548	0.000649895	2
-48.1131	30.3876	-0.000673302	0.000656185	2
-48.9705	30.9123	-0.00069118	0.000662014	2
-49.8345	31.4276	-0.000709122	0.000667398	2
-50.7049	31.9338	-0.000727138	0.000672356	2
-51.5813	32.4314	-0.000745235	0.000676906	2
-52.4632	32.9208	-0.000763422	0.000681065	2
-53.3503	33.4024	-0.000781709	0.000684852	2
-54.2422	33.8764	-0.000800103	0.000688284	2
-55.1386	34.3434	-0.000818614	0.00069138	2
-56.0389	34.8037	-0.00083725	0.000694157	2
-56.9429	35.2577	-0.000856019	0.000696633	2
-57.8501	35.7058	-0.000874931	0.000698827	2
-58.7602	36.1483	-0.000893994	0.000700756	2
-59.6622	36.5807	-0.000912995	0.00070242	2
-60.5768	37.0134	-0.000932384	0.000703875	2
-61.4931	37.4417	-0.00095195	0.00070512	2
-62.4108	37.866	-0.000971702	0.000706171	2
-63.3294	38.2867	-0.000991648	0.000707046	2
-64.2485	38.7042	-0.0010118	0.000707764	2
-65.1677	39.1188	-0.00103216	0.000708343	2
-66.0868	39.5311	-0.00105274	0.0007088	2
-67.0052	39.9412	-0.00107355	0.000709154	2
-67.9226	40.3497	-0.0010946	0.000709422	2
-68.8387	40.7569	-0.00111589	0.000709622	2
-69.7529	41.1632	-0.00113744	0.000709772	2
-70.665	41.5691	-0.00115925	0.000709891	2
-71.5746	41.9747	-0.00118134	0.000709996	2
-72.4812	42.3807	-0.0012037	0.000710104	2
-73.3845	42.7873	-0.00122636	0.000710235	2
-74.284	43.1949	-0.00124931	0.000710405	2
-75.1795	43.604	-0.00127257	0.000710633	2
-76.0705	44.0149	-0.00129615	0.000710937	2
-76.9567	44.428	-0.00132005	0.000711335	2
-77.8375	44.8436	-0.00134428	0.000711844	2
-78.7128	45.2623	-0.00136886	0.000712483	2
-79.5819	45.6843	-0.00139378	0.00071327	2
-80.4447	46.11	-0.00141907	0.000714222	2
-81.2909	46.535	-0.00144442	0.000715343	2
-82.1398	46.9693	-0.00147044	0.000716677	2
-82.9811	47.4086	-0.00149685	0.00071823	2
-83.8144	47.8531	-0.00152366	0.00072002	2
-84.6394	48.3033	-0.00155086	0.000722065	2
-85.4557	48.7596	-0.00157847	0.000724383	2
-86.2628	49.2223	-0.00160651	0.000726992	2
-87.0605	49.6919	-0.00163497	0.00072991	2
-87.8482	50.1687	-0.00166387	0.000733154	2
-88.6257	50.6531	-0.00169322	0.000736743	2
-89.3925	51.1455	-0.00172302	0.000740694	2
-90.1482	51.6463	-0.00175328	0.000745026	2
-90.8925	52.1559	-0.00178401	0.000749756	2
-91.625	52.6746	-0.00181523	0.000754902	2
-92.3452	53.2029	-0.00184693	0.000760483	2
-93.0529	53.7411	-0.00187913	0.000766516	2
-93.7476	54.2896	-0.00191183	0.000773019	2
-94.4289	54.8488	-0.00194506	0.000780011	2
-95.0964	55.4191	-0.0019788	0.000787508	2
-95.7498	56.0009	-0.00201308	0.000795529	2
-96.3887	56.5946	-0.00204789	0.000804092	2
-97.0126	57.2005	-0.00208326	0.000813215	2
-97.6212	57.8191	-0.00211919	0.000822916	2
-98.2074	58.4433	-0.00215526	0.000833091	2
-98.7845	59.0882	-0.00219232	0.000843994	2
-99.3451	59.7468	-0.00222996	0.000855529	2
-99.8888	60.4197	-0.0022682	0.000867712	2

24.9961	2.01117	-6.05719e-07	2.92375e-07	2
24.6629	2.97217	-5.09891e-05	2.531e-05	2
24.3352	3.94429	-9.85513e-05	5.03665e-05	2
24.0168	4.91637	-0.000142731	7.5174e-05	2
23.711	5.87723	-0.000183123	9.94558e-05	2
23.4108	6.8492	-0.000220711	0.000123781	2
23.1195	7.8211	-0.000255051	0.00014787	2
22.8371	8.79292	-0.000286187	0.000171728	2
22.5635	9.76466	-0.000314165	0.000195359	2
22.2985	10.7363	-0.00033903	0.000218766	2
22.0422	11.7079	-0.000360825	0.000241956	2
21.7944	12.6793	-0.000379596	0.000264931	2
21.555	13.6507	-0.000395389	0.000287697	2
21.3239	14.6219	-0.000408247	0.000310257	2
21.101	15.593	-0.000418215	0.000332617	2
20.8862	16.5639	-0.000425339	0.00035478	2
20.6795	17.5348	-0.000429663	0.000376751	2
20.4806	18.5054	-0.000431232	0.000398535	2
20.2896	19.476	-0.00043009	0.000420135	2
20.1063	20.4463	-0.000426284	0.000441556	2
19.9306	21.4165	-0.000419856	0.000462802	2
19.7625	22.3865	-0.000410853	0.000483878	2
19.6018	23.3563	-0.00039932	0.000504789	2
19.4484	24.326	-0.0003853	0.000525538	2
19.3023	25.2954	-0.000368839	0.00054613	2
19.1633	26.2646	-0.000349981	0.00056657	2
19.0329	27.2225	-0.00032903	0.000586629	2
18.9078	28.1913	-0.00030554	0.000606778	2
18.7896	29.1599	-0.000279788	0.000626787	2
18.6781	30.1282	-0.000251819	0.000646661	2
18.5733	31.0963	-0.000221677	0.000666405	2
18.4751	32.0641	-0.000189407	0.000686022	2
18.3833	33.0317	-0.000155054	0.000705518	2
18.2979	33.999	-0.000118662	0.000724895	2
18.2188	34.9661	-8.02775e-05	0.00074416	2
18.1459	35.9329	-3.99441e-05	0.000763315	2
18.079	36.8993	2.29305e-06	0.000782366	2
18.0181	37.8655	4.63891e-05	0.000801318	2
17.9631	38.8314	9.22993e-05	0.000820173	2
17.9139	39.797	0.000139979	0.000838937	2
17.8703	40.7623	0.000189383	0.000857614	2
17.8324	41.7272	0.000240466	0.000876209	2
17.7999	42.6918	0.000293185	0.000894726	2
17.7729	43.6561	0.000347493	0.000913169	2
17.7512	44.62	0.000403346	0.000931542	2
17.7346	45.5836	0.0004607	0.00094985	2
17.7232	46.5469	0.000519509	0.000968098	2
17.7168	47.5097	0.000579729	0.00098629	2
17.7153	48.4722	0.000641314	0.00100443	2
17.7185	49.4232	0.000703491	0.00102231	2
17.7265	50.385	0.000767659	0.00104036	2
17.7391	51.3463	0.000833059	0.00105838	2
17.7562	52.3072	0.000899646	0.00107635	2
17.7778	53.2677	0.000967375	0.0010943	2
17.8037	54.2278	0.0010362	0.00111222	2
17.8338	55.1875	0.00110608	0.00113012	2
17.8681	56.1467	0.00117697	0.001148	2
17.9064	57.1055	0.00124882	0.00116588	2
17.9487	58.0639	0.00132159	0.00118374	2
17.9948	59.0218	0.00139523	0.0012016	2
18.0446	59.9792	0.0014697	0.00121946	2
18.0982	60.9362	0.00154495	0.00123732	2
18.1552	61.8927	0.00162094	0.0012552	2
18.2158	62.8487	0.00169763	0.00127309	2
18.2797	63.8042	0.00177496	0.00129099	2
18.3468	64.7593	0.0018529	0.00130892	2
18.4172	65.7138	0.0019314	0.00132688	2
18.4906	66.6678	0.00201041	0.00134487	2
18.567	67.6213	0.00208989	0.00136289	2
18.6462	68.5743	0.0021698	0.00138095	2
18.7283	69.5267	0.00225009	0.00139906	2
18.813	70.4786	0.00233071	0.00141722	2
18.9003	71.4299	0.00241162	0.00143543	2
18.9891	72.3698	0.00249184	0.00145349	2
19.0812	73.32	0.0025732	0.00147182	2
19.1757	74.2697	0.00265472	0.00149022	2
19.2724	75.2188	0.00273634	0.00150868	2
19.3712	76.1673	0.00281803	0.00152723	2
19.472	77.1152	0.00289975	0.00154585	2
19.5747	78.0625	0.00298144	0.00156456	2
19.6792	79.0092	0.00306306	0.00158335	2
19.7854	79.9553	0.00314457	0.00160224	2
19.8932	80.9008	0.00322592	0.00162122	2
20.0026	81.8456	0.00330708	0.00164031	2
20.1134	82.7898	0.00338798	0.0016595	2
20.2255	83.7334	0.00346859	0.0016788	2
20.3389	84.6763	0.00354887	0.00169822	2
20.4534	85.6186	0.00362876	0.00171776	2
20.5689	86.5602	0.00370823	0.00173742	2
20.6854	87.5011	0.00378722	0.00175721	2
20.8027	88.4413	0.00386571	0.00177713	2
20.9207	89.3809	0.00394362	0.00179718	2
21.0394	90.3198	0.00402094	0.00181738	2
21.1587	91.2579	0.0040976	0.00183772	2
21.2784	92.1954	0.00417357	0.00185822	2
21.3985	93.1321	0.0042488	0.00187886	2
21.5174	94.0574	0.00432239	0.00189943	2
21.6379	94.9927	0.00439601	0.00192039	2
21.7585	95.9273	0.00446876	0.00194153	2
21.879	96.8611	0.00454059	0.00196283	2

74.9996	2.01312	-5.18242e-07	1.85339e-07	2
74.9768	3.12956	-4.41161e-05	1.54662e-05	2
74.984	4.23548	-8.62881e-05	2.96175e-05	2
75.0211	5.31803	-0.000126547	4.2479e-05	2
75.0867	6.36548	-0.000164492	5.39499e-05	2
75.1819	7.40245	-0.000201037	6.43222e-05	2
75.3057	8.41692	-0.000235761	7.34806e-05	2
75.4577	9.40919	-0.000268693	8.14504e-05	2
75.6374	10.3795	-0.000299866	8.82569e-05	2
75.8443	11.3282	-0.000329309	9.39256e-05	2
76.0781	12.2556	-0.000357053	9.84817e-05	2
76.3383	13.1619	-0.00038313	0.000101951	2
76.6244	14.0474	-0.000407569	0.000104358	2
76.9361	14.9125	-0.000430402	0.000105729	2
77.2728	15.7573	-0.000451659	0.000106088	2
77.6342	16.5823	-0.00047137	0.000105462	2
78.0198	17.3876	-0.000489568	0.000103875	2
78.4291	18.1736	-0.000506282	0.000101353	2
78.8618	18.9405	-0.000521543	9.79219e-05	2
79.3173	19.6887	-0.000535381	9.36061e-05	2
79.7953	20.4184	-0.000547829	8.84312e-05	2
80.2954	21.1299	-0.000558915	8.24227e-05	2
80.817	21.8236	-0.000568672	7.56058e-05	2
81.3597	22.4996	-0.000577129	6.8006e-05	2
81.9231	23.1583	-0.000584318	5.96485e-05	2
82.5068	23.8	-0.000590269	5.05588e-05	2
83.1032	24.4178	-0.000594965	4.08786e-05	2
83.7259	25.0265	-0.000598546	3.04081e-05	2
84.3675	25.619	-0.000600981	1.9281e-05	2
85.0277	26.1955	-0.0006023	7.52282e-06	2
85.7059	26.7565	-0.000602535	-4.84121e-06	2
86.4017	27.3022	-0.000601716	-1.77857e-05	2
87.1147	27.8329	-0.000599874	-3.12853e-05	2
87.8445	28.3488	-0.00059704	-4.53147e-05	2
88.5906	28.8503	-0.000593244	-5.98485e-05	2
89.3526	29.3376	-0.000588516	-7.48613e-05	2
90.13	29.8111	-0.000582889	-9.03278e-05	2
90.9224	30.2709	-0.000576392	-0.000106223	2
91.7294	30.7175	-0.000569057	-0.000122521	2
92.5505	31.151	-0.000560913	-0.000139196	2
93.3853	31.5718	-0.000551992	-0.000156224	2
94.2334	31.9802	-0.000542325	-0.000173579	2
95.0942	32.3765	-0.000531941	-0.000191235	2
95.9675	32.7609	-0.000520873	-0.000209168	2
96.8526	33.1337	-0.00050915	-0.000227352	2
97.7493	33.4952	-0.000496803	-0.000245761	2
98.657	33.8457	-0.000483863	-0.00026437	2
99.5754	34.1855	-0.000470362	-0.000283155	2
100.504	34.5149	-0.000456328	-0.000302088	2
101.431	34.8306	-0.000441964	-0.000320927	2
102.379	35.1401	-0.000426964	-0.000340082	2
103.335	35.44	-0.000411525	-0.000359312	2
104.3	35.7307	-0.000395678	-0.00037859	2
105.273	36.0124	-0.000379451	-0.000397891	2
106.253	36.2854	-0.000362878	-0.000417189	2
107.24	36.55	-0.000345987	-0.00043646	2
108.234	36.8065	-0.000328811	-0.000455678	2
109.235	37.0551	-0.000311379	-0.000474818	2
110.241	37.2961	-0.000293722	-0.000493854	2
111.253	37.5299	-0.000275871	-0.00051276	2
112.269	37.7568	-0.000257858	-0.000531513	2
113.29	37.9769	-0.000239711	-0.000550085	2
114.315	38.1907	-0.000221463	-0.000568453	2
115.343	38.3983	-0.000203144	-0.00058659	2
116.375	38.6001	-0.000184785	-0.000604471	2
117.41	38.7964	-0.000166416	-0.000622072	2
118.447	38.9874	-0.000148068	-0.000639365	2
119.485	39.1734	-0.000129772	-0.000656327	2
120.525	39.3548	-0.000111559	-0.000672931	2
121.566	39.5318	-9.34587e-05	-0.000689153	2
122.608	39.7047	-7.55027e-05	-0.000704968	2
123.65	39.8738	-5.77214e-05	-0.000720348	2
124.691	40.0393	-4.01456e-05	-0.000735271	2
125.72	40.1998	-2.30039e-05	-0.000749546	2
126.759	40.3592	-5.92798e-06	-0.000763481	2
127.797	40.516	1.08506e-05	-0.000776881	2
128.832	40.6703	2.73012e-05	-0.000789722	2
129.865	40.8226	4.3393e-05	-0.000801978	2
130.896	40.9731	5.90954e-05	-0.000813623	2
131.922	41.122	7.43776e-05	-0.000824633	2
132.945	41.2697	8.92088e-05	-0.000834981	2
133.964	41.4165	0.000103558	-0.000844643	2
134.978	41.5627	0.000117396	-0.000853594	2
135.987	41.7084	0.00013069	-0.000861807	2
136.99	41.8541	0.00014341	-0.000869257	2
137.987	42	0.000155526	-0.00087592	2
138.978	42.1464	0.000167007	-0.000881769	2
139.962	42.2936	0.000177821	-0.00088678	2
140.938	42.4419	0.000187939	-0.000890927	2
141.907	42.5915	0.000197329	-0.000894184	2
142.867	42.7428	0.000205962	-0.000896527	2
143.819	42.896	0.000213805	-0.00089793	2
144.762	43.0514	0.000220829	-0.000898368	2
145.695	43.2093	0.000227002	-0.000897815	2
146.618	43.3701	0.000232295	-0.000896246	2
147.531	43.5339	0.000236675	-0.000893636	2
148.423	43.6991	0.00024008	-0.000890007	2
149.313	43.87	0.000242556	-0.00088525	2
150.192	44.0447	0.000244029	-0.000879377	2
151.059	44.2237	0.000244467	-0.000872361	2

124.993	2.01249	-4.57732e-07	2.6427e-07	2
124.378	3.08166	-3.94419e-05	2.26546e-05	2
123.79	4.15364	-7.81172e-05	4.46334e-05	2
123.238	5.21596	-0.000116032	6.59445e-05	2
122.726	6.25659	-0.000152768	8.63629e-05	2
122.241	7.29975	-0.000189187	0.000106371	2
121.79	8.3333	-0.000224863	0.000125738	2
121.372	9.35725	-0.000259801	0.000144469	2
120.987	10.3716	-0.000294008	0.000162575	2
120.635	11.3764	-0.000327489	0.000180064	2
120.314	12.3717	-0.000360249	0.000196944	2
120.025	13.3574	-0.000392296	0.000213222	2
119.767	14.3335	-0.000423634	0.000228909	2
119.54	15.3002	-0.00045427	0.000244011	2
119.343	16.2574	-0.000484209	0.000258538	2
119.176	17.2051	-0.000513458	0.000272498	2
119.039	18.1434	-0.000542021	0.000285898	2
118.93	19.0722	-0.000569905	0.000298748	2
118.851	19.9915	-0.000597116	0.000311056	2
118.8	20.9015	-0.00062366	0.00032283	2
118.776	21.8021	-0.000649542	0.000334079	2
118.781	22.6932	-0.000674768	0.000344811	2
118.812	23.575	-0.000699344	0.000355034	2
118.87	24.4475	-0.000723276	0.000364756	2
118.955	25.3106	-0.00074657	0.000373987	2
119.065	26.1644	-0.000769232	0.000382734	2
119.199	26.9992	-0.000791017	0.000390913	2
119.36	27.8345	-0.000812438	0.000398723	2
119.546	28.6605	-0.000833245	0.000406075	2
119.755	29.4772	-0.000853442	0.000412976	2
119.989	30.2847	-0.000873036	0.000419435	2
120.246	31.083	-0.000892032	0.000425461	2
120.527	31.8721	-0.000910437	0.000431062	2
120.83	32.6519	-0.000928256	0.000436246	2
121.155	33.4226	-0.000945495	0.000441021	2
121.502	34.1841	-0.00096216	0.000445397	2
121.871	34.9364	-0.000978257	0.00044938	2
122.261	35.6796	-0.000993791	0.000452981	2
122.671	36.4137	-0.00100877	0.000456206	2
123.102	37.1386	-0.0010232	0.000459065	2
123.553	37.8545	-0.00103708	0.000461566	2
124.023	38.5613	-0.00105042	0.000463716	2
124.513	39.259	-0.00106323	0.000465525	2
125.021	39.9477	-0.00107551	0.000467001	2
125.547	40.6273	-0.00108727	0.000468153	2
126.091	41.2979	-0.00109852	0.000468988	2
126.653	41.9595	-0.00110925	0.000469514	2
127.231	42.6122	-0.00111948	0.000469741	2
127.827	43.2558	-0.00112922	0.000469677	2
128.431	43.8833	-0.00113835	0.000469336	2
129.058	44.5091	-0.00114711	0.000468717	2
129.701	45.126	-0.00115539	0.000467832	2
130.359	45.7341	-0.0011632	0.000466689	2
131.031	46.3332	-0.00117053	0.000465297	2
131.718	46.9234	-0.0011774	0.000463663	2
132.419	47.5048	-0.00118382	0.000461796	2
133.133	48.0773	-0.00118978	0.000459705	2
133.86	48.641	-0.00119529	0.000457398	2
134.6	49.1958	-0.00120037	0.000454883	2
135.352	49.7419	-0.00120501	0.000452169	2
136.116	50.2792	-0.00120923	0.000449263	2
136.891	50.8077	-0.00121302	0.000446175	2
137.677	51.3274	-0.0012164	0.000442913	2
138.474	51.8384	-0.00121936	0.000439484	2
139.282	52.3406	-0.00122192	0.000435898	2
140.099	52.8342	-0.00122408	0.000432163	2
140.925	53.319	-0.00122585	0.000428287	2
141.761	53.7952	-0.00122723	0.000424279	2
142.605	54.2627	-0.00122823	0.000420146	2
143.457	54.7215	-0.00122885	0.000415898	2
144.317	55.1718	-0.0012291	0.000411542	2
145.185	55.6133	-0.00122899	0.000407087	2
146.06	56.0463	-0.00122853	0.000402542	2
146.931	56.4659	-0.00122772	0.000397968	2
147.818	56.8818	-0.00122655	0.000393267	2
148.711	57.2891	-0.00122505	0.0003885	2
149.61	57.6879	-0.00122321	0.000383676	2
150.514	58.0782	-0.00122104	0.000378804	2
151.422	58.46	-0.00121855	0.00037389	2
152.334	58.8332	-0.00121574	0.000368945	2
153.251	59.198	-0.00121262	0.000363975	2
154.17	59.5543	-0.00120919	0.000358991	2
155.093	59.9021	-0.00120546	0.000353999	2
156.018	60.2415	-0.00120144	0.000349008	2
156.946	60.5725	-0.00119714	0.000344027	2
157.875	60.8951	-0.00119254	0.000339064	2
158.805	61.2093	-0.00118768	0.000334127	2
159.737	61.5151	-0.00118254	0.000329225	2
160.669	61.8125	-0.00117714	0.000324366	2
161.601	62.1016	-0.00117147	0.000319559	2
162.534	62.3823	-0.00116556	0.000314811	2
163.465	62.6548	-0.0011594	0.000310132	2
164.396	62.9189	-0.00115299	0.000305529	2
165.325	63.1748	-0.00114635	0.000301011	2
166.252	63.4224	-0.00113948	0.000296586	2
167.177	63.6617	-0.00113239	0.000292263	2
168.089	63.8901	-0.00112517	0.000288098	2
169.008	64.1131	-0.00111764	0.000284001	2
169.924	64.3278	-0.00110992	0.000280032	2
170.836	64.5344	-0.00110199	0.000276197	2

