-125	2.01186	-2.42083e-07	1.83635e-07	2
-125.045	3.02594	-2.05431e-05	1.5234e-05	2
-125.122	4.03956	-4.00578e-05	2.89901e-05	2
-125.23	5.04105	-5.85738e-05	4.13041e-05	2
-125.367	6.01931	-7.59244e-05	5.20943e-05	2
-125.535	6.99728	-9.25426e-05	6.16471e-05	2
-125.732	7.96372	-0.000108251	6.98649e-05	2
-125.958	8.91883	-0.000123079	7.67836e-05	2
-126.21	9.8628	-0.000137056	8.24389e-05	2
-126.49	10.7958	-0.000150213	8.68668e-05	2
-126.796	11.7181	-0.000162578	9.0103e-05	2
-127.127	12.6299	-0.000174182	9.21834e-05	2
-127.482	13.5313	-0.000185054	9.31439e-05	2
-127.861	14.4226	-0.000195223	9.30202e-05	2
-128.263	15.3039	-0.000204721	9.18483e-05	2
-128.688	16.1755	-0.000213576	8.96639e-05	2
-129.133	17.0376	-0.000221817	8.65029e-05	2
-129.6	17.8903	-0.000229476	8.24012e-05	2
-130.086	18.7338	-0.000236581	7.73946e-05	2
-130.591	19.5684	-0.000243162	7.15189e-05	2
-131.115	20.3943	-0.000249248	6.481e-05	2
-131.657	21.2116	-0.000254871	5.73037e-05	2
-132.215	22.0205	-0.000260058	4.90359e-05	2
-132.79	22.8213	-0.00026484	4.00423e-05	2
-133.38	23.6141	-0.000269247	3.03589e-05	2
-133.985	24.3992	-0.000273308	2.00215e-05	2
-134.596	25.1678	-0.000277012	9.19515e-06	2
-135.228	25.9381	-0.000280474	-2.33631e-06	2
-135.871	26.7011	-0.000283679	-1.44147e-05	2
-136.527	27.4572	-0.000286657	-2.70041e-05	2
-137.193	28.2066	-0.000289437	-4.00688e-05	2
-137.87	28.9494	-0.000292049	-5.35729e-05	2
-138.555	29.6858	-0.000294523	-6.74805e-05	2
-139.25	30.416	-0.000296889	-8.17558e-05	2
-139.952	31.1403	-0.000299176	-9.6363e-05	2
-140.661	31.8587	-0.000301414	-0.000111266	2
-141.376	32.5716	-0.000303632	-0.00012643	2
-142.097	33.2792	-0.000305861	-0.000141817	2
-142.823	33.9815	-0.00030813	-0.000157393	2
-143.553	34.6789	-0.000310468	-0.000173122	2
-144.286	35.3715	-0.000312906	-0.000188968	2
-145.022	36.0595	-0.000315473	-0.000204895	2
-145.759	36.7432	-0.000318199	-0.000220866	2
-146.498	37.4226	-0.000321114	-0.000236848	2
-147.236	38.0981	-0.000324246	-0.000252802	2
-147.974	38.7698	-0.000327627	-0.000268694	2
-148.711	39.4378	-0.000331285	-0.000284488	2
-149.446	40.1025	-0.00033525	-0.000300148	2
-150.178	40.764	-0.000339553	-0.000315638	2
-150.898	41.415	-0.000344166	-0.000330748	2
-151.623	42.0707	-0.000349227	-0.000345793	2
-152.342	42.7239	-0.000354714	-0.000360562	2
-153.055	43.3746	-0.000360656	-0.000375018	2
-153.762	44.0232	-0.000367083	-0.000389125	2
-154.461	44.6697	-0.000374025	-0.000402847	2
-155.153	45.3145	-0.000381511	-0.000416149	2
-155.836	45.9576	-0.000389572	-0.000428995	2
-156.508	46.5994	-0.000398237	-0.000441349	2
-157.171	47.2399	-0.000407536	-0.000453174	2
-157.823	47.8794	-0.000417498	-0.000464436	2
-158.462	48.5181	-0.000428152	-0.000475099	2
-159.089	49.1562	-0.00043953	-0.000485126	2
-159.703	49.7939	-0.00045166	-0.000494482	2
-160.303	50.4314	-0.000464572	-0.00050313	2
-160.887	51.0688	-0.000478296	-0.000511036	2
-161.456	51.7065	-0.000492862	-0.000518163	2
-162.009	52.3445	-0.000508299	-0.000524475	2
-162.544	52.9831	-0.000524637	-0.000529937	2
-163.061	53.6225	-0.000541905	-0.000534512	2
-163.56	54.2628	-0.000560134	-0.000538166	2
-164.039	54.9043	-0.000579353	-0.000540861	2
-164.499	55.5473	-0.000599591	-0.000542562	2
-164.937	56.1917	-0.000620879	-0.000543234	2
-165.349	56.8306	-0.000642983	-0.000542851	2
-165.743	57.4788	-0.000666446	-0.000541369	2
-166.114	58.1291	-0.000691047	-0.000538749	2
-166.461	58.7819	-0.000716816	-0.000534958	2
-166.783	59.4371	-0.000743783	-0.000529957	2
-167.08	60.0952	-0.000771976	-0.000523713	2
-167.35	60.7562	-0.000801427	-0.000516188	2
-167.594	61.4204	-0.000832165	-0.000507347	2
-167.81	62.088	-0.000864219	-0.000497155	2
-167.997	62.7591	-0.000897619	-0.000485575	2
-168.155	63.4339	-0.000932395	-0.000472571	2
-168.283	64.1127	-0.000968576	-0.000458108	2
-168.38	64.7957	-0.00100619	-0.000442149	2
-168.445	65.483	-0.00104527	-0.00042466	2
-168.479	66.1749	-0.00108585	-0.000405603	2
-168.479	66.8715	-0.00112795	-0.000384944	2
-168.445	67.573	-0.0011716	-0.000362647	2
-168.377	68.2797	-0.00121684	-0.000338675	2
-168.273	68.9918	-0.00126369	-0.000312992	2
-168.133	69.7094	-0.00131219	-0.000285564	2
-167.957	70.4327	-0.00136235	-0.000256354	2
-167.743	71.162	-0.00141422	-0.000225325	2
-167.49	71.8974	-0.00146782	-0.000192444	2
-167.202	72.6306	-0.00152254	-0.000158083	2
-166.871	73.3789	-0.00157968	-0.000121409	2
-166.499	74.1338	-0.00163863	-8.27739e-05	2
-166.086	74.8957	-0.00169944	-4.21424e-05	2

-75.0041	2.01329	-1.08259e-07	3.49274e-07	2
-75.3697	3.14442	-9.43443e-06	3.00039e-05	2
-75.76	4.26482	-1.89039e-05	5.92417e-05	2
-76.1705	5.36158	-2.84128e-05	8.77266e-05	2
-76.5957	6.42292	-3.78554e-05	0.000115157	2
-77.0452	7.47389	-4.74559e-05	0.000142183	2
-77.5137	8.50242	-5.71089e-05	0.000168496	2
-78.0009	9.50893	-6.6819e-05	0.000194107	2
-78.5063	10.4938	-7.65906e-05	0.000219031	2
-79.0297	11.4574	-8.64281e-05	0.000243281	2
-79.5705	12.4002	-9.63359e-05	0.000266868	2
-80.1285	13.3225	-0.000106318	0.000289808	2
-80.7032	14.2248	-0.00011638	0.000312112	2
-81.2943	15.1075	-0.000126525	0.000333793	2
-81.9014	15.9709	-0.000136758	0.000354866	2
-82.5241	16.8155	-0.000147084	0.000375342	2
-83.162	17.6416	-0.000157506	0.000395235	2
-83.8147	18.4496	-0.00016803	0.000414559	2
-84.4819	19.24	-0.000178659	0.000433325	2
-85.1632	20.0132	-0.000189398	0.000451548	2
-85.8581	20.7695	-0.000200252	0.000469239	2
-86.5664	21.5094	-0.000211225	0.000486414	2
-87.2876	22.2331	-0.000222321	0.000503083	2
-88.0214	22.9413	-0.000233544	0.000519262	2
-88.7673	23.6342	-0.0002449	0.000534962	2
-89.525	24.3122	-0.000256393	0.000550196	2
-90.2852	24.9682	-0.000267891	0.000564811	2
-91.0652	25.6178	-0.000279669	0.000579159	2
-91.8559	26.2538	-0.000291595	0.000593082	2
-92.6568	26.8765	-0.000303676	0.000606591	2
-93.4676	27.4864	-0.000315916	0.000619699	2
-94.2879	28.0837	-0.000328319	0.000632421	2
-95.1173	28.669	-0.000340889	0.00064477	2
-95.9554	29.2426	-0.000353631	0.000656757	2
-96.8019	29.805	-0.000366549	0.000668397	2
-97.6564	30.3564	-0.000379648	0.000679702	2
-98.5184	30.8974	-0.000392932	0.000690686	2
-99.3877	31.4283	-0.000406405	0.000701361	2
-100.264	31.9495	-0.000420073	0.000711741	2
-101.146	32.4615	-0.000433938	0.000721838	2
-102.035	32.9645	-0.000448007	0.000731667	2
-102.929	33.4591	-0.000462283	0.000741239	2
-103.829	33.9456	-0.00047677	0.000750568	2
-104.733	34.4243	-0.000491473	0.000759668	2
-105.642	34.8958	-0.000506397	0.00076855	2
-106.555	35.3604	-0.000521546	0.000777229	2
-107.472	35.8185	-0.000536924	0.000785717	2
-108.393	36.2706	-0.000552535	0.000794028	2
-109.316	36.7169	-0.000568385	0.000802174	2
-110.231	37.1529	-0.000584291	0.000810077	2
-111.159	37.589	-0.000600627	0.000817935	2
-112.089	38.0207	-0.000617215	0.000825667	2
-113.021	38.4483	-0.000634058	0.000833287	2
-113.954	38.8721	-0.000651162	0.000840808	2
-114.887	39.2927	-0.00066853	0.000848243	2
-115.821	39.7103	-0.000686167	0.000855605	2
-116.754	40.1255	-0.000704077	0.000862906	2
-117.688	40.5385	-0.000722265	0.000870161	2
-118.62	40.9498	-0.000740736	0.000877382	2
-119.551	41.3598	-0.000759493	0.000884582	2
-120.481	41.7689	-0.000778541	0.000891775	2
-121.409	42.1774	-0.000797885	0.000898973	2
-122.334	42.5859	-0.000817528	0.000906189	2
-123.257	42.9946	-0.000837476	0.000913438	2
-124.176	43.404	-0.000857733	0.000920731	2
-125.092	43.8144	-0.000878303	0.000928081	2
-126.004	44.2264	-0.00089919	0.000935503	2
-126.912	44.6402	-0.000920399	0.000943008	2
-127.816	45.0563	-0.000941935	0.000950611	2
-128.714	45.4751	-0.000963801	0.000958323	2
-129.607	45.8969	-0.000986003	0.000966159	2
-130.494	46.3222	-0.00100854	0.000974131	2
-131.375	46.7514	-0.00103143	0.000982253	2
-132.24	47.1798	-0.00105439	0.00099044	2
-133.107	47.6179	-0.00107798	0.000998898	2
-133.968	48.061	-0.00110192	0.00100754	2
-134.82	48.5095	-0.00112622	0.00101639	2
-135.665	48.964	-0.00115089	0.00102545	2
-136.501	49.4246	-0.00117593	0.00103474	2
-137.329	49.892	-0.00120134	0.00104427	2
-138.147	50.3663	-0.00122713	0.00105406	2
-138.955	50.8482	-0.00125331	0.00106411	2
-139.754	51.3379	-0.00127987	0.00107444	2
-140.542	51.8358	-0.00130683	0.00108507	2
-141.32	52.3424	-0.00133418	0.001096	2
-142.086	52.858	-0.00136194	0.00110725	2
-142.841	53.3831	-0.0013901	0.00111883	2
-143.584	53.918	-0.00141867	0.00113076	2
-144.315	54.4631	-0.00144766	0.00114304	2
-145.033	55.0189	-0.00147707	0.0011557	2
-145.738	55.5857	-0.00150689	0.00116875	2
-146.43	56.164	-0.00153715	0.00118219	2
-147.108	56.7541	-0.00156784	0.00119604	2
-147.772	57.3565	-0.00159897	0.00121031	2
-148.421	57.9714	-0.00163053	0.00122503	2
-149.055	58.5994	-0.00166255	0.00124019	2
-149.667	59.2334	-0.00169464	0.00125563	2
-150.271	59.8885	-0.00172755	0.00127173	2
-150.858	60.5579	-0.00176092	0.00128832	2
-151.429	61.2418	-0.00179475	0.0013054	2

-25.0043	2.01141	-4.73443e-07	3.26382e-07	2
-25.3721	2.9928	-3.97768e-05	2.81625e-05	2
-25.7324	3.98528	-7.67189e-05	5.5859e-05	2
-26.0811	4.97744	-0.000110862	8.30965e-05	2
-26.4144	5.95788	-0.000141897	0.000109577	2
-26.7403	6.9494	-0.000170582	0.000135923	2
-27.055	7.94058	-0.000196574	0.000161832	2
-27.3584	8.93144	-0.00021991	0.000187311	2
-27.6509	9.92195	-0.000240627	0.000212367	2
-27.9325	10.9121	-0.000258758	0.000237007	2
-28.2033	11.902	-0.000274342	0.000261239	2
-28.4635	12.8915	-0.000287412	0.000285069	2
-28.7132	13.8806	-0.000298006	0.000308504	2
-28.9526	14.8694	-0.000306158	0.000331553	2
-29.1816	15.8579	-0.000311905	0.000354222	2
-29.4006	16.846	-0.000315282	0.000376518	2
-29.6096	17.8337	-0.000316326	0.000398449	2
-29.8087	18.8211	-0.000315072	0.000420022	2
-29.9981	19.8081	-0.000311556	0.000441243	2
-30.1779	20.7948	-0.000305813	0.000462121	2
-30.3482	21.781	-0.00029788	0.000482662	2
-30.5091	22.7669	-0.000287792	0.000502873	2
-30.6609	23.7525	-0.000275586	0.000522762	2
-30.8035	24.7377	-0.000261296	0.000542336	2
-30.9372	25.7224	-0.000244959	0.000561602	2
-31.062	26.7068	-0.00022661	0.000580568	2
-31.1769	27.6795	-0.000206531	0.000599027	2
-31.2845	28.6632	-0.000184289	0.000617416	2
-31.3837	29.6464	-0.000160143	0.000635525	2
-31.4746	30.6293	-0.000134128	0.000653363	2
-31.5572	31.6117	-0.00010628	0.000670936	2
-31.6318	32.5938	-7.66357e-05	0.000688251	2
-31.6985	33.5754	-4.52298e-05	0.000705316	2
-31.7573	34.5567	-1.20985e-05	0.000722137	2
-31.8085	35.5375	2.27224e-05	0.000738723	2
-31.8521	36.518	5.91971e-05	0.000755079	2
-31.8882	37.498	9.72897e-05	0.000771214	2
-31.9171	38.4776	0.000136965	0.000787135	2
-31.9388	39.4568	0.000178186	0.000802848	2
-31.9534	40.4356	0.000220917	0.000818361	2
-31.9611	41.4139	0.000265124	0.000833681	2
-31.962	42.3918	0.000310769	0.000848816	2
-31.9563	43.3693	0.000357818	0.000863772	2
-31.944	44.3464	0.000406233	0.000878557	2
-31.9253	45.323	0.000455981	0.000893178	2
-31.9004	46.2992	0.000507024	0.000907641	2
-31.8693	47.275	0.000559326	0.000921955	2
-31.8321	48.2503	0.000612853	0.000936127	2
-31.7891	49.2252	0.000667569	0.000950163	2
-31.7409	50.1884	0.000722788	0.000963912	2
-31.6865	51.1623	0.000779759	0.0009777	2
-31.6266	52.1359	0.000837812	0.000991375	2
-31.5613	53.1089	0.00089691	0.00100494	2
-31.4908	54.0815	0.000957018	0.00101841	2
-31.4151	55.0537	0.0010181	0.00103179	2
-31.3345	56.0253	0.00108012	0.00104508	2
-31.2489	56.9966	0.00114304	0.00105829	2
-31.1586	57.9673	0.00120683	0.00107143	2
-31.0637	58.9376	0.00127145	0.00108451	2
-30.9643	59.9073	0.00133686	0.00109754	2
-30.8606	60.8767	0.00140304	0.00111051	2
-30.7526	61.8455	0.00146993	0.00112344	2
-30.6405	62.8138	0.00153752	0.00113634	2
-30.5244	63.7817	0.00160575	0.00114921	2
-30.4045	64.7491	0.0016746	0.00116206	2
-30.2808	65.716	0.00174403	0.00117489	2
-30.1536	66.6823	0.00181401	0.00118773	2
-30.0229	67.6482	0.00188449	0.00120056	2
-29.8888	68.6136	0.00195544	0.0012134	2
-29.7516	69.5785	0.00202684	0.00122625	2
-29.6112	70.5429	0.00209863	0.00123913	2
-29.4679	71.5068	0.00217079	0.00125204	2
-29.3218	72.4701	0.00224327	0.00126499	2
-29.1747	73.4219	0.00231522	0.00127783	2
-29.0234	74.3842	0.00238825	0.00129087	2
-28.8696	75.346	0.00246151	0.00130397	2
-28.7134	76.3073	0.00253496	0.00131713	2
-28.5551	77.2681	0.00260855	0.00133037	2
-28.3947	78.2283	0.00268226	0.00134369	2
-28.2324	79.1881	0.00275605	0.0013571	2
-28.0683	80.1472	0.00282988	0.0013706	2
-27.9025	81.1059	0.00290372	0.0013842	2
-27.7352	82.064	0.00297753	0.00139792	2
-27.5664	83.0215	0.00305128	0.00141174	2
-27.3964	83.9785	0.00312493	0.0014257	2
-27.2252	84.935	0.00319844	0.00143978	2
-27.0529	85.8909	0.00327178	0.001454	2
-26.8798	86.8463	0.00334491	0.00146837	2
-26.7058	87.8011	0.0034178	0.00148288	2
-26.5312	88.7554	0.00349041	0.00149756	2
-26.3561	89.7091	0.0035627	0.00151241	2
-26.1806	90.6622	0.00363465	0.00152742	2
-26.0048	91.6147	0.0037062	0.00154262	2
-25.8288	92.5667	0.00377734	0.00155801	2
-25.6529	93.5182	0.00384802	0.00157359	2
-25.4771	94.469	0.0039182	0.00158938	2
-25.3035	95.4084	0.00398705	0.00160519	2
-25.1283	96.358	0.00405615	0.0016214	2
-24.9535	97.3072	0.00412464	0.00163783	2
-24.7794	98.2557	0.0041925	0.0016545	2

24.9992	2.01326	-5.35074e-07	1.70553e-07	2
24.9422	3.14111	-4.58008e-05	1.44031e-05	2
24.916	4.25773	-9.00979e-05	2.79382e-05	2
24.9211	5.35017	-0.000132913	4.06242e-05	2
24.9563	6.40658	-0.000173803	5.2348e-05	2
25.022	7.45185	-0.000213739	6.34008e-05	2
25.1176	8.47384	-0.000252262	7.36602e-05	2
25.2425	9.47287	-0.000289392	8.31449e-05	2
25.3964	10.4492	-0.000325152	9.18735e-05	2
25.5787	11.4032	-0.000359565	9.98648e-05	2
25.789	12.3352	-0.000392654	0.000107137	2
26.0269	13.2454	-0.00042444	0.00011371	2
26.2918	14.1342	-0.000454946	0.000119601	2
26.5833	15.0018	-0.000484194	0.00012483	2
26.9011	15.8486	-0.000512207	0.000129415	2
27.2445	16.6749	-0.000539008	0.000133374	2
27.6131	17.4809	-0.000564618	0.000136727	2
28.0066	18.267	-0.000589061	0.000139492	2
28.4244	19.0335	-0.000612357	0.000141687	2
28.866	19.7807	-0.000634531	0.000143332	2
29.3311	20.5089	-0.000655604	0.000144446	2
29.8191	21.2184	-0.000675598	0.000145045	2
30.3296	21.9095	-0.000694537	0.000145151	2
30.8621	22.5825	-0.000712442	0.00014478	2
31.4162	23.2377	-0.000729336	0.000143953	2
31.9914	23.8754	-0.000745242	0.000142687	2
32.5803	24.4889	-0.000760015	0.000141023	2
33.1962	25.0928	-0.000774021	0.00013894	2
33.8318	25.6801	-0.000787105	0.000136475	2
34.4867	26.2511	-0.00079929	0.000133646	2
35.1604	26.8061	-0.000810598	0.000130471	2
35.8524	27.3455	-0.000821052	0.00012697	2
36.5624	27.8696	-0.000830673	0.000123161	2
37.2898	28.3786	-0.000839485	0.000119062	2
38.0343	28.8728	-0.00084751	0.000114693	2
38.7952	29.3526	-0.00085477	0.000110073	2
39.5722	29.8183	-0.000861287	0.000105218	2
40.3649	30.2701	-0.000867084	0.00010015	2
41.1727	30.7084	-0.000872184	9.48851e-05	2
41.9952	31.1335	-0.000876608	8.94433e-05	2
42.8319	31.5456	-0.00088038	8.38429e-05	2
43.6824	31.9452	-0.000883521	7.81028e-05	2
44.5462	32.3324	-0.000886054	7.22414e-05	2
45.4229	32.7076	-0.000888002	6.62776e-05	2
46.312	33.0711	-0.000889386	6.023e-05	2
47.2131	33.4233	-0.00089023	5.41172e-05	2
48.1256	33.7643	-0.000890555	4.7958e-05	2
49.0491	34.0946	-0.000890384	4.1771e-05	2
49.9833	34.4143	-0.00088974	3.55749e-05	2
50.9166	34.7204	-0.00088866	2.94594e-05	2
51.8704	35.0202	-0.00088714	2.33008e-05	2
52.8333	35.3105	-0.000885214	1.71888e-05	2
53.805	35.5915	-0.000882904	1.11423e-05	2
54.785	35.8635	-0.000880232	5.17985e-06	2
55.7728	36.1268	-0.000877221	-6.79819e-07	2
56.768	36.3819	-0.000873893	-6.41805e-06	2
57.77	36.6288	-0.00087027	-1.20162e-05	2
58.7786	36.868	-0.000866375	-1.74555e-05	2
59.793	37.0998	-0.00086223	-2.27173e-05	2
60.8131	37.3244	-0.000857858	-2.77829e-05	2
61.8382	37.5422	-0.000853281	-3.26338e-05	2
62.8679	37.7535	-0.000848522	-3.72511e-05	2
63.9017	37.9585	-0.000843602	-4.16162e-05	2
64.9392	38.1577	-0.000838545	-4.57104e-05	2
65.98	38.3512	-0.000833372	-4.95151e-05	2
67.0235	38.5394	-0.000828107	-5.30115e-05	2
68.0694	38.7226	-0.000822771	-5.61811e-05	2
69.1171	38.9011	-0.000817387	-5.9005e-05	2
70.1662	39.0752	-0.000811977	-6.14647e-05	2
71.2163	39.2452	-0.000806564	-6.35414e-05	2
72.2668	39.4115	-0.000801171	-6.52165e-05	2
73.3173	39.5742	-0.000795818	-6.64713e-05	2
74.3674	39.7338	-0.00079053	-6.72871e-05	2
75.4046	39.8887	-0.000785388	-6.76437e-05	2
76.4525	40.0428	-0.000780293	-6.75311e-05	2
77.4985	40.1947	-0.00077533	-6.69237e-05	2
78.5423	40.3447	-0.00077052	-6.58027e-05	2
79.5834	40.4929	-0.000765885	-6.41496e-05	2
80.6212	40.6398	-0.000761449	-6.19457e-05	2
81.6555	40.7857	-0.000757233	-5.91722e-05	2
82.6856	40.9308	-0.000753261	-5.58106e-05	2
83.7112	41.0755	-0.000749553	-5.1842e-05	2
84.7317	41.22	-0.000746134	-4.72479e-05	2
85.7468	41.3648	-0.000743025	-4.20096e-05	2
86.7559	41.5099	-0.000740248	-3.61083e-05	2
87.7586	41.6559	-0.000737826	-2.95254e-05	2
88.7545	41.8029	-0.000735782	-2.22423e-05	2
89.743	41.9514	-0.000734138	-1.42402e-05	2
90.7238	42.1015	-0.000732915	-5.50044e-06	2
91.6963	42.2536	-0.000732138	3.99561e-06	2
92.6602	42.408	-0.000731827	1.42667e-05	2
93.6149	42.5651	-0.000732006	2.53314e-05	2
94.56	42.725	-0.000732697	3.72084e-05	2
95.495	42.8882	-0.000733922	4.99165e-05	2
96.4195	43.0548	-0.000735704	6.34743e-05	2
97.333	43.2253	-0.000738065	7.79005e-05	2
98.2247	43.3979	-0.00074099	9.30326e-05	2
99.115	43.5769	-0.000744569	0.000109241	2
99.993	43.7606	-0.000748794	0.000126374	2
100.858	43.9494	-0.000753687	0.000144449	2

74.9923	2.01269	-3.4193e-07	2.60278e-07	2
74.351	3.09905	-2.96342e-05	2.23728e-05	2
73.7375	4.18794	-5.90365e-05	4.4201e-05	2
73.1592	5.26671	-8.82043e-05	6.54911e-05	2
72.6217	6.32315	-0.000116804	8.60143e-05	2
72.1122	7.38184	-0.000145498	0.000106254	2
71.6365	8.43046	-0.000173949	0.000125976	2
71.1945	9.46905	-0.000202156	0.000145186	2
70.7855	10.4976	-0.000230115	0.000163892	2
70.4093	11.5162	-0.000257823	0.000182099	2
70.0655	12.5247	-0.000285279	0.000199815	2
69.7535	13.5234	-0.00031248	0.000217045	2
69.4732	14.512	-0.000339422	0.000233798	2
69.2239	15.4908	-0.000366104	0.000250079	2
69.0053	16.4597	-0.000392522	0.000265894	2
68.8171	17.4186	-0.000418674	0.000281252	2
68.6588	18.3678	-0.000444558	0.000296157	2
68.53	19.3071	-0.00047017	0.000310618	2
68.4303	20.2366	-0.000495509	0.00032464	2
68.3593	21.1563	-0.000520571	0.000338231	2
68.3166	22.0662	-0.000545353	0.000351396	2
68.3018	22.9664	-0.000569854	0.000364143	2
68.3145	23.8569	-0.000594071	0.000376478	2
68.3543	24.7376	-0.000618001	0.000388407	2
68.4208	25.6087	-0.000641641	0.000399938	2
68.5135	26.4701	-0.000664988	0.000411078	2
68.6307	27.3121	-0.000687778	0.00042171	2
68.7745	28.1543	-0.000710536	0.00043209	2
68.9433	28.987	-0.000732995	0.000442098	2
69.1369	29.8101	-0.000755151	0.00045174	2
69.3547	30.6236	-0.000777001	0.000461023	2
69.5964	31.4276	-0.000798543	0.000469955	2
69.8615	32.222	-0.000819775	0.00047854	2
70.1497	33.007	-0.000840693	0.000486787	2
70.4606	33.7825	-0.000861295	0.000494702	2
70.7937	34.5485	-0.000881579	0.000502292	2
71.1486	35.3051	-0.000901542	0.000509562	2
71.525	36.0523	-0.00092118	0.00051652	2
71.9224	36.7901	-0.000940493	0.000523173	2
72.3405	37.5186	-0.000959476	0.000529526	2
72.7788	38.2377	-0.000978127	0.000535588	2
73.2369	38.9474	-0.000996445	0.000541363	2
73.7144	39.6479	-0.00101442	0.00054686	2
74.2109	40.3391	-0.00103207	0.000552084	2
74.7261	41.021	-0.00104936	0.000557043	2
75.2594	41.6937	-0.00106632	0.000561742	2
75.8106	42.3571	-0.00108292	0.000566189	2
76.3792	43.0114	-0.00109918	0.00057039	2
76.9647	43.6565	-0.00111508	0.000574352	2
77.5599	44.2851	-0.00113045	0.00057804	2
78.1781	44.912	-0.00114565	0.000581546	2
78.812	45.5298	-0.00116048	0.000584833	2
79.4614	46.1385	-0.00117495	0.000587907	2
80.1257	46.7381	-0.00118905	0.000590776	2
80.8046	47.3287	-0.00120279	0.000593444	2
81.4977	47.9102	-0.00121615	0.000595921	2
82.2046	48.4828	-0.00122915	0.000598211	2
82.9248	49.0463	-0.00124176	0.000600321	2
83.658	49.6009	-0.001254	0.000602259	2
84.4038	50.1465	-0.00126585	0.000604031	2
85.1617	50.6832	-0.00127732	0.000605643	2
85.9314	51.211	-0.0012884	0.000607103	2
86.7124	51.7299	-0.00129909	0.000608416	2
87.5044	52.24	-0.00130939	0.00060959	2
88.3069	52.7412	-0.0013193	0.00061063	2
89.1195	53.2336	-0.00132881	0.000611545	2
89.9419	53.7172	-0.00133792	0.00061234	2
90.7737	54.192	-0.00134662	0.000613021	2
91.6143	54.6581	-0.00135492	0.000613597	2
92.4635	55.1154	-0.00136282	0.000614073	2
93.3208	55.5641	-0.0013703	0.000614456	2
94.1858	56.004	-0.00137737	0.000614752	2
95.0581	56.4353	-0.00138402	0.000614969	2
95.9272	56.8531	-0.00139018	0.000615111	2
96.8128	57.2672	-0.001396	0.000615189	2
97.7046	57.6727	-0.0014014	0.000615207	2
98.602	58.0695	-0.00140637	0.000615171	2
99.5048	58.4579	-0.0014109	0.000615089	2
100.412	58.8377	-0.00141501	0.000614968	2
101.325	59.2089	-0.00141869	0.000614812	2
102.241	59.5717	-0.00142192	0.000614631	2
103.161	59.926	-0.00142472	0.000614429	2
104.084	60.2718	-0.00142707	0.000614213	2
105.01	60.6092	-0.00142898	0.000613991	2
105.939	60.9381	-0.00143045	0.000613769	2
106.869	61.2587	-0.00143146	0.000613554	2
107.801	61.5709	-0.00143202	0.000613351	2
108.735	61.8748	-0.00143212	0.000613169	2
109.669	62.1703	-0.00143177	0.000613013	2
110.604	62.4575	-0.00143096	0.00061289	2
111.539	62.7364	-0.00142968	0.000612807	2
112.474	63.007	-0.00142794	0.00061277	2
113.407	63.2694	-0.00142573	0.000612787	2
114.34	63.5236	-0.00142305	0.000612863	2
115.271	63.7696	-0.00141989	0.000613005	2
116.2	64.0073	-0.00141626	0.000613221	2
117.116	64.2344	-0.0014122	0.000613512	2
118.04	64.4559	-0.00140761	0.000613892	2
118.961	64.6694	-0.00140254	0.000614366	2
119.878	64.8747	-0.00139698	0.000614938	2

124.997	2.00988	5.56082e-08	2.91043e-08	2
124.736	2.86341	3.80119e-06	2.16312e-06	2
124.464	3.73398	5.52943e-06	3.59442e-06	2
124.183	4.61145	5.22183e-06	4.31597e-06	2
123.897	5.48535	2.9532e-06	4.35331e-06	2
123.601	6.37575	-1.29244e-06	3.72918e-06	2
123.297	7.27226	-7.46303e-06	2.46133e-06	2
122.987	8.17463	-1.55215e-05	5.71856e-07	2
122.67	9.08258	-2.54306e-05	-1.91716e-06	2
122.348	9.99586	-3.71535e-05	-4.98361e-06	2
122.021	10.9142	-5.06528e-05	-8.60543e-06	2
121.689	11.8373	-6.58915e-05	-1.27605e-05	2
121.352	12.765	-8.28326e-05	-1.74267e-05	2
121.011	13.697	-0.000101439	-2.25821e-05	2
120.667	14.6329	-0.000121673	-2.82044e-05	2
120.319	15.5726	-0.000143499	-3.42716e-05	2
119.969	16.5158	-0.000166878	-4.07616e-05	2
119.617	17.4622	-0.000191774	-4.76523e-05	2
119.263	18.4116	-0.000218149	-5.49217e-05	2
118.907	19.3637	-0.000245968	-6.25476e-05	2
118.551	20.3182	-0.000275191	-7.05079e-05	2
118.194	21.2749	-0.000305783	-7.87805e-05	2
117.837	22.2335	-0.000337707	-8.73435e-05	2
117.481	23.1937	-0.000370924	-9.61745e-05	2
117.125	24.1554	-0.000405399	-0.000105252	2
116.771	25.1181	-0.000441093	-0.000114553	2
116.423	26.0707	-0.00047754	-0.000123946	2
116.072	27.0349	-0.00051555	-0.000133626	2
115.725	27.9994	-0.000554669	-0.000143465	2
115.38	28.964	-0.000594859	-0.00015344	2
115.039	29.9285	-0.000636085	-0.000163529	2
114.702	30.8924	-0.000678308	-0.000173709	2
114.369	31.8557	-0.000721492	-0.000183959	2
114.041	32.818	-0.0007656	-0.000194256	2
113.718	33.7791	-0.000810594	-0.000204578	2
113.401	34.7386	-0.000856437	-0.000214905	2
113.09	35.6964	-0.000903092	-0.000225212	2
112.786	36.6522	-0.000950523	-0.000235478	2
112.489	37.6057	-0.000998691	-0.000245682	2
112.199	38.5566	-0.00104756	-0.0002558	2
111.918	39.5047	-0.00109709	-0.000265811	2
111.644	40.4498	-0.00114725	-0.000275693	2
111.38	41.3915	-0.001198	-0.000285424	2
111.124	42.3296	-0.0012493	-0.000294981	2
110.879	43.2638	-0.00130112	-0.000304343	2
110.643	44.1939	-0.00135342	-0.000313487	2
110.418	45.1196	-0.00140615	-0.000322392	2
110.204	46.0407	-0.00145929	-0.000331035	2
110.002	46.9569	-0.0015128	-0.000339393	2
109.813	47.8574	-0.00156601	-0.000347356	2
109.635	48.763	-0.00162014	-0.000355084	2
109.47	49.6629	-0.00167452	-0.000362463	2
109.317	50.5569	-0.00172912	-0.00036947	2
109.179	51.4446	-0.00178391	-0.000376083	2
109.054	52.3258	-0.00183884	-0.00038228	2
108.944	53.2003	-0.00189387	-0.000388038	2
108.849	54.0678	-0.00194898	-0.000393336	2
108.769	54.928	-0.00200412	-0.000398152	2
108.706	55.7806	-0.00205925	-0.000402463	2
108.658	56.6255	-0.00211434	-0.000406247	2
108.628	57.4623	-0.00216936	-0.000409483	2
108.614	58.2907	-0.00222426	-0.000412148	2
108.618	59.1106	-0.00227901	-0.00041422	2
108.64	59.9217	-0.00233357	-0.000415677	2
108.681	60.7236	-0.00238791	-0.000416497	2
108.741	61.5161	-0.00244198	-0.000416658	2
108.82	62.299	-0.00249574	-0.000416137	2
108.919	63.072	-0.00254918	-0.000414914	2
109.038	63.8349	-0.00260223	-0.000412964	2
109.178	64.5873	-0.00265488	-0.000410268	2
109.34	65.329	-0.00270707	-0.000406801	2
109.522	66.0598	-0.00275878	-0.000402543	2
109.727	66.7794	-0.00280997	-0.000397471	2
109.952	67.4794	-0.00286002	-0.000391636	2
110.202	68.1759	-0.00291005	-0.00038488	2
110.475	68.8603	-0.00295946	-0.000377245	2
110.773	69.5326	-0.00300819	-0.000368707	2
111.094	70.1923	-0.00305621	-0.000359246	2
111.44	70.8392	-0.00310348	-0.000348838	2
111.812	71.473	-0.00314998	-0.000337462	2
112.209	72.0936	-0.00319565	-0.000325096	2
112.632	72.7006	-0.00324047	-0.000311717	2
113.081	73.2937	-0.00328439	-0.000297304	2
113.557	73.8728	-0.00332739	-0.000281835	2
114.061	74.4374	-0.00336941	-0.000265286	2
114.593	74.9875	-0.00341043	-0.000247637	2
115.152	75.5227	-0.00345041	-0.000228866	2
115.741	76.0427	-0.0034893	-0.000208949	2
116.358	76.5473	-0.00352709	-0.000187865	2
117.005	77.0362	-0.00356371	-0.000165592	2
117.682	77.5092	-0.00359915	-0.000142108	2
118.39	77.966	-0.00363336	-0.000117391	2
119.128	78.4063	-0.0036663	-9.14181e-05	2
119.898	78.8299	-0.00369794	-6.41678e-05	2
120.699	79.2365	-0.00372825	-3.56181e-05	2
121.533	79.6259	-0.00375717	-5.74661e-06	2
122.389	79.9936	-0.00378438	2.51021e-05	2
123.288	80.3478	-0.00381046	5.76673e-05	2
124.221	80.6841	-0.00383505	9.16202e-05	2
125.188	81.002	-0.00385812	0.000126983	2

