-125.004	2.01376	2.4961e-07	1.56509e-07	2
-125.359	3.18504	2.14347e-05	1.37586e-05	2
-125.739	4.34557	4.23022e-05	2.78027e-05	2
-126.14	5.48201	6.26057e-05	4.21281e-05	2
-126.556	6.5821	8.21245e-05	5.65615e-05	2
-126.997	7.67184	0.000101316	7.14346e-05	2
-127.458	8.73869	0.000119953	8.65771e-05	2
-127.938	9.78309	0.000138038	0.000101985	2
-128.437	10.8054	0.000155575	0.000117654	2
-128.954	11.8061	0.000172567	0.000133581	2
-129.489	12.7855	0.000189018	0.000149762	2
-130.042	13.7441	0.000204929	0.000166191	2
-130.613	14.6823	0.000220305	0.000182866	2
-131.2	15.6004	0.000235149	0.000199783	2
-131.804	16.4989	0.000249464	0.000216937	2
-132.424	17.3783	0.000263253	0.000234324	2
-133.06	18.2388	0.000276519	0.000251941	2
-133.711	19.0809	0.000289265	0.000269784	2
-134.378	19.9051	0.000301495	0.000287847	2
-135.059	20.7116	0.000313211	0.000306129	2
-135.754	21.501	0.000324418	0.000324623	2
-136.464	22.2737	0.000335118	0.000343328	2
-137.187	23.03	0.000345313	0.000362237	2
-137.922	23.7703	0.000355009	0.000381348	2
-138.671	24.4951	0.000364207	0.000400657	2
-139.432	25.2048	0.00037291	0.000420159	2
-140.196	25.8919	0.000381031	0.000439622	2
-140.981	26.5727	0.000388762	0.000459497	2
-141.777	27.2396	0.000396007	0.000479553	2
-142.584	27.893	0.000402772	0.000499787	2
-143.401	28.5333	0.000409057	0.000520194	2
-144.228	29.1609	0.000414868	0.000540771	2
-145.065	29.7762	0.000420206	0.000561513	2
-145.911	30.3797	0.000425076	0.000582417	2
-146.767	30.9717	0.00042948	0.000603478	2
-147.63	31.5526	0.000433422	0.000624693	2
-148.502	32.1229	0.000436904	0.000646057	2
-149.382	32.683	0.00043993	0.000667566	2
-150.269	33.2332	0.000442503	0.000689218	2
-151.164	33.774	0.000444626	0.000711006	2
-152.065	34.3058	0.000446303	0.000732928	2
-152.972	34.8289	0.000447536	0.00075498	2
-153.885	35.3439	0.000448329	0.000777157	2
-154.804	35.8511	0.000448685	0.000799456	2
-155.727	36.3509	0.000448607	0.000821872	2
-156.656	36.8437	0.000448098	0.000844402	2
-157.589	37.3299	0.000447162	0.000867041	2
-158.526	37.81	0.000445801	0.000889786	2
-159.466	38.2843	0.000444019	0.000912632	2
-160.399	38.748	0.000441847	0.000935311	2
-161.346	39.212	0.000439237	0.000958348	2
-162.295	39.6716	0.000436215	0.000981473	2
-163.246	40.127	0.000432785	0.00100468	2
-164.199	40.5787	0.000428949	0.00102798	2
-165.153	41.0271	0.000424711	0.00105135	2
-166.108	41.4726	0.000420074	0.00107479	2
-167.064	41.9156	0.000415041	0.00109831	2
-168.02	42.3565	0.000409616	0.00112188	2
-168.975	42.7957	0.000403801	0.00114552	2
-169.93	43.2337	0.000397599	0.00116922	2
-170.884	43.6708	0.000391015	0.00119297	2
-171.837	44.1074	0.00038405	0.00121678	2
-172.788	44.544	0.000376709	0.00124062	2
-173.737	44.9809	0.000368994	0.00126451	2
-174.683	45.4186	0.000360909	0.00128844	2
-175.627	45.8574	0.000352457	0.0013124	2
-176.567	46.2979	0.00034364	0.00133639	2
-177.504	46.7403	0.000334462	0.0013604	2
-178.437	47.1852	0.000324927	0.00138444	2
-179.365	47.6328	0.000315037	0.00140849	2
-180.288	48.0836	0.000304796	0.00143256	2
-181.207	48.5381	0.000294207	0.00145663	2
-182.119	48.9966	0.000283272	0.00148072	2
-183.016	49.4542	0.000272127	0.00150452	2
-183.917	49.9219	0.000260516	0.00152861	2
-184.811	50.3948	0.000248569	0.00155268	2
-185.697	50.8735	0.00023629	0.00157675	2
-186.577	51.3581	0.000223682	0.0016008	2
-187.449	51.8493	0.000210748	0.00162483	2
-188.312	52.3473	0.00019749	0.00164884	2
-189.167	52.8526	0.000183914	0.00167282	2
-190.013	53.3656	0.00017002	0.00169677	2
-190.849	53.8867	0.000155814	0.00172069	2
-191.676	54.4163	0.000141297	0.00174457	2
-192.493	54.9548	0.000126473	0.00176841	2
-193.299	55.5026	0.000111345	0.0017922	2
-194.094	56.0602	9.59172e-05	0.00181594	2
-194.878	56.6279	8.01916e-05	0.00183963	2
-195.65	57.2062	6.41717e-05	0.00186326	2
-196.411	57.7954	4.78607e-05	0.00188682	2
-197.159	58.396	3.12618e-05	0.00191032	2
-197.894	59.0083	1.43781e-05	0.00193375	2
-198.616	59.6328	-2.7871e-06	0.00195711	2
-199.324	60.2699	-2.02307e-05	0.00198038	2
-200.019	60.92	-3.79495e-05	0.00200358	2
-200.699	61.5835	-5.59404e-05	0.00202669	2
-201.357	62.253	-7.39888e-05	0.00204944	2
-202.008	62.9443	-9.25111e-05	0.00207236	2
-202.643	63.6503	-0.000111296	0.00209519	2
-203.262	64.3713	-0.00013034	0.00211791	2

-75.0048	2.01201	-4.53207e-08	3.17285e-07	2
-75.4123	3.04404	-3.28137e-06	2.72219e-05	2
-75.8091	4.08662	-5.23367e-06	5.36775e-05	2
-76.1905	5.12775	-5.87102e-06	7.93761e-05	2
-76.5527	6.15551	-5.22252e-06	0.000104045	2
-76.9042	7.1938	-3.2871e-06	0.000128266	2
-77.2408	8.23068	-7.89693e-08	0.000151758	2
-77.5628	9.26616	4.38773e-06	0.000174531	2
-77.8703	10.3003	1.00989e-05	0.000196595	2
-78.1635	11.333	1.70403e-05	0.000217957	2
-78.4425	12.3644	2.51979e-05	0.000238628	2
-78.7076	13.3944	3.45576e-05	0.000258618	2
-78.9589	14.4231	4.51051e-05	0.000277935	2
-79.1966	15.4505	5.68264e-05	0.00029659	2
-79.4208	16.4765	6.97074e-05	0.00031459	2
-79.6318	17.5013	8.37338e-05	0.000331947	2
-79.8296	18.5248	9.88916e-05	0.000348669	2
-80.0146	19.547	0.000115167	0.000364766	2
-80.1868	20.568	0.000132545	0.000380247	2
-80.3463	21.5878	0.000151012	0.000395122	2
-80.4935	22.6063	0.000170554	0.000409399	2
-80.6285	23.6236	0.000191156	0.000423089	2
-80.7514	24.6396	0.000212806	0.000436201	2
-80.8623	25.6545	0.000235487	0.000448744	2
-80.9616	26.6683	0.000259187	0.000460728	2
-81.0493	27.6808	0.000283891	0.000472161	2
-81.1249	28.6806	0.000309284	0.000482932	2
-81.1901	29.6909	0.000335943	0.0004933	2
-81.2444	30.7001	0.000363564	0.000503147	2
-81.2877	31.7081	0.000392133	0.000512481	2
-81.3204	32.7151	0.000421635	0.000521312	2
-81.3426	33.7209	0.000452057	0.000529649	2
-81.3544	34.7257	0.000483384	0.000537502	2
-81.3561	35.7295	0.000515602	0.000544881	2
-81.3477	36.7321	0.000548698	0.000551794	2
-81.3296	37.7338	0.000582656	0.000558252	2
-81.3017	38.7344	0.000617463	0.000564262	2
-81.2644	39.734	0.000653105	0.000569836	2
-81.2178	40.7327	0.000689568	0.000574982	2
-81.1621	41.7303	0.000726837	0.00057971	2
-81.0974	42.727	0.000764898	0.00058403	2
-81.0239	43.7227	0.000803738	0.000587949	2
-80.9418	44.7175	0.000843342	0.000591479	2
-80.8512	45.7113	0.000883695	0.000594628	2
-80.7524	46.7043	0.000924784	0.000597406	2
-80.6454	47.6963	0.000966595	0.000599823	2
-80.5306	48.6874	0.00100911	0.000601887	2
-80.4079	49.6777	0.00105233	0.000603608	2
-80.2777	50.6671	0.00109622	0.000604995	2
-80.1417	51.6443	0.00114026	0.000606048	2
-79.997	52.632	0.00118546	0.000606801	2
-79.8451	53.6188	0.00123129	0.000607248	2
-79.6864	54.6049	0.00127775	0.000607399	2
-79.5209	55.5902	0.00132482	0.000607263	2
-79.3489	56.5747	0.00137248	0.000606851	2
-79.1706	57.5584	0.00142073	0.00060617	2
-78.986	58.5413	0.00146954	0.000605232	2
-78.7953	59.5235	0.0015189	0.000604045	2
-78.5989	60.5049	0.0015688	0.000602618	2
-78.3967	61.4857	0.00161922	0.000600961	2
-78.189	62.4657	0.00167016	0.000599083	2
-77.976	63.445	0.00172159	0.000596995	2
-77.7578	64.4237	0.0017735	0.000594704	2
-77.5346	65.4016	0.00182588	0.000592221	2
-77.3065	66.3789	0.00187871	0.000589556	2
-77.0739	67.3556	0.00193198	0.000586716	2
-76.8367	68.3316	0.00198567	0.000583713	2
-76.5953	69.3071	0.00203978	0.000580554	2
-76.3497	70.2819	0.00209428	0.000577251	2
-76.1001	71.2561	0.00214917	0.000573812	2
-75.8467	72.2297	0.00220442	0.000570246	2
-75.5898	73.2028	0.00226003	0.000566563	2
-75.3293	74.1753	0.00231598	0.000562772	2
-75.0687	75.1361	0.00237161	0.000558929	2
-74.8019	76.1075	0.00242819	0.000554952	2
-74.5323	77.0785	0.00248507	0.000550896	2
-74.2598	78.0489	0.00254224	0.00054677	2
-73.9848	79.0188	0.00259967	0.000542583	2
-73.7073	79.9883	0.00265736	0.000538345	2
-73.4277	80.9573	0.00271529	0.000534065	2
-73.1459	81.9259	0.00277345	0.000529753	2
-72.8623	82.894	0.00283183	0.000525418	2
-72.5769	83.8616	0.0028904	0.000521069	2
-72.29	84.8289	0.00294915	0.000516715	2
-72.0017	85.7958	0.00300808	0.000512368	2
-71.7122	86.7623	0.00306716	0.000508034	2
-71.4216	87.7284	0.00312639	0.000503725	2
-71.1302	88.6941	0.00318574	0.00049945	2
-70.8382	89.6595	0.00324521	0.000495217	2
-70.5456	90.6246	0.00330478	0.000491036	2
-70.2526	91.5894	0.00336443	0.000486918	2
-69.9595	92.5538	0.00342416	0.00048287	2
-69.6664	93.5179	0.00348394	0.000478903	2
-69.3735	94.4818	0.00354377	0.000475026	2
-69.0809	95.4454	0.00360363	0.000471248	2
-68.7888	96.4087	0.0036635	0.00046758	2
-68.5008	97.3607	0.00372269	0.000464069	2
-68.2103	98.3236	0.00378255	0.000460645	2
-67.9208	99.2862	0.00384238	0.000457357	2
-67.6325	100.249	0.00390217	0.000454216	2

-25.0018	2.01349	-4.66035e-07	7.5102e-08	2
-25.1368	3.16104	-4.03989e-05	6.70436e-06	2
-25.2404	4.29711	-8.05024e-05	1.37527e-05	2
-25.3111	5.40852	-0.000120311	2.11435e-05	2
-25.3493	6.48325	-0.000159372	2.87844e-05	2
-25.3562	7.54659	-0.000198594	3.68518e-05	2
-25.3317	8.58624	-0.000237522	4.52572e-05	2
-25.2763	9.60251	-0.000276157	5.39991e-05	2
-25.1905	10.5957	-0.000314498	6.3076e-05	2
-25.0748	11.5662	-0.000352545	7.24866e-05	2
-24.9296	12.5143	-0.0003903	8.22291e-05	2
-24.7554	13.4403	-0.000427762	9.23023e-05	2
-24.5527	14.3445	-0.000464932	0.000102705	2
-24.322	15.2272	-0.000501809	0.000113434	2
-24.0638	16.0889	-0.000538396	0.00012449	2
-23.7785	16.9297	-0.00057469	0.000135871	2
-23.4665	17.75	-0.000610694	0.000147575	2
-23.1285	18.5502	-0.000646407	0.0001596	2
-22.7649	19.3305	-0.00068183	0.000171946	2
-22.3761	20.0913	-0.000716962	0.00018461	2
-21.9627	20.8329	-0.000751805	0.000197591	2
-21.525	21.5556	-0.000786358	0.000210888	2
-21.0637	22.2597	-0.000820622	0.0002245	2
-20.5791	22.9456	-0.000854597	0.000238424	2
-20.0717	23.6136	-0.000888284	0.000252659	2
-19.5421	24.2639	-0.000921682	0.000267204	2
-18.9972	24.8898	-0.000954414	0.000281885	2
-18.4247	25.5062	-0.00098724	0.000297041	2
-17.8314	26.1058	-0.00101978	0.000312503	2
-17.2178	26.6892	-0.00105203	0.000328269	2
-16.5842	27.2565	-0.001084	0.000344337	2
-15.9313	27.8082	-0.00111568	0.000360706	2
-15.2594	28.3445	-0.00114707	0.000377374	2
-14.5691	28.8657	-0.00117818	0.00039434	2
-13.8608	29.3723	-0.001209	0.000411602	2
-13.135	29.8644	-0.00123953	0.000429159	2
-12.3923	30.3425	-0.00126979	0.00044701	2
-11.633	30.8068	-0.00129975	0.000465153	2
-10.8577	31.2577	-0.00132944	0.000483586	2
-10.0668	31.6954	-0.00135884	0.000502308	2
-9.26078	32.1204	-0.00138795	0.000521317	2
-8.44019	32.5328	-0.00141679	0.000540612	2
-7.60547	32.9331	-0.00144534	0.000560192	2
-6.7571	33.3216	-0.0014736	0.000580055	2
-5.89557	33.6986	-0.00150159	0.000600199	2
-5.02134	34.0644	-0.00152929	0.000620623	2
-4.1349	34.4193	-0.00155671	0.000641326	2
-3.23673	34.7636	-0.00158385	0.000662306	2
-2.32731	35.0978	-0.00161071	0.000683561	2
-1.41776	35.4183	-0.00163699	0.000704841	2
-0.487389	35.733	-0.00166329	0.00072664	2
0.452799	36.0385	-0.00168931	0.00074871	2
1.40233	36.335	-0.00171505	0.00077105	2
2.36071	36.6229	-0.00174052	0.000793657	2
3.32748	36.9025	-0.0017657	0.000816531	2
4.30215	37.174	-0.0017906	0.000839671	2
5.28424	37.4379	-0.00181523	0.000863074	2
6.27328	37.6945	-0.00183958	0.000886739	2
7.26878	37.944	-0.00186365	0.000910665	2
8.27026	38.1868	-0.00188744	0.00093485	2
9.27725	38.4233	-0.00191095	0.000959293	2
10.2893	38.6537	-0.00193419	0.000983992	2
11.3058	38.8783	-0.00195715	0.00100895	2
12.3264	39.0975	-0.00197984	0.00103415	2
13.3506	39.3116	-0.00200225	0.00105961	2
14.378	39.5209	-0.00202438	0.00108532	2
15.4079	39.7257	-0.00204624	0.00111128	2
16.44	39.9264	-0.00206782	0.00113748	2
17.4738	40.1233	-0.00208913	0.00116393	2
18.5087	40.3167	-0.00211016	0.00119063	2
19.5444	40.5069	-0.00213092	0.00121757	2
20.5803	40.6943	-0.00215141	0.00124475	2
21.6159	40.8791	-0.00217162	0.00127216	2
22.639	41.0596	-0.00219134	0.0012995	2
23.6727	41.2403	-0.002211	0.00132739	2
24.7048	41.4194	-0.0022304	0.00135552	2
25.7347	41.5973	-0.00224953	0.00138388	2
26.7619	41.7742	-0.00226838	0.00141247	2
27.786	41.9505	-0.00228696	0.0014413	2
28.8066	42.1265	-0.00230527	0.00147035	2
29.823	42.3026	-0.00232331	0.00149963	2
30.8349	42.4789	-0.00234108	0.00152914	2
31.8418	42.656	-0.00235858	0.00155888	2
32.8431	42.834	-0.00237581	0.00158883	2
33.8385	43.0133	-0.00239277	0.00161901	2
34.8274	43.1943	-0.00240945	0.00164941	2
35.8093	43.3772	-0.00242588	0.00168003	2
36.7838	43.5624	-0.00244203	0.00171086	2
37.7504	43.7502	-0.00245791	0.00174191	2
38.7086	43.9408	-0.00247352	0.00177318	2
39.6579	44.1347	-0.00248887	0.00180466	2
40.5979	44.3322	-0.00250395	0.00183635	2
41.528	44.5335	-0.00251876	0.00186825	2
42.4478	44.739	-0.00253331	0.00190036	2
43.3569	44.949	-0.00254759	0.00193268	2
44.2546	45.1639	-0.0025616	0.0019652	2
45.1305	45.3813	-0.00257519	0.00199755	2
46.0045	45.6068	-0.00258867	0.00203048	2
46.8657	45.838	-0.00260189	0.0020636	2
47.7138	46.0753	-0.00261485	0.00209693	2

24.992	2.01309	2.70456e-09	1.65938e-07	2
24.3231	3.13357	-4.16123e-07	1.45034e-05	2
23.6809	4.25655	-2.13212e-06	2.91393e-05	2
23.0729	5.36897	-5.12068e-06	4.39032e-05	2
22.5052	6.45825	-9.29884e-06	5.86191e-05	2
21.9642	7.54974	-1.47367e-05	7.36248e-05	2
21.4564	8.63075	-2.13655e-05	8.87457e-05	2
20.9813	9.70129	-2.91578e-05	0.000103977	2
20.5386	10.7614	-3.80864e-05	0.000119315	2
20.1279	11.8111	-4.8124e-05	0.000134756	2
19.7488	12.8504	-5.92432e-05	0.000150294	2
19.401	13.8793	-7.14166e-05	0.000165925	2
19.084	14.8979	-8.46171e-05	0.000181646	2
18.7976	15.9062	-9.88172e-05	0.000197451	2
18.5412	16.9041	-0.00011399	0.000213337	2
18.3146	17.8919	-0.000130107	0.000229299	2
18.1173	18.8693	-0.000147142	0.000245332	2
17.9491	19.8366	-0.000165068	0.000261434	2
17.8094	20.7936	-0.000183856	0.000277598	2
17.6979	21.7405	-0.000203481	0.000293821	2
17.6143	22.6773	-0.000223913	0.000310098	2
17.5582	23.6039	-0.000245127	0.000326425	2
17.5292	24.5204	-0.000267095	0.000342799	2
17.5268	25.4269	-0.000289789	0.000359213	2
17.5509	26.3233	-0.000313182	0.000375665	2
17.6008	27.2097	-0.000337247	0.000392149	2
17.6754	28.076	-0.000361669	0.000408472	2
17.7759	28.9425	-0.000386988	0.000425009	2
17.9012	29.7991	-0.000412898	0.000441565	2
18.051	30.6458	-0.000439371	0.000458137	2
18.2248	31.4825	-0.000466379	0.00047472	2
18.4224	32.3094	-0.000493895	0.00049131	2
18.6432	33.1264	-0.000521892	0.000507902	2
18.887	33.9336	-0.000550343	0.000524493	2
19.1534	34.731	-0.00057922	0.000541077	2
19.442	35.5186	-0.000608496	0.00055765	2
19.7524	36.2965	-0.000638143	0.000574209	2
20.0842	37.0646	-0.000668135	0.000590748	2
20.4371	37.823	-0.000698444	0.000607264	2
20.8106	38.5718	-0.000729042	0.000623752	2
21.2045	39.3109	-0.000759903	0.000640208	2
21.6182	40.0403	-0.000790998	0.000656627	2
22.0516	40.7602	-0.000822301	0.000673005	2
22.5041	41.4704	-0.000853785	0.000689338	2
22.9753	42.1711	-0.000885421	0.000705621	2
23.465	42.8623	-0.000917184	0.00072185	2
23.9728	43.544	-0.000949044	0.000738022	2
24.4982	44.2162	-0.000980976	0.00075413	2
25.0409	44.8789	-0.00101295	0.000770172	2
25.5939	45.5247	-0.00104458	0.000785959	2
26.1698	46.1687	-0.00107656	0.000801854	2
26.7619	46.8033	-0.0011085	0.00081767	2
27.3697	47.4285	-0.00114038	0.000833402	2
27.993	48.0444	-0.00117216	0.000849045	2
28.6313	48.651	-0.00120383	0.000864595	2
29.2842	49.2483	-0.00123535	0.000880047	2
29.9513	49.8363	-0.00126669	0.000895399	2
30.6324	50.4151	-0.00129783	0.000910644	2
31.327	50.9847	-0.00132875	0.000925779	2
32.0347	51.5451	-0.0013594	0.0009408	2
32.7551	52.0963	-0.00138977	0.000955701	2
33.488	52.6384	-0.00141984	0.00097048	2
34.2328	53.1713	-0.00144956	0.00098513	2
34.9893	53.6952	-0.00147892	0.000999649	2
35.757	54.21	-0.00150788	0.00101403	2
36.5355	54.7158	-0.00153642	0.00102827	2
37.3246	55.2125	-0.00156452	0.00104237	2
38.1238	55.7002	-0.00159214	0.00105632	2
38.9327	56.179	-0.00161926	0.00107011	2
39.7509	56.6488	-0.00164585	0.00108375	2
40.5782	57.1097	-0.00167188	0.00109722	2
41.414	57.5617	-0.00169733	0.00111053	2
42.2581	58.0049	-0.00172216	0.00112367	2
43.1002	58.4342	-0.00174608	0.00113648	2
43.9595	58.8598	-0.00176962	0.00114926	2
44.8259	59.2765	-0.00179247	0.00116186	2
45.699	59.6845	-0.00181459	0.00117427	2
46.5785	60.0837	-0.00183597	0.00118649	2
47.4639	60.4742	-0.00185657	0.00119852	2
48.3549	60.8561	-0.00187637	0.00121034	2
49.2511	61.2292	-0.00189533	0.00122195	2
50.1521	61.5937	-0.00191344	0.00123336	2
51.0576	61.9495	-0.00193067	0.00124455	2
51.9672	62.2968	-0.00194699	0.00125552	2
52.8805	62.6354	-0.00196236	0.00126627	2
53.7971	62.9655	-0.00197677	0.00127679	2
54.7166	63.2871	-0.00199019	0.00128708	2
55.6387	63.6002	-0.00200258	0.00129714	2
56.563	63.9048	-0.00201392	0.00130695	2
57.4891	64.2009	-0.00202419	0.00131652	2
58.4166	64.4886	-0.00203336	0.00132584	2
59.3452	64.7679	-0.0020414	0.00133491	2
60.2745	65.0389	-0.00204827	0.00134372	2
61.204	65.3014	-0.00205397	0.00135227	2
62.1335	65.5556	-0.00205845	0.00136055	2
63.0625	65.8015	-0.00206169	0.00136856	2
63.9801	66.0365	-0.00206365	0.00137621	2
64.9071	66.266	-0.00206434	0.00138367	2
65.8325	66.4872	-0.00206372	0.00139085	2
66.756	66.7002	-0.00206174	0.00139773	2

74.9973	2.00998	2.26898e-07	7.17326e-08	2
74.7553	2.87137	1.84475e-05	5.80151e-06	2
74.4976	3.74841	3.43082e-05	1.07306e-05	2
74.2274	4.6309	4.7625e-05	1.48119e-05	2
73.9485	5.5084	5.83306e-05	1.8037e-05	2
73.6549	6.40109	6.67167e-05	2.05051e-05	2
73.3504	7.29857	7.26872e-05	2.21987e-05	2
73.0355	8.20064	7.62854e-05	2.31423e-05	2
72.7106	9.10706	7.7554e-05	2.33603e-05	2
72.3763	10.0176	7.65362e-05	2.28774e-05	2
72.033	10.9321	7.32749e-05	2.17181e-05	2
71.6814	11.8503	6.7813e-05	1.99068e-05	2
71.3219	12.7719	6.01936e-05	1.74681e-05	2
70.955	13.6968	5.04595e-05	1.44265e-05	2
70.5813	14.6248	3.86539e-05	1.08067e-05	2
70.2012	15.5556	2.48197e-05	6.63299e-06	2
69.8153	16.489	8.99978e-06	1.93003e-06	2
69.4241	17.4247	-8.76278e-06	-3.27769e-06	2
69.028	18.3626	-2.8425e-05	-8.96562e-06	2
68.6277	19.3025	-4.9944e-05	-1.51093e-05	2
68.2236	20.2441	-7.32767e-05	-2.1684e-05	2
67.8162	21.1871	-9.83802e-05	-2.86655e-05	2
67.4061	22.1315	-0.000125211	-3.6029e-05	2
66.9937	23.0769	-0.000153727	-4.37501e-05	2
66.5797	24.0232	-0.000183885	-5.18043e-05	2
66.1644	24.9701	-0.000215642	-6.0167e-05	2
65.7531	25.9065	-0.000248563	-6.87128e-05	2
65.337	26.8539	-0.000283371	-7.76161e-05	2
64.9211	27.8014	-0.00031965	-8.67547e-05	2
64.5061	28.7486	-0.000357356	-9.61039e-05	2
64.0924	29.6953	-0.000396447	-0.000105639	2
63.6805	30.6413	-0.000436879	-0.000115336	2
63.2711	31.5864	-0.000478609	-0.000125171	2
62.8645	32.5304	-0.000521595	-0.000135117	2
62.4614	33.473	-0.000565794	-0.000145152	2
62.0621	34.414	-0.000611162	-0.00015525	2
61.6673	35.3533	-0.000657657	-0.000165388	2
61.2774	36.2905	-0.000705235	-0.000175539	2
60.893	37.2255	-0.000753854	-0.000185681	2
60.5145	38.1581	-0.000803471	-0.000195788	2
60.1426	39.088	-0.000854042	-0.000205836	2
59.7776	40.015	-0.000905525	-0.000215801	2
59.4201	40.9389	-0.000957877	-0.000225657	2
59.0706	41.8594	-0.00101105	-0.00023538	2
58.7297	42.7764	-0.00106501	-0.000244947	2
58.3978	43.6897	-0.00111971	-0.000254331	2
58.0755	44.5989	-0.00117511	-0.000263509	2
57.7632	45.5039	-0.00123116	-0.000272457	2
57.4616	46.4045	-0.00128782	-0.000281149	2
57.1743	47.2902	-0.00134439	-0.000289466	2
56.8952	48.1814	-0.00140214	-0.000297578	2
56.6282	49.0674	-0.00146037	-0.00030536	2
56.3738	49.9482	-0.00151904	-0.00031279	2
56.1326	50.8234	-0.00157811	-0.000319842	2
55.9051	51.6929	-0.00163753	-0.000326492	2
55.6917	52.5564	-0.00169726	-0.000332715	2
55.4931	53.4138	-0.00175726	-0.000338486	2
55.3096	54.2647	-0.00181748	-0.000343782	2
55.1418	55.109	-0.00187788	-0.000348578	2
54.9903	55.9465	-0.00193843	-0.000352848	2
54.8554	56.7769	-0.00199907	-0.000356569	2
54.7379	57.6	-0.00205976	-0.000359717	2
54.6381	58.4156	-0.00212046	-0.000362266	2
54.5566	59.2235	-0.00218112	-0.000364191	2
54.4939	60.0235	-0.00224172	-0.00036547	2
54.4504	60.8152	-0.00230219	-0.000366076	2
54.4268	61.5986	-0.0023625	-0.000365986	2
54.4236	62.3735	-0.0024226	-0.000365174	2
54.4411	63.1394	-0.00248246	-0.000363617	2
54.4801	63.8964	-0.00254202	-0.00036129	2
54.5409	64.6441	-0.00260125	-0.000358169	2
54.624	65.3823	-0.00266011	-0.000354228	2
54.7301	66.1108	-0.00271854	-0.000349443	2
54.858	66.8211	-0.00277585	-0.00034386	2
55.0111	67.5297	-0.00283332	-0.000337324	2
55.1887	68.2279	-0.00289024	-0.000329872	2
55.3912	68.9155	-0.00294657	-0.000321478	2
55.6191	69.5924	-0.00300226	-0.000312118	2
55.8731	70.2582	-0.00305728	-0.000301767	2
56.1535	70.9127	-0.00311158	-0.000290401	2
56.4609	71.5559	-0.00316511	-0.000277996	2
56.7958	72.1873	-0.00321784	-0.000264526	2
57.1588	72.8069	-0.00326972	-0.000249967	2
57.5503	73.4143	-0.00332071	-0.000234295	2
57.9708	74.0094	-0.00337076	-0.000217486	2
58.4209	74.5919	-0.00341983	-0.000199514	2
58.9011	75.1617	-0.00346788	-0.000180355	2
59.4118	75.7185	-0.00351487	-0.000159985	2
59.9537	76.2621	-0.00356075	-0.000138379	2
60.5271	76.7922	-0.00360547	-0.000115513	2
61.1327	77.3087	-0.00364901	-9.13612e-05	2
61.771	77.8113	-0.00369131	-6.59003e-05	2
62.4424	78.2998	-0.00373233	-3.91053e-05	2
63.1475	78.774	-0.00377203	-1.09519e-05	2
63.8867	79.2337	-0.00381036	1.85847e-05	2
64.6607	79.6786	-0.00384729	4.95289e-05	2
65.4603	80.1037	-0.00388236	8.15248e-05	2
66.3048	80.5186	-0.00391636	0.000115341	2
67.1854	80.9181	-0.00394882	0.000150638	2
68.1029	81.302	-0.0039797	0.00018744	2

124.999	2.01209	-1.16229e-07	5.8154e-08	2
124.928	3.04423	-9.74218e-06	4.61286e-06	2
124.825	4.074	-1.87547e-05	8.33819e-06	2
124.692	5.08956	-2.70653e-05	1.12e-05	2
124.532	6.07973	-3.46175e-05	1.32038e-05	2
124.343	7.06778	-4.16145e-05	1.442e-05	2
124.125	8.04238	-4.79923e-05	1.48445e-05	2
123.881	9.00377	-5.37785e-05	1.45014e-05	2
123.611	9.95221	-5.90009e-05	1.34146e-05	2
123.315	10.888	-6.36871e-05	1.16084e-05	2
122.994	11.8113	-6.78649e-05	9.10654e-06	2
122.649	12.7224	-7.15618e-05	5.93323e-06	2
122.281	13.6216	-7.48057e-05	2.11246e-06	2
121.89	14.5091	-7.76241e-05	-2.33174e-06	2
121.477	15.3851	-8.00448e-05	-7.37532e-06	2
121.042	16.25	-8.20954e-05	-1.29943e-05	2
120.588	17.104	-8.38037e-05	-1.91645e-05	2
120.113	17.9472	-8.51973e-05	-2.5862e-05	2
119.619	18.7801	-8.63039e-05	-3.30628e-05	2
119.107	19.6028	-8.71512e-05	-4.07428e-05	2
118.577	20.4156	-8.77669e-05	-4.8878e-05	2
118.03	21.2187	-8.81786e-05	-5.74443e-05	2
117.466	22.0124	-8.84141e-05	-6.64178e-05	2
116.887	22.797	-8.8501e-05	-7.57743e-05	2
116.293	23.5726	-8.84671e-05	-8.54898e-05	2
115.685	24.3396	-8.83399e-05	-9.55404e-05	2
115.07	25.0896	-8.81498e-05	-0.000105781	2
114.436	25.8401	-8.79196e-05	-0.000116426	2
113.789	26.5828	-8.76789e-05	-0.000127335	2
113.131	27.3178	-8.74555e-05	-0.000138482	2
112.463	28.0454	-8.7277e-05	-0.000149845	2
111.784	28.7659	-8.71712e-05	-0.000161399	2
111.096	29.4795	-8.71656e-05	-0.00017312	2
110.4	30.1865	-8.72879e-05	-0.000184984	2
109.695	30.8871	-8.7566e-05	-0.000196966	2
108.984	31.5816	-8.80274e-05	-0.000209044	2
108.266	32.2702	-8.86998e-05	-0.000221193	2
107.542	32.9532	-8.96109e-05	-0.000233388	2
106.813	33.6309	-9.07885e-05	-0.000245606	2
106.08	34.3034	-9.22601e-05	-0.000257823	2
105.343	34.971	-9.40535e-05	-0.000270015	2
104.603	35.6341	-9.61964e-05	-0.000282158	2
103.861	36.2928	-9.87164e-05	-0.000294227	2
103.117	36.9474	-0.000101641	-0.000306199	2
102.373	37.5982	-0.000104999	-0.000318049	2
101.628	38.2453	-0.000108816	-0.000329755	2
100.884	38.8891	-0.000113122	-0.00034129	2
100.142	39.5299	-0.000117943	-0.000352632	2
99.4012	40.1678	-0.000123307	-0.000363757	2
98.6717	40.7958	-0.000129171	-0.000374516	2
97.9371	41.4288	-0.000135697	-0.000385137	2
97.2066	42.0597	-0.00014285	-0.000395468	2
96.481	42.6888	-0.000150657	-0.000405486	2
95.7608	43.3163	-0.000159145	-0.000415167	2
95.0469	43.9425	-0.000168342	-0.000424486	2
94.3399	44.5677	-0.000178275	-0.000433419	2
93.6406	45.192	-0.000188973	-0.000441943	2
92.9495	45.8158	-0.000200464	-0.000450034	2
92.2676	46.4392	-0.000212774	-0.000457666	2
91.5954	47.0626	-0.000225931	-0.000464818	2
90.9336	47.6862	-0.000239964	-0.000471463	2
90.283	48.3102	-0.0002549	-0.000477579	2
89.6443	48.935	-0.000270766	-0.000483141	2
89.0181	49.5607	-0.00028759	-0.000488125	2
88.4052	50.1876	-0.0003054	-0.000492508	2
87.8063	50.8159	-0.000324224	-0.000496264	2
87.2221	51.446	-0.000344089	-0.000499371	2
86.6533	52.0781	-0.000365023	-0.000501804	2
86.1006	52.7123	-0.000387054	-0.000503539	2
85.5647	53.3491	-0.000410209	-0.000504552	2
85.0464	53.9885	-0.000434516	-0.000504819	2
84.5462	54.631	-0.000460003	-0.000504316	2
84.065	55.2766	-0.000486697	-0.000503018	2
83.6086	55.9183	-0.000514299	-0.000500932	2
83.167	56.5712	-0.000543476	-0.000497984	2
82.7466	57.228	-0.000573944	-0.000494171	2
82.3478	57.8891	-0.000605729	-0.000489467	2
81.9715	58.5546	-0.00063886	-0.00048385	2
81.6184	59.2249	-0.000673364	-0.000477294	2
81.2891	59.9003	-0.000709269	-0.000469776	2
80.9844	60.5808	-0.000746603	-0.000461273	2
80.7049	61.2669	-0.000785392	-0.000451759	2
80.4514	61.9587	-0.000825666	-0.000441211	2
80.2246	62.6566	-0.000867451	-0.000429605	2
80.0252	63.3607	-0.000910776	-0.000416916	2
79.8539	64.0713	-0.000955668	-0.000403121	2
79.7113	64.7887	-0.00100215	-0.000388196	2
79.5983	65.5131	-0.00105026	-0.000372117	2
79.5155	66.2447	-0.00110002	-0.000354859	2
79.4636	66.984	-0.00115146	-0.000336399	2
79.4433	67.7309	-0.0012046	-0.000316713	2
79.4553	68.486	-0.00125948	-0.000295776	2
79.5003	69.2493	-0.00131611	-0.000273564	2
79.5791	70.0211	-0.00137454	-0.000250054	2
79.6923	70.8018	-0.00143478	-0.000225221	2
79.8407	71.5915	-0.00149686	-0.000199042	2
80.0226	72.3812	-0.00156007	-0.000171816	2
80.243	73.1896	-0.0016259	-0.000142888	2
80.5006	74.0079	-0.00169366	-0.000112541	2
80.7961	74.8361	-0.00176338	-8.07515e-05	2

