-125.001	2.01201	-1.83008e-07	1.24806e-07	2
-125.061	3.03767	-1.54689e-05	1.02575e-05	2
-125.154	4.06178	-3.00409e-05	1.93199e-05	2
-125.277	5.07258	-4.37452e-05	2.72177e-05	2
-125.428	6.05889	-5.64677e-05	3.39097e-05	2
-125.609	7.04389	-6.8533e-05	3.95817e-05	2
-125.819	8.01624	-7.98177e-05	4.41799e-05	2
-126.056	8.9762	-9.03508e-05	4.77345e-05	2
-126.319	9.92397	-0.000100162	5.02759e-05	2
-126.609	10.8598	-0.000109279	5.18346e-05	2
-126.925	11.7839	-0.000117732	5.24409e-05	2
-127.264	12.6965	-0.00012555	5.21251e-05	2
-127.628	13.5979	-0.000132763	5.09178e-05	2
-128.015	14.4882	-0.000139398	4.88491e-05	2
-128.424	15.3677	-0.000145487	4.59496e-05	2
-128.855	16.2367	-0.000151056	4.22495e-05	2
-129.307	17.0953	-0.000156136	3.77793e-05	2
-129.779	17.9438	-0.000160756	3.25694e-05	2
-130.27	18.7824	-0.000164945	2.66501e-05	2
-130.781	19.6113	-0.000168732	2.00517e-05	2
-131.309	20.4308	-0.000172146	1.28047e-05	2
-131.855	21.2411	-0.000175216	4.93951e-06	2
-132.417	22.0425	-0.000177972	-3.5136e-06	2
-132.995	22.8351	-0.000180443	-1.25242e-05	2
-133.588	23.6191	-0.000182657	-2.2062e-05	2
-134.195	24.3949	-0.000184644	-3.20964e-05	2
-134.809	25.1539	-0.000186413	-4.24741e-05	2
-135.443	25.9139	-0.000188035	-5.34061e-05	2
-136.089	26.6663	-0.000189516	-6.47441e-05	2
-136.746	27.4113	-0.000190887	-7.64577e-05	2
-137.414	28.1492	-0.000192176	-8.85165e-05	2
-138.093	28.8802	-0.000193412	-0.00010089	2
-138.78	29.6045	-0.000194625	-0.000113548	2
-139.476	30.3223	-0.000195843	-0.00012646	2
-140.18	31.0339	-0.000197096	-0.000139596	2
-140.891	31.7396	-0.000198412	-0.000152926	2
-141.608	32.4394	-0.000199822	-0.000166418	2
-142.33	33.1337	-0.000201353	-0.000180043	2
-143.058	33.8227	-0.000203036	-0.00019377	2
-143.79	34.5066	-0.0002049	-0.000207568	2
-144.525	35.1857	-0.000206972	-0.000221409	2
-145.263	35.8601	-0.000209284	-0.00023526	2
-146.003	36.5302	-0.000211863	-0.000249092	2
-146.744	37.196	-0.000214739	-0.000262875	2
-147.485	37.858	-0.000217941	-0.000276577	2
-148.226	38.5162	-0.000221498	-0.000290169	2
-148.967	39.171	-0.000225439	-0.00030362	2
-149.705	39.8225	-0.000229794	-0.0003169	2
-150.442	40.4709	-0.000234591	-0.000329978	2
-151.166	41.1092	-0.000239797	-0.000342678	2
-151.895	41.7524	-0.000245561	-0.000355266	2
-152.62	42.3932	-0.000251855	-0.000367561	2
-153.339	43.0319	-0.000258707	-0.000379533	2
-154.052	43.6687	-0.000266147	-0.000391152	2
-154.759	44.3039	-0.000274204	-0.000402388	2
-155.457	44.9377	-0.000282907	-0.00041321	2
-156.148	45.5703	-0.000292286	-0.000423587	2
-156.83	46.2019	-0.000302369	-0.00043349	2
-157.501	46.8327	-0.000313185	-0.000442888	2
-158.163	47.4631	-0.000324764	-0.000451751	2
-158.813	48.0932	-0.000337135	-0.000460048	2
-159.451	48.7232	-0.000350327	-0.000467749	2
-160.077	49.3535	-0.000364369	-0.000474824	2
-160.689	49.9841	-0.00037929	-0.000481241	2
-161.287	50.6154	-0.000395119	-0.000486971	2
-161.87	51.2475	-0.000411886	-0.000491984	2
-162.438	51.8808	-0.00042962	-0.000496249	2
-162.989	52.5154	-0.000448349	-0.000499735	2
-163.524	53.1515	-0.000468103	-0.000502413	2
-164.04	53.7894	-0.000488911	-0.000504252	2
-164.538	54.4293	-0.000510802	-0.000505221	2
-165.017	55.0715	-0.000533805	-0.00050529	2
-165.476	55.7161	-0.00055795	-0.000504429	2
-165.909	56.356	-0.000582967	-0.000502634	2
-166.326	57.0063	-0.000609468	-0.000499833	2
-166.721	57.6597	-0.000637198	-0.00049601	2
-167.093	58.3164	-0.000666185	-0.000491137	2
-167.442	58.9768	-0.000696458	-0.000485182	2
-167.766	59.6411	-0.000728048	-0.000478114	2
-168.065	60.3094	-0.000760982	-0.000469904	2
-168.338	60.982	-0.000795291	-0.000460521	2
-168.585	61.6591	-0.000831002	-0.000449935	2
-168.804	62.341	-0.000868147	-0.000438116	2
-168.996	63.0279	-0.000906752	-0.000425032	2
-169.158	63.72	-0.000946849	-0.000410653	2
-169.292	64.4175	-0.000988465	-0.00039495	2
-169.395	65.1208	-0.00103163	-0.000377892	2
-169.467	65.8299	-0.00107637	-0.000359449	2
-169.508	66.5451	-0.00112272	-0.000339589	2
-169.516	67.2668	-0.00117071	-0.000318283	2
-169.491	67.995	-0.00122036	-0.0002955	2
-169.432	68.73	-0.00127171	-0.000271211	2
-169.339	69.4721	-0.00132478	-0.000245384	2
-169.21	70.2214	-0.0013796	-0.000217989	2
-169.046	70.9783	-0.00143621	-0.000188996	2
-168.844	71.7429	-0.00149462	-0.000158374	2
-168.608	72.5065	-0.00155417	-0.000126474	2
-168.332	73.2872	-0.00161628	-9.25242e-05	2
-168.016	74.0762	-0.00168028	-5.68547e-05	2
-167.661	74.874	-0.00174621	-1.94355e-05	2

-75.0041	2.01357	7.40401e-08	2.64385e-07	2
-75.3712	3.16875	6.27107e-06	2.28662e-05	2
-75.7632	4.313	1.21974e-05	4.54619e-05	2
-76.1755	5.43315	1.7779e-05	6.77924e-05	2
-76.6028	6.51714	2.29579e-05	8.96106e-05	2
-77.0544	7.59058	2.78544e-05	0.000111429	2
-77.5254	8.64114	3.24065e-05	0.000132998	2
-78.0151	9.66922	3.66143e-05	0.000154322	2
-78.5233	10.6752	4.04778e-05	0.000175407	2
-79.0496	11.6596	4.39971e-05	0.000196258	2
-79.5936	12.6227	4.71724e-05	0.000216881	2
-80.155	13.565	5.00036e-05	0.000237279	2
-80.7333	14.4868	5.2491e-05	0.000257459	2
-81.3281	15.3886	5.46345e-05	0.000277425	2
-81.9391	16.2707	5.64342e-05	0.000297184	2
-82.566	17.1337	5.78903e-05	0.00031674	2
-83.2082	17.9778	5.90028e-05	0.000336098	2
-83.8655	18.8035	5.97717e-05	0.000355263	2
-84.5375	19.6113	6.01973e-05	0.000374241	2
-85.2238	20.4014	6.02795e-05	0.000393037	2
-85.9239	21.1744	6.00185e-05	0.000411656	2
-86.6376	21.9306	5.94143e-05	0.000430104	2
-87.3645	22.6704	5.8467e-05	0.000448385	2
-88.1041	23.3942	5.71767e-05	0.000466504	2
-88.8561	24.1026	5.55434e-05	0.000484468	2
-89.62	24.7957	5.35674e-05	0.00050228	2
-90.3867	25.4664	5.12771e-05	0.000519745	2
-91.1734	26.1307	4.86196e-05	0.000537273	2
-91.971	26.781	4.56194e-05	0.000554665	2
-92.7791	27.4178	4.22768e-05	0.000571928	2
-93.5973	28.0415	3.85917e-05	0.000589065	2
-94.4253	28.6525	3.45642e-05	0.000606083	2
-95.2626	29.2512	3.01945e-05	0.000622986	2
-96.1088	29.838	2.54827e-05	0.00063978	2
-96.9637	30.4133	2.04287e-05	0.000656469	2
-97.8268	30.9775	1.50328e-05	0.00067306	2
-98.6977	31.5311	9.29486e-06	0.000689557	2
-99.576	32.0743	3.21512e-06	0.000705965	2
-100.461	32.6078	-3.20637e-06	0.00072229	2
-101.354	33.1318	-9.96955e-06	0.000738536	2
-102.252	33.6467	-1.70743e-05	0.00075471	2
-103.156	34.153	-2.45206e-05	0.000770816	2
-104.066	34.6511	-3.23083e-05	0.000786859	2
-104.981	35.1413	-4.04374e-05	0.000802845	2
-105.901	35.6242	-4.89077e-05	0.000818779	2
-106.825	36.1	-5.77192e-05	0.000834666	2
-107.754	36.5692	-6.68718e-05	0.000850511	2
-108.686	37.0323	-7.63654e-05	0.000866319	2
-109.621	37.4895	-8.61999e-05	0.000882096	2
-110.548	37.9362	-9.62564e-05	0.000897666	2
-111.489	38.3832	-0.000106769	0.000913396	2
-112.432	38.8256	-0.000117622	0.00092911	2
-113.376	39.2638	-0.000128815	0.000944814	2
-114.322	39.6983	-0.000140349	0.000960512	2
-115.269	40.1294	-0.000152224	0.00097621	2
-116.216	40.5576	-0.000164438	0.000991912	2
-117.164	40.9832	-0.000176993	0.00100763	2
-118.112	41.4067	-0.000189889	0.00102335	2
-119.059	41.8285	-0.000203124	0.0010391	2
-120.005	42.249	-0.000216699	0.00105488	2
-120.95	42.6686	-0.000230615	0.00107068	2
-121.893	43.0877	-0.00024487	0.00108652	2
-122.834	43.5067	-0.000259465	0.00110241	2
-123.773	43.926	-0.000274399	0.00111834	2
-124.709	44.3461	-0.000289673	0.00113432	2
-125.642	44.7672	-0.000305287	0.00115036	2
-126.571	45.1899	-0.00032124	0.00116646	2
-127.496	45.6146	-0.000337533	0.00118262	2
-128.417	46.0416	-0.000354165	0.00119886	2
-129.333	46.4714	-0.000371136	0.00121518	2
-130.245	46.9043	-0.000388446	0.00123158	2
-131.15	47.3408	-0.000406095	0.00124807	2
-132.05	47.7813	-0.000424083	0.00126465	2
-132.934	48.2211	-0.000442197	0.00128114	2
-133.821	48.6707	-0.000460859	0.00129793	2
-134.701	49.1255	-0.000479859	0.00131482	2
-135.574	49.5859	-0.000499198	0.00133182	2
-136.439	50.0523	-0.000518876	0.00134895	2
-137.296	50.5252	-0.000538892	0.0013662	2
-138.144	51.0049	-0.000559246	0.00138358	2
-138.984	51.4918	-0.000579939	0.00140109	2
-139.814	51.9863	-0.00060097	0.00141875	2
-140.635	52.4889	-0.000622338	0.00143655	2
-141.445	53	-0.000644045	0.0014545	2
-142.245	53.5199	-0.00066609	0.0014726	2
-143.035	54.0491	-0.000688473	0.00149087	2
-143.813	54.588	-0.000711193	0.0015093	2
-144.58	55.1369	-0.000734252	0.00152791	2
-145.335	55.6964	-0.000757647	0.00154669	2
-146.077	56.2667	-0.000781381	0.00156565	2
-146.807	56.8484	-0.000805452	0.0015848	2
-147.524	57.4417	-0.00082986	0.00160414	2
-148.228	58.0472	-0.000854605	0.00162368	2
-148.917	58.6652	-0.000879688	0.00164342	2
-149.593	59.2961	-0.000905107	0.00166337	2
-150.253	59.9404	-0.000930864	0.00168353	2
-150.892	60.5908	-0.000956656	0.00170367	2
-151.523	61.2628	-0.000983083	0.00172427	2
-152.138	61.9494	-0.00100985	0.0017451	2
-152.736	62.6509	-0.00103695	0.00176616	2

-25.0047	2.01172	-2.70759e-07	3.36668e-07	2
-25.4008	3.01909	-2.25259e-05	2.89663e-05	2
-25.7876	4.03735	-4.2984e-05	5.72832e-05	2
-26.1605	5.05478	-6.13986e-05	8.49598e-05	2
-26.5157	6.05971	-7.76174e-05	0.000111698	2
-26.8615	7.07551	-9.20418e-05	0.000138128	2
-27.1939	8.09049	-0.000104496	0.000163944	2
-27.5131	9.10467	-0.000115005	0.000189156	2
-27.8192	10.118	-0.000123593	0.000213773	2
-28.1124	11.1306	-0.000130285	0.000237803	2
-28.3928	12.1424	-0.000135105	0.000261256	2
-28.6605	13.1534	-0.000138078	0.00028414	2
-28.9158	14.1636	-0.000139229	0.000306465	2
-29.1588	15.173	-0.000138581	0.00032824	2
-29.3897	16.1816	-0.00013616	0.000349473	2
-29.6085	17.1895	-0.000131989	0.000370173	2
-29.8155	18.1966	-0.000126095	0.00039035	2
-30.0108	19.2029	-0.0001185	0.000410012	2
-30.1946	20.2085	-0.00010923	0.00042917	2
-30.367	21.2134	-9.83099e-05	0.00044783	2
-30.5281	22.2174	-8.57631e-05	0.000466003	2
-30.6782	23.2208	-7.16148e-05	0.000483698	2
-30.8174	24.2234	-5.58893e-05	0.000500923	2
-30.9459	25.2253	-3.86114e-05	0.000517687	2
-31.0637	26.2264	-1.98055e-05	0.000534001	2
-31.1711	27.2268	5.03817e-07	0.000549871	2
-31.2672	28.215	2.20332e-05	0.000565133	2
-31.3543	29.214	4.52591e-05	0.000580151	2
-31.4314	30.2123	6.9915e-05	0.000594753	2
-31.4987	31.2099	9.59763e-05	0.000608948	2
-31.5563	32.2068	0.000123419	0.000622746	2
-31.6044	33.2029	0.000152217	0.000636155	2
-31.6432	34.1984	0.000182348	0.000649184	2
-31.6727	35.1932	0.000213785	0.000661843	2
-31.6933	36.1874	0.000246506	0.00067414	2
-31.7049	37.1808	0.000280484	0.000686085	2
-31.7077	38.1736	0.000315696	0.000697686	2
-31.7021	39.1657	0.000352117	0.000708952	2
-31.6879	40.1572	0.000389722	0.000719893	2
-31.6655	41.1479	0.000428488	0.000730517	2
-31.635	42.1381	0.000468389	0.000740833	2
-31.5966	43.1276	0.0005094	0.000750851	2
-31.5503	44.1164	0.000551498	0.000760579	2
-31.4964	45.1046	0.000594657	0.000770027	2
-31.435	46.0922	0.000638854	0.000779202	2
-31.3663	47.0792	0.000684063	0.000788116	2
-31.2903	48.0655	0.00073026	0.000796775	2
-31.2074	49.0512	0.00077742	0.00080519	2
-31.1176	50.0363	0.00082552	0.000813369	2
-31.0222	51.0094	0.000873965	0.000821232	2
-30.9192	51.9933	0.000923859	0.000828969	2
-30.8098	52.9766	0.000974618	0.000836498	2
-30.6941	53.9593	0.00102622	0.000843827	2
-30.5724	54.9414	0.00107863	0.000850965	2
-30.4447	55.9229	0.00113184	0.000857921	2
-30.3112	56.9038	0.00118582	0.000864705	2
-30.1721	57.8842	0.00124054	0.000871325	2
-30.0275	58.8639	0.00129597	0.00087779	2
-29.8776	59.8432	0.0013521	0.000884109	2
-29.7226	60.8218	0.0014089	0.000890291	2
-29.5625	61.7999	0.00146634	0.000896346	2
-29.3976	62.7774	0.00152441	0.000902282	2
-29.228	63.7544	0.00158307	0.000908108	2
-29.0539	64.7309	0.0016423	0.000913833	2
-28.8753	65.7068	0.00170207	0.000919466	2
-28.6926	66.6822	0.00176237	0.000925017	2
-28.5058	67.657	0.00182317	0.000930494	2
-28.315	68.6313	0.00188443	0.000935906	2
-28.1205	69.6051	0.00194615	0.000941262	2
-27.9224	70.5784	0.00200829	0.000946572	2
-27.7209	71.5512	0.00207083	0.000951843	2
-27.516	72.5235	0.00213374	0.000957086	2
-27.308	73.4953	0.002197	0.000962309	2
-27.0995	74.4554	0.00225985	0.000967461	2
-26.8857	75.4262	0.00232374	0.000972672	2
-26.6693	76.3965	0.0023879	0.000977889	2
-26.4503	77.3663	0.00245231	0.000983122	2
-26.229	78.3357	0.00251695	0.000988381	2
-26.0054	79.3045	0.0025818	0.000993673	2
-25.7799	80.2729	0.00264682	0.000999009	2
-25.5524	81.2409	0.00271199	0.0010044	2
-25.3231	82.2084	0.0027773	0.00100985	2
-25.0923	83.1754	0.00284271	0.00101536	2
-24.8601	84.142	0.0029082	0.00102096	2
-24.6266	85.1081	0.00297374	0.00102665	2
-24.3919	86.0739	0.00303932	0.00103243	2
-24.1563	87.0391	0.0031049	0.00103832	2
-23.9199	88.004	0.00317046	0.00104432	2
-23.6829	88.9684	0.00323598	0.00105045	2
-23.4453	89.9324	0.00330143	0.00105671	2
-23.2074	90.896	0.0033668	0.00106312	2
-22.9693	91.8591	0.00343204	0.00106967	2
-22.7312	92.8219	0.00349714	0.00107638	2
-22.4932	93.7843	0.00356208	0.00108327	2
-22.2555	94.7463	0.00362683	0.00109033	2
-22.0182	95.7078	0.00369136	0.00109758	2
-21.7842	96.658	0.00375492	0.00110494	2
-21.5483	97.6188	0.00381895	0.00111258	2
-21.3132	98.5792	0.0038827	0.00112044	2
-21.0792	99.5393	0.00394613	0.00112853	2

24.9987	2.0134	-5.15912e-07	1.31674e-07	2
24.9007	3.15299	-4.44353e-05	1.13202e-05	2
24.8342	4.28097	-8.79695e-05	2.23725e-05	2
24.8	5.38427	-0.000130614	3.31659e-05	2
24.7975	6.45092	-0.000171905	4.35895e-05	2
24.8261	7.50606	-0.000212814	5.38948e-05	2
24.8855	8.53746	-0.000252867	6.3968e-05	2
24.9754	9.54544	-0.000292075	7.38182e-05	2
25.0952	10.5303	-0.00033045	8.34545e-05	2
25.2444	11.4924	-0.000368002	9.28858e-05	2
25.4226	12.432	-0.000404745	0.000102121	2
25.6294	13.3494	-0.000440687	0.000111169	2
25.8641	14.245	-0.000475842	0.00012004	2
26.1264	15.1191	-0.00051022	0.000128741	2
26.4158	15.972	-0.000543832	0.000137283	2
26.7318	16.804	-0.00057669	0.000145674	2
27.0739	17.6155	-0.000608805	0.000153922	2
27.4417	18.4066	-0.000640189	0.000162038	2
27.8346	19.1779	-0.000670852	0.00017003	2
28.2523	19.9295	-0.000700807	0.000177907	2
28.6942	20.6619	-0.000730063	0.000185678	2
29.1598	21.3752	-0.000758634	0.000193353	2
29.6488	22.0699	-0.000786529	0.000200939	2
30.1605	22.7462	-0.000813761	0.000208447	2
30.6946	23.4045	-0.00084034	0.000215885	2
31.2505	24.0451	-0.000866278	0.000223262	2
31.8211	24.6612	-0.000891299	0.000230503	2
32.4191	25.2676	-0.000915996	0.000237786	2
33.0376	25.8571	-0.000940085	0.000245035	2
33.676	26.4302	-0.000963578	0.000252259	2
34.3339	26.9872	-0.000986487	0.000259467	2
35.0109	27.5283	-0.00100882	0.000266668	2
35.7064	28.054	-0.0010306	0.000273872	2
36.4199	28.5645	-0.00105182	0.000281087	2
37.1511	29.0601	-0.0010725	0.000288321	2
37.8994	29.5412	-0.00109266	0.000295585	2
38.6643	30.008	-0.00111229	0.000302888	2
39.4454	30.461	-0.00113143	0.000310237	2
40.2423	30.9003	-0.00115006	0.000317643	2
41.0543	31.3264	-0.00116822	0.000325113	2
41.8811	31.7395	-0.0011859	0.000332658	2
42.7222	32.14	-0.00120312	0.000340287	2
43.5771	32.5282	-0.0012199	0.000348007	2
44.4453	32.9043	-0.00123623	0.000355829	2
45.3264	33.2688	-0.00125214	0.000363761	2
46.2198	33.6219	-0.00126764	0.000371812	2
47.1252	33.9639	-0.00128273	0.000379992	2
48.042	34.2952	-0.00129743	0.000388309	2
48.9697	34.6161	-0.00131175	0.000396772	2
49.8971	34.9233	-0.00132553	0.000405291	2
50.8453	35.2245	-0.00133913	0.000414072	2
51.8029	35.5161	-0.00135237	0.000423026	2
52.7697	35.7986	-0.00136528	0.000432162	2
53.745	36.0722	-0.00137787	0.00044149	2
54.7285	36.3373	-0.00139014	0.000451018	2
55.7196	36.5943	-0.00140211	0.000460755	2
56.7179	36.8433	-0.00141378	0.00047071	2
57.7228	37.0848	-0.00142518	0.000480893	2
58.734	37.319	-0.00143631	0.000491312	2
59.751	37.5463	-0.00144718	0.000501976	2
60.7732	37.767	-0.00145781	0.000512895	2
61.8002	37.9814	-0.0014682	0.000524077	2
62.8315	38.1898	-0.00147837	0.000535532	2
63.8667	38.3925	-0.00148833	0.000547267	2
64.9053	38.5899	-0.00149809	0.000559293	2
65.9468	38.7823	-0.00150766	0.000571619	2
66.9906	38.9699	-0.00151705	0.000584253	2
68.0365	39.1532	-0.00152627	0.000597204	2
69.0838	39.3324	-0.00153534	0.000610481	2
70.1322	39.5078	-0.00154427	0.000624094	2
71.181	39.6798	-0.00155306	0.000638052	2
72.2299	39.8486	-0.00156173	0.000652363	2
73.2784	40.0147	-0.00157029	0.000667036	2
74.314	40.1763	-0.00157866	0.000681906	2
75.3603	40.3377	-0.00158704	0.000697327	2
76.4047	40.4973	-0.00159534	0.000713137	2
77.4468	40.6553	-0.00160357	0.000729345	2
78.4862	40.8121	-0.00161175	0.000745961	2
79.5222	40.968	-0.00161989	0.000762994	2
80.5546	41.1232	-0.001628	0.000780451	2
81.5827	41.2783	-0.00163609	0.000798343	2
82.6062	41.4333	-0.00164417	0.000816679	2
83.6245	41.5887	-0.00165226	0.000835467	2
84.6371	41.7448	-0.00166035	0.000854716	2
85.6437	41.9019	-0.00166848	0.000874436	2
86.6437	42.0603	-0.00167664	0.000894636	2
87.6366	42.2204	-0.00168485	0.000915324	2
88.622	42.3823	-0.00169311	0.000936509	2
89.5995	42.5466	-0.00170145	0.000958201	2
90.5684	42.7134	-0.00170987	0.000980408	2
91.5284	42.8832	-0.00171839	0.00100314	2
92.4789	43.0561	-0.00172701	0.00102641	2
93.4196	43.2326	-0.00173574	0.00105021	2
94.3499	43.4129	-0.0017446	0.00107457	2
95.2693	43.5974	-0.0017536	0.00109949	2
96.1775	43.7864	-0.00176275	0.00112498	2
97.0636	43.978	-0.00177196	0.00115075	2
97.9478	44.1768	-0.00178144	0.0011774	2
98.8192	44.3811	-0.00179111	0.00120464	2
99.6775	44.5912	-0.00180097	0.00123249	2

74.9921	2.01291	-1.75553e-07	2.26343e-07	2
74.3302	3.11839	-1.55333e-05	1.95647e-05	2
73.6959	4.22625	-3.15833e-05	3.88735e-05	2
73.0965	5.32362	-4.81353e-05	5.79286e-05	2
72.5382	6.39808	-6.49763e-05	7.65175e-05	2
72.0074	7.47464	-8.24834e-05	9.50744e-05	2
71.5104	8.54078	-0.000100449	0.000113384	2
71.0469	9.59652	-0.000118858	0.000131448	2
70.6165	10.6419	-0.000137696	0.00014927	2
70.2188	11.6769	-0.000156949	0.00016685	2
69.8533	12.7016	-0.000176602	0.000184191	2
69.5198	13.716	-0.00019664	0.000201296	2
69.2177	14.7201	-0.000217048	0.000218166	2
68.9466	15.714	-0.000237813	0.000234804	2
68.7063	16.6977	-0.000258918	0.000251211	2
68.4963	17.6711	-0.000280351	0.00026739	2
68.3162	18.6344	-0.000302096	0.000283343	2
68.1656	19.5876	-0.000324138	0.000299072	2
68.0441	20.5306	-0.000346463	0.000314579	2
67.9513	21.4635	-0.000369056	0.000329867	2
67.8868	22.3864	-0.000391902	0.000344937	2
67.8502	23.2992	-0.000414988	0.000359791	2
67.8412	24.202	-0.000438298	0.000374432	2
67.8593	25.0948	-0.000461818	0.000388862	2
67.9041	25.9777	-0.000485532	0.000403082	2
67.9752	26.8506	-0.000509427	0.000417096	2
68.0711	27.7037	-0.000533211	0.000430747	2
68.1934	28.5569	-0.000557421	0.000444355	2
68.3409	29.4002	-0.000581768	0.000457763	2
68.5132	30.2337	-0.000606238	0.000470972	2
68.7098	31.0574	-0.000630814	0.000483985	2
68.9304	31.8713	-0.000655484	0.000496804	2
69.1745	32.6754	-0.000680232	0.00050943	2
69.4419	33.4698	-0.000705043	0.000521867	2
69.732	34.2544	-0.000729903	0.000534115	2
70.0444	35.0294	-0.000754797	0.000546178	2
70.3789	35.7947	-0.000779712	0.000558057	2
70.735	36.5504	-0.000804631	0.000569755	2
71.1122	37.2965	-0.000829541	0.000581273	2
71.5102	38.0329	-0.000854426	0.000592614	2
71.9287	38.7598	-0.000879273	0.00060378	2
72.3671	39.4772	-0.000904066	0.000614773	2
72.8252	40.1851	-0.000928791	0.000625595	2
73.3024	40.8834	-0.000953433	0.000636248	2
73.7985	41.5724	-0.000977978	0.000646735	2
74.313	42.2518	-0.00100241	0.000657057	2
74.8456	42.9219	-0.00102672	0.000667217	2
75.3957	43.5826	-0.00105088	0.000677216	2
75.9631	44.2339	-0.00107489	0.000687058	2
76.5405	44.8686	-0.00109846	0.000696632	2
77.141	45.5013	-0.00112211	0.000706166	2
77.7575	46.1248	-0.00114557	0.000715547	2
78.3897	46.7391	-0.00116881	0.000724779	2
79.0371	47.3441	-0.00119182	0.000733863	2
79.6994	47.9399	-0.00121459	0.000742802	2
80.3761	48.5265	-0.00123711	0.000751597	2
81.067	49.1039	-0.00125934	0.000760252	2
81.7715	49.6723	-0.0012813	0.000768767	2
82.4892	50.2315	-0.00130295	0.000777145	2
83.2199	50.7816	-0.00132428	0.000785389	2
83.963	51.3227	-0.00134528	0.0007935	2
84.7183	51.8547	-0.00136594	0.00080148	2
85.4852	52.3778	-0.00138623	0.000809332	2
86.2634	52.8918	-0.00140615	0.000817058	2
87.0525	53.3969	-0.00142568	0.00082466	2
87.8521	53.8931	-0.00144481	0.000832139	2
88.6618	54.3804	-0.00146351	0.000839499	2
89.4813	54.8588	-0.00148179	0.000846741	2
90.31	55.3283	-0.00149961	0.000853867	2
91.1477	55.789	-0.00151698	0.000860879	2
91.9939	56.2409	-0.00153386	0.00086778	2
92.8482	56.6841	-0.00155025	0.000874572	2
93.7103	57.1184	-0.00156614	0.000881257	2
94.5696	57.5393	-0.00158133	0.000887762	2
95.4459	57.9563	-0.00159616	0.00089424	2
96.3287	58.3647	-0.00161045	0.000900617	2
97.2177	58.7644	-0.00162417	0.000906895	2
98.1124	59.1555	-0.0016373	0.000913077	2
99.0125	59.538	-0.00164985	0.000919165	2
99.9175	59.9119	-0.00166178	0.00092516	2
100.827	60.2773	-0.0016731	0.000931065	2
101.741	60.6341	-0.00168377	0.000936882	2
102.658	60.9825	-0.00169379	0.000942613	2
103.579	61.3223	-0.00170314	0.00094826	2
104.503	61.6537	-0.00171181	0.000953825	2
105.43	61.9767	-0.00171979	0.000959311	2
106.358	62.2913	-0.00172705	0.000964719	2
107.289	62.5976	-0.00173359	0.000970053	2
108.221	62.8955	-0.00173938	0.000975312	2
109.154	63.185	-0.00174442	0.000980501	2
110.087	63.4663	-0.00174869	0.000985621	2
111.021	63.7393	-0.00175218	0.000990674	2
111.955	64.004	-0.00175487	0.000995663	2
112.888	64.2605	-0.00175674	0.00100059	2
113.819	64.5089	-0.00175778	0.00100545	2
114.75	64.749	-0.00175799	0.00101026	2
115.668	64.9784	-0.00175734	0.00101496	2
116.595	65.2024	-0.00175582	0.00101965	2
117.519	65.4183	-0.00175342	0.0010243	2
118.44	65.6261	-0.00175011	0.0010289	2

124.997	2.00992	1.33889e-07	5.87761e-08	2
124.743	2.86665	1.04902e-05	4.68951e-06	2
124.474	3.73973	1.86636e-05	8.53716e-06	2
124.196	4.61901	2.456e-05	1.15671e-05	2
123.911	5.49404	2.81896e-05	1.37824e-05	2
123.613	6.38491	2.96762e-05	1.52583e-05	2
123.306	7.28126	2.90046e-05	1.59889e-05	2
122.991	8.18284	2.62146e-05	1.59983e-05	2
122.667	9.08941	2.13459e-05	1.53107e-05	2
122.337	10.0007	1.44382e-05	1.39503e-05	2
121.999	10.9166	5.53145e-06	1.19414e-05	2
121.655	11.8366	-5.33473e-06	9.30799e-06	2
121.304	12.7608	-1.81205e-05	6.07439e-06	2
120.948	13.6887	-3.27862e-05	2.26476e-06	2
120.587	14.6201	-4.9292e-05	-2.09669e-06	2
120.221	15.5548	-6.75981e-05	-6.98579e-06	2
119.851	16.4926	-8.76649e-05	-1.23783e-05	2
119.477	17.4332	-0.000109452	-1.82502e-05	2
119.1	18.3764	-0.000132921	-2.4577e-05	2
118.721	19.322	-0.000158031	-3.13348e-05	2
118.339	20.2696	-0.000184742	-3.84992e-05	2
117.955	21.2191	-0.000213016	-4.60462e-05	2
117.57	22.1701	-0.000242811	-5.39514e-05	2
117.184	23.1226	-0.000274088	-6.21907e-05	2
116.797	24.0762	-0.000306808	-7.074e-05	2
116.411	25.0306	-0.000340931	-7.9575e-05	2
116.03	25.9748	-0.000376001	-8.85656e-05	2
115.646	26.9303	-0.000412795	-9.78968e-05	2
115.263	27.886	-0.000450873	-0.000107442	2
114.882	28.8416	-0.000490195	-0.000117176	2
114.503	29.7968	-0.000530721	-0.000127074	2
114.127	30.7516	-0.000572412	-0.000137114	2
113.755	31.7055	-0.000615227	-0.000147271	2
113.387	32.6584	-0.000659128	-0.00015752	2
113.023	33.61	-0.000704074	-0.000167837	2
112.664	34.5601	-0.000750026	-0.000178198	2
112.311	35.5084	-0.000796943	-0.00018858	2
111.963	36.4547	-0.000844787	-0.000198957	2
111.622	37.3988	-0.000893517	-0.000209305	2
111.287	38.3403	-0.000943093	-0.000219601	2
110.96	39.2792	-0.000993476	-0.00022982	2
110.64	40.215	-0.00104463	-0.000239938	2
110.328	41.1477	-0.0010965	-0.00024993	2
110.026	42.0769	-0.00114907	-0.000259774	2
109.732	43.0024	-0.00120228	-0.000269443	2
109.448	43.924	-0.0012561	-0.000278915	2
109.174	44.8414	-0.00131049	-0.000288165	2
108.911	45.7543	-0.00136541	-0.000297168	2
108.659	46.6626	-0.00142081	-0.000305901	2
108.421	47.5557	-0.00147602	-0.000314245	2
108.192	48.454	-0.00153228	-0.000322368	2
107.976	49.347	-0.00158891	-0.000330149	2
107.773	50.2343	-0.00164587	-0.000337563	2
107.583	51.1157	-0.00170312	-0.000344586	2
107.407	51.9911	-0.00176062	-0.000351193	2
107.245	52.8601	-0.00181833	-0.000357361	2
107.099	53.7225	-0.00187621	-0.000363066	2
106.967	54.5781	-0.00193422	-0.000368283	2
106.852	55.4266	-0.00199233	-0.000372987	2
106.753	56.2678	-0.00205049	-0.000377156	2
106.67	57.1014	-0.00210865	-0.000380763	2
106.605	57.9273	-0.00216679	-0.000383787	2
106.558	58.7451	-0.00222487	-0.000386201	2
106.529	59.5546	-0.00228283	-0.000387983	2
106.518	60.3556	-0.00234065	-0.000389107	2
106.527	61.1479	-0.00239828	-0.00038955	2
106.555	61.9311	-0.00245569	-0.000389288	2
106.604	62.7051	-0.00251283	-0.000388295	2
106.673	63.4696	-0.00256966	-0.000386549	2
106.763	64.2244	-0.00262614	-0.000384025	2
106.875	64.9692	-0.00268225	-0.000380698	2
107.009	65.7039	-0.00273792	-0.000376544	2
107.165	66.428	-0.00279313	-0.00037154	2
107.342	67.1334	-0.00284721	-0.000365734	2
107.544	67.836	-0.00290138	-0.000358967	2
107.771	68.5275	-0.00295496	-0.000351276	2
108.022	69.2076	-0.00300792	-0.000342638	2
108.297	69.876	-0.00306022	-0.000333029	2
108.598	70.5326	-0.00311181	-0.000322424	2
108.925	71.177	-0.00316266	-0.0003108	2
109.278	71.809	-0.00321272	-0.000298131	2
109.658	72.4284	-0.00326197	-0.000284394	2
110.066	73.0349	-0.00331035	-0.000269565	2
110.5	73.6283	-0.00335783	-0.00025362	2
110.964	74.2084	-0.00340437	-0.000236533	2
111.456	74.7749	-0.00344992	-0.000218282	2
111.977	75.3276	-0.00349446	-0.000198842	2
112.527	75.8662	-0.00353793	-0.000178188	2
113.108	76.3905	-0.00358031	-0.000156297	2
113.72	76.9003	-0.00362154	-0.000133144	2
114.362	77.3952	-0.00366159	-0.000108705	2
115.036	77.8752	-0.00370042	-8.29563e-05	2
115.743	78.3398	-0.00373799	-5.58732e-05	2
116.481	78.789	-0.00377426	-2.74316e-05	2
117.253	79.2223	-0.0038092	2.39269e-06	2
118.058	79.6397	-0.00384275	3.36238e-05	2
118.887	80.0363	-0.00387452	6.59023e-05	2
119.76	80.4212	-0.00390521	0.000100003	2
120.668	80.7893	-0.00393441	0.000135582	2
121.612	81.1405	-0.00396206	0.000172665	2

