-125.008	2.01308	-1.03015e-08	1.71056e-07	2
-125.677	3.13264	-1.51938e-06	1.49335e-05	2
-126.319	4.25469	-4.28207e-06	2.99688e-05	2
-126.927	5.36617	-8.26166e-06	4.51023e-05	2
-127.494	6.45451	-1.33657e-05	6.01544e-05	2
-128.035	7.54505	-1.96866e-05	7.54716e-05	2
-128.542	8.62509	-2.71456e-05	9.08754e-05	2
-129.017	9.69466	-3.57161e-05	0.000106362	2
-129.459	10.7538	-4.53719e-05	0.000121928	2
-129.869	11.8025	-5.60865e-05	0.000137569	2
-130.247	12.8408	-6.78335e-05	0.000153281	2
-130.594	13.8688	-8.05865e-05	0.000169061	2
-130.91	14.8863	-9.43191e-05	0.000184904	2
-131.196	15.8936	-0.000109005	0.000200808	2
-131.451	16.8906	-0.000124617	0.000216767	2
-131.677	17.8773	-0.000141131	0.000232779	2
-131.873	18.8538	-0.000158518	0.00024884	2
-132.04	19.82	-0.000176752	0.000264945	2
-132.179	20.776	-0.000195808	0.000281091	2
-132.289	21.7219	-0.000215659	0.000297274	2
-132.371	22.6576	-0.000236278	0.00031349	2
-132.426	23.5832	-0.000257639	0.000329735	2
-132.454	24.4987	-0.000279715	0.000346006	2
-132.455	25.4041	-0.000302481	0.000362299	2
-132.429	26.2995	-0.00032591	0.00037861	2
-132.378	27.1849	-0.000349975	0.000394934	2
-132.301	28.0502	-0.000374363	0.000411081	2
-132.199	28.9157	-0.000399615	0.000427423	2
-132.072	29.7712	-0.000425425	0.000443767	2
-131.921	30.6168	-0.000451766	0.00046011	2
-131.745	31.4526	-0.000478611	0.000476448	2
-131.546	32.2784	-0.000505935	0.000492777	2
-131.324	33.0944	-0.000533711	0.000509094	2
-131.078	33.9005	-0.000561912	0.000525394	2
-130.81	34.6969	-0.000590512	0.000541674	2
-130.519	35.4835	-0.000619485	0.00055793	2
-130.207	36.2603	-0.000648805	0.000574158	2
-129.873	37.0274	-0.000678444	0.000590354	2
-129.519	37.7848	-0.000708377	0.000606515	2
-129.143	38.5325	-0.000738576	0.000622637	2
-128.747	39.2706	-0.000769017	0.000638715	2
-128.332	39.999	-0.000799672	0.000654746	2
-127.896	40.7178	-0.000830515	0.000670727	2
-127.442	41.4271	-0.000861519	0.000686653	2
-126.969	42.1268	-0.000892659	0.00070252	2
-126.477	42.8169	-0.000923907	0.000718325	2
-125.967	43.4976	-0.000955237	0.000734065	2
-125.44	44.1688	-0.000986623	0.000749734	2
-124.895	44.8305	-0.00101804	0.000765329	2
-124.34	45.4754	-0.0010491	0.000780669	2
-123.762	46.1184	-0.00108049	0.000796107	2
-123.168	46.752	-0.00111184	0.00081146	2
-122.558	47.3762	-0.00114311	0.000826723	2
-121.933	47.9912	-0.00117428	0.000841894	2
-121.293	48.5968	-0.00120532	0.000856968	2
-120.638	49.1931	-0.00123621	0.000871942	2
-119.969	49.7802	-0.00126691	0.000886811	2
-119.286	50.358	-0.00129741	0.000901573	2
-118.589	50.9267	-0.00132767	0.000916222	2
-117.88	51.4861	-0.00135767	0.000930756	2
-117.157	52.0364	-0.00138738	0.000945171	2
-116.423	52.5776	-0.00141678	0.000959462	2
-115.676	53.1096	-0.00144584	0.000973626	2
-114.918	53.6326	-0.00147454	0.000987659	2
-114.148	54.1465	-0.00150284	0.00100156	2
-113.368	54.6514	-0.00153073	0.00101532	2
-112.577	55.1472	-0.00155816	0.00102893	2
-111.776	55.6341	-0.00158513	0.0010424	2
-110.966	56.112	-0.0016116	0.00105573	2
-110.146	56.581	-0.00163754	0.00106889	2
-109.317	57.0411	-0.00166293	0.0010819	2
-108.479	57.4923	-0.00168775	0.00109475	2
-107.634	57.9346	-0.00171196	0.00110743	2
-106.79	58.3631	-0.00173527	0.0011198	2
-105.929	58.7879	-0.00175821	0.00113214	2
-105.062	59.2039	-0.00178046	0.00114431	2
-104.187	59.6111	-0.001802	0.0011563	2
-103.306	60.0096	-0.0018228	0.0011681	2
-102.42	60.3993	-0.00184284	0.00117971	2
-101.527	60.7804	-0.0018621	0.00119113	2
-100.63	61.1528	-0.00188054	0.00120235	2
-99.7278	61.5166	-0.00189814	0.00121338	2
-98.8212	61.8717	-0.00191487	0.0012242	2
-97.9106	62.2183	-0.00193071	0.00123481	2
-96.9964	62.5563	-0.00194563	0.00124522	2
-96.0789	62.8858	-0.0019596	0.0012554	2
-95.1586	63.2067	-0.00197259	0.00126537	2
-94.2357	63.5192	-0.00198459	0.00127512	2
-93.3107	63.8231	-0.00199556	0.00128464	2
-92.384	64.1187	-0.00200548	0.00129393	2
-91.4559	64.4058	-0.00201433	0.00130299	2
-90.5268	64.6846	-0.00202206	0.0013118	2
-89.5971	64.9549	-0.00202867	0.00132038	2
-88.6672	65.2169	-0.00203411	0.00132871	2
-87.7374	65.4707	-0.00203838	0.00133679	2
-86.8082	65.7161	-0.00204143	0.00134462	2
-85.8905	65.9505	-0.00204323	0.00135211	2
-84.9635	66.1795	-0.0020438	0.00135942	2
-84.0381	66.4003	-0.00204307	0.00136647	2
-83.1148	66.6129	-0.00204103	0.00137325	2

-75.0028	2.00998	2.19944e-07	7.12747e-08	2
-75.2458	2.871	1.78522e-05	5.76172e-06	2
-75.5045	3.74773	3.3137e-05	1.06511e-05	2
-75.7756	4.62997	4.58971e-05	1.46928e-05	2
-76.0551	5.50727	5.60712e-05	1.78789e-05	2
-76.3492	6.3998	6.39382e-05	2.03078e-05	2
-76.654	7.29718	6.94082e-05	2.19623e-05	2
-76.9692	8.19919	7.2524e-05	2.2867e-05	2
-77.2942	9.1056	7.33285e-05	2.30464e-05	2
-77.6284	10.0162	7.18643e-05	2.25251e-05	2
-77.9714	10.9307	6.81741e-05	2.13276e-05	2
-78.3227	11.849	6.23008e-05	1.94785e-05	2
-78.6817	12.7708	5.4287e-05	1.70023e-05	2
-79.0479	13.696	4.41754e-05	1.39237e-05	2
-79.4209	14.6241	3.20089e-05	1.02671e-05	2
-79.8001	15.5552	1.78302e-05	6.05702e-06	2
-80.185	16.4888	1.68202e-06	1.31814e-06	2
-80.5751	17.4249	-1.63929e-05	-3.92505e-06	2
-80.9699	18.3632	-3.63519e-05	-9.64799e-06	2
-81.3689	19.3035	-5.81521e-05	-1.58261e-05	2
-81.7715	20.2454	-8.17509e-05	-2.24349e-05	2
-82.1773	21.189	-0.000107105	-2.94498e-05	2
-82.5857	22.1338	-0.000134173	-3.68462e-05	2
-82.9963	23.0797	-0.000162911	-4.45996e-05	2
-83.4085	24.0265	-0.000193276	-5.26855e-05	2
-83.8218	24.9739	-0.000225227	-6.10792e-05	2
-84.2309	25.9108	-0.000258325	-6.96551e-05	2
-84.6449	26.8589	-0.0002933	-7.85881e-05	2
-85.0585	27.8069	-0.000329732	-8.77556e-05	2
-85.4711	28.7547	-0.000367578	-9.71331e-05	2
-85.8823	29.702	-0.000406796	-0.000106696	2
-86.2916	30.6486	-0.000447342	-0.00011642	2
-86.6984	31.5943	-0.000489175	-0.00012628	2
-87.1023	32.5389	-0.000532251	-0.000136252	2
-87.5026	33.4822	-0.000576528	-0.000146311	2
-87.899	34.4238	-0.000621962	-0.000156432	2
-88.2909	35.3637	-0.000668512	-0.000166592	2
-88.6778	36.3016	-0.000716134	-0.000176766	2
-89.0592	37.2373	-0.000764786	-0.000186928	2
-89.4345	38.1705	-0.000814425	-0.000197055	2
-89.8033	39.101	-0.000865008	-0.000207121	2
-90.165	40.0286	-0.000916492	-0.000217103	2
-90.5192	40.9531	-0.000968836	-0.000226976	2
-90.8653	41.8743	-0.00102199	-0.000236715	2
-91.2029	42.7919	-0.00107593	-0.000246296	2
-91.5313	43.7057	-0.00113059	-0.000255694	2
-91.8502	44.6155	-0.00118594	-0.000264884	2
-92.1589	45.5211	-0.00124194	-0.000273843	2
-92.457	46.4223	-0.00129853	-0.000282545	2
-92.7407	47.3085	-0.00135503	-0.00029087	2
-93.0162	48.2002	-0.0014127	-0.000298989	2
-93.2795	49.0867	-0.00147084	-0.000306778	2
-93.5301	49.9679	-0.00152942	-0.000314213	2
-93.7676	50.8436	-0.00158838	-0.000321268	2
-93.9914	51.7135	-0.00164769	-0.00032792	2
-94.201	52.5774	-0.00170731	-0.000334144	2
-94.3959	53.4351	-0.00176718	-0.000339915	2
-94.5756	54.2864	-0.00182727	-0.00034521	2
-94.7396	55.131	-0.00188754	-0.000350002	2
-94.8873	55.9687	-0.00194794	-0.000354268	2
-95.0183	56.7994	-0.00200843	-0.000357983	2
-95.1321	57.6227	-0.00206897	-0.000361122	2
-95.228	58.4385	-0.00212951	-0.000363662	2
-95.3057	59.2465	-0.00219001	-0.000365577	2
-95.3646	60.0465	-0.00225044	-0.000366843	2
-95.4043	60.8383	-0.00231074	-0.000367436	2
-95.4241	61.6217	-0.00237087	-0.00036733	2
-95.4236	62.3965	-0.00243079	-0.000366502	2
-95.4022	63.1624	-0.00249046	-0.000364926	2
-95.3595	63.9192	-0.00254984	-0.000362579	2
-95.295	64.6667	-0.00260888	-0.000359435	2
-95.2081	65.4046	-0.00266753	-0.00035547	2
-95.0984	66.1328	-0.00272577	-0.00035066	2
-94.9669	66.8428	-0.00278288	-0.000345049	2
-94.8102	67.551	-0.00284014	-0.000338485	2
-94.629	68.2487	-0.00289686	-0.000331002	2
-94.423	68.9358	-0.00295298	-0.000322575	2
-94.1915	69.6121	-0.00300847	-0.00031318	2
-93.9341	70.2772	-0.00306328	-0.000302793	2
-93.6503	70.9311	-0.00311736	-0.000291388	2
-93.3395	71.5734	-0.00317068	-0.000278942	2
-93.0013	72.204	-0.0032232	-0.00026543	2
-92.6351	72.8226	-0.00327486	-0.000250827	2
-92.2404	73.4291	-0.00332563	-0.000235109	2
-91.8167	74.0231	-0.00337547	-0.000218251	2
-91.3635	74.6045	-0.00342432	-0.000200229	2
-90.8803	75.1731	-0.00347216	-0.000181018	2
-90.3666	75.7286	-0.00351893	-0.000160593	2
-89.8219	76.2708	-0.0035646	-0.00013893	2
-89.2456	76.7995	-0.00360912	-0.000116005	2
-88.6373	77.3144	-0.00365244	-9.17921e-05	2
-87.9964	77.8154	-0.00369454	-6.62678e-05	2
-87.3224	78.3023	-0.00373535	-3.94074e-05	2
-86.6148	78.7747	-0.00377484	-1.11861e-05	2
-85.8732	79.2325	-0.00381297	1.84205e-05	2
-85.0969	79.6755	-0.0038497	4.9437e-05	2
-84.295	80.0985	-0.00388458	8.15067e-05	2
-83.4484	80.5113	-0.00391838	0.0001154	2
-82.5657	80.9086	-0.00395065	0.000150776	2
-81.6463	81.2902	-0.00398135	0.00018766	2

-25.0006	2.01208	-1.21102e-07	6.31317e-08	2
-25.0718	3.04393	-1.01599e-05	5.03459e-06	2
-25.1742	4.07345	-1.95776e-05	9.15906e-06	2
-25.3063	5.08882	-2.82809e-05	1.23979e-05	2
-25.4655	6.07885	-3.62092e-05	1.47531e-05	2
-25.6547	7.06681	-4.35744e-05	1.63038e-05	2
-25.8717	8.04137	-5.03084e-05	1.70421e-05	2
-26.1155	9.00278	-5.64388e-05	1.69925e-05	2
-26.3857	9.95128	-6.19936e-05	1.61796e-05	2
-26.6813	10.8871	-6.70005e-05	1.46279e-05	2
-27.0019	11.8106	-7.14873e-05	1.2362e-05	2
-27.3465	12.7219	-7.54818e-05	9.40618e-06	2
-27.7146	13.6213	-7.90119e-05	5.78514e-06	2
-28.1054	14.5091	-8.21053e-05	1.52334e-06	2
-28.5182	15.3855	-8.47899e-05	-3.35471e-06	2
-28.9523	16.2507	-8.70934e-05	-8.82448e-06	2
-29.407	17.105	-8.90437e-05	-1.48615e-05	2
-29.8816	17.9487	-9.06687e-05	-2.14412e-05	2
-30.3754	18.782	-9.1996e-05	-2.8539e-05	2
-30.8876	19.6052	-9.30535e-05	-3.61306e-05	2
-31.4176	20.4185	-9.3869e-05	-4.41913e-05	2
-31.9647	21.2222	-9.44704e-05	-5.26967e-05	2
-32.5281	22.0164	-9.48854e-05	-6.16222e-05	2
-33.1072	22.8016	-9.51418e-05	-7.09433e-05	2
-33.7012	23.5779	-9.52675e-05	-8.06355e-05	2
-34.3095	24.3455	-9.52902e-05	-9.06743e-05	2
-34.924	25.0961	-9.52387e-05	-0.000100914	2
-35.5584	25.8473	-9.51394e-05	-0.000111569	2
-36.205	26.5906	-9.50202e-05	-0.000122498	2
-36.8629	27.3264	-9.4909e-05	-0.000133675	2
-37.5316	28.0547	-9.48336e-05	-0.000145077	2
-38.2102	28.7759	-9.48218e-05	-0.000156678	2
-38.8982	29.4903	-9.49014e-05	-0.000168455	2
-39.5947	30.198	-9.51002e-05	-0.000180382	2
-40.2991	30.8994	-9.5446e-05	-0.000192436	2
-41.0106	31.5946	-9.59667e-05	-0.000204592	2
-41.7286	32.284	-9.669e-05	-0.000216824	2
-42.4524	32.9678	-9.76437e-05	-0.00022911	2
-43.1812	33.6462	-9.88557e-05	-0.000241423	2
-43.9143	34.3195	-0.000100354	-0.00025374	2
-44.6511	34.9879	-0.000102166	-0.000266037	2
-45.3907	35.6518	-0.000104319	-0.000278288	2
-46.1326	36.3112	-0.000106842	-0.000290469	2
-46.876	36.9666	-0.000109763	-0.000302556	2
-47.6202	37.6181	-0.000113108	-0.000314524	2
-48.3645	38.266	-0.000116907	-0.000326348	2
-49.1082	38.9105	-0.000121186	-0.000338005	2
-49.8505	39.552	-0.000125974	-0.000349469	2
-50.5908	40.1906	-0.000131298	-0.000360716	2
-51.3199	40.8193	-0.000137115	-0.000371597	2
-52.0541	41.453	-0.000143588	-0.00038234	2
-52.7841	42.0845	-0.000150681	-0.000392792	2
-53.5093	42.7143	-0.000158421	-0.00040293	2
-54.2289	43.3424	-0.000166836	-0.000412729	2
-54.9423	43.9692	-0.000175954	-0.000422164	2
-55.6486	44.5949	-0.000185802	-0.000431211	2
-56.3473	45.2198	-0.000196409	-0.000439845	2
-57.0376	45.8441	-0.000207803	-0.000448042	2
-57.7188	46.468	-0.00022001	-0.000455777	2
-58.3902	47.0918	-0.00023306	-0.000463025	2
-59.0511	47.7158	-0.000246979	-0.000469763	2
-59.7007	48.3403	-0.000261795	-0.000475966	2
-60.3385	48.9654	-0.000277538	-0.000481608	2
-60.9636	49.5914	-0.000294233	-0.000486666	2
-61.5753	50.2186	-0.000311909	-0.000491116	2
-62.173	50.8472	-0.000330594	-0.000494932	2
-62.756	51.4774	-0.000350315	-0.00049809	2
-63.3235	52.1096	-0.000371101	-0.000500565	2
-63.8748	52.744	-0.00039298	-0.000502334	2
-64.4092	53.3808	-0.000415978	-0.000503371	2
-64.9261	54.0203	-0.000440124	-0.000503652	2
-65.4246	54.6627	-0.000465445	-0.000503153	2
-65.9042	55.3083	-0.000491971	-0.000501849	2
-66.3589	55.9498	-0.000519401	-0.000499744	2
-66.7986	56.6025	-0.000548401	-0.000496766	2
-67.2171	57.2591	-0.000578689	-0.00049291	2
-67.6139	57.9199	-0.00061029	-0.000488151	2
-67.9881	58.5851	-0.000643234	-0.000482465	2
-68.339	59.255	-0.000677548	-0.000475827	2
-68.6661	59.9298	-0.00071326	-0.000468213	2
-68.9685	60.6098	-0.000750397	-0.000459598	2
-69.2455	61.2953	-0.000788988	-0.000449957	2
-69.4964	61.9865	-0.000829059	-0.000439267	2
-69.7206	62.6836	-0.00087064	-0.000427502	2
-69.9173	63.3868	-0.000913758	-0.000414639	2
-70.0858	64.0966	-0.00095844	-0.000400652	2
-70.2254	64.813	-0.00100472	-0.000385517	2
-70.3355	65.5364	-0.00105261	-0.00036921	2
-70.4152	66.267	-0.00110215	-0.000351705	2
-70.4638	67.005	-0.00115337	-0.00033298	2
-70.4808	67.7508	-0.00120629	-0.000313008	2
-70.4653	68.5045	-0.00126095	-0.000291766	2
-70.4167	69.2664	-0.00131736	-0.000269229	2
-70.3343	70.0367	-0.00137556	-0.000245372	2
-70.2172	70.8158	-0.00143558	-0.000220172	2
-70.065	71.6038	-0.00149744	-0.000193602	2
-69.8791	72.3919	-0.00156042	-0.00016597	2
-69.6546	73.1984	-0.00162603	-0.000136606	2
-69.3927	74.0147	-0.00169356	-0.000105801	2
-69.0928	74.841	-0.00176304	-7.35296e-05	2

24.996	2.01375	2.36684e-07	1.65412e-07	2
24.6397	3.18409	2.03168e-05	1.45112e-05	2
24.2582	4.34366	4.00796e-05	2.92638e-05	2
23.856	5.47911	5.92916e-05	4.42545e-05	2
23.4384	6.57822	7.77442e-05	5.93037e-05	2
22.9962	7.66694	9.58695e-05	7.47582e-05	2
22.5343	8.73277	0.000113453	9.04411e-05	2
22.0532	9.77611	0.000130497	0.000106349	2
21.5533	10.7974	0.000147006	0.000122479	2
21.0349	11.797	0.000162981	0.000138827	2
20.4985	12.7753	0.000178426	0.000155391	2
19.9444	13.7328	0.000193345	0.000172167	2
19.373	14.6698	0.000207739	0.000189152	2
18.7847	15.5868	0.000221613	0.000206342	2
18.1798	16.4842	0.000234968	0.000223734	2
17.5588	17.3623	0.000247809	0.000241326	2
16.9219	18.2217	0.000260137	0.000259113	2
16.2697	19.0626	0.000271957	0.000277093	2
15.6025	19.8855	0.00028327	0.000295262	2
14.9207	20.6909	0.00029408	0.000313617	2
14.2245	21.479	0.000304391	0.000332154	2
13.5146	22.2504	0.000314204	0.000350871	2
12.7911	23.0055	0.000323523	0.000369765	2
12.0545	23.7445	0.000332352	0.000388831	2
11.3052	24.468	0.000340692	0.000408067	2
10.5435	25.1764	0.000348547	0.000427469	2
9.77885	25.8622	0.000355838	0.000446809	2
8.99377	26.5416	0.000362738	0.000466532	2
8.19748	27.2072	0.000369162	0.000486413	2
7.39037	27.8593	0.000375112	0.000506446	2
6.57281	28.4982	0.000380593	0.00052663	2
5.74519	29.1244	0.000385606	0.000546961	2
4.90788	29.7384	0.000390155	0.000567435	2
4.06128	30.3405	0.000394243	0.00058805	2
3.20575	30.9311	0.000397873	0.000608801	2
2.34168	31.5106	0.000401048	0.000629687	2
1.46946	32.0795	0.000403771	0.000650703	2
0.589462	32.6381	0.000406045	0.000671847	2
-0.297931	33.1869	0.000407872	0.000693114	2
-1.19234	33.7262	0.000409257	0.000714503	2
-2.09338	34.2566	0.000410201	0.000736008	2
-3.00067	34.7783	0.000410708	0.000757629	2
-3.91383	35.2918	0.000410781	0.00077936	2
-4.83248	35.7975	0.000410423	0.000801199	2
-5.75623	36.2958	0.000409637	0.000823142	2
-6.68472	36.7871	0.000408426	0.000845187	2
-7.61754	37.2718	0.000406792	0.000867329	2
-8.55433	37.7504	0.00040474	0.000889567	2
-9.49471	38.2232	0.000402271	0.000911895	2
-10.4274	38.6853	0.000399425	0.000934054	2
-11.3738	39.1479	0.000396137	0.000956555	2
-12.3226	39.6059	0.000392443	0.000979138	2
-13.2735	40.0598	0.000388344	0.0010018	2
-14.226	40.51	0.000383844	0.00102454	2
-15.1799	40.9568	0.000378946	0.00104734	2
-16.1346	41.4008	0.000373653	0.00107022	2
-17.0899	41.8422	0.000367967	0.00109316	2
-18.0454	42.2815	0.000361892	0.00111617	2
-19.0006	42.7192	0.000355432	0.00113923	2
-19.9552	43.1556	0.000348587	0.00116235	2
-20.9089	43.5911	0.000341363	0.00118552	2
-21.8611	44.0261	0.000333761	0.00120874	2
-22.8116	44.4611	0.000325785	0.00123201	2
-23.76	44.8965	0.000317438	0.00125532	2
-24.7059	45.3326	0.000308723	0.00127866	2
-25.6489	45.7699	0.000299642	0.00130205	2
-26.5886	46.2087	0.0002902	0.00132546	2
-27.5246	46.6496	0.000280398	0.00134891	2
-28.4566	47.0928	0.000270239	0.00137238	2
-29.3842	47.5388	0.000259728	0.00139588	2
-30.3069	47.9881	0.000248866	0.00141939	2
-31.2245	48.441	0.000237657	0.00144293	2
-32.1366	48.8979	0.000226103	0.00146647	2
-33.0323	49.3539	0.000214348	0.00148976	2
-33.9321	49.82	0.000202119	0.00151332	2
-34.8253	50.2913	0.000189554	0.00153688	2
-35.7113	50.7683	0.000176658	0.00156045	2
-36.5899	51.2514	0.000163432	0.00158401	2
-37.4606	51.741	0.000149879	0.00160757	2
-38.3231	52.2374	0.000136004	0.00163111	2
-39.177	52.7411	0.000121808	0.00165465	2
-40.0219	53.2525	0.000107295	0.00167816	2
-40.8575	53.772	9.24672e-05	0.00170166	2
-41.6832	54.3	7.73283e-05	0.00172514	2
-42.4989	54.837	6.18811e-05	0.00174859	2
-43.304	55.3832	4.61286e-05	0.00177201	2
-44.0982	55.9392	3.00737e-05	0.0017954	2
-44.8812	56.5053	1.37194e-05	0.00181875	2
-45.6525	57.082	-2.93119e-06	0.00184206	2
-46.4117	57.6697	-1.98751e-05	0.00186533	2
-47.1586	58.2687	-3.71094e-05	0.00188856	2
-47.8926	58.8795	-5.46311e-05	0.00191174	2
-48.6135	59.5024	-7.24372e-05	0.00193486	2
-49.3207	60.138	-9.05246e-05	0.00195793	2
-50.0141	60.7865	-0.00010889	0.00198094	2
-50.6931	61.4485	-0.000127531	0.00200389	2
-51.3498	62.1164	-0.000146226	0.00202652	2
-51.9992	62.8062	-0.000165406	0.00204933	2
-52.6331	63.5107	-0.000184852	0.00207208	2
-53.2511	64.2302	-0.000204562	0.00209475	2

74.9952	2.01199	-6.30224e-08	3.19679e-07	2
74.588	3.04221	-4.79422e-06	2.74337e-05	2
74.1914	4.08301	-8.20482e-06	5.41083e-05	2
73.81	5.12241	-1.02467e-05	8.00331e-05	2
73.4478	6.14851	-1.09345e-05	0.000104932	2
73.0963	7.18517	-1.02989e-05	0.000129394	2
72.7595	8.22046	-8.33906e-06	0.000153135	2
72.4373	9.25441	-5.0699e-06	0.000176163	2
72.1294	10.287	-5.0628e-07	0.000198488	2
71.8358	11.3183	5.33691e-06	0.00022012	2
71.5562	12.3483	1.24448e-05	0.000241069	2
71.2905	13.377	2.08024e-05	0.000261342	2
71.0386	14.4044	3.0395e-05	0.000280951	2
70.8001	15.4305	4.12076e-05	0.000299904	2
70.5751	16.4553	5.32253e-05	0.000318211	2
70.3632	17.4789	6.64332e-05	0.000335881	2
70.1643	18.5013	8.08165e-05	0.000352923	2
69.9783	19.5224	9.63603e-05	0.000369348	2
69.805	20.5424	0.00011305	0.000385164	2
69.6442	21.5611	0.00013087	0.000400381	2
69.4957	22.5786	0.000149805	0.000415008	2
69.3594	23.595	0.000169842	0.000429055	2
69.2351	24.6102	0.000190965	0.000442532	2
69.1226	25.6243	0.000213159	0.000455446	2
69.0218	26.6372	0.000236409	0.000467809	2
68.9324	27.6489	0.000260701	0.000479629	2
68.8552	28.648	0.000285722	0.000490789	2
68.7882	29.6576	0.00031204	0.000501558	2
68.7321	30.6661	0.000339355	0.000511813	2
68.6868	31.6735	0.000367652	0.000521563	2
68.6522	32.6798	0.000396916	0.000530817	2
68.628	33.6851	0.000427132	0.000539584	2
68.614	34.6894	0.000458285	0.000547875	2
68.6102	35.6926	0.000490361	0.000555699	2
68.6164	36.6948	0.000523345	0.000563065	2
68.6322	37.696	0.000557221	0.000569982	2
68.6577	38.6962	0.000591975	0.000576461	2
68.6927	39.6954	0.000627591	0.000582509	2
68.7368	40.6937	0.000664056	0.000588138	2
68.7901	41.691	0.000701354	0.000593355	2
68.8522	42.6874	0.00073947	0.000598171	2
68.9231	43.6828	0.00077839	0.000602595	2
69.0026	44.6774	0.000818097	0.000606637	2
69.0904	45.671	0.000858579	0.000610305	2
69.1865	46.6637	0.000899819	0.00061361	2
69.2906	47.6556	0.000941803	0.00061656	2
69.4026	48.6465	0.000984516	0.000619166	2
69.5224	49.6367	0.00102794	0.000621436	2
69.6496	50.6259	0.00107207	0.00062338	2
69.7827	51.603	0.00111636	0.000624991	2
69.9244	52.5907	0.00116183	0.000626314	2
70.0731	53.5775	0.00120796	0.00062734	2
70.2288	54.5635	0.00125472	0.000628078	2
70.391	55.5488	0.00130211	0.000628536	2
70.5598	56.5333	0.00135012	0.000628725	2
70.735	57.517	0.00139871	0.000628653	2
70.9163	58.5	0.00144789	0.000628331	2
71.1036	59.4822	0.00149763	0.000627767	2
71.2967	60.4638	0.00154792	0.000626972	2
71.4955	61.4446	0.00159875	0.000625954	2
71.6998	62.4247	0.0016501	0.000624723	2
71.9093	63.4042	0.00170195	0.000623288	2
72.124	64.3829	0.0017543	0.000621659	2
72.3437	65.361	0.00180712	0.000619845	2
72.5682	66.3385	0.0018604	0.000617855	2
72.7973	67.3153	0.00191413	0.0006157	2
73.0308	68.2916	0.00196828	0.000613388	2
73.2686	69.2672	0.00202286	0.000610929	2
73.5106	70.2422	0.00207784	0.000608332	2
73.7564	71.2166	0.0021332	0.000605607	2
74.0061	72.1904	0.00218894	0.000602763	2
74.2593	73.1637	0.00224503	0.00059981	2
74.516	74.1365	0.00230146	0.000596756	2
74.7729	75.0975	0.00235757	0.000593648	2
75.0358	76.0692	0.00241464	0.000590424	2
75.3017	77.0404	0.00247201	0.000587128	2
75.5703	78.011	0.00252966	0.000583769	2
75.8414	78.9812	0.00258758	0.000580357	2
76.115	79.951	0.00264575	0.000576901	2
76.3908	80.9202	0.00270416	0.000573411	2
76.6686	81.889	0.00276279	0.000569897	2
76.9483	82.8574	0.00282163	0.000566367	2
77.2298	83.8253	0.00288066	0.000562831	2
77.5127	84.7929	0.00293987	0.000559299	2
77.7971	85.76	0.00299925	0.000555779	2
78.0826	86.7268	0.00305877	0.000552282	2
78.3692	87.6931	0.00311843	0.000548816	2
78.6566	88.6591	0.00317821	0.000545392	2
78.9446	89.6248	0.00323809	0.000542018	2
79.2332	90.5901	0.00329806	0.000538704	2
79.5222	91.5551	0.0033581	0.00053546	2
79.8113	92.5198	0.0034182	0.000532294	2
80.1004	93.4842	0.00347835	0.000529217	2
80.3893	94.4483	0.00353853	0.000526237	2
80.6778	95.4121	0.00359872	0.000523365	2
80.9659	96.3756	0.00365891	0.000520609	2
81.2499	97.3279	0.00371839	0.000518008	2
81.5365	98.2909	0.00377854	0.000515512	2
81.8219	99.2538	0.00383864	0.00051316	2
82.1062	100.216	0.00389868	0.000510963	2

124.998	2.01348	-4.70644e-07	7.99473e-08	2
124.866	3.16058	-4.07772e-05	7.10259e-06	2
124.765	4.29616	-8.12135e-05	1.45025e-05	2
124.697	5.40707	-0.00012131	2.21991e-05	2
124.661	6.48127	-0.000160613	3.00981e-05	2
124.657	7.54407	-0.000200038	3.83826e-05	2
124.684	8.58315	-0.000239126	4.69618e-05	2
124.742	9.59883	-0.000277879	5.5835e-05	2
124.831	10.5914	-0.000316298	6.50015e-05	2
124.949	11.5613	-0.000354384	7.44607e-05	2
125.097	12.5087	-0.000392138	8.42118e-05	2
125.273	13.434	-0.000429561	9.42543e-05	2
125.478	14.3375	-0.000466656	0.000104587	2
125.712	15.2196	-0.000503421	0.000115211	2
125.972	16.0805	-0.00053986	0.000126123	2
126.26	16.9205	-0.000575972	0.000137324	2
126.574	17.7401	-0.00061176	0.000148813	2
126.915	18.5395	-0.000647223	0.00016059	2
127.281	19.319	-0.000682364	0.000172653	2
127.672	20.0789	-0.000717183	0.000185002	2
128.088	20.8196	-0.000751682	0.000197636	2
128.528	21.5415	-0.000785862	0.000210555	2
128.991	22.2447	-0.000819723	0.000223758	2
129.478	22.9297	-0.000853268	0.000237244	2
129.988	23.5967	-0.000886496	0.000251013	2
130.52	24.2461	-0.00091941	0.000265064	2
131.067	24.871	-0.000951637	0.00027923	2
131.641	25.4864	-0.000983929	0.00029384	2
132.237	26.085	-0.00101591	0.00030873	2
132.853	26.6673	-0.00104758	0.000323899	2
133.488	27.2336	-0.00107894	0.000339346	2
134.143	27.7842	-0.00110999	0.000355072	2
134.817	28.3194	-0.00114074	0.000371075	2
135.51	28.8396	-0.00117118	0.000387354	2
136.22	29.345	-0.00120131	0.00040391	2
136.948	29.836	-0.00123115	0.00042074	2
137.692	30.3128	-0.00126068	0.000437846	2
138.454	30.776	-0.0012899	0.000455225	2
139.231	31.2256	-0.00131883	0.000472878	2
140.024	31.6621	-0.00134746	0.000490803	2
140.832	32.0858	-0.00137579	0.000509001	2
141.654	32.497	-0.00140383	0.000527469	2
142.491	32.8961	-0.00143157	0.000546209	2
143.341	33.2833	-0.00145902	0.000565218	2
144.205	33.6589	-0.00148617	0.000584497	2
145.081	34.0234	-0.00151303	0.000604044	2
145.969	34.3769	-0.0015396	0.000623859	2
146.869	34.7199	-0.00156588	0.000643941	2
147.78	35.0526	-0.00159187	0.00066429	2
148.691	35.3718	-0.00161728	0.000684667	2
149.623	35.6851	-0.0016427	0.000705544	2
150.565	35.9891	-0.00166783	0.000726686	2
151.517	36.2841	-0.00169269	0.000748092	2
152.477	36.5705	-0.00171725	0.000769761	2
153.445	36.8486	-0.00174154	0.000791693	2
154.421	37.1186	-0.00176555	0.000813886	2
155.405	37.381	-0.00178927	0.000836341	2
156.396	37.636	-0.00181272	0.000859057	2
157.393	37.884	-0.00183589	0.000882033	2
158.396	38.1252	-0.00185878	0.000905268	2
159.404	38.36	-0.0018814	0.000928761	2
160.418	38.5888	-0.00190375	0.000952512	2
161.436	38.8117	-0.00192582	0.000976521	2
162.458	39.0293	-0.00194762	0.00100079	2
163.484	39.2417	-0.00196915	0.00102531	2
164.512	39.4493	-0.00199041	0.00105008	2
165.544	39.6525	-0.0020114	0.00107512	2
166.577	39.8514	-0.00203213	0.0011004	2
167.613	40.0466	-0.00205259	0.00112594	2
168.649	40.2382	-0.00207278	0.00115173	2
169.686	40.4266	-0.00209271	0.00117777	2
170.723	40.6122	-0.00211238	0.00120407	2
171.76	40.7952	-0.00213179	0.00123061	2
172.784	40.9739	-0.00215071	0.0012571	2
173.819	41.1528	-0.0021696	0.00128414	2
174.853	41.33	-0.00218824	0.00131143	2
175.884	41.506	-0.00220661	0.00133897	2
176.912	41.6811	-0.00222473	0.00136675	2
177.938	41.8555	-0.00224259	0.00139478	2
178.96	42.0296	-0.00226021	0.00142306	2
179.977	42.2037	-0.00227756	0.00145158	2
180.99	42.3781	-0.00229467	0.00148035	2
181.998	42.5532	-0.00231153	0.00150936	2
183.001	42.7292	-0.00232814	0.00153862	2
183.997	42.9065	-0.0023445	0.00156811	2
184.987	43.0855	-0.00236061	0.00159785	2
185.97	43.2664	-0.00237648	0.00162783	2
186.946	43.4495	-0.00239211	0.00165806	2
187.913	43.6352	-0.00240749	0.00168852	2
188.873	43.8238	-0.00242263	0.00171922	2
189.823	44.0156	-0.00243752	0.00175016	2
190.764	44.211	-0.00245218	0.00178133	2
191.695	44.4102	-0.0024666	0.00181275	2
192.616	44.6135	-0.00248078	0.0018444	2
193.526	44.8214	-0.00249473	0.00187628	2
194.425	45.0341	-0.00250844	0.00190841	2
195.301	45.2494	-0.00252176	0.00194039	2
196.176	45.4726	-0.002535	0.00197298	2
197.038	45.7016	-0.00254802	0.0020058	2
197.887	45.9367	-0.0025608	0.00203885	2

