-125.004	2.01108	4.11502e-07	-4.16235e-07	2
-125.319	2.96615	3.41861e-05	-3.5284e-05	2
-125.632	3.93685	6.51467e-05	-6.87103e-05	2
-125.94	4.91185	9.29436e-05	-0.00010031	2
-126.239	5.87964	0.000117372	-0.000129783	2
-126.536	6.86245	0.000139062	-0.000157846	2
-126.827	7.84881	0.000157773	-0.000184176	2
-127.112	8.83846	0.000173566	-0.000208805	2
-127.39	9.83116	0.000186505	-0.000231766	2
-127.663	10.8266	0.00019665	-0.000253089	2
-127.929	11.8247	0.000204064	-0.000272805	2
-128.188	12.825	0.000208809	-0.000290948	2
-128.44	13.8273	0.000210945	-0.000307546	2
-128.685	14.8314	0.000210536	-0.000322634	2
-128.923	15.8371	0.000207643	-0.000336241	2
-129.154	16.844	0.000202328	-0.000348399	2
-129.377	17.8519	0.000194652	-0.00035914	2
-129.592	18.8606	0.000184678	-0.000368496	2
-129.8	19.8698	0.000172467	-0.000376497	2
-129.999	20.8793	0.000158082	-0.000383176	2
-130.19	21.8888	0.000141584	-0.000388563	2
-130.373	22.8981	0.000123034	-0.000392691	2
-130.547	23.9068	0.000102496	-0.00039559	2
-130.713	24.9148	8.00301e-05	-0.000397292	2
-130.869	25.9218	5.56989e-05	-0.00039783	2
-131.017	26.9275	2.9564e-05	-0.000397233	2
-131.154	27.9202	2.01752e-06	-0.00039556	2
-131.283	28.9227	-2.752e-05	-0.000392802	2
-131.402	29.9232	-5.86763e-05	-0.000389005	2
-131.512	30.9215	-9.13894e-05	-0.000384199	2
-131.612	31.9172	-0.000125598	-0.000378417	2
-131.701	32.9101	-0.000161239	-0.00037169	2
-131.781	33.9	-0.000198252	-0.000364048	2
-131.85	34.8867	-0.000236574	-0.000355525	2
-131.908	35.8698	-0.000276144	-0.000346151	2
-131.956	36.8491	-0.000316899	-0.000335957	2
-131.993	37.8245	-0.000358779	-0.000324976	2
-132.019	38.7955	-0.00040172	-0.000313238	2
-132.033	39.762	-0.000445662	-0.000300776	2
-132.037	40.7237	-0.000490542	-0.00028762	2
-132.028	41.6803	-0.000536299	-0.000273802	2
-132.008	42.6317	-0.00058287	-0.000259354	2
-131.976	43.5775	-0.000630194	-0.000244308	2
-131.932	44.5175	-0.000678209	-0.000228693	2
-131.875	45.4515	-0.000726853	-0.000212543	2
-131.806	46.3791	-0.000776064	-0.000195889	2
-131.725	47.3002	-0.00082578	-0.000178762	2
-131.631	48.2145	-0.00087594	-0.000161193	2
-131.523	49.1217	-0.000926482	-0.000143214	2
-131.405	50.0113	-0.000976757	-0.00012507	2
-131.271	50.9037	-0.00102787	-0.00010637	2
-131.124	51.7883	-0.00107919	-8.73535e-05	2
-130.964	52.6648	-0.00113064	-6.80531e-05	2
-130.79	53.533	-0.00118216	-4.84998e-05	2
-130.602	54.3927	-0.00123369	-2.87252e-05	2
-130.399	55.2434	-0.00128517	-8.76063e-06	2
-130.183	56.0851	-0.00133654	1.13623e-05	2
-129.952	56.9175	-0.00138774	3.16121e-05	2
-129.706	57.7403	-0.0014387	5.19573e-05	2
-129.446	58.5532	-0.00148936	7.23664e-05	2
-129.171	59.3561	-0.00153966	9.2808e-05	2
-128.88	60.1486	-0.00158954	0.00011325	2
-128.575	60.9304	-0.00163894	0.000133662	2
-128.254	61.7015	-0.00168779	0.000154012	2
-127.917	62.4614	-0.00173603	0.000174269	2
-127.564	63.21	-0.0017836	0.0001944	2
-127.196	63.947	-0.00183045	0.000214375	2
-126.811	64.6721	-0.0018765	0.000234162	2
-126.41	65.385	-0.00192169	0.000253729	2
-125.993	66.0857	-0.00196597	0.000273046	2
-125.559	66.7736	-0.00200927	0.000292079	2
-125.108	67.4488	-0.00205153	0.0003108	2
-124.641	68.1107	-0.00209269	0.000329174	2
-124.161	68.752	-0.00213223	0.000346967	2
-123.659	69.3871	-0.00217101	0.000364561	2
-123.14	70.0084	-0.00220851	0.000381716	2
-122.603	70.6155	-0.00224465	0.000398399	2
-122.048	71.2082	-0.00227939	0.00041458	2
-121.475	71.7863	-0.00231265	0.000430227	2
-120.884	72.3495	-0.00234438	0.000445309	2
-120.275	72.8975	-0.00237451	0.000459794	2
-119.647	73.4301	-0.00240299	0.00047365	2
-119.001	73.9471	-0.00242974	0.000486846	2
-118.335	74.4482	-0.00245471	0.00049935	2
-117.651	74.9331	-0.00247784	0.000511132	2
-116.948	75.4016	-0.00249907	0.000522159	2
-116.225	75.8535	-0.00251832	0.000532401	2
-115.483	76.2884	-0.00253555	0.000541825	2
-114.721	76.7062	-0.00255068	0.0005504	2
-113.939	77.1065	-0.00256367	0.000558095	2
-113.138	77.4892	-0.00257443	0.000564878	2
-112.316	77.854	-0.00258292	0.000570717	2
-111.474	78.2005	-0.00258908	0.000575582	2
-110.611	78.5286	-0.00259283	0.00057944	2
-109.728	78.8381	-0.00259412	0.000582261	2
-108.824	79.1286	-0.00259288	0.000584012	2
-107.909	79.3969	-0.00258912	0.000584661	2
-106.963	79.649	-0.00258269	0.000584192	2
-105.996	79.8814	-0.00257354	0.00058256	2
-105.007	80.0939	-0.00256162	0.000579733	2

-74.9993	2.0105	1.33475e-07	1.34042e-07	2
-74.9531	2.91245	1.11586e-05	1.09925e-05	2
-74.9413	3.82328	2.14067e-05	2.06498e-05	2
-74.9638	4.73245	3.07553e-05	2.90004e-05	2
-75.0189	5.6295	3.91232e-05	3.59986e-05	2
-75.1071	6.53524	4.67162e-05	4.18354e-05	2
-75.2269	7.43921	5.34429e-05	4.64506e-05	2
-75.3777	8.34135	5.93144e-05	4.98725e-05	2
-75.5584	9.24163	6.43418e-05	5.21297e-05	2
-75.7683	10.14	6.85363e-05	5.32507e-05	2
-76.0066	11.0365	7.1909e-05	5.32638e-05	2
-76.2722	11.9309	7.44709e-05	5.21975e-05	2
-76.5645	12.8234	7.62331e-05	5.00803e-05	2
-76.8825	13.7137	7.72069e-05	4.69406e-05	2
-77.2254	14.602	7.74033e-05	4.28069e-05	2
-77.5923	15.4882	7.68333e-05	3.77077e-05	2
-77.9824	16.3722	7.55082e-05	3.16714e-05	2
-78.3948	17.2539	7.34389e-05	2.47264e-05	2
-78.8286	18.1334	7.06367e-05	1.69013e-05	2
-79.283	19.0106	6.71127e-05	8.22445e-06	2
-79.7572	19.8855	6.28778e-05	-1.27568e-06	2
-80.2503	20.7579	5.79433e-05	-1.15706e-05	2
-80.7614	21.628	5.23203e-05	-2.26319e-05	2
-81.2897	22.4956	4.60199e-05	-3.44311e-05	2
-81.8343	23.3607	3.90531e-05	-4.69398e-05	2
-82.3944	24.2233	3.14311e-05	-6.01294e-05	2
-82.9624	25.0735	2.32636e-05	-7.38089e-05	2
-83.5507	25.9309	1.43717e-05	-8.82681e-05	2
-84.1519	26.7857	4.85782e-06	-0.000103323	2
-84.7652	27.6377	-5.267e-06	-0.000118946	2
-85.3896	28.4871	-1.59916e-05	-0.000135108	2
-86.0244	29.3337	-2.73049e-05	-0.00015178	2
-86.6687	30.1774	-3.91958e-05	-0.000168934	2
-87.3216	31.0183	-5.16532e-05	-0.000186543	2
-87.9823	31.8563	-6.46659e-05	-0.000204576	2
-88.6499	32.6914	-7.82229e-05	-0.000223006	2
-89.3235	33.5235	-9.2313e-05	-0.000241804	2
-90.0024	34.3526	-0.000106925	-0.000260943	2
-90.6856	35.1787	-0.000122048	-0.000280392	2
-91.3723	36.0016	-0.000137671	-0.000300125	2
-92.0616	36.8215	-0.000153783	-0.000320112	2
-92.7528	37.6381	-0.000170372	-0.000340325	2
-93.4448	38.4516	-0.000187428	-0.000360735	2
-94.1369	39.2618	-0.000204939	-0.000381315	2
-94.8283	40.0687	-0.000222894	-0.000402035	2
-95.518	40.8723	-0.000241283	-0.000422868	2
-96.2051	41.6725	-0.000260094	-0.000443784	2
-96.889	42.4693	-0.000279315	-0.000464756	2
-97.5686	43.2627	-0.000298937	-0.000485754	2
-98.2355	44.0435	-0.000318715	-0.00050651	2
-98.9042	44.8299	-0.000339098	-0.000527477	2
-99.5661	45.6127	-0.000359848	-0.000548386	2
-100.22	46.3919	-0.000380954	-0.000569208	2
-100.866	47.1675	-0.000402404	-0.000589916	2
-101.503	47.9394	-0.000424187	-0.000610479	2
-102.129	48.7076	-0.000446293	-0.000630871	2
-102.744	49.472	-0.00046871	-0.000651062	2
-103.348	50.2326	-0.000491427	-0.000671024	2
-103.938	50.9893	-0.000514432	-0.000690729	2
-104.515	51.7422	-0.000537716	-0.000710148	2
-105.078	52.4911	-0.000561266	-0.000729252	2
-105.625	53.2361	-0.000585071	-0.000748014	2
-106.156	53.9771	-0.000609122	-0.000766405	2
-106.67	54.714	-0.000633405	-0.000784396	2
-107.166	55.4469	-0.000657911	-0.000801959	2
-107.644	56.1756	-0.000682627	-0.000819065	2
-108.101	56.9002	-0.000707544	-0.000835686	2
-108.539	57.6205	-0.00073265	-0.000851793	2
-108.955	58.3367	-0.000757933	-0.000867359	2
-109.348	59.0485	-0.000783384	-0.000882354	2
-109.719	59.7561	-0.000808989	-0.000896751	2
-110.066	60.4592	-0.00083474	-0.00091052	2
-110.388	61.158	-0.000860623	-0.000923633	2
-110.681	61.8444	-0.00088633	-0.000935923	2
-110.952	62.5343	-0.000912445	-0.000947648	2
-111.195	63.2197	-0.000938661	-0.000958632	2
-111.41	63.9005	-0.000964966	-0.000968846	2
-111.596	64.5767	-0.000991349	-0.000978263	2
-111.752	65.2483	-0.0010178	-0.000986853	2
-111.877	65.9152	-0.0010443	-0.000994589	2
-111.971	66.5774	-0.00107085	-0.00100144	2
-112.032	67.2349	-0.00109744	-0.00100738	2
-112.06	67.8875	-0.00112404	-0.00101238	2
-112.054	68.5353	-0.00115066	-0.00101642	2
-112.013	69.1783	-0.00117728	-0.00101945	2
-111.936	69.8163	-0.00120389	-0.00102146	2
-111.822	70.4494	-0.00123047	-0.00102242	2
-111.671	71.0775	-0.00125702	-0.00102229	2
-111.481	71.7005	-0.00128353	-0.00102106	2
-111.252	72.3185	-0.00130998	-0.00101868	2
-110.983	72.9313	-0.00133637	-0.00101514	2
-110.673	73.539	-0.00136267	-0.0010104	2
-110.321	74.1415	-0.00138889	-0.00100444	2
-109.927	74.7388	-0.00141501	-0.000997219	2
-109.488	75.3308	-0.00144102	-0.00098872	2
-109.006	75.9175	-0.00146691	-0.000978912	2
-108.484	76.4922	-0.00149237	-0.000967901	2
-107.911	77.0682	-0.00151798	-0.000955403	2
-107.29	77.6388	-0.00154343	-0.00094151	2
-106.622	78.2039	-0.00156872	-0.000926194	2

-25.0014	2.0113	-4.0817e-07	8.00069e-08	2
-25.1386	2.97479	-3.49711e-05	6.57783e-06	2
-25.303	3.93331	-6.88678e-05	1.23862e-05	2
-25.4927	4.87582	-0.000101716	1.74325e-05	2
-25.7045	5.79206	-0.000133183	2.16793e-05	2
-25.9429	6.70362	-0.000164026	2.52326e-05	2
-26.205	7.60004	-0.0001939	2.80463e-05	2
-26.4904	8.4816	-0.00022283	3.01278e-05	2
-26.7985	9.3486	-0.000250845	3.14846e-05	2
-27.1289	10.2013	-0.000277969	3.21242e-05	2
-27.481	11.04	-0.000304229	3.20541e-05	2
-27.8544	11.8651	-0.000329652	3.12818e-05	2
-28.2485	12.6767	-0.000354265	2.98147e-05	2
-28.6628	13.4751	-0.000378092	2.76603e-05	2
-29.0969	14.2608	-0.000401161	2.48261e-05	2
-29.5503	15.0338	-0.000423499	2.13197e-05	2
-30.0223	15.7946	-0.000445131	1.71483e-05	2
-30.5127	16.5434	-0.000466084	1.23197e-05	2
-31.0207	17.2805	-0.000486384	6.84114e-06	2
-31.546	18.0062	-0.000506058	7.20216e-07	2
-32.088	18.7208	-0.000525132	-6.03561e-06	2
-32.6463	19.4245	-0.000543633	-1.34189e-05	2
-33.2203	20.1177	-0.000561586	-2.14221e-05	2
-33.8095	20.8006	-0.000579019	-3.00377e-05	2
-34.4135	21.4735	-0.000595957	-3.92584e-05	2
-35.0317	22.1367	-0.000612427	-4.90765e-05	2
-35.6562	22.7831	-0.000628273	-5.93617e-05	2
-36.3012	23.4279	-0.000643891	-7.03458e-05	2
-36.9589	24.0639	-0.000659119	-8.19049e-05	2
-37.6289	24.6913	-0.000673985	-9.40318e-05	2
-38.3106	25.3105	-0.000688514	-0.000106719	2
-39.0035	25.9217	-0.000702733	-0.000119959	2
-39.7071	26.5252	-0.000716669	-0.000133743	2
-40.421	27.1212	-0.000730347	-0.000148066	2
-41.1445	27.7102	-0.000743794	-0.000162919	2
-41.8773	28.2924	-0.000757036	-0.000178295	2
-42.6188	28.868	-0.000770101	-0.000194186	2
-43.3686	29.4373	-0.000783013	-0.000210585	2
-44.126	30.0007	-0.000795801	-0.000227484	2
-44.8907	30.5584	-0.000808489	-0.000244876	2
-45.6621	31.1107	-0.000821104	-0.000262753	2
-46.4397	31.6579	-0.000833673	-0.000281108	2
-47.223	32.2003	-0.000846222	-0.000299934	2
-48.0116	32.7381	-0.000858778	-0.000319222	2
-48.8048	33.2717	-0.000871367	-0.000338966	2
-49.6022	33.8014	-0.000884014	-0.000359158	2
-50.4034	34.3273	-0.000896748	-0.000379791	2
-51.2078	34.8499	-0.000909593	-0.000400856	2
-52.0148	35.3693	-0.000922577	-0.000422347	2
-52.8148	35.8801	-0.000935573	-0.000444002	2
-53.6258	36.3942	-0.00094891	-0.000466316	2
-54.4379	36.9061	-0.000962465	-0.000489034	2
-55.2508	37.4161	-0.000976263	-0.000512148	2
-56.0639	37.9243	-0.00099033	-0.00053565	2
-56.8767	38.4312	-0.00100469	-0.000559532	2
-57.6887	38.937	-0.00101938	-0.000583788	2
-58.4993	39.442	-0.00103442	-0.00060841	2
-59.3082	39.9464	-0.00104983	-0.000633389	2
-60.1148	40.4506	-0.00106564	-0.00065872	2
-60.9186	40.9549	-0.00108188	-0.000684394	2
-61.7191	41.4595	-0.00109858	-0.000710404	2
-62.5158	41.9647	-0.00111576	-0.000736742	2
-63.3081	42.4708	-0.00113344	-0.0007634	2
-64.0957	42.9781	-0.00115166	-0.000790373	2
-64.8779	43.4869	-0.00117044	-0.000817651	2
-65.6544	43.9975	-0.0011898	-0.000845227	2
-66.4245	44.5101	-0.00120978	-0.000873095	2
-67.1878	45.0251	-0.0012304	-0.000901246	2
-67.9439	45.5427	-0.00125168	-0.000929673	2
-68.692	46.0632	-0.00127365	-0.000958368	2
-69.4319	46.5869	-0.00129635	-0.000987325	2
-70.163	47.1141	-0.00131979	-0.00101653	2
-70.8847	47.6451	-0.00134399	-0.00104599	2
-71.5885	48.1739	-0.00136871	-0.00107534	2
-72.2902	48.7132	-0.00139453	-0.00110527	2
-72.9811	49.2572	-0.0014212	-0.00113541	2
-73.6607	49.8061	-0.00144875	-0.00116578	2
-74.3285	50.3602	-0.0014772	-0.00119635	2
-74.9839	50.9198	-0.00150657	-0.00122712	2
-75.6266	51.4851	-0.00153691	-0.00125809	2
-76.2559	52.0565	-0.00156823	-0.00128924	2
-76.8713	52.6343	-0.00160055	-0.00132057	2
-77.4725	53.2187	-0.00163391	-0.00135207	2
-78.0588	53.8101	-0.00166833	-0.00138374	2
-78.6298	54.4086	-0.00170384	-0.00141556	2
-79.185	55.0147	-0.00174046	-0.00144754	2
-79.7238	55.6285	-0.00177822	-0.00147965	2
-80.2458	56.2504	-0.00181715	-0.0015119	2
-80.7505	56.8807	-0.00185727	-0.00154427	2
-81.2374	57.5196	-0.00189861	-0.00157676	2
-81.7059	58.1674	-0.00194119	-0.00160937	2
-82.1555	58.8245	-0.00198505	-0.00164208	2
-82.5859	59.4911	-0.00203021	-0.00167488	2
-82.9963	60.1674	-0.00207669	-0.00170777	2
-83.3865	60.8539	-0.00212452	-0.00174075	2
-83.7558	61.5507	-0.00217373	-0.0017738	2
-84.0999	62.2499	-0.00222375	-0.00180653	2
-84.4263	62.9682	-0.00227578	-0.00183971	2
-84.7303	63.6977	-0.00232926	-0.00187293	2
-85.0115	64.4387	-0.00238423	-0.0019062	2

24.9993	2.0112	-2.04558e-07	-3.49731e-07	2
24.9352	2.97193	-1.59395e-05	-2.92548e-05	2
24.8563	3.9384	-2.8159e-05	-5.61654e-05	2
24.7636	4.89952	-3.67152e-05	-8.07719e-05	2
24.6587	5.84439	-4.16279e-05	-0.000102871	2
24.5392	6.79508	-4.30673e-05	-0.000123016	2
24.4067	7.74065	-4.10122e-05	-0.000140977	2
24.2613	8.68118	-3.55192e-05	-0.000156795	2
24.1032	9.61675	-2.66447e-05	-0.000170509	2
23.9328	10.5475	-1.44453e-05	-0.000182161	2
23.7501	11.4734	1.02256e-06	-0.000191791	2
23.5556	12.3946	1.97023e-05	-0.000199438	2
23.3493	13.3111	4.15374e-05	-0.000205143	2
23.1316	14.2232	6.64714e-05	-0.000208947	2
22.9027	15.1307	9.44477e-05	-0.000210889	2
22.6627	16.0339	0.00012541	-0.00021101	2
22.412	16.9328	0.000159301	-0.00020935	2
22.1508	17.8275	0.000196065	-0.00020595	2
21.8793	18.718	0.000235646	-0.000200849	2
21.5977	19.6045	0.000277986	-0.000194088	2
21.3063	20.487	0.000323029	-0.000185708	2
21.0053	21.3656	0.00037072	-0.000175748	2
20.695	22.2405	0.000421	-0.000164249	2
20.3755	23.1116	0.000473814	-0.00015125	2
20.0472	23.979	0.000529105	-0.000136793	2
19.7102	24.8429	0.000586817	-0.000120918	2
19.3689	25.6935	0.000646189	-0.000103871	2
19.0154	26.5506	0.000708546	-8.52944e-05	2
18.654	27.4043	0.000773155	-6.54202e-05	2
18.2848	28.2548	0.000839959	-4.42882e-05	2
17.9082	29.1022	0.000908902	-2.19387e-05	2
17.5244	29.9465	0.000979927	1.58796e-06	2
17.1336	30.7878	0.00105298	2.62516e-05	2
16.7359	31.6263	0.001128	5.20119e-05	2
16.3318	32.4619	0.00120493	7.88287e-05	2
15.9213	33.2947	0.00128372	0.000106662	2
15.5048	34.1249	0.00136431	0.00013547	2
15.0824	34.9526	0.00144664	0.000165215	2
14.6545	35.7777	0.00153065	0.000195854	2
14.2212	36.6004	0.0016163	0.000227349	2
13.7827	37.4208	0.00170352	0.000259658	2
13.3394	38.239	0.00179226	0.000292742	2
12.8914	39.055	0.00188246	0.00032656	2
12.439	39.8689	0.00197406	0.000361072	2
11.9824	40.6808	0.00206701	0.000396238	2
11.5218	41.4908	0.00216125	0.000432017	2
11.0575	42.299	0.00225673	0.000468369	2
10.5898	43.1054	0.00235338	0.000505254	2
10.1188	43.9102	0.00245116	0.000542632	2
9.65021	44.7041	0.00254885	0.000580024	2
9.17344	45.5058	0.00264869	0.000618262	2
8.69412	46.306	0.00274948	0.000656871	2
8.21248	47.1049	0.00285116	0.000695813	2
7.72877	47.9026	0.00295369	0.000735046	2
7.24321	48.699	0.00305699	0.000774531	2
6.75604	49.4944	0.00316103	0.000814226	2
6.2675	50.2888	0.00326573	0.000854093	2
5.77782	51.0822	0.00337105	0.00089409	2
5.28724	51.8748	0.00347692	0.000934177	2
4.79599	52.6666	0.00358329	0.000974315	2
4.3043	53.4577	0.00369011	0.00101446	2
3.81241	54.2482	0.00379731	0.00105458	2
3.32056	55.0382	0.00390485	0.00109462	2
2.82898	55.8278	0.00401266	0.00113456	2
2.3379	56.617	0.00412068	0.00117434	2
1.84756	57.4059	0.00422887	0.00121393	2
1.3582	58.1947	0.00433717	0.00125329	2
0.870038	58.9833	0.00444551	0.00129238	2
0.383325	59.7719	0.00455384	0.00133116	2
-0.10171	60.5606	0.00466211	0.00136958	2
-0.584832	61.3494	0.00477025	0.00140761	2
-1.06581	62.1384	0.00487822	0.00144521	2
-1.5444	62.9277	0.00498595	0.00148233	2
-2.01492	63.7083	0.00509216	0.00151852	2
-2.48807	64.4985	0.00519926	0.00155458	2
-2.95815	65.2892	0.00530596	0.00159005	2
-3.4249	66.0805	0.0054122	0.00162488	2
-3.8881	66.8726	0.00551792	0.00165904	2
-4.34751	67.6654	0.00562306	0.00169248	2
-4.8029	68.4591	0.00572758	0.00172517	2
-5.25402	69.2538	0.00583141	0.00175707	2
-5.70066	70.0495	0.0059345	0.00178813	2
-6.14257	70.8464	0.00603679	0.00181831	2
-6.57952	71.6444	0.00613822	0.00184757	2
-7.01127	72.4437	0.00623875	0.00187588	2
-7.43758	73.2444	0.0063383	0.0019032	2
-7.85823	74.0466	0.00643683	0.00192947	2
-8.27298	74.8503	0.00653428	0.00195467	2
-8.68159	75.6555	0.00663058	0.00197876	2
-9.08384	76.4625	0.0067257	0.00200168	2
-9.47947	77.2713	0.00681956	0.00202341	2
-9.86827	78.0819	0.00691212	0.00204389	2
-10.25	78.8945	0.00700331	0.0020631	2
-10.6244	79.7091	0.00709308	0.00208099	2
-10.9913	80.5258	0.00718137	0.00209752	2
-11.3503	81.3447	0.00726813	0.00211266	2
-11.6974	82.1564	0.00735233	0.0021262	2
-12.0403	82.9799	0.00743587	0.00213843	2
-12.3748	83.8059	0.00751771	0.00214914	2
-12.7005	84.6343	0.00759779	0.00215829	2

75.0003	2.01257	4.24873e-07	-3.43961e-08	2
75.0348	3.08713	3.77464e-05	-4.02609e-06	2
75.0873	4.16196	7.70555e-05	-1.01266e-05	2
75.1572	5.2246	0.000117896	-1.82762e-05	2
75.2433	6.26315	0.000159742	-2.83211e-05	2
75.3473	7.30188	0.000203536	-4.04698e-05	2
75.4681	8.32876	0.000248769	-5.45915e-05	2
75.6055	9.34389	0.00029541	-7.0661e-05	2
75.7593	10.3474	0.000343427	-8.86527e-05	2
75.9292	11.3394	0.00039279	-0.000108541	2
76.1151	12.32	0.000443468	-0.000130301	2
76.3166	13.2892	0.00049543	-0.000153908	2
76.5337	14.2474	0.000548644	-0.000179334	2
76.7661	15.1944	0.000603079	-0.000206556	2
77.0136	16.1305	0.000658705	-0.000235548	2
77.2759	17.0557	0.00071549	-0.000266285	2
77.5529	17.9702	0.000773404	-0.00029874	2
77.8443	18.8741	0.000832415	-0.000332889	2
78.1499	19.7675	0.000892493	-0.000368706	2
78.4695	20.6505	0.000953606	-0.000406166	2
78.8029	21.5232	0.00101572	-0.000445243	2
79.1498	22.3858	0.00107881	-0.000485912	2
79.5101	23.2383	0.00114285	-0.000528148	2
79.8835	24.0808	0.00120779	-0.000571925	2
80.2698	24.9135	0.00127361	-0.000617217	2
80.6689	25.7365	0.00134028	-0.000664	2
81.0756	26.5406	0.00140699	-0.000711685	2
81.4992	27.3447	0.00147526	-0.000761356	2
81.9349	28.1393	0.00154429	-0.000812441	2
82.3824	28.9246	0.00161404	-0.000864915	2
82.8416	29.7008	0.00168448	-0.000918753	2
83.3121	30.468	0.00175559	-0.000973929	2
83.7939	31.2262	0.00182733	-0.00103042	2
84.2866	31.9756	0.00189967	-0.00108819	2
84.79	32.7163	0.00197258	-0.00114723	2
85.304	33.4485	0.00204603	-0.00120751	2
85.8284	34.1721	0.00211999	-0.00126899	2
86.3628	34.8873	0.00219442	-0.00133166	2
86.9071	35.5943	0.0022693	-0.00139549	2
87.4611	36.2932	0.00234459	-0.00146046	2
88.0246	36.984	0.00242027	-0.00152654	2
88.5973	37.6669	0.0024963	-0.0015937	2
89.179	38.342	0.00257266	-0.00166191	2
89.7695	39.0094	0.0026493	-0.00173117	2
90.3686	39.6692	0.0027262	-0.00180143	2
90.9761	40.3216	0.00280333	-0.00187267	2
91.5918	40.9666	0.00288066	-0.00194487	2
92.2154	41.6043	0.00295816	-0.002018	2
92.8467	42.2349	0.00303579	-0.00209203	2
93.4782	42.8514	0.00311263	-0.00216609	2
94.1242	43.4682	0.00319043	-0.00224185	2
94.7774	44.0781	0.00326828	-0.00231844	2
95.4374	44.6814	0.00334615	-0.00239584	2
96.104	45.2781	0.00342399	-0.00247402	2
96.7771	45.8684	0.00350178	-0.00255295	2
97.4564	46.4523	0.00357949	-0.00263261	2
98.1417	47.03	0.00365709	-0.00271297	2
98.8328	47.6015	0.00373454	-0.00279401	2
99.5295	48.1671	0.00381182	-0.00287571	2
100.231	48.7267	0.00388889	-0.00295803	2
100.939	49.2806	0.00396573	-0.00304095	2
101.651	49.8288	0.0040423	-0.00312445	2
102.367	50.3714	0.00411857	-0.0032085	2
103.089	50.9086	0.00419451	-0.00329307	2
103.814	51.4405	0.00427009	-0.00337814	2
104.544	51.9671	0.00434527	-0.00346369	2
105.277	52.4886	0.00442004	-0.00354969	2
106.014	53.0052	0.00449435	-0.00363611	2
106.755	53.5168	0.00456817	-0.00372293	2
107.498	54.0237	0.00464148	-0.00381012	2
108.245	54.5259	0.00471424	-0.00389766	2
108.994	55.0236	0.00478642	-0.00398552	2
109.746	55.5168	0.004858	-0.00407368	2
110.492	56.0001	0.00492812	-0.0041611	2
111.248	56.4849	0.00499839	-0.00424977	2
112.007	56.9655	0.00506796	-0.00433866	2
112.766	57.4422	0.00513679	-0.00442775	2
113.528	57.915	0.00520486	-0.00451701	2
114.29	58.384	0.00527214	-0.00460641	2
115.054	58.8494	0.00533859	-0.00469593	2
115.819	59.3113	0.00540418	-0.00478555	2
116.584	59.7697	0.00546888	-0.00487523	2
117.349	60.2248	0.00553266	-0.00496496	2
118.115	60.6767	0.0055955	-0.0050547	2
118.88	61.1256	0.00565735	-0.00514444	2
119.646	61.5714	0.00571819	-0.00523414	2
120.41	62.0144	0.00577799	-0.00532379	2
121.175	62.4547	0.00583671	-0.00541335	2
121.938	62.8923	0.00589432	-0.0055028	2
122.7	63.3274	0.0059508	-0.00559211	2
123.461	63.7601	0.00600611	-0.00568127	2
124.22	64.1904	0.00606023	-0.00577023	2
124.977	64.6186	0.00611311	-0.00585899	2
125.733	65.0448	0.00616473	-0.00594751	2
126.486	65.4689	0.00621506	-0.00603577	2
127.236	65.8912	0.00626407	-0.00612374	2
127.976	66.307	0.00631118	-0.00621039	2
128.721	66.726	0.00635746	-0.00629772	2
129.464	67.1434	0.00640233	-0.00638468	2
130.202	67.5595	0.00644575	-0.00647125	2

124.996	2.01198	-4.4151e-07	-1.53941e-07	2
124.645	3.03746	-3.80912e-05	-1.27884e-05	2
124.317	4.06555	-7.55361e-05	-2.43721e-05	2
124.018	5.08432	-0.000112336	-3.47785e-05	2
123.748	6.08225	-0.000148082	-4.39352e-05	2
123.503	7.08259	-0.000183607	-5.20823e-05	2
123.285	8.07372	-0.000218492	-5.91343e-05	2
123.092	9.05568	-0.000252741	-6.51187e-05	2
122.926	10.0285	-0.000286354	-7.00629e-05	2
122.786	10.9923	-0.000319335	-7.39946e-05	2
122.671	11.947	-0.000351684	-7.69411e-05	2
122.582	12.8927	-0.000383404	-7.893e-05	2
122.517	13.8294	-0.000414496	-7.99888e-05	2
122.477	14.7572	-0.000444963	-8.01449e-05	2
122.46	15.6762	-0.000474806	-7.94258e-05	2
122.468	16.5862	-0.000504028	-7.78591e-05	2
122.499	17.4875	-0.00053263	-7.54722e-05	2
122.553	18.38	-0.000560613	-7.22927e-05	2
122.63	19.2638	-0.000587981	-6.83479e-05	2
122.73	20.1389	-0.000614735	-6.36655e-05	2
122.852	21.0054	-0.000640876	-5.82729e-05	2
122.995	21.8633	-0.000666407	-5.21975e-05	2
123.16	22.7126	-0.00069133	-4.5467e-05	2
123.346	23.5533	-0.000715646	-3.81087e-05	2
123.553	24.3856	-0.000739357	-3.01502e-05	2
123.781	25.2095	-0.000762466	-2.1619e-05	2
124.026	26.0156	-0.000784718	-1.26498e-05	2
124.293	26.8228	-0.000806634	-3.06143e-06	2
124.58	27.6217	-0.000827953	7.01757e-06	2
124.886	28.4123	-0.000848676	1.75596e-05	2
125.211	29.1946	-0.000868806	2.85373e-05	2
125.554	29.9688	-0.000888345	3.9923e-05	2
125.916	30.7347	-0.000907294	5.16894e-05	2
126.296	31.4926	-0.000925656	6.38088e-05	2
126.693	32.2424	-0.000943432	7.62539e-05	2
127.107	32.9841	-0.000960625	8.89971e-05	2
127.538	33.7179	-0.000977235	0.000102011	2
127.986	34.4437	-0.000993265	0.000115268	2
128.45	35.1615	-0.00100872	0.00012874	2
128.93	35.8715	-0.00102359	0.000142401	2
129.425	36.5737	-0.0010379	0.000156223	2
129.936	37.2681	-0.00105163	0.000170177	2
130.462	37.9547	-0.00106478	0.000184237	2
131.002	38.6335	-0.00107737	0.000198376	2
131.556	39.3047	-0.0010894	0.000212565	2
132.125	39.9683	-0.00110086	0.000226777	2
132.706	40.6243	-0.00111175	0.000240985	2
133.302	41.2727	-0.00112209	0.000255161	2
133.91	41.9136	-0.00113186	0.000269278	2
134.523	42.5398	-0.00114098	0.000283148	2
135.156	43.1659	-0.00114965	0.000297065	2
135.801	43.7845	-0.00115777	0.000310841	2
136.457	44.3959	-0.00116533	0.000324448	2
137.125	44.9999	-0.00117235	0.000337858	2
137.804	45.5966	-0.00117881	0.000351045	2
138.493	46.1861	-0.00118474	0.00036398	2
139.193	46.7684	-0.00119011	0.000376636	2
139.902	47.3436	-0.00119495	0.000388986	2
140.621	47.9116	-0.00119925	0.000401002	2
141.35	48.4726	-0.001203	0.000412656	2
142.087	49.0265	-0.00120622	0.000423922	2
142.833	49.5734	-0.00120891	0.000434771	2
143.588	50.1134	-0.00121107	0.000445176	2
144.35	50.6465	-0.00121269	0.00045511	2
145.12	51.1727	-0.00121378	0.000464545	2
145.897	51.6921	-0.00121435	0.000473454	2
146.682	52.2047	-0.0012144	0.000481809	2
147.473	52.7105	-0.00121392	0.000489583	2
148.27	53.2096	-0.00121291	0.000496747	2
149.073	53.7021	-0.00121139	0.000503276	2
149.883	54.1879	-0.00120936	0.00050914	2
150.697	54.6671	-0.0012068	0.000514314	2
151.516	55.1398	-0.00120374	0.000518768	2
152.331	55.6006	-0.0012002	0.000522438	2
153.159	56.0604	-0.00119612	0.000525382	2
153.992	56.5138	-0.00119153	0.000527524	2
154.828	56.9607	-0.00118643	0.000528838	2
155.667	57.4013	-0.00118083	0.000529296	2
156.51	57.8356	-0.00117473	0.000528871	2
157.355	58.2637	-0.00116813	0.000527535	2
158.203	58.6855	-0.00116103	0.00052526	2
159.053	59.1011	-0.00115343	0.000522019	2
159.904	59.5105	-0.00114534	0.000517785	2
160.757	59.9139	-0.00113675	0.00051253	2
161.611	60.3112	-0.00112768	0.000506227	2
162.465	60.7025	-0.00111812	0.000498848	2
163.32	61.0877	-0.00110806	0.000490365	2
164.175	61.4671	-0.00109753	0.000480751	2
165.03	61.8405	-0.00108651	0.000469979	2
165.884	62.2081	-0.00107501	0.000458022	2
166.738	62.5698	-0.00106303	0.00044485	2
167.59	62.9258	-0.00105057	0.000430438	2
168.44	63.276	-0.00103764	0.000414758	2
169.289	63.6205	-0.00102423	0.000397782	2
170.135	63.9593	-0.00101035	0.000379482	2
170.979	64.2925	-0.000996003	0.000359832	2
171.81	64.6164	-0.000981359	0.000339053	2
172.648	64.9386	-0.000966082	0.000316635	2
173.482	65.2552	-0.000950341	0.000292784	2
174.312	65.5664	-0.000934137	0.000267472	2

