-125	2.01138	-2.81074e-07	2.52908e-07	2
-124.995	2.98597	-2.3959e-05	2.10734e-05	2
-125.025	3.96321	-4.69341e-05	4.02938e-05	2
-125.088	4.93186	-6.89505e-05	5.7703e-05	2
-125.182	5.88102	-8.97959e-05	7.3173e-05	2
-125.309	6.83289	-0.00010998	8.71049e-05	2
-125.467	7.77651	-0.00012928	9.93505e-05	2
-125.656	8.71197	-0.000147721	0.000109952	2
-125.873	9.6394	-0.000165327	0.00011895	2
-126.119	10.5589	-0.000182125	0.000126388	2
-126.393	11.4706	-0.000198138	0.000132307	2
-126.694	12.3747	-0.000213393	0.000136748	2
-127.021	13.2711	-0.000227913	0.000139754	2
-127.374	14.1601	-0.000241724	0.000141367	2
-127.751	15.0417	-0.000254852	0.000141627	2
-128.151	15.9162	-0.00026732	0.000140578	2
-128.574	16.7835	-0.000279154	0.000138261	2
-129.02	17.6438	-0.000290379	0.000134717	2
-129.486	18.4972	-0.000301019	0.000129989	2
-129.973	19.3438	-0.000311101	0.000124118	2
-130.48	20.1838	-0.000320649	0.000117146	2
-131.005	21.0172	-0.000329688	0.000109115	2
-131.548	21.8443	-0.000338242	0.000100066	2
-132.109	22.665	-0.000346338	9.00423e-05	2
-132.686	23.4795	-0.000353999	7.90847e-05	2
-133.278	24.2879	-0.000361252	6.72353e-05	2
-133.878	25.0812	-0.000368043	5.46865e-05	2
-134.498	25.8778	-0.000374557	4.11878e-05	2
-135.132	26.6688	-0.000380736	2.69222e-05	2
-135.778	27.4541	-0.000386606	1.19314e-05	2
-136.435	28.2339	-0.000392191	-3.74261e-06	2
-137.103	29.0083	-0.000397517	-2.00582e-05	2
-137.78	29.7774	-0.000402609	-3.69734e-05	2
-138.467	30.5413	-0.000407491	-5.44465e-05	2
-139.162	31.3002	-0.000412189	-7.24357e-05	2
-139.864	32.0542	-0.000416728	-9.08991e-05	2
-140.572	32.8033	-0.000421133	-0.000109795	2
-141.287	33.5477	-0.000425428	-0.000129082	2
-142.006	34.2876	-0.000429639	-0.000148717	2
-142.729	35.0229	-0.00043379	-0.000168659	2
-143.456	35.7539	-0.000437908	-0.000188867	2
-144.185	36.4806	-0.000442016	-0.000209298	2
-144.915	37.2032	-0.00044614	-0.000229911	2
-145.646	37.9218	-0.000450304	-0.000250663	2
-146.378	38.6365	-0.000454534	-0.000271513	2
-147.108	39.3474	-0.000458855	-0.00029242	2
-147.837	40.0546	-0.000463292	-0.000313341	2
-148.563	40.7582	-0.000467869	-0.000334234	2
-149.286	41.4584	-0.000472612	-0.000355058	2
-149.997	42.1473	-0.000477488	-0.000375534	2
-150.711	42.841	-0.000482635	-0.000396096	2
-151.419	43.5316	-0.000488022	-0.000416464	2
-152.121	44.2192	-0.000493675	-0.000436596	2
-152.816	44.9039	-0.000499619	-0.000456451	2
-153.502	45.5858	-0.000505877	-0.000475985	2
-154.179	46.2652	-0.000512476	-0.000495158	2
-154.846	46.9419	-0.000519441	-0.000513928	2
-155.503	47.6163	-0.000526796	-0.000532253	2
-156.148	48.2884	-0.000534567	-0.000550091	2
-156.782	48.9582	-0.000542778	-0.0005674	2
-157.401	49.626	-0.000551454	-0.000584139	2
-158.007	50.2919	-0.000560622	-0.000600265	2
-158.599	50.9559	-0.000570304	-0.000615737	2
-159.175	51.6182	-0.000580527	-0.000630514	2
-159.734	52.2788	-0.000591316	-0.000644553	2
-160.276	52.938	-0.000602694	-0.000657812	2
-160.801	53.5957	-0.000614689	-0.000670249	2
-161.306	54.2522	-0.000627324	-0.000681824	2
-161.792	54.9076	-0.000640624	-0.000692494	2
-162.257	55.5619	-0.000654615	-0.000702217	2
-162.701	56.2153	-0.000669322	-0.000710951	2
-163.123	56.8679	-0.000684769	-0.000718655	2
-163.522	57.5197	-0.000700981	-0.000725286	2
-163.894	58.1635	-0.000717784	-0.000730747	2
-164.245	58.8144	-0.000735593	-0.000735122	2
-164.571	59.4649	-0.000754242	-0.000738301	2
-164.871	60.1151	-0.000773757	-0.00074024	2
-165.143	60.7652	-0.000794162	-0.000740898	2
-165.388	61.4153	-0.000815482	-0.000740234	2
-165.605	62.0655	-0.000837742	-0.000738206	2
-165.791	62.716	-0.000860967	-0.000734771	2
-165.948	63.3667	-0.000885183	-0.000729888	2
-166.074	64.0179	-0.000910414	-0.000723516	2
-166.168	64.6697	-0.000936685	-0.000715612	2
-166.229	65.3222	-0.000964021	-0.000706134	2
-166.256	65.9754	-0.000992448	-0.000695041	2
-166.249	66.6296	-0.00102199	-0.000682291	2
-166.207	67.2847	-0.00105267	-0.000667843	2
-166.13	67.941	-0.00108452	-0.000651653	2
-166.015	68.5986	-0.00111756	-0.000633681	2
-165.863	69.2575	-0.00115181	-0.000613885	2
-165.672	69.918	-0.0011873	-0.000592223	2
-165.442	70.58	-0.00122406	-0.000568652	2
-165.172	71.2437	-0.00126211	-0.000543132	2
-164.862	71.9092	-0.00130148	-0.000515621	2
-164.509	72.5767	-0.00134218	-0.000486076	2
-164.119	73.2385	-0.00138376	-0.000454831	2
-163.681	73.9102	-0.0014272	-0.000421119	2
-163.199	74.5842	-0.00147206	-0.000385248	2
-162.672	75.2605	-0.00151836	-0.000347178	2

-75.0035	2.01246	-4.38047e-07	4.11497e-07	2
-75.3174	3.07306	-3.77472e-05	3.50848e-05	2
-75.6561	4.12454	-7.47708e-05	6.87369e-05	2
-76.0157	5.1548	-0.000111087	0.000100979	2
-76.3913	6.1527	-0.000146307	0.000131485	2
-76.7912	7.14182	-0.000181265	0.000160988	2
-77.2109	8.11078	-0.000215564	0.000189148	2
-77.6498	9.05995	-0.000249221	0.000215985	2
-78.1077	9.98969	-0.000282251	0.000241524	2
-78.584	10.9004	-0.000314672	0.000265785	2
-79.0784	11.7923	-0.000346498	0.000288792	2
-79.5905	12.6659	-0.000377747	0.000310567	2
-80.1198	13.5215	-0.000408435	0.000331131	2
-80.666	14.3595	-0.000438577	0.000350508	2
-81.2287	15.1801	-0.000468191	0.000368719	2
-81.8075	15.9839	-0.000497291	0.000385787	2
-82.4019	16.7711	-0.000525896	0.000401733	2
-83.0116	17.5421	-0.00055402	0.000416582	2
-83.6361	18.2973	-0.00058168	0.000430354	2
-84.2751	19.0369	-0.000608893	0.000443072	2
-84.9281	19.7615	-0.000635674	0.000454758	2
-85.5948	20.4713	-0.000662039	0.000465434	2
-86.2747	21.1667	-0.000688006	0.000475124	2
-86.9674	21.848	-0.00071359	0.000483849	2
-87.6726	22.5156	-0.000738807	0.000491631	2
-88.3897	23.17	-0.000763674	0.000498492	2
-89.1101	23.804	-0.000787927	0.000504393	2
-89.85	24.4329	-0.000812145	0.000509491	2
-90.6008	25.0495	-0.000836062	0.000513735	2
-91.3619	25.6542	-0.000859694	0.000517148	2
-92.1331	26.2474	-0.000883055	0.000519752	2
-92.9138	26.8294	-0.000906164	0.000521569	2
-93.7038	27.4006	-0.000929036	0.000522621	2
-94.5026	27.9614	-0.000951687	0.000522931	2
-95.3098	28.512	-0.000974134	0.000522522	2
-96.125	29.0529	-0.000996393	0.000521415	2
-96.9477	29.5844	-0.00101848	0.000519632	2
-97.7777	30.1069	-0.00104041	0.000517196	2
-98.6144	30.6207	-0.0010622	0.00051413	2
-99.4576	31.1262	-0.00108387	0.000510455	2
-100.307	31.6238	-0.00110543	0.000506194	2
-101.161	32.1138	-0.0011269	0.000501369	2
-102.021	32.5965	-0.0011483	0.000496002	2
-102.886	33.0724	-0.00116964	0.000490117	2
-103.755	33.5418	-0.00119093	0.000483734	2
-104.628	34.005	-0.0012122	0.000476876	2
-105.504	34.4625	-0.00123346	0.000469566	2
-106.384	34.9145	-0.00125473	0.000461826	2
-107.266	35.3614	-0.00127602	0.000453678	2
-108.141	35.7985	-0.0012971	0.000445245	2
-109.027	36.2364	-0.00131849	0.000436352	2
-109.916	36.6704	-0.00133994	0.000427118	2
-110.805	37.1006	-0.00136148	0.000417566	2
-111.695	37.5276	-0.00138313	0.000407716	2
-112.586	37.9517	-0.0014049	0.000397592	2
-113.476	38.3732	-0.0014268	0.000387216	2
-114.366	38.7924	-0.00144886	0.000376611	2
-115.255	39.2099	-0.00147108	0.000365798	2
-116.142	39.6258	-0.00149349	0.000354799	2
-117.028	40.0407	-0.0015161	0.000343638	2
-117.912	40.4547	-0.00153893	0.000332337	2
-118.794	40.8684	-0.00156199	0.000320917	2
-119.672	41.282	-0.0015853	0.000309401	2
-120.548	41.6959	-0.00160888	0.000297811	2
-121.419	42.1105	-0.00163274	0.00028617	2
-122.286	42.5261	-0.0016569	0.000274499	2
-123.149	42.9431	-0.00168138	0.000262822	2
-124.007	43.3618	-0.00170618	0.00025116	2
-124.86	43.7827	-0.00173133	0.000239536	2
-125.707	44.206	-0.00175685	0.000227973	2
-126.548	44.6321	-0.00178275	0.000216491	2
-127.382	45.0614	-0.00180904	0.000205114	2
-128.21	45.4943	-0.00183574	0.000193864	2
-129.02	45.926	-0.00186256	0.00018289	2
-129.833	46.3669	-0.00189014	0.000171958	2
-130.637	46.8125	-0.00191817	0.00016122	2
-131.433	47.263	-0.00194668	0.000150698	2
-132.219	47.7189	-0.00197568	0.000140414	2
-132.997	48.1805	-0.0020052	0.000130391	2
-133.764	48.6481	-0.00203524	0.00012065	2
-134.522	49.1221	-0.00206582	0.000111214	2
-135.269	49.6029	-0.00209696	0.000102105	2
-136.005	50.0909	-0.00212867	9.33464e-05	2
-136.729	50.5863	-0.00216098	8.49592e-05	2
-137.442	51.0895	-0.00219389	7.69662e-05	2
-138.143	51.601	-0.00222742	6.93897e-05	2
-138.831	52.121	-0.0022616	6.22519e-05	2
-139.506	52.65	-0.00229643	5.55751e-05	2
-140.168	53.1882	-0.00233193	4.93817e-05	2
-140.816	53.7361	-0.00236812	4.36938e-05	2
-141.449	54.2939	-0.00240502	3.85339e-05	2
-142.068	54.8622	-0.00244263	3.39242e-05	2
-142.673	55.4411	-0.00248098	2.9887e-05	2
-143.261	56.0311	-0.00252009	2.64446e-05	2
-143.834	56.6326	-0.00255996	2.36192e-05	2
-144.391	57.2459	-0.00260062	2.14333e-05	2
-144.925	57.864	-0.0026416	1.99226e-05	2
-145.448	58.5018	-0.00268387	1.90743e-05	2
-145.954	59.1525	-0.00272698	1.89319e-05	2
-146.442	59.8163	-0.00277093	1.95178e-05	2

-25.003	2.01085	-7.28136e-07	1.79692e-07	2
-25.2599	2.94386	-6.12392e-05	1.5761e-05	2
-25.5157	3.88769	-0.00011825	3.17782e-05	2
-25.7673	4.83149	-0.000171091	4.80481e-05	2
-26.012	5.76441	-0.000219283	6.43759e-05	2
-26.2554	6.70813	-0.000264003	8.11378e-05	2
-26.4948	7.6518	-0.000304725	9.81418e-05	2
-26.7302	8.5954	-0.000341508	0.000115384	2
-26.9616	9.53893	-0.000374409	0.000132862	2
-27.189	10.4824	-0.000403486	0.000150571	2
-27.4124	11.4257	-0.000428796	0.000168508	2
-27.6319	12.369	-0.000450398	0.00018667	2
-27.8476	13.3122	-0.000468349	0.000205052	2
-28.0593	14.2552	-0.000482708	0.000223652	2
-28.2672	15.1982	-0.000493531	0.000242465	2
-28.4713	16.141	-0.000500877	0.000261489	2
-28.6716	17.0836	-0.000504803	0.000280719	2
-28.8682	18.0262	-0.000505367	0.000300153	2
-29.061	18.9685	-0.000502628	0.000319786	2
-29.2501	19.9107	-0.000496642	0.000339615	2
-29.4356	20.8528	-0.000487468	0.000359637	2
-29.6173	21.7946	-0.000475164	0.000379847	2
-29.7955	22.7363	-0.000459787	0.000400243	2
-29.9701	23.6778	-0.000441394	0.000420821	2
-30.1411	24.619	-0.000420045	0.000441578	2
-30.3085	25.5601	-0.000395796	0.000462509	2
-30.4706	26.4901	-0.000369033	0.000483368	2
-30.6311	27.4307	-0.000339191	0.000504636	2
-30.7881	28.3711	-0.000306622	0.000526069	2
-30.9417	29.3112	-0.000271384	0.000547662	2
-31.0919	30.2511	-0.000233535	0.000569412	2
-31.2387	31.1907	-0.000193133	0.000591316	2
-31.3822	32.1301	-0.000150235	0.00061337	2
-31.5223	33.0692	-0.0001049	0.000635571	2
-31.6591	34.0079	-5.71852e-05	0.000657914	2
-31.7927	34.9464	-7.14813e-06	0.000680397	2
-31.923	35.8846	4.51532e-05	0.000703016	2
-32.0502	36.8225	9.9661e-05	0.000725767	2
-32.1741	37.7601	0.000156317	0.000748647	2
-32.2948	38.6973	0.000215065	0.000771652	2
-32.4125	39.6342	0.000275845	0.000794779	2
-32.527	40.5707	0.000338601	0.000818024	2
-32.6384	41.5069	0.000403274	0.000841384	2
-32.7468	42.4428	0.000469806	0.000864855	2
-32.8522	43.3782	0.000538141	0.000888433	2
-32.9545	44.3133	0.00060822	0.000912116	2
-33.0539	45.2481	0.000679985	0.000935899	2
-33.1504	46.1824	0.000753378	0.000959778	2
-33.2439	47.1163	0.000828342	0.000983752	2
-33.3335	48.0391	0.000903932	0.00100754	2
-33.4214	48.9722	0.000981847	0.00103169	2
-33.5063	49.9048	0.00106116	0.00105592	2
-33.5885	50.8371	0.00114181	0.00108023	2
-33.6679	51.7688	0.00122375	0.00110461	2
-33.7446	52.7002	0.00130691	0.00112907	2
-33.8185	53.6311	0.00139124	0.0011536	2
-33.8897	54.5615	0.00147667	0.00117819	2
-33.9582	55.4914	0.00156316	0.00120284	2
-34.0241	56.4208	0.00165064	0.00122756	2
-34.0874	57.3498	0.00173906	0.00125232	2
-34.1481	58.2783	0.00182835	0.00127714	2
-34.2062	59.2062	0.00191847	0.001302	2
-34.2618	60.1336	0.00200934	0.00132691	2
-34.3149	61.0605	0.00210092	0.00135186	2
-34.3655	61.9869	0.00219315	0.00137684	2
-34.4137	62.9127	0.00228597	0.00140186	2
-34.4594	63.838	0.00237932	0.00142691	2
-34.5027	64.7627	0.00247314	0.00145198	2
-34.5437	65.6869	0.00256737	0.00147708	2
-34.5823	66.6105	0.00266196	0.0015022	2
-34.6186	67.5335	0.00275686	0.00152733	2
-34.6526	68.4559	0.00285199	0.00155247	2
-34.6843	69.3777	0.00294731	0.00157762	2
-34.7135	70.2883	0.00304166	0.00160249	2
-34.7408	71.2089	0.00313717	0.00162765	2
-34.766	72.1288	0.0032327	0.0016528	2
-34.7889	73.0482	0.00332818	0.00167795	2
-34.8098	73.9669	0.00342355	0.00170309	2
-34.8286	74.8849	0.00351876	0.00172822	2
-34.8452	75.8023	0.00361376	0.00175333	2
-34.8599	76.719	0.00370847	0.00177843	2
-34.8725	77.635	0.00380285	0.00180349	2
-34.8831	78.5504	0.00389684	0.00182853	2
-34.8918	79.465	0.00399037	0.00185355	2
-34.8985	80.379	0.0040834	0.00187852	2
-34.9033	81.2923	0.00417586	0.00190346	2
-34.9063	82.2048	0.0042677	0.00192836	2
-34.9073	83.1166	0.00435885	0.00195321	2
-34.9066	84.0277	0.00444927	0.00197802	2
-34.904	84.9381	0.00453888	0.00200277	2
-34.8997	85.8477	0.00462765	0.00202747	2
-34.8936	86.7565	0.00471549	0.00205211	2
-34.8858	87.6646	0.00480237	0.00207668	2
-34.8764	88.5719	0.00488822	0.00210119	2
-34.8652	89.4784	0.00497298	0.00212564	2
-34.8524	90.3842	0.0050566	0.00215	2
-34.8382	91.2787	0.00513807	0.00217402	2
-34.8222	92.1828	0.00521924	0.00219823	2
-34.8047	93.0862	0.00529909	0.00222236	2
-34.7857	93.9887	0.00537757	0.0022464	2

25.0002	2.01287	-4.05868e-07	1.71549e-07	2
25.0306	3.10925	-3.40763e-05	1.39671e-05	2
25.0886	4.19706	-6.56828e-05	2.60187e-05	2
25.1734	5.26368	-9.48609e-05	3.61877e-05	2
25.2834	6.29746	-0.000121357	4.44219e-05	2
25.4207	7.32269	-0.000145829	5.09454e-05	2
25.5837	8.32747	-0.000167996	5.5685e-05	2
25.7721	9.31205	-0.0001879	5.86736e-05	2
25.9855	10.2767	-0.000205581	5.99442e-05	2
26.2234	11.2216	-0.000221082	5.95299e-05	2
26.4856	12.1471	-0.000234443	5.74636e-05	2
26.7717	13.0533	-0.000245706	5.37783e-05	2
27.0811	13.9406	-0.000254912	4.8507e-05	2
27.4136	14.8092	-0.000262103	4.16828e-05	2
27.7687	15.6593	-0.000267319	3.33386e-05	2
28.1461	16.4912	-0.000270603	2.35074e-05	2
28.5454	17.3051	-0.000271996	1.22222e-05	2
28.9662	18.1013	-0.000271538	-4.83934e-07	2
29.408	18.88	-0.000269272	-1.45781e-05	2
29.8706	19.6415	-0.000265238	-3.00272e-05	2
30.3535	20.386	-0.000259479	-4.67984e-05	2
30.8563	21.1138	-0.000252035	-6.48585e-05	2
31.3787	21.8251	-0.000242947	-8.41746e-05	2
31.9202	22.5201	-0.000232258	-0.000104714	2
32.4804	23.1992	-0.000220007	-0.000126443	2
33.0591	23.8625	-0.000206238	-0.000149329	2
33.6488	24.5029	-0.000191174	-0.000173057	2
34.2628	25.1357	-0.000174507	-0.000198146	2
34.894	25.7534	-0.000156443	-0.000224293	2
35.5421	26.3564	-0.000137026	-0.000251465	2
36.2066	26.9449	-0.000116295	-0.00027963	2
36.8871	27.5191	-9.42928e-05	-0.000308755	2
37.5833	28.0793	-7.10602e-05	-0.000338806	2
38.2947	28.6257	-4.66387e-05	-0.00036975	2
39.021	29.1586	-2.10695e-05	-0.000401554	2
39.7619	29.6783	5.6059e-06	-0.000434186	2
40.5168	30.1849	3.33462e-05	-0.000467613	2
41.2854	30.6787	6.21101e-05	-0.0005018	2
42.0673	31.1601	9.18562e-05	-0.000536717	2
42.8622	31.6291	0.000122543	-0.000572328	2
43.6696	32.0861	0.00015413	-0.000608602	2
44.4891	32.5313	0.000186574	-0.000645506	2
45.3205	32.965	0.000219836	-0.000683006	2
46.1632	33.3874	0.000253873	-0.000721069	2
47.0168	33.7987	0.000288644	-0.000759663	2
47.8811	34.1993	0.000324108	-0.000798754	2
48.7556	34.5893	0.000360223	-0.000838309	2
49.6399	34.969	0.000396948	-0.000878296	2
50.5336	35.3387	0.000434242	-0.000918682	2
51.426	35.6944	0.000471626	-0.000958962	2
52.3373	36.0448	0.000509928	-0.00100004	2
53.2569	36.3859	0.000548676	-0.00104142	2
54.1843	36.718	0.000587827	-0.00108307	2
55.1193	37.0412	0.000627341	-0.00112495	2
56.0613	37.3558	0.000667175	-0.00116703	2
57.0101	37.6621	0.00070729	-0.00120928	2
57.9652	37.9604	0.000747643	-0.00125166	2
58.9262	38.2508	0.000788193	-0.00129415	2
59.8927	38.5336	0.000828899	-0.0013367	2
60.8644	38.8091	0.000869719	-0.00137929	2
61.8409	39.0776	0.000910612	-0.00142188	2
62.8217	39.3391	0.000951537	-0.00146445	2
63.8066	39.5941	0.000992452	-0.00150695	2
64.795	39.8428	0.00103332	-0.00154935	2
65.7866	40.0854	0.00107409	-0.00159163	2
66.7811	40.3221	0.00111473	-0.00163374	2
67.7779	40.5532	0.00115519	-0.00167565	2
68.7769	40.779	0.00119544	-0.00171734	2
69.7774	40.9996	0.00123543	-0.00175877	2
70.7793	41.2154	0.00127511	-0.00179991	2
71.782	41.4266	0.00131446	-0.00184071	2
72.7851	41.6335	0.00135343	-0.00188116	2
73.7884	41.8362	0.00139198	-0.00192121	2
74.7799	42.0328	0.00142962	-0.00196039	2
75.7822	42.2281	0.0014672	-0.00199956	2
76.7834	42.42	0.00150424	-0.00203824	2
77.7832	42.6088	0.00154068	-0.0020764	2
78.7812	42.7947	0.0015765	-0.002114	2
79.7769	42.978	0.00161164	-0.00215101	2
80.77	43.1589	0.00164608	-0.00218739	2
81.76	43.3376	0.00167976	-0.00222312	2
82.7467	43.5145	0.00171264	-0.00225816	2
83.7296	43.6897	0.00174469	-0.00229247	2
84.7083	43.8636	0.00177586	-0.00232603	2
85.6824	44.0363	0.00180611	-0.0023588	2
86.6516	44.2081	0.0018354	-0.00239075	2
87.6154	44.3792	0.0018637	-0.00242185	2
88.5735	44.55	0.00189094	-0.00245205	2
89.5254	44.7206	0.00191711	-0.00248134	2
90.4708	44.8912	0.00194215	-0.00250967	2
91.4094	45.0623	0.00196602	-0.00253702	2
92.3406	45.2339	0.00198868	-0.00256335	2
93.2642	45.4063	0.00201009	-0.00258862	2
94.1797	45.5799	0.00203021	-0.00261281	2
95.0867	45.7547	0.002049	-0.00263588	2
95.9848	45.9312	0.00206642	-0.00265779	2
96.8636	46.1074	0.00208225	-0.00267829	2
97.743	46.2877	0.00209681	-0.00269782	2
98.6124	46.4704	0.00210987	-0.0027161	2
99.4714	46.6556	0.0021214	-0.0027331	2

74.9934	2.01216	-5.90631e-07	2.18331e-07	2
74.4393	3.05317	-5.06848e-05	1.86807e-05	2
73.9123	4.09758	-9.99636e-05	3.67303e-05	2
73.4186	5.13324	-0.000147852	5.41551e-05	2
72.9628	6.14841	-0.000193839	7.07718e-05	2
72.5341	7.16669	-0.000239009	8.69732e-05	2
72.1375	8.17624	-0.000282836	0.000102569	2
71.7726	9.17706	-0.000325336	0.000117566	2
71.439	10.1691	-0.000366523	0.000131969	2
71.1365	11.1525	-0.000406415	0.000145787	2
70.8644	12.1272	-0.000445025	0.000159024	2
70.6226	13.0931	-0.000482371	0.000171688	2
70.4105	14.0504	-0.000518468	0.000183784	2
70.2279	14.9989	-0.000553332	0.00019532	2
70.0743	15.9387	-0.000586977	0.000206302	2
69.9493	16.8699	-0.000619421	0.000216735	2
69.8526	17.7923	-0.000650679	0.000226627	2
69.7837	18.7061	-0.000680766	0.000235984	2
69.7423	19.6112	-0.000709699	0.000244812	2
69.7279	20.5076	-0.000737492	0.000253118	2
69.7403	21.3953	-0.000764162	0.000260908	2
69.779	22.2744	-0.000789724	0.000268188	2
69.8436	23.1448	-0.000814194	0.000274965	2
69.9337	24.0066	-0.000837588	0.000281246	2
70.049	24.8597	-0.000859922	0.000287036	2
70.1891	25.7042	-0.000881211	0.000292343	2
70.3514	26.5304	-0.000901243	0.000297119	2
70.5396	27.3577	-0.000920501	0.000301482	2
70.7513	28.1763	-0.000938761	0.000305381	2
70.9863	28.9864	-0.000956039	0.000308821	2
71.2441	29.7878	-0.000972351	0.000311809	2
71.5243	30.5805	-0.000987712	0.000314352	2
71.8266	31.3647	-0.00100214	0.000316456	2
72.1505	32.1402	-0.00101564	0.000318127	2
72.4958	32.9072	-0.00102825	0.000319372	2
72.8619	33.6655	-0.00103996	0.000320197	2
73.2485	34.4152	-0.00105081	0.000320609	2
73.6553	35.1564	-0.00106079	0.000320613	2
74.0818	35.8889	-0.00106994	0.000320217	2
74.5276	36.6129	-0.00107826	0.000319427	2
74.9924	37.3283	-0.00108577	0.000318249	2
75.4758	38.0351	-0.00109249	0.000316689	2
75.9773	38.7334	-0.00109843	0.000314755	2
76.4967	39.4231	-0.00110361	0.000312452	2
77.0334	40.1042	-0.00110804	0.000309786	2
77.5872	40.7768	-0.00111174	0.000306765	2
78.1576	41.4408	-0.00111473	0.000303395	2
78.7443	42.0963	-0.00111702	0.000299682	2
79.3468	42.7432	-0.00111862	0.000295632	2
79.9577	43.3743	-0.00111955	0.000291304	2
80.5906	44.0042	-0.00111984	0.000286604	2
81.2382	44.6257	-0.00111949	0.000281586	2
81.9002	45.2386	-0.00111853	0.000276258	2
82.576	45.843	-0.00111695	0.000270625	2
83.2655	46.4388	-0.00111479	0.000264694	2
83.968	47.0262	-0.00111206	0.000258471	2
84.6834	47.605	-0.00110877	0.000251962	2
85.4111	48.1754	-0.00110493	0.000245175	2
86.1508	48.7373	-0.00110057	0.000238116	2
86.9022	49.2906	-0.0010957	0.00023079	2
87.6647	49.8355	-0.00109033	0.000223204	2
88.4381	50.3719	-0.00108448	0.000215365	2
89.222	50.8998	-0.00107817	0.000207279	2
90.0158	51.4192	-0.00107141	0.000198953	2
90.8194	51.9302	-0.00106422	0.000190393	2
91.6323	52.4327	-0.00105661	0.000181605	2
92.454	52.9268	-0.00104861	0.000172596	2
93.2843	53.4124	-0.00104021	0.000163371	2
94.1227	53.8895	-0.00103145	0.000153939	2
94.9688	54.3582	-0.00102233	0.000144304	2
95.8223	54.8185	-0.00101288	0.000134474	2
96.6827	55.2703	-0.0010031	0.000124455	2
97.5497	55.7137	-0.000993016	0.000114252	2
98.4129	56.1437	-0.000982762	0.000103994	2
99.2918	56.5703	-0.000972116	9.34473e-05	2
100.176	56.9885	-0.00096121	8.2737e-05	2
101.066	57.3983	-0.000950059	7.18693e-05	2
101.96	57.7997	-0.000938681	6.08509e-05	2
102.858	58.1927	-0.00092709	4.9688e-05	2
103.76	58.5773	-0.000915303	3.83871e-05	2
104.666	58.9535	-0.000903334	2.69546e-05	2
105.574	59.3213	-0.0008912	1.53968e-05	2
106.486	59.6807	-0.000878917	3.7203e-06	2
107.4	60.0317	-0.0008665	-8.06862e-06	2
108.315	60.3744	-0.000853964	-1.99635e-05	2
109.233	60.7087	-0.000841326	-3.1958e-05	2
110.151	61.0346	-0.000828601	-4.40456e-05	2
111.07	61.3521	-0.000815806	-5.622e-05	2
111.99	61.6613	-0.000802954	-6.84747e-05	2
112.909	61.9621	-0.000790064	-8.08033e-05	2
113.829	62.2546	-0.000777149	-9.31995e-05	2
114.747	62.5388	-0.000764226	-0.000105657	2
115.664	62.8146	-0.000751311	-0.000118169	2
116.58	63.082	-0.000738419	-0.000130729	2
117.494	63.3411	-0.000725566	-0.000143331	2
118.405	63.5919	-0.000712768	-0.000155969	2
119.303	63.8317	-0.000700186	-0.00016849	2
120.209	64.0659	-0.000687543	-0.000181179	2
121.111	64.2919	-0.000675001	-0.000193885	2
122.01	64.5095	-0.000662578	-0.0002066	2

124.997	2.00995	-5.94582e-10	-1.02209e-07	2
124.736	2.86942	-9.85811e-07	-8.9558e-06	2
124.468	3.74699	-3.83717e-06	-1.80339e-05	2
124.195	4.63242	-8.51735e-06	-2.72249e-05	2
123.921	5.51509	-1.49052e-05	-3.64116e-05	2
123.64	6.41525	-2.31129e-05	-4.57983e-05	2
123.356	7.32237	-3.30397e-05	-5.52693e-05	2
123.07	8.23615	-4.46488e-05	-6.48148e-05	2
122.78	9.1563	-5.79036e-05	-7.44254e-05	2
122.488	10.0825	-7.27672e-05	-8.40915e-05	2
122.195	11.0145	-8.92031e-05	-9.38035e-05	2
121.899	11.952	-0.000107174	-0.000103552	2
121.603	12.8946	-0.000126644	-0.000113327	2
121.306	13.8421	-0.000147577	-0.000123119	2
121.008	14.7942	-0.000169934	-0.000132919	2
120.711	15.7506	-0.00019368	-0.000142717	2
120.414	16.7109	-0.000218778	-0.000152504	2
120.117	17.675	-0.00024519	-0.00016227	2
119.822	18.6424	-0.000272882	-0.000172005	2
119.528	19.6129	-0.000301815	-0.000181699	2
119.235	20.5862	-0.000331953	-0.000191345	2
118.945	21.562	-0.000363259	-0.00020093	2
118.658	22.54	-0.000395696	-0.000210447	2
118.373	23.5199	-0.000429229	-0.000219886	2
118.091	24.5014	-0.000463819	-0.000229236	2
117.813	25.4842	-0.000499431	-0.000238489	2
117.543	26.4567	-0.000535602	-0.00024753	2
117.273	27.4411	-0.000573135	-0.00025656	2
117.008	28.4261	-0.000611581	-0.000265465	2
116.748	29.4111	-0.000650901	-0.000274233	2
116.494	30.3959	-0.000691059	-0.000282856	2
116.245	31.3802	-0.000732019	-0.000291325	2
116.002	32.3638	-0.000773743	-0.000299629	2
115.766	33.3463	-0.000816195	-0.000307759	2
115.537	34.3274	-0.000859339	-0.000315705	2
115.316	35.3068	-0.000903137	-0.000323458	2
115.101	36.2843	-0.000947553	-0.000331009	2
114.895	37.2595	-0.00099255	-0.000338347	2
114.697	38.2321	-0.00103809	-0.000345464	2
114.508	39.2019	-0.00108414	-0.000352349	2
114.328	40.1685	-0.00113066	-0.000358993	2
114.157	41.1316	-0.00117761	-0.000365386	2
113.997	42.0909	-0.00122497	-0.00037152	2
113.846	43.0463	-0.00127268	-0.000377384	2
113.706	43.9972	-0.00132071	-0.000382968	2
113.577	44.9435	-0.00136904	-0.000388264	2
113.459	45.8848	-0.00141761	-0.000393262	2
113.352	46.8209	-0.0014664	-0.000397951	2
113.258	47.7515	-0.00151537	-0.000402323	2
113.177	48.6656	-0.00156391	-0.000406324	2
113.108	49.5842	-0.00161311	-0.000410036	2
113.052	50.4964	-0.00166239	-0.000413402	2
113.009	51.4018	-0.0017117	-0.000416413	2
112.98	52.3002	-0.001761	-0.000419058	2
112.965	53.1913	-0.00181025	-0.000421329	2
112.965	54.0748	-0.00185943	-0.000423215	2
112.98	54.9503	-0.00190849	-0.000424707	2
113.01	55.8176	-0.0019574	-0.000425796	2
113.056	56.6763	-0.00200612	-0.000426472	2
113.117	57.5263	-0.00205461	-0.000426725	2
113.196	58.3671	-0.00210284	-0.000426546	2
113.29	59.1985	-0.00215077	-0.000425926	2
113.402	60.0202	-0.00219837	-0.000424854	2
113.532	60.8319	-0.00224559	-0.000423321	2
113.679	61.6332	-0.0022924	-0.000421318	2
113.845	62.424	-0.00233876	-0.000418834	2
114.029	63.2038	-0.00238464	-0.000415861	2
114.232	63.9725	-0.00243	-0.000412389	2
114.454	64.7296	-0.0024748	-0.000408409	2
114.696	65.4749	-0.00251901	-0.00040391	2
114.958	66.2081	-0.00256259	-0.000398883	2
115.241	66.929	-0.0026055	-0.000393319	2
115.544	67.6371	-0.00264771	-0.000387207	2
115.864	68.3243	-0.0026887	-0.00038062	2
116.21	69.0063	-0.0027294	-0.000373392	2
116.578	69.6747	-0.00276929	-0.00036559	2
116.967	70.3293	-0.00280832	-0.000357202	2
117.38	70.9696	-0.00284647	-0.000348219	2
117.815	71.5955	-0.00288369	-0.000338632	2
118.273	72.2065	-0.00291996	-0.000328431	2
118.756	72.8026	-0.00295522	-0.000317607	2
119.262	73.3832	-0.00298946	-0.00030615	2
119.793	73.9481	-0.00302262	-0.000294051	2
120.348	74.4971	-0.00305467	-0.000281299	2
120.929	75.0299	-0.00308559	-0.000267886	2
121.535	75.546	-0.00311532	-0.000253801	2
122.167	76.0453	-0.00314383	-0.000239036	2
122.825	76.5274	-0.00317109	-0.00022358	2
123.51	76.9921	-0.00319705	-0.000207425	2
124.222	77.439	-0.00322169	-0.000190559	2
124.961	77.8679	-0.00324497	-0.000172975	2
125.728	78.2784	-0.00326684	-0.000154663	2
126.523	78.6702	-0.00328728	-0.000135612	2
127.347	79.0431	-0.00330624	-0.000115813	2
128.199	79.3967	-0.00332369	-9.52569e-05	2
129.08	79.7308	-0.00333959	-7.39341e-05	2
129.981	80.0416	-0.00335376	-5.20932e-05	2
130.921	80.3359	-0.00336647	-2.92169e-05	2
131.892	80.6099	-0.00337753	-5.54521e-06	2
132.893	80.863	-0.00338689	1.89316e-05	2

