-125.006	2.01192	-6.22782e-07	1.11276e-07	2
-125.486	3.03268	-5.33928e-05	9.57191e-06	2
-125.94	4.05726	-0.000105201	1.89218e-05	2
-126.364	5.07373	-0.000155442	2.80479e-05	2
-126.752	6.07055	-0.000203584	3.68471e-05	2
-127.114	7.07089	-0.000250763	4.55222e-05	2
-127.447	8.06314	-0.000296429	5.39678e-05	2
-127.75	9.04727	-0.000340601	6.21818e-05	2
-128.023	10.0233	-0.000383295	7.01623e-05	2
-128.268	10.9912	-0.000424531	7.79075e-05	2
-128.484	11.9511	-0.000464326	8.54154e-05	2
-128.671	12.9028	-0.000502698	9.26842e-05	2
-128.831	13.8464	-0.000539665	9.97118e-05	2
-128.963	14.7819	-0.000575246	0.000106496	2
-129.069	15.7093	-0.000609458	0.000113036	2
-129.147	16.6287	-0.000642319	0.000119329	2
-129.199	17.5399	-0.000673847	0.000125373	2
-129.225	18.443	-0.000704061	0.000131167	2
-129.225	19.338	-0.000732978	0.000136708	2
-129.2	20.225	-0.000760616	0.000141994	2
-129.15	21.1038	-0.000786994	0.000147024	2
-129.076	21.9746	-0.00081213	0.000151795	2
-128.977	22.8372	-0.00083604	0.000156307	2
-128.854	23.6918	-0.000858744	0.000160556	2
-128.708	24.5382	-0.00088026	0.000164541	2
-128.538	25.3766	-0.000900605	0.00016826	2
-128.349	26.1974	-0.000919584	0.000171674	2
-128.134	27.0196	-0.000937655	0.000174858	2
-127.898	27.8338	-0.00095461	0.000177771	2
-127.64	28.6399	-0.000970466	0.00018041	2
-127.36	29.4379	-0.000985241	0.000182774	2
-127.06	30.2279	-0.000998954	0.00018486	2
-126.739	31.0097	-0.00101162	0.000186667	2
-126.397	31.7835	-0.00102326	0.000188193	2
-126.036	32.5491	-0.0010339	0.000189436	2
-125.655	33.3067	-0.00104354	0.000190393	2
-125.255	34.0562	-0.00105221	0.000191063	2
-124.836	34.7976	-0.00105993	0.000191445	2
-124.399	35.531	-0.00106671	0.000191535	2
-123.944	36.2562	-0.00107257	0.000191333	2
-123.471	36.9734	-0.00107753	0.000190836	2
-122.98	37.6825	-0.00108161	0.000190043	2
-122.473	38.3835	-0.00108482	0.000188951	2
-121.949	39.0764	-0.00108719	0.000187559	2
-121.408	39.7613	-0.00108873	0.000185864	2
-120.852	40.438	-0.00108946	0.000183865	2
-120.28	41.1067	-0.00108939	0.00018156	2
-119.693	41.7674	-0.00108856	0.000178947	2
-119.092	42.4199	-0.00108696	0.000176023	2
-118.482	43.057	-0.00108466	0.000172827	2
-117.852	43.6935	-0.00108162	0.000169282	2
-117.208	44.3219	-0.00107787	0.000165421	2
-116.551	44.9423	-0.00107344	0.000161243	2
-115.881	45.5545	-0.00106835	0.000156745	2
-115.198	46.1587	-0.0010626	0.000151925	2
-114.502	46.7549	-0.00105623	0.000146782	2
-113.795	47.3429	-0.00104924	0.000141314	2
-113.076	47.9229	-0.00104166	0.000135518	2
-112.346	48.4949	-0.0010335	0.000129394	2
-111.605	49.0587	-0.00102479	0.000122938	2
-110.854	49.6145	-0.00101553	0.00011615	2
-110.092	50.1622	-0.00100575	0.000109027	2
-109.321	50.7019	-0.000995472	0.000101567	2
-108.54	51.2335	-0.000984704	9.37678e-05	2
-107.751	51.757	-0.000973468	8.56285e-05	2
-106.952	52.2725	-0.000961783	7.71466e-05	2
-106.146	52.7799	-0.000949665	6.83203e-05	2
-105.331	53.2793	-0.000937133	5.91477e-05	2
-104.509	53.7706	-0.000924205	4.96269e-05	2
-103.679	54.2538	-0.0009109	3.97559e-05	2
-102.843	54.7289	-0.000897234	2.95328e-05	2
-102	55.1961	-0.000883227	1.89557e-05	2
-101.151	55.6551	-0.000868896	8.02269e-06	2
-100.307	56.101	-0.000854428	-3.1363e-06	2
-99.4465	56.544	-0.000839507	-1.47827e-05	2
-98.5814	56.979	-0.000824315	-2.67907e-05	2
-97.7116	57.4059	-0.000808872	-3.91623e-05	2
-96.8375	57.8248	-0.000793194	-5.18993e-05	2
-95.9594	58.2356	-0.000777301	-6.50037e-05	2
-95.0777	58.6383	-0.000761209	-7.84774e-05	2
-94.1927	59.033	-0.000744938	-9.23223e-05	2
-93.3049	59.4197	-0.000728505	-0.00010654	2
-92.4145	59.7983	-0.000711928	-0.000121133	2
-91.522	60.1689	-0.000695225	-0.000136103	2
-90.6277	60.5314	-0.000678415	-0.000151452	2
-89.7319	60.8858	-0.000661514	-0.000167182	2
-88.8351	61.2322	-0.000644543	-0.000183294	2
-87.9376	61.5706	-0.000627517	-0.000199791	2
-87.0397	61.9009	-0.000610455	-0.000216674	2
-86.1419	62.2232	-0.000593376	-0.000233946	2
-85.2444	62.5374	-0.000576298	-0.000251608	2
-84.3477	62.8436	-0.000559237	-0.000269662	2
-83.452	63.1418	-0.000542213	-0.000288111	2
-82.5578	63.4319	-0.000525244	-0.000306956	2
-81.6655	63.7139	-0.000508347	-0.000326198	2
-80.7754	63.9879	-0.00049154	-0.000345841	2
-79.8979	64.2509	-0.000475033	-0.000365652	2
-79.0132	64.5089	-0.00045846	-0.000386096	2
-78.1318	64.7589	-0.000442031	-0.000406945	2
-77.2539	65.0009	-0.000425765	-0.000428202	2

-75.003	2.01017	7.83328e-08	-2.21263e-07	2
-75.2662	2.8891	5.76079e-06	-1.89909e-05	2
-75.5344	3.78609	9.41672e-06	-3.74605e-05	2
-75.8043	4.69066	1.101e-05	-5.54126e-05	2
-76.0724	5.59199	1.05991e-05	-7.26533e-05	2
-76.3448	6.51074	8.21628e-06	-8.95873e-05	2
-76.618	7.43616	3.89695e-06	-0.000106015	2
-76.8916	8.36797	-2.31664e-06	-0.00012194	2
-77.1654	9.30585	-1.03823e-05	-0.000137367	2
-77.439	10.2495	-2.02578e-05	-0.000152299	2
-77.7122	11.1986	-3.19009e-05	-0.000166739	2
-77.9846	12.1529	-4.52694e-05	-0.000180692	2
-78.2559	13.112	-6.03212e-05	-0.000194162	2
-78.5259	14.0758	-7.70139e-05	-0.000207152	2
-78.7941	15.0437	-9.53054e-05	-0.000219666	2
-79.0603	16.0157	-0.000115153	-0.000231707	2
-79.3242	16.9912	-0.000136516	-0.00024328	2
-79.5855	17.9702	-0.00015935	-0.000254389	2
-79.8439	18.9522	-0.000183615	-0.000265036	2
-80.099	19.9369	-0.000209267	-0.000275227	2
-80.3505	20.9241	-0.000236265	-0.000284964	2
-80.5981	21.9134	-0.000264565	-0.000294251	2
-80.8416	22.9046	-0.000294127	-0.000303093	2
-81.0806	23.8973	-0.000324908	-0.000311492	2
-81.3148	24.8912	-0.000356866	-0.000319454	2
-81.5439	25.8861	-0.000389958	-0.000326981	2
-81.765	26.8701	-0.000423743	-0.000333998	2
-81.983	27.8659	-0.000458965	-0.000340673	2
-82.195	28.8618	-0.000495195	-0.000346924	2
-82.4006	29.8574	-0.000532392	-0.000352756	2
-82.5996	30.8524	-0.000570512	-0.000358172	2
-82.7916	31.8465	-0.000609514	-0.000363177	2
-82.9764	32.8395	-0.000649356	-0.000367773	2
-83.1535	33.8309	-0.000689994	-0.000371966	2
-83.3227	34.8206	-0.000731388	-0.000375758	2
-83.4838	35.8082	-0.000773494	-0.000379153	2
-83.6363	36.7934	-0.000816271	-0.000382155	2
-83.78	37.7759	-0.000859677	-0.000384768	2
-83.9146	38.7554	-0.000903668	-0.000386996	2
-84.0397	39.7316	-0.000948203	-0.000388843	2
-84.1551	40.7043	-0.00099324	-0.000390311	2
-84.2604	41.673	-0.00103874	-0.000391406	2
-84.3553	42.6375	-0.00108465	-0.00039213	2
-84.4395	43.5975	-0.00113094	-0.000392488	2
-84.5128	44.5527	-0.00117756	-0.000392483	2
-84.5747	45.5028	-0.00122447	-0.00039212	2
-84.6251	46.4475	-0.00127163	-0.000391401	2
-84.6635	47.3864	-0.001319	-0.000390331	2
-84.6896	48.3193	-0.00136653	-0.000388914	2
-84.7032	49.2353	-0.00141364	-0.000387175	2
-84.7041	50.1554	-0.00146137	-0.000385077	2
-84.6918	51.0686	-0.00150914	-0.000382644	2
-84.6661	51.9745	-0.0015569	-0.000379878	2
-84.6266	52.8729	-0.00160462	-0.000376783	2
-84.573	53.7634	-0.00165225	-0.000373364	2
-84.505	54.6459	-0.00169975	-0.000369623	2
-84.4223	55.5199	-0.00174707	-0.000365565	2
-84.3246	56.3851	-0.00179418	-0.000361194	2
-84.2116	57.2414	-0.00184104	-0.000356513	2
-84.0829	58.0882	-0.00188759	-0.000351526	2
-83.9382	58.9255	-0.0019338	-0.000346236	2
-83.7773	59.7528	-0.00197962	-0.000340648	2
-83.5998	60.5698	-0.00202502	-0.000334766	2
-83.4055	61.3763	-0.00206995	-0.000328593	2
-83.1939	62.1719	-0.00211437	-0.000322132	2
-82.9649	62.9564	-0.00215824	-0.000315389	2
-82.718	63.7294	-0.00220151	-0.000308366	2
-82.453	64.4907	-0.00224415	-0.000301067	2
-82.1696	65.2399	-0.0022861	-0.000293496	2
-81.8674	65.9767	-0.00232733	-0.000285657	2
-81.5462	66.7009	-0.0023678	-0.000277553	2
-81.2057	67.4121	-0.00240746	-0.000269189	2
-80.8454	68.11	-0.00244627	-0.000260569	2
-80.4697	68.7866	-0.00248376	-0.000251798	2
-80.0694	69.4572	-0.00252076	-0.000242678	2
-79.6485	70.1136	-0.00255679	-0.000233312	2
-79.2068	70.7556	-0.00259179	-0.000223705	2
-78.7438	71.3828	-0.00262574	-0.000213859	2
-78.2592	71.9949	-0.00265859	-0.000203779	2
-77.7529	72.5916	-0.00269029	-0.000193469	2
-77.2244	73.1727	-0.00272081	-0.000182932	2
-76.6734	73.7377	-0.0027501	-0.000172173	2
-76.0997	74.2864	-0.00277812	-0.000161194	2
-75.5028	74.8186	-0.00280483	-0.00015	2
-74.8826	75.3338	-0.00283018	-0.000138595	2
-74.2388	75.8319	-0.00285413	-0.000126981	2
-73.5708	76.3124	-0.00287665	-0.000115164	2
-72.8786	76.7752	-0.00289768	-0.000103147	2
-72.1618	77.2198	-0.00291719	-9.09334e-05	2
-71.42	77.646	-0.00293514	-7.85272e-05	2
-70.653	78.0536	-0.00295147	-6.59321e-05	2
-69.8604	78.442	-0.00296616	-5.3152e-05	2
-69.0419	78.8112	-0.00297915	-4.01906e-05	2
-68.1973	79.1608	-0.00299041	-2.70518e-05	2
-67.3262	79.4904	-0.0029999	-1.37392e-05	2
-66.4283	79.7998	-0.00300756	-2.56772e-07	2
-65.514	80.0855	-0.00301331	1.3234e-05	2
-64.5619	80.3538	-0.00301723	2.70431e-05	2
-63.5821	80.601	-0.0030192	4.10108e-05	2
-62.5742	80.8267	-0.00301919	5.51334e-05	2

-24.9994	2.01103	-2.03827e-07	2.40963e-07	2
-24.965	2.95634	-1.74386e-05	2.00444e-05	2
-24.9654	3.9066	-3.42924e-05	3.82551e-05	2
-25.0004	4.85084	-5.05775e-05	5.46723e-05	2
-25.0681	5.77836	-6.61322e-05	6.91772e-05	2
-25.1693	6.7108	-8.13344e-05	8.2147e-05	2
-25.3026	7.63738	-9.6016e-05	9.3443e-05	2
-25.4671	8.55817	-0.000110193	0.000103105	2
-25.662	9.47322	-0.000123882	0.000111174	2
-25.8863	10.3826	-0.000137099	0.000117689	2
-26.1393	11.2863	-0.00014986	0.000122691	2
-26.4202	12.1845	-0.000162182	0.000126219	2
-26.728	13.0771	-0.000174079	0.000128314	2
-27.0619	13.9643	-0.000185569	0.000129016	2
-27.4211	14.8461	-0.000196668	0.000128364	2
-27.8047	15.7225	-0.000207391	0.0001264	2
-28.2119	16.5936	-0.000217756	0.000123162	2
-28.6419	17.4595	-0.000227777	0.000118692	2
-29.0937	18.3203	-0.000237472	0.000113029	2
-29.5666	19.1759	-0.000246855	0.000106213	2
-30.0596	20.0264	-0.000255944	9.82839e-05	2
-30.572	20.8719	-0.000264755	8.92826e-05	2
-31.1029	21.7125	-0.000273304	7.92488e-05	2
-31.6515	22.5481	-0.000281606	6.82226e-05	2
-32.2169	23.3789	-0.000289678	5.62441e-05	2
-32.7982	24.205	-0.000297537	4.33532e-05	2
-33.3877	25.0169	-0.00030511	2.97532e-05	2
-33.9983	25.8335	-0.000312591	1.51674e-05	2
-34.6222	26.6456	-0.000319906	-2.10962e-07	2
-35.2588	27.4531	-0.000327072	-1.63417e-05	2
-35.9071	28.256	-0.000334105	-3.31848e-05	2
-36.5663	29.0546	-0.00034102	-5.07001e-05	2
-37.2355	29.8487	-0.000347834	-6.88477e-05	2
-37.9139	30.6385	-0.000354563	-8.75873e-05	2
-38.6007	31.424	-0.000361223	-0.000106879	2
-39.2949	32.2053	-0.00036783	-0.000126683	2
-39.9958	32.9824	-0.000374401	-0.000146958	2
-40.7026	33.7553	-0.000380952	-0.000167665	2
-41.4143	34.5243	-0.000387498	-0.000188764	2
-42.13	35.2892	-0.000394056	-0.000210215	2
-42.8491	36.0502	-0.000400642	-0.000231977	2
-43.5706	36.8072	-0.000407272	-0.000254011	2
-44.2936	37.5605	-0.000413962	-0.000276276	2
-45.0174	38.3099	-0.000420729	-0.000298732	2
-45.7411	39.0557	-0.000427588	-0.00032134	2
-46.4638	39.7977	-0.000434556	-0.000344058	2
-47.1846	40.5362	-0.000441648	-0.000366848	2
-47.9028	41.2711	-0.000448882	-0.000389669	2
-48.6175	42.0025	-0.000456273	-0.000412481	2
-49.3197	42.7221	-0.000463749	-0.000434982	2
-50.0249	43.4467	-0.000471499	-0.000457657	2
-50.7241	44.168	-0.000479456	-0.000480202	2
-51.4164	44.8859	-0.000487633	-0.000502579	2
-52.1009	45.6007	-0.000496048	-0.000524747	2
-52.7769	46.3123	-0.000504717	-0.000546666	2
-53.4434	47.0208	-0.000513656	-0.000568295	2
-54.0997	47.7263	-0.000522881	-0.000589595	2
-54.7448	48.4287	-0.000532408	-0.000610526	2
-55.378	49.1282	-0.000542253	-0.000631048	2
-55.9983	49.8248	-0.000552432	-0.00065112	2
-56.605	50.5186	-0.000562962	-0.000670702	2
-57.1972	51.2097	-0.000573859	-0.000689755	2
-57.774	51.898	-0.000585138	-0.000708238	2
-58.3346	52.5836	-0.000596816	-0.000726111	2
-58.8782	53.2666	-0.00060891	-0.000743335	2
-59.4039	53.9471	-0.000621434	-0.000759868	2
-59.9108	54.6251	-0.000634406	-0.000775671	2
-60.3981	55.3007	-0.000647842	-0.000790705	2
-60.865	55.9739	-0.000661757	-0.000804928	2
-61.3107	56.6447	-0.000676167	-0.0008183	2
-61.7341	57.3133	-0.00069109	-0.000830783	2
-62.1346	57.9797	-0.000706541	-0.000842335	2
-62.5113	58.6439	-0.000722536	-0.000852916	2
-62.8594	59.2984	-0.000738897	-0.000862383	2
-63.1862	59.9585	-0.000756022	-0.000870915	2
-63.4867	60.6166	-0.000773739	-0.000878357	2
-63.7599	61.2728	-0.000792065	-0.000884669	2
-64.0051	61.927	-0.000811015	-0.00088981	2
-64.2213	62.5795	-0.000830606	-0.000893741	2
-64.4079	63.2302	-0.000850855	-0.000896421	2
-64.5638	63.8792	-0.000871776	-0.000897811	2
-64.6883	64.5266	-0.000893386	-0.000897869	2
-64.7806	65.1723	-0.000915702	-0.000896557	2
-64.8397	65.8165	-0.000938739	-0.000893834	2
-64.8648	66.4592	-0.000962514	-0.00088966	2
-64.8551	67.1005	-0.000987042	-0.000883995	2
-64.8097	67.7404	-0.00101234	-0.000876798	2
-64.7278	68.379	-0.00103843	-0.000868031	2
-64.6085	69.0164	-0.00106531	-0.000857652	2
-64.4511	69.6525	-0.00109302	-0.000845621	2
-64.2545	70.2875	-0.00112156	-0.000831899	2
-64.0181	70.9214	-0.00115095	-0.000816446	2
-63.7409	71.5543	-0.0011812	-0.000799221	2
-63.4221	72.1861	-0.00121234	-0.000780184	2
-63.0609	72.8171	-0.00124438	-0.000759296	2
-62.6563	73.4472	-0.00127733	-0.000736515	2
-62.2131	74.0692	-0.00131082	-0.000712098	2
-61.7199	74.6977	-0.00134564	-0.000685436	2
-61.1809	75.3255	-0.00138143	-0.000656763	2
-60.5953	75.9527	-0.00141819	-0.000626038	2

24.9972	2.01191	-5.33463e-07	3.47656e-07	2
24.7432	3.02642	-4.58752e-05	2.95204e-05	2
24.4638	4.03335	-9.06807e-05	5.75866e-05	2
24.1622	5.02112	-0.000134439	8.42195e-05	2
23.8427	5.97901	-0.000176687	0.000109158	2
23.4983	6.92964	-0.00021843	0.000133003	2
23.133	7.86207	-0.000259193	0.000155478	2
22.7473	8.77665	-0.000298999	0.000176603	2
22.3415	9.6737	-0.00033787	0.000196399	2
21.9162	10.5535	-0.000375829	0.000214888	2
21.4717	11.4165	-0.000412898	0.00023209	2
21.0085	12.2629	-0.000449099	0.000248026	2
20.527	13.0931	-0.000484456	0.000262717	2
20.0276	13.9074	-0.000518991	0.000276185	2
19.5108	14.7062	-0.000552726	0.00028845	2
18.977	15.4897	-0.000585683	0.000299533	2
18.4266	16.2583	-0.000617886	0.000309455	2
17.8601	17.0123	-0.000649357	0.000318237	2
17.2778	17.752	-0.000680118	0.0003259	2
16.6803	18.4778	-0.000710193	0.000332466	2
16.068	19.1901	-0.000739602	0.000337954	2
15.4412	19.889	-0.000768369	0.000342386	2
14.8005	20.575	-0.000796517	0.000345783	2
14.1462	21.2484	-0.000824068	0.000348167	2
13.4788	21.9096	-0.000851045	0.000349557	2
12.7987	22.5587	-0.000877469	0.000349975	2
12.1144	23.189	-0.000903069	0.000349453	2
11.4104	23.8153	-0.000928463	0.000348	2
10.695	24.4307	-0.000953371	0.000345638	2
9.96856	25.0354	-0.000977818	0.000342387	2
9.23163	25.6297	-0.00100183	0.000338269	2
8.4846	26.2141	-0.00102542	0.000333304	2
7.72789	26.7888	-0.00104861	0.000327513	2
6.96195	27.3542	-0.00107143	0.000320918	2
6.1872	27.9106	-0.00109391	0.00031354	2
5.40407	28.4582	-0.00111605	0.000305398	2
4.613	28.9975	-0.0011379	0.000296515	2
3.81441	29.5288	-0.00115946	0.000286912	2
3.00874	30.0524	-0.00118076	0.000276608	2
2.19642	30.5686	-0.00120182	0.000265626	2
1.37788	31.0777	-0.00122267	0.000253986	2
0.553545	31.5801	-0.00124333	0.000241709	2
-0.276142	32.0762	-0.00126381	0.000228816	2
-1.11075	32.5661	-0.00128415	0.000215329	2
-1.94986	33.0504	-0.00130437	0.000201267	2
-2.79303	33.5292	-0.00132448	0.000186653	2
-3.63983	34.0029	-0.00134452	0.000171507	2
-4.48983	34.4719	-0.0013645	0.000155849	2
-5.3426	34.9365	-0.00138444	0.000139702	2
-6.18787	35.3916	-0.00140414	0.000123279	2
-7.04486	35.8484	-0.00142409	0.000106219	2
-7.90333	36.3017	-0.00144406	8.87324e-05	2
-8.76285	36.7518	-0.00146409	7.08391e-05	2
-9.62299	37.1992	-0.0014842	5.25604e-05	2
-10.4833	37.6441	-0.00150441	3.39173e-05	2
-11.3434	38.0869	-0.00152474	1.49307e-05	2
-12.2028	38.5278	-0.00154522	-4.3784e-06	2
-13.0611	38.9673	-0.00156587	-2.3989e-05	2
-13.9178	39.4056	-0.00158671	-4.38802e-05	2
-14.7726	39.8431	-0.00160776	-6.40309e-05	2
-15.625	40.2801	-0.00162904	-8.44203e-05	2
-16.4745	40.7169	-0.00165059	-0.000105027	2
-17.3208	41.1539	-0.00167241	-0.000125831	2
-18.1633	41.5914	-0.00169454	-0.00014681	2
-19.0018	42.0297	-0.00171699	-0.000167944	2
-19.8357	42.4691	-0.00173979	-0.000189212	2
-20.6645	42.91	-0.00176297	-0.000210593	2
-21.488	43.3527	-0.00178653	-0.000232065	2
-22.3056	43.7975	-0.00181051	-0.000253608	2
-23.1169	44.2448	-0.00183493	-0.000275202	2
-23.9215	44.6948	-0.00185981	-0.000296824	2
-24.719	45.148	-0.00188518	-0.000318453	2
-25.5089	45.6045	-0.00191105	-0.00034007	2
-26.2818	46.0596	-0.00193714	-0.000361405	2
-27.0553	46.524	-0.00196408	-0.000382934	2
-27.82	46.9928	-0.0019916	-0.000404387	2
-28.5753	47.4663	-0.00201971	-0.000425743	2
-29.3209	47.9449	-0.00204844	-0.000446982	2
-30.0564	48.4289	-0.00207781	-0.000468082	2
-30.7812	48.9187	-0.00210785	-0.000489022	2
-31.4951	49.4145	-0.00213857	-0.000509782	2
-32.1974	49.9166	-0.00216999	-0.00053034	2
-32.8879	50.4255	-0.00220215	-0.000550675	2
-33.5661	50.9414	-0.00223506	-0.000570767	2
-34.2315	51.4647	-0.00226875	-0.000590595	2
-34.8837	51.9957	-0.00230324	-0.000610137	2
-35.5223	52.5346	-0.00233855	-0.000629373	2
-36.1469	53.082	-0.0023747	-0.000648282	2
-36.757	53.638	-0.00241171	-0.000666842	2
-37.3521	54.203	-0.00244962	-0.000685032	2
-37.932	54.7773	-0.00248844	-0.000702833	2
-38.496	55.3613	-0.00252818	-0.000720222	2
-39.0439	55.9553	-0.00256889	-0.000737179	2
-39.5751	56.5596	-0.00261057	-0.000753683	2
-40.0893	57.1745	-0.00265326	-0.000769712	2
-40.5859	57.8004	-0.00269697	-0.000785247	2
-41.0592	58.4302	-0.0027412	-0.000800095	2
-41.5198	59.0789	-0.00278701	-0.000814583	2
-41.9616	59.7396	-0.00283392	-0.000828513	2
-42.3842	60.4125	-0.00288193	-0.000841863	2

74.998	2.01071	-6.87798e-07	6.34067e-09	2
74.8262	2.93152	-5.75478e-05	1.02447e-06	2
74.6502	3.86217	-0.000110504	2.99545e-06	2
74.4721	4.79197	-0.000158934	5.89762e-06	2
74.294	5.71025	-0.000202422	9.66664e-06	2
74.112	6.63836	-0.000242044	1.4375e-05	2
73.928	7.56563	-0.000277334	1.99688e-05	2
73.7421	8.49206	-0.000308357	2.64326e-05	2
73.5545	9.41766	-0.000335178	3.37513e-05	2
73.3651	10.3424	-0.000357863	4.19094e-05	2
73.174	11.2664	-0.000376475	5.08917e-05	2
72.9814	12.1895	-0.00039108	6.06829e-05	2
72.7872	13.1118	-0.000401744	7.12676e-05	2
72.5914	14.0333	-0.000408531	8.26304e-05	2
72.3943	14.9541	-0.000411506	9.47562e-05	2
72.1958	15.874	-0.000410735	0.00010763	2
71.996	16.7931	-0.000406281	0.000121235	2
71.7949	17.7114	-0.000398212	0.000135558	2
71.5927	18.629	-0.000386591	0.000150582	2
71.3893	19.5457	-0.000371483	0.000166293	2
71.1849	20.4617	-0.000352954	0.000182674	2
70.9794	21.3769	-0.000331069	0.000199711	2
70.7731	22.2914	-0.000305892	0.000217389	2
70.5658	23.2051	-0.000277489	0.000235692	2
70.3577	24.118	-0.000245924	0.000254604	2
70.1489	25.0302	-0.000211264	0.000274111	2
69.9417	25.9312	-0.000174023	0.000293963	2
69.7316	26.8419	-0.000133398	0.000314606	2
69.5208	27.7518	-8.98726e-05	0.000335798	2
69.3096	28.6611	-4.35101e-05	0.000357523	2
69.0978	29.5696	5.62426e-06	0.000379767	2
68.8857	30.4774	5.74652e-05	0.000402513	2
68.6733	31.3845	0.000111948	0.000425746	2
68.4605	32.2908	0.000169007	0.000449452	2
68.2476	33.1965	0.000228578	0.000473614	2
68.0345	34.1014	0.000290595	0.000498218	2
67.8213	35.0057	0.000354994	0.000523247	2
67.6081	35.9092	0.000421709	0.000548688	2
67.395	36.8121	0.000490675	0.000574524	2
67.1819	37.7143	0.000561828	0.000600741	2
66.969	38.6158	0.000635102	0.000627322	2
66.7562	39.5166	0.000710432	0.000654252	2
66.5438	40.4168	0.000787753	0.000681517	2
66.3317	41.3163	0.000867	0.000709101	2
66.12	42.2152	0.000948109	0.000736989	2
65.9087	43.1133	0.00103101	0.000765165	2
65.698	44.0109	0.00111565	0.000793613	2
65.4879	44.9078	0.00120195	0.00082232	2
65.2783	45.804	0.00128985	0.000851269	2
65.0719	46.6893	0.00137825	0.000880108	2
64.8639	47.5843	0.00146915	0.000909493	2
64.6566	48.4787	0.00156145	0.000939075	2
64.4503	49.3724	0.00165509	0.000968838	2
64.2449	50.2656	0.00175	0.000998767	2
64.0405	51.1581	0.00184613	0.00102885	2
63.8371	52.05	0.00194341	0.00105906	2
63.6349	52.9413	0.00204176	0.0010894	2
63.4339	53.832	0.00214113	0.00111984	2
63.2341	54.7221	0.00224146	0.00115036	2
63.0357	55.6116	0.00234266	0.00118097	2
62.8386	56.5006	0.0024447	0.00121163	2
62.6429	57.3889	0.00254748	0.00124233	2
62.4488	58.2767	0.00265096	0.00127307	2
62.2561	59.164	0.00275506	0.00130381	2
62.0651	60.0506	0.00285973	0.00133456	2
61.8758	60.9367	0.00296489	0.00136528	2
61.6882	61.8223	0.00307048	0.00139597	2
61.5024	62.7073	0.00317643	0.00142662	2
61.3185	63.5917	0.00328269	0.0014572	2
61.1365	64.4756	0.00338918	0.0014877	2
60.9564	65.359	0.00349585	0.00151811	2
60.7784	66.2418	0.00360262	0.0015484	2
60.6026	67.1242	0.00370943	0.00157857	2
60.4308	67.9958	0.00381498	0.00160826	2
60.2593	68.8771	0.00392168	0.00163814	2
60.09	69.7579	0.00402822	0.00166785	2
59.9231	70.6381	0.00413455	0.00169737	2
59.7586	71.5179	0.00424059	0.00172669	2
59.5966	72.3972	0.00434628	0.00175579	2
59.4371	73.276	0.00445156	0.00178466	2
59.2801	74.1543	0.00455636	0.00181328	2
59.1259	75.0321	0.00466061	0.00184164	2
58.9743	75.9094	0.00476425	0.00186972	2
58.8255	76.7862	0.00486722	0.00189751	2
58.6795	77.6626	0.00496946	0.00192499	2
58.5365	78.5386	0.00507088	0.00195215	2
58.3963	79.414	0.00517144	0.00197897	2
58.2592	80.289	0.00527106	0.00200543	2
58.1252	81.1636	0.00536969	0.00203152	2
57.9943	82.0377	0.00546725	0.00205723	2
57.8666	82.9114	0.00556368	0.00208253	2
57.7422	83.7846	0.00565891	0.00210742	2
57.6211	84.6575	0.00575289	0.00213188	2
57.5033	85.5298	0.00584554	0.0021559	2
57.389	86.4018	0.0059368	0.00217945	2
57.2782	87.2734	0.00602661	0.00220252	2
57.1722	88.1345	0.00611389	0.00222485	2
57.0685	89.0052	0.00620061	0.00224693	2
56.9686	89.8756	0.00628568	0.00226848	2
56.8723	90.7455	0.00636903	0.0022895	2

125.001	2.01267	-1.78828e-07	1.12727e-07	2
125.066	3.09281	-1.42682e-05	8.68732e-06	2
125.156	4.16718	-2.59568e-05	1.5132e-05	2
125.269	5.2233	-3.51108e-05	1.93689e-05	2
125.403	6.24955	-4.17128e-05	2.14217e-05	2
125.561	7.26997	-4.59611e-05	2.13728e-05	2
125.742	8.27275	-4.78099e-05	1.92208e-05	2
125.945	9.25807	-4.73043e-05	1.50008e-05	2
126.17	10.2261	-4.44896e-05	8.74785e-06	2
126.415	11.1771	-3.94108e-05	4.96875e-07	2
126.683	12.1113	-3.21133e-05	-9.71708e-06	2
126.97	13.0288	-2.26421e-05	-2.1859e-05	2
127.278	13.9298	-1.10423e-05	-3.58939e-05	2
127.607	14.8146	2.64068e-06	-5.17867e-05	2
127.955	15.6833	1.83618e-05	-6.95024e-05	2
128.322	16.5361	3.6076e-05	-8.9006e-05	2
128.709	17.3733	5.57379e-05	-0.000110263	2
129.114	18.195	7.73024e-05	-0.000133237	2
129.538	19.0014	0.000100724	-0.000157894	2
129.98	19.7928	0.000125959	-0.000184199	2
130.44	20.5693	0.00015296	-0.000212117	2
130.917	21.3311	0.000181683	-0.000241613	2
131.411	22.0784	0.000212083	-0.000272652	2
131.922	22.8115	0.000244115	-0.000305198	2
132.45	23.5305	0.000277733	-0.000339217	2
132.994	24.2356	0.000312892	-0.000374674	2
133.547	24.9191	0.000349118	-0.000411103	2
134.122	25.5972	0.000387207	-0.000449315	2
134.712	26.262	0.000426703	-0.00048886	2
135.317	26.9137	0.00046756	-0.000529703	2
135.937	27.5526	0.000509733	-0.00057181	2
136.57	28.1787	0.000553177	-0.000615144	2
137.218	28.7923	0.000597846	-0.000659672	2
137.879	29.3937	0.000643695	-0.000705357	2
138.554	29.983	0.00069068	-0.000752166	2
139.241	30.5603	0.000738755	-0.000800063	2
139.941	31.126	0.000787874	-0.000849012	2
140.653	31.6801	0.000837994	-0.00089898	2
141.377	32.223	0.000889067	-0.000949931	2
142.113	32.7548	0.00094105	-0.00100183	2
142.86	33.2756	0.000993897	-0.00105464	2
143.618	33.7858	0.00104756	-0.00110833	2
144.386	34.2854	0.001102	-0.00116286	2
145.165	34.7748	0.00115717	-0.0012182	2
145.954	35.254	0.00121302	-0.00127432	2
146.752	35.7233	0.00126951	-0.00133117	2
147.56	36.1829	0.0013266	-0.00138872	2
148.376	36.633	0.00138423	-0.00144695	2
149.202	37.0738	0.00144236	-0.0015058	2
150.026	37.5006	0.00150028	-0.00156457	2
150.867	37.9234	0.00155928	-0.00162458	2
151.717	38.3376	0.00161865	-0.00168512	2
152.573	38.7432	0.00167834	-0.00174615	2
153.437	39.1404	0.0017383	-0.00180764	2
154.307	39.5296	0.0017985	-0.00186955	2
155.184	39.9108	0.00185889	-0.00193185	2
156.067	40.2843	0.00191942	-0.0019945	2
156.955	40.6503	0.00198004	-0.00205747	2
157.849	41.0089	0.00204072	-0.00212073	2
158.748	41.3605	0.0021014	-0.00218423	2
159.652	41.705	0.00216205	-0.00224795	2
160.56	42.0429	0.00222261	-0.00231184	2
161.472	42.3742	0.00228304	-0.00237588	2
162.388	42.6991	0.0023433	-0.00244003	2
163.307	43.018	0.00240333	-0.00250425	2
164.229	43.3308	0.00246311	-0.0025685	2
165.155	43.638	0.00252257	-0.00263276	2
166.082	43.9396	0.00258168	-0.00269699	2
167.012	44.2358	0.00264039	-0.00276115	2
167.944	44.5269	0.00269865	-0.00282521	2
168.877	44.8131	0.00275642	-0.00288913	2
169.811	45.0945	0.00281366	-0.00295288	2
170.746	45.3714	0.00287031	-0.00301642	2
171.671	45.6408	0.0029257	-0.003079	2
172.606	45.9092	0.00298107	-0.00314203	2
173.542	46.1736	0.00303572	-0.00320474	2
174.477	46.4343	0.00308961	-0.00326711	2
175.411	46.6914	0.00314269	-0.0033291	2
176.344	46.9452	0.00319492	-0.00339067	2
177.276	47.1958	0.00324625	-0.00345179	2
178.206	47.4434	0.00329665	-0.00351242	2
179.134	47.6882	0.00334605	-0.00357253	2
180.059	47.9305	0.00339443	-0.00363208	2
180.981	48.1705	0.00344172	-0.00369104	2
181.901	48.4082	0.0034879	-0.00374938	2
182.817	48.644	0.00353291	-0.00380705	2
183.729	48.878	0.0035767	-0.00386403	2
184.637	49.1105	0.00361924	-0.00392027	2
185.541	49.3415	0.00366047	-0.00397575	2
186.44	49.5714	0.00370035	-0.00403042	2
187.334	49.8003	0.00373884	-0.00408426	2
188.222	50.0285	0.0037759	-0.00413723	2
189.105	50.256	0.00381146	-0.00418929	2
189.982	50.4832	0.0038455	-0.00424041	2
190.852	50.7101	0.00387797	-0.00429055	2
191.716	50.9371	0.00390882	-0.00433968	2
192.563	51.1617	0.00393767	-0.00438721	2
193.412	51.3893	0.00396516	-0.00443422	2
194.254	51.6176	0.0039909	-0.00448012	2
195.088	51.8466	0.00401484	-0.00452487	2

