-125.001	2.01128	-2.65172e-07	-4.77591e-08	2
-125.101	2.97356	-2.2645e-05	-4.32742e-06	2
-125.23	3.93155	-4.44467e-05	-9.0031e-06	2
-125.385	4.87426	-6.54302e-05	-1.40263e-05	2
-125.563	5.79137	-8.5393e-05	-1.93325e-05	2
-125.769	6.70452	-0.000104824	-2.50443e-05	2
-126	7.60321	-0.000123512	-3.11014e-05	2
-126.255	8.48774	-0.000141481	-3.75029e-05	2
-126.534	9.35839	-0.000158758	-4.42481e-05	2
-126.836	10.2154	-0.000175366	-5.13362e-05	2
-127.161	11.0592	-0.000191332	-5.87664e-05	2
-127.508	11.8899	-0.000206679	-6.6538e-05	2
-127.877	12.7078	-0.000221434	-7.46502e-05	2
-128.267	13.5132	-0.000235621	-8.31022e-05	2
-128.677	14.3065	-0.000249266	-9.18933e-05	2
-129.108	15.0879	-0.000262393	-0.000101023	2
-129.558	15.8576	-0.000275027	-0.00011049	2
-130.026	16.616	-0.000287194	-0.000120293	2
-130.514	17.3633	-0.000298919	-0.000130433	2
-131.019	18.0998	-0.000310226	-0.000140908	2
-131.542	18.8258	-0.000321141	-0.000151717	2
-132.081	19.5416	-0.000331689	-0.000162861	2
-132.637	20.2475	-0.000341895	-0.000174337	2
-133.209	20.9436	-0.000351784	-0.000186145	2
-133.796	21.6305	-0.000361382	-0.000198284	2
-134.397	22.3082	-0.000370712	-0.000210755	2
-135.006	22.9695	-0.000379697	-0.000223406	2
-135.635	23.6299	-0.000388572	-0.000236531	2
-136.278	24.2821	-0.000397254	-0.000249985	2
-136.933	24.9264	-0.00040577	-0.000263767	2
-137.6	25.5629	-0.000414144	-0.000277875	2
-138.278	26.1921	-0.000422401	-0.000292309	2
-138.968	26.8141	-0.000430567	-0.000307069	2
-139.667	27.4292	-0.000438666	-0.000322153	2
-140.377	28.0378	-0.000446724	-0.000337561	2
-141.096	28.6402	-0.000454765	-0.000353292	2
-141.824	29.2365	-0.000462815	-0.000369345	2
-142.561	29.8271	-0.000470899	-0.000385719	2
-143.305	30.4122	-0.000479042	-0.000402414	2
-144.056	30.9922	-0.000487269	-0.00041943	2
-144.814	31.5673	-0.000495605	-0.000436764	2
-145.578	32.1378	-0.000504075	-0.000454417	2
-146.348	32.7041	-0.000512704	-0.000472387	2
-147.123	33.2662	-0.000521517	-0.000490674	2
-147.902	33.8247	-0.00053054	-0.000509277	2
-148.686	34.3796	-0.000539798	-0.000528196	2
-149.473	34.9314	-0.000549314	-0.000547429	2
-150.263	35.4803	-0.000559116	-0.000566976	2
-151.055	36.0265	-0.000569227	-0.000586836	2
-151.84	36.5642	-0.00057955	-0.000606774	2
-152.635	37.1061	-0.000590351	-0.000627255	2
-153.432	37.6461	-0.000601537	-0.000648045	2
-154.229	38.1847	-0.000613133	-0.000669146	2
-155.025	38.7221	-0.000625163	-0.000690556	2
-155.821	39.2585	-0.000637653	-0.000712275	2
-156.615	39.7943	-0.000650628	-0.000734301	2
-157.407	40.3297	-0.000664113	-0.000756634	2
-158.197	40.865	-0.000678133	-0.000779273	2
-158.985	41.4005	-0.000692713	-0.000802218	2
-159.768	41.9364	-0.000707878	-0.000825467	2
-160.548	42.4732	-0.000723653	-0.00084902	2
-161.323	43.0109	-0.000740064	-0.000872876	2
-162.093	43.55	-0.000757136	-0.000897034	2
-162.858	44.0906	-0.000774892	-0.000921494	2
-163.616	44.6332	-0.00079336	-0.000946255	2
-164.368	45.1779	-0.000812563	-0.000971316	2
-165.113	45.725	-0.000832527	-0.000996676	2
-165.85	46.2749	-0.000853276	-0.00102233	2
-166.578	46.8277	-0.000874837	-0.00104829	2
-167.298	47.3839	-0.000897233	-0.00107454	2
-168.009	47.9436	-0.000920491	-0.00110109	2
-168.709	48.5072	-0.000944634	-0.00112794	2
-169.399	49.0749	-0.000969689	-0.00115508	2
-170.071	49.6404	-0.000995376	-0.00118219	2
-170.739	50.2172	-0.00102232	-0.00120992	2
-171.395	50.7989	-0.00105024	-0.00123793	2
-172.038	51.3859	-0.00107918	-0.00126624	2
-172.669	51.9784	-0.00110916	-0.00129484	2
-173.285	52.5767	-0.00114019	-0.00132372	2
-173.888	53.1811	-0.00117232	-0.0013529	2
-174.476	53.7919	-0.00120555	-0.00138237	2
-175.049	54.4094	-0.00123992	-0.00141212	2
-175.606	55.0338	-0.00127545	-0.00144216	2
-176.146	55.6655	-0.00131217	-0.00147249	2
-176.67	56.3046	-0.0013501	-0.0015031	2
-177.177	56.9515	-0.00138927	-0.00153399	2
-177.666	57.6065	-0.0014297	-0.00156518	2
-178.136	58.2699	-0.00147142	-0.00159664	2
-178.587	58.9419	-0.00151445	-0.00162839	2
-179.019	59.6228	-0.00155881	-0.00166041	2
-179.431	60.3129	-0.00160454	-0.00169272	2
-179.822	61.0124	-0.00165166	-0.00172531	2
-180.193	61.7218	-0.00170018	-0.00175818	2
-180.541	62.4411	-0.00175015	-0.00179133	2
-180.868	63.1708	-0.00180158	-0.00182475	2
-181.172	63.9111	-0.00185449	-0.00185845	2
-181.449	64.6536	-0.00190829	-0.00189204	2
-181.706	65.4158	-0.00196424	-0.00192629	2
-181.939	66.1895	-0.00202175	-0.00196081	2
-182.147	66.9749	-0.00208085	-0.00199561	2

-75.0006	2.01173	9.9692e-08	-4.55335e-07	2
-75.0611	3.01585	1.00582e-05	-3.82195e-05	2
-75.1404	4.02293	2.28894e-05	-7.36491e-05	2
-75.2376	5.02138	3.84491e-05	-0.000106337	2
-75.3511	6	5.64683e-05	-0.000136002	2
-75.4831	6.9817	7.73222e-05	-0.000163382	2
-75.6322	7.95519	0.000100772	-0.000188165	2
-75.798	8.9206	0.000126774	-0.000210399	2
-75.9802	9.87808	0.000155284	-0.000230132	2
-76.1786	10.8278	0.000186257	-0.000247413	2
-76.3928	11.7698	0.000219648	-0.000262289	2
-76.6226	12.7043	0.000255415	-0.00027481	2
-76.8676	13.6314	0.000293512	-0.000285023	2
-77.1276	14.5513	0.000333894	-0.000292977	2
-77.4022	15.4641	0.000376519	-0.000298719	2
-77.6912	16.37	0.000421341	-0.000302299	2
-77.9942	17.269	0.000468316	-0.000303765	2
-78.3109	18.1613	0.0005174	-0.000303164	2
-78.6411	19.0471	0.000568549	-0.000300546	2
-78.9844	19.9265	0.000621717	-0.000295957	2
-79.3406	20.7997	0.000676862	-0.000289448	2
-79.7093	21.6667	0.000733938	-0.000281065	2
-80.0902	22.5277	0.000792902	-0.000270858	2
-80.4831	23.3829	0.000853709	-0.000258874	2
-80.8877	24.2324	0.000916314	-0.000245162	2
-81.3036	25.0764	0.000980674	-0.00022977	2
-81.7255	25.9053	0.00104597	-0.000212951	2
-82.1631	26.7386	0.00111369	-0.000194362	2
-82.6111	27.5667	0.00118303	-0.000174237	2
-83.0692	28.3898	0.00125395	-0.000152625	2
-83.5372	29.2081	0.0013264	-0.000129573	2
-84.0148	30.0216	0.00140034	-0.000105131	2
-84.5016	30.8306	0.00147572	-7.93466e-05	2
-84.9973	31.6351	0.0015525	-5.22676e-05	2
-85.5017	32.4353	0.00163064	-2.39427e-05	2
-86.0144	33.2313	0.0017101	5.58001e-06	2
-86.5352	34.0233	0.00179082	3.62521e-05	2
-87.0637	34.8114	0.00187276	6.80253e-05	2
-87.5997	35.5957	0.00195588	0.000100851	2
-88.1428	36.3764	0.00204014	0.000134682	2
-88.6928	37.1537	0.00212548	0.000169469	2
-89.2493	37.9276	0.00221188	0.000205164	2
-89.8121	38.6984	0.00229927	0.000241719	2
-90.3808	39.466	0.00238762	0.000279085	2
-90.9552	40.2308	0.00247689	0.000317215	2
-91.5349	40.9928	0.00256702	0.000356059	2
-92.1197	41.7522	0.00265798	0.00039557	2
-92.7092	42.509	0.00274972	0.000435699	2
-93.3031	43.2635	0.00284219	0.000476399	2
-93.8943	44.0072	0.00293429	0.000517143	2
-94.4962	44.7574	0.00302809	0.000558833	2
-95.1017	45.5057	0.0031225	0.000600948	2
-95.7104	46.2522	0.00321747	0.000643441	2
-96.3221	46.997	0.00331296	0.000686263	2
-96.9364	47.7404	0.00340891	0.000729366	2
-97.5531	48.4823	0.00350529	0.000772702	2
-98.1718	49.223	0.00360205	0.000816222	2
-98.7923	49.9626	0.00369915	0.000859879	2
-99.4142	50.7012	0.00379655	0.000903623	2
-100.037	51.439	0.00389419	0.000947406	2
-100.661	52.1761	0.00399204	0.000991181	2
-101.286	52.9127	0.00409005	0.0010349	2
-101.911	53.6489	0.00418817	0.00107851	2
-102.535	54.3848	0.00428637	0.00112197	2
-103.16	55.1205	0.00438459	0.00116523	2
-103.783	55.8563	0.0044828	0.00120824	2
-104.406	56.5923	0.00458094	0.00125094	2
-105.028	57.3285	0.00467898	0.00129331	2
-105.647	58.0652	0.00477688	0.00133527	2
-106.266	58.8024	0.00487457	0.0013768	2
-106.882	59.5404	0.00497203	0.00141783	2
-107.495	60.2792	0.00506921	0.00145832	2
-108.106	61.0189	0.00516606	0.00149823	2
-108.707	61.7513	0.00526143	0.00153705	2
-109.311	62.4935	0.00535749	0.00157564	2
-109.912	63.2371	0.0054531	0.0016135	2
-110.509	63.9822	0.00554821	0.00165058	2
-111.101	64.729	0.00564276	0.00168683	2
-111.689	65.4777	0.00573673	0.0017222	2
-112.273	66.2283	0.00583006	0.00175664	2
-112.851	66.981	0.0059227	0.00179012	2
-113.423	67.7359	0.00601462	0.00182257	2
-113.99	68.4933	0.00610578	0.00185395	2
-114.551	69.2531	0.00619612	0.00188421	2
-115.105	70.0156	0.0062856	0.00191331	2
-115.653	70.781	0.00637417	0.00194119	2
-116.194	71.5492	0.00646181	0.0019678	2
-116.728	72.3206	0.00654845	0.00199311	2
-117.254	73.0951	0.00663405	0.00201706	2
-117.772	73.8731	0.00671858	0.00203959	2
-118.282	74.6545	0.00680198	0.00206067	2
-118.784	75.4396	0.00688421	0.00208025	2
-119.277	76.2284	0.00696524	0.00209827	2
-119.761	77.0212	0.007045	0.00211469	2
-120.236	77.818	0.00712346	0.00212946	2
-120.7	78.619	0.00720058	0.00214254	2
-121.15	79.4151	0.00727545	0.00215374	2
-121.595	80.2248	0.00734976	0.0021633	2
-122.029	81.0392	0.00742259	0.00217101	2
-122.453	81.8584	0.0074939	0.00217683	2

-25.0004	2.01264	6.70941e-07	-6.92677e-08	2
-25.0278	3.09452	5.87717e-05	-6.91433e-06	2
-25.0395	4.17922	0.00011834	-1.56131e-05	2
-25.0353	5.25418	0.000178686	-2.60778e-05	2
-25.0155	6.30731	0.000239085	-3.81398e-05	2
-24.9801	7.36317	0.000300924	-5.20611e-05	2
-24.9292	8.40955	0.000363485	-6.7693e-05	2
-24.8631	9.44653	0.000426749	-8.5017e-05	2
-24.7819	10.4742	0.0004907	-0.000104015	2
-24.6859	11.4926	0.000555317	-0.000124667	2
-24.5752	12.5019	0.000620583	-0.000146956	2
-24.45	13.5022	0.000686478	-0.000170863	2
-24.3105	14.4934	0.000752985	-0.00019637	2
-24.1569	15.4758	0.000820084	-0.000223458	2
-23.9893	16.4494	0.000887757	-0.000252108	2
-23.808	17.4142	0.000955986	-0.000282302	2
-23.6131	18.3704	0.00102475	-0.000314021	2
-23.4048	19.318	0.00109404	-0.000347248	2
-23.1833	20.2572	0.00116382	-0.000381962	2
-22.9488	21.188	0.00123409	-0.000418147	2
-22.7015	22.1105	0.00130481	-0.000455783	2
-22.4415	23.0247	0.00137599	-0.000494852	2
-22.1691	23.9309	0.00144759	-0.000535335	2
-21.8843	24.8289	0.00151959	-0.000577214	2
-21.5875	25.7191	0.00159198	-0.00062047	2
-21.2787	26.6013	0.00166475	-0.000665085	2
-20.962	27.4657	0.00173702	-0.000710505	2
-20.6301	28.3325	0.00181047	-0.000757767	2
-20.2868	29.1917	0.00188422	-0.000806332	2
-19.9324	30.0434	0.00195828	-0.000856182	2
-19.567	30.8876	0.00203261	-0.000907299	2
-19.1907	31.7244	0.0021072	-0.000959664	2
-18.8038	32.5539	0.00218203	-0.00101326	2
-18.4065	33.3762	0.00225709	-0.00106806	2
-17.9989	34.1914	0.00233234	-0.00112406	2
-17.5813	34.9995	0.00240778	-0.00118123	2
-17.1537	35.8007	0.00248339	-0.00123956	2
-16.7165	36.595	0.00255915	-0.00129902	2
-16.2697	37.3825	0.00263503	-0.0013596	2
-15.8136	38.1634	0.00271102	-0.00142128	2
-15.3483	38.9376	0.00278711	-0.00148404	2
-14.8741	39.7053	0.00286327	-0.00154787	2
-14.3911	40.4665	0.00293948	-0.00161274	2
-13.8995	41.2214	0.00301573	-0.00167863	2
-13.3994	41.9699	0.003092	-0.00174553	2
-12.8911	42.7123	0.00316826	-0.00181342	2
-12.3748	43.4486	0.00324451	-0.00188229	2
-11.8506	44.1789	0.00332072	-0.0019521	2
-11.3188	44.9032	0.00339687	-0.00202284	2
-10.7856	45.6134	0.00347207	-0.00209367	2
-10.239	46.3261	0.00354806	-0.00216622	2
-9.68531	47.0332	0.00362393	-0.00223964	2
-9.12464	47.7346	0.00369967	-0.00231393	2
-8.5572	48.4305	0.00377526	-0.00238905	2
-7.98319	49.121	0.00385069	-0.00246499	2
-7.40278	49.8061	0.00392593	-0.00254174	2
-6.81616	50.4859	0.00400096	-0.00261928	2
-6.22352	51.1606	0.00407577	-0.00269758	2
-5.62504	51.8302	0.00415034	-0.00277663	2
-5.02089	52.4947	0.00422465	-0.00285641	2
-4.41128	53.1543	0.00429868	-0.0029369	2
-3.79637	53.8091	0.00437241	-0.00301808	2
-3.17636	54.4591	0.00444582	-0.00309994	2
-2.55143	55.1044	0.0045189	-0.00318245	2
-1.92176	55.7451	0.00459163	-0.0032656	2
-1.28755	56.3813	0.00466398	-0.00334936	2
-0.648958	57.0131	0.00473594	-0.00343373	2
-0.00618649	57.6405	0.0048075	-0.00351868	2
0.640585	58.2637	0.00487863	-0.00360419	2
1.29117	58.8827	0.00494931	-0.00369025	2
1.94539	59.4976	0.00501952	-0.00377683	2
2.60306	60.1085	0.00508926	-0.00386392	2
3.26399	60.7155	0.00515849	-0.0039515	2
3.92035	61.3117	0.00522641	-0.00403853	2
4.58722	61.9111	0.00529459	-0.00412703	2
5.2568	62.5069	0.00536221	-0.00421596	2
5.92891	63.099	0.00542926	-0.0043053	2
6.60337	63.6877	0.00549571	-0.00439504	2
7.27999	64.273	0.00556155	-0.00448516	2
7.95858	64.8549	0.00562675	-0.00457564	2
8.63897	65.4336	0.00569131	-0.00466646	2
9.32097	66.0091	0.0057552	-0.0047576	2
10.0044	66.5815	0.0058184	-0.00484904	2
10.689	67.1509	0.00588089	-0.00494077	2
11.3748	67.7174	0.00594267	-0.00503277	2
12.0613	68.2811	0.00600369	-0.00512502	2
12.7486	68.8421	0.00606396	-0.00521749	2
13.4364	69.4003	0.00612345	-0.00531018	2
14.1245	69.956	0.00618213	-0.00540306	2
14.8127	70.5093	0.00624001	-0.00549612	2
15.5009	71.0601	0.00629704	-0.00558933	2
16.1888	71.6086	0.00635322	-0.00568267	2
16.8764	72.1548	0.00640853	-0.00577614	2
17.5633	72.6989	0.00646295	-0.0058697	2
18.2494	73.2409	0.00651646	-0.00596335	2
18.9346	73.781	0.00656903	-0.00605706	2
19.6107	74.3129	0.00662008	-0.00614974	2
20.2934	74.8493	0.00667076	-0.00624352	2
20.9746	75.3839	0.00672045	-0.00633731	2
21.6541	75.9169	0.00676914	-0.00643109	2

24.9962	2.01224	-3.19795e-07	-2.44337e-07	2
24.6869	3.05912	-2.78652e-05	-2.03297e-05	2
24.4014	4.10689	-5.5811e-05	-3.88078e-05	2
24.1434	5.1434	-8.38272e-05	-5.54723e-05	2
23.9149	6.157	-0.000111581	-7.01997e-05	2
23.7104	7.17136	-0.000139707	-8.33703e-05	2
23.5322	8.1747	-0.000167874	-9.48405e-05	2
23.3801	9.1671	-0.000196071	-0.000104648	2
23.2537	10.1487	-0.000224289	-0.000112831	2
23.1527	11.1194	-0.000252517	-0.000119428	2
23.0767	12.0795	-0.000280745	-0.000124476	2
23.0255	13.029	-0.000308964	-0.000128013	2
22.9986	13.968	-0.000337162	-0.000130077	2
22.9958	14.8966	-0.000365331	-0.000130706	2
23.0167	15.8147	-0.00039346	-0.000129938	2
23.061	16.7227	-0.000421539	-0.000127811	2
23.1283	17.6204	-0.000449557	-0.000124362	2
23.2183	18.508	-0.000477506	-0.00011963	2
23.3307	19.3856	-0.000505375	-0.000113653	2
23.4651	20.2532	-0.000533153	-0.000106469	2
23.6212	21.111	-0.000560831	-9.81145e-05	2
23.7987	21.959	-0.000588399	-8.86287e-05	2
23.9972	22.7974	-0.000615847	-7.8049e-05	2
24.2164	23.6261	-0.000643164	-6.64136e-05	2
24.456	24.4452	-0.000670341	-5.37602e-05	2
24.7156	25.255	-0.000697368	-4.01268e-05	2
24.9915	26.0462	-0.000723926	-2.5724e-05	2
25.29	26.8374	-0.000750624	-1.02545e-05	2
25.6074	27.6194	-0.000777141	6.08177e-06	2
25.9435	28.3923	-0.000803468	2.32468e-05	2
26.298	29.1561	-0.000829594	4.12027e-05	2
26.6705	29.911	-0.000855509	5.99116e-05	2
27.0607	30.657	-0.000881204	7.93355e-05	2
27.4682	31.3943	-0.000906668	9.94365e-05	2
27.8928	32.1228	-0.000931892	0.000120177	2
28.334	32.8427	-0.000956864	0.000141518	2
28.7916	33.5541	-0.000981576	0.000163423	2
29.2651	34.257	-0.00100602	0.000185854	2
29.7544	34.9516	-0.00103018	0.000208772	2
30.259	35.6379	-0.00105405	0.000232139	2
30.7785	36.3159	-0.00107761	0.000255919	2
31.3128	36.9858	-0.00110087	0.000280072	2
31.8614	37.6477	-0.00112381	0.000304561	2
32.424	38.3016	-0.00114641	0.000329348	2
33.0002	38.9477	-0.00116868	0.000354396	2
33.5898	39.586	-0.00119059	0.000379665	2
34.1924	40.2165	-0.00121214	0.000405119	2
34.8076	40.8394	-0.00123332	0.000430719	2
35.4352	41.4548	-0.00125412	0.000456427	2
36.0673	42.0557	-0.00127429	0.000481909	2
36.7183	42.6564	-0.0012943	0.000507721	2
37.3807	43.2497	-0.0013139	0.000533527	2
38.0541	43.8358	-0.00133308	0.000559291	2
38.7381	44.4147	-0.00135183	0.000584974	2
39.4324	44.9866	-0.00137013	0.000610538	2
40.1368	45.5516	-0.00138798	0.000635946	2
40.8507	46.1096	-0.00140538	0.000661159	2
41.574	46.6609	-0.0014223	0.00068614	2
42.3062	47.2054	-0.00143873	0.000710851	2
43.0471	47.7433	-0.00145468	0.000735253	2
43.7963	48.2746	-0.00147012	0.00075931	2
44.5535	48.7995	-0.00148506	0.000782982	2
45.3183	49.318	-0.00149947	0.000806232	2
46.0904	49.8301	-0.00151335	0.000829023	2
46.8695	50.3361	-0.00152668	0.000851316	2
47.6552	50.8359	-0.00153947	0.000873073	2
48.4472	51.3296	-0.00155169	0.000894256	2
49.2451	51.8174	-0.00156334	0.000914828	2
50.0487	52.2993	-0.00157441	0.000934751	2
50.8576	52.7753	-0.00158489	0.000953986	2
51.6714	53.2456	-0.00159476	0.000972496	2
52.4899	53.7103	-0.00160402	0.000990243	2
53.3126	54.1694	-0.00161266	0.00100719	2
54.1298	54.6179	-0.00162058	0.00102312	2
54.9601	55.0662	-0.00162795	0.00103836	2
55.7936	55.5092	-0.00163467	0.00105268	2
56.6301	55.9469	-0.00164073	0.00106605	2
57.4692	56.3795	-0.00164611	0.00107844	2
58.3106	56.8071	-0.00165082	0.00108979	2
59.154	57.2296	-0.00165482	0.00110008	2
59.9989	57.6472	-0.00165813	0.00110927	2
60.8451	58.0601	-0.00166073	0.00111731	2
61.6923	58.4681	-0.0016626	0.00112417	2
62.54	58.8716	-0.00166374	0.00112982	2
63.3881	59.2704	-0.00166413	0.00113421	2
64.236	59.6648	-0.00166378	0.00113731	2
65.0836	60.0547	-0.00166266	0.00113907	2
65.9304	60.4404	-0.00166077	0.00113947	2
66.7762	60.8217	-0.00165809	0.00113846	2
67.6206	61.199	-0.00165462	0.001136	2
68.4632	61.5721	-0.00165035	0.00113206	2
69.3037	61.9413	-0.00164527	0.0011266	2
70.1418	62.3065	-0.00163936	0.00111958	2
70.9772	62.6679	-0.00163262	0.00111096	2
71.8095	63.0256	-0.00162503	0.00110071	2
72.6384	63.3796	-0.0016166	0.00108879	2
73.4541	63.726	-0.00160741	0.00107532	2
74.2752	64.073	-0.00159724	0.00105996	2
75.0918	64.4165	-0.0015862	0.00104281	2
75.9038	64.7567	-0.00157426	0.00102384	2

74.9957	2.01164	5.68234e-07	-4.45799e-07	2
74.6284	3.01364	4.7547e-05	-3.76449e-05	2
74.2666	4.02914	9.13183e-05	-7.30107e-05	2
73.9145	5.0463	0.000131385	-0.000106138	2
73.5763	6.0532	0.000167418	-0.000136723	2
73.244	7.07306	0.000200327	-0.000165519	2
72.9217	8.09395	0.000229741	-0.000192196	2
72.6096	9.11569	0.000255733	-0.000216796	2
72.3077	10.1381	0.000278372	-0.000239358	2
72.0161	11.1608	0.000297729	-0.000259924	2
71.7348	12.1839	0.000313875	-0.000278533	2
71.4641	13.2069	0.00032688	-0.000295226	2
71.2038	14.2297	0.000336816	-0.000310043	2
70.9542	15.2522	0.000343752	-0.000323025	2
70.7154	16.274	0.000347759	-0.000334212	2
70.4873	17.295	0.000348909	-0.000343644	2
70.27	18.3151	0.000347272	-0.000351362	2
70.0638	19.3338	0.000342918	-0.000357406	2
69.8686	20.3512	0.000335918	-0.000361816	2
69.6845	21.3669	0.000326342	-0.000364634	2
69.5116	22.3808	0.000314262	-0.000365899	2
69.35	23.3927	0.000299749	-0.000365651	2
69.1997	24.4023	0.000282872	-0.000363932	2
69.061	25.4094	0.000263702	-0.000360781	2
68.9337	26.4139	0.000242311	-0.000356238	2
68.8181	27.4155	0.000218768	-0.000350345	2
68.7153	28.4026	0.000193451	-0.000343232	2
68.623	29.3979	0.00016584	-0.000334772	2
68.5426	30.3897	0.00013629	-0.000325083	2
68.4741	31.3778	0.00010487	-0.000314204	2
68.4177	32.362	7.16512e-05	-0.000302175	2
68.3734	33.3422	3.67044e-05	-0.000289037	2
68.3413	34.318	1.00234e-07	-0.000274831	2
68.3214	35.2893	-3.80907e-05	-0.000259597	2
68.3139	36.2558	-7.77977e-05	-0.000243374	2
68.3189	37.2175	-0.00011895	-0.000226204	2
68.3364	38.174	-0.000161477	-0.000208127	2
68.3664	39.1252	-0.000205308	-0.000189184	2
68.4092	40.0708	-0.000250373	-0.000169413	2
68.4648	41.0107	-0.000296601	-0.000148857	2
68.5332	41.9447	-0.00034392	-0.000127556	2
68.6145	42.8724	-0.000392261	-0.000105549	2
68.7089	43.7938	-0.000441553	-8.2877e-05	2
68.8163	44.7087	-0.000491724	-5.95807e-05	2
68.937	45.6167	-0.000542705	-3.57004e-05	2
69.0709	46.5178	-0.000594425	-1.12763e-05	2
69.2182	47.4117	-0.000646813	1.36511e-05	2
69.3789	48.2981	-0.000699799	3.90414e-05	2
69.5531	49.177	-0.000753311	6.48543e-05	2
69.7387	50.0381	-0.000806657	9.07463e-05	2
69.94	50.9012	-0.000861006	0.000117279	2
70.1551	51.7562	-0.000915672	0.000144115	2
70.3841	52.6027	-0.000970582	0.000171211	2
70.627	53.4405	-0.00102567	0.000198529	2
70.8839	54.2696	-0.00108085	0.000226028	2
71.1548	55.0895	-0.00113608	0.000253666	2
71.44	55.9003	-0.00119126	0.000281405	2
71.7394	56.7016	-0.00124633	0.000309204	2
72.0532	57.4932	-0.00130123	0.000337022	2
72.3813	58.2749	-0.00135588	0.000364818	2
72.724	59.0466	-0.0014102	0.000392554	2
73.0813	59.808	-0.00146414	0.000420187	2
73.4532	60.5589	-0.00151761	0.000447678	2
73.8399	61.2992	-0.00157055	0.000474986	2
74.2414	62.0285	-0.00162289	0.000502071	2
74.6579	62.7467	-0.00167455	0.000528893	2
75.0893	63.4537	-0.00172547	0.000555411	2
75.5359	64.1491	-0.00177557	0.000581585	2
75.9976	64.8327	-0.00182479	0.000607375	2
76.4745	65.5045	-0.00187305	0.000632739	2
76.9668	66.1641	-0.00192029	0.000657638	2
77.4745	66.8114	-0.00196643	0.000682032	2
77.9977	67.4462	-0.00201139	0.000705879	2
78.5302	68.0611	-0.00205463	0.000728876	2
79.0844	68.6703	-0.00209706	0.000751518	2
79.6544	69.2663	-0.00213812	0.000773493	2
80.2402	69.849	-0.00217773	0.000794761	2
80.8419	70.4181	-0.00221581	0.000815281	2
81.4596	70.9734	-0.0022523	0.000835013	2
82.0934	71.5147	-0.00228714	0.000853918	2
82.7434	72.0418	-0.00232023	0.000871953	2
83.4095	72.5546	-0.00235153	0.00088908	2
84.092	73.0527	-0.00238095	0.000905257	2
84.7909	73.5361	-0.00240842	0.000920444	2
85.5063	74.0044	-0.00243388	0.000934601	2
86.2383	74.4575	-0.00245726	0.000947688	2
86.9869	74.8952	-0.00247848	0.000959664	2
87.7522	75.3172	-0.00249746	0.000970488	2
88.5344	75.7234	-0.00251416	0.000980121	2
89.3334	76.1136	-0.00252848	0.000988522	2
90.1495	76.4875	-0.00254036	0.00099565	2
90.9826	76.845	-0.00254973	0.00100147	2
91.8328	77.1858	-0.00255652	0.00100593	2
92.7003	77.5097	-0.00256066	0.001009	2
93.5851	77.8166	-0.00256208	0.00101063	2
94.4873	78.1061	-0.00256071	0.00101079	2
95.3962	78.3752	-0.00255653	0.00100946	2
96.3332	78.6298	-0.0025494	0.00100657	2
97.2879	78.8665	-0.00253925	0.00100209	2
98.2603	79.0852	-0.00252604	0.000995964	2

125	2.01036	3.1116e-07	8.07192e-08	2
125.023	2.90129	2.62092e-05	6.49833e-06	2
125.012	3.80248	5.06916e-05	1.1951e-05	2
124.969	4.70351	7.34721e-05	1.63808e-05	2
124.894	5.59395	9.43426e-05	1.97766e-05	2
124.789	6.49444	0.000113813	2.22398e-05	2
124.653	7.39454	0.000131657	2.3748e-05	2
124.488	8.2942	0.000147898	2.43238e-05	2
124.294	9.19333	0.000162562	2.39901e-05	2
124.073	10.0919	0.000175674	2.27694e-05	2
123.825	10.9897	0.000187258	2.06844e-05	2
123.551	11.8868	0.000197341	1.7758e-05	2
123.252	12.7831	0.000205946	1.40128e-05	2
122.928	13.6785	0.000213099	9.47154e-06	2
122.582	14.573	0.000218825	4.15689e-06	2
122.212	15.4664	0.000223148	-1.90843e-06	2
121.821	16.3587	0.000226095	-8.70171e-06	2
121.409	17.2498	0.000227689	-1.62002e-05	2
120.976	18.1397	0.000227955	-2.43813e-05	2
120.525	19.0283	0.00022692	-3.32222e-05	2
120.055	19.9154	0.000224607	-4.27002e-05	2
119.567	20.8011	0.000221042	-5.27926e-05	2
119.062	21.6853	0.000216249	-6.34767e-05	2
118.542	22.5678	0.000210254	-7.47298e-05	2
118.006	23.4486	0.000203082	-8.65292e-05	2
117.456	24.3277	0.000194758	-9.88522e-05	2
116.899	25.1949	0.000185421	-0.000111526	2
116.324	26.0703	0.000174879	-0.000124822	2
115.736	26.9437	0.00016326	-0.000138575	2
115.137	27.815	0.000150588	-0.00015276	2
114.528	28.6843	0.000136889	-0.000167356	2
113.91	29.5513	0.000122186	-0.000182339	2
113.284	30.4161	0.000106507	-0.000197687	2
112.649	31.2785	8.9874e-05	-0.000213377	2
112.008	32.1385	7.23137e-05	-0.000229387	2
111.361	32.9961	5.38507e-05	-0.000245693	2
110.709	33.851	3.451e-05	-0.000262274	2
110.052	34.7034	1.43166e-05	-0.000279106	2
109.392	35.553	-6.70457e-06	-0.000296166	2
108.73	36.3999	-2.85285e-05	-0.000313433	2
108.065	37.2439	-5.11301e-05	-0.000330882	2
107.4	38.0851	-7.44845e-05	-0.000348492	2
106.734	38.9232	-9.85666e-05	-0.00036624	2
106.069	39.7582	-0.000123352	-0.000384103	2
105.406	40.5901	-0.000148814	-0.000402058	2
104.745	41.4189	-0.00017493	-0.000420083	2
104.087	42.2443	-0.000201673	-0.000438155	2
103.433	43.0664	-0.000229019	-0.000456251	2
102.784	43.885	-0.000256943	-0.000474349	2
102.148	44.6908	-0.000285089	-0.000492218	2
101.511	45.5024	-0.000314088	-0.000510251	2
100.881	46.3104	-0.00034359	-0.000528218	2
100.259	47.1147	-0.00037357	-0.000546096	2
99.6468	47.9151	-0.000404003	-0.000563862	2
99.0441	48.7118	-0.000434864	-0.000581493	2
98.4521	49.5044	-0.000466128	-0.000598968	2
97.8715	50.2931	-0.000497771	-0.000616262	2
97.3033	51.0777	-0.000529766	-0.000633354	2
96.7482	51.8581	-0.00056209	-0.000650221	2
96.2071	52.6344	-0.000594717	-0.00066684	2
95.6808	53.4063	-0.000627622	-0.000683188	2
95.1702	54.1738	-0.000660781	-0.000699242	2
94.676	54.9369	-0.000694168	-0.000714981	2
94.1992	55.6955	-0.000727758	-0.00073038	2
93.7405	56.4496	-0.000761526	-0.000745418	2
93.3008	57.1989	-0.000795447	-0.000760072	2
92.881	57.9435	-0.000829497	-0.000774319	2
92.4817	58.6834	-0.00086365	-0.000788136	2
92.104	59.4183	-0.000897881	-0.000801501	2
91.7485	60.1483	-0.000932165	-0.000814391	2
91.4162	60.8733	-0.000966478	-0.000826782	2
91.1079	61.5931	-0.00100079	-0.000838654	2
90.8244	62.3079	-0.00103509	-0.000849982	2
90.5694	63.0092	-0.00106894	-0.000860624	2
90.3377	63.7134	-0.00110312	-0.000870804	2
90.1333	64.4123	-0.0011372	-0.000880373	2
89.957	65.1056	-0.00117116	-0.000889309	2
89.8097	65.7935	-0.00120497	-0.000897588	2
89.6922	66.4758	-0.00123861	-0.000905188	2
89.6053	67.1523	-0.00127206	-0.000912086	2
89.5498	67.8232	-0.00130528	-0.000918259	2
89.5267	68.4882	-0.00133826	-0.000923685	2
89.5367	69.1473	-0.00137097	-0.000928341	2
89.5806	69.8005	-0.00140338	-0.000932204	2
89.6594	70.4476	-0.00143546	-0.000935252	2
89.7737	71.0886	-0.00146721	-0.000937461	2
89.9245	71.7234	-0.00149858	-0.00093881	2
90.1126	72.352	-0.00152955	-0.000939275	2
90.3389	72.9743	-0.0015601	-0.000938834	2
90.604	73.5901	-0.00159021	-0.000937464	2
90.909	74.1995	-0.00161985	-0.000935142	2
91.2546	74.8024	-0.00164899	-0.000931845	2
91.6416	75.3986	-0.00167761	-0.000927552	2
92.0709	75.9881	-0.00170568	-0.000922238	2
92.5434	76.5709	-0.00173318	-0.000915882	2
93.0597	77.1468	-0.00176008	-0.000908461	2
93.6142	77.7094	-0.00178607	-0.000900056	2
94.2204	78.2715	-0.00181171	-0.000890449	2
94.8731	78.8266	-0.00183669	-0.000879709	2
95.573	79.3746	-0.00186096	-0.000867813	2

