-125	2.01137	-2.79297e-07	2.53376e-07	2
-124.994	2.98449	-2.38106e-05	2.11121e-05	2
-125.021	3.96039	-4.66497e-05	4.0367e-05	2
-125.083	4.92781	-6.8542e-05	5.78066e-05	2
-125.176	5.87589	-8.92762e-05	7.33024e-05	2
-125.301	6.82679	-0.000109359	8.72563e-05	2
-125.458	7.76954	-0.000128569	9.95199e-05	2
-125.645	8.70427	-0.00014693	0.000110135	2
-125.862	9.63107	-0.000164468	0.000119143	2
-126.107	10.5501	-0.000181206	0.000126587	2
-126.38	11.4614	-0.000197171	0.000132507	2
-126.679	12.3651	-0.000212385	0.000136946	2
-127.006	13.2613	-0.000226874	0.000139946	2
-127.357	14.1502	-0.000240664	0.000141548	2
-127.733	15.0318	-0.000253777	0.000141794	2
-128.132	15.9063	-0.000266239	0.000140726	2
-128.555	16.7738	-0.000278076	0.000138387	2
-129	17.6343	-0.00028931	0.000134817	2
-129.465	18.4881	-0.000299967	0.000130058	2
-129.952	19.3351	-0.000310073	0.000124153	2
-130.457	20.1756	-0.00031965	0.000117143	2
-130.982	21.0096	-0.000328725	0.000109071	2
-131.525	21.8373	-0.000337321	9.99767e-05	2
-132.085	22.6587	-0.000345464	8.99035e-05	2
-132.661	23.4739	-0.000353178	7.88928e-05	2
-133.252	24.2832	-0.000360487	6.69864e-05	2
-133.852	25.0773	-0.00036734	5.43776e-05	2
-134.472	25.875	-0.000373919	4.08146e-05	2
-135.105	26.6669	-0.000380167	2.64808e-05	2
-135.751	27.4532	-0.00038611	1.14183e-05	2
-136.407	28.2341	-0.000391771	-4.33124e-06	2
-137.075	29.0097	-0.000397176	-2.07259e-05	2
-137.752	29.78	-0.00040235	-3.7724e-05	2
-138.438	30.5452	-0.000407316	-5.52835e-05	2
-139.133	31.3053	-0.000412099	-7.33627e-05	2
-139.835	32.0606	-0.000416725	-9.19198e-05	2
-140.543	32.811	-0.000421218	-0.000110913	2
-141.257	33.5568	-0.000425602	-0.0001303	2
-141.976	34.298	-0.000429903	-0.00015004	2
-142.699	35.0348	-0.000434145	-0.00017009	2
-143.425	35.7672	-0.000438352	-0.000190409	2
-144.154	36.4953	-0.000442549	-0.000210955	2
-144.884	37.2194	-0.000446761	-0.000231686	2
-145.615	37.9394	-0.000451013	-0.00025256	2
-146.346	38.6556	-0.00045533	-0.000273535	2
-147.076	39.3679	-0.000459735	-0.00029457	2
-147.805	40.0766	-0.000464254	-0.000315623	2
-148.531	40.7817	-0.000468911	-0.000336652	2
-149.253	41.4834	-0.000473731	-0.000357615	2
-149.964	42.1737	-0.000478681	-0.000378231	2
-150.677	42.8688	-0.000483898	-0.000398938	2
-151.385	43.5608	-0.000489353	-0.000419455	2
-152.087	44.2498	-0.000495069	-0.000439739	2
-152.781	44.936	-0.00050107	-0.000459748	2
-153.466	45.6193	-0.000507383	-0.000479441	2
-154.143	46.2999	-0.000514031	-0.000498775	2
-154.81	46.978	-0.00052104	-0.00051771	2
-155.466	47.6537	-0.000528433	-0.000536203	2
-156.111	48.327	-0.000536235	-0.000554212	2
-156.743	48.9981	-0.000544472	-0.000571695	2
-157.363	49.6671	-0.000553167	-0.000588611	2
-157.968	50.3341	-0.000562346	-0.000604918	2
-158.559	50.9991	-0.000572034	-0.000620574	2
-159.134	51.6625	-0.000582254	-0.000635537	2
-159.693	52.3241	-0.000593031	-0.000649766	2
-160.234	52.9842	-0.000604391	-0.000663218	2
-160.757	53.6429	-0.000616357	-0.000675851	2
-161.262	54.3002	-0.000628956	-0.000687625	2
-161.747	54.9563	-0.00064221	-0.000698496	2
-162.211	55.6113	-0.000656145	-0.000708424	2
-162.654	56.2653	-0.000670786	-0.000717366	2
-163.075	56.9184	-0.000686157	-0.00072528	2
-163.473	57.5707	-0.000702283	-0.000732125	2
-163.843	58.2149	-0.00071899	-0.0007378	2
-164.193	58.8661	-0.000736691	-0.000742395	2
-164.518	59.5168	-0.00075522	-0.000745795	2
-164.816	60.1672	-0.000774602	-0.000747959	2
-165.088	60.8173	-0.000794863	-0.000748845	2
-165.331	61.4674	-0.000816026	-0.000748412	2
-165.546	62.1175	-0.000838117	-0.000746617	2
-165.731	62.7677	-0.00086116	-0.000743418	2
-165.886	63.4181	-0.000885179	-0.000738774	2
-166.01	64.0689	-0.0009102	-0.000732644	2
-166.102	64.7201	-0.000936247	-0.000724984	2
-166.161	65.3719	-0.000963344	-0.000715753	2
-166.187	66.0244	-0.000991517	-0.00070491	2
-166.178	66.6777	-0.00102079	-0.000692412	2
-166.134	67.3318	-0.00105119	-0.000678219	2
-166.054	67.987	-0.00108274	-0.000662287	2
-165.937	68.6433	-0.00111546	-0.000644575	2
-165.782	69.3009	-0.00114938	-0.000625042	2
-165.589	69.9598	-0.00118452	-0.000603645	2
-165.357	70.6202	-0.00122091	-0.000580342	2
-165.084	71.2821	-0.00125858	-0.000555093	2
-164.771	71.9457	-0.00129754	-0.000527854	2
-164.415	72.6112	-0.00133782	-0.000498585	2
-164.022	73.2708	-0.00137897	-0.000467615	2
-163.581	73.9401	-0.00142196	-0.000434183	2
-163.096	74.6116	-0.00146634	-0.000398595	2
-162.566	75.2853	-0.00151214	-0.000360809	2

-75.0035	2.01243	-4.45488e-07	4.10215e-07	2
-75.3147	3.07061	-3.83836e-05	3.49688e-05	2
-75.6508	4.11974	-7.6022e-05	6.84957e-05	2
-76.0078	5.14774	-0.000112932	0.000100603	2
-76.381	6.14351	-0.000148717	0.000130968	2
-76.7784	7.13057	-0.000184228	0.00016032	2
-77.1957	8.09757	-0.000219059	0.000188318	2
-77.6322	9.04487	-0.000253227	0.000214986	2
-78.0878	9.97283	-0.00028675	0.000240347	2
-78.5618	10.8818	-0.000319644	0.000264421	2
-79.0539	11.7721	-0.000351924	0.000287233	2
-79.5638	12.6442	-0.000383609	0.000308804	2
-80.091	13.4984	-0.000414715	0.000329156	2
-80.6351	14.335	-0.000445257	0.000348312	2
-81.1957	15.1544	-0.000475253	0.000366295	2
-81.7724	15.957	-0.00050472	0.000383126	2
-82.3648	16.7431	-0.000533673	0.000398828	2
-82.9725	17.5131	-0.00056213	0.000413423	2
-83.5951	18.2673	-0.000590108	0.000426934	2
-84.2322	19.006	-0.000617622	0.000439383	2
-84.8833	19.7298	-0.000644689	0.000450792	2
-85.5481	20.4388	-0.000671326	0.000461185	2
-86.2262	21.1336	-0.00069755	0.000470582	2
-86.9171	21.8143	-0.000723376	0.000479007	2
-87.6205	22.4814	-0.000748823	0.000486482	2
-88.3359	23.1352	-0.000773906	0.000493029	2
-89.0546	23.7689	-0.000798359	0.000498611	2
-89.7928	24.3974	-0.000822768	0.00050338	2
-90.5419	25.0138	-0.000846863	0.000507287	2
-91.3013	25.6183	-0.000870661	0.000510357	2
-92.0709	26.2113	-0.000894177	0.000512609	2
-92.85	26.7932	-0.000917429	0.000514069	2
-93.6384	27.3643	-0.000940434	0.000514756	2
-94.4356	27.925	-0.000963208	0.000514695	2
-95.2412	28.4757	-0.000985767	0.000513907	2
-96.0548	29.0167	-0.00100813	0.000512414	2
-96.876	29.5484	-0.00103031	0.000510239	2
-97.7044	30.071	-0.00105232	0.000507405	2
-98.5397	30.5851	-0.00107419	0.000503934	2
-99.3813	31.0909	-0.00109593	0.000499847	2
-100.229	31.5887	-0.00111755	0.000495168	2
-101.082	32.0791	-0.00113907	0.000489919	2
-101.94	32.5622	-0.00116051	0.000484122	2
-102.803	33.0385	-0.00118188	0.000477799	2
-103.671	33.5084	-0.00120321	0.000470973	2
-104.542	33.9721	-0.00122451	0.000463667	2
-105.417	34.4301	-0.00124579	0.000455902	2
-106.296	34.8826	-0.00126707	0.000447701	2
-107.176	35.3301	-0.00128837	0.000439086	2
-108.05	35.7679	-0.00130946	0.000430186	2
-108.935	36.2064	-0.00133084	0.000420815	2
-109.821	36.641	-0.00135229	0.000411098	2
-110.709	37.072	-0.00137383	0.000401056	2
-111.598	37.4996	-0.00139546	0.000390712	2
-112.487	37.9244	-0.00141722	0.000380088	2
-113.376	38.3467	-0.0014391	0.000369207	2
-114.264	38.7667	-0.00146114	0.00035809	2
-115.151	39.1849	-0.00148335	0.000346761	2
-116.037	39.6017	-0.00150574	0.000335242	2
-116.922	40.0173	-0.00152832	0.000323555	2
-117.804	40.4322	-0.00155113	0.000311722	2
-118.684	40.8467	-0.00157417	0.000299766	2
-119.561	41.2611	-0.00159746	0.000287709	2
-120.434	41.6758	-0.00162101	0.000275574	2
-121.304	42.0912	-0.00164485	0.000263383	2
-122.17	42.5077	-0.00166899	0.000251158	2
-123.031	42.9255	-0.00169345	0.000238921	2
-123.888	43.3451	-0.00171824	0.000226696	2
-124.738	43.7668	-0.00174338	0.000214503	2
-125.584	44.1909	-0.00176888	0.000202367	2
-126.423	44.6179	-0.00179477	0.000190308	2
-127.255	45.048	-0.00182106	0.00017835	2
-128.081	45.4816	-0.00184776	0.000166515	2
-128.889	45.9141	-0.00187458	0.000154958	2
-129.7	46.3559	-0.00190216	0.000143434	2
-130.502	46.8022	-0.00193021	0.000132099	2
-131.296	47.2535	-0.00195873	0.000120976	2
-132.081	47.7101	-0.00198776	0.000110087	2
-132.856	48.1724	-0.0020173	9.94549e-05	2
-133.621	48.6408	-0.00204738	8.9102e-05	2
-134.377	49.1155	-0.002078	7.90505e-05	2
-135.122	49.5969	-0.00210919	6.93228e-05	2
-135.855	50.0855	-0.00214096	5.99413e-05	2
-136.578	50.5815	-0.00217332	5.09283e-05	2
-137.288	51.0853	-0.00220631	4.23061e-05	2
-137.986	51.5974	-0.00223992	3.40973e-05	2
-138.672	52.1179	-0.00227419	2.6324e-05	2
-139.345	52.6473	-0.00230911	1.90087e-05	2
-140.004	53.186	-0.00234472	1.21737e-05	2
-140.649	53.7343	-0.00238103	5.84149e-06	2
-141.28	54.2926	-0.00241805	3.42968e-08	2
-141.897	54.8611	-0.00245581	-5.22547e-06	2
-142.498	55.4404	-0.00249431	-9.91545e-06	2
-143.084	56.0307	-0.00253357	-1.40133e-05	2
-143.654	56.6324	-0.00257362	-1.74966e-05	2
-144.208	57.2458	-0.00261446	-2.0343e-05	2
-144.739	57.8641	-0.00265564	-2.25089e-05	2
-145.26	58.502	-0.00269812	-2.40224e-05	2
-145.763	59.1526	-0.00274145	-2.48323e-05	2
-146.247	59.8165	-0.00278564	-2.4916e-05	2

-25.003	2.01084	-7.30255e-07	1.72232e-07	2
-25.2556	2.94277	-6.14083e-05	1.51274e-05	2
-25.5074	3.88551	-0.000118558	3.05418e-05	2
-25.7553	4.82819	-0.000171507	4.62394e-05	2
-25.9966	5.75999	-0.000219777	6.20307e-05	2
-26.2369	6.70255	-0.000264548	7.8279e-05	2
-26.4735	7.64504	-0.000305292	9.47982e-05	2
-26.7063	8.58745	-0.000342069	0.000111584	2
-26.9354	9.52978	-0.000374936	0.000128633	2
-27.1607	10.472	-0.000403953	0.000145941	2
-27.3824	11.4141	-0.000429177	0.000163504	2
-27.6004	12.3561	-0.000450667	0.000181317	2
-27.8148	13.298	-0.00046848	0.000199377	2
-28.0255	14.2398	-0.000482676	0.000217679	2
-28.2327	15.1814	-0.000493313	0.00023622	2
-28.4363	16.1229	-0.000500448	0.000254995	2
-28.6363	17.0642	-0.000504141	0.000274001	2
-28.8328	18.0054	-0.00050445	0.000293234	2
-29.0259	18.9464	-0.000501432	0.000312688	2
-29.2154	19.8872	-0.000495147	0.000332361	2
-29.4015	20.8278	-0.000485653	0.000352248	2
-29.5842	21.7683	-0.000473007	0.000372345	2
-29.7634	22.7085	-0.000457269	0.000392649	2
-29.9393	23.6486	-0.000438496	0.000413154	2
-30.1118	24.5884	-0.000416747	0.000433858	2
-30.2809	25.528	-0.000392081	0.000454755	2
-30.4449	26.4565	-0.000364887	0.000475599	2
-30.6075	27.3957	-0.000334592	0.00049687	2
-30.7668	28.3345	-0.000301554	0.000518323	2
-30.9229	29.2732	-0.00026583	0.000539954	2
-31.0758	30.2115	-0.00022748	0.000561758	2
-31.2254	31.1496	-0.000186561	0.000583733	2
-31.3719	32.0874	-0.000143132	0.000605873	2
-31.5152	33.0249	-9.72515e-05	0.000628174	2
-31.6554	33.9621	-4.89773e-05	0.000650633	2
-31.7925	34.899	1.6319e-06	0.000673246	2
-31.9265	35.8356	5.45179e-05	0.000696008	2
-32.0575	36.7719	0.000109622	0.000718915	2
-32.1854	37.7079	0.000166887	0.000741964	2
-32.3103	38.6435	0.000226254	0.00076515	2
-32.4322	39.5788	0.000287664	0.00078847	2
-32.5511	40.5137	0.000351059	0.000811918	2
-32.6671	41.4482	0.000416381	0.000835492	2
-32.7802	42.3824	0.000483571	0.000859187	2
-32.8903	43.3162	0.000552572	0.000882999	2
-32.9976	44.2497	0.000623324	0.000906924	2
-33.1021	45.1827	0.00069577	0.000930957	2
-33.2037	46.1153	0.000769851	0.000955096	2
-33.3025	47.0476	0.000845509	0.000979336	2
-33.3974	47.9687	0.00092179	0.00100339	2
-33.4907	48.9001	0.00100041	0.00102782	2
-33.5813	49.831	0.00108043	0.00105234	2
-33.6691	50.7615	0.0011618	0.00107694	2
-33.7543	51.6916	0.00124445	0.00110162	2
-33.8368	52.6212	0.00132833	0.00112638	2
-33.9166	53.5504	0.00141338	0.00115121	2
-33.9938	54.4791	0.00149954	0.00117611	2
-34.0685	55.4073	0.00158676	0.00120107	2
-34.1405	56.335	0.00167497	0.0012261	2
-34.21	57.2622	0.00176411	0.00125118	2
-34.277	58.1889	0.00185413	0.00127631	2
-34.3414	59.1151	0.00194497	0.00130149	2
-34.4034	60.0408	0.00203657	0.00132672	2
-34.463	60.9659	0.00212888	0.00135199	2
-34.52	61.8905	0.00222182	0.00137729	2
-34.5747	62.8146	0.00231536	0.00140262	2
-34.627	63.7381	0.00240942	0.00142798	2
-34.6769	64.6611	0.00250395	0.00145337	2
-34.7245	65.5834	0.00259889	0.00147877	2
-34.7697	66.5053	0.00269419	0.0015042	2
-34.8127	67.4265	0.00278978	0.00152963	2
-34.8534	68.3471	0.0028856	0.00155507	2
-34.8918	69.2671	0.0029816	0.00158051	2
-34.9276	70.176	0.00307662	0.00160567	2
-34.9617	71.0948	0.0031728	0.00163111	2
-34.9935	72.013	0.00326899	0.00165654	2
-35.0232	72.9306	0.00336512	0.00168196	2
-35.0507	73.8475	0.00346114	0.00170736	2
-35.0762	74.7638	0.00355698	0.00173274	2
-35.0995	75.6794	0.0036526	0.0017581	2
-35.1208	76.5943	0.00374793	0.00178343	2
-35.1401	77.5086	0.00384291	0.00180872	2
-35.1573	78.4222	0.00393749	0.00183398	2
-35.1725	79.3351	0.0040316	0.0018592	2
-35.1858	80.2473	0.00412519	0.00188437	2
-35.1971	81.1588	0.0042182	0.0019095	2
-35.2065	82.0696	0.00431057	0.00193457	2
-35.2139	82.9797	0.00440225	0.00195958	2
-35.2195	83.889	0.00449317	0.00198453	2
-35.2233	84.7977	0.00458328	0.00200942	2
-35.2252	85.7055	0.00467252	0.00203424	2
-35.2253	86.6126	0.00476082	0.00205899	2
-35.2236	87.519	0.00484814	0.00208365	2
-35.2201	88.4246	0.00493442	0.00210824	2
-35.2149	89.3294	0.00501958	0.00213274	2
-35.208	90.2334	0.00510359	0.00215715	2
-35.1995	91.1263	0.00518543	0.00218119	2
-35.1892	92.0287	0.00526694	0.00220542	2
-35.1773	92.9303	0.00534712	0.00222954	2
-35.1638	93.8312	0.00542591	0.00225355	2

25.0002	2.01286	-3.97135e-07	1.69565e-07	2
25.033	3.10827	-3.33081e-05	1.37828e-05	2
25.0931	4.19525	-6.41298e-05	2.56263e-05	2
25.18	5.26117	-9.25067e-05	3.55638e-05	2
25.2918	6.29438	-0.000118196	4.35464e-05	2
25.4307	7.31916	-0.000141835	4.97925e-05	2
25.5953	8.32362	-0.000163155	5.4232e-05	2
25.785	9.308	-0.000182196	5.6898e-05	2
25.9996	10.2725	-0.000199	5.78239e-05	2
26.2387	11.2175	-0.00021361	5.70428e-05	2
26.5018	12.1431	-0.000226066	5.45879e-05	2
26.7885	13.0497	-0.000236411	5.04926e-05	2
27.0986	13.9373	-0.000244687	4.47901e-05	2
27.4315	14.8064	-0.000250934	3.75136e-05	2
27.787	15.6571	-0.000255195	2.86963e-05	2
28.1646	16.4897	-0.000257512	1.83715e-05	2
28.564	17.3044	-0.000257926	6.5725e-06	2
28.9847	18.1015	-0.000256478	-6.66756e-06	2
29.4263	18.8813	-0.000253212	-2.13154e-05	2
29.8886	19.6439	-0.000248167	-3.73378e-05	2
30.371	20.3896	-0.000241387	-5.47015e-05	2
30.8733	21.1186	-0.000232913	-7.33732e-05	2
31.395	21.8313	-0.000222786	-9.33198e-05	2
31.9357	22.5278	-0.000211049	-0.000114508	2
32.4951	23.2084	-0.000197742	-0.000136904	2
33.0727	23.8733	-0.000182909	-0.000160476	2
33.6613	24.5155	-0.000166785	-0.000184899	2
34.2741	25.15	-0.000149039	-0.000210709	2
34.9041	25.7696	-0.000129889	-0.000237594	2
35.5507	26.3745	-0.000109379	-0.000265522	2
36.2137	26.965	-8.75498e-05	-0.000294459	2
36.8927	27.5412	-6.44431e-05	-0.000324372	2
37.5872	28.1036	-4.01007e-05	-0.000355227	2
38.2969	28.6522	-1.45645e-05	-0.000386993	2
39.0214	29.1874	1.21241e-05	-0.000419635	2
39.7603	29.7093	3.99231e-05	-0.000453119	2
40.5132	30.2183	6.87908e-05	-0.000487414	2
41.2798	30.7146	9.86856e-05	-0.000522485	2
42.0596	31.1984	0.000129566	-0.0005583	2
42.8523	31.6699	0.00016139	-0.000594824	2
43.6574	32.1295	0.000194115	-0.000632026	2
44.4747	32.5774	0.000227701	-0.000669871	2
45.3036	33.0137	0.000262105	-0.000708326	2
46.1439	33.4388	0.000297286	-0.000747359	2
46.9951	33.8529	0.000333202	-0.000786935	2
47.8568	34.2562	0.000369811	-0.000827023	2
48.7288	34.649	0.000407071	-0.000867587	2
49.6105	35.0315	0.000444942	-0.000908596	2
50.5015	35.4041	0.00048338	-0.000950016	2
51.3912	35.7627	0.000521894	-0.00099133	2
52.2998	36.116	0.000561338	-0.00103347	2
53.2166	36.46	0.000601225	-0.00107592	2
54.1413	36.795	0.000641515	-0.00111865	2
55.0735	37.1212	0.000682163	-0.00116162	2
56.0127	37.4388	0.000723131	-0.0012048	2
56.9586	37.7481	0.000764374	-0.00124817	2
57.9108	38.0494	0.000805853	-0.00129168	2
58.8689	38.3428	0.000847524	-0.0013353	2
59.8326	38.6287	0.000889347	-0.001379	2
60.8014	38.9072	0.000931279	-0.00142274	2
61.775	39.1786	0.000973279	-0.0014665	2
62.7529	39.4432	0.0010153	-0.00151024	2
63.7348	39.7012	0.00105732	-0.00155392	2
64.7204	39.9529	0.00109927	-0.00159752	2
65.7091	40.1985	0.00114112	-0.00164099	2
66.7007	40.4382	0.00118284	-0.00168431	2
67.6947	40.6723	0.00122437	-0.00172745	2
68.6907	40.901	0.00126567	-0.00177036	2
69.6885	41.1246	0.00130671	-0.00181302	2
70.6875	41.3433	0.00134745	-0.0018554	2
71.6874	41.5574	0.00138783	-0.00189745	2
72.6878	41.7672	0.00142782	-0.00193915	2
73.6884	41.9727	0.00146738	-0.00198047	2
74.6772	42.1721	0.00150602	-0.00202089	2
75.6768	42.3702	0.0015446	-0.00206134	2
76.6754	42.5649	0.00158261	-0.0021013	2
77.6727	42.7564	0.00162003	-0.00214074	2
78.6681	42.9449	0.00165681	-0.00217963	2
79.6613	43.1309	0.0016929	-0.00221794	2
80.6519	43.3143	0.00172827	-0.00225562	2
81.6396	43.4956	0.00176288	-0.00229266	2
82.6239	43.675	0.00179667	-0.00232901	2
83.6045	43.8527	0.00182962	-0.00236464	2
84.581	44.0289	0.00186167	-0.00239951	2
85.553	44.204	0.00189279	-0.00243361	2
86.5201	44.3781	0.00192294	-0.00246688	2
87.4819	44.5514	0.00195207	-0.0024993	2
88.438	44.7243	0.00198014	-0.00253084	2
89.3881	44.897	0.00200711	-0.00256146	2
90.3318	45.0697	0.00203294	-0.00259113	2
91.2686	45.2427	0.00205759	-0.00261982	2
92.1982	45.4162	0.00208101	-0.00264748	2
93.1202	45.5905	0.00210317	-0.0026741	2
94.0343	45.7658	0.00212401	-0.00269963	2
94.94	45.9423	0.00214351	-0.00272405	2
95.8369	46.1203	0.00216161	-0.00274731	2
96.7146	46.298	0.0021781	-0.00276915	2
97.5929	46.4798	0.00219331	-0.00279002	2
98.4614	46.6637	0.002207	-0.00280965	2
99.3196	46.8502	0.00221914	-0.00282799	2

74.9934	2.01214	-5.94812e-07	2.14271e-07	2
74.4429	3.05187	-5.1038e-05	1.83335e-05	2
73.9193	4.09503	-0.000100649	3.60477e-05	2
73.4289	5.12949	-0.000148849	5.31488e-05	2
72.9764	6.1435	-0.000195123	6.94569e-05	2
72.5509	7.16066	-0.000240565	8.53571e-05	2
72.1573	8.16913	-0.000284643	0.000100663	2
71.7954	9.1689	-0.000327374	0.000115379	2
71.4648	10.16	-0.000368774	0.000129514	2
71.165	11.1424	-0.000408858	0.000143072	2
70.8957	12.1161	-0.000447644	0.00015606	2
70.6565	13.0812	-0.000485147	0.000168483	2
70.4469	14.0376	-0.000521382	0.000180349	2
70.2667	14.9853	-0.000556367	0.000191663	2
70.1155	15.9244	-0.000590116	0.000202432	2
69.9928	16.8548	-0.000622647	0.000212661	2
69.8982	17.7766	-0.000653975	0.000222356	2
69.8314	18.6897	-0.000684116	0.000231524	2
69.7921	19.5942	-0.000713086	0.000240171	2
69.7797	20.49	-0.000740901	0.000248304	2
69.7939	21.3772	-0.000767577	0.000255927	2
69.8344	22.2558	-0.000793131	0.000263047	2
69.9007	23.1258	-0.000817577	0.000269672	2
69.9925	23.9871	-0.000840933	0.000275805	2
70.1093	24.8398	-0.000863215	0.000281454	2
70.2509	25.6839	-0.000884437	0.000286626	2
70.4146	26.5098	-0.000904391	0.000291274	2
70.6041	27.3368	-0.000923556	0.000295512	2
70.8171	28.1552	-0.000941711	0.000299291	2
71.0533	28.965	-0.00095887	0.000302616	2
71.3122	29.7661	-0.000975051	0.000305494	2
71.5935	30.5587	-0.000990269	0.00030793	2
71.8968	31.3428	-0.00100454	0.000309931	2
72.2217	32.1182	-0.00101788	0.000311503	2
72.5678	32.885	-0.00103031	0.000312652	2
72.9348	33.6433	-0.00104184	0.000313384	2
73.3221	34.393	-0.00105248	0.000313705	2
73.7296	35.1342	-0.00106226	0.000313622	2
74.1567	35.8668	-0.00107119	0.00031314	2
74.6031	36.5908	-0.00107928	0.000312266	2
75.0684	37.3063	-0.00108656	0.000311006	2
75.5523	38.0132	-0.00109303	0.000309366	2
76.0542	38.7116	-0.00109872	0.000307351	2
76.5739	39.4015	-0.00110363	0.00030497	2
77.111	40.0828	-0.00110779	0.000302226	2
77.665	40.7556	-0.00111122	0.000299127	2
78.2356	41.4198	-0.00111392	0.000295679	2
78.8225	42.0755	-0.00111591	0.000291887	2
79.4251	42.7228	-0.00111722	0.000287759	2
80.036	43.3542	-0.00111785	0.000283353	2
80.6689	43.9845	-0.00111783	0.000278572	2
81.3165	44.6062	-0.00111716	0.000273473	2
81.9784	45.2195	-0.00111587	0.000268061	2
82.6541	45.8243	-0.00111398	0.000262342	2
83.3434	46.4206	-0.00111148	0.000256324	2
84.0458	47.0084	-0.00110841	0.000250011	2
84.7609	47.5877	-0.00110478	0.00024341	2
85.4883	48.1585	-0.0011006	0.000236527	2
86.2277	48.7209	-0.00109589	0.000229369	2
86.9787	49.2748	-0.00109066	0.000221941	2
87.7409	49.8202	-0.00108494	0.000214249	2
88.5138	50.3571	-0.00107874	0.0002063	2
89.2972	50.8856	-0.00107207	0.0001981	2
90.0906	51.4056	-0.00106495	0.000189655	2
90.8937	51.9172	-0.00105739	0.00018097	2
91.706	52.4203	-0.00104942	0.000172053	2
92.5272	52.915	-0.00104105	0.00016291	2
93.3568	53.4013	-0.00103229	0.000153545	2
94.1946	53.8791	-0.00102316	0.000143967	2
95.0401	54.3485	-0.00101368	0.00013418	2
95.8929	54.8094	-0.00100385	0.000124191	2
96.7526	55.2619	-0.000993712	0.000114006	2
97.6189	55.706	-0.000983263	0.000103631	2
98.4813	56.1368	-0.00097265	9.31951e-05	2
99.3595	56.5642	-0.000961641	8.2461e-05	2
100.243	56.9831	-0.000950374	7.15554e-05	2
101.132	57.3937	-0.000938866	6.04844e-05	2
102.025	57.7959	-0.000927132	4.92542e-05	2
102.922	58.1896	-0.000915188	3.78709e-05	2
103.824	58.575	-0.00090305	2.63407e-05	2
104.728	58.952	-0.000890734	1.46696e-05	2
105.636	59.3206	-0.000878257	2.8639e-06	2
106.547	59.6809	-0.000865634	-9.07039e-06	2
107.46	60.0327	-0.000852882	-2.11271e-05	2
108.375	60.3762	-0.000840016	-3.33e-05	2
109.291	60.7114	-0.000827053	-4.55831e-05	2
110.209	61.0381	-0.000814008	-5.79702e-05	2
111.127	61.3565	-0.000800897	-7.04551e-05	2
112.045	61.6666	-0.000787737	-8.30318e-05	2
112.964	61.9683	-0.000774544	-9.56941e-05	2
113.882	62.2617	-0.000761333	-0.000108436	2
114.8	62.5467	-0.000748121	-0.000121251	2
115.716	62.8234	-0.000734923	-0.000134133	2
116.631	63.0917	-0.000721757	-0.000147076	2
117.544	63.3518	-0.000708636	-0.000160074	2
118.454	63.6035	-0.000695579	-0.000173121	2
119.352	63.8441	-0.000682749	-0.00018606	2
120.257	64.0793	-0.000669864	-0.000199186	2
121.158	64.3061	-0.00065709	-0.000212342	2
122.055	64.5246	-0.000644442	-0.000225522	2

124.997	2.00995	1.1233e-09	-1.07754e-07	2
124.736	2.87006	-8.38595e-07	-9.42404e-06	2
124.468	3.74829	-3.54716e-06	-1.89422e-05	2
124.195	4.63437	-8.08881e-06	-2.85455e-05	2
123.922	5.5177	-1.43437e-05	-3.81133e-05	2
123.642	6.41853	-2.24209e-05	-4.78592e-05	2
123.359	7.32632	-3.22209e-05	-5.76635e-05	2
123.073	8.24078	-4.37069e-05	-6.7517e-05	2
122.784	9.16161	-5.68419e-05	-7.74109e-05	2
122.493	10.0885	-7.15892e-05	-8.73361e-05	2
122.201	11.0212	-8.79117e-05	-9.72838e-05	2
121.907	11.9593	-0.000105773	-0.000107245	2
121.612	12.9027	-0.000125135	-0.00011721	2
121.316	13.8509	-0.000145962	-0.000127171	2
121.02	14.8037	-0.000168217	-0.000137118	2
120.724	15.7607	-0.000191863	-0.000147043	2
120.429	16.7218	-0.000216863	-0.000156936	2
120.134	17.6865	-0.00024318	-0.000166789	2
119.841	18.6546	-0.000270777	-0.000176593	2
119.549	19.6258	-0.000299618	-0.000186337	2
119.258	20.5998	-0.000329665	-0.000196015	2
118.971	21.5762	-0.000360882	-0.000205616	2
118.685	22.5549	-0.000393231	-0.000215131	2
118.403	23.5354	-0.000426676	-0.000224553	2
118.124	24.5176	-0.00046118	-0.00023387	2
117.848	25.501	-0.000496706	-0.000243076	2
117.58	26.4741	-0.000532793	-0.000252056	2
117.313	27.4593	-0.000570241	-0.000261012	2
117.051	28.4448	-0.000608602	-0.000269828	2
116.793	29.4304	-0.000647838	-0.000278496	2
116.542	30.4158	-0.000687911	-0.000287007	2
116.296	31.4008	-0.000728786	-0.000295352	2
116.056	32.3849	-0.000770425	-0.000303522	2
115.823	33.368	-0.000812792	-0.000311507	2
115.597	34.3496	-0.000855849	-0.0003193	2
115.379	35.3296	-0.000899559	-0.00032689	2
115.167	36.3076	-0.000943887	-0.00033427	2
114.964	37.2833	-0.000988794	-0.000341429	2
114.77	38.2564	-0.00103424	-0.00034836	2
114.584	39.2266	-0.0010802	-0.000355052	2
114.407	40.1937	-0.00112663	-0.000361497	2
114.24	41.1572	-0.00117348	-0.000367687	2
114.082	42.117	-0.00122074	-0.000373612	2
113.935	43.0727	-0.00126835	-0.000379262	2
113.798	44.0241	-0.00131628	-0.00038463	2
113.672	44.9707	-0.0013645	-0.000389706	2
113.558	45.9124	-0.00141297	-0.000394481	2
113.455	46.8488	-0.00146164	-0.000398947	2
113.364	47.7797	-0.00151049	-0.000403093	2
113.287	48.694	-0.00155892	-0.00040687	2
113.221	49.6129	-0.00160801	-0.000410356	2
113.168	50.5253	-0.00165716	-0.000413496	2
113.129	51.431	-0.00170634	-0.000416281	2
113.103	52.3296	-0.00175551	-0.000418703	2
113.092	53.2208	-0.00180463	-0.000420753	2
113.095	54.1044	-0.00185367	-0.00042242	2
113.113	54.98	-0.00190258	-0.000423697	2
113.147	55.8473	-0.00195134	-0.000424575	2
113.196	56.7061	-0.00199991	-0.000425044	2
113.261	57.5561	-0.00204824	-0.000425096	2
113.343	58.3969	-0.00209631	-0.000424721	2
113.441	59.2283	-0.00214407	-0.000423911	2
113.556	60.0499	-0.00219149	-0.000422656	2
113.689	60.8614	-0.00223853	-0.000420948	2
113.839	61.6626	-0.00228516	-0.000418777	2
114.008	62.4532	-0.00233133	-0.000416135	2
114.195	63.2328	-0.00237702	-0.000413013	2
114.402	64.0012	-0.00242218	-0.000409401	2
114.627	64.7581	-0.00246677	-0.000405291	2
114.872	65.5031	-0.00251076	-0.000400674	2
115.137	66.2359	-0.00255412	-0.00039554	2
115.423	66.9564	-0.0025968	-0.000389881	2
115.729	67.6641	-0.00263878	-0.000383688	2
116.052	68.3508	-0.00267953	-0.000377032	2
116.401	69.0323	-0.00271998	-0.00036975	2
116.771	69.7002	-0.00275961	-0.000361906	2
117.163	70.3541	-0.00279838	-0.000353493	2
117.578	70.9938	-0.00283626	-0.0003445	2
118.016	71.619	-0.00287321	-0.00033492	2
118.477	72.2294	-0.00290918	-0.000324742	2
118.962	72.8247	-0.00294415	-0.000313958	2
119.471	73.4045	-0.00297808	-0.00030256	2
120.004	73.9686	-0.00301093	-0.000290537	2
120.562	74.5167	-0.00304267	-0.000277882	2
121.144	75.0485	-0.00307325	-0.000264584	2
121.753	75.5637	-0.00310264	-0.000250636	2
122.387	76.0619	-0.0031308	-0.000236028	2
123.047	76.543	-0.00315771	-0.000220751	2
123.734	77.0065	-0.00318331	-0.000204796	2
124.447	77.4523	-0.00320757	-0.000188154	2
125.188	77.8799	-0.00323046	-0.000170816	2
125.956	78.2891	-0.00325194	-0.000152774	2
126.753	78.6796	-0.00327197	-0.000134017	2
127.578	79.0512	-0.00329051	-0.000114538	2
128.431	79.4034	-0.00330754	-9.43276e-05	2
129.314	79.736	-0.003323	-7.33761e-05	2
130.215	80.0452	-0.00333672	-5.19286e-05	2
131.156	80.338	-0.00334898	-2.94775e-05	2
132.128	80.6103	-0.00335956	-6.25883e-06	2
133.13	80.8618	-0.00336844	1.77364e-05	2

