-125.003	2.01185	-5.37128e-07	3.34118e-07	2
-125.248	3.02107	-4.61798e-05	2.83531e-05	2
-125.519	4.02291	-9.12614e-05	5.52729e-05	2
-125.813	5.00585	-0.000135268	8.07796e-05	2
-126.125	5.95923	-0.000177735	0.000104624	2
-126.461	6.90554	-0.000219673	0.000127382	2
-126.819	7.83392	-0.000260605	0.000148788	2
-127.197	8.74468	-0.000300554	0.000168862	2
-127.596	9.63816	-0.000339544	0.000187625	2
-128.014	10.5147	-0.000377597	0.000205097	2
-128.452	11.3746	-0.000414737	0.000221299	2
-128.908	12.2181	-0.000450986	0.000236251	2
-129.383	13.0457	-0.000486369	0.000249974	2
-129.876	13.8576	-0.000520908	0.000262487	2
-130.387	14.6541	-0.000554626	0.000273812	2
-130.914	15.4357	-0.000587546	0.000283968	2
-131.459	16.2025	-0.000619692	0.000292977	2
-132.02	16.955	-0.000651087	0.000300858	2
-132.596	17.6934	-0.000681753	0.000307632	2
-133.188	18.4181	-0.000711715	0.00031332	2
-133.795	19.1294	-0.000740994	0.000317941	2
-134.416	19.8276	-0.000769615	0.000321517	2
-135.052	20.5131	-0.0007976	0.000324067	2
-135.701	21.1861	-0.000824973	0.000325612	2
-136.364	21.847	-0.000851756	0.000326173	2
-137.039	22.4962	-0.000877973	0.00032577	2
-137.718	23.1266	-0.000903354	0.000324443	2
-138.418	23.7533	-0.000928514	0.000322183	2
-139.129	24.3691	-0.000953176	0.00031902	2
-139.851	24.9745	-0.000977365	0.000314974	2
-140.583	25.5697	-0.0010011	0.000310066	2
-141.326	26.1551	-0.00102441	0.000304316	2
-142.078	26.731	-0.00104732	0.000297744	2
-142.84	27.2976	-0.00106984	0.000290372	2
-143.611	27.8554	-0.00109201	0.000282219	2
-144.39	28.4047	-0.00111384	0.000273305	2
-145.177	28.9457	-0.00113536	0.000263652	2
-145.971	29.4788	-0.00115659	0.000253279	2
-146.773	30.0044	-0.00117755	0.000242207	2
-147.582	30.5227	-0.00119827	0.000230457	2
-148.396	31.034	-0.00121878	0.000218048	2
-149.217	31.5388	-0.00123908	0.000205002	2
-150.043	32.0373	-0.00125921	0.000191338	2
-150.874	32.5298	-0.0012792	0.000177077	2
-151.709	33.0167	-0.00129905	0.00016224	2
-152.548	33.4983	-0.00131881	0.000146847	2
-153.392	33.9749	-0.00133848	0.000130918	2
-154.238	34.4469	-0.00135809	0.000114474	2
-155.087	34.9145	-0.00137767	9.75345e-05	2
-155.929	35.3728	-0.00139701	8.03236e-05	2
-156.782	35.8328	-0.00141659	6.2461e-05	2
-157.637	36.2893	-0.00143621	4.41645e-05	2
-158.493	36.7429	-0.00145588	2.54545e-05	2
-159.349	37.1937	-0.00147563	6.35144e-06	2
-160.206	37.6421	-0.00149549	-1.31242e-05	2
-161.062	38.0885	-0.00151548	-3.29521e-05	2
-161.918	38.5331	-0.00153561	-5.31119e-05	2
-162.772	38.9763	-0.00155592	-7.3583e-05	2
-163.625	39.4184	-0.00157643	-9.43451e-05	2
-164.476	39.8597	-0.00159716	-0.000115378	2
-165.325	40.3005	-0.00161813	-0.000136661	2
-166.17	40.7413	-0.00163936	-0.000158173	2
-167.012	41.1822	-0.00166089	-0.000179895	2
-167.851	41.6236	-0.00168272	-0.000201806	2
-168.685	42.0659	-0.0017049	-0.000223886	2
-169.515	42.5094	-0.00172743	-0.000246113	2
-170.339	42.9543	-0.00175034	-0.000268468	2
-171.159	43.4011	-0.00177366	-0.000290931	2
-171.972	43.8499	-0.0017974	-0.00031348	2
-172.779	44.3013	-0.0018216	-0.000336096	2
-173.579	44.7554	-0.00184627	-0.000358758	2
-174.371	45.2127	-0.00187144	-0.000381446	2
-175.157	45.6734	-0.00189713	-0.000404138	2
-175.925	46.1325	-0.00192306	-0.000426555	2
-176.693	46.6009	-0.00194986	-0.000449198	2
-177.453	47.0738	-0.00197724	-0.000471784	2
-178.203	47.5514	-0.00200524	-0.000494295	2
-178.943	48.0341	-0.00203387	-0.000516709	2
-179.673	48.5221	-0.00206317	-0.000539006	2
-180.393	49.0158	-0.00209314	-0.000561165	2
-181.101	49.5156	-0.00212382	-0.000583167	2
-181.797	50.0216	-0.00215523	-0.00060499	2
-182.482	50.5344	-0.00218739	-0.000626615	2
-183.154	51.0542	-0.00222033	-0.00064802	2
-183.813	51.5812	-0.00225406	-0.000669186	2
-184.459	52.1159	-0.00228862	-0.000690092	2
-185.091	52.6586	-0.00232402	-0.000710718	2
-185.709	53.2096	-0.00236028	-0.000731043	2
-186.312	53.7691	-0.00239744	-0.000751047	2
-186.9	54.3376	-0.00243551	-0.00077071	2
-187.473	54.9154	-0.00247452	-0.00079001	2
-188.029	55.5028	-0.00251449	-0.000808928	2
-188.57	56.1	-0.00255544	-0.000827443	2
-189.093	56.7075	-0.0025974	-0.000845535	2
-189.6	57.3256	-0.00264038	-0.000863184	2
-190.088	57.9545	-0.00268442	-0.000880368	2
-190.553	58.5872	-0.00272902	-0.000896879	2
-191.005	59.2387	-0.00277522	-0.00091308	2
-191.438	59.9021	-0.00282254	-0.000928756	2
-191.852	60.5776	-0.00287101	-0.000943886	2

-75.0019	2.01071	-6.7009e-07	-1.86645e-08	2
-75.1633	2.93152	-5.60042e-05	-1.10234e-06	2
-75.3297	3.862	-0.000107411	-1.16091e-06	2
-75.4989	4.79144	-0.000154287	-1.92712e-07	2
-75.6691	5.70918	-0.000196233	1.75681e-06	2
-75.844	6.63658	-0.000234292	4.71615e-06	2
-76.0216	7.56297	-0.000268014	8.65138e-06	2
-76.2018	8.48835	-0.000297465	1.35455e-05	2
-76.3846	9.41273	-0.000322711	1.93814e-05	2
-76.57	10.3361	-0.000343816	2.61422e-05	2
-76.7577	11.2585	-0.000360848	3.38108e-05	2
-76.9478	12.18	-0.000373869	4.23702e-05	2
-77.1402	13.1004	-0.000382947	5.18033e-05	2
-77.3348	14.0199	-0.000388147	6.20932e-05	2
-77.5316	14.9385	-0.000389534	7.32228e-05	2
-77.7303	15.8561	-0.000387173	8.51751e-05	2
-77.9311	16.7728	-0.00038113	9.79331e-05	2
-78.1338	17.6885	-0.00037147	0.00011148	2
-78.3384	18.6034	-0.000358259	0.000125798	2
-78.5447	19.5173	-0.000341562	0.000140871	2
-78.7527	20.4303	-0.000321444	0.000156681	2
-78.9623	21.3424	-0.000297972	0.000173213	2
-79.1735	22.2536	-0.000271209	0.000190447	2
-79.3862	23.164	-0.000241222	0.000208368	2
-79.6002	24.0734	-0.000208077	0.000226959	2
-79.8156	24.982	-0.000171837	0.000246202	2
-80.0298	25.8794	-0.000133038	0.000265849	2
-80.2476	26.7863	-9.08422e-05	0.000286339	2
-80.4666	27.6923	-4.57479e-05	0.000307431	2
-80.6865	28.5975	2.17901e-06	0.000329107	2
-80.9075	29.5019	5.28731e-05	0.000351351	2
-81.1294	30.4055	0.000106269	0.000374145	2
-81.352	31.3083	0.000162301	0.000397473	2
-81.5754	32.2103	0.000220904	0.000421318	2
-81.7995	33.1114	0.000282013	0.000445662	2
-82.0242	34.0118	0.000345562	0.000470488	2
-82.2495	34.9114	0.000411486	0.00049578	2
-82.4752	35.8102	0.000479719	0.000521521	2
-82.7012	36.7083	0.000550196	0.000547693	2
-82.9276	37.6056	0.000622851	0.000574279	2
-83.1542	38.5021	0.00069762	0.000601262	2
-83.381	39.398	0.000774436	0.000628626	2
-83.6079	40.293	0.000853235	0.000656354	2
-83.8348	41.1874	0.000933951	0.000684427	2
-84.0617	42.081	0.00101652	0.00071283	2
-84.2884	42.974	0.00110087	0.000741545	2
-84.5149	43.8662	0.00118694	0.000770556	2
-84.7412	44.7577	0.00127467	0.000799844	2
-84.9671	45.6485	0.00136399	0.000829394	2
-85.19	46.5285	0.00145378	0.000858844	2
-85.415	47.418	0.00154607	0.000888863	2
-85.6394	48.3068	0.00163975	0.000919092	2
-85.8632	49.195	0.00173476	0.000949514	2
-86.0863	50.0825	0.00183103	0.000980113	2
-86.3086	50.9694	0.0019285	0.00101087	2
-86.5301	51.8556	0.00202711	0.00104177	2
-86.7506	52.7413	0.00212678	0.0010728	2
-86.9701	53.6263	0.00222745	0.00110393	2
-87.1886	54.5107	0.00232906	0.00113515	2
-87.4059	55.3945	0.00243154	0.00116645	2
-87.622	56.2777	0.00253483	0.00119781	2
-87.8367	57.1603	0.00263885	0.00122921	2
-88.0502	58.0424	0.00274355	0.00126063	2
-88.2622	58.9238	0.00284886	0.00129205	2
-88.4726	59.8047	0.00295472	0.00132346	2
-88.6815	60.6851	0.00306105	0.00135485	2
-88.8888	61.5649	0.0031678	0.00138619	2
-89.0943	62.4442	0.00327489	0.00141747	2
-89.298	63.3229	0.00338227	0.00144867	2
-89.4998	64.2011	0.00348986	0.00147978	2
-89.6996	65.0788	0.00359761	0.00151077	2
-89.8975	65.956	0.00370544	0.00154163	2
-90.0933	66.8327	0.00381329	0.00157234	2
-90.2846	67.6988	0.00391986	0.00160254	2
-90.476	68.5745	0.00402756	0.00163292	2
-90.665	69.4497	0.00413509	0.00166309	2
-90.8517	70.3245	0.00424237	0.00169305	2
-91.0359	71.1988	0.00434935	0.00172277	2
-91.2176	72.0727	0.00445596	0.00175225	2
-91.3967	72.9461	0.00456213	0.00178146	2
-91.5731	73.819	0.0046678	0.00181039	2
-91.7467	74.6916	0.00477291	0.00183902	2
-91.9175	75.5637	0.00487738	0.00186733	2
-92.0854	76.4354	0.00498115	0.00189531	2
-92.2504	77.3067	0.00508416	0.00192293	2
-92.4123	78.1776	0.00518634	0.00195019	2
-92.5711	79.0481	0.00528763	0.00197706	2
-92.7267	79.9182	0.00538795	0.00200353	2
-92.879	80.7879	0.00548725	0.00202958	2
-93.028	81.6573	0.00558546	0.0020552	2
-93.1736	82.5263	0.00568252	0.00208036	2
-93.3157	83.395	0.00577835	0.00210505	2
-93.4543	84.2633	0.0058729	0.00212925	2
-93.5892	85.1312	0.0059661	0.00215295	2
-93.7205	85.9989	0.00605788	0.00217613	2
-93.8479	86.8662	0.00614817	0.00219877	2
-93.9701	87.7233	0.00623591	0.0022206	2
-94.0899	88.59	0.00632306	0.00224212	2
-94.2056	89.4564	0.00640853	0.00226305	2
-94.3173	90.3225	0.00649226	0.00228337	2

-24.9993	2.01265	-1.42512e-07	1.02866e-07	2
-24.9317	3.09129	-1.11193e-05	7.81997e-06	2
-24.8402	4.16454	-1.96803e-05	1.33781e-05	2
-24.7258	5.21996	-2.57279e-05	1.67092e-05	2
-24.5906	6.24591	-2.928e-05	1.78474e-05	2
-24.4316	7.26644	-3.04638e-05	1.68537e-05	2
-24.2507	8.2697	-2.9269e-05	1.3737e-05	2
-24.0483	9.25589	-2.57407e-05	8.53243e-06	2
-23.8245	10.2252	-1.99238e-05	1.27464e-06	2
-23.5797	11.1778	-1.18635e-05	-8.00147e-06	2
-23.3143	12.114	-1.60488e-06	-1.92611e-05	2
-23.0286	13.0338	1.08071e-05	-3.24693e-05	2
-22.7228	13.9375	2.53272e-05	-4.75912e-05	2
-22.3974	14.8253	4.19106e-05	-6.45922e-05	2
-22.0525	15.6974	6.0512e-05	-8.34372e-05	2
-21.6886	16.554	8.10865e-05	-0.000104091	2
-21.3059	17.3952	0.000103589	-0.00012652	2
-20.9048	18.2212	0.000127974	-0.000150688	2
-20.4856	19.0324	0.000154197	-0.000176561	2
-20.0486	19.8287	0.000182213	-0.000204104	2
-19.5942	20.6105	0.000211977	-0.000233281	2
-19.1226	21.3779	0.000243443	-0.000264059	2
-18.6341	22.1311	0.000276567	-0.000296402	2
-18.1291	22.8703	0.000311304	-0.000330276	2
-17.608	23.5957	0.000347607	-0.000365645	2
-17.0709	24.3074	0.000385433	-0.000402475	2
-16.5247	24.9979	0.000424277	-0.000440283	2
-15.957	25.6832	0.000464996	-0.000479914	2
-15.3744	26.3554	0.000507104	-0.000520902	2
-14.7772	27.0148	0.000550553	-0.000563212	2
-14.1657	27.6616	0.000595301	-0.000606808	2
-13.5402	28.2959	0.000641301	-0.000651657	2
-12.901	28.9179	0.000688508	-0.000697723	2
-12.2485	29.5279	0.000736878	-0.000744971	2
-11.583	30.1259	0.000786365	-0.000793366	2
-10.9048	30.7123	0.000836924	-0.000842875	2
-10.2142	31.2872	0.00088851	-0.000893461	2
-9.5115	31.8507	0.000941079	-0.00094509	2
-8.79709	32.4032	0.000994584	-0.000997728	2
-8.07125	32.9447	0.00104898	-0.00105134	2
-7.3343	33.4755	0.00110423	-0.00110589	2
-6.58656	33.9957	0.00116027	-0.00116134	2
-5.82835	34.5056	0.00121708	-0.00121766	2
-5.05998	35.0054	0.00127459	-0.00127482	2
-4.28177	35.4952	0.00133277	-0.00133277	2
-3.49405	35.9752	0.00139157	-0.00139149	2
-2.69712	36.4456	0.00145095	-0.00145094	2
-1.89132	36.9067	0.00151086	-0.00151108	2
-1.07695	37.3585	0.00157126	-0.00157188	2
-0.263834	37.7963	0.0016314	-0.0016326	2
0.566617	38.2305	0.00169263	-0.00169461	2
1.40468	38.656	0.00175421	-0.00175718	2
2.25004	39.0731	0.0018161	-0.00182026	2
3.10237	39.4819	0.00187825	-0.00188384	2
3.96135	39.8827	0.00194062	-0.00194786	2
4.82668	40.2757	0.00200315	-0.0020123	2
5.69803	40.661	0.00206582	-0.00207712	2
6.57507	41.0388	0.00212857	-0.00214229	2
7.45751	41.4094	0.00219135	-0.00220777	2
8.345	41.7728	0.00225412	-0.00227352	2
9.23724	42.1294	0.00231684	-0.00233952	2
10.1339	42.4793	0.00237946	-0.00240572	2
11.0347	42.8226	0.00244194	-0.0024721	2
11.9393	43.1597	0.00250422	-0.00253861	2
12.8473	43.4906	0.00256628	-0.00260523	2
13.7585	43.8156	0.00262805	-0.00267191	2
14.6726	44.1349	0.0026895	-0.00273863	2
15.5891	44.4486	0.00275058	-0.00280535	2
16.5079	44.7569	0.00281125	-0.00287203	2
17.4285	45.0601	0.00287145	-0.00293863	2
18.3507	45.3583	0.00293115	-0.00300513	2
19.2741	45.6518	0.00299031	-0.00307149	2
20.1985	45.9406	0.00304886	-0.00313767	2
21.1129	46.2219	0.00310612	-0.00320289	2
22.0381	46.5022	0.00316336	-0.00326861	2
22.9634	46.7785	0.00321987	-0.00333406	2
23.8883	47.0509	0.00327561	-0.00339919	2
24.8125	47.3198	0.00333053	-0.00346398	2
25.7358	47.5852	0.00338458	-0.00352837	2
26.6577	47.8474	0.00343772	-0.00359235	2
27.5781	48.1065	0.00348991	-0.00365588	2
28.4965	48.3627	0.0035411	-0.00371891	2
29.4126	48.6163	0.00359125	-0.00378142	2
30.3262	48.8674	0.0036403	-0.00384337	2
31.2369	49.1163	0.00368822	-0.00390472	2
32.1444	49.363	0.00373496	-0.00396545	2
33.0483	49.6079	0.00378047	-0.00402551	2
33.9485	49.851	0.00382472	-0.00408488	2
34.8444	50.0926	0.00386764	-0.00414351	2
35.7359	50.3329	0.00390921	-0.00420137	2
36.6225	50.5721	0.00394938	-0.00425843	2
37.5041	50.8103	0.00398809	-0.00431465	2
38.3802	51.0478	0.00402531	-0.00437	2
39.2506	51.2847	0.00406098	-0.00442445	2
40.1148	51.5213	0.00409507	-0.00447794	2
40.9727	51.7577	0.00412753	-0.00453047	2
41.8142	51.9914	0.00415797	-0.00458139	2
42.6584	52.228	0.00418706	-0.00463186	2
43.4953	52.465	0.00421438	-0.00468126	2
44.3245	52.7026	0.00423988	-0.00472953	2

24.9944	2.0119	-6.19135e-07	9.38567e-08	2
24.5242	3.03101	-5.30831e-05	8.09567e-06	2
24.0795	4.05395	-0.000104596	1.60477e-05	2
23.6657	5.06882	-0.000154558	2.38528e-05	2
23.2865	6.06409	-0.000202437	3.14203e-05	2
22.9329	7.06291	-0.000249364	3.89228e-05	2
22.6091	8.05366	-0.000294793	4.62682e-05	2
22.3146	9.03634	-0.00033874	5.34529e-05	2
22.0492	10.011	-0.000381223	6.04735e-05	2
21.8124	10.9775	-0.00042226	6.73267e-05	2
21.604	11.936	-0.000461869	7.4009e-05	2
21.4235	12.8864	-0.000500067	8.05171e-05	2
21.2706	13.8288	-0.000536872	8.68474e-05	2
21.145	14.7631	-0.000572302	9.29966e-05	2
21.0462	15.6893	-0.000606375	9.89612e-05	2
20.974	16.6075	-0.000639108	0.000104738	2
20.9279	17.5176	-0.000670518	0.000110323	2
20.9076	18.4197	-0.000700624	0.000115714	2
20.9128	19.3137	-0.000729444	0.000120906	2
20.9431	20.1997	-0.000756994	0.000125897	2
20.9981	21.0776	-0.000783293	0.000130683	2
21.0774	21.9474	-0.000808358	0.00013526	2
21.1808	22.8092	-0.000832208	0.000139626	2
21.3078	23.663	-0.000854859	0.000143776	2
21.4582	24.5087	-0.000876329	0.000147707	2
21.6314	25.3464	-0.000896637	0.000151417	2
21.8248	26.1665	-0.000915586	0.000154862	2
22.0426	26.9882	-0.000933634	0.00015812	2
22.2823	27.8018	-0.000950572	0.000161145	2
22.5434	28.6074	-0.000966418	0.000163935	2
22.8257	29.4049	-0.00098119	0.000166485	2
23.1288	30.1945	-0.000994904	0.000168793	2
23.4523	30.9759	-0.00100758	0.000170856	2
23.7959	31.7494	-0.00101923	0.000172668	2
24.1592	32.5148	-0.00102988	0.000174228	2
24.5418	33.2721	-0.00103955	0.000175532	2
24.9434	34.0215	-0.00104824	0.000176576	2
25.3637	34.7628	-0.00105599	0.000177357	2
25.8022	35.4961	-0.0010628	0.000177872	2
26.2586	36.2213	-0.0010687	0.000178117	2
26.7326	36.9385	-0.0010737	0.000178088	2
27.2238	37.6477	-0.00107782	0.000177783	2
27.7319	38.3489	-0.00108108	0.000177198	2
28.2564	39.042	-0.00108349	0.00017633	2
28.797	39.7272	-0.00108508	0.000175174	2
29.3534	40.4043	-0.00108585	0.000173728	2
29.9252	41.0733	-0.00108584	0.000171988	2
30.512	41.7344	-0.00108505	0.000169952	2
31.1135	42.3875	-0.00108351	0.000167614	2
31.7222	43.0251	-0.00108126	0.000165005	2
32.3518	43.6622	-0.00107826	0.00016206	2
32.9951	44.2913	-0.00107457	0.000158804	2
33.6516	44.9124	-0.00107018	0.000155234	2
34.321	45.5255	-0.00106513	0.000151346	2
35.003	46.1305	-0.00105944	0.000147137	2
35.6971	46.7276	-0.0010531	0.000142604	2
36.403	47.3166	-0.00104616	0.000137743	2
37.1204	47.8976	-0.00103861	0.00013255	2
37.8489	48.4707	-0.00103049	0.000127023	2
38.5882	49.0357	-0.00102181	0.000121158	2
39.3378	49.5927	-0.00101258	0.000114952	2
40.0974	50.1417	-0.00100283	0.0001084	2
40.8667	50.6828	-0.000992564	0.0001015	2
41.6454	51.2158	-0.000981812	9.42485e-05	2
42.4329	51.7408	-0.000970586	8.66418e-05	2
43.2291	52.2578	-0.000958906	7.86764e-05	2
44.0334	52.7669	-0.000946788	7.03491e-05	2
44.8457	53.2679	-0.00093425	6.16564e-05	2
45.6654	53.761	-0.00092131	5.25948e-05	2
46.4924	54.246	-0.000907985	4.31611e-05	2
47.3261	54.7231	-0.000894294	3.33517e-05	2
48.1662	55.1922	-0.000880254	2.31632e-05	2
49.0124	55.6532	-0.000865883	1.25923e-05	2
49.8545	56.1012	-0.000851368	1.7636e-06	2
50.7118	56.5464	-0.000836391	-9.57803e-06	2
51.574	56.9836	-0.000821135	-2.13123e-05	2
52.4409	57.4128	-0.000805618	-3.34427e-05	2
53.312	57.8341	-0.000789858	-4.59726e-05	2
54.1871	58.2474	-0.000773873	-5.89054e-05	2
55.0658	58.6527	-0.000757681	-7.22445e-05	2
55.9477	59.05	-0.000741298	-8.59934e-05	2
56.8324	59.4393	-0.000724744	-0.000100155	2
57.7196	59.8207	-0.000708035	-0.000114734	2
58.609	60.1941	-0.000691189	-0.000129733	2
59.5001	60.5595	-0.000674223	-0.000145155	2
60.3926	60.9169	-0.000657157	-0.000161003	2
61.2862	61.2664	-0.000640007	-0.000177283	2
62.1805	61.6079	-0.000622791	-0.000193995	2
63.0751	61.9415	-0.000605526	-0.000211145	2
63.9697	62.267	-0.000588231	-0.000228735	2
64.8639	62.5846	-0.000570923	-0.000246769	2
65.7574	62.8943	-0.00055362	-0.000265251	2
66.6498	63.1959	-0.00053634	-0.000284183	2
67.5408	63.4897	-0.000519099	-0.000303569	2
68.4299	63.7754	-0.000501917	-0.000323413	2
69.3168	64.0532	-0.00048481	-0.000343718	2
70.1911	64.32	-0.000467991	-0.000364245	2
71.0726	64.5819	-0.000451087	-0.000385477	2
71.951	64.836	-0.000434312	-0.000407179	2
72.8257	65.082	-0.000417683	-0.000429357	2

74.9969	2.01022	9.53484e-08	-2.3752e-07	2
74.7326	2.89282	7.21385e-06	-2.0358e-05	2
74.4636	3.79342	1.22683e-05	-4.01002e-05	2
74.1933	4.70149	1.52066e-05	-5.92322e-05	2
73.925	5.60618	1.60737e-05	-7.75503e-05	2
73.653	6.52822	1.49327e-05	-9.54862e-05	2
73.3806	7.45684	1.18048e-05	-0.000112829	2
73.108	8.39173	6.73347e-06	-0.000129585	2
72.8356	9.3326	-2.38157e-07	-0.000145759	2
72.5638	10.2791	-9.06676e-06	-0.000161358	2
72.2927	11.231	-1.97091e-05	-0.000176386	2
72.0227	12.188	-3.21218e-05	-0.00019085	2
71.7542	13.1497	-4.62617e-05	-0.000204756	2
71.4873	14.1159	-6.20855e-05	-0.000218109	2
71.2225	15.0863	-7.95499e-05	-0.000230915	2
70.9599	16.0605	-9.86116e-05	-0.000243179	2
70.7	17.0383	-0.000119227	-0.000254908	2
70.4429	18.0194	-0.000141354	-0.000266107	2
70.1891	19.0034	-0.000164948	-0.000276782	2
69.9388	19.99	-0.000189966	-0.000286939	2
69.6923	20.979	-0.000216365	-0.000296583	2
69.45	21.9701	-0.000244102	-0.00030572	2
69.212	22.9629	-0.000273134	-0.000314357	2
68.9788	23.9572	-0.000303416	-0.000322497	2
68.7506	24.9526	-0.000334907	-0.000330148	2
68.5277	25.9488	-0.000367561	-0.000337316	2
68.3129	26.9342	-0.000400943	-0.00034393	2
68.1015	27.9312	-0.000435785	-0.000350152	2
67.8964	28.9282	-0.000471663	-0.000355907	2
67.6978	29.9249	-0.000508532	-0.000361202	2
67.506	30.9208	-0.00054635	-0.00036604	2
67.3213	31.9158	-0.000585074	-0.00037043	2
67.1441	32.9096	-0.000624659	-0.000374375	2
66.9746	33.9018	-0.000665064	-0.000377883	2
66.8132	34.8921	-0.000706244	-0.000380958	2
66.66	35.8803	-0.000748157	-0.000383606	2
66.5156	36.866	-0.000790758	-0.000385834	2
66.3801	37.8489	-0.000834005	-0.000387647	2
66.2538	38.8288	-0.000877855	-0.00038905	2
66.1371	39.8053	-0.000922264	-0.000390049	2
66.0302	40.7781	-0.000967189	-0.000390651	2
65.9335	41.7469	-0.00101259	-0.000390861	2
65.8473	42.7115	-0.00105841	-0.000390684	2
65.7718	43.6715	-0.00110463	-0.000390126	2
65.7073	44.6266	-0.00115118	-0.000389194	2
65.6542	45.5765	-0.00119804	-0.000387892	2
65.6128	46.521	-0.00124515	-0.000386227	2
65.5834	47.4596	-0.00129248	-0.000384204	2
65.5662	48.3922	-0.00133997	-0.000381829	2
65.5615	49.3078	-0.00138704	-0.000379141	2
65.5696	50.2274	-0.00143475	-0.000376084	2
65.5909	51.14	-0.00148249	-0.000372691	2
65.6256	52.0453	-0.00153023	-0.000368969	2
65.6742	52.943	-0.00157793	-0.000364924	2
65.7367	53.8328	-0.00162554	-0.000360562	2
65.8137	54.7145	-0.00167301	-0.000355887	2
65.9054	55.5876	-0.00172031	-0.000350907	2
66.012	56.452	-0.00176738	-0.000345626	2
66.1339	57.3072	-0.0018142	-0.00034005	2
66.2714	58.1531	-0.00186071	-0.000334186	2
66.4247	58.9892	-0.00190687	-0.000328038	2
66.5943	59.8154	-0.00195264	-0.000321613	2
66.7804	60.6312	-0.00199797	-0.000314916	2
66.9832	61.4365	-0.00204283	-0.000307953	2
67.2031	62.2308	-0.00208716	-0.00030073	2
67.4405	63.014	-0.00213093	-0.000293253	2
67.6955	63.7856	-0.00217408	-0.000285527	2
67.9685	64.5454	-0.00221659	-0.000277558	2
68.2599	65.2931	-0.0022584	-0.000269351	2
68.5698	66.0284	-0.00229947	-0.000260913	2
68.8986	66.751	-0.00233976	-0.000252249	2
69.2467	67.4606	-0.00237923	-0.000243366	2
69.6142	68.1568	-0.00241783	-0.000234267	2
69.997	68.8317	-0.00245508	-0.000225069	2
70.4043	69.5005	-0.00249182	-0.000215562	2
70.8319	70.1552	-0.00252757	-0.000205857	2
71.2803	70.7953	-0.00256227	-0.000195962	2
71.7497	71.4206	-0.00259589	-0.00018588	2
72.2404	72.0308	-0.00262838	-0.000175619	2
72.7527	72.6256	-0.0026597	-0.000165183	2
73.287	73.2046	-0.00268981	-0.000154579	2
73.8434	73.7676	-0.00271866	-0.000143813	2
74.4224	74.3143	-0.00274621	-0.000132889	2
75.0242	74.8443	-0.00277241	-0.000121814	2
75.6491	75.3574	-0.00279723	-0.000110594	2
76.2975	75.8533	-0.00282062	-9.92333e-05	2
76.9696	76.3317	-0.00284253	-8.77391e-05	2
77.6658	76.7922	-0.00286293	-7.61167e-05	2
78.3862	77.2345	-0.00288177	-6.43716e-05	2
79.1313	77.6585	-0.002899	-5.25098e-05	2
79.9014	78.0637	-0.00291459	-4.05369e-05	2
80.6967	78.4498	-0.00292848	-2.84587e-05	2
81.5175	78.8166	-0.00294065	-1.62809e-05	2
82.3642	79.1638	-0.00295103	-4.00926e-06	2
83.237	79.491	-0.0029596	8.35048e-06	2
84.1363	79.7979	-0.0029663	2.07926e-05	2
85.0515	80.0812	-0.00297105	3.3167e-05	2
86.0043	80.347	-0.00297392	4.57559e-05	2
86.9844	80.5916	-0.0029748	5.84099e-05	2
87.9921	80.8148	-0.00297364	7.11234e-05	2

125.001	2.01098	-1.87301e-07	2.36306e-07	2
125.038	2.95258	-1.6039e-05	1.96483e-05	2
125.041	3.89944	-3.15692e-05	3.74811e-05	2
125.009	4.84061	-4.66052e-05	5.35379e-05	2
124.944	5.76542	-6.0997e-05	6.77035e-05	2
124.845	6.69544	-7.50938e-05	8.03463e-05	2
124.715	7.61992	-8.87402e-05	9.13314e-05	2
124.553	8.5389	-0.000101951	0.000100698	2
124.361	9.45245	-0.00011474	0.000108486	2
124.139	10.3606	-0.000127123	0.000114735	2
123.888	11.2634	-0.000139113	0.000119485	2
123.609	12.1609	-0.000150727	0.000122774	2
123.304	13.0532	-0.000161977	0.000124643	2
122.972	13.9403	-0.00017288	0.000125131	2
122.615	14.8222	-0.000183449	0.000124278	2
122.233	15.699	-0.000193699	0.000122122	2
121.828	16.5708	-0.000203645	0.000118705	2
121.4	17.4375	-0.000213301	0.000114065	2
120.95	18.2994	-0.000222682	0.000108241	2
120.479	19.1563	-0.000231803	0.000101274	2
119.987	20.0083	-0.000240678	9.32026e-05	2
119.477	20.8555	-0.000249322	8.40667e-05	2
118.947	21.698	-0.00025775	7.39059e-05	2
118.4	22.5357	-0.000265975	6.27595e-05	2
117.836	23.3688	-0.000274014	5.06673e-05	2
117.257	24.1973	-0.000281879	3.76686e-05	2
116.669	25.0118	-0.000289499	2.39673e-05	2
116.059	25.8312	-0.000297065	9.28387e-06	2
115.437	26.6462	-0.000304502	-6.18777e-06	2
114.802	27.4567	-0.000311824	-2.2408e-05	2
114.155	28.2629	-0.000319047	-3.93374e-05	2
113.497	29.0647	-0.000326185	-5.69363e-05	2
112.829	29.8623	-0.000333252	-7.51652e-05	2
112.152	30.6556	-0.000340263	-9.39846e-05	2
111.466	31.4448	-0.000347234	-0.000113355	2
110.773	32.2298	-0.000354177	-0.000133236	2
110.074	33.0108	-0.000361109	-0.00015359	2
109.368	33.7877	-0.000368043	-0.000174376	2
108.658	34.5606	-0.000374994	-0.000195554	2
107.943	35.3296	-0.000381978	-0.000217085	2
107.226	36.0946	-0.000389008	-0.000238931	2
106.505	36.8559	-0.000396099	-0.00026105	2
105.784	37.6134	-0.000403265	-0.000283404	2
105.061	38.3671	-0.000410522	-0.000305952	2
104.339	39.1171	-0.000417885	-0.000328657	2
103.618	39.8635	-0.000425366	-0.000351477	2
102.898	40.6062	-0.000432982	-0.000374373	2
102.181	41.3454	-0.000440747	-0.000397306	2
101.468	42.0812	-0.000448676	-0.000420237	2
100.767	42.805	-0.000456688	-0.000442862	2
100.064	43.5339	-0.000464985	-0.000465669	2
99.366	44.2595	-0.000473489	-0.000488356	2
98.6753	44.9817	-0.000482214	-0.000510882	2
97.9924	45.7007	-0.000491177	-0.000533208	2
97.3181	46.4165	-0.00050039	-0.000555294	2
96.6533	47.1291	-0.000509869	-0.000577101	2
95.9989	47.8386	-0.000519628	-0.00059859	2
95.3556	48.545	-0.000529683	-0.00061972	2
94.7243	49.2484	-0.000540046	-0.000640452	2
94.1059	49.9488	-0.000550734	-0.000660748	2
93.5013	50.6463	-0.000561761	-0.000680566	2
92.9112	51.341	-0.000573141	-0.000699868	2
92.3366	52.0328	-0.000584889	-0.000718614	2
91.7782	52.7218	-0.00059702	-0.000736764	2
91.237	53.4082	-0.000609548	-0.000754279	2
90.7137	54.0918	-0.000622488	-0.00077112	2
90.2092	54.7728	-0.000635854	-0.000787246	2
89.7245	55.4513	-0.000649661	-0.000802619	2
89.2602	56.1272	-0.000663925	-0.000817199	2
88.8174	56.8006	-0.000678658	-0.000830946	2
88.3967	57.4715	-0.000693877	-0.00084382	2
87.9992	58.1401	-0.000709595	-0.000855782	2
87.6255	58.8064	-0.000725828	-0.000866794	2
87.2805	59.4627	-0.000742393	-0.000876704	2
86.957	60.1245	-0.000759692	-0.000885706	2
86.6599	60.784	-0.000777548	-0.000893638	2
86.3902	61.4415	-0.000795977	-0.000900461	2
86.1486	62.0968	-0.000814993	-0.000906135	2
85.936	62.75	-0.000834611	-0.00091062	2
85.7533	63.4013	-0.000854846	-0.000913878	2
85.6013	64.0506	-0.000875711	-0.000915869	2
85.4808	64.698	-0.000897222	-0.000916553	2
85.3928	65.3436	-0.000919394	-0.00091589	2
85.3381	65.9874	-0.00094224	-0.000913841	2
85.3174	66.6293	-0.000965776	-0.000910367	2
85.3317	67.2696	-0.000990016	-0.000905427	2
85.3819	67.9083	-0.00101497	-0.000898983	2
85.4686	68.5453	-0.00104067	-0.000890995	2
85.5929	69.1807	-0.00106711	-0.000881423	2
85.7556	69.8147	-0.00109431	-0.000870228	2
85.9575	70.4471	-0.00112229	-0.000857369	2
86.1994	71.0782	-0.00115106	-0.000842809	2
86.4823	71.7079	-0.00118064	-0.000826506	2
86.8069	72.3363	-0.00121104	-0.000808422	2
87.1741	72.9633	-0.00124228	-0.000788517	2
87.5848	73.5892	-0.00127436	-0.000766752	2
88.0343	74.2067	-0.00130693	-0.000743369	2
88.5339	74.8303	-0.00134075	-0.000717786	2
89.0796	75.4528	-0.00137546	-0.000690224	2
89.672	76.0743	-0.00141109	-0.000660644	2

