-125.001	2.01148	-7.56446e-08	-1.62359e-07	2
-125.077	2.99089	-6.33238e-06	-1.40924e-05	2
-125.181	3.96642	-1.21765e-05	-2.81209e-05	2
-125.313	4.92687	-1.75549e-05	-4.20895e-05	2
-125.471	5.86175	-2.24358e-05	-5.58428e-05	2
-125.656	6.79307	-2.6955e-05	-6.97045e-05	2
-125.867	7.71017	-3.10759e-05	-8.35183e-05	2
-126.104	8.61334	-3.48209e-05	-9.72884e-05	2
-126.365	9.50285	-3.82126e-05	-0.000111019	2
-126.651	10.379	-4.12735e-05	-0.000124713	2
-126.959	11.2421	-4.40261e-05	-0.000138376	2
-127.291	12.0923	-4.6493e-05	-0.000152011	2
-127.646	12.9301	-4.86968e-05	-0.000165623	2
-128.022	13.7556	-5.06598e-05	-0.000179214	2
-128.419	14.5692	-5.24048e-05	-0.000192791	2
-128.837	15.3712	-5.39542e-05	-0.000206355	2
-129.275	16.1617	-5.53305e-05	-0.000219912	2
-129.733	16.9412	-5.65563e-05	-0.000233466	2
-130.21	17.7099	-5.76541e-05	-0.000247019	2
-130.705	18.4681	-5.86464e-05	-0.000260578	2
-131.217	19.2161	-5.95558e-05	-0.000274145	2
-131.747	19.9541	-6.04048e-05	-0.000287724	2
-132.294	20.6824	-6.1216e-05	-0.00030132	2
-132.857	21.4014	-6.20118e-05	-0.000314936	2
-133.435	22.1113	-6.28149e-05	-0.000328577	2
-134.028	22.8124	-6.36476e-05	-0.000342247	2
-134.628	23.4971	-6.45221e-05	-0.000355791	2
-135.249	24.1816	-6.5481e-05	-0.00036953	2
-135.883	24.8581	-6.6537e-05	-0.000383309	2
-136.53	25.5269	-6.77125e-05	-0.000397133	2
-137.189	26.1884	-6.90302e-05	-0.000411005	2
-137.859	26.8428	-7.05126e-05	-0.00042493	2
-138.54	27.4904	-7.21822e-05	-0.000438912	2
-139.232	28.1314	-7.40616e-05	-0.000452955	2
-139.933	28.7662	-7.61732e-05	-0.000467062	2
-140.643	29.3951	-7.85396e-05	-0.000481238	2
-141.362	30.0183	-8.11834e-05	-0.000495487	2
-142.089	30.6361	-8.41271e-05	-0.000509813	2
-142.824	31.2489	-8.73931e-05	-0.000524219	2
-143.565	31.8568	-9.10041e-05	-0.000538711	2
-144.312	32.4602	-9.49826e-05	-0.000553291	2
-145.065	33.0594	-9.93511e-05	-0.000567964	2
-145.824	33.6546	-0.000104132	-0.000582734	2
-146.587	34.2462	-0.000109348	-0.000597605	2
-147.353	34.8343	-0.000115022	-0.000612581	2
-148.124	35.4194	-0.000121176	-0.000627666	2
-148.897	36.0017	-0.000127832	-0.000642865	2
-149.672	36.5814	-0.000135014	-0.00065818	2
-150.449	37.1589	-0.000142744	-0.000673616	2
-151.218	37.7279	-0.000150945	-0.000688998	2
-151.996	38.3018	-0.00015983	-0.000704686	2
-152.775	38.8743	-0.000169331	-0.000720508	2
-153.552	39.4457	-0.000179469	-0.000736467	2
-154.329	40.0163	-0.000190268	-0.000752568	2
-155.104	40.5864	-0.000201749	-0.000768813	2
-155.876	41.1562	-0.000213935	-0.000785207	2
-156.646	41.7261	-0.000226849	-0.000801755	2
-157.411	42.2963	-0.000240514	-0.00081846	2
-158.173	42.8671	-0.000254951	-0.000835326	2
-158.931	43.4388	-0.000270183	-0.000852358	2
-159.682	44.0117	-0.000286234	-0.000869558	2
-160.429	44.5861	-0.000303124	-0.000886932	2
-161.168	45.1622	-0.000320878	-0.000904484	2
-161.901	45.7403	-0.000339517	-0.000922216	2
-162.626	46.3208	-0.000359065	-0.000940134	2
-163.343	46.9039	-0.000379542	-0.000958242	2
-164.052	47.4899	-0.000400973	-0.000976542	2
-164.751	48.079	-0.00042338	-0.000995041	2
-165.44	48.6716	-0.000446784	-0.00101374	2
-166.119	49.268	-0.000471209	-0.00103265	2
-166.786	49.8684	-0.000496678	-0.00105176	2
-167.442	50.4732	-0.000523212	-0.00107109	2
-168.086	51.0825	-0.000550834	-0.00109063	2
-168.711	51.6897	-0.000579231	-0.00111017	2
-169.329	52.309	-0.000609085	-0.00113016	2
-169.933	52.9338	-0.000640094	-0.00115038	2
-170.523	53.5644	-0.000672281	-0.00117084	2
-171.097	54.201	-0.000705669	-0.00119153	2
-171.656	54.8439	-0.00074028	-0.00121246	2
-172.199	55.4934	-0.000776137	-0.00123364	2
-172.726	56.1498	-0.000813262	-0.00125507	2
-173.234	56.8134	-0.000851678	-0.00127675	2
-173.725	57.4844	-0.000891407	-0.00129869	2
-174.198	58.1632	-0.000932472	-0.00132089	2
-174.651	58.85	-0.000974896	-0.00134335	2
-175.085	59.5451	-0.0010187	-0.00136609	2
-175.498	60.2489	-0.00106391	-0.0013891	2
-175.891	60.9615	-0.00111054	-0.00141239	2
-176.262	61.6832	-0.00115862	-0.00143596	2
-176.611	62.4145	-0.00120818	-0.00145982	2
-176.938	63.1554	-0.00125923	-0.00148396	2
-177.242	63.9064	-0.00131179	-0.0015084	2
-177.522	64.6678	-0.00136589	-0.00153314	2
-177.777	65.4397	-0.00142155	-0.00155818	2
-178.008	66.2225	-0.0014788	-0.00158352	2
-178.214	67.0164	-0.00153765	-0.00160918	2
-178.391	67.8125	-0.00159743	-0.00163485	2
-178.545	68.6295	-0.00165955	-0.00166113	2
-178.671	69.4586	-0.00172333	-0.00168774	2
-178.769	70.2999	-0.00178882	-0.00171467	2

-75.0011	2.01257	4.53243e-07	-4.81759e-07	2
-75.1069	3.08692	4.00885e-05	-4.04328e-05	2
-75.2355	4.15992	8.14888e-05	-7.79048e-05	2
-75.3857	5.21923	0.000124176	-0.000112467	2
-75.5549	6.25315	0.000167615	-0.000143822	2
-75.7467	7.28593	0.000212789	-0.000172751	2
-75.9589	8.3057	0.000259179	-0.000198922	2
-76.1911	9.31271	0.000306758	-0.000222388	2
-76.443	10.3072	0.000355502	-0.0002432	2
-76.7142	11.2893	0.000405387	-0.000261409	2
-77.0043	12.2594	0.00045639	-0.000277065	2
-77.3131	13.2175	0.000508484	-0.000290221	2
-77.6401	14.1641	0.000561645	-0.000300928	2
-77.9849	15.0993	0.000615851	-0.000309236	2
-78.3473	16.0232	0.000671074	-0.000315197	2
-78.7268	16.9363	0.000727293	-0.000318863	2
-79.1231	17.8386	0.000784481	-0.000320283	2
-79.5358	18.7304	0.000842615	-0.00031951	2
-79.9646	19.612	0.00090167	-0.000316595	2
-80.4091	20.4836	0.000961621	-0.000311589	2
-80.869	21.3453	0.00102244	-0.000304543	2
-81.3438	22.1975	0.00108412	-0.000295508	2
-81.8333	23.0403	0.00114661	-0.000284535	2
-82.337	23.874	0.00120991	-0.000271677	2
-82.8547	24.6988	0.00127397	-0.000256983	2
-83.3859	25.5149	0.00133879	-0.000240506	2
-83.9239	26.3134	0.00140358	-0.000222515	2
-84.4809	27.113	0.00146982	-0.000202642	2
-85.0504	27.9047	0.00153673	-0.000181138	2
-85.6321	28.6885	0.0016043	-0.000158055	2
-86.2254	29.4649	0.00167249	-0.000133444	2
-86.8302	30.234	0.00174129	-0.000107355	2
-87.4459	30.996	0.00181067	-7.98403e-05	2
-88.0724	31.7512	0.0018806	-5.09506e-05	2
-88.7091	32.4997	0.00195106	-2.07374e-05	2
-89.3558	33.2419	0.00202203	1.07483e-05	2
-90.012	33.978	0.00209348	4.34553e-05	2
-90.6775	34.7081	0.00216539	7.73322e-05	2
-91.3519	35.4326	0.00223773	0.000112328	2
-92.0347	36.1515	0.00231048	0.000148391	2
-92.7257	36.8653	0.00238361	0.000185471	2
-93.4245	37.574	0.00245711	0.000223516	2
-94.1306	38.278	0.00253093	0.000262475	2
-94.8439	38.9774	0.00260507	0.000302297	2
-95.5638	39.6725	0.00267949	0.00034293	2
-96.2901	40.3635	0.00275418	0.000384324	2
-97.0224	41.0506	0.0028291	0.000426427	2
-97.7602	41.7341	0.00290424	0.000469188	2
-98.5033	42.4142	0.00297956	0.000512556	2
-99.2427	43.0834	0.00305418	0.000555972	2
-99.9952	43.7574	0.0031298	0.000600394	2
-100.752	44.4286	0.00320555	0.00064527	2
-101.512	45.0974	0.00328138	0.000690549	2
-102.276	45.7639	0.00335728	0.000736179	2
-103.043	46.4284	0.00343322	0.000782109	2
-103.813	47.0911	0.00350917	0.000828288	2
-104.585	47.7522	0.00358512	0.000874665	2
-105.36	48.412	0.00366104	0.000921189	2
-106.135	49.0706	0.00373691	0.000967808	2
-106.913	49.7283	0.00381269	0.00101447	2
-107.691	50.3854	0.00388837	0.00106113	2
-108.469	51.042	0.00396392	0.00110772	2
-109.248	51.6984	0.00403932	0.00115421	2
-110.027	52.3549	0.00411453	0.00120054	2
-110.805	53.0116	0.00418955	0.00124666	2
-111.582	53.6687	0.00426434	0.00129251	2
-112.358	54.3266	0.00433888	0.00133805	2
-113.133	54.9854	0.00441314	0.00138322	2
-113.905	55.6454	0.0044871	0.00142798	2
-114.676	56.3068	0.00456074	0.00147226	2
-115.443	56.9698	0.00463403	0.00151603	2
-116.208	57.6346	0.00470695	0.00155923	2
-116.969	58.3015	0.00477947	0.00160181	2
-117.717	58.963	0.00485073	0.00164324	2
-118.471	59.6347	0.00492239	0.00168443	2
-119.22	60.3092	0.00499357	0.00172484	2
-119.964	60.9867	0.00506426	0.00176443	2
-120.702	61.6674	0.00513443	0.00180314	2
-121.436	62.3515	0.00520405	0.00184093	2
-122.163	63.0394	0.00527311	0.00187773	2
-122.884	63.7311	0.00534157	0.00191351	2
-123.598	64.4269	0.00540942	0.0019482	2
-124.306	65.1271	0.00547662	0.00198176	2
-125.006	65.8319	0.00554316	0.00201414	2
-125.698	66.5416	0.00560901	0.00204528	2
-126.383	67.2562	0.00567414	0.00207513	2
-127.058	67.9762	0.00573853	0.00210365	2
-127.726	68.7016	0.00580216	0.00213078	2
-128.383	69.4328	0.005865	0.00215646	2
-129.032	70.1699	0.00592702	0.00218066	2
-129.67	70.9133	0.00598821	0.00220331	2
-130.299	71.663	0.00604854	0.00222437	2
-130.916	72.4194	0.00610798	0.00224379	2
-131.523	73.1827	0.00616651	0.00226151	2
-132.118	73.953	0.0062241	0.00227748	2
-132.702	74.7307	0.00628074	0.00229165	2
-133.267	75.5069	0.00633576	0.00230384	2
-133.826	76.2999	0.00639041	0.00231429	2
-134.373	77.1009	0.00644404	0.00232278	2
-134.907	77.9101	0.0064966	0.00232927	2

-25.0018	2.01275	8.49427e-07	-4.67742e-08	2
-25.1474	3.10588	7.38474e-05	-4.75145e-06	2
-25.2791	4.20471	0.000147587	-1.08758e-05	2
-25.3955	5.29656	0.000221216	-1.83622e-05	2
-25.4955	6.36904	0.000293887	-2.70906e-05	2
-25.5817	7.44717	0.000367289	-3.72532e-05	2
-25.6529	8.51847	0.000440574	-4.87457e-05	2
-25.7094	9.58303	0.000513739	-6.1557e-05	2
-25.7512	10.6409	0.000586782	-7.56764e-05	2
-25.7787	11.6921	0.0006597	-9.10931e-05	2
-25.7918	12.7368	0.000732491	-0.000107796	2
-25.7909	13.7749	0.000805153	-0.000125775	2
-25.776	14.8066	0.000877684	-0.000145018	2
-25.7474	15.8318	0.00095008	-0.000165516	2
-25.7051	16.8508	0.00102234	-0.000187257	2
-25.6495	17.8634	0.00109446	-0.00021023	2
-25.5805	18.8698	0.00116644	-0.000234424	2
-25.4985	19.8701	0.00123828	-0.00025983	2
-25.4035	20.8642	0.00130997	-0.000286435	2
-25.2958	21.8524	0.00138151	-0.000314229	2
-25.1754	22.8345	0.00145291	-0.000343202	2
-25.0426	23.8107	0.00152415	-0.000373342	2
-24.8976	24.781	0.00159523	-0.000404638	2
-24.7404	25.7455	0.00166616	-0.00043708	2
-24.5713	26.7042	0.00173693	-0.000470658	2
-24.3905	27.6573	0.00180754	-0.000505359	2
-24.2003	28.5939	0.00187717	-0.000540756	2
-23.9965	29.5358	0.00194744	-0.000577661	2
-23.7815	30.4722	0.00201755	-0.000615657	2
-23.5553	31.4032	0.00208749	-0.000654735	2
-23.3182	32.3287	0.00215725	-0.000694882	2
-23.0703	33.2489	0.00222684	-0.00073609	2
-22.8119	34.1638	0.00229624	-0.000778345	2
-22.5429	35.0735	0.00236547	-0.000821638	2
-22.2637	35.9781	0.00243451	-0.000865959	2
-21.9744	36.8775	0.00250337	-0.000911295	2
-21.6752	37.7719	0.00257204	-0.000957637	2
-21.3662	38.6613	0.00264052	-0.00100497	2
-21.0475	39.5458	0.00270881	-0.00105329	2
-20.7195	40.4254	0.0027769	-0.00110258	2
-20.3821	41.3002	0.00284479	-0.00115284	2
-20.0356	42.1703	0.00291249	-0.00120404	2
-19.6802	43.0356	0.00297998	-0.00125619	2
-19.316	43.8963	0.00304727	-0.00130927	2
-18.9432	44.7525	0.00311435	-0.00136326	2
-18.562	45.6041	0.00318122	-0.00141816	2
-18.1725	46.4513	0.00324788	-0.00147396	2
-17.7748	47.2941	0.00331433	-0.00153065	2
-17.3693	48.1326	0.00338056	-0.00158821	2
-16.9607	48.9572	0.00344582	-0.00164596	2
-16.5398	49.7872	0.00351161	-0.00170523	2
-16.1115	50.613	0.00357718	-0.00176534	2
-15.6759	51.4347	0.00364253	-0.00182628	2
-15.2331	52.2524	0.00370765	-0.00188805	2
-14.7834	53.0661	0.00377254	-0.00195063	2
-14.327	53.8759	0.00383719	-0.002014	2
-13.8639	54.6818	0.00390161	-0.00207817	2
-13.3944	55.4839	0.00396579	-0.00214311	2
-12.9186	56.2823	0.00402974	-0.00220882	2
-12.4366	57.0769	0.00409344	-0.00227529	2
-11.9487	57.868	0.0041569	-0.00234251	2
-11.4551	58.6554	0.00422011	-0.00241045	2
-10.9558	59.4394	0.00428307	-0.00247913	2
-10.451	60.2199	0.00434578	-0.00254851	2
-9.94101	60.997	0.00440823	-0.0026186	2
-9.42586	61.7707	0.00447043	-0.00268938	2
-8.90576	62.5412	0.00453238	-0.00276084	2
-8.38088	63.3085	0.00459406	-0.00283297	2
-7.85137	64.0726	0.00465548	-0.00290576	2
-7.31741	64.8336	0.00471663	-0.0029792	2
-6.77917	65.5915	0.00477751	-0.00305328	2
-6.2368	66.3465	0.00483813	-0.00312798	2
-5.69048	67.0986	0.00489847	-0.0032033	2
-5.14671	67.8392	0.00495785	-0.00327834	2
-4.59302	68.5856	0.00501764	-0.00335485	2
-4.03587	69.3293	0.00507716	-0.00343195	2
-3.47543	70.0702	0.00513639	-0.00350962	2
-2.91186	70.8086	0.00519534	-0.00358784	2
-2.34534	71.5444	0.005254	-0.00366662	2
-1.77602	72.2776	0.00531237	-0.00374595	2
-1.20408	73.0085	0.00537045	-0.00382579	2
-0.629678	73.7369	0.00542824	-0.00390616	2
-0.0529842	74.463	0.00548573	-0.00398704	2
0.525836	75.1868	0.00554292	-0.00406841	2
1.10662	75.9084	0.00559982	-0.00415027	2
1.68919	76.6278	0.00565641	-0.00423261	2
2.27339	77.3451	0.00571269	-0.00431541	2
2.85905	78.0604	0.00576867	-0.00439866	2
3.44601	78.7738	0.00582433	-0.00448236	2
4.03409	79.4851	0.00587969	-0.00456648	2
4.62314	80.1947	0.00593473	-0.00465103	2
5.21298	80.9024	0.00598945	-0.00473599	2
5.80345	81.6084	0.00604385	-0.00482135	2
6.39439	82.3127	0.00609794	-0.0049071	2
6.98562	83.0153	0.00615169	-0.00499323	2
7.57698	83.7164	0.00620512	-0.00507972	2
8.16151	84.408	0.00625762	-0.00516557	2
8.75263	85.1061	0.00631039	-0.00525276	2
9.34339	85.8029	0.00636283	-0.00534029	2
9.93361	86.4983	0.00641494	-0.00542814	2

24.9967	2.01272	-2.043e-07	-2.86617e-07	2
24.7263	3.09919	-1.82415e-05	-2.37429e-05	2
24.4813	4.18324	-3.74129e-05	-4.5102e-05	2
24.2645	5.25229	-5.74906e-05	-6.41223e-05	2
24.0777	6.29447	-7.82052e-05	-8.06691e-05	2
23.9162	7.33418	-0.000100015	-9.51716e-05	2
23.7819	8.35936	-0.00012266	-0.000107469	2
23.6744	9.37018	-0.000146118	-0.000117606	2
23.5934	10.3668	-0.000170363	-0.000125628	2
23.5385	11.3493	-0.000195374	-0.000131579	2
23.5093	12.318	-0.000221125	-0.000135505	2
23.5056	13.2729	-0.000247594	-0.000137449	2
23.5268	14.2142	-0.000274756	-0.000137458	2
23.5727	15.1422	-0.000302589	-0.000135574	2
23.6429	16.0568	-0.000331068	-0.000131845	2
23.737	16.9583	-0.000360169	-0.000126313	2
23.8547	17.8469	-0.00038987	-0.000119025	2
23.9955	18.7227	-0.000420147	-0.000110024	2
24.1592	19.5858	-0.000450975	-9.93556e-05	2
24.3453	20.4365	-0.000482331	-8.70649e-05	2
24.5535	21.2748	-0.000514192	-7.31963e-05	2
24.7835	22.101	-0.000546533	-5.77948e-05	2
25.0348	22.9151	-0.000579332	-4.0905e-05	2
25.3071	23.7174	-0.000612565	-2.25718e-05	2
25.6	24.508	-0.000646207	-2.8401e-06	2
25.9132	25.2871	-0.000680236	1.82454e-05	2
26.2423	26.046	-0.000714229	4.03753e-05	2
26.5947	26.8025	-0.000748956	6.40198e-05	2
26.9663	27.548	-0.000783998	8.88841e-05	2
27.3567	28.2826	-0.000819332	0.000114924	2
27.7655	29.0064	-0.000854934	0.000142093	2
28.1923	29.7197	-0.00089078	0.000170349	2
28.6369	30.4224	-0.000926848	0.000199645	2
29.0989	31.1149	-0.000963113	0.000229937	2
29.5778	31.7973	-0.000999552	0.00026118	2
30.0733	32.4697	-0.00103614	0.000293329	2
30.5851	33.1322	-0.00107286	0.00032634	2
31.1127	33.7851	-0.00110967	0.000360167	2
31.6559	34.4285	-0.00114657	0.000394767	2
32.2142	35.0626	-0.00118352	0.000430093	2
32.7873	35.6875	-0.00122051	0.000466102	2
33.3748	36.3033	-0.0012575	0.000502748	2
33.9764	36.9103	-0.00129447	0.000539987	2
34.5917	37.5085	-0.00133141	0.000577774	2
35.2202	38.0982	-0.00136829	0.000616064	2
35.8618	38.6795	-0.00140507	0.000654812	2
36.5159	39.2525	-0.00144175	0.000693974	2
37.1822	39.8174	-0.00147829	0.000733505	2
37.8604	40.3744	-0.00151468	0.000773359	2
38.5421	40.9174	-0.00155047	0.00081303	2
39.2428	41.4591	-0.00158647	0.000853395	2
39.9543	41.9933	-0.00162225	0.000893951	2
40.6762	42.5202	-0.00165777	0.000934651	2
41.4081	43.04	-0.00169302	0.000975452	2
42.1496	43.5528	-0.00172797	0.00101631	2
42.9005	44.0587	-0.00176259	0.00105718	2
43.6603	44.558	-0.00179687	0.00109801	2
44.4287	45.0507	-0.00183078	0.00113876	2
45.2053	45.5371	-0.0018643	0.0011794	2
45.9897	46.0173	-0.00189739	0.00121986	2
46.7816	46.4914	-0.00193005	0.00126011	2
47.5806	46.9596	-0.00196224	0.0013001	2
48.3864	47.4221	-0.00199395	0.00133979	2
49.1985	47.879	-0.00202514	0.00137913	2
50.0167	48.3304	-0.0020558	0.00141808	2
50.8405	48.7767	-0.00208589	0.00145659	2
51.6696	49.2178	-0.00211541	0.00149462	2
52.5036	49.6539	-0.00214431	0.00153212	2
53.3421	50.0852	-0.00217259	0.00156905	2
54.1849	50.512	-0.00220021	0.00160537	2
55.0314	50.9342	-0.00222716	0.00164102	2
55.8814	51.3521	-0.0022534	0.00167597	2
56.7345	51.7658	-0.00227892	0.00171016	2
57.5805	52.1708	-0.00230342	0.00174319	2
58.4386	52.5767	-0.00232742	0.00177576	2
59.2988	52.979	-0.00235064	0.00180744	2
60.1605	53.3776	-0.00237303	0.0018382	2
61.0236	53.7729	-0.00239458	0.00186798	2
61.8875	54.165	-0.00241526	0.00189674	2
62.752	54.5539	-0.00243506	0.00192444	2
63.6166	54.94	-0.00245394	0.00195103	2
64.4811	55.3233	-0.00247188	0.00197647	2
65.345	55.704	-0.00248886	0.00200071	2
66.2079	56.0823	-0.00250486	0.0020237	2
67.0696	56.4583	-0.00251985	0.00204541	2
67.9296	56.8321	-0.0025338	0.00206579	2
68.7875	57.204	-0.0025467	0.00208478	2
69.6431	57.574	-0.00255853	0.00210236	2
70.4959	57.9424	-0.00256924	0.00211847	2
71.3456	58.3093	-0.00257884	0.00213306	2
72.1918	58.6749	-0.00258728	0.0021461	2
73.0342	59.0392	-0.00259454	0.00215754	2
73.8723	59.4026	-0.00260061	0.00216733	2
74.7059	59.765	-0.00260546	0.00217543	2
75.5345	60.1268	-0.00260907	0.0021818	2
76.3578	60.4879	-0.0026114	0.00218638	2
77.166	60.8446	-0.00261244	0.00218912	2
77.9776	61.2051	-0.00261218	0.00219003	2
78.7828	61.5655	-0.00261058	0.00218902	2
79.5813	61.926	-0.00260762	0.00218606	2

74.9945	2.01239	6.84875e-07	-3.94e-07	2
74.5342	3.07721	5.74908e-05	-3.30637e-05	2
74.0851	4.15206	0.000110797	-6.36996e-05	2
73.6528	5.22442	0.000159995	-9.19521e-05	2
73.2419	6.28189	0.000204665	-0.00011758	2
72.8428	7.34892	0.000245922	-0.000141224	2
72.4603	8.41308	0.000283299	-0.000162617	2
72.0944	9.47424	0.000316873	-0.000181802	2
71.745	10.5323	0.000346722	-0.000198824	2
71.4121	11.587	0.00037292	-0.000213727	2
71.0955	12.6384	0.000395546	-0.000226555	2
70.7954	13.6862	0.000414675	-0.000237352	2
70.5115	14.7304	0.000430384	-0.000246162	2
70.244	15.7708	0.000442749	-0.000253031	2
69.9926	16.8073	0.000451848	-0.000258001	2
69.7574	17.8397	0.000457756	-0.000261117	2
69.5384	18.868	0.00046055	-0.000262423	2
69.3355	19.8919	0.000460307	-0.000261963	2
69.1485	20.9115	0.000457103	-0.000259782	2
68.9776	21.9264	0.000451016	-0.000255923	2
68.8226	22.9367	0.00044212	-0.000250432	2
68.6835	23.9421	0.000430493	-0.000243351	2
68.5602	24.9426	0.000416212	-0.000234725	2
68.4527	25.938	0.000399353	-0.000224598	2
68.3609	26.9282	0.000379992	-0.000213015	2
68.2849	27.913	0.000358207	-0.00020002	2
68.2251	28.8812	0.000334364	-0.000185828	2
68.1801	29.855	0.000307984	-0.000170156	2
68.1506	30.8231	0.000279408	-0.000153202	2
68.1367	31.7853	0.000248712	-0.000135013	2
68.1382	32.7416	0.000215973	-0.000115631	2
68.1551	33.6917	0.000181268	-9.51012e-05	2
68.1873	34.6355	0.000144673	-7.34678e-05	2
68.2349	35.573	0.000106264	-5.07748e-05	2
68.2977	36.504	6.61192e-05	-2.70663e-05	2
68.3758	37.4283	2.43136e-05	-2.38658e-06	2
68.469	38.3458	-1.90758e-05	2.32203e-05	2
68.5773	39.2565	-6.39723e-05	4.97101e-05	2
68.7006	40.1601	-0.000110299	7.70386e-05	2
68.839	41.0565	-0.000157981	0.000105162	2
68.9924	41.9457	-0.00020694	0.000134035	2
69.1607	42.8274	-0.000257099	0.000163615	2
69.3438	43.7016	-0.000308384	0.000193857	2
69.5418	44.5681	-0.000360716	0.000224717	2
69.7545	45.4268	-0.000414019	0.000256151	2
69.982	46.2775	-0.000468218	0.000288115	2
70.2242	47.1201	-0.000523234	0.000320564	2
70.481	47.9546	-0.000578992	0.000353454	2
70.7523	48.7807	-0.000635416	0.000386741	2
71.0348	49.589	-0.00069177	0.000419993	2
71.3351	50.3982	-0.000749288	0.000453939	2
71.6497	51.1986	-0.000807243	0.00048815	2
71.9788	51.9902	-0.000865558	0.000522582	2
72.3221	52.7729	-0.000924156	0.00055719	2
72.6798	53.5463	-0.000982961	0.000591932	2
73.0517	54.3106	-0.0010419	0.000626762	2
73.4378	55.0655	-0.00110089	0.000661636	2
73.8381	55.8109	-0.00115985	0.00069651	2
74.2524	56.5466	-0.00121872	0.000731341	2
74.6808	57.2726	-0.00127741	0.000766083	2
75.1233	57.9887	-0.00133585	0.000800693	2
75.5796	58.6948	-0.00139395	0.000835126	2
76.0499	59.3907	-0.00145166	0.000869339	2
76.534	60.0763	-0.00150888	0.000903287	2
77.0319	60.7516	-0.00156554	0.000936926	2
77.5436	61.4162	-0.00162157	0.000970212	2
78.069	62.0703	-0.00167688	0.0010031	2
78.6081	62.7135	-0.00173141	0.00103555	2
79.1608	63.3457	-0.00178507	0.00106751	2
79.727	63.967	-0.00183779	0.00109894	2
80.3068	64.577	-0.00188949	0.0011298	2
80.9	65.1757	-0.0019401	0.00116004	2
81.5066	65.7629	-0.00198954	0.00118961	2
82.1195	66.332	-0.00203718	0.00121816	2
82.7527	66.8961	-0.00208406	0.00124629	2
83.3991	67.4484	-0.00212954	0.00127362	2
84.0588	67.9887	-0.00217354	0.00130012	2
84.7317	68.5168	-0.002216	0.00132573	2
85.4177	69.0328	-0.00225682	0.00135042	2
86.1168	69.5364	-0.00229593	0.00137413	2
86.829	70.0275	-0.00233326	0.00139683	2
87.5541	70.5059	-0.00236874	0.00141847	2
88.2921	70.9717	-0.00240228	0.00143901	2
89.0431	71.4245	-0.0024338	0.0014584	2
89.8069	71.8643	-0.00246324	0.0014766	2
90.5835	72.291	-0.00249051	0.00149356	2
91.3728	72.7044	-0.00251554	0.00150925	2
92.1748	73.1045	-0.00253825	0.0015236	2
92.9895	73.491	-0.00255857	0.00153659	2
93.8167	73.8638	-0.00257641	0.00154817	2
94.6566	74.2228	-0.00259171	0.00155829	2
95.5089	74.5679	-0.00260438	0.00156691	2
96.3737	74.899	-0.00261435	0.00157398	2
97.2509	75.2159	-0.00262154	0.00157947	2
98.1404	75.5184	-0.00262588	0.00158332	2
99.0423	75.8066	-0.00262729	0.00158549	2
99.9458	76.0771	-0.00262572	0.00158595	2
100.872	76.3361	-0.00262107	0.00158466	2
101.81	76.5803	-0.00261326	0.00158156	2
102.761	76.8095	-0.00260222	0.0015766	2

125	2.01026	4.88052e-07	3.70084e-08	2
124.962	2.89359	4.11349e-05	2.83687e-06	2
124.895	3.78865	7.96145e-05	4.91103e-06	2
124.798	4.68508	0.000115479	6.24042e-06	2
124.676	5.57244	0.000148402	6.84015e-06	2
124.525	6.47126	0.000179188	6.74194e-06	2
124.347	7.37112	0.00020748	5.95264e-06	2
124.144	8.27193	0.000233319	4.49021e-06	2
123.916	9.17356	0.000256745	2.37261e-06	2
123.663	10.0759	0.000277799	-3.82216e-07	2
123.388	10.9789	0.000296522	-3.7563e-06	2
123.09	11.8823	0.000312953	-7.73168e-06	2
122.77	12.7862	0.000327134	-1.22904e-05	2
122.429	13.6904	0.000339104	-1.74145e-05	2
122.067	14.5947	0.000348905	-2.30861e-05	2
121.686	15.4991	0.000356577	-2.92871e-05	2
121.287	16.4035	0.00036216	-3.59996e-05	2
120.87	17.3077	0.000365695	-4.32056e-05	2
120.435	18.2117	0.000367223	-5.08873e-05	2
119.984	19.1154	0.000366783	-5.90266e-05	2
119.518	20.0185	0.000364417	-6.76056e-05	2
119.036	20.9211	0.000360165	-7.66063e-05	2
118.541	21.823	0.000354067	-8.60107e-05	2
118.032	22.7242	0.000346165	-9.5801e-05	2
117.511	23.6244	0.000336497	-0.000105959	2
116.978	24.5237	0.000325106	-0.000116467	2
116.44	25.4115	0.000312191	-0.000127181	2
115.886	26.3084	0.000297492	-0.000138331	2
115.323	27.204	0.000281189	-0.000149778	2
114.751	28.0982	0.000263325	-0.000161502	2
114.171	28.9908	0.000243938	-0.000173488	2
113.584	29.8818	0.00022307	-0.000185715	2
112.99	30.771	0.000200761	-0.000198167	2
112.391	31.6584	0.000177052	-0.000210825	2
111.788	32.5438	0.000151983	-0.000223672	2
111.18	33.4271	0.000125594	-0.000236689	2
110.569	34.3082	9.79264e-05	-0.000249859	2
109.956	35.1871	6.90204e-05	-0.000263164	2
109.34	36.0635	3.89166e-05	-0.000276585	2
108.724	36.9374	7.65534e-06	-0.000290104	2
108.108	37.8088	-2.47227e-05	-0.000303705	2
107.493	38.6774	-5.81772e-05	-0.000317368	2
106.879	39.5431	-9.26675e-05	-0.000331076	2
106.267	40.4059	-0.000128153	-0.000344811	2
105.658	41.2657	-0.000164594	-0.000358555	2
105.052	42.1224	-0.000201948	-0.000372289	2
104.452	42.9757	-0.000240177	-0.000385997	2
103.856	43.8257	-0.000279239	-0.00039966	2
103.267	44.6722	-0.000319094	-0.00041326	2
102.691	45.5055	-0.00035923	-0.000426623	2
102.116	46.3448	-0.000400541	-0.000440045	2
101.549	47.1803	-0.000442523	-0.000453349	2
100.992	48.0118	-0.000485137	-0.000466519	2
100.444	48.8394	-0.000528341	-0.000479537	2
99.9071	49.6629	-0.000572096	-0.000492384	2
99.3817	50.4821	-0.000616361	-0.000505042	2
98.8684	51.2969	-0.000661094	-0.000517494	2
98.3682	52.1074	-0.000706256	-0.000529722	2
97.8818	52.9133	-0.000751807	-0.000541708	2
97.4099	53.7145	-0.000797705	-0.000553433	2
96.9534	54.5109	-0.00084391	-0.00056488	2
96.513	55.3025	-0.000890382	-0.000576031	2
96.0894	56.0891	-0.00093708	-0.000586867	2
95.6835	56.8706	-0.000983964	-0.000597372	2
95.2961	57.6469	-0.00103099	-0.000607526	2
94.9278	58.4179	-0.00107813	-0.000617312	2
94.5796	59.1835	-0.00112532	-0.000626713	2
94.2521	59.9436	-0.00117255	-0.000635709	2
93.9461	60.698	-0.00121975	-0.000644284	2
93.6624	61.4467	-0.0012669	-0.000652419	2
93.4018	62.1896	-0.00131395	-0.000660095	2
93.165	62.9265	-0.00136086	-0.000667296	2
92.9529	63.6573	-0.00140759	-0.000674004	2
92.7682	64.3737	-0.00145357	-0.000680131	2
92.6073	65.0922	-0.00149982	-0.000685803	2
92.4734	65.8043	-0.00154578	-0.000690928	2
92.3671	66.5099	-0.00159139	-0.000695488	2
92.2894	67.2089	-0.00163663	-0.000699464	2
92.2409	67.9012	-0.00168144	-0.000702839	2
92.2225	68.5867	-0.00172579	-0.000705594	2
92.2348	69.2652	-0.00176964	-0.000707713	2
92.2788	69.9368	-0.00181294	-0.000709176	2
92.3551	70.6012	-0.00185566	-0.000709966	2
92.4645	71.2584	-0.00189776	-0.000710065	2
92.6078	71.9082	-0.00193919	-0.000709455	2
92.7858	72.5505	-0.00197992	-0.000708118	2
92.9993	73.1853	-0.0020199	-0.000706036	2
93.249	73.8124	-0.0020591	-0.000703191	2
93.5357	74.4318	-0.00209747	-0.000699566	2
93.8601	75.0432	-0.00213497	-0.000695141	2
94.2231	75.6467	-0.00217156	-0.0006899	2
94.6254	76.242	-0.00220721	-0.000683824	2
95.0679	76.8292	-0.00224187	-0.000676895	2
95.5512	77.408	-0.00227549	-0.000669096	2
96.0761	77.9784	-0.00230805	-0.000660408	2
96.6435	78.5403	-0.0023395	-0.000650814	2
97.2467	79.0872	-0.00236946	-0.000640421	2
97.9007	79.6317	-0.00239858	-0.00062897	2
98.5995	80.1674	-0.00242647	-0.000616559	2
99.3437	80.6942	-0.00245309	-0.00060317	2

