-125.008	2.01309	5.18382e-09	1.6495e-07	2
-125.677	3.13374	-2.05809e-07	1.44204e-05	2
-126.319	4.2569	-1.72227e-06	2.89791e-05	2
-126.927	5.3695	-4.52189e-06	4.36717e-05	2
-127.495	6.45895	-8.52352e-06	5.83225e-05	2
-128.036	7.55062	-1.3793e-05	7.3268e-05	2
-128.544	8.63181	-2.02635e-05	8.83341e-05	2
-129.019	9.70253	-2.79074e-05	0.000103516	2
-129.462	10.7628	-3.66973e-05	0.00011881	2
-129.873	11.8127	-4.66058e-05	0.000134211	2
-130.252	12.8522	-5.76052e-05	0.000149715	2
-130.6	13.8813	-6.96681e-05	0.000165318	2
-130.917	14.9001	-8.2767e-05	0.000181014	2
-131.204	15.9085	-9.68744e-05	0.0001968	2
-131.46	16.9067	-0.000111963	0.000212671	2
-131.687	17.8946	-0.000128005	0.000228623	2
-131.884	18.8723	-0.000144973	0.000244651	2
-132.053	19.8397	-0.000162839	0.000260751	2
-132.193	20.797	-0.000181577	0.000276918	2
-132.304	21.744	-0.000201158	0.000293148	2
-132.388	22.681	-0.000221555	0.000309437	2
-132.445	23.6078	-0.00024274	0.000325779	2
-132.474	24.5245	-0.000264687	0.000342172	2
-132.477	25.4312	-0.000287367	0.000358609	2
-132.453	26.3278	-0.000310753	0.000375087	2
-132.403	27.2144	-0.000334818	0.000391602	2
-132.329	28.0809	-0.000359246	0.000407958	2
-132.229	28.9476	-0.000384578	0.000424531	2
-132.104	29.8044	-0.000410507	0.000441128	2
-131.954	30.6513	-0.000437004	0.000457743	2
-131.781	31.4882	-0.000464043	0.000474372	2
-131.584	32.3153	-0.000491596	0.000491012	2
-131.363	33.1325	-0.000519635	0.000507656	2
-131.12	33.9399	-0.000548133	0.000524302	2
-130.854	34.7375	-0.000577063	0.000540943	2
-130.565	35.5253	-0.000606396	0.000557577	2
-130.255	36.3034	-0.000636106	0.000574199	2
-129.924	37.0717	-0.000666164	0.000590803	2
-129.571	37.8303	-0.000696544	0.000607387	2
-129.198	38.5793	-0.000727218	0.000623944	2
-128.805	39.3185	-0.000758158	0.000640472	2
-128.391	40.0482	-0.000789338	0.000656964	2
-127.958	40.7682	-0.000820728	0.000673418	2
-127.506	41.4787	-0.000852303	0.000689828	2
-127.035	42.1796	-0.000884034	0.000706191	2
-126.546	42.871	-0.000915894	0.000722501	2
-126.039	43.5528	-0.000947855	0.000738754	2
-125.514	44.2252	-0.00097989	0.000754946	2
-124.971	44.8881	-0.00101197	0.000771073	2
-124.419	45.5342	-0.0010437	0.000786945	2
-123.843	46.1783	-0.0010758	0.000802928	2
-123.251	46.8131	-0.00110785	0.000818832	2
-122.644	47.4385	-0.00113985	0.000834653	2
-122.021	48.0546	-0.00117175	0.000850385	2
-121.383	48.6614	-0.00120353	0.000866026	2
-120.731	49.2589	-0.00123517	0.00088157	2
-120.064	49.8471	-0.00126664	0.000897013	2
-119.383	50.4261	-0.0012979	0.00091235	2
-118.689	50.9958	-0.00132894	0.000927578	2
-117.982	51.5564	-0.00135972	0.000942691	2
-117.262	52.1078	-0.00139022	0.000957685	2
-116.529	52.65	-0.0014204	0.000972556	2
-115.785	53.1832	-0.00145025	0.000987299	2
-115.028	53.7072	-0.00147973	0.00100191	2
-114.261	54.2222	-0.00150882	0.00101639	2
-113.483	54.7281	-0.00153749	0.00103072	2
-112.694	55.225	-0.00156571	0.00104491	2
-111.895	55.7129	-0.00159346	0.00105895	2
-111.087	56.1919	-0.0016207	0.00107283	2
-110.269	56.6618	-0.00164741	0.00108656	2
-109.442	57.1229	-0.00167356	0.00110012	2
-108.606	57.5751	-0.00169913	0.00111351	2
-107.763	58.0184	-0.00172409	0.00112674	2
-106.921	58.4479	-0.00174812	0.00113963	2
-106.062	58.8736	-0.00177178	0.0011525	2
-105.196	59.2905	-0.00179473	0.00116518	2
-104.323	59.6986	-0.00181697	0.00117767	2
-103.444	60.098	-0.00183845	0.00118997	2
-102.558	60.4887	-0.00185916	0.00120207	2
-101.668	60.8706	-0.00187906	0.00121397	2
-100.772	61.2439	-0.00189813	0.00122566	2
-99.8708	61.6085	-0.00191634	0.00123714	2
-98.9656	61.9645	-0.00193366	0.0012484	2
-98.0562	62.3119	-0.00195006	0.00125944	2
-97.1431	62.6506	-0.00196553	0.00127025	2
-96.2267	62.9809	-0.00198002	0.00128084	2
-95.3073	63.3026	-0.00199351	0.00129119	2
-94.3853	63.6158	-0.00200598	0.0013013	2
-93.4612	63.9205	-0.0020174	0.00131117	2
-92.5352	64.2168	-0.00202773	0.00132079	2
-91.6078	64.5046	-0.00203696	0.00133016	2
-90.6793	64.784	-0.00204505	0.00133928	2
-89.7501	65.055	-0.00205198	0.00134813	2
-88.8206	65.3177	-0.00205772	0.00135672	2
-87.8912	65.572	-0.00206224	0.00136504	2
-86.9622	65.818	-0.00206552	0.00137308	2
-86.0447	66.053	-0.00206751	0.00138076	2
-85.1177	66.2826	-0.00206823	0.00138825	2
-84.1923	66.5039	-0.00206762	0.00139545	2
-83.2688	66.717	-0.00206565	0.00140236	2

-75.0027	2.00998	2.28226e-07	7.18122e-08	2
-75.2445	2.87144	1.85612e-05	5.80845e-06	2
-75.502	3.74854	3.45318e-05	1.07445e-05	2
-75.7721	4.63108	4.79549e-05	1.48327e-05	2
-76.0508	5.50862	5.87621e-05	1.80647e-05	2
-76.3443	6.40134	6.72473e-05	2.05398e-05	2
-76.6487	7.29884	7.33135e-05	2.22404e-05	2
-76.9636	8.20092	7.70038e-05	2.31909e-05	2
-77.2885	9.10734	7.83612e-05	2.34159e-05	2
-77.6228	10.0179	7.74287e-05	2.29398e-05	2
-77.9661	10.9324	7.42493e-05	2.17874e-05	2
-78.3178	11.8505	6.88661e-05	1.99829e-05	2
-78.6774	12.7721	6.13221e-05	1.75511e-05	2
-79.0443	13.697	5.16604e-05	1.45163e-05	2
-79.4182	14.6249	3.99238e-05	1.09031e-05	2
-79.7985	15.5557	2.61555e-05	6.7361e-06	2
-80.1846	16.489	1.03985e-05	2.03975e-06	2
-80.576	17.4247	-7.30422e-06	-3.16142e-06	2
-80.9723	18.3625	-2.69096e-05	-8.84289e-06	2
-81.3729	19.3023	-4.83746e-05	-1.49801e-05	2
-81.7773	20.2438	-7.16563e-05	-2.15486e-05	2
-82.1849	21.1868	-9.67116e-05	-2.85238e-05	2
-82.5954	22.1311	-0.000123497	-3.58812e-05	2
-83.0081	23.0764	-0.000151971	-4.35963e-05	2
-83.4225	24.0226	-0.000182089	-5.16445e-05	2
-83.8382	24.9693	-0.000213808	-6.00014e-05	2
-84.2498	25.9056	-0.000246695	-6.85415e-05	2
-84.6664	26.853	-0.000281471	-7.74392e-05	2
-85.0827	27.8003	-0.00031772	-8.65723e-05	2
-85.4982	28.7474	-0.000355399	-9.59162e-05	2
-85.9124	29.694	-0.000394465	-0.000105446	2
-86.3247	30.6399	-0.000434875	-0.000115138	2
-86.7346	31.5849	-0.000476586	-0.000124968	2
-87.1417	32.5287	-0.000519554	-0.000134909	2
-87.5454	33.4712	-0.000563738	-0.00014494	2
-87.9452	34.4122	-0.000609093	-0.000155033	2
-88.3406	35.3513	-0.000655577	-0.000165166	2
-88.731	36.2884	-0.000703146	-0.000175314	2
-89.116	37.2233	-0.000751758	-0.000185452	2
-89.4951	38.1557	-0.00080137	-0.000195555	2
-89.8677	39.0855	-0.000851939	-0.0002056	2
-90.2333	40.0124	-0.000903421	-0.00021556	2
-90.5914	40.9362	-0.000955774	-0.000225413	2
-90.9415	41.8566	-0.00100895	-0.000235134	2
-91.2831	42.7735	-0.00106292	-0.000244697	2
-91.6156	43.6866	-0.00111763	-0.000254079	2
-91.9386	44.5957	-0.00117303	-0.000263255	2
-92.2515	45.5007	-0.00122909	-0.0002722	2
-92.5539	46.4012	-0.00128576	-0.00028089	2
-92.8419	47.2868	-0.00134235	-0.000289206	2
-93.1217	48.1778	-0.00140011	-0.000297316	2
-93.3893	49.0638	-0.00145836	-0.000305097	2
-93.6444	49.9444	-0.00151704	-0.000312526	2
-93.8863	50.8196	-0.00157613	-0.000319577	2
-94.1145	51.689	-0.00163557	-0.000326227	2
-94.3286	52.5524	-0.00169532	-0.000332449	2
-94.528	53.4097	-0.00175534	-0.000338221	2
-94.7122	54.2606	-0.00181559	-0.000343517	2
-94.8807	55.1048	-0.00187602	-0.000348313	2
-95.033	55.9422	-0.00193659	-0.000352585	2
-95.1685	56.7726	-0.00199726	-0.000356307	2
-95.2868	57.5957	-0.00205798	-0.000359456	2
-95.3873	58.4113	-0.00211871	-0.000362007	2
-95.4696	59.2191	-0.0021794	-0.000363935	2
-95.533	60.0191	-0.00224003	-0.000365215	2
-95.5772	60.8109	-0.00230053	-0.000365824	2
-95.6015	61.5943	-0.00236087	-0.000365737	2
-95.6055	62.3691	-0.00242101	-0.000364929	2
-95.5886	63.1351	-0.0024809	-0.000363376	2
-95.5504	63.892	-0.0025405	-0.000361053	2
-95.4903	64.6398	-0.00259977	-0.000357935	2
-95.4079	65.378	-0.00265866	-0.000353999	2
-95.3025	66.1066	-0.00271713	-0.000349219	2
-95.1753	66.817	-0.00277447	-0.000343642	2
-95.0229	67.5257	-0.00283198	-0.000337112	2
-94.846	68.2239	-0.00288894	-0.000329666	2
-94.6442	68.9117	-0.00294531	-0.000321278	2
-94.4169	69.5886	-0.00300105	-0.000311925	2
-94.1636	70.2545	-0.0030561	-0.000301582	2
-93.8838	70.9093	-0.00311044	-0.000290224	2
-93.5771	71.5525	-0.00316402	-0.000277826	2
-93.2428	72.1841	-0.00321678	-0.000264365	2
-92.8804	72.8039	-0.0032687	-0.000249815	2
-92.4896	73.4115	-0.00331973	-0.000234153	2
-92.0697	74.0068	-0.00336982	-0.000217353	2
-91.6201	74.5896	-0.00341893	-0.000199391	2
-91.1406	75.1596	-0.00346702	-0.000180243	2
-90.6304	75.7166	-0.00351405	-0.000159884	2
-90.0891	76.2604	-0.00355997	-0.000138289	2
-89.5161	76.7908	-0.00360474	-0.000115435	2
-88.911	77.3076	-0.00364831	-9.12957e-05	2
-88.2733	77.8105	-0.00369065	-6.58476e-05	2
-87.6024	78.2993	-0.00373171	-3.90659e-05	2
-86.8978	78.7739	-0.00377145	-1.09261e-05	2
-86.159	79.2339	-0.00380982	1.85963e-05	2
-85.3855	79.6792	-0.00384678	4.95258e-05	2
-84.5863	80.1046	-0.00388189	8.15067e-05	2
-83.7422	80.52	-0.00391592	0.000115307	2
-82.8619	80.9199	-0.00394842	0.000150588	2
-81.9449	81.3043	-0.00397933	0.000187374	2

-25.0007	2.01209	-1.15301e-07	5.72038e-08	2
-25.0726	3.04429	-9.66269e-06	4.53235e-06	2
-25.1756	4.0741	-1.85981e-05	8.18147e-06	2
-25.3084	5.08969	-2.6834e-05	1.09713e-05	2
-25.4681	6.07988	-3.43147e-05	1.2908e-05	2
-25.6579	7.06795	-4.12416e-05	1.40603e-05	2
-25.8753	8.04255	-4.75516e-05	1.44249e-05	2
-26.1196	9.00394	-5.32724e-05	1.40257e-05	2
-26.3902	9.95237	-5.84316e-05	1.28866e-05	2
-26.6862	10.8881	-6.30568e-05	1.10317e-05	2
-27.0071	11.8114	-6.71758e-05	8.48477e-06	2
-27.352	12.7225	-7.08161e-05	5.26987e-06	2
-27.7203	13.6216	-7.40055e-05	1.41089e-06	2
-28.1113	14.509	-7.67717e-05	-3.0682e-06	2
-28.5243	15.385	-7.91422e-05	-8.14348e-06	2
-28.9586	16.2498	-8.11448e-05	-1.3791e-05	2
-29.4135	17.1037	-8.2807e-05	-1.99868e-05	2
-29.8882	17.9469	-8.41567e-05	-2.67069e-05	2
-30.382	18.7797	-8.52213e-05	-3.39275e-05	2
-30.8943	19.6023	-8.60287e-05	-4.16245e-05	2
-31.4244	20.415	-8.66064e-05	-4.9774e-05	2
-31.9715	21.218	-8.69821e-05	-5.83521e-05	2
-32.535	22.0116	-8.71835e-05	-6.73349e-05	2
-33.1141	22.7961	-8.72383e-05	-7.66983e-05	2
-33.7081	23.5716	-8.7174e-05	-8.64185e-05	2
-34.3163	24.3385	-8.70184e-05	-9.64714e-05	2
-34.9308	25.0883	-8.68019e-05	-0.000106713	2
-35.5652	25.8387	-8.65469e-05	-0.000117356	2
-36.2118	26.5812	-8.62832e-05	-0.000128261	2
-36.8697	27.3161	-8.60385e-05	-0.000139403	2
-37.5384	28.0436	-8.58404e-05	-0.000150759	2
-38.217	28.764	-8.57167e-05	-0.000162304	2
-38.9049	29.4775	-8.56949e-05	-0.000174014	2
-39.6015	30.1843	-8.58028e-05	-0.000185866	2
-40.3059	30.8848	-8.6068e-05	-0.000197835	2
-41.0175	31.5791	-8.65181e-05	-0.000209898	2
-41.7355	32.2676	-8.71809e-05	-0.000222031	2
-42.4593	32.9504	-8.8084e-05	-0.00023421	2
-43.1882	33.6279	-8.9255e-05	-0.00024641	2
-43.9215	34.3003	-9.07216e-05	-0.000258609	2
-44.6584	34.9678	-9.25115e-05	-0.000270781	2
-45.3982	35.6307	-9.46523e-05	-0.000282903	2
-46.1403	36.2893	-9.71718e-05	-0.000294951	2
-46.8839	36.9437	-0.000100097	-0.000306901	2
-47.6283	37.5943	-0.000103457	-0.00031873	2
-48.3729	38.2414	-0.000107278	-0.000330413	2
-49.1169	38.885	-0.000111589	-0.000341925	2
-49.8596	39.5256	-0.000116416	-0.000353245	2
-50.6003	40.1634	-0.000121788	-0.000364346	2
-51.3299	40.7913	-0.000127661	-0.000375083	2
-52.0645	41.4242	-0.000134198	-0.000385681	2
-52.7951	42.055	-0.000141362	-0.000395989	2
-53.5208	42.6839	-0.000149181	-0.000405985	2
-54.2411	43.3114	-0.000157683	-0.000415643	2
-54.9551	43.9374	-0.000166895	-0.00042494	2
-55.6622	44.5625	-0.000176844	-0.000433853	2
-56.3617	45.1867	-0.00018756	-0.000442356	2
-57.0529	45.8104	-0.000199068	-0.000450427	2
-57.735	46.4337	-0.000211398	-0.000458041	2
-58.4073	47.057	-0.000224576	-0.000465174	2
-59.0693	47.6805	-0.00023863	-0.000471802	2
-59.7201	48.3045	-0.000253588	-0.000477902	2
-60.359	48.9292	-0.000269477	-0.000483449	2
-60.9853	49.5548	-0.000286326	-0.00048842	2
-61.5984	50.1817	-0.000304162	-0.000492791	2
-62.1975	50.81	-0.000323012	-0.000496536	2
-62.782	51.44	-0.000342904	-0.000499634	2
-63.351	52.072	-0.000363866	-0.000502059	2
-63.904	52.7063	-0.000385926	-0.000503789	2
-64.4402	53.343	-0.000409111	-0.000504798	2
-64.9588	53.9825	-0.000433448	-0.000505062	2
-65.4593	54.6249	-0.000458966	-0.000504559	2
-65.9409	55.2706	-0.000485692	-0.000503264	2
-66.3976	55.9123	-0.000513326	-0.000501182	2
-66.8395	56.5652	-0.000542536	-0.000498241	2
-67.2603	57.2221	-0.000573038	-0.000494436	2
-67.6594	57.8832	-0.000604858	-0.000489744	2
-68.0361	58.5488	-0.000638024	-0.00048414	2
-68.3897	59.2192	-0.000672564	-0.000477601	2
-68.7194	59.8946	-0.000708506	-0.000470102	2
-69.0246	60.5753	-0.000745876	-0.000461621	2
-69.3045	61.2615	-0.000784703	-0.000452132	2
-69.5585	61.9534	-0.000825015	-0.000441612	2
-69.7858	62.6514	-0.000866839	-0.000430037	2
-69.9857	63.3556	-0.000910203	-0.000417383	2
-70.1576	64.0664	-0.000955134	-0.000403625	2
-70.3007	64.784	-0.00100166	-0.000388741	2
-70.4143	65.5086	-0.00104981	-0.000372706	2
-70.4977	66.2405	-0.00109961	-0.000355497	2
-70.5503	66.9799	-0.00115109	-0.000337088	2
-70.5712	67.7271	-0.00120427	-0.000317457	2
-70.5598	68.4824	-0.00125919	-0.000296579	2
-70.5155	69.246	-0.00131586	-0.000274431	2
-70.4374	70.0181	-0.00137433	-0.000250988	2
-70.3249	70.7991	-0.00143461	-0.000226226	2
-70.1772	71.5891	-0.00149674	-0.000200122	2
-69.9961	72.3791	-0.00155999	-0.000172976	2
-69.7765	73.1879	-0.00162587	-0.000144131	2
-69.5197	74.0065	-0.00169367	-0.000113873	2
-69.225	74.8352	-0.00176343	-8.21765e-05	2

24.996	2.01376	2.51147e-07	1.55439e-07	2
24.6412	3.18515	2.15676e-05	1.36682e-05	2
24.2613	4.34579	4.25665e-05	2.76271e-05	2
23.8606	5.48234	6.29998e-05	4.18725e-05	2
23.4445	6.58255	8.26455e-05	5.62319e-05	2
23.0036	7.67241	0.000101964	7.1035e-05	2
22.5431	8.73939	0.000120726	8.61125e-05	2
22.0633	9.7839	0.000138935	0.00010146	2
21.5647	10.8064	0.000156595	0.000117074	2
21.0476	11.8072	0.000173708	0.00013295	2
20.5123	12.7867	0.000190279	0.000149084	2
19.9594	13.7454	0.000206309	0.000165472	2
19.3891	14.6837	0.000221802	0.00018211	2
18.8019	15.602	0.000236762	0.000198993	2
18.198	16.5007	0.000251191	0.000216119	2
17.578	17.3801	0.000265093	0.000233481	2
16.9422	18.2408	0.000278471	0.000251078	2
16.2909	19.0831	0.000291328	0.000268903	2
15.6245	19.9074	0.000303667	0.000286954	2
14.9435	20.7141	0.000315492	0.000305226	2
14.2482	21.5036	0.000326806	0.000323715	2
13.539	22.2764	0.000337611	0.000342417	2
12.8163	23.0329	0.000347912	0.000361329	2
12.0804	23.7734	0.000357711	0.000380445	2
11.3317	24.4983	0.000367012	0.000399761	2
10.5707	25.2082	0.000375817	0.000419275	2
9.80661	25.8954	0.000384038	0.000438753	2
9.02208	26.5763	0.000391868	0.000458646	2
8.22631	27.2434	0.000399212	0.000478723	2
7.41968	27.897	0.000406074	0.00049898	2
6.60256	28.5374	0.000412456	0.000519414	2
5.77535	29.1652	0.000418362	0.000540019	2
4.93842	29.7807	0.000423795	0.000560793	2
4.09215	30.3843	0.000428759	0.000581731	2
3.23693	30.9765	0.000433256	0.000602829	2
2.37314	31.5576	0.00043729	0.000624083	2
1.50115	32.1281	0.000440863	0.000645488	2
0.621357	32.6883	0.000443979	0.000667041	2
-0.265868	33.2387	0.000446642	0.000688738	2
-1.16014	33.7797	0.000448854	0.000710574	2
-2.06108	34.3116	0.000450619	0.000732546	2
-2.9683	34.835	0.00045194	0.000754649	2
-3.88142	35.3501	0.000452819	0.000776879	2
-4.80007	35.8575	0.000453261	0.000799232	2
-5.72385	36.3575	0.000453269	0.000821705	2
-6.6524	36.8504	0.000452844	0.000844292	2
-7.58532	37.3369	0.000451992	0.00086699	2
-8.52223	37.8171	0.000450715	0.000889795	2
-9.46276	38.2916	0.000449016	0.000912703	2
-10.3957	38.7554	0.000446924	0.000935444	2
-11.3422	39.2197	0.000444396	0.000958544	2
-12.2913	39.6795	0.000441455	0.000981734	2
-13.2424	40.1351	0.000438106	0.00100501	2
-14.1953	40.587	0.00043435	0.00102837	2
-15.1495	41.0355	0.000430192	0.00105181	2
-16.1046	41.4812	0.000425634	0.00107532	2
-17.0603	41.9244	0.00042068	0.0010989	2
-18.0162	42.3655	0.000415333	0.00112255	2
-18.9719	42.8049	0.000409596	0.00114626	2
-19.927	43.243	0.000403472	0.00117002	2
-20.8811	43.6803	0.000396965	0.00119384	2
-21.834	44.1171	0.000390078	0.00121771	2
-22.785	44.5539	0.000382813	0.00124163	2
-23.734	44.991	0.000375175	0.00126559	2
-24.6805	45.4289	0.000367166	0.00128958	2
-25.6241	45.868	0.000358789	0.00131361	2
-26.5645	46.3086	0.000350048	0.00133767	2
-27.5013	46.7512	0.000340946	0.00136175	2
-28.434	47.1962	0.000331486	0.00138585	2
-29.3623	47.6441	0.000321672	0.00140997	2
-30.2859	48.0951	0.000311505	0.00143411	2
-31.2043	48.5498	0.000300991	0.00145825	2
-32.1172	49.0084	0.000290131	0.00148239	2
-33.0138	49.4662	0.00027906	0.00150626	2
-33.9145	49.9341	0.000267524	0.00153041	2
-34.8085	50.4073	0.000255652	0.00155454	2
-35.6955	50.8861	0.000243447	0.00157867	2
-36.5751	51.3709	0.000230913	0.00160277	2
-37.4468	51.8623	0.000218054	0.00162686	2
-38.3103	52.3605	0.000204871	0.00165093	2
-39.1652	52.866	0.000191369	0.00167496	2
-40.0112	53.3792	0.000177551	0.00169897	2
-40.8478	53.9004	0.000163419	0.00172294	2
-41.6747	54.4302	0.000148977	0.00174686	2
-42.4915	54.9689	0.000134229	0.00177075	2
-43.2978	55.517	0.000119177	0.00179458	2
-44.0932	56.0747	0.000103824	0.00181837	2
-44.8773	56.6426	8.81744e-05	0.00184209	2
-45.6499	57.2211	7.22306e-05	0.00186576	2
-46.4104	57.8105	5.59959e-05	0.00188936	2
-47.1585	58.4112	3.94736e-05	0.00191289	2
-47.8938	59.0238	2.26669e-05	0.00193635	2
-48.6159	59.6485	5.57887e-06	0.00195973	2
-49.3245	60.2858	-1.17872e-05	0.00198303	2
-50.0192	60.9361	-2.94281e-05	0.00200624	2
-50.6996	61.5998	-4.73406e-05	0.00202937	2
-51.3577	62.2694	-6.53112e-05	0.00205214	2
-52.0085	62.9609	-8.37545e-05	0.00207507	2
-52.6438	63.6671	-0.00010246	0.00209791	2
-53.2633	64.3883	-0.000121424	0.00212064	2

74.9952	2.01201	-4.32034e-08	3.1699e-07	2
74.5877	3.04426	-3.1004e-06	2.71958e-05	2
74.1909	4.08705	-4.87821e-06	5.36244e-05	2
73.8094	5.12839	-5.34747e-06	7.92952e-05	2
73.4473	6.15634	-4.53902e-06	0.000103935	2
73.0958	7.19482	-2.44796e-06	0.000128127	2
72.7592	8.23189	9.09683e-07	0.000151589	2
72.4373	9.26756	5.51985e-06	0.000174331	2
72.1298	10.3018	1.13685e-05	0.000196362	2
71.8367	11.3347	1.84416e-05	0.000217692	2
71.5577	12.3663	2.67251e-05	0.00023833	2
71.2927	13.3965	3.6205e-05	0.000258285	2
71.0415	14.4253	4.68671e-05	0.000277566	2
70.8039	15.4528	5.86976e-05	0.000296184	2
70.5798	16.479	7.16822e-05	0.000314148	2
70.3689	17.504	8.5807e-05	0.000331467	2
70.1712	18.5276	0.000101058	0.00034815	2
69.9864	19.55	0.000117421	0.000364207	2
69.8143	20.5711	0.000134882	0.000379648	2
69.6549	21.5909	0.000153427	0.000394481	2
69.5078	22.6095	0.000173042	0.000408716	2
69.3731	23.6269	0.000193713	0.000422363	2
69.2504	24.6431	0.000215426	0.00043543	2
69.1396	25.6581	0.000238167	0.000447928	2
69.0405	26.6719	0.000261921	0.000459866	2
68.953	27.6846	0.000286675	0.000471253	2
68.8776	28.6845	0.000312114	0.000481977	2
68.8126	29.6948	0.000338814	0.000492297	2
68.7586	30.7041	0.000366472	0.000502094	2
68.7154	31.7122	0.000395074	0.000511378	2
68.683	32.7192	0.000424605	0.000520158	2
68.661	33.7252	0.000455053	0.000528443	2
68.6495	34.73	0.000486401	0.000536244	2
68.6481	35.7338	0.000518638	0.000543569	2
68.6567	36.7366	0.000551747	0.000550428	2
68.6751	37.7383	0.000585717	0.00055683	2
68.7032	38.7389	0.000620531	0.000562784	2
68.7408	39.7386	0.000656177	0.000568301	2
68.7877	40.7373	0.00069264	0.000573389	2
68.8438	41.735	0.000729907	0.000578058	2
68.9088	42.7317	0.000767963	0.000582317	2
68.9826	43.7274	0.000806794	0.000586176	2
69.065	44.7222	0.000846386	0.000589645	2
69.1559	45.7161	0.000886725	0.000592731	2
69.2551	46.709	0.000927797	0.000595446	2
69.3623	47.7011	0.000969589	0.000597798	2
69.4775	48.6922	0.00101208	0.000599797	2
69.6005	49.6825	0.00105527	0.000601452	2
69.7311	50.6719	0.00109914	0.000602773	2
69.8674	51.6491	0.00114315	0.000603759	2
70.0125	52.6368	0.00118832	0.000604443	2
70.1647	53.6237	0.00123412	0.00060482	2
70.3238	54.6098	0.00128054	0.000604901	2
70.4897	55.595	0.00132757	0.000604694	2
70.6621	56.5795	0.0013752	0.000604209	2
70.8408	57.5632	0.0014234	0.000603456	2
71.0258	58.5461	0.00147217	0.000602443	2
71.2168	59.5283	0.00152148	0.000601181	2
71.4137	60.5098	0.00157134	0.000599678	2
71.6163	61.4905	0.00162171	0.000597944	2
71.8244	62.4705	0.0016726	0.000595989	2
72.0378	63.4498	0.00172398	0.000593822	2
72.2564	64.4284	0.00177584	0.000591452	2
72.48	65.4064	0.00182817	0.000588889	2
72.7085	66.3836	0.00188094	0.000586142	2
72.9416	67.3603	0.00193416	0.00058322	2
73.1792	68.3363	0.0019878	0.000580134	2
73.4211	69.3117	0.00204185	0.000576892	2
73.6671	70.2865	0.0020963	0.000573503	2
73.9171	71.2607	0.00215113	0.000569978	2
74.1709	72.2343	0.00220633	0.000566325	2
74.4283	73.2073	0.00226188	0.000562555	2
74.6892	74.1798	0.00231777	0.000558676	2
74.9503	75.1406	0.00237334	0.000554744	2
75.2175	76.112	0.00242987	0.000550677	2
75.4876	77.0829	0.00248669	0.000546529	2
75.7605	78.0533	0.0025438	0.000542311	2
76.036	79.0232	0.00260118	0.000538031	2
76.3139	79.9926	0.00265881	0.000533699	2
76.5941	80.9616	0.00271669	0.000529324	2
76.8763	81.9301	0.00277479	0.000524916	2
77.1604	82.8981	0.00283311	0.000520484	2
77.4462	83.8658	0.00289162	0.000516037	2
77.7336	84.833	0.00295033	0.000511585	2
78.0224	85.7999	0.0030092	0.000507138	2
78.3124	86.7663	0.00306823	0.000502704	2
78.6034	87.7324	0.00312741	0.000498293	2
78.8952	88.6981	0.00318671	0.000493915	2
79.1878	89.6635	0.00324613	0.000489579	2
79.4809	90.6285	0.00330565	0.000485295	2
79.7743	91.5932	0.00336526	0.000481071	2
80.0679	92.5576	0.00342494	0.000476917	2
80.3615	93.5217	0.00348468	0.000472843	2
80.6549	94.4856	0.00354447	0.000468858	2
80.948	95.4491	0.00360429	0.000464972	2
81.2405	96.4124	0.00366412	0.000461193	2
81.529	97.3644	0.00372327	0.000457573	2
81.82	98.3273	0.0037831	0.000454037	2
82.11	99.2899	0.0038429	0.000450636	2
82.3987	100.252	0.00390266	0.000447382	2

124.998	2.01349	-4.65477e-07	7.45182e-08	2
124.863	3.1611	-4.03531e-05	6.65635e-06	2
124.759	4.29722	-8.04162e-05	1.36622e-05	2
124.688	5.40869	-0.000120189	2.1016e-05	2
124.649	6.48348	-0.000159221	2.86257e-05	2
124.642	7.54688	-0.000198418	3.66667e-05	2
124.666	8.5866	-0.000237327	4.50508e-05	2
124.721	9.60294	-0.000275946	5.37766e-05	2
124.807	10.5962	-0.000314277	6.28423e-05	2
124.922	11.5668	-0.000352319	7.22466e-05	2
125.067	12.5149	-0.000390073	8.19876e-05	2
125.241	13.441	-0.000427539	9.20639e-05	2
125.444	14.3453	-0.000464717	0.000102474	2
125.674	15.2282	-0.000501608	0.000113216	2
125.932	16.0899	-0.00053821	0.000124289	2
126.217	16.9308	-0.000574526	0.00013569	2
126.529	17.7512	-0.000610555	0.000147419	2
126.866	18.5515	-0.000646297	0.000159473	2
127.23	19.3319	-0.000681752	0.000171852	2
127.618	20.0928	-0.000716921	0.000184554	2
128.031	20.8345	-0.000751804	0.000197576	2
128.469	21.5573	-0.000786401	0.000210917	2
128.93	22.2615	-0.000820712	0.000224577	2
129.414	22.9475	-0.000854738	0.000238553	2
129.921	23.6156	-0.000888478	0.000252843	2
130.45	24.2661	-0.000921934	0.000267447	2
130.995	24.8921	-0.000954724	0.000282188	2
131.567	25.5085	-0.000987614	0.000297409	2
132.16	26.1083	-0.00102022	0.000312939	2
132.774	26.6918	-0.00105254	0.000328775	2
133.407	27.2593	-0.00108458	0.000344917	2
134.06	27.8111	-0.00111633	0.000361362	2
134.731	28.3475	-0.0011478	0.000378108	2
135.421	28.8689	-0.00117898	0.000395156	2
136.13	29.3756	-0.00120989	0.000412502	2
136.855	29.8679	-0.00124051	0.000430145	2
137.598	30.3461	-0.00127084	0.000448084	2
138.357	30.8105	-0.0013009	0.000466317	2
139.132	31.2615	-0.00133067	0.000484843	2
139.922	31.6994	-0.00136016	0.000503659	2
140.728	32.1245	-0.00138937	0.000522764	2
141.548	32.5372	-0.0014183	0.000542158	2
142.383	32.9376	-0.00144694	0.000561837	2
143.231	33.3263	-0.00147531	0.000581801	2
144.092	33.7034	-0.00150339	0.000602048	2
144.966	34.0694	-0.00153119	0.000622576	2
145.853	34.4244	-0.00155872	0.000643384	2
146.751	34.769	-0.00158596	0.00066447	2
147.66	35.1033	-0.00161292	0.000685833	2
148.569	35.424	-0.0016393	0.00070722	2
149.499	35.7389	-0.0016657	0.000729128	2
150.439	36.0445	-0.00169183	0.000751308	2
151.389	36.3412	-0.00171768	0.000773758	2
152.347	36.6293	-0.00174324	0.000796477	2
153.313	36.909	-0.00176853	0.000819463	2
154.288	37.1808	-0.00179354	0.000842714	2
155.27	37.4449	-0.00181828	0.00086623	2
156.259	37.7016	-0.00184273	0.000890007	2
157.254	37.9513	-0.00186691	0.000914046	2
158.255	38.1943	-0.00189081	0.000938343	2
159.262	38.431	-0.00191443	0.000962898	2
160.274	38.6615	-0.00193777	0.000987709	2
161.29	38.8864	-0.00196084	0.00101277	2
162.311	39.1058	-0.00198363	0.00103809	2
163.335	39.3201	-0.00200614	0.00106366	2
164.362	39.5296	-0.00202838	0.00108948	2
165.392	39.7346	-0.00205034	0.00111555	2
166.423	39.9356	-0.00207202	0.00114186	2
167.457	40.1327	-0.00209343	0.00116842	2
168.492	40.3263	-0.00211456	0.00119522	2
169.527	40.5167	-0.00213542	0.00122227	2
170.563	40.7042	-0.00215601	0.00124955	2
171.599	40.8893	-0.00217631	0.00127707	2
172.621	41.07	-0.00219612	0.00130451	2
173.655	41.2509	-0.00221588	0.0013325	2
174.687	41.4303	-0.00223537	0.00136073	2
175.717	41.6084	-0.00225458	0.00138919	2
176.744	41.7855	-0.00227352	0.00141788	2
177.768	41.9621	-0.00229219	0.00144679	2
178.788	42.1383	-0.00231058	0.00147594	2
179.804	42.3146	-0.0023287	0.00150531	2
180.816	42.4912	-0.00234655	0.0015349	2
181.823	42.6685	-0.00236412	0.00156472	2
182.824	42.8468	-0.00238142	0.00159476	2
183.819	43.0263	-0.00239845	0.00162502	2
184.808	43.2075	-0.00241521	0.0016555	2
185.79	43.3907	-0.00243169	0.00168619	2
186.764	43.5761	-0.00244791	0.0017171	2
187.731	43.7641	-0.00246385	0.00174822	2
188.689	43.955	-0.00247952	0.00177955	2
189.638	44.1492	-0.00249492	0.00181109	2
190.578	44.3469	-0.00251005	0.00184284	2
191.508	44.5485	-0.00252491	0.0018748	2
192.428	44.7542	-0.0025395	0.00190696	2
193.336	44.9645	-0.00255381	0.00193933	2
194.234	45.1796	-0.00256786	0.0019719	2
195.11	45.3974	-0.00258148	0.00200429	2
195.984	45.623	-0.00259499	0.00203726	2
196.845	45.8545	-0.00260824	0.00207042	2
197.693	46.0921	-0.00262121	0.00210378	2

