-125.003	2.00991	-5.94994e-09	-6.89691e-08	2
-125.264	2.86613	-1.44654e-06	-6.14684e-06	2
-125.534	3.74032	-4.74863e-06	-1.25815e-05	2
-125.809	4.62228	-9.87028e-06	-1.92911e-05	2
-126.086	5.50145	-1.66861e-05	-2.6181e-05	2
-126.37	6.39798	-2.53191e-05	-3.33985e-05	2
-126.659	7.30141	-3.56641e-05	-4.0852e-05	2
-126.951	8.21143	-4.76851e-05	-4.85286e-05	2
-127.246	9.12776	-6.13462e-05	-5.64152e-05	2
-127.545	10.0501	-7.66114e-05	-6.44989e-05	2
-127.846	10.9782	-9.34447e-05	-7.27666e-05	2
-128.149	11.9117	-0.00011181	-8.12053e-05	2
-128.454	12.8503	-0.000131672	-8.98021e-05	2
-128.76	13.7937	-0.000152993	-9.8544e-05	2
-129.067	14.7418	-0.000175739	-0.000107418	2
-129.375	15.694	-0.000199873	-0.000116411	2
-129.684	16.6502	-0.00022536	-0.00012551	2
-129.992	17.6101	-0.000252162	-0.000134702	2
-130.3	18.5734	-0.000280245	-0.000143974	2
-130.606	19.5398	-0.000309572	-0.000153314	2
-130.912	20.5089	-0.000340108	-0.000162707	2
-131.216	21.4805	-0.000371815	-0.000172142	2
-131.518	22.4544	-0.00040466	-0.000181605	2
-131.817	23.4301	-0.000438604	-0.000191082	2
-132.114	24.4075	-0.000473613	-0.000200562	2
-132.408	25.3862	-0.00050965	-0.000210031	2
-132.694	26.3547	-0.000546248	-0.000219368	2
-132.98	27.3351	-0.000584224	-0.000228777	2
-133.262	28.316	-0.00062312	-0.000238136	2
-133.539	29.2971	-0.000662901	-0.000247432	2
-133.812	30.278	-0.000703531	-0.000256653	2
-134.078	31.2585	-0.000744973	-0.000265785	2
-134.339	32.2383	-0.000787193	-0.000274815	2
-134.594	33.217	-0.000830154	-0.000283731	2
-134.842	34.1945	-0.000873819	-0.000292519	2
-135.083	35.1703	-0.000918154	-0.000301166	2
-135.317	36.1443	-0.000963122	-0.000309659	2
-135.543	37.116	-0.00100869	-0.000317986	2
-135.761	38.0853	-0.00105481	-0.000326134	2
-135.97	39.0518	-0.00110146	-0.000334088	2
-136.171	40.0152	-0.0011486	-0.000341837	2
-136.362	40.9753	-0.0011962	-0.000349367	2
-136.543	41.9317	-0.00124421	-0.000356666	2
-136.715	42.8842	-0.0012926	-0.00036372	2
-136.876	43.8324	-0.00134133	-0.000370516	2
-137.027	44.7761	-0.00139038	-0.000377042	2
-137.166	45.715	-0.0014397	-0.000383284	2
-137.294	46.6488	-0.00148925	-0.00038923	2
-137.41	47.5771	-0.00153901	-0.000394866	2
-137.512	48.4892	-0.00158836	-0.00040012	2
-137.603	49.4059	-0.00163841	-0.000405101	2
-137.681	50.3163	-0.00168855	-0.000409734	2
-137.745	51.2202	-0.00173876	-0.000414006	2
-137.796	52.1172	-0.00178898	-0.000417904	2
-137.832	53.007	-0.00183919	-0.000421413	2
-137.854	53.8893	-0.00188935	-0.000424523	2
-137.861	54.7639	-0.00193942	-0.000427219	2
-137.853	55.6305	-0.00198937	-0.000429488	2
-137.829	56.4887	-0.00203917	-0.000431319	2
-137.788	57.3382	-0.00208876	-0.000432696	2
-137.731	58.1789	-0.00213813	-0.000433609	2
-137.658	59.0103	-0.00218723	-0.000434043	2
-137.567	59.8323	-0.00223603	-0.000433985	2
-137.458	60.6444	-0.0022845	-0.000433424	2
-137.332	61.4464	-0.00233259	-0.000432344	2
-137.187	62.238	-0.00238026	-0.000430735	2
-137.023	63.019	-0.0024275	-0.000428582	2
-136.84	63.789	-0.00247425	-0.000425873	2
-136.638	64.5477	-0.00252048	-0.000422594	2
-136.415	65.2948	-0.00256616	-0.000418733	2
-136.173	66.0301	-0.00261124	-0.000414277	2
-135.909	66.7533	-0.00265571	-0.000409212	2
-135.625	67.464	-0.00269951	-0.000403526	2
-135.322	68.154	-0.00274212	-0.000397282	2
-134.995	68.8391	-0.0027845	-0.000390322	2
-134.645	69.5109	-0.0028261	-0.000382701	2
-134.273	70.169	-0.00286691	-0.000374408	2
-133.878	70.8133	-0.00290687	-0.000365428	2
-133.459	71.4434	-0.00294595	-0.000355749	2
-133.017	72.0589	-0.00298412	-0.000345358	2
-132.551	72.6597	-0.00302134	-0.000334242	2
-132.06	73.2455	-0.00305758	-0.000322388	2
-131.544	73.8158	-0.00309279	-0.000309782	2
-131.003	74.3705	-0.00312695	-0.000296413	2
-130.436	74.9093	-0.00316001	-0.000282266	2
-129.843	75.4318	-0.00319195	-0.000267329	2
-129.224	75.9377	-0.00322272	-0.000251589	2
-128.578	76.4268	-0.00325229	-0.000235033	2
-127.905	76.8988	-0.00328062	-0.000217648	2
-127.205	77.3534	-0.00330768	-0.000199421	2
-126.476	77.7903	-0.00333342	-0.000180338	2
-125.719	78.2091	-0.00335783	-0.000160388	2
-124.934	78.6097	-0.00338085	-0.000139556	2
-124.119	78.9917	-0.00340246	-0.000117831	2
-123.275	79.3548	-0.00342261	-9.51981e-05	2
-122.401	79.6987	-0.00344127	-7.16453e-05	2
-121.508	80.0195	-0.00345822	-4.74462e-05	2
-120.574	80.3244	-0.00347382	-2.20252e-05	2
-119.608	80.6093	-0.00348782	4.35468e-06	2
-118.612	80.8738	-0.00350018	3.17065e-05	2

-74.9999	2.01149	-2.87364e-07	2.47388e-07	2
-75.0057	2.995	-2.44762e-05	2.06122e-05	2
-75.0453	3.9805	-4.7909e-05	3.94097e-05	2
-75.1179	4.95661	-7.03252e-05	5.64338e-05	2
-75.2214	5.9124	-9.15109e-05	7.15598e-05	2
-75.3573	6.87025	-0.000111985	8.51806e-05	2
-75.5238	7.81912	-0.000131523	9.7152e-05	2
-75.7202	8.75913	-0.000150151	0.000107515	2
-75.9455	9.69043	-0.000167895	0.000116312	2
-76.1991	10.6131	-0.000184784	0.000123583	2
-76.48	11.5274	-0.000200843	0.000129371	2
-76.7876	12.4333	-0.000216099	0.000133716	2
-77.1209	13.3311	-0.00023058	0.00013666	2
-77.4793	14.2207	-0.000244311	0.000138245	2
-77.8617	15.1025	-0.000257319	0.000138512	2
-78.2676	15.9765	-0.000269632	0.000137502	2
-78.696	16.8428	-0.000281277	0.000135258	2
-79.1462	17.7016	-0.000292279	0.000131819	2
-79.6174	18.553	-0.000302665	0.000127228	2
-80.1087	19.3971	-0.000312463	0.000121527	2
-80.6193	20.2342	-0.0003217	0.000114756	2
-81.1485	21.0642	-0.000330401	0.000106957	2
-81.6953	21.8873	-0.000338594	9.81713e-05	2
-82.2592	22.7038	-0.000346306	8.84408e-05	2
-82.8391	23.5136	-0.000353563	7.78067e-05	2
-83.4343	24.317	-0.000360392	6.63104e-05	2
-84.037	25.1049	-0.000366748	5.41394e-05	2
-84.6603	25.8958	-0.000372806	4.10518e-05	2
-85.2965	26.6806	-0.000378515	2.72258e-05	2
-85.9448	27.4596	-0.000383904	1.27029e-05	2
-86.6043	28.2327	-0.000388998	-2.47543e-06	2
-87.2744	29.0001	-0.000393824	-1.82678e-05	2
-87.9541	29.762	-0.00039841	-3.46328e-05	2
-88.6428	30.5185	-0.000402782	-5.15289e-05	2
-89.3394	31.2698	-0.000406966	-6.89147e-05	2
-90.0434	32.0158	-0.00041099	-8.67488e-05	2
-90.7538	32.7569	-0.00041488	-0.00010499	2
-91.4698	33.4932	-0.000418663	-0.000123596	2
-92.1907	34.2246	-0.000422366	-0.000142526	2
-92.9157	34.9515	-0.000426015	-0.000161739	2
-93.6438	35.6739	-0.000429638	-0.000181193	2
-94.3744	36.392	-0.000433261	-0.000200847	2
-95.1066	37.1058	-0.00043691	-0.000220658	2
-95.8396	37.8156	-0.000440614	-0.000240587	2
-96.5727	38.5214	-0.000444397	-0.00026059	2
-97.3049	39.2234	-0.000448288	-0.000280628	2
-98.0355	39.9218	-0.000452313	-0.000300658	2
-98.7637	40.6166	-0.000456499	-0.000320639	2
-99.4887	41.3079	-0.000460872	-0.00034053	2
-100.201	41.9881	-0.000465406	-0.000360063	2
-100.918	42.6731	-0.000470231	-0.00037965	2
-101.628	43.3551	-0.000475324	-0.000399024	2
-102.332	44.0342	-0.000480712	-0.000418141	2
-103.029	44.7105	-0.00048642	-0.000436962	2
-103.718	45.3843	-0.000492476	-0.000455444	2
-104.398	46.0555	-0.000498907	-0.000473546	2
-105.069	46.7244	-0.000505739	-0.000491226	2
-105.729	47.391	-0.000513	-0.000508444	2
-106.377	48.0556	-0.000520715	-0.000525157	2
-107.014	48.7182	-0.000528912	-0.000541324	2
-107.637	49.379	-0.000537617	-0.000556904	2
-108.247	50.0382	-0.000546858	-0.000571856	2
-108.843	50.6957	-0.00055666	-0.000586137	2
-109.423	51.3519	-0.000567052	-0.000599707	2
-109.987	52.0067	-0.000578059	-0.000612524	2
-110.535	52.6604	-0.000589708	-0.000624546	2
-111.064	53.313	-0.000602026	-0.000635733	2
-111.575	53.9648	-0.00061504	-0.000646042	2
-112.067	54.6158	-0.000628777	-0.000655433	2
-112.538	55.2662	-0.000643263	-0.000663863	2
-112.989	55.9161	-0.000658526	-0.000671292	2
-113.418	56.5656	-0.000674591	-0.000677677	2
-113.824	57.2149	-0.000691486	-0.000682978	2
-114.203	57.8566	-0.000709029	-0.000687112	2
-114.562	58.5058	-0.000727653	-0.000690134	2
-114.896	59.1552	-0.000747187	-0.000691947	2
-115.204	59.8049	-0.000767658	-0.00069251	2
-115.486	60.4551	-0.000789092	-0.000691782	2
-115.74	61.1058	-0.000811516	-0.000689722	2
-115.967	61.7572	-0.000834957	-0.000686287	2
-116.164	62.4094	-0.000859441	-0.000681437	2
-116.331	63.0626	-0.000884996	-0.00067513	2
-116.468	63.7169	-0.000911648	-0.000667324	2
-116.574	64.3724	-0.000939423	-0.000657979	2
-116.647	65.0293	-0.00096835	-0.000647052	2
-116.687	65.6876	-0.000998453	-0.000634503	2
-116.694	66.3476	-0.00102976	-0.000620289	2
-116.665	67.0094	-0.0010623	-0.00060437	2
-116.602	67.673	-0.0010961	-0.000586704	2
-116.502	68.3387	-0.00113118	-0.000567249	2
-116.365	69.0066	-0.00116757	-0.000545964	2
-116.19	69.6767	-0.0012053	-0.000522808	2
-115.977	70.3492	-0.0012444	-0.000497739	2
-115.724	71.0243	-0.00128488	-0.000470716	2
-115.431	71.7021	-0.00132679	-0.000441697	2
-115.096	72.3827	-0.00137014	-0.000410641	2
-114.725	73.0584	-0.00141444	-0.0003779	2
-114.306	73.7451	-0.00146074	-0.00034267	2
-113.845	74.4349	-0.00150857	-0.000305279	2
-113.338	75.1281	-0.00155795	-0.000265686	2

-25.0037	2.01264	-3.86148e-07	4.1472e-07	2
-25.3328	3.08835	-3.33031e-05	3.54027e-05	2
-25.6866	4.15451	-6.60252e-05	6.94483e-05	2
-26.0611	5.19885	-9.81803e-05	0.000102158	2
-26.4511	6.2101	-0.000129422	0.0001332	2
-26.8654	7.21214	-0.000160491	0.000163318	2
-27.2991	8.19347	-0.000191034	0.000192164	2
-27.7518	9.15444	-0.000221065	0.00021976	2
-28.2232	10.0954	-0.000250599	0.000246128	2
-28.7129	11.0168	-0.000279648	0.000271289	2
-29.2204	11.919	-0.000308228	0.000295265	2
-29.7454	12.8022	-0.000336352	0.000318077	2
-30.2874	13.667	-0.000364033	0.000339746	2
-30.8461	14.5136	-0.000391286	0.000360295	2
-31.421	15.3424	-0.000418125	0.000379744	2
-32.0118	16.1539	-0.000444564	0.000398115	2
-32.6181	16.9483	-0.000470615	0.000415431	2
-33.2394	17.726	-0.000496294	0.000431711	2
-33.8754	18.4875	-0.000521614	0.000446978	2
-34.5257	19.233	-0.00054659	0.000461254	2
-35.1899	19.963	-0.000571234	0.000474559	2
-35.8675	20.6778	-0.000595561	0.000486916	2
-36.5583	21.3777	-0.000619585	0.000498345	2
-37.2617	22.0632	-0.00064332	0.000508869	2
-37.9774	22.7347	-0.000666779	0.000518509	2
-38.7051	23.3924	-0.000689977	0.000527286	2
-39.4356	24.0294	-0.000712665	0.000535135	2
-40.1857	24.6609	-0.000735384	0.00054226	2
-40.9465	25.2798	-0.000757883	0.000548588	2
-41.7176	25.8865	-0.000780176	0.000554138	2
-42.4986	26.4813	-0.000802277	0.000558933	2
-43.2892	27.0646	-0.000824199	0.000562994	2
-44.0888	27.6367	-0.000845957	0.000566343	2
-44.8972	28.1981	-0.000867565	0.000569002	2
-45.7139	28.7491	-0.000889036	0.000570991	2
-46.5386	29.29	-0.000910384	0.000572332	2
-47.3707	29.8213	-0.000931624	0.000573047	2
-48.21	30.3433	-0.000952768	0.000573157	2
-49.0561	30.8563	-0.000973832	0.000572684	2
-49.9084	31.3608	-0.000994828	0.00057165	2
-50.7668	31.8571	-0.00101577	0.000570075	2
-51.6306	32.3456	-0.00103668	0.000567982	2
-52.4996	32.8266	-0.00105755	0.000565391	2
-53.3734	33.3006	-0.00107842	0.000562325	2
-54.2515	33.7678	-0.00109929	0.000558805	2
-55.1336	34.2287	-0.00112018	0.000554852	2
-56.0192	34.6836	-0.00114109	0.000550488	2
-56.908	35.1329	-0.00116205	0.000545735	2
-57.7996	35.5769	-0.00118307	0.000540614	2
-58.6833	36.0111	-0.00120392	0.00053521	2
-59.5792	36.4458	-0.00122509	0.000529421	2
-60.4766	36.8764	-0.00124637	0.000523328	2
-61.3753	37.3032	-0.00126775	0.000516953	2
-62.2747	37.7266	-0.00128927	0.000510317	2
-63.1745	38.1469	-0.00131092	0.000503441	2
-64.0744	38.5647	-0.00133273	0.000496349	2
-64.9738	38.9801	-0.00135471	0.00048906	2
-65.8724	39.3935	-0.00137688	0.000481596	2
-66.7698	39.8055	-0.00139924	0.000473979	2
-67.6656	40.2162	-0.00142181	0.000466231	2
-68.5594	40.6261	-0.0014446	0.000458372	2
-69.4508	41.0356	-0.00146763	0.000450425	2
-70.3395	41.4449	-0.00149092	0.000442411	2
-71.2249	41.8546	-0.00151447	0.000434351	2
-72.1068	42.2649	-0.0015383	0.000426267	2
-72.9847	42.6762	-0.00156243	0.000418181	2
-73.8582	43.0889	-0.00158687	0.000410114	2
-74.7269	43.5034	-0.00161162	0.000402087	2
-75.5905	43.92	-0.00163671	0.000394122	2
-76.4485	44.3391	-0.00166215	0.000386241	2
-77.3005	44.761	-0.00168796	0.000378465	2
-78.1462	45.1862	-0.00171414	0.000370815	2
-78.9851	45.615	-0.00174072	0.000363314	2
-79.8073	46.0427	-0.00176738	0.000356065	2
-80.6316	46.4798	-0.00179478	0.000348922	2
-81.448	46.9215	-0.0018226	0.000341991	2
-82.256	47.3683	-0.00185088	0.000335294	2
-83.0552	47.8206	-0.00187961	0.000328852	2
-83.8454	48.2786	-0.00190882	0.000322688	2
-84.6259	48.7429	-0.00193851	0.000316822	2
-85.3966	49.2137	-0.00196871	0.000311276	2
-86.1569	49.6914	-0.00199943	0.000306071	2
-86.9065	50.1763	-0.00203067	0.000301229	2
-87.645	50.669	-0.00206246	0.000296772	2
-88.372	51.1696	-0.00209481	0.000292721	2
-89.087	51.6787	-0.00212773	0.000289097	2
-89.7898	52.1964	-0.00216124	0.000285923	2
-90.4798	52.7234	-0.00219534	0.000283219	2
-91.1567	53.2598	-0.00223006	0.000281007	2
-91.8201	53.8061	-0.00226541	0.000279308	2
-92.4696	54.3626	-0.00230139	0.000278145	2
-93.1048	54.9297	-0.00233804	0.000277538	2
-93.7253	55.5077	-0.00237535	0.00027751	2
-94.3307	56.0971	-0.00241334	0.000278081	2
-94.9207	56.6983	-0.00245203	0.000279273	2
-95.4947	57.3115	-0.00249144	0.000281108	2
-96.0462	57.9298	-0.0025311	0.000283575	2
-96.5874	58.5681	-0.00257195	0.000286752	2
-97.1116	59.2196	-0.00261356	0.000290636	2
-97.6183	59.8846	-0.00265594	0.000295248	2

24.9967	2.01094	-7.05522e-07	2.22578e-07	2
24.7139	2.95149	-5.93793e-05	1.94013e-05	2
24.4338	3.90302	-0.000114746	3.88772e-05	2
24.1595	4.8546	-0.000166154	5.84269e-05	2
23.8942	5.79527	-0.000213133	7.78241e-05	2
23.6316	6.7469	-0.00025683	9.75191e-05	2
23.3747	7.69855	-0.000296731	0.000117286	2
23.1235	8.65019	-0.000332888	0.000137125	2
22.8779	9.60183	-0.000365358	0.000157035	2
22.6379	10.5535	-0.000394193	0.000177015	2
22.4035	11.5051	-0.000419448	0.000197064	2
22.1746	12.4566	-0.000441177	0.000217183	2
21.9511	13.4082	-0.000459435	0.000237371	2
21.733	14.3596	-0.000474275	0.000257626	2
21.5202	15.3111	-0.000485752	0.000277949	2
21.3127	16.2624	-0.000493919	0.000298338	2
21.1105	17.2137	-0.000498831	0.000318794	2
20.9134	18.1649	-0.000500543	0.000339315	2
20.7214	19.1159	-0.000499108	0.000359902	2
20.5346	20.0669	-0.00049458	0.000380552	2
20.3527	21.0178	-0.000487015	0.000401267	2
20.1759	21.9685	-0.000476465	0.000422044	2
20.0039	22.9191	-0.000462985	0.000442884	2
19.8369	23.8696	-0.000446629	0.000463786	2
19.6746	24.8199	-0.000427451	0.00048475	2
19.5172	25.77	-0.000405506	0.000505774	2
19.3661	26.7091	-0.000381147	0.000526616	2
19.218	27.6589	-0.00035386	0.000547759	2
19.0745	28.6085	-0.000323967	0.000568962	2
18.9355	29.5579	-0.000291523	0.000590222	2
18.8011	30.5071	-0.000256582	0.000611541	2
18.6711	31.4561	-0.000219197	0.000632917	2
18.5455	32.4049	-0.000179424	0.000654349	2
18.4243	33.3534	-0.000137316	0.000675837	2
18.3074	34.3017	-9.29277e-05	0.000697381	2
18.1947	35.2498	-4.63128e-05	0.00071898	2
18.0863	36.1976	2.47425e-06	0.000740633	2
17.982	37.1451	5.33793e-05	0.000762339	2
17.8818	38.0923	0.000106348	0.000784098	2
17.7856	39.0392	0.000161327	0.00080591	2
17.6935	39.9859	0.000218261	0.000827774	2
17.6053	40.9322	0.000277096	0.000849689	2
17.521	41.8782	0.000337779	0.000871654	2
17.4405	42.8239	0.000400255	0.00089367	2
17.3639	43.7693	0.000464469	0.000915735	2
17.2909	44.7143	0.000530368	0.000937849	2
17.2217	45.6589	0.000597898	0.000960011	2
17.1561	46.6032	0.000667004	0.00098222	2
17.0941	47.5472	0.000737632	0.00100448	2
17.0363	48.4799	0.000808891	0.00102652	2
16.9812	49.423	0.000882384	0.00104887	2
16.9296	50.3658	0.000957238	0.00107127	2
16.8814	51.3082	0.0010334	0.0010937	2
16.8365	52.2501	0.00111081	0.00111619	2
16.7949	53.1916	0.00118942	0.00113871	2
16.7565	54.1327	0.00126917	0.00116128	2
16.7213	55.0733	0.00135002	0.00118389	2
16.6892	56.0135	0.00143189	0.00120654	2
16.6602	56.9532	0.00151475	0.00122924	2
16.6342	57.8925	0.00159854	0.00125197	2
16.6111	58.8312	0.0016832	0.00127475	2
16.591	59.7695	0.00176867	0.00129756	2
16.5738	60.7073	0.00185492	0.00132041	2
16.5594	61.6445	0.00194187	0.0013433	2
16.5477	62.5813	0.00202947	0.00136623	2
16.5387	63.5175	0.00211768	0.00138919	2
16.5325	64.4532	0.00220644	0.00141219	2
16.5288	65.3883	0.00229569	0.00143523	2
16.5276	66.3229	0.00238538	0.0014583	2
16.529	67.257	0.00247546	0.00148141	2
16.5329	68.1904	0.00256586	0.00150455	2
16.5391	69.1233	0.00265654	0.00152772	2
16.5477	70.0556	0.00274745	0.00155093	2
16.5584	70.9765	0.00283748	0.0015739	2
16.5715	71.9076	0.00292866	0.00159717	2
16.5868	72.8381	0.00301991	0.00162047	2
16.6043	73.7679	0.00311116	0.0016438	2
16.6238	74.6971	0.00320237	0.00166716	2
16.6454	75.6257	0.00329348	0.00169054	2
16.669	76.5536	0.00338443	0.00171396	2
16.6945	77.4808	0.00347516	0.00173741	2
16.722	78.4074	0.00356564	0.00176088	2
16.7512	79.3332	0.00365579	0.00178438	2
16.7822	80.2584	0.00374558	0.00180791	2
16.815	81.1829	0.00383493	0.00183146	2
16.8495	82.1067	0.00392381	0.00185503	2
16.8856	83.0297	0.00401215	0.00187863	2
16.9232	83.9521	0.0040999	0.00190226	2
16.9624	84.8737	0.00418701	0.0019259	2
17.0031	85.7945	0.00427342	0.00194957	2
17.0452	86.7146	0.00435908	0.00197327	2
17.0886	87.6339	0.00444393	0.00199698	2
17.1334	88.5525	0.00452792	0.00202071	2
17.1795	89.4703	0.004611	0.00204447	2
17.2268	90.3872	0.00469311	0.00206824	2
17.2752	91.3034	0.00477419	0.00209203	2
17.3242	92.2083	0.00485329	0.00211557	2
17.3748	93.1228	0.00493218	0.0021394	2
17.4265	94.0366	0.00500989	0.00216324	2
17.4791	94.9495	0.00508636	0.0021871	2

75	2.01295	-4.53625e-07	1.81203e-07	2
75.0149	3.11551	-3.82952e-05	1.48886e-05	2
75.0582	4.20879	-7.42485e-05	2.80251e-05	2
75.1294	5.28009	-0.000107898	3.94408e-05	2
75.2269	6.31775	-0.000138936	4.90645e-05	2
75.3525	7.34615	-0.00016812	5.71508e-05	2
75.5049	8.35337	-0.000195116	6.36094e-05	2
75.6835	9.33965	-0.000219963	6.84713e-05	2
75.8882	10.3053	-0.0002427	7.17678e-05	2
76.1183	11.2505	-0.000263364	7.353e-05	2
76.3735	12.1756	-0.000281994	7.3789e-05	2
76.6535	13.0808	-0.00029863	7.2576e-05	2
76.9577	13.9664	-0.000313309	6.99221e-05	2
77.2859	14.8326	-0.000326071	6.58586e-05	2
77.6375	15.6797	-0.000336953	6.04165e-05	2
78.0122	16.508	-0.000345995	5.3627e-05	2
78.4096	17.3177	-0.000353235	4.55212e-05	2
78.8293	18.1091	-0.000358712	3.61303e-05	2
79.2708	18.8825	-0.000362464	2.54855e-05	2
79.7338	19.6381	-0.00036453	1.36179e-05	2
80.2178	20.3761	-0.000364948	5.58614e-07	2
80.7225	21.0969	-0.000363757	-1.36612e-05	2
81.2474	21.8007	-0.000360997	-2.90103e-05	2
81.7922	22.4877	-0.000356704	-4.54576e-05	2
82.3563	23.1583	-0.000350919	-6.2972e-05	2
82.9395	23.8126	-0.000343679	-8.15222e-05	2
83.5343	24.4438	-0.00033513	-0.000100847	2
84.1541	25.0666	-0.000325113	-0.000121364	2
84.7917	25.674	-0.000313756	-0.000142825	2
85.4467	26.2663	-0.000301099	-0.000165197	2
86.1187	26.8436	-0.00028718	-0.000188449	2
86.8072	27.4063	-0.000272038	-0.000212551	2
87.512	27.9546	-0.000255711	-0.000237471	2
88.2325	28.4888	-0.000238238	-0.000263179	2
88.9684	29.0091	-0.000219657	-0.000289642	2
89.7192	29.5157	-0.000200008	-0.000316829	2
90.4846	30.0091	-0.000179328	-0.000344711	2
91.2642	30.4893	-0.000157657	-0.000373255	2
92.0574	30.9568	-0.000135033	-0.00040243	2
92.864	31.4116	-0.000111494	-0.000432205	2
93.6836	31.8542	-8.70797e-05	-0.000462549	2
94.5156	32.2848	-6.1828e-05	-0.000493431	2
95.3598	32.7035	-3.57777e-05	-0.00052482	2
96.2157	33.1108	-8.96733e-06	-0.000556684	2
97.0828	33.5067	1.85644e-05	-0.000588993	2
97.9609	33.8917	4.67789e-05	-0.000621715	2
98.8495	34.266	7.56376e-05	-0.000654819	2
99.7481	34.6298	0.000105102	-0.000688274	2
100.656	34.9834	0.000135133	-0.000722049	2
101.563	35.3232	0.000165339	-0.000755719	2
102.49	35.6572	0.000196383	-0.000790037	2
103.425	35.9819	0.000227878	-0.000824582	2
104.367	36.2973	0.000259787	-0.000859322	2
105.318	36.6039	0.00029207	-0.000894227	2
106.276	36.9019	0.000324689	-0.000929265	2
107.24	37.1914	0.000357605	-0.000964405	2
108.211	37.4728	0.000390779	-0.000999616	2
109.188	37.7464	0.000424174	-0.00103487	2
110.171	38.0124	0.000457749	-0.00107013	2
111.159	38.2711	0.000491468	-0.00110536	2
112.151	38.5226	0.000525291	-0.00114055	2
113.148	38.7674	0.000559179	-0.00117564	2
114.149	39.0056	0.000593094	-0.00121063	2
115.154	39.2375	0.000626998	-0.00124546	2
116.162	39.4634	0.000660851	-0.00128012	2
117.172	39.6836	0.000694616	-0.00131457	2
118.185	39.8982	0.000728252	-0.00134877	2
119.2	40.1076	0.000761723	-0.00138271	2
120.217	40.312	0.000794989	-0.00141634	2
121.234	40.5117	0.000828012	-0.00144964	2
122.253	40.7069	0.000860753	-0.00148257	2
123.271	40.898	0.000893174	-0.00151511	2
124.29	41.0851	0.000925235	-0.00154722	2
125.296	41.2664	0.000956537	-0.00157851	2
126.313	41.4465	0.00098777	-0.00160968	2
127.329	41.6234	0.00101853	-0.00164032	2
128.344	41.7974	0.00104877	-0.00167042	2
129.356	41.9687	0.00107847	-0.00169993	2
130.365	42.1377	0.00110757	-0.00172883	2
131.372	42.3046	0.00113604	-0.00175708	2
132.375	42.4697	0.00116385	-0.00178465	2
133.375	42.6332	0.00119095	-0.00181152	2
134.371	42.7953	0.0012173	-0.00183765	2
135.362	42.9564	0.00124288	-0.00186301	2
136.348	43.1167	0.00126763	-0.00188757	2
137.328	43.2764	0.00129152	-0.0019113	2
138.303	43.4359	0.00131451	-0.00193416	2
139.272	43.5954	0.00133656	-0.00195613	2
140.234	43.7551	0.00135764	-0.00197718	2
141.189	43.9153	0.0013777	-0.00199726	2
142.137	44.0763	0.00139671	-0.00201636	2
143.077	44.2383	0.00141462	-0.00203444	2
144.009	44.4016	0.00143141	-0.00205148	2
144.932	44.5664	0.00144702	-0.00206742	2
145.847	44.7331	0.00146143	-0.00208226	2
146.751	44.9019	0.00147459	-0.00209595	2
147.636	45.071	0.00148634	-0.00210834	2
148.521	45.2446	0.0014969	-0.00211966	2
149.395	45.4211	0.00150611	-0.00212975	2
150.258	45.6008	0.00151391	-0.00213857	2

124.993	2.01225	-5.58689e-07	2.39987e-07	2
124.418	3.06168	-4.79847e-05	2.05381e-05	2
123.87	4.11431	-9.47214e-05	4.03919e-05	2
123.356	5.15792	-0.000140223	5.95691e-05	2
122.881	6.18066	-0.000184002	7.78685e-05	2
122.433	7.20633	-0.000227088	9.57232e-05	2
122.018	8.22299	-0.00026898	0.000112924	2
121.635	9.23065	-0.000309689	0.00012948	2
121.284	10.2293	-0.000349231	0.000145397	2
120.964	11.219	-0.000387618	0.000160684	2
120.676	12.1997	-0.000424863	0.000175348	2
120.418	13.1714	-0.00046098	0.000189398	2
120.191	14.1342	-0.000495981	0.00020284	2
119.993	15.088	-0.000529882	0.000215683	2
119.825	16.0329	-0.000562694	0.000227934	2
119.686	16.9688	-0.000594431	0.000239601	2
119.576	17.8958	-0.000625106	0.000250692	2
119.494	18.8139	-0.000654733	0.000261214	2
119.44	19.7231	-0.000683325	0.000271176	2
119.414	20.6233	-0.000710895	0.000280584	2
119.415	21.5147	-0.000737457	0.000289447	2
119.442	22.3971	-0.000763024	0.000297772	2
119.496	23.2707	-0.000787609	0.000305568	2
119.576	24.1354	-0.000811225	0.000312841	2
119.682	24.9912	-0.000833887	0.000319599	2
119.813	25.8381	-0.000855607	0.000325851	2
119.966	26.6667	-0.000876165	0.000331541	2
120.146	27.496	-0.000896052	0.000336808	2
120.35	28.3165	-0.000915036	0.000341592	2
120.577	29.1282	-0.000933133	0.000345899	2
120.827	29.9311	-0.000950354	0.000349739	2
121.101	30.7251	-0.000966713	0.000353118	2
121.397	31.5104	-0.000982223	0.000356044	2
121.715	32.2868	-0.000996898	0.000358525	2
122.054	33.0544	-0.00101075	0.000360569	2
122.415	33.8133	-0.0010238	0.000362183	2
122.796	34.5633	-0.00103604	0.000363376	2
123.199	35.3046	-0.00104751	0.000364154	2
123.621	36.0372	-0.00105821	0.000364526	2
124.063	36.761	-0.00106815	0.000364499	2
124.524	37.476	-0.00107735	0.000364081	2
125.004	38.1823	-0.00108583	0.00036328	2
125.503	38.8799	-0.00109358	0.000362103	2
126.019	39.5687	-0.00110064	0.000360559	2
126.554	40.2488	-0.001107	0.000358654	2
127.105	40.9202	-0.00111269	0.000356397	2
127.674	41.5829	-0.00111772	0.000353796	2
128.259	42.2369	-0.0011221	0.000350858	2
128.861	42.8823	-0.00112585	0.00034759	2
129.471	43.5117	-0.00112894	0.000344044	2
130.103	44.1397	-0.00113146	0.000340145	2
130.75	44.7591	-0.00113338	0.00033594	2
131.412	45.3699	-0.00113472	0.000331436	2
132.088	45.972	-0.0011355	0.000326642	2
132.778	46.5655	-0.00113571	0.000321565	2
133.481	47.1503	-0.00113539	0.000316213	2
134.198	47.7265	-0.00113454	0.000310593	2
134.927	48.2941	-0.00113317	0.000304714	2
135.668	48.8531	-0.00113129	0.000298582	2
136.421	49.4035	-0.00112893	0.000292207	2
137.185	49.9453	-0.0011261	0.000285594	2
137.96	50.4785	-0.0011228	0.000278753	2
138.746	51.0031	-0.00111905	0.000271691	2
139.543	51.5191	-0.00111487	0.000264416	2
140.349	52.0266	-0.00111026	0.000256934	2
141.164	52.5255	-0.00110524	0.000249255	2
141.989	53.0159	-0.00109983	0.000241386	2
142.822	53.4977	-0.00109404	0.000233334	2
143.664	53.971	-0.00108788	0.000225107	2
144.514	54.4358	-0.00108136	0.000216714	2
145.371	54.8921	-0.0010745	0.000208161	2
146.235	55.3398	-0.00106731	0.000199456	2
147.106	55.7791	-0.0010598	0.000190608	2
147.973	56.2049	-0.00105208	0.000181727	2
148.856	56.6273	-0.00104399	0.000172616	2
149.744	57.0412	-0.00103562	0.000163383	2
150.638	57.4466	-0.00102698	0.000154038	2
151.536	57.8435	-0.0010181	0.000144587	2
152.439	58.232	-0.00100898	0.000135039	2
153.346	58.612	-0.00099964	0.000125401	2
154.256	58.9836	-0.000990089	0.000115681	2
155.17	59.3468	-0.000980342	0.000105886	2
156.086	59.7015	-0.000970412	9.60245e-05	2
157.005	60.0479	-0.000960313	8.61042e-05	2
157.925	60.3858	-0.000950057	7.61325e-05	2
158.848	60.7153	-0.000939659	6.61174e-05	2
159.771	61.0364	-0.000929132	5.60664e-05	2
160.695	61.3491	-0.000918488	4.59874e-05	2
161.62	61.6534	-0.000907741	3.58881e-05	2
162.545	61.9494	-0.000896905	2.57761e-05	2
163.469	62.237	-0.000885993	1.56592e-05	2
164.393	62.5162	-0.000875017	5.54513e-06	2
165.315	62.7871	-0.000863993	-4.55838e-06	2
166.236	63.0497	-0.000852932	-1.46436e-05	2
167.155	63.3039	-0.000841848	-2.47028e-05	2
168.072	63.5498	-0.000830754	-3.47284e-05	2
168.975	63.7847	-0.000819792	-4.45979e-05	2
169.886	64.0141	-0.000808719	-5.45334e-05	2
170.793	64.2351	-0.000797677	-6.44121e-05	2
171.697	64.4479	-0.000786678	-7.42262e-05	2

