-125.001	2.01328	-5.34791e-07	1.66457e-07	2
-125.064	3.14293	-4.58165e-05	1.40869e-05	2
-125.096	4.26127	-9.02098e-05	2.73863e-05	2
-125.096	5.35532	-0.000133201	3.99157e-05	2
-125.066	6.41323	-0.00017434	5.15613e-05	2
-125.005	7.45991	-0.000214604	6.26113e-05	2
-124.915	8.48322	-0.000253529	7.29432e-05	2
-124.795	9.48347	-0.000291135	8.25747e-05	2
-124.645	10.461	-0.000327443	9.1523e-05	2
-124.468	11.416	-0.000362474	9.98057e-05	2
-124.261	12.3489	-0.000396248	0.00010744	2
-124.028	13.26	-0.000428787	0.000114444	2
-123.767	14.1496	-0.000460112	0.000120834	2
-123.479	15.0179	-0.000490244	0.000126628	2
-123.165	15.8653	-0.000519203	0.000131843	2
-122.825	16.6921	-0.00054701	0.000136498	2
-122.46	17.4987	-0.000573686	0.000140609	2
-122.069	18.2852	-0.000599253	0.000144193	2
-121.655	19.052	-0.000623731	0.000147269	2
-121.216	19.7995	-0.000647141	0.000149853	2
-120.754	20.5279	-0.000669503	0.000151963	2
-120.268	21.2375	-0.00069084	0.000153616	2
-119.76	21.9287	-0.000711171	0.000154831	2
-119.23	22.6017	-0.000730518	0.000155623	2
-118.678	23.2569	-0.000748901	0.000156011	2
-118.105	23.8945	-0.000766342	0.000156013	2
-117.518	24.5079	-0.000782677	0.000155651	2
-116.904	25.1116	-0.000798305	0.000154935	2
-116.271	25.6987	-0.000813054	0.000153884	2
-115.617	26.2694	-0.000826944	0.000152515	2
-114.945	26.8242	-0.000839995	0.000150847	2
-114.255	27.3632	-0.000852229	0.000148896	2
-113.546	27.8869	-0.000863666	0.00014668	2
-112.82	28.3954	-0.000874328	0.000144216	2
-112.077	28.8892	-0.000884236	0.000141522	2
-111.317	29.3685	-0.00089341	0.000138615	2
-110.541	29.8337	-0.000901871	0.000135513	2
-109.749	30.285	-0.00090964	0.000132232	2
-108.942	30.7227	-0.000916738	0.000128791	2
-108.12	31.1472	-0.000923186	0.000125207	2
-107.284	31.5588	-0.000929005	0.000121497	2
-106.434	31.9577	-0.000934215	0.000117679	2
-105.571	32.3443	-0.000938839	0.00011377	2
-104.694	32.7189	-0.000942896	0.000109788	2
-103.806	33.0818	-0.000946407	0.000105749	2
-102.905	33.4333	-0.000949394	0.000101672	2
-101.992	33.7737	-0.000951877	9.7574e-05	2
-101.069	34.1032	-0.000953878	9.3472e-05	2
-100.135	34.4224	-0.000955416	8.93836e-05	2
-99.2016	34.7278	-0.000956503	8.53727e-05	2
-98.2477	35.027	-0.000957186	8.13633e-05	2
-97.2847	35.3166	-0.000957469	7.74196e-05	2
-96.3128	35.5969	-0.000957373	7.35591e-05	2
-95.3326	35.8683	-0.00095692	6.97992e-05	2
-94.3446	36.1311	-0.00095613	6.61573e-05	2
-93.3491	36.3855	-0.000955024	6.26508e-05	2
-92.3468	36.6319	-0.000953624	5.92972e-05	2
-91.3379	36.8705	-0.000951949	5.61138e-05	2
-90.323	37.1018	-0.000950022	5.31182e-05	2
-89.3026	37.3259	-0.000947863	5.03277e-05	2
-88.277	37.5432	-0.000945492	4.77598e-05	2
-87.2469	37.7541	-0.000942931	4.54319e-05	2
-86.2125	37.9587	-0.000940201	4.33613e-05	2
-85.1745	38.1575	-0.000937322	4.15656e-05	2
-84.1332	38.3506	-0.000934315	4.00622e-05	2
-83.0891	38.5385	-0.000931202	3.88684e-05	2
-82.0427	38.7215	-0.000928004	3.80018e-05	2
-80.9945	38.8998	-0.00092474	3.74797e-05	2
-79.9448	39.0737	-0.000921433	3.73195e-05	2
-78.8942	39.2436	-0.000918102	3.75387e-05	2
-77.8431	39.4098	-0.00091477	3.81547e-05	2
-76.792	39.5725	-0.000911456	3.9185e-05	2
-75.7414	39.7321	-0.000908182	4.06469e-05	2
-74.7037	39.8871	-0.000905005	4.25333e-05	2
-73.6553	40.0415	-0.000901872	4.49053e-05	2
-72.6087	40.1936	-0.000898841	4.7761e-05	2
-71.5644	40.3438	-0.000895933	5.11179e-05	2
-70.5229	40.4924	-0.00089317	5.49934e-05	2
-69.4846	40.6397	-0.000890571	5.94049e-05	2
-68.4499	40.7861	-0.000888158	6.43698e-05	2
-67.4194	40.9318	-0.000885952	6.99055e-05	2
-66.3935	41.0771	-0.000883974	7.60295e-05	2
-65.3726	41.2224	-0.000882244	8.27593e-05	2
-64.3573	41.3679	-0.000880783	9.01121e-05	2
-63.3479	41.514	-0.000879613	9.81055e-05	2
-62.345	41.6609	-0.000878755	0.000106757	2
-61.3489	41.809	-0.000878228	0.000116084	2
-60.3603	41.9586	-0.000878055	0.000126103	2
-59.3794	42.11	-0.000878256	0.000136833	2
-58.4069	42.2635	-0.000878851	0.00014829	2
-57.4431	42.4193	-0.000879863	0.000160493	2
-56.4885	42.5779	-0.000881311	0.000173458	2
-55.5436	42.7395	-0.000883217	0.000187203	2
-54.6088	42.9044	-0.000885601	0.000201746	2
-53.6846	43.0729	-0.000888485	0.000217103	2
-52.7714	43.2453	-0.000891889	0.000233292	2
-51.8801	43.42	-0.000895787	0.000250131	2
-50.9903	43.6012	-0.000900288	0.000268027	2
-50.113	43.7872	-0.000905372	0.000286807	2
-49.2486	43.9784	-0.00091106	0.000306489	2

-75.0077	2.01272	-3.20237e-07	2.57406e-07	2
-75.6527	3.1019	-2.77963e-05	2.21391e-05	2
-76.2698	4.19357	-5.54594e-05	4.37658e-05	2
-76.8517	5.27506	-8.29853e-05	6.48863e-05	2
-77.3928	6.33411	-0.000110056	8.52725e-05	2
-77.9059	7.39539	-0.000137296	0.000105405	2
-78.3851	8.44653	-0.000164387	0.000125049	2
-78.8307	9.48757	-0.000191323	0.000144212	2
-79.2432	10.5185	-0.000218102	0.000162899	2
-79.6228	11.5394	-0.000244717	0.000181117	2
-79.9701	12.5503	-0.000271167	0.000198872	2
-80.2855	13.5511	-0.000297445	0.000216171	2
-80.5693	14.5419	-0.000323548	0.000233018	2
-80.8219	15.5228	-0.000349472	0.00024942	2
-81.0438	16.4937	-0.000375212	0.000265385	2
-81.2353	17.4546	-0.000400765	0.000280916	2
-81.3969	18.4057	-0.000426126	0.000296022	2
-81.529	19.3469	-0.000451291	0.000310708	2
-81.6319	20.2782	-0.000476255	0.00032498	2
-81.7061	21.1996	-0.000501015	0.000338844	2
-81.7519	22.1113	-0.000525567	0.000352307	2
-81.7698	23.0131	-0.000549905	0.000365375	2
-81.7602	23.9051	-0.000574026	0.000378053	2
-81.7235	24.7875	-0.000597926	0.000390349	2
-81.6601	25.66	-0.0006216	0.000402268	2
-81.5703	26.5229	-0.000645045	0.000413816	2
-81.4561	27.3663	-0.00066799	0.000424873	2
-81.3152	28.2099	-0.000690966	0.000435702	2
-81.1492	29.0439	-0.000713699	0.00044618	2
-80.9585	29.8682	-0.000736185	0.000456311	2
-80.7435	30.6829	-0.000758421	0.000466102	2
-80.5046	31.4881	-0.000780402	0.00047556	2
-80.2423	32.2837	-0.000802124	0.00048469	2
-79.9568	33.0697	-0.000823582	0.000493498	2
-79.6486	33.8463	-0.000844773	0.000501992	2
-79.3181	34.6133	-0.000865693	0.000510176	2
-78.9658	35.3709	-0.000886336	0.000518058	2
-78.592	36.119	-0.000906699	0.000525642	2
-78.1971	36.8577	-0.000926778	0.000532937	2
-77.7815	37.587	-0.000946568	0.000539946	2
-77.3457	38.3069	-0.000966066	0.000546678	2
-76.89	39.0175	-0.000985266	0.000553138	2
-76.4148	39.7187	-0.00100417	0.000559331	2
-75.9206	40.4106	-0.00102276	0.000565265	2
-75.4077	41.0932	-0.00104104	0.000570946	2
-74.8766	41.7665	-0.00105901	0.000576379	2
-74.3276	42.4306	-0.00107667	0.00058157	2
-73.7612	43.0854	-0.001094	0.000586527	2
-73.1777	43.7311	-0.001111	0.000591255	2
-72.5846	44.3603	-0.00112749	0.000595709	2
-71.9685	44.9877	-0.00114383	0.0006	2
-71.3365	45.6059	-0.00115983	0.000604081	2
-70.689	46.2151	-0.00117549	0.000607957	2
-70.0266	46.8151	-0.00119081	0.000611635	2
-69.3495	47.4061	-0.00120577	0.000615121	2
-68.6582	47.988	-0.00122037	0.000618421	2
-67.9531	48.5608	-0.00123462	0.000621542	2
-67.2345	49.1247	-0.0012485	0.000624489	2
-66.503	49.6796	-0.00126201	0.000627269	2
-65.7588	50.2255	-0.00127515	0.000629887	2
-65.0025	50.7624	-0.00128792	0.000632351	2
-64.2343	51.2905	-0.0013003	0.000634666	2
-63.4547	51.8096	-0.0013123	0.000636838	2
-62.6642	52.3199	-0.00132391	0.000638874	2
-61.863	52.8213	-0.00133512	0.000640779	2
-61.0516	53.3139	-0.00134594	0.000642561	2
-60.2305	53.7976	-0.00135635	0.000644224	2
-59.4	54.2726	-0.00136636	0.000645775	2
-58.5605	54.7388	-0.00137596	0.000647221	2
-57.7124	55.1963	-0.00138514	0.000648567	2
-56.8562	55.645	-0.00139391	0.00064982	2
-55.9922	56.085	-0.00140225	0.000650986	2
-55.1208	56.5164	-0.00141017	0.000652071	2
-54.2526	56.9343	-0.00141756	0.00065307	2
-53.3677	57.3484	-0.00142462	0.000654012	2
-52.4767	57.754	-0.00143123	0.000654891	2
-51.58	58.1509	-0.0014374	0.000655714	2
-50.6779	58.5393	-0.00144312	0.000656487	2
-49.7708	58.9191	-0.00144839	0.000657216	2
-48.8592	59.2904	-0.0014532	0.000657907	2
-47.9434	59.6532	-0.00145755	0.000658566	2
-47.024	60.0075	-0.00146143	0.000659199	2
-46.1011	60.3534	-0.00146485	0.000659814	2
-45.1754	60.6908	-0.00146779	0.000660414	2
-44.2471	61.0198	-0.00147026	0.000661008	2
-43.3167	61.3404	-0.00147224	0.000661601	2
-42.3845	61.6526	-0.00147374	0.000662199	2
-41.451	61.9564	-0.00147474	0.000662809	2
-40.5167	62.252	-0.00147526	0.000663436	2
-39.5818	62.5392	-0.00147527	0.000664087	2
-38.6468	62.8182	-0.00147478	0.000664768	2
-37.712	63.0889	-0.00147378	0.000665485	2
-36.778	63.3513	-0.00147228	0.000666244	2
-35.8451	63.6055	-0.00147025	0.000667051	2
-34.9137	63.8516	-0.00146771	0.000667913	2
-33.9842	64.0894	-0.00146464	0.000668836	2
-33.0676	64.3165	-0.00146109	0.000669814	2
-32.1431	64.5382	-0.00145697	0.000670876	2
-31.2217	64.7517	-0.00145232	0.000672017	2
-30.3038	64.9572	-0.00144712	0.000673244	2

-25.003	2.00989	6.5036e-08	3.43084e-08	2
-25.2632	2.86372	4.60633e-06	2.60547e-06	2
-25.5356	3.7345	7.10939e-06	4.4583e-06	2
-25.8166	4.61208	7.5466e-06	5.58101e-06	2
-26.1025	5.48601	5.98503e-06	5.99527e-06	2
-26.3994	6.37636	2.42543e-06	5.73298e-06	2
-26.7037	7.27273	-3.08822e-06	4.80783e-06	2
-27.0148	8.17488	-1.05185e-05	3.2423e-06	2
-27.3324	9.08253	-1.9828e-05	1.05891e-06	2
-27.656	9.99543	-3.09793e-05	-1.71985e-06	2
-27.9852	10.9133	-4.3935e-05	-5.07146e-06	2
-28.3194	11.8359	-5.86577e-05	-8.97342e-06	2
-28.6583	12.763	-7.511e-05	-1.34032e-05	2
-29.0014	13.6943	-9.32544e-05	-1.83384e-05	2
-29.3483	14.6296	-0.000113054	-2.37564e-05	2
-29.6985	15.5685	-0.00013447	-2.96347e-05	2
-30.0516	16.5109	-0.000157466	-3.59509e-05	2
-30.4071	17.4565	-0.000182005	-4.26824e-05	2
-30.7645	18.4049	-0.000208049	-4.98067e-05	2
-31.1235	19.356	-0.000235561	-5.73014e-05	2
-31.4836	20.3095	-0.000264503	-6.51439e-05	2
-31.8443	21.2652	-0.000294838	-7.33116e-05	2
-32.2052	22.2227	-0.000326528	-8.17822e-05	2
-32.5659	23.1818	-0.000359536	-9.05331e-05	2
-32.9259	24.1423	-0.000393825	-9.95418e-05	2
-33.2847	25.1038	-0.000429357	-0.000108786	2
-33.6378	26.0552	-0.000465666	-0.000118133	2
-33.993	27.0181	-0.000503559	-0.000127778	2
-34.3457	27.9814	-0.000542584	-0.000137591	2
-34.6955	28.9448	-0.000582702	-0.00014755	2
-35.0419	29.9079	-0.000623877	-0.000157631	2
-35.3845	30.8706	-0.000666071	-0.000167813	2
-35.7228	31.8326	-0.000709247	-0.000178074	2
-36.0564	32.7935	-0.000753367	-0.000188389	2
-36.3849	33.7533	-0.000798394	-0.000198738	2
-36.7077	34.7115	-0.00084429	-0.000209097	2
-37.0245	35.668	-0.000891019	-0.000219445	2
-37.3348	36.6224	-0.000938542	-0.000229757	2
-37.6381	37.5746	-0.000986823	-0.000240013	2
-37.9341	38.5242	-0.00103582	-0.00025019	2
-38.2222	39.4711	-0.00108551	-0.000260264	2
-38.502	40.4148	-0.00113583	-0.000270214	2
-38.7731	41.3553	-0.00118677	-0.000280017	2
-39.035	42.2922	-0.00123828	-0.00028965	2
-39.2873	43.2252	-0.00129031	-0.000299091	2
-39.5295	44.1541	-0.00134285	-0.000308318	2
-39.7611	45.0787	-0.00139584	-0.000317308	2
-39.9819	45.9987	-0.00144925	-0.000326038	2
-40.1912	46.9137	-0.00150305	-0.000334486	2
-40.3864	47.8133	-0.00155656	-0.000342538	2
-40.5717	48.7179	-0.00161101	-0.000350358	2
-40.7442	49.6168	-0.00166573	-0.000357829	2
-40.9036	50.5099	-0.00172068	-0.000364929	2
-41.0493	51.3967	-0.00177583	-0.000371634	2
-41.1809	52.2772	-0.00183113	-0.000377922	2
-41.298	53.1509	-0.00188656	-0.000383771	2
-41.4001	54.0177	-0.00194207	-0.000389158	2
-41.4868	54.8773	-0.00199763	-0.000394061	2
-41.5576	55.7294	-0.0020532	-0.000398457	2
-41.6121	56.5737	-0.00210874	-0.000402324	2
-41.6499	57.4101	-0.00216422	-0.000405639	2
-41.6704	58.2382	-0.00221959	-0.000408379	2
-41.6732	59.0578	-0.00227483	-0.000410523	2
-41.658	59.8687	-0.00232988	-0.000412048	2
-41.6242	60.6705	-0.00238472	-0.00041293	2
-41.5714	61.463	-0.00243931	-0.000413148	2
-41.4992	62.246	-0.00249361	-0.00041268	2
-41.407	63.0192	-0.00254758	-0.000411502	2
-41.2946	63.7822	-0.00260118	-0.000409592	2
-41.1613	64.535	-0.00265439	-0.000406928	2
-41.0068	65.2772	-0.00270715	-0.000403487	2
-40.8307	66.0085	-0.00275944	-0.000399247	2
-40.6324	66.7287	-0.00281121	-0.000394184	2
-40.4142	67.4295	-0.00286184	-0.000388351	2
-40.1706	68.1268	-0.00291248	-0.000381587	2
-39.9036	68.8123	-0.0029625	-0.000373935	2
-39.6126	69.4856	-0.00301184	-0.00036537	2
-39.2973	70.1465	-0.00306049	-0.000355872	2
-38.9572	70.7947	-0.0031084	-0.000345417	2
-38.5919	71.4301	-0.00315554	-0.000333983	2
-38.2008	72.0522	-0.00320186	-0.000321547	2
-37.7836	72.6609	-0.00324733	-0.000308088	2
-37.3399	73.2559	-0.00329191	-0.000293581	2
-36.8691	73.8369	-0.00333556	-0.000278005	2
-36.3708	74.4037	-0.00337826	-0.000261338	2
-35.8447	74.9561	-0.00341995	-0.000243557	2
-35.2901	75.4936	-0.00346061	-0.000224639	2
-34.7067	76.0162	-0.00350019	-0.000204561	2
-34.0941	76.5235	-0.00353865	-0.000183302	2
-33.4518	77.0153	-0.00357597	-0.000160839	2
-32.7793	77.4913	-0.0036121	-0.000137149	2
-32.0762	77.9513	-0.00364701	-0.00011221	2
-31.342	78.395	-0.00368065	-8.59995e-05	2
-30.5764	78.8221	-0.00371299	-5.84946e-05	2
-29.7788	79.2324	-0.003744	-2.9673e-05	2
-28.9488	79.6256	-0.00377363	4.87783e-07	2
-28.0961	79.9972	-0.00380154	3.16401e-05	2
-27.2004	80.3557	-0.00382833	6.45308e-05	2
-26.271	80.6963	-0.00385363	9.8828e-05	2
-25.3074	81.0188	-0.00387741	0.000134554	2

24.9996	2.01189	-2.35108e-07	1.76491e-07	2
24.9526	3.02779	-1.99433e-05	1.463e-05	2
24.8734	4.04308	-3.88721e-05	2.78173e-05	2
24.7629	5.04607	-5.68162e-05	3.95969e-05	2
24.6239	6.02563	-7.36153e-05	4.98921e-05	2
24.4537	7.00476	-8.96894e-05	5.89772e-05	2
24.2547	7.97219	-0.000104868	6.67598e-05	2
24.0274	8.92813	-0.000119179	7.32751e-05	2
23.7728	9.87278	-0.000132655	7.85584e-05	2
23.4915	10.8063	-0.000145323	8.26447e-05	2
23.1844	11.729	-0.000157214	8.55693e-05	2
22.8521	12.641	-0.000168358	8.73673e-05	2
22.4954	13.5425	-0.000178784	8.8074e-05	2
22.115	14.4338	-0.000188521	8.77245e-05	2
21.7118	15.315	-0.0001976	8.63541e-05	2
21.2865	16.1863	-0.000206051	8.39978e-05	2
20.8398	17.0479	-0.000213902	8.06909e-05	2
20.3724	17.9001	-0.000221184	7.64686e-05	2
19.8852	18.743	-0.000227927	7.1366e-05	2
19.3789	19.5769	-0.000234159	6.54184e-05	2
18.8543	20.4019	-0.000239911	5.86609e-05	2
18.312	21.2183	-0.000245213	5.11288e-05	2
17.7529	22.0262	-0.000250094	4.28571e-05	2
17.1777	22.8259	-0.000254583	3.38811e-05	2
16.5872	23.6175	-0.000258711	2.4236e-05	2
15.9821	24.4013	-0.000262508	1.39569e-05	2
15.3703	25.1686	-0.000265963	3.20735e-06	2
14.7384	25.9374	-0.000269188	-8.22778e-06	2
14.0942	26.699	-0.00027217	-2.01917e-05	2
13.4384	27.4535	-0.000274938	-3.26492e-05	2
12.7717	28.2013	-0.000277523	-4.55652e-05	2
12.095	28.9424	-0.000279953	-5.89044e-05	2
11.409	29.6771	-0.00028226	-7.26316e-05	2
10.7144	30.4055	-0.000284472	-8.67117e-05	2
10.012	31.128	-0.000286619	-0.000101109	2
9.30258	31.8447	-0.000288731	-0.00011579	2
8.58682	32.5557	-0.000290837	-0.000130717	2
7.86552	33.2614	-0.000292968	-0.000145857	2
7.13942	33.9618	-0.000295152	-0.000161174	2
6.40928	34.6572	-0.00029742	-0.000176632	2
5.67585	35.3479	-0.000299802	-0.000192197	2
4.93989	36.0339	-0.000302326	-0.000207833	2
4.20215	36.7156	-0.000305023	-0.000223506	2
3.46339	37.3931	-0.000307923	-0.00023918	2
2.72435	38.0666	-0.000311054	-0.000254819	2
1.9858	38.7363	-0.000314447	-0.000270389	2
1.24848	39.4025	-0.000318132	-0.000285854	2
0.51315	40.0653	-0.000322138	-0.00030118	2
-0.219434	40.7249	-0.000326495	-0.000316331	2
-0.940162	41.374	-0.000331175	-0.000331101	2
-1.66505	42.0279	-0.000336318	-0.0003458	2
-2.38494	42.6792	-0.000341901	-0.000360218	2
-3.09908	43.3282	-0.000347952	-0.000374321	2
-3.80672	43.975	-0.000354503	-0.000388074	2
-4.50709	44.6199	-0.000361582	-0.000401441	2
-5.19946	45.263	-0.00036922	-0.000414387	2
-5.88306	45.9046	-0.000377445	-0.000426877	2
-6.55713	46.5448	-0.000386289	-0.000438876	2
-7.22094	47.1839	-0.00039578	-0.000450349	2
-7.87372	47.822	-0.000405948	-0.00046126	2
-8.51471	48.4594	-0.000416823	-0.000471575	2
-9.14317	49.0963	-0.000428435	-0.000481257	2
-9.75834	49.7329	-0.000440813	-0.000490272	2
-10.3595	50.3693	-0.000453986	-0.000498586	2
-10.9458	51.0058	-0.000467986	-0.000506161	2
-11.5166	51.6425	-0.000482841	-0.000512964	2
-12.071	52.2798	-0.00049858	-0.000518959	2
-12.6085	52.9177	-0.000515235	-0.000524111	2
-13.1281	53.5566	-0.000532834	-0.000528385	2
-13.6291	54.1965	-0.000551407	-0.000531745	2
-14.1108	54.8377	-0.000570984	-0.000534157	2
-14.5724	55.4804	-0.000591594	-0.000535585	2
-15.0133	56.1248	-0.000613268	-0.000535994	2
-15.4278	56.7637	-0.000635766	-0.000535362	2
-15.825	57.4121	-0.000659642	-0.000533641	2
-16.199	58.0628	-0.00068467	-0.000530795	2
-16.5493	58.716	-0.00071088	-0.00052679	2
-16.8749	59.372	-0.000738301	-0.00052159	2
-17.1752	60.0308	-0.000766963	-0.000515161	2
-17.4494	60.6928	-0.000796895	-0.000507467	2
-17.6968	61.3581	-0.000828129	-0.000498472	2
-17.9165	62.0269	-0.000860692	-0.000488143	2
-18.1079	62.6994	-0.000894615	-0.000476443	2
-18.2702	63.3759	-0.000929927	-0.000463338	2
-18.4026	64.0565	-0.000966659	-0.000448791	2
-18.5044	64.7414	-0.00100484	-0.000432769	2
-18.5749	65.4309	-0.0010445	-0.000415236	2
-18.6132	66.1252	-0.00108567	-0.000396156	2
-18.6186	66.8243	-0.00112837	-0.000375495	2
-18.5904	67.5287	-0.00117265	-0.000353217	2
-18.5277	68.2383	-0.00121852	-0.000329287	2
-18.43	68.9536	-0.00126601	-0.00030367	2
-18.2963	69.6746	-0.00131517	-0.00027633	2
-18.126	70.4015	-0.00136601	-0.000247234	2
-17.9183	71.1347	-0.00141857	-0.000216344	2
-17.6725	71.8741	-0.00147287	-0.000183627	2
-17.3912	72.6116	-0.00152829	-0.000149455	2
-17.0672	73.3644	-0.00158616	-0.000112999	2
-16.7028	74.1241	-0.00164585	-7.46094e-05	2
-16.2973	74.891	-0.00170741	-3.42519e-05	2

74.9959	2.01333	-8.41326e-08	3.39615e-07	2
74.6292	3.14809	-7.35789e-06	2.91942e-05	2
74.2379	4.27207	-1.47959e-05	5.76835e-05	2
73.8263	5.37232	-2.23177e-05	8.548e-05	2
73.4001	6.43702	-2.98391e-05	0.000112288	2
72.9495	7.49131	-3.75387e-05	0.000138743	2
72.4799	8.52307	-4.53335e-05	0.000164542	2
71.9917	9.53272	-5.3227e-05	0.000189696	2
71.4851	10.5207	-6.1223e-05	0.000214218	2
70.9607	11.4873	-6.93254e-05	0.00023812	2
70.4187	12.4329	-7.75378e-05	0.000261414	2
69.8596	13.3581	-8.58641e-05	0.000284112	2
69.2837	14.2632	-9.43078e-05	0.000306227	2
68.6915	15.1485	-0.000102873	0.00032777	2
68.0832	16.0145	-0.000111563	0.000348753	2
67.4594	16.8616	-0.000120382	0.00036919	2
66.8203	17.6902	-0.000129334	0.000389091	2
66.1663	18.5007	-0.000138421	0.000408469	2
65.4979	19.2934	-0.000147649	0.000427336	2
64.8154	20.0688	-0.000157021	0.000445705	2
64.1191	20.8273	-0.000166541	0.000463587	2
63.4096	21.5693	-0.000176211	0.000480994	2
62.6871	22.2952	-0.000186037	0.000497939	2
61.952	23.0054	-0.000196021	0.000514434	2
61.2047	23.7002	-0.000206169	0.000530491	2
60.4457	24.3802	-0.000216482	0.000546122	2
59.6841	25.038	-0.000226844	0.000561166	2
58.9027	25.6895	-0.0002375	0.000575986	2
58.1107	26.3272	-0.000248333	0.000590416	2
57.3083	26.9516	-0.000259347	0.000604469	2
56.4961	27.5631	-0.000270546	0.000618156	2
55.6743	28.1621	-0.000281934	0.00063149	2
54.8434	28.749	-0.000293515	0.000644483	2
54.0038	29.3241	-0.000305292	0.000657147	2
53.1557	29.8879	-0.000317269	0.000669494	2
52.2997	30.4408	-0.000329449	0.000681536	2
51.436	30.9832	-0.000341838	0.000693286	2
50.5652	31.5155	-0.000354438	0.000704755	2
49.6874	32.0381	-0.000367252	0.000715956	2
48.8032	32.5513	-0.000380286	0.0007269	2
47.913	33.0556	-0.000393542	0.000737601	2
47.017	33.5514	-0.000407024	0.000748069	2
46.1157	34.0391	-0.000420737	0.000758318	2
45.2094	34.5191	-0.000434683	0.000768359	2
44.2986	34.9917	-0.000448867	0.000778205	2
43.3836	35.4575	-0.000463292	0.000787867	2
42.4648	35.9167	-0.000477963	0.000797358	2
41.5426	36.3698	-0.000492882	0.000806689	2
40.6173	36.8172	-0.000508054	0.000815874	2
39.7001	37.2542	-0.000523303	0.00082482	2
38.7699	37.6915	-0.000538988	0.000833749	2
37.8378	38.1242	-0.000554937	0.000842566	2
36.9043	38.5527	-0.000571154	0.000851286	2
35.9695	38.9776	-0.000587641	0.000859918	2
35.0341	39.3992	-0.000604404	0.000868476	2
34.0982	39.8178	-0.000621446	0.000876972	2
33.1624	40.2339	-0.00063877	0.000885418	2
32.227	40.6479	-0.000656381	0.000893826	2
31.2923	41.0601	-0.000674281	0.000902208	2
30.3588	41.4711	-0.000692476	0.000910577	2
29.4268	41.8811	-0.000710968	0.000918944	2
28.4967	42.2907	-0.000729761	0.000927321	2
27.569	42.7001	-0.000748859	0.000935722	2
26.6439	43.1098	-0.000768266	0.000944157	2
25.7218	43.5201	-0.000787986	0.000952639	2
24.8032	43.9316	-0.000808022	0.00096118	2
23.8885	44.3445	-0.000828378	0.000969792	2
22.9779	44.7594	-0.000849058	0.000978488	2
22.0719	45.1765	-0.000870066	0.00098728	2
21.1709	45.5963	-0.000891405	0.000996179	2
20.2752	46.0192	-0.000913079	0.0010052	2
19.3853	46.4455	-0.000935091	0.00101435	2
18.5015	46.8758	-0.000957447	0.00102364	2
17.6342	47.3053	-0.000979885	0.00103298	2
16.7636	47.7445	-0.00100293	0.0010426	2
15.9003	48.1887	-0.00102633	0.0010524	2
15.0446	48.6385	-0.00105009	0.00106239	2
14.197	49.0941	-0.00107421	0.00107258	2
13.3577	49.556	-0.0010987	0.001083	2
12.5272	50.0245	-0.00112355	0.00109364	2
11.7059	50.5002	-0.00114878	0.00110452	2
10.8941	50.9834	-0.00117438	0.00111565	2
10.0922	51.4744	-0.00120037	0.00112705	2
9.30066	51.9737	-0.00122673	0.00113873	2
8.51976	52.4817	-0.00125349	0.00115069	2
7.74993	52.9988	-0.00128063	0.00116296	2
6.99154	53.5254	-0.00130818	0.00117555	2
6.24498	54.0618	-0.00133612	0.00118845	2
5.51062	54.6085	-0.00136446	0.0012017	2
4.78885	55.166	-0.00139321	0.0012153	2
4.08005	55.7345	-0.00142236	0.00122925	2
3.38461	56.3145	-0.00145194	0.00124359	2
2.70289	56.9063	-0.00148193	0.00125831	2
2.03529	57.5105	-0.00151234	0.00127342	2
1.38218	58.1274	-0.00154318	0.00128895	2
0.743945	58.7573	-0.00157444	0.00130491	2
0.128042	59.3932	-0.00160577	0.0013211	2
-0.479477	60.0504	-0.0016379	0.00133793	2
-1.07098	60.7218	-0.00167047	0.00135522	2
-1.64609	61.4079	-0.00170348	0.00137298	2

124.996	2.01145	-4.48471e-07	3.29696e-07	2
124.623	2.99631	-3.76549e-05	2.84363e-05	2
124.258	3.99224	-7.25767e-05	5.63774e-05	2
123.906	4.9878	-0.0001048	8.38307e-05	2
123.568	5.97153	-0.000134034	0.000110497	2
123.239	6.96632	-0.000160992	0.000137002	2
122.921	7.96073	-0.000185354	0.000163043	2
122.615	8.95475	-0.000207154	0.000188626	2
122.32	9.94838	-0.000226427	0.000213759	2
122.036	10.9416	-0.000243206	0.000238449	2
121.764	11.9345	-0.000257526	0.000262705	2
121.502	12.9269	-0.000269421	0.000286532	2
121.251	13.919	-0.000278926	0.00030994	2
121.011	14.9106	-0.000286074	0.000332935	2
120.781	15.9019	-0.000290901	0.000355526	2
120.562	16.8927	-0.000293439	0.000377719	2
120.353	17.8832	-0.000293725	0.000399522	2
120.154	18.8732	-0.000291791	0.000420942	2
119.965	19.8629	-0.000287673	0.000441988	2
119.786	20.8521	-0.000281404	0.000462667	2
119.616	21.8409	-0.000273019	0.000482986	2
119.457	22.8293	-0.000262552	0.000502952	2
119.307	23.8173	-0.000250037	0.000522574	2
119.166	24.8049	-0.000235509	0.000541859	2
119.034	25.792	-0.000219002	0.000560815	2
118.911	26.7788	-0.000200551	0.000579448	2
118.799	27.7537	-0.000180433	0.000597558	2
118.694	28.7396	-0.000158216	0.000615573	2
118.598	29.7251	-0.000134157	0.000633288	2
118.51	30.7101	-0.00010829	0.000650712	2
118.431	31.6947	-8.06496e-05	0.000667851	2
118.36	32.6789	-5.12695e-05	0.000684713	2
118.297	33.6627	-2.01843e-05	0.000701306	2
118.243	34.646	1.25717e-05	0.000717637	2
118.196	35.6288	4.69641e-05	0.000733713	2
118.157	36.6113	8.29588e-05	0.000749543	2
118.125	37.5933	0.000120521	0.000765133	2
118.101	38.5748	0.000159618	0.000780492	2
118.085	39.5559	0.000200213	0.000795626	2
118.075	40.5366	0.000242274	0.000810544	2
118.073	41.5168	0.000285765	0.000825252	2
118.078	42.4966	0.000330653	0.000839759	2
118.089	43.4759	0.000376902	0.000854072	2
118.107	44.4547	0.00042448	0.000868198	2
118.132	45.4331	0.000473352	0.000882145	2
118.163	46.4111	0.000523482	0.00089592	2
118.201	47.3885	0.000574838	0.000909532	2
118.245	48.3656	0.000627384	0.000922987	2
118.295	49.3421	0.000681087	0.000936294	2
118.349	50.307	0.000735275	0.000949308	2
118.411	51.2826	0.000791175	0.000962341	2
118.478	52.2578	0.00084813	0.000975247	2
118.55	53.2325	0.000906103	0.000988034	2
118.628	54.2067	0.000965063	0.00100071	2
118.712	55.1805	0.00102497	0.00101328	2
118.8	56.1537	0.0010858	0.00102576	2
118.893	57.1265	0.00114751	0.00103815	2
118.991	58.0989	0.00121007	0.00105045	2
119.094	59.0707	0.00127344	0.00106268	2
119.201	60.042	0.00133759	0.00107485	2
119.313	61.0129	0.00140249	0.00108696	2
119.43	61.9833	0.00146809	0.00109902	2
119.55	62.9532	0.00153438	0.00111103	2
119.674	63.9226	0.0016013	0.00112301	2
119.803	64.8915	0.00166884	0.00113495	2
119.935	65.8599	0.00173695	0.00114688	2
120.071	66.8278	0.00180559	0.0011588	2
120.21	67.7953	0.00187475	0.00117071	2
120.353	68.7622	0.00194437	0.00118262	2
120.499	69.7286	0.00201443	0.00119453	2
120.648	70.6945	0.0020849	0.00120647	2
120.8	71.6599	0.00215573	0.00121843	2
120.955	72.6248	0.00222689	0.00123042	2
121.111	73.5781	0.00229753	0.00124232	2
121.272	74.542	0.00236926	0.00125439	2
121.434	75.5054	0.00244122	0.00126653	2
121.6	76.4683	0.00251337	0.00127872	2
121.767	77.4306	0.00258569	0.00129098	2
121.936	78.3925	0.00265814	0.00130332	2
122.108	79.3538	0.00273068	0.00131575	2
122.281	80.3146	0.00280328	0.00132827	2
122.456	81.2748	0.0028759	0.00134088	2
122.632	82.2346	0.00294852	0.00135361	2
122.81	83.1938	0.0030211	0.00136644	2
122.989	84.1525	0.00309359	0.0013794	2
123.169	85.1106	0.00316598	0.00139249	2
123.351	86.0682	0.00323822	0.00140572	2
123.533	87.0253	0.00331028	0.00141909	2
123.716	87.9819	0.00338212	0.00143262	2
123.899	88.9379	0.00345372	0.0014463	2
124.083	89.8934	0.00352503	0.00146015	2
124.268	90.8483	0.00359602	0.00147418	2
124.452	91.8027	0.00366667	0.00148838	2
124.637	92.7565	0.00373692	0.00150278	2
124.822	93.7098	0.00380676	0.00151738	2
125.006	94.6625	0.00387615	0.00153218	2
125.188	95.6038	0.00394425	0.00154702	2
125.372	96.5554	0.00401263	0.00156225	2
125.555	97.5065	0.00408045	0.00157771	2
125.738	98.4571	0.00414768	0.0015934	2

