-125.005	2.01198	-6.72408e-08	3.20229e-07	2
-125.412	3.04177	-5.1547e-06	2.74825e-05	2
-125.809	4.08214	-8.91272e-06	5.42076e-05	2
-126.19	5.12113	-1.12891e-05	8.01847e-05	2
-126.552	6.14683	-1.22951e-05	0.000105137	2
-126.904	7.18309	-1.19689e-05	0.000129655	2
-127.24	8.21801	-1.03061e-05	0.000153453	2
-127.563	9.25159	-7.3218e-06	0.00017654	2
-127.871	10.2838	-3.03106e-06	0.000198927	2
-128.164	11.3148	2.55106e-06	0.000220622	2
-128.444	12.3444	9.40948e-06	0.000241635	2
-128.71	13.3728	1.75292e-05	0.000261975	2
-128.962	14.3999	2.6895e-05	0.000281652	2
-129.201	15.4257	3.74919e-05	0.000300674	2
-129.426	16.4502	4.93049e-05	0.000319053	2
-129.638	17.4736	6.23188e-05	0.000336796	2
-129.837	18.4957	7.65187e-05	0.000353914	2
-130.023	19.5165	9.18893e-05	0.000370416	2
-130.197	20.5362	0.000108416	0.000386311	2
-130.358	21.5547	0.000126083	0.000401608	2
-130.507	22.572	0.000144876	0.000416317	2
-130.643	23.5881	0.000164779	0.000430448	2
-130.768	24.6031	0.000185778	0.00044401	2
-130.881	25.617	0.000207857	0.000457013	2
-130.982	26.6297	0.000231001	0.000469465	2
-131.072	27.6413	0.000255196	0.000481376	2
-131.149	28.6401	0.00028013	0.000492628	2
-131.217	29.6495	0.000306369	0.000503491	2
-131.273	30.6579	0.000333613	0.000513843	2
-131.319	31.6651	0.000361846	0.00052369	2
-131.354	32.6713	0.000391055	0.000533044	2
-131.379	33.6765	0.000421224	0.000541914	2
-131.393	34.6806	0.000452339	0.000550308	2
-131.398	35.6837	0.000484382	0.000558237	2
-131.392	36.6858	0.000517341	0.00056571	2
-131.377	37.6869	0.0005512	0.000572736	2
-131.352	38.687	0.000585943	0.000579325	2
-131.317	39.6861	0.000621556	0.000585486	2
-131.274	40.6843	0.000658023	0.000591229	2
-131.221	41.6815	0.00069533	0.000596562	2
-131.16	42.6778	0.000733461	0.000601496	2
-131.089	43.6732	0.000772402	0.000606039	2
-131.01	44.6676	0.000812137	0.000610202	2
-130.923	45.6612	0.000852651	0.000613994	2
-130.828	46.6539	0.000893929	0.000617423	2
-130.724	47.6457	0.000935956	0.0006205	2
-130.613	48.6366	0.000978717	0.000623234	2
-130.494	49.6267	0.0010222	0.000625634	2
-130.367	50.6159	0.00106638	0.00062771	2
-130.235	51.593	0.00111073	0.000629453	2
-130.094	52.5806	0.00115627	0.000630912	2
-129.946	53.5674	0.00120247	0.000632075	2
-129.791	54.5534	0.00124931	0.000632951	2
-129.63	55.5387	0.00129678	0.000633551	2
-129.462	56.5232	0.00134487	0.000633882	2
-129.287	57.5069	0.00139355	0.000633955	2
-129.107	58.4899	0.00144282	0.000633779	2
-128.92	59.4721	0.00149265	0.000633363	2
-128.728	60.4537	0.00154304	0.000632717	2
-128.53	61.4345	0.00159396	0.000631851	2
-128.327	62.4147	0.00164541	0.000630773	2
-128.118	63.3941	0.00169737	0.000629493	2
-127.904	64.3729	0.00174982	0.000628021	2
-127.685	65.3511	0.00180275	0.000626365	2
-127.462	66.3286	0.00185614	0.000624537	2
-127.233	67.3054	0.00190998	0.000622543	2
-127.001	68.2817	0.00196425	0.000620395	2
-126.764	69.2573	0.00201894	0.000618102	2
-126.523	70.2324	0.00207403	0.000615673	2
-126.278	71.2068	0.00212951	0.000613117	2
-126.029	72.1807	0.00218536	0.000610444	2
-125.777	73.1541	0.00224157	0.000607664	2
-125.521	74.1269	0.00229813	0.000604785	2
-125.265	75.0879	0.00235435	0.000601852	2
-125.003	76.0597	0.00241154	0.000598806	2
-124.738	77.0309	0.00246902	0.00059569	2
-124.47	78.0016	0.00252679	0.000592513	2
-124.2	78.9719	0.00258483	0.000589285	2
-123.927	79.9417	0.00264311	0.000586014	2
-123.652	80.911	0.00270164	0.000582712	2
-123.376	81.8798	0.00276039	0.000579386	2
-123.097	82.8483	0.00281934	0.000576047	2
-122.816	83.8163	0.00287848	0.000572704	2
-122.534	84.7839	0.00293781	0.000569366	2
-122.251	85.751	0.00299729	0.000566043	2
-121.966	86.7179	0.00305692	0.000562744	2
-121.681	87.6843	0.00311668	0.000559478	2
-121.394	88.6503	0.00317656	0.000556255	2
-121.107	89.6161	0.00323654	0.000553085	2
-120.82	90.5814	0.00329661	0.000549977	2
-120.532	91.5465	0.00335674	0.000546939	2
-120.243	92.5112	0.00341694	0.000543983	2
-119.955	93.4756	0.00347717	0.000541116	2
-119.667	94.4398	0.00353743	0.000538349	2
-119.38	95.4036	0.0035977	0.000535691	2
-119.093	96.3672	0.00365797	0.000533151	2
-118.81	97.3195	0.00371753	0.000530765	2
-118.524	98.2826	0.00377774	0.000528489	2
-118.239	99.2455	0.00383791	0.000526358	2
-117.956	100.208	0.00389801	0.000524384	2

-75.0017	2.01348	-4.71727e-07	8.10926e-08	2
-75.1335	3.16046	-4.0866e-05	7.19666e-06	2
-75.2337	4.29593	-8.13803e-05	1.46795e-05	2
-75.3011	5.40671	-0.000121544	2.24481e-05	2
-75.336	6.48079	-0.000160903	3.04077e-05	2
-75.3396	7.54345	-0.000200375	3.8743e-05	2
-75.3119	8.58239	-0.000239499	4.73626e-05	2
-75.2533	9.59794	-0.000278279	5.6266e-05	2
-75.1643	10.5904	-0.000316715	6.54528e-05	2
-75.0454	11.5601	-0.000354808	7.49225e-05	2
-74.8971	12.5074	-0.000392561	8.46746e-05	2
-74.7198	13.4325	-0.000429973	9.47086e-05	2
-74.5141	14.3359	-0.000467048	0.000105024	2
-74.2803	15.2177	-0.000503785	0.000115621	2
-74.019	16.0785	-0.000540186	0.000126498	2
-73.7307	16.9183	-0.000576253	0.000137655	2
-73.4158	17.7377	-0.000611987	0.000149091	2
-73.0748	18.5369	-0.000647389	0.000160807	2
-72.7083	19.3162	-0.000682461	0.000172801	2
-72.3166	20.076	-0.000717204	0.000185074	2
-71.9003	20.8165	-0.000751619	0.000197624	2
-71.4598	21.5381	-0.000785707	0.000210452	2
-70.9956	22.2411	-0.00081947	0.000223556	2
-70.5082	22.9259	-0.00085291	0.000236936	2
-69.9981	23.5927	-0.000886027	0.000250593	2
-69.4658	24.2419	-0.000918823	0.000264524	2
-68.9181	24.8666	-0.000950928	0.000278566	2
-68.343	25.4817	-0.000983089	0.000293044	2
-67.747	26.0801	-0.00101493	0.000307795	2
-67.1307	26.6622	-0.00104646	0.00032282	2
-66.4945	27.2282	-0.00107768	0.000338119	2
-65.839	27.7785	-0.00110858	0.000353689	2
-65.1645	28.3135	-0.00113917	0.000369532	2
-64.4716	28.8334	-0.00116945	0.000385646	2
-63.7608	29.3385	-0.00119941	0.000402031	2
-63.0326	29.8292	-0.00122908	0.000418687	2
-62.2874	30.3059	-0.00125843	0.000435613	2
-61.5256	30.7687	-0.00128748	0.000452809	2
-60.7479	31.2181	-0.00131623	0.000470273	2
-59.9546	31.6543	-0.00134467	0.000488007	2
-59.1462	32.0777	-0.00137281	0.000506009	2
-58.3233	32.4886	-0.00140066	0.000524278	2
-57.4862	32.8874	-0.0014282	0.000542815	2
-56.6355	33.2742	-0.00145545	0.000561619	2
-55.7717	33.6496	-0.0014824	0.000580689	2
-54.8952	34.0137	-0.00150906	0.000600025	2
-54.0066	34.3669	-0.00153542	0.000619627	2
-53.1062	34.7096	-0.00156149	0.000639493	2
-52.1946	35.042	-0.00158727	0.000659624	2
-51.2829	35.3608	-0.00161248	0.000679783	2
-50.3504	35.6738	-0.00163768	0.000700438	2
-49.4081	35.9775	-0.0016626	0.000721356	2
-48.4565	36.2722	-0.00168724	0.000742537	2
-47.496	36.5582	-0.00171159	0.000763981	2
-46.5272	36.8359	-0.00173566	0.000785685	2
-45.5505	37.1056	-0.00175945	0.000807651	2
-44.5664	37.3677	-0.00178296	0.000829878	2
-43.5754	37.6223	-0.00180619	0.000852365	2
-42.5779	37.8699	-0.00182914	0.000875111	2
-41.5745	38.1108	-0.00185182	0.000898117	2
-40.5656	38.3452	-0.00187422	0.000921382	2
-39.5517	38.5736	-0.00189635	0.000944905	2
-38.5333	38.7962	-0.00191821	0.000968686	2
-37.5109	39.0133	-0.0019398	0.000992724	2
-36.4848	39.2254	-0.00196111	0.00101702	2
-35.4557	39.4326	-0.00198216	0.00104157	2
-34.424	39.6353	-0.00200295	0.00106638	2
-33.3902	39.8339	-0.00202347	0.00109144	2
-32.3547	40.0286	-0.00204372	0.00111676	2
-31.318	40.2199	-0.00206371	0.00114233	2
-30.2807	40.4079	-0.00208344	0.00116816	2
-29.2431	40.593	-0.00210291	0.00119424	2
-28.2058	40.7756	-0.00212212	0.00122057	2
-27.1812	40.9538	-0.00214086	0.00124685	2
-26.1459	41.1323	-0.00215956	0.00127369	2
-25.1123	41.3091	-0.00217801	0.00130078	2
-24.0808	41.4847	-0.00219621	0.00132812	2
-23.052	41.6593	-0.00221415	0.0013557	2
-22.0264	41.8332	-0.00223184	0.00138354	2
-21.0044	42.0069	-0.00224928	0.00141163	2
-19.9865	42.1805	-0.00226648	0.00143997	2
-18.9731	42.3545	-0.00228342	0.00146856	2
-17.9648	42.5291	-0.00230013	0.0014974	2
-16.9621	42.7047	-0.00231659	0.00152648	2
-15.9653	42.8816	-0.0023328	0.00155581	2
-14.9751	43.06	-0.00234878	0.00158539	2
-13.9918	43.2404	-0.00236451	0.00161522	2
-13.016	43.4231	-0.00238001	0.00164529	2
-12.0482	43.6083	-0.00239527	0.00167561	2
-11.0887	43.7964	-0.00241029	0.00170617	2
-10.1381	43.9877	-0.00242508	0.00173697	2
-9.19693	44.1825	-0.00243963	0.00176803	2
-8.26559	44.3812	-0.00245396	0.00179932	2
-7.34457	44.5841	-0.00246805	0.00183086	2
-6.43436	44.7915	-0.00248191	0.00186264	2
-5.53544	45.0037	-0.00249555	0.00189466	2
-4.65842	45.2184	-0.0025088	0.00192655	2
-3.78337	45.4412	-0.00252199	0.00195906	2
-2.92104	45.6696	-0.00253495	0.0019918	2
-2.07192	45.9042	-0.00254769	0.00202479	2

-25.008	2.01308	-1.44263e-08	1.72656e-07	2
-25.6768	3.13234	-1.86927e-06	1.50679e-05	2
-26.3188	4.25409	-4.96387e-06	3.02281e-05	2
-26.9265	5.36526	-9.25771e-06	4.5477e-05	2
-27.4938	6.4533	-1.46553e-05	6.06341e-05	2
-28.0343	7.54353	-2.12562e-05	7.60483e-05	2
-28.5415	8.62326	-2.89784e-05	9.15403e-05	2
-29.0159	9.69253	-3.77957e-05	0.000107106	2
-29.4578	10.7513	-4.76819e-05	0.000122743	2
-29.8677	11.7997	-5.86111e-05	0.000138446	2
-30.2458	12.8377	-7.0557e-05	0.000154212	2
-30.5926	13.8654	-8.34936e-05	0.000170038	2
-30.9084	14.8826	-9.73948e-05	0.000185919	2
-31.1937	15.8896	-0.000112234	0.000201852	2
-31.4488	16.8863	-0.000127986	0.000217834	2
-31.674	17.8726	-0.000144625	0.000233861	2
-31.8698	18.8488	-0.000162123	0.000249929	2
-32.0366	19.8147	-0.000180455	0.000266034	2
-32.1747	20.7704	-0.000199596	0.000282173	2
-32.2845	21.716	-0.000219518	0.000298342	2
-32.3664	22.6513	-0.000240196	0.000314538	2
-32.4208	23.5766	-0.000261603	0.000330757	2
-32.448	24.4918	-0.000283714	0.000346995	2
-32.4484	25.3969	-0.000306502	0.000363248	2
-32.4225	26.2919	-0.000329942	0.000379513	2
-32.3705	27.177	-0.000354007	0.000395787	2
-32.2939	28.042	-0.000378384	0.000411877	2
-32.1913	28.9071	-0.000403614	0.000428156	2
-32.0639	29.7624	-0.000429391	0.000444432	2
-31.9119	30.6076	-0.00045569	0.000460702	2
-31.7358	31.443	-0.000482483	0.000476962	2
-31.536	32.2685	-0.000509745	0.000493208	2
-31.3128	33.0842	-0.00053745	0.000509437	2
-31.0667	33.89	-0.000565572	0.000525645	2
-30.7979	34.6861	-0.000594084	0.000541828	2
-30.5069	35.4723	-0.000622961	0.000557982	2
-30.1941	36.2488	-0.000652175	0.000574105	2
-29.8598	37.0156	-0.000681702	0.000590192	2
-29.5044	37.7727	-0.000711515	0.00060624	2
-29.1284	38.5201	-0.000741588	0.000622245	2
-28.732	39.2578	-0.000771895	0.000638204	2
-28.3156	39.9859	-0.00080241	0.000654112	2
-27.8797	40.7044	-0.000833106	0.000669966	2
-27.4247	41.4134	-0.000863957	0.000685762	2
-26.9508	42.1127	-0.000894939	0.000701498	2
-26.4585	42.8026	-0.000926023	0.000717168	2
-25.9481	43.4829	-0.000957185	0.00073277	2
-25.4201	44.1538	-0.000988398	0.0007483	2
-24.8748	44.8152	-0.00101964	0.000763754	2
-24.3191	45.4598	-0.00105051	0.000778952	2
-23.7406	46.1025	-0.00108172	0.000794244	2
-23.1459	46.7358	-0.00111288	0.000809449	2
-22.5355	47.3597	-0.00114396	0.000824564	2
-21.9096	47.9744	-0.00117493	0.000839585	2
-21.2687	48.5797	-0.00120577	0.000854508	2
-20.6133	49.1757	-0.00123645	0.000869329	2
-19.9435	49.7625	-0.00126695	0.000884046	2
-19.2599	50.34	-0.00129725	0.000898654	2
-18.5628	50.9084	-0.0013273	0.000913149	2
-17.8526	51.4676	-0.00135709	0.000927528	2
-17.1296	52.0176	-0.0013866	0.000941788	2
-16.3944	52.5584	-0.00141579	0.000955924	2
-15.6471	53.0902	-0.00144464	0.000969934	2
-14.8882	53.6129	-0.00147312	0.000983812	2
-14.1182	54.1265	-0.00150121	0.000997556	2
-13.3372	54.6311	-0.00152889	0.00101116	2
-12.5459	55.1267	-0.00155612	0.00102463	2
-11.7445	55.6133	-0.00158287	0.00103795	2
-10.9333	56.091	-0.00160914	0.00105112	2
-10.1129	56.5597	-0.00163487	0.00106413	2
-9.28353	57.0195	-0.00166006	0.001077	2
-8.44561	57.4704	-0.00168468	0.0010897	2
-7.59951	57.9125	-0.00170869	0.00110224	2
-6.75548	58.3408	-0.00173181	0.00111446	2
-5.89426	58.7653	-0.00175455	0.00112667	2
-5.026	59.181	-0.00177661	0.00113869	2
-4.15107	59.588	-0.00179796	0.00115054	2
-3.26987	59.9863	-0.00181858	0.00116221	2
-2.38277	60.3758	-0.00183845	0.00117369	2
-1.49015	60.7566	-0.00185753	0.00118498	2
-0.592394	61.1288	-0.0018758	0.00119608	2
0.310126	61.4924	-0.00189324	0.00120699	2
1.21703	61.8473	-0.00190981	0.00121769	2
2.12793	62.1937	-0.0019255	0.00122819	2
3.04245	62.5315	-0.00194027	0.00123848	2
3.96022	62.8607	-0.0019541	0.00124856	2
4.88084	63.1815	-0.00196696	0.00125843	2
5.80395	63.4937	-0.00197884	0.00126808	2
6.72916	63.7975	-0.00198969	0.0012775	2
7.65609	64.0929	-0.0019995	0.0012867	2
8.58436	64.3798	-0.00200824	0.00129567	2
9.5136	64.6584	-0.00201588	0.00130441	2
10.4434	64.9286	-0.00202239	0.00131291	2
11.3734	65.1904	-0.00202776	0.00132117	2
12.3033	65.444	-0.00203195	0.00132919	2
13.2326	65.6892	-0.00203494	0.00133696	2
14.1503	65.9236	-0.00203669	0.00134439	2
15.0773	66.1524	-0.00203722	0.00135165	2
16.0027	66.3731	-0.00203646	0.00135866	2
16.926	66.5855	-0.0020344	0.0013654	2

24.9972	2.00998	2.17742e-07	7.11153e-08	2
24.7538	2.87089	1.76637e-05	5.74789e-06	2
24.4948	3.74752	3.27662e-05	1.06236e-05	2
24.2235	4.62968	4.53502e-05	1.46516e-05	2
23.9438	5.50691	5.53561e-05	1.78243e-05	2
23.6495	6.3994	6.30588e-05	2.02397e-05	2
23.3446	7.29675	6.83705e-05	2.18809e-05	2
23.0293	8.19873	7.13338e-05	2.27724e-05	2
22.7044	9.10514	7.19915e-05	2.29387e-05	2
22.3702	10.0157	7.03861e-05	2.24045e-05	2
22.0272	10.9303	6.65604e-05	2.11942e-05	2
21.6761	11.8486	6.05571e-05	1.93325e-05	2
21.3172	12.7705	5.24187e-05	1.68438e-05	2
20.9512	13.6957	4.2188e-05	1.37528e-05	2
20.5785	14.6239	2.99075e-05	1.0084e-05	2
20.1995	15.5551	1.56201e-05	5.86194e-06	2
19.815	16.4888	-6.31669e-07	1.11122e-06	2
19.4252	17.425	-1.88051e-05	-4.14363e-06	2
19.0308	18.3634	-3.88576e-05	-9.87804e-06	2
18.6323	19.3038	-6.07464e-05	-1.60675e-05	2
18.2301	20.2459	-8.4429e-05	-2.26873e-05	2
17.8249	21.1896	-0.000109863	-2.97131e-05	2
17.417	22.1345	-0.000137004	-3.71202e-05	2
17.007	23.0806	-0.000165812	-4.4884e-05	2
16.5954	24.0275	-0.000196243	-5.29801e-05	2
16.1828	24.9751	-0.000228254	-6.13838e-05	2
15.7743	25.9122	-0.000261408	-6.99693e-05	2
15.361	26.8604	-0.000296435	-7.89118e-05	2
14.9482	27.8086	-0.000332914	-8.80886e-05	2
14.5363	28.7566	-0.000370804	-9.74752e-05	2
14.1258	29.7041	-0.000410061	-0.000107047	2
13.7174	30.6509	-0.000450644	-0.000116779	2
13.3114	31.5968	-0.000492508	-0.000126647	2
12.9084	32.5416	-0.000535612	-0.000136627	2
12.5089	33.4851	-0.000579912	-0.000146694	2
12.1134	34.427	-0.000625367	-0.000156823	2
11.7225	35.3671	-0.000671934	-0.00016699	2
11.3365	36.3052	-0.000719569	-0.00017717	2
10.9562	37.241	-0.00076823	-0.000187339	2
10.5818	38.1744	-0.000817875	-0.000197471	2
10.214	39.1051	-0.000868461	-0.000207544	2
9.85331	40.033	-0.000919945	-0.000217531	2
9.50018	40.9577	-0.000972285	-0.000227409	2
9.15512	41.879	-0.00102544	-0.000237153	2
8.81867	42.7968	-0.00107936	-0.000246738	2
8.49132	43.7108	-0.00113401	-0.00025614	2
8.17359	44.6208	-0.00118935	-0.000265334	2
7.86599	45.5266	-0.00124532	-0.000274296	2
7.56902	46.428	-0.0013019	-0.000283001	2
7.28642	47.3143	-0.00135837	-0.00029133	2
7.01211	48.2062	-0.00141602	-0.000299451	2
6.74996	49.0929	-0.00147413	-0.000307242	2
6.50048	49.9742	-0.00153267	-0.000314678	2
6.26418	50.8501	-0.0015916	-0.000321734	2
6.04157	51.7201	-0.00165088	-0.000328387	2
5.83316	52.5841	-0.00171045	-0.000334611	2
5.63945	53.4419	-0.00177029	-0.000340382	2
5.46096	54.2933	-0.00183034	-0.000345675	2
5.29819	55.138	-0.00189056	-0.000350467	2
5.15166	55.9758	-0.00195092	-0.000354731	2
5.02188	56.8065	-0.00201136	-0.000358444	2
4.90935	57.6299	-0.00207185	-0.000361582	2
4.81458	58.4458	-0.00213234	-0.000364118	2
4.7381	59.2538	-0.00219279	-0.00036603	2
4.68039	60.0539	-0.00225315	-0.000367293	2
4.64198	60.8457	-0.0023134	-0.000367881	2
4.62337	61.6291	-0.00237347	-0.00036777	2
4.62508	62.4038	-0.00243334	-0.000366937	2
4.64761	63.1697	-0.00249295	-0.000365355	2
4.69147	63.9264	-0.00255226	-0.000363002	2
4.75718	64.6739	-0.00261124	-0.000359851	2
4.84523	65.4117	-0.00266983	-0.000355879	2
4.95615	66.1398	-0.002728	-0.000351061	2
5.08876	66.8497	-0.00278505	-0.000345443	2
5.24665	67.5578	-0.00284225	-0.000338869	2
5.42893	68.2553	-0.0028989	-0.000331377	2
5.6361	68.9423	-0.00295495	-0.00032294	2
5.86867	69.6183	-0.00301037	-0.000313535	2
6.12716	70.2833	-0.00306511	-0.000303137	2
6.41207	70.9369	-0.00311913	-0.000291721	2
6.72392	71.579	-0.00317238	-0.000279263	2
7.06321	72.2093	-0.00322482	-0.000265738	2
7.43045	72.8277	-0.00327642	-0.000251122	2
7.82615	73.4338	-0.00332712	-0.00023539	2
8.25082	74.0275	-0.00337689	-0.000218517	2
8.70498	74.6085	-0.00342568	-0.00020048	2
9.18912	75.1767	-0.00347344	-0.000181253	2
9.70377	75.7318	-0.00352015	-0.000160812	2
10.2494	76.2736	-0.00356575	-0.000139132	2
10.8266	76.8018	-0.00361019	-0.00011619	2
11.4358	77.3163	-0.00365345	-9.19589e-05	2
12.0775	77.8168	-0.00369548	-6.6416e-05	2
12.7523	78.3031	-0.00373622	-3.95361e-05	2
13.4607	78.7749	-0.00377565	-1.12948e-05	2
14.2031	79.2321	-0.00381371	1.83324e-05	2
14.9801	79.6745	-0.00385038	4.93703e-05	2
15.7827	80.0969	-0.00388519	8.14617e-05	2
16.6299	80.509	-0.00391893	0.000115377	2
17.5133	80.9056	-0.00395114	0.000150777	2
18.4333	81.2864	-0.00398177	0.000187685	2

74.9994	2.01208	-1.2265e-07	6.47078e-08	2
74.9284	3.04383	-1.02926e-05	5.16812e-06	2
74.8262	4.07327	-1.9839e-05	9.41895e-06	2
74.6943	5.08857	-2.86671e-05	1.27772e-05	2
74.5352	6.07855	-3.67149e-05	1.52436e-05	2
74.3461	7.06648	-4.41972e-05	1.69001e-05	2
74.1294	8.04102	-5.10443e-05	1.77377e-05	2
73.8856	9.00243	-5.72842e-05	1.7781e-05	2
73.6156	9.95095	-6.29446e-05	1.70547e-05	2
73.32	10.8868	-6.80534e-05	1.55836e-05	2
72.9996	11.8103	-7.26385e-05	1.33921e-05	2
72.655	12.7217	-7.67276e-05	1.05051e-05	2
72.287	13.6212	-8.03487e-05	6.94717e-06	2
71.8963	14.509	-8.35296e-05	2.74296e-06	2
71.4835	15.3855	-8.62981e-05	-2.08284e-06	2
71.0495	16.2509	-8.86821e-05	-7.50557e-06	2
70.5948	17.1053	-9.07095e-05	-1.35006e-05	2
70.1202	17.9491	-9.2408e-05	-2.00431e-05	2
69.6265	18.7826	-9.38055e-05	-2.71087e-05	2
69.1142	19.6059	-9.49299e-05	-3.46725e-05	2
68.5842	20.4194	-9.58091e-05	-4.27098e-05	2
68.0372	21.2232	-9.64708e-05	-5.11962e-05	2
67.4738	22.0177	-9.69429e-05	-6.01068e-05	2
66.8947	22.803	-9.72533e-05	-6.9417e-05	2
66.3007	23.5795	-9.74298e-05	-7.91021e-05	2
65.6925	24.3473	-9.75003e-05	-8.91375e-05	2
65.0779	25.0981	-9.7493e-05	-9.93777e-05	2
64.4435	25.8495	-9.74353e-05	-0.000110036	2
63.7969	26.5931	-9.73549e-05	-0.000120972	2
63.139	27.329	-9.72794e-05	-0.000132159	2
62.4703	28.0576	-9.72369e-05	-0.000143573	2
61.7917	28.7791	-9.72551e-05	-0.00015519	2
61.1037	29.4937	-9.73618e-05	-0.000166985	2
60.4072	30.2016	-9.7585e-05	-0.000178933	2
59.7029	30.9032	-9.79524e-05	-0.000191009	2
58.9913	31.5987	-9.8492e-05	-0.00020319	2
58.2733	32.2884	-9.92315e-05	-0.00021545	2
57.5496	32.9724	-0.000100199	-0.000227764	2
56.8208	33.651	-0.000101422	-0.000240108	2
56.0877	34.3246	-0.000102928	-0.000252458	2
55.351	34.9932	-0.000104746	-0.000264788	2
54.6114	35.6573	-0.000106903	-0.000277074	2
53.8695	36.317	-0.000109427	-0.000289291	2
53.1262	36.9726	-0.000112346	-0.000301415	2
52.3821	37.6244	-0.000115688	-0.000313421	2
51.6378	38.2725	-0.000119481	-0.000325284	2
50.8943	38.9173	-0.000123751	-0.000336979	2
50.152	39.559	-0.000128528	-0.000348483	2
49.4118	40.1978	-0.00013384	-0.00035977	2
48.6828	40.8267	-0.000139642	-0.000370689	2
47.9488	41.4606	-0.000146098	-0.000381472	2
47.2189	42.0924	-0.000153172	-0.000391964	2
46.4939	42.7223	-0.00016089	-0.000402141	2
45.7744	43.3507	-0.000169282	-0.000411978	2
45.0613	43.9777	-0.000178375	-0.000421451	2
44.3551	44.6035	-0.000188196	-0.000430534	2
43.6566	45.2286	-0.000198774	-0.000439204	2
42.9666	45.853	-0.000210136	-0.000447435	2
42.2856	46.4771	-0.000222311	-0.000455203	2
41.6145	47.1011	-0.000235326	-0.000462484	2
40.9539	47.7252	-0.000249209	-0.000469252	2
40.3045	48.3498	-0.000263988	-0.000475483	2
39.6671	48.975	-0.00027969	-0.000481152	2
39.0423	49.6011	-0.000296344	-0.000486234	2
38.4309	50.2284	-0.000313977	-0.000490706	2
37.8336	50.8571	-0.000332618	-0.000494542	2
37.251	51.4874	-0.000352293	-0.000497717	2
36.684	52.1196	-0.000373032	-0.000500207	2
36.1331	52.754	-0.000394861	-0.000501988	2
35.5991	53.3909	-0.000417809	-0.000503034	2
35.0827	54.0304	-0.000441903	-0.000503321	2
34.5847	54.6728	-0.000467172	-0.000502824	2
34.1056	55.3183	-0.000493643	-0.000501519	2
33.6515	55.9598	-0.000521018	-0.00049941	2
33.2124	56.6124	-0.000549962	-0.000496424	2
32.7945	57.2689	-0.000580192	-0.000492556	2
32.3984	57.9296	-0.000611734	-0.000487781	2
32.0248	58.5947	-0.000644618	-0.000482074	2
31.6745	59.2645	-0.000678871	-0.000475412	2
31.3482	59.9392	-0.00071452	-0.000467768	2
31.0466	60.619	-0.000751595	-0.000459119	2
30.7703	61.3043	-0.000790121	-0.00044944	2
30.5202	61.9952	-0.000830128	-0.000438706	2
30.2968	62.6921	-0.000871643	-0.000426893	2
30.101	63.3951	-0.000914694	-0.000413976	2
29.9334	64.1046	-0.000959309	-0.000399929	2
29.7947	64.8207	-0.00100552	-0.00038473	2
29.6856	65.5438	-0.00105334	-0.000368352	2
29.6069	66.274	-0.00110282	-0.000350771	2
29.5592	67.0117	-0.00115396	-0.000331963	2
29.5433	67.757	-0.00120682	-0.000311903	2
29.5599	68.5103	-0.0012614	-0.000290566	2
29.6096	69.2718	-0.00131774	-0.000267928	2
29.6933	70.0416	-0.00137587	-0.000243964	2
29.8115	70.8202	-0.00143581	-0.000218648	2
29.965	71.6077	-0.0014976	-0.000191958	2
30.1521	72.3952	-0.00156051	-0.000164198	2
30.3779	73.2012	-0.00162604	-0.000134699	2
30.6411	74.0168	-0.0016935	-0.00010375	2
30.9425	74.8425	-0.00176291	-7.13283e-05	2

124.996	2.01375	2.32807e-07	1.6805e-07	2
124.639	3.1838	1.99815e-05	1.47342e-05	2
124.257	4.34307	3.94132e-05	2.96966e-05	2
123.855	5.47822	5.8298e-05	4.48843e-05	2
123.437	6.57703	7.64311e-05	6.01159e-05	2
122.994	7.66544	9.42371e-05	7.57424e-05	2
122.532	8.73095	0.000111505	9.15852e-05	2
122.051	9.77397	0.000128238	0.000107641	2
121.55	10.7949	0.000144438	0.000123907	2
121.032	11.7942	0.00016011	0.00014038	2
120.495	12.7722	0.000175255	0.000157057	2
119.941	13.7293	0.000189876	0.000173935	2
119.369	14.666	0.000203977	0.00019101	2
118.78	15.5827	0.000217561	0.000208281	2
118.175	16.4797	0.00023063	0.000225743	2
117.554	17.3575	0.000243187	0.000243395	2
116.917	18.2165	0.000255236	0.000261231	2
116.264	19.057	0.000266779	0.000279251	2
115.597	19.8796	0.000277819	0.00029745	2
114.915	20.6846	0.00028836	0.000315826	2
114.219	21.4724	0.000298403	0.000334376	2
113.508	22.2434	0.000307952	0.000353096	2
112.785	22.998	0.000317011	0.000371983	2
112.048	23.7367	0.000325581	0.000391035	2
111.298	24.4599	0.000333666	0.000410249	2
110.537	25.1678	0.000341269	0.00042962	2
109.772	25.8532	0.000348314	0.000448922	2
108.987	26.5323	0.000354966	0.000468599	2
108.19	27.1975	0.000361146	0.000488426	2
107.383	27.8491	0.000366855	0.000508399	2
106.565	28.4876	0.000372096	0.000528516	2
105.738	29.1135	0.000376873	0.000548772	2
104.9	29.727	0.000381188	0.000569166	2
104.053	30.3287	0.000385044	0.000589693	2
103.198	30.9189	0.000388445	0.000610352	2
102.334	31.498	0.000391393	0.000631138	2
101.461	32.0664	0.00039389	0.00065205	2
100.581	32.6247	0.000395941	0.000673083	2
99.694	33.173	0.000397548	0.000694236	2
98.7996	33.7119	0.000398714	0.000715504	2
97.8985	34.2418	0.000399442	0.000736884	2
96.9912	34.7631	0.000399734	0.000758375	2
96.0781	35.2762	0.000399595	0.000779972	2
95.1594	35.7814	0.000399026	0.000801673	2
94.2357	36.2793	0.00039803	0.000823475	2
93.3072	36.7702	0.000396611	0.000845374	2
92.3744	37.2545	0.000394772	0.000867368	2
91.4377	37.7326	0.000392515	0.000889453	2
90.4974	38.205	0.000389844	0.000911626	2
89.5647	38.6667	0.000386799	0.000933629	2
88.6184	39.1288	0.000383312	0.000955969	2
87.6697	39.5863	0.000379419	0.000978389	2
86.7189	40.0398	0.000375123	0.00100089	2
85.7664	40.4895	0.000370427	0.00102345	2
84.8127	40.9359	0.000365335	0.00104609	2
83.858	41.3794	0.000359848	0.0010688	2
82.9029	41.8204	0.00035397	0.00109157	2
81.9475	42.2592	0.000347704	0.0011144	2
80.9924	42.6964	0.000341053	0.00113729	2
80.0379	43.1323	0.000334019	0.00116024	2
79.0845	43.5674	0.000326607	0.00118324	2
78.1323	44.002	0.000318817	0.00120628	2
77.182	44.4365	0.000310655	0.00122937	2
76.2338	44.8714	0.000302121	0.00125251	2
75.2881	45.307	0.000293221	0.00127568	2
74.3453	45.7438	0.000283955	0.00129889	2
73.4058	46.1822	0.000274328	0.00132214	2
72.47	46.6226	0.000264343	0.00134541	2
71.5382	47.0654	0.000254001	0.00136872	2
70.6108	47.511	0.000243306	0.00139205	2
69.6882	47.9597	0.000232262	0.0014154	2
68.7709	48.4121	0.000220871	0.00143876	2
67.8591	48.8686	0.000209135	0.00146215	2
66.9636	49.3241	0.0001972	0.00148527	2
66.064	49.7897	0.000184789	0.00150868	2
65.1711	50.2606	0.000172043	0.00153209	2
64.2853	50.7372	0.000158964	0.00155551	2
63.407	51.2198	0.000145557	0.00157892	2
62.5366	51.7089	0.000131823	0.00160233	2
61.6743	52.2048	0.000117765	0.00162574	2
60.8207	52.7081	0.000103387	0.00164914	2
59.9761	53.219	8.8691e-05	0.00167252	2
59.1409	53.738	7.36806e-05	0.0016959	2
58.3154	54.2656	5.83584e-05	0.00171925	2
57.5001	54.802	4.27275e-05	0.00174258	2
56.6952	55.3478	2.67907e-05	0.00176589	2
55.9013	55.9034	1.05511e-05	0.00178917	2
55.1187	56.469	-5.98853e-06	0.00181242	2
54.3478	57.0452	-2.28251e-05	0.00183564	2
53.5888	57.6324	-3.99558e-05	0.00185882	2
52.8424	58.231	-5.73777e-05	0.00188196	2
52.1087	58.8413	-7.50877e-05	0.00190506	2
51.3882	59.4638	-9.30829e-05	0.00192812	2
50.6813	60.0989	-0.00011136	0.00195113	2
49.9883	60.747	-0.000129917	0.00197408	2
49.3097	61.4085	-0.000148751	0.00199698	2
48.6533	62.076	-0.000167636	0.00201956	2
48.0043	62.7653	-0.000187011	0.00204235	2
47.3708	63.4693	-0.000206653	0.00206507	2
46.7532	64.1884	-0.000226559	0.00208772	2

