-124.999	2.01105	-2.12653e-07	2.43337e-07	2
-124.967	2.95851	-1.81858e-05	2.02465e-05	2
-124.969	3.91075	-3.57456e-05	3.86504e-05	2
-125.006	4.85677	-5.26964e-05	5.52523e-05	2
-125.075	5.78588	-6.88704e-05	6.99316e-05	2
-125.178	6.71972	-8.46606e-05	8.30699e-05	2
-125.313	7.64754	-9.98924e-05	9.45265e-05	2
-125.479	8.56937	-0.000114583	0.000104342	2
-125.676	9.4853	-0.000128749	0.000112557	2
-125.901	10.3954	-0.000142408	0.000119211	2
-126.156	11.2997	-0.000155576	0.000124345	2
-126.438	12.1982	-0.000168271	0.000128	2
-126.747	13.0911	-0.000180509	0.000130214	2
-127.082	13.9783	-0.000192308	0.00013103	2
-127.443	14.8601	-0.000203684	0.000130488	2
-127.827	15.7363	-0.000214655	0.000128627	2
-128.236	16.6071	-0.000225237	0.000125488	2
-128.667	17.4725	-0.000235447	0.000121111	2
-129.12	18.3326	-0.000245303	0.000115537	2
-129.594	19.1875	-0.000254821	0.000108806	2
-130.088	20.0372	-0.000264018	0.000100959	2
-130.601	20.8817	-0.000272911	9.20349e-05	2
-131.133	21.7212	-0.000281518	8.20754e-05	2
-131.682	22.5557	-0.000289855	7.11204e-05	2
-132.249	23.3852	-0.000297939	5.92103e-05	2
-132.831	24.2098	-0.000305787	4.63854e-05	2
-133.421	25.0202	-0.000313329	3.28483e-05	2
-134.032	25.8353	-0.000320758	1.83242e-05	2
-134.657	26.6457	-0.000328003	3.00597e-06	2
-135.295	27.4515	-0.000335078	-1.30661e-05	2
-135.944	28.2526	-0.000342003	-2.98517e-05	2
-136.604	29.0493	-0.000348793	-4.73104e-05	2
-137.273	29.8414	-0.000355467	-6.54018e-05	2
-137.953	30.6292	-0.000362039	-8.40857e-05	2
-138.64	31.4126	-0.000368529	-0.000103322	2
-139.335	32.1918	-0.000374952	-0.000123069	2
-140.037	32.9667	-0.000381325	-0.000143288	2
-140.744	33.7374	-0.000387666	-0.000163938	2
-141.456	34.5041	-0.000393992	-0.000184979	2
-142.173	35.2667	-0.000400319	-0.00020637	2
-142.893	36.0253	-0.000406664	-0.000228071	2
-143.615	36.78	-0.000413045	-0.000250041	2
-144.339	37.5309	-0.000419478	-0.000272241	2
-145.063	38.2779	-0.000425981	-0.000294629	2
-145.788	39.0212	-0.00043257	-0.000317166	2
-146.511	39.7608	-0.000439262	-0.000339811	2
-147.233	40.4968	-0.000446074	-0.000362524	2
-147.952	41.2292	-0.000453024	-0.000385265	2
-148.667	41.9582	-0.000460128	-0.000407992	2
-149.37	42.6754	-0.000467318	-0.000430406	2
-150.076	43.3975	-0.000474779	-0.000452988	2
-150.776	44.1164	-0.000482445	-0.000475437	2
-151.469	44.8319	-0.000490333	-0.000497711	2
-152.155	45.5443	-0.000498459	-0.000519771	2
-152.832	46.2536	-0.000506842	-0.000541577	2
-153.499	46.9597	-0.000515497	-0.000563088	2
-154.156	47.6629	-0.000524442	-0.000584264	2
-154.802	48.3631	-0.000533693	-0.000605064	2
-155.437	49.0604	-0.000543269	-0.000625447	2
-156.058	49.7548	-0.000553184	-0.000645375	2
-156.666	50.4465	-0.000563458	-0.000664806	2
-157.259	51.1355	-0.000574106	-0.0006837	2
-157.837	51.8218	-0.000585146	-0.000702016	2
-158.399	52.5055	-0.000596594	-0.000719715	2
-158.944	53.1867	-0.000608468	-0.000736755	2
-159.471	53.8654	-0.000620784	-0.000753097	2
-159.979	54.5417	-0.00063356	-0.000768701	2
-160.468	55.2157	-0.000646812	-0.000783525	2
-160.936	55.8873	-0.000660558	-0.000797529	2
-161.384	56.5567	-0.000674814	-0.000810674	2
-161.809	57.224	-0.000689597	-0.000822918	2
-162.211	57.8891	-0.000704924	-0.000834222	2
-162.589	58.5522	-0.000720813	-0.000844545	2
-162.939	59.2057	-0.000737087	-0.000853745	2
-163.268	59.8649	-0.000754142	-0.000861998	2
-163.57	60.5222	-0.00077181	-0.000869148	2
-163.845	61.1777	-0.000790106	-0.000875157	2
-164.093	61.8315	-0.000809048	-0.000879984	2
-164.311	62.4835	-0.000828653	-0.000883588	2
-164.5	63.134	-0.000848937	-0.000885929	2
-164.658	63.7828	-0.000869919	-0.000886966	2
-164.785	64.4302	-0.000891614	-0.00088666	2
-164.879	65.0761	-0.00091404	-0.00088497	2
-164.941	65.7206	-0.000937214	-0.000881855	2
-164.969	66.3638	-0.000961153	-0.000877276	2
-164.962	67.0057	-0.000985873	-0.000871192	2
-164.919	67.6465	-0.00101139	-0.000863562	2
-164.84	68.286	-0.00103773	-0.000854346	2
-164.724	68.9245	-0.00106489	-0.000843505	2
-164.569	69.562	-0.00109291	-0.000830996	2
-164.376	70.1985	-0.00112179	-0.000816781	2
-164.142	70.8341	-0.00115156	-0.000800819	2
-163.869	71.4688	-0.00118223	-0.000783069	2
-163.553	72.1028	-0.00121381	-0.000763491	2
-163.195	72.736	-0.00124633	-0.000742044	2
-162.794	73.3686	-0.0012798	-0.000718689	2
-162.355	73.9933	-0.00131384	-0.000693688	2
-161.865	74.6247	-0.00134925	-0.000666417	2
-161.33	75.2557	-0.00138566	-0.000637118	2
-160.749	75.8862	-0.0014231	-0.000605749	2

-75.0029	2.01195	-5.30392e-07	3.5507e-07	2
-75.2618	3.02965	-4.56173e-05	3.01605e-05	2
-75.546	4.03964	-9.01835e-05	5.88569e-05	2
-75.8523	5.03032	-0.000133721	8.61104e-05	2
-76.1763	5.99094	-0.000175768	0.000111654	2
-76.5252	6.94417	-0.000217324	0.000136101	2
-76.8949	7.87907	-0.000257918	0.00015917	2
-77.2849	8.79596	-0.000297571	0.00018088	2
-77.6949	9.69518	-0.000336306	0.000201254	2
-78.1243	10.577	-0.000374144	0.000220312	2
-78.5728	11.4419	-0.000411107	0.000238076	2
-79.0399	12.2901	-0.000447219	0.000254567	2
-79.5252	13.1219	-0.0004825	0.000269806	2
-80.0284	13.9377	-0.000516973	0.000283815	2
-80.5488	14.7378	-0.000550661	0.000296615	2
-81.0862	15.5225	-0.000583585	0.000308226	2
-81.64	16.2922	-0.000615768	0.000318671	2
-82.21	17.0472	-0.000647231	0.000327971	2
-82.7955	17.7878	-0.000677996	0.000336147	2
-83.3963	18.5143	-0.000708087	0.000343219	2
-84.0118	19.2272	-0.000737525	0.00034921	2
-84.6416	19.9267	-0.000766332	0.000354141	2
-85.2854	20.6131	-0.00079453	0.000358032	2
-85.9427	21.2867	-0.000822141	0.000360906	2
-86.613	21.948	-0.000849188	0.000362783	2
-87.2959	22.5973	-0.000875693	0.000363685	2
-87.983	23.2275	-0.000901382	0.000363639	2
-88.6898	23.8537	-0.000926874	0.000362664	2
-89.4079	24.4688	-0.00095189	0.000360778	2
-90.137	25.0732	-0.000976452	0.000358002	2
-90.8765	25.6671	-0.00100058	0.000354356	2
-91.6261	26.251	-0.0010243	0.000349862	2
-92.3853	26.8251	-0.00104763	0.000344541	2
-93.1537	27.3898	-0.0010706	0.000338415	2
-93.9309	27.9454	-0.00109323	0.000331505	2
-94.7164	28.4922	-0.00111553	0.000323831	2
-95.5099	29.0306	-0.00113753	0.000315416	2
-96.3108	29.5608	-0.00115926	0.000306281	2
-97.1188	30.0833	-0.00118073	0.000296446	2
-97.9334	30.5984	-0.00120197	0.000285934	2
-98.7542	31.1063	-0.001223	0.000274765	2
-99.5808	31.6074	-0.00124384	0.00026296	2
-100.413	32.1021	-0.00126451	0.000250542	2
-101.25	32.5906	-0.00128504	0.00023753	2
-102.091	33.0733	-0.00130545	0.000223947	2
-102.936	33.5506	-0.00132576	0.000209814	2
-103.785	34.0227	-0.00134599	0.000195151	2
-104.637	34.4901	-0.00136616	0.000179981	2
-105.492	34.9529	-0.0013863	0.000164324	2
-106.34	35.4063	-0.0014062	0.00014839	2
-107.199	35.8612	-0.00142634	0.000131829	2
-108.059	36.3127	-0.00144651	0.000114845	2
-108.921	36.7609	-0.00146674	9.74588e-05	2
-109.783	37.2063	-0.00148704	7.96924e-05	2
-110.646	37.6493	-0.00150745	6.15667e-05	2
-111.508	38.09	-0.00152797	4.31031e-05	2
-112.37	38.5289	-0.00154864	2.43228e-05	2
-113.23	38.9663	-0.00156947	5.24701e-06	2
-114.089	39.4025	-0.00159049	-1.41029e-05	2
-114.946	39.8378	-0.00161173	-3.37058e-05	2
-115.801	40.2727	-0.00163319	-5.35404e-05	2
-116.653	40.7073	-0.00165491	-7.35853e-05	2
-117.502	41.1421	-0.0016769	-9.38194e-05	2
-118.347	41.5773	-0.00169919	-0.000114221	2
-119.187	42.0133	-0.0017218	-0.00013477	2
-120.024	42.4505	-0.00174476	-0.000155444	2
-120.855	42.8891	-0.00176808	-0.000176222	2
-121.681	43.3295	-0.00179178	-0.000197083	2
-122.501	43.772	-0.0018159	-0.000218005	2
-123.315	44.217	-0.00184044	-0.000238968	2
-124.123	44.6648	-0.00186544	-0.00025995	2
-124.923	45.1156	-0.00189092	-0.000280929	2
-125.716	45.5699	-0.00191689	-0.000301885	2
-126.491	46.0227	-0.00194307	-0.000322557	2
-127.268	46.4848	-0.0019701	-0.000343403	2
-128.035	46.9513	-0.00199769	-0.000364162	2
-128.794	47.4226	-0.00202587	-0.000384813	2
-129.543	47.8989	-0.00205465	-0.000405335	2
-130.281	48.3807	-0.00208406	-0.000425706	2
-131.009	48.8682	-0.00211413	-0.000445904	2
-131.726	49.3618	-0.00214487	-0.000465909	2
-132.432	49.8618	-0.00217631	-0.0004857	2
-133.126	50.3685	-0.00220847	-0.000505255	2
-133.808	50.8823	-0.00224136	-0.000524553	2
-134.477	51.4035	-0.00227502	-0.000543572	2
-135.133	51.9324	-0.00230947	-0.000562292	2
-135.775	52.4693	-0.00234472	-0.000580691	2
-136.404	53.0147	-0.0023808	-0.000598748	2
-137.018	53.5687	-0.00241773	-0.000616441	2
-137.617	54.1318	-0.00245554	-0.00063375	2
-138.201	54.7043	-0.00249424	-0.000650653	2
-138.769	55.2864	-0.00253386	-0.000667128	2
-139.322	55.8786	-0.00257442	-0.000683156	2
-139.857	56.4812	-0.00261594	-0.000698713	2
-140.376	57.0944	-0.00265845	-0.000713779	2
-140.877	57.7187	-0.00270196	-0.000728334	2
-141.356	58.347	-0.00274598	-0.000742196	2
-141.821	58.9942	-0.00279156	-0.000755669	2
-142.268	59.6533	-0.00283821	-0.000768566	2
-142.696	60.3249	-0.00288596	-0.000780865	2

-25.0021	2.01071	-6.96872e-07	2.07767e-08	2
-25.1801	2.93169	-5.83412e-05	2.25227e-06	2
-25.3618	3.86263	-0.000112099	5.39479e-06	2
-25.5452	4.7928	-0.000161337	9.4132e-06	2
-25.728	5.71154	-0.000205632	1.42323e-05	2
-25.9144	6.64021	-0.000246077	1.99498e-05	2
-26.1022	7.56814	-0.000282197	2.65005e-05	2
-26.2915	8.49532	-0.000314057	3.38698e-05	2
-26.4821	9.42176	-0.00034172	4.20436e-05	2
-26.674	10.3475	-0.000365253	5.10075e-05	2
-26.8671	11.2724	-0.000384719	6.07471e-05	2
-27.0614	12.1966	-0.000400184	7.1248e-05	2
-27.2568	13.1201	-0.000411712	8.24961e-05	2
-27.4533	14.0429	-0.000419368	9.44769e-05	2
-27.6508	14.965	-0.000423217	0.000107176	2
-27.8493	15.8863	-0.000423324	0.000120579	2
-28.0486	16.8069	-0.000419753	0.000134672	2
-28.2489	17.7268	-0.000412569	0.000149441	2
-28.4499	18.646	-0.000401837	0.00016487	2
-28.6517	19.5645	-0.000387622	0.000180947	2
-28.8542	20.4822	-0.000369988	0.000197655	2
-29.0573	21.3993	-0.000349001	0.000214982	2
-29.261	22.3157	-0.000324724	0.000232913	2
-29.4653	23.2314	-0.000297223	0.000251432	2
-29.67	24.1464	-0.000266563	0.000270527	2
-29.8751	25.0607	-0.000232808	0.000290183	2
-30.0783	25.9638	-0.000196463	0.00031015	2
-30.2841	26.8767	-0.000156746	0.000330878	2
-30.4902	27.789	-0.000114129	0.000352124	2
-30.6965	28.7006	-6.86749e-05	0.000373874	2
-30.903	29.6115	-2.04494e-05	0.000396113	2
-31.1096	30.5218	3.04829e-05	0.000418827	2
-31.3162	31.4313	8.40573e-05	0.000442001	2
-31.5228	32.3402	0.000140209	0.000465622	2
-31.7293	33.2485	0.000198873	0.000489674	2
-31.9358	34.1561	0.000259985	0.000514144	2
-32.142	35.0631	0.00032348	0.000539018	2
-32.3481	35.9694	0.000389293	0.00056428	2
-32.5539	36.875	0.00045736	0.000589917	2
-32.7593	37.78	0.000527615	0.000615914	2
-32.9644	38.6844	0.000599994	0.000642257	2
-33.169	39.5881	0.000674432	0.000668932	2
-33.3731	40.4912	0.000750865	0.000695924	2
-33.5767	41.3937	0.000829227	0.000723218	2
-33.7797	42.2955	0.000909454	0.000750802	2
-33.9821	43.1967	0.000991481	0.000778659	2
-34.1837	44.0973	0.00107524	0.000806777	2
-34.3846	44.9973	0.00116068	0.00083514	2
-34.5847	45.8966	0.00124771	0.000863734	2
-34.7816	46.7851	0.00133527	0.000892213	2
-34.9799	47.6832	0.00142531	0.000921225	2
-35.1772	48.5807	0.00151676	0.000950425	2
-35.3734	49.4777	0.00160956	0.000979799	2
-35.5686	50.374	0.00170364	0.00100933	2
-35.7627	51.2698	0.00179894	0.00103901	2
-35.9556	52.1649	0.00189539	0.00106882	2
-36.1472	53.0595	0.00199293	0.00109875	2
-36.3376	53.9534	0.00209149	0.00112878	2
-36.5265	54.8468	0.00219102	0.0011589	2
-36.7141	55.7396	0.00229143	0.00118909	2
-36.9002	56.6319	0.00239268	0.00121934	2
-37.0848	57.5235	0.00249469	0.00124964	2
-37.2679	58.4146	0.0025974	0.00127996	2
-37.4493	59.3051	0.00270075	0.00131031	2
-37.629	60.1951	0.00280466	0.00134065	2
-37.807	61.0845	0.00290908	0.00137098	2
-37.9832	61.9733	0.00301395	0.00140129	2
-38.1576	62.8616	0.00311918	0.00143156	2
-38.3301	63.7493	0.00322473	0.00146177	2
-38.5007	64.6365	0.00333053	0.00149191	2
-38.6692	65.5232	0.0034365	0.00152196	2
-38.8357	66.4093	0.0035426	0.00155192	2
-39.0001	67.2948	0.00364874	0.00158177	2
-39.1605	68.1697	0.00375365	0.00161115	2
-39.3206	69.0542	0.00385971	0.00164072	2
-39.4783	69.9381	0.00396563	0.00167015	2
-39.6338	70.8216	0.00407133	0.0016994	2
-39.7869	71.7045	0.00417677	0.00172847	2
-39.9375	72.5869	0.00428187	0.00175735	2
-40.0857	73.4688	0.00438657	0.001786	2
-40.2314	74.3502	0.00449081	0.00181444	2
-40.3744	75.231	0.00459451	0.00184263	2
-40.5148	76.1114	0.00469762	0.00187056	2
-40.6525	76.9912	0.00480007	0.00189823	2
-40.7875	77.8706	0.0049018	0.00192561	2
-40.9196	78.7494	0.00500274	0.00195269	2
-41.0489	79.6278	0.00510282	0.00197946	2
-41.1752	80.5057	0.00520198	0.0020059	2
-41.2986	81.383	0.00530016	0.002032	2
-41.419	82.2599	0.0053973	0.00205774	2
-41.5363	83.1363	0.00549332	0.00208312	2
-41.6505	84.0123	0.00558816	0.0021081	2
-41.7615	84.8877	0.00568175	0.00213269	2
-41.8693	85.7627	0.00577405	0.00215687	2
-41.9737	86.6373	0.00586496	0.00218062	2
-42.0748	87.5113	0.00595445	0.00220392	2
-42.1714	88.3749	0.00604142	0.00222651	2
-42.2658	89.248	0.00612786	0.0022489	2
-42.3566	90.1207	0.00621266	0.0022708	2
-42.4438	90.9929	0.00629576	0.0022922	2

25.0006	2.01268	-1.99417e-07	1.18317e-07	2
25.0643	3.09378	-1.60552e-05	9.18036e-06	2
25.1526	4.16887	-2.9522e-05	1.61317e-05	2
25.2645	5.22548	-4.04456e-05	2.0889e-05	2
25.398	6.25197	-4.87883e-05	2.34696e-05	2
25.5559	7.27242	-5.47888e-05	2.39684e-05	2
25.7364	8.275	-5.83812e-05	2.23779e-05	2
25.9392	9.2599	-5.96104e-05	1.87333e-05	2
26.164	10.2273	-5.85218e-05	1.30697e-05	2
26.4104	11.1775	-5.51605e-05	5.42209e-06	2
26.6781	12.1106	-4.95716e-05	-4.17445e-06	2
26.9668	13.0268	-4.18004e-05	-1.56848e-05	2
27.2761	13.9263	-3.18919e-05	-2.9074e-05	2
27.6058	14.8094	-1.98914e-05	-4.43069e-05	2
27.9554	15.6762	-5.84406e-06	-6.13485e-05	2
28.3247	16.527	1.0205e-05	-8.01636e-05	2
28.7133	17.3619	2.82105e-05	-0.000100717	2
29.1209	18.1812	4.81274e-05	-0.000122974	2
29.5471	18.985	6.99105e-05	-0.0001469	2
29.9917	19.7735	9.35146e-05	-0.000172459	2
30.4542	20.547	0.000118894	-0.000199616	2
30.9344	21.3057	0.000146005	-0.000228336	2
31.4319	22.0497	0.000174801	-0.000258584	2
31.9464	22.7793	0.000205237	-0.000290326	2
32.4776	23.4947	0.000237269	-0.000323525	2
33.0251	24.196	0.00027085	-0.000358147	2
33.5821	24.8757	0.000305525	-0.000393736	2
34.1611	25.5497	0.000342054	-0.000431084	2
34.7555	26.2103	0.000379999	-0.000469749	2
35.3648	26.8576	0.000419313	-0.000509698	2
35.9889	27.4919	0.000459952	-0.000550895	2
36.6272	28.1135	0.00050187	-0.000593304	2
37.2796	28.7223	0.000545023	-0.000636892	2
37.9457	29.3188	0.000589364	-0.000681622	2
38.6251	29.9031	0.00063485	-0.00072746	2
39.3176	30.4753	0.000681434	-0.00077437	2
40.0227	31.0357	0.000729072	-0.000822319	2
40.7402	31.5846	0.000777719	-0.000871269	2
41.4698	32.122	0.000827328	-0.000921187	2
42.211	32.6482	0.000877856	-0.000972038	2
42.9635	33.1634	0.000929257	-0.00102379	2
43.7272	33.6678	0.000981485	-0.0010764	2
44.5015	34.1616	0.0010345	-0.00112983	2
45.2861	34.6451	0.00108824	-0.00118406	2
46.0808	35.1183	0.00114269	-0.00123905	2
46.8853	35.5815	0.00119777	-0.00129476	2
47.699	36.035	0.00125346	-0.00135115	2
48.5219	36.4789	0.00130971	-0.0014082	2
49.3534	36.9134	0.00136647	-0.00146586	2
50.1836	37.3338	0.00142303	-0.00152344	2
51.0315	37.7503	0.00148067	-0.00158222	2
51.8871	38.1579	0.00153869	-0.00164152	2
52.7501	38.557	0.00159704	-0.00170129	2
53.6201	38.9477	0.00165567	-0.00176151	2
54.4969	39.3303	0.00171455	-0.00182214	2
55.38	39.7048	0.00177362	-0.00188313	2
56.2692	40.0716	0.00183284	-0.00194446	2
57.1642	40.4309	0.00189217	-0.0020061	2
58.0645	40.7828	0.00195156	-0.002068	2
58.9699	41.1275	0.00201096	-0.00213013	2
59.88	41.4653	0.00207034	-0.00219245	2
60.7946	41.7963	0.00212964	-0.00225494	2
61.7132	42.1207	0.00218881	-0.00231756	2
62.6355	42.4389	0.00224783	-0.00238027	2
63.5613	42.7508	0.00230663	-0.00244303	2
64.4901	43.0568	0.00236517	-0.00250581	2
65.4217	43.3571	0.00242342	-0.00256858	2
66.3557	43.6519	0.00248132	-0.0026313	2
67.2918	43.9413	0.00253883	-0.00269394	2
68.2296	44.2255	0.0025959	-0.00275645	2
69.1688	44.5049	0.00265249	-0.00281882	2
70.1092	44.7795	0.00270855	-0.00288099	2
71.0502	45.0496	0.00276404	-0.00294294	2
71.9809	45.3123	0.00281828	-0.00300392	2
72.9225	45.574	0.0028725	-0.00306532	2
73.8639	45.8317	0.00292601	-0.00312639	2
74.8047	46.0858	0.00297877	-0.00318709	2
75.7446	46.3363	0.00303074	-0.0032474	2
76.6833	46.5835	0.00308185	-0.00330727	2
77.6204	46.8276	0.00313209	-0.00336667	2
78.5556	47.0688	0.00318138	-0.00342557	2
79.4886	47.3072	0.00322971	-0.00348392	2
80.419	47.5432	0.003277	-0.00354171	2
81.3466	47.7768	0.00332323	-0.00359888	2
82.2709	48.0084	0.00336835	-0.00365541	2
83.1917	48.2381	0.0034123	-0.00371125	2
84.1085	48.466	0.00345506	-0.00376639	2
85.0212	48.6925	0.00349656	-0.00382077	2
85.9294	48.9177	0.00353677	-0.00387437	2
86.8326	49.1417	0.00357564	-0.00392715	2
87.7307	49.3649	0.00361312	-0.00397907	2
88.6232	49.5875	0.00364918	-0.0040301	2
89.5098	49.8095	0.00368376	-0.00408021	2
90.3902	50.0312	0.00371682	-0.00412935	2
91.2641	50.2529	0.00374831	-0.0041775	2
92.1311	50.4747	0.0037782	-0.00422462	2
92.9811	50.6943	0.00380611	-0.00427015	2
93.8335	50.9169	0.00383266	-0.00431512	2
94.678	51.1403	0.00385746	-0.00435895	2
95.5144	51.3646	0.00388047	-0.00440161	2

74.9942	2.01193	-6.24041e-07	1.20624e-07	2
74.5085	3.03372	-5.35001e-05	1.03646e-05	2
74.0487	4.05931	-0.000105411	2.04663e-05	2
73.6202	5.07677	-0.000155751	3.03038e-05	2
73.227	6.07453	-0.000203985	3.97675e-05	2
72.8595	7.07581	-0.000251255	4.90765e-05	2
72.5223	8.06897	-0.000297007	5.81179e-05	2
72.2149	9.05399	-0.000341261	6.68908e-05	2
71.937	10.0309	-0.000384034	7.53939e-05	2
71.6882	10.9996	-0.000425344	8.36262e-05	2
71.4681	11.9603	-0.00046521	9.15865e-05	2
71.2764	12.9128	-0.00050365	9.92738e-05	2
71.1127	13.8571	-0.000540681	0.000106687	2
70.9766	14.7934	-0.000576323	0.000113824	2
70.8679	15.7215	-0.000610593	0.000120686	2
70.786	16.6415	-0.000643509	0.000127269	2
70.7307	17.5534	-0.00067509	0.000133574	2
70.7016	18.4571	-0.000705353	0.000139599	2
70.6983	19.3527	-0.000734317	0.000145344	2
70.7205	20.2402	-0.000761999	0.000150806	2
70.7677	21.1196	-0.000788419	0.000155985	2
70.8397	21.9908	-0.000813594	0.000160879	2
70.9361	22.8539	-0.000837542	0.000165488	2
71.0565	23.7089	-0.000860282	0.000169811	2
71.2005	24.5558	-0.000881831	0.000173846	2
71.3678	25.3946	-0.000902207	0.000177592	2
71.5557	26.2157	-0.000921216	0.00018101	2
71.7682	27.0383	-0.000939315	0.000184179	2
72.0029	27.8528	-0.000956296	0.000187055	2
72.2594	28.6592	-0.000972178	0.000189638	2
72.5373	29.4574	-0.000986978	0.000191927	2
72.8364	30.2476	-0.00100071	0.00019392	2
73.1562	31.0296	-0.0010134	0.000195617	2
73.4963	31.8035	-0.00102507	0.000197015	2
73.8565	32.5693	-0.00103572	0.000198115	2
74.2363	33.327	-0.00104538	0.000198915	2
74.6354	34.0765	-0.00105407	0.000199414	2
75.0534	34.818	-0.00106181	0.000199611	2
75.4899	35.5513	-0.00106861	0.000199504	2
75.9446	36.2765	-0.00107448	0.000199092	2
76.4172	36.9936	-0.00107946	0.000198375	2
76.9072	37.7026	-0.00108356	0.000197352	2
77.4142	38.4035	-0.00108679	0.00019602	2
77.9381	39.0963	-0.00108918	0.00019438	2
78.4782	39.7809	-0.00109074	0.000192429	2
79.0344	40.4575	-0.00109149	0.000190167	2
79.6062	41.1259	-0.00109144	0.000187593	2
80.1933	41.7863	-0.00109063	0.000184705	2
80.7953	42.4385	-0.00108906	0.000181503	2
81.4046	43.0753	-0.00108678	0.000178027	2
82.0351	43.7114	-0.00108376	0.000174196	2
82.6795	44.3394	-0.00108004	0.000170047	2
83.3373	44.9593	-0.00107563	0.000165579	2
84.0082	45.571	-0.00107056	0.000160791	2
84.6918	46.1747	-0.00106485	0.000155681	2
85.3878	46.7703	-0.0010585	0.000150249	2
86.0958	47.3578	-0.00105155	0.000144493	2
86.8154	47.9372	-0.001044	0.000138413	2
87.5463	48.5084	-0.00103588	0.000132007	2
88.2881	49.0716	-0.00102721	0.000125274	2
89.0404	49.6267	-0.00101799	0.000118213	2
89.8029	50.1737	-0.00100826	0.000110822	2
90.5752	50.7125	-0.00099802	0.000103102	2
91.357	51.2433	-0.0009873	9.505e-05	2
92.1479	51.766	-0.000976115	8.66656e-05	2
92.9474	52.2806	-0.000964483	7.79475e-05	2
93.7554	52.787	-0.000952422	6.88946e-05	2
94.5713	53.2854	-0.00093995	5.95058e-05	2
95.3948	53.7757	-0.000927085	4.97801e-05	2
96.2256	54.2579	-0.000913845	3.97162e-05	2
97.0634	54.732	-0.000900249	2.9313e-05	2
97.9076	55.198	-0.000886314	1.85694e-05	2
98.758	55.6559	-0.00087206	7.48438e-06	2
99.6044	56.1006	-0.000857672	-3.81e-06	2
100.466	56.5424	-0.000842834	-1.55775e-05	2
101.333	56.9761	-0.000827731	-2.76898e-05	2
102.204	57.4018	-0.000812379	-4.01481e-05	2
103.08	57.8193	-0.000796798	-5.29535e-05	2
103.96	58.2287	-0.000781005	-6.61071e-05	2
104.843	58.6301	-0.000765019	-7.96101e-05	2
105.73	59.0234	-0.000748858	-9.34635e-05	2
106.619	59.4085	-0.000732539	-0.000107669	2
107.511	59.7856	-0.000716081	-0.000122226	2
108.405	60.1546	-0.000699502	-0.000137138	2
109.302	60.5156	-0.000682821	-0.000152404	2
110.199	60.8684	-0.000666055	-0.000168027	2
111.098	61.2131	-0.000649222	-0.000184007	2
111.997	61.5498	-0.000632341	-0.000200345	2
112.897	61.8784	-0.00061543	-0.000217042	2
113.796	62.1988	-0.000598506	-0.0002341	2
114.695	62.5112	-0.000581589	-0.00025152	2
115.594	62.8156	-0.000564696	-0.000269303	2
116.491	63.1118	-0.000547845	-0.000287449	2
117.387	63.4	-0.000531055	-0.000305961	2
118.281	63.68	-0.000514344	-0.000324839	2
119.173	63.952	-0.000497729	-0.000344084	2
120.052	64.213	-0.000481418	-0.00036347	2
120.939	64.4689	-0.000465049	-0.000383448	2
121.822	64.7167	-0.000448831	-0.000403798	2
122.701	64.9565	-0.000432783	-0.000424519	2

124.997	2.01015	6.9559e-08	-2.12287e-07	2
124.734	2.88717	5.01145e-06	-1.82359e-05	2
124.467	3.78227	7.94595e-06	-3.60018e-05	2
124.197	4.68501	8.84517e-06	-5.33005e-05	2
123.929	5.58457	7.77452e-06	-6.99439e-05	2
123.656	6.50159	4.75034e-06	-8.63216e-05	2
123.382	7.42534	-1.84612e-07	-0.00010224	2
123.108	8.35551	-6.98869e-06	-0.000117703	2
122.833	9.2918	-1.56202e-05	-0.000132711	2
122.559	10.2339	-2.60376e-05	-0.000147269	2
122.284	11.1816	-3.81991e-05	-0.000161378	2
122.01	12.1344	-5.20631e-05	-0.000175042	2
121.737	13.0922	-6.75879e-05	-0.000188263	2
121.466	14.0545	-8.47318e-05	-0.000201044	2
121.196	15.0212	-0.000103453	-0.000213388	2
120.927	15.9919	-0.000123711	-0.000225297	2
120.661	16.9663	-0.000145462	-0.000236774	2
120.397	17.9441	-0.000168666	-0.000247822	2
120.137	18.9249	-0.000193281	-0.000258443	2
119.879	19.9086	-0.000219265	-0.000268641	2
119.624	20.8948	-0.000246577	-0.000278417	2
119.374	21.8831	-0.000275174	-0.000287775	2
119.127	22.8734	-0.000305016	-0.000296717	2
118.885	23.8652	-0.00033606	-0.000305247	2
118.647	24.8583	-0.000368265	-0.000313366	2
118.415	25.8524	-0.00040159	-0.000321078	2
118.19	26.8357	-0.000435591	-0.000328303	2
117.969	27.8308	-0.000471017	-0.000335212	2
117.753	28.826	-0.000507438	-0.000341722	2
117.543	29.8209	-0.000544812	-0.000347836	2
117.34	30.8154	-0.000583098	-0.000353555	2
117.144	31.809	-0.000622253	-0.000358883	2
116.955	32.8014	-0.000662236	-0.000363823	2
116.774	33.7924	-0.000703006	-0.000368377	2
116.6	34.7817	-0.000744521	-0.000372547	2
116.435	35.7689	-0.000786739	-0.000376338	2
116.278	36.7538	-0.000829618	-0.00037975	2
116.13	37.736	-0.000873117	-0.000382788	2
115.991	38.7153	-0.000917194	-0.000385453	2
115.861	39.6913	-0.000961808	-0.000387749	2
115.741	40.6637	-0.00100692	-0.000389678	2
115.631	41.6323	-0.00105248	-0.000391243	2
115.531	42.5967	-0.00109845	-0.000392446	2
115.442	43.5566	-0.00114479	-0.000393291	2
115.364	44.5118	-0.00119146	-0.00039378	2
115.297	45.4619	-0.00123842	-0.000393915	2
115.242	46.4066	-0.00128563	-0.0003937	2
115.199	47.3457	-0.00133303	-0.000393138	2
115.168	48.2787	-0.0013806	-0.00039223	2
115.149	49.1949	-0.00142774	-0.000390996	2
115.143	50.1151	-0.0014755	-0.00038941	2
115.15	51.0285	-0.0015233	-0.000387487	2
115.171	51.9347	-0.0015711	-0.00038523	2
115.206	52.8334	-0.00161885	-0.000382641	2
115.254	53.7243	-0.00166651	-0.000379723	2
115.317	54.6071	-0.00171405	-0.000376479	2
115.395	55.4815	-0.00176141	-0.000372912	2
115.488	56.3472	-0.00180856	-0.000369024	2
115.596	57.2038	-0.00185545	-0.000364818	2
115.72	58.0512	-0.00190205	-0.000360297	2
115.86	58.889	-0.00194831	-0.000355463	2
116.016	59.7168	-0.00199419	-0.000350319	2
116.189	60.5345	-0.00203965	-0.000344869	2
116.378	61.3416	-0.00208465	-0.000339113	2
116.585	62.1379	-0.00212914	-0.000333057	2
116.81	62.923	-0.00217309	-0.000326701	2
117.052	63.6967	-0.00221645	-0.000320049	2
117.313	64.4587	-0.00225918	-0.000313103	2
117.592	65.2087	-0.00230123	-0.000305866	2
117.89	65.9463	-0.00234258	-0.000298342	2
118.207	66.6713	-0.00238317	-0.000290532	2
118.543	67.3834	-0.00242296	-0.000282439	2
118.899	68.0822	-0.00246192	-0.000274066	2
119.271	68.7596	-0.00249956	-0.000265517	2
119.668	69.4312	-0.00253673	-0.000256596	2
120.085	70.0886	-0.00257293	-0.000247403	2
120.523	70.7316	-0.00260813	-0.00023794	2
120.982	71.3598	-0.00264229	-0.000228211	2
121.463	71.9729	-0.00267535	-0.000218219	2
121.966	72.5707	-0.00270729	-0.000207965	2
122.492	73.1529	-0.00273806	-0.000197453	2
123.04	73.719	-0.00276762	-0.000186686	2
123.61	74.2689	-0.00279592	-0.000175666	2
124.205	74.8022	-0.00282292	-0.000164395	2
124.822	75.3187	-0.00284859	-0.000152877	2
125.463	75.8179	-0.00287288	-0.000141115	2
126.129	76.2997	-0.00289575	-0.00012911	2
126.819	76.7637	-0.00291716	-0.000116866	2
127.534	77.2096	-0.00293706	-0.000104386	2
128.274	77.6372	-0.00295542	-9.16711e-05	2
129.039	78.046	-0.00297219	-7.87256e-05	2
129.83	78.4359	-0.00298733	-6.55517e-05	2
130.647	78.8064	-0.0030008	-5.2152e-05	2
131.491	79.1574	-0.00301256	-3.85294e-05	2
132.361	79.4884	-0.00302256	-2.46865e-05	2
133.258	79.7993	-0.00303077	-1.06259e-05	2
134.171	80.0864	-0.00303708	3.48414e-06	2
135.123	80.3561	-0.0030416	1.79692e-05	2
136.103	80.6048	-0.00304419	3.26638e-05	2
137.11	80.832	-0.00304482	4.75651e-05	2

