-125.004	2.01247	-2.51864e-07	-2.78125e-07	2
-125.292	3.07798	-2.21854e-05	-2.31066e-05	2
-125.555	4.14288	-4.4912e-05	-4.40354e-05	2
-125.791	5.1948	-6.81624e-05	-6.2829e-05	2
-125.998	6.22199	-9.16431e-05	-7.93498e-05	2
-126.18	7.24847	-0.000115883	-9.40241e-05	2
-126.335	8.26232	-0.000140594	-0.000106691	2
-126.465	9.26366	-0.000165759	-0.000117392	2
-126.568	10.2526	-0.000191361	-0.00012617	2
-126.646	11.2293	-0.000217381	-0.000133068	2
-126.698	12.1939	-0.000243803	-0.000138129	2
-126.726	13.1464	-0.000270609	-0.000141394	2
-126.729	14.0869	-0.000297782	-0.000142907	2
-126.708	15.0157	-0.000325303	-0.00014271	2
-126.663	15.9328	-0.000353156	-0.000140846	2
-126.594	16.8384	-0.000381323	-0.000137358	2
-126.503	17.7325	-0.000409786	-0.000132287	2
-126.388	18.6153	-0.000438529	-0.000125677	2
-126.251	19.4868	-0.000467532	-0.000117569	2
-126.092	20.3473	-0.00049678	-0.000108008	2
-125.912	21.1968	-0.000526255	-9.70345e-05	2
-125.71	22.0354	-0.000555938	-8.46919e-05	2
-125.486	22.8633	-0.000585813	-7.10228e-05	2
-125.242	23.6805	-0.000615862	-5.60697e-05	2
-124.978	24.4873	-0.000646068	-3.98752e-05	2
-124.694	25.2836	-0.000676413	-2.24818e-05	2
-124.394	26.0607	-0.000706528	-4.15176e-06	2
-124.07	26.8368	-0.000737097	1.5499e-05	2
-123.728	27.6028	-0.000767753	3.62214e-05	2
-123.368	28.3589	-0.000798478	5.79727e-05	2
-122.989	29.1052	-0.000829256	8.07105e-05	2
-122.592	29.8418	-0.000860067	0.000104392	2
-122.177	30.5688	-0.000890895	0.000128975	2
-121.746	31.2864	-0.000921723	0.000154417	2
-121.297	31.9947	-0.000952532	0.000180674	2
-120.832	32.6937	-0.000983305	0.000207705	2
-120.35	33.3837	-0.00101403	0.000235467	2
-119.853	34.0646	-0.00104468	0.000263918	2
-119.34	34.7367	-0.00107524	0.000293014	2
-118.812	35.4001	-0.00110569	0.000322713	2
-118.269	36.0548	-0.00113603	0.000352973	2
-117.712	36.701	-0.00116622	0.000383751	2
-117.14	37.3388	-0.00119625	0.000415004	2
-116.555	37.9684	-0.00122611	0.00044669	2
-115.957	38.5898	-0.00125578	0.000478767	2
-115.345	39.2031	-0.00128523	0.000511191	2
-114.72	39.8085	-0.00131446	0.00054392	2
-114.084	40.4061	-0.00134344	0.000576912	2
-113.435	40.9961	-0.00137216	0.000610123	2
-112.782	41.5718	-0.00140027	0.000643127	2
-112.11	42.1468	-0.00142841	0.00067665	2
-111.427	42.7144	-0.00145624	0.000710265	2
-110.734	43.2748	-0.00148373	0.00074393	2
-110.03	43.8282	-0.00151088	0.000777603	2
-109.316	44.3745	-0.00153765	0.00081124	2
-108.593	44.914	-0.00156405	0.0008448	2
-107.86	45.4467	-0.00159003	0.000878239	2
-107.118	45.9728	-0.0016156	0.000911516	2
-106.368	46.4924	-0.00164073	0.000944587	2
-105.61	47.0056	-0.00166541	0.000977411	2
-104.844	47.5125	-0.00168961	0.00100994	2
-104.07	48.0132	-0.00171332	0.00104214	2
-103.289	48.5079	-0.00173652	0.00107397	2
-102.501	48.9967	-0.0017592	0.00110537	2
-101.706	49.4797	-0.00178134	0.00113632	2
-100.906	49.9569	-0.00180291	0.00116676	2
-100.1	50.4286	-0.00182391	0.00119665	2
-99.2879	50.8949	-0.00184431	0.00122596	2
-98.471	51.3558	-0.0018641	0.00125463	2
-97.6493	51.8115	-0.00188326	0.00128264	2
-96.8233	52.262	-0.00190177	0.00130992	2
-95.9931	52.7076	-0.00191962	0.00133645	2
-95.1593	53.1483	-0.00193678	0.00136217	2
-94.3317	53.5793	-0.00195306	0.00138677	2
-93.4914	54.0107	-0.00196882	0.00141077	2
-92.6485	54.4376	-0.00198384	0.00143385	2
-91.8033	54.86	-0.0019981	0.00145595	2
-90.956	55.2782	-0.0020116	0.00147704	2
-90.1071	55.6922	-0.00202431	0.00149707	2
-89.257	56.1022	-0.00203621	0.00151601	2
-88.4058	56.5082	-0.00204729	0.0015338	2
-87.5541	56.9104	-0.00205754	0.00155041	2
-86.7021	57.309	-0.00206692	0.00156579	2
-85.8502	57.7039	-0.00207543	0.0015799	2
-84.9987	58.0954	-0.00208305	0.0015927	2
-84.148	58.4835	-0.00208975	0.00160414	2
-83.2985	58.8685	-0.00209553	0.00161419	2
-82.4504	59.2503	-0.00210037	0.00162279	2
-81.6042	59.6291	-0.00210424	0.00162992	2
-80.7601	60.005	-0.00210713	0.00163552	2
-79.9185	60.3782	-0.00210903	0.00163955	2
-79.0799	60.7488	-0.00210991	0.00164197	2
-78.2444	61.1168	-0.00210975	0.00164274	2
-77.4125	61.4824	-0.00210855	0.00164182	2
-76.5845	61.8458	-0.00210628	0.00163915	2
-75.7607	62.2069	-0.00210293	0.00163471	2
-74.9509	62.5619	-0.00209853	0.00162852	2
-74.1367	62.9192	-0.00209296	0.00162041	2
-73.3277	63.2745	-0.00208626	0.00161039	2
-72.5244	63.6282	-0.00207841	0.00159842	2

-75.0049	2.01202	6.43831e-07	-4.34012e-07	2
-75.4155	3.04577	5.39903e-05	-3.65485e-05	2
-75.8179	4.09138	0.000103937	-7.06768e-05	2
-76.2072	5.13665	0.000149916	-0.000102428	2
-76.5791	6.1694	0.000191538	-0.000131522	2
-76.9423	7.2135	0.000229847	-0.000158676	2
-77.2923	8.25674	0.00026441	-0.000183585	2
-77.6291	9.29898	0.000295302	-0.00020629	2
-77.9526	10.34	0.000322599	-0.000226836	2
-78.263	11.3797	0.000346374	-0.000245266	2
-78.56	12.4179	0.000366703	-0.000261624	2
-78.8438	13.4544	0.000383659	-0.000275953	2
-79.1143	14.489	0.000397319	-0.000288296	2
-79.3715	15.5216	0.000407756	-0.000298699	2
-79.6154	16.552	0.000415046	-0.000307203	2
-79.8459	17.58	0.000419262	-0.000313852	2
-80.063	18.6054	0.00042048	-0.000318691	2
-80.2667	19.6282	0.000418774	-0.000321762	2
-80.457	20.6481	0.000414219	-0.00032311	2
-80.6339	21.6649	0.00040689	-0.000322777	2
-80.7973	22.6785	0.000396862	-0.000320808	2
-80.9473	23.6887	0.000384209	-0.000317245	2
-81.0837	24.6954	0.000369005	-0.000312133	2
-81.2067	25.6983	0.000351327	-0.000305515	2
-81.3161	26.6974	0.000331247	-0.000297434	2
-81.4119	27.6923	0.000308842	-0.000287934	2
-81.4933	28.6717	0.000284481	-0.000277192	2
-81.5622	29.6581	0.000257672	-0.000265001	2
-81.6174	30.6399	0.00022876	-0.00025152	2
-81.659	31.617	0.000197821	-0.000236795	2
-81.687	32.5891	0.000164928	-0.000220868	2
-81.7013	33.5562	0.000130156	-0.000203783	2
-81.7019	34.518	9.35803e-05	-0.000185583	2
-81.6888	35.4744	5.52755e-05	-0.000166313	2
-81.6619	36.4252	1.53161e-05	-0.000146015	2
-81.6213	37.3702	-2.6223e-05	-0.000124733	2
-81.567	38.3093	-6.92673e-05	-0.000102511	2
-81.4988	39.2423	-0.000113742	-7.93928e-05	2
-81.4169	40.169	-0.000159572	-5.54211e-05	2
-81.3211	41.0893	-0.000206684	-3.06399e-05	2
-81.2114	42.003	-0.000255002	-5.09277e-06	2
-81.0879	42.9099	-0.000304451	2.11768e-05	2
-80.9505	43.8099	-0.000354957	4.81253e-05	2
-80.7992	44.7027	-0.000406445	7.57091e-05	2
-80.634	45.5882	-0.000458841	0.000103885	2
-80.4548	46.4663	-0.00051207	0.000132608	2
-80.2617	47.3368	-0.000566057	0.000161837	2
-80.0545	48.1994	-0.000620727	0.000191526	2
-79.8334	49.0541	-0.000676005	0.000221633	2
-79.601	49.891	-0.000731174	0.000251761	2
-79.3519	50.7294	-0.000787441	0.000282569	2
-79.0888	51.5593	-0.000844093	0.000313664	2
-78.8116	52.3805	-0.000901056	0.000345003	2
-78.5203	53.1929	-0.000958256	0.000376542	2
-78.2149	53.9964	-0.00101562	0.000408238	2
-77.8953	54.7907	-0.00107306	0.000440046	2
-77.5616	55.5756	-0.00113052	0.000471924	2
-77.2136	56.3511	-0.00118792	0.000503829	2
-76.8515	57.1169	-0.00124518	0.000535715	2
-76.4752	57.8729	-0.00130222	0.000567541	2
-76.0846	58.6189	-0.00135898	0.000599261	2
-75.6797	59.3547	-0.00141538	0.000630834	2
-75.2605	60.0802	-0.00147134	0.000662214	2
-74.8271	60.7952	-0.00152679	0.00069336	2
-74.3793	61.4995	-0.00158166	0.000724226	2
-73.9172	62.1929	-0.00163586	0.000754769	2
-73.4407	62.8753	-0.00168933	0.000784947	2
-72.9499	63.5466	-0.00174199	0.000814715	2
-72.4446	64.2064	-0.00179376	0.00084403	2
-71.925	64.8548	-0.00184458	0.000872848	2
-71.3908	65.4915	-0.00189436	0.000901126	2
-70.8423	66.1163	-0.00194303	0.000928819	2
-70.2792	66.729	-0.00199052	0.000955886	2
-69.7084	67.3227	-0.00203623	0.000981982	2
-69.1164	67.9111	-0.00208114	0.00100767	2
-68.51	68.4868	-0.00212465	0.0010326	2
-67.889	69.0499	-0.00216668	0.00105673	2
-67.2534	69.6001	-0.00220715	0.00108002	2
-66.6032	70.1372	-0.00224599	0.00110242	2
-65.9384	70.6611	-0.00228312	0.00112388	2
-65.2589	71.1717	-0.00231847	0.00114437	2
-64.5648	71.6686	-0.00235197	0.00116384	2
-63.856	72.1519	-0.00238354	0.00118225	2
-63.1326	72.6212	-0.00241311	0.00119955	2
-62.3944	73.0765	-0.00244059	0.00121571	2
-61.6414	73.5175	-0.00246592	0.00123067	2
-60.8737	73.9441	-0.00248903	0.00124439	2
-60.0913	74.3562	-0.00250983	0.00125683	2
-59.294	74.7535	-0.00252825	0.00126795	2
-58.4819	75.1359	-0.00254422	0.0012777	2
-57.655	75.5032	-0.00255766	0.00128604	2
-56.8132	75.8552	-0.0025685	0.00129293	2
-55.9566	76.1918	-0.00257667	0.00129831	2
-55.085	76.5129	-0.00258208	0.00130216	2
-54.1986	76.8181	-0.00258467	0.00130442	2
-53.2972	77.1074	-0.00258436	0.00130505	2
-52.3914	77.3776	-0.00258112	0.00130403	2
-51.4603	77.6347	-0.00257482	0.00130129	2
-50.5141	77.8754	-0.00256539	0.0012968	2
-49.553	78.0995	-0.00255276	0.0012905	2

-24.9999	2.0103	4.11334e-07	5.40751e-08	2
-25.0037	2.8967	3.46759e-05	4.26107e-06	2
-25.0391	3.79414	6.71279e-05	7.63804e-06	2
-25.1055	4.69223	9.73892e-05	1.01507e-05	2
-25.2007	5.58054	0.000125182	1.18045e-05	2
-25.3262	6.47965	0.000151187	1.26574e-05	2
-25.4801	7.37913	0.0001751	1.27052e-05	2
-25.6618	8.27889	0.000196955	1.19678e-05	2
-25.8704	9.17885	0.000216786	1.0465e-05	2
-26.105	10.0789	0.000234626	8.21652e-06	2
-26.365	10.979	0.000250508	5.24225e-06	2
-26.6494	11.879	0.000264465	1.56198e-06	2
-26.9575	12.7788	0.000276531	-2.80446e-06	2
-27.2884	13.6784	0.000286739	-7.83727e-06	2
-27.6414	14.5776	0.000295123	-1.35166e-05	2
-28.0156	15.4763	0.000301715	-1.98227e-05	2
-28.4103	16.3746	0.00030655	-2.67357e-05	2
-28.8246	17.2722	0.00030966	-3.42358e-05	2
-29.2577	18.1691	0.000311078	-4.23032e-05	2
-29.7089	19.0652	0.000310838	-5.0918e-05	2
-30.1772	19.9604	0.000308974	-6.00605e-05	2
-30.662	20.8546	0.000305518	-6.97109e-05	2
-31.1623	21.7477	0.000300504	-7.98493e-05	2
-31.6775	22.6397	0.000293966	-9.04558e-05	2
-32.2066	23.5304	0.000285935	-0.000101511	2
-32.7489	24.4198	0.000276447	-0.000112994	2
-33.2971	25.2975	0.000265667	-0.000124748	2
-33.8632	26.1839	0.000253378	-0.000137025	2
-34.44	27.0687	0.000239731	-0.000149671	2
-35.0268	27.9518	0.000224758	-0.000162667	2
-35.6228	28.833	0.000208493	-0.000175992	2
-36.227	29.7124	0.000190969	-0.000189628	2
-36.8388	30.5898	0.000172221	-0.000203553	2
-37.4574	31.4651	0.00015228	-0.000217749	2
-38.0818	32.3383	0.00013118	-0.000232195	2
-38.7114	33.2092	0.000108955	-0.000246872	2
-39.3452	34.0777	8.56372e-05	-0.00026176	2
-39.9826	34.9438	6.1261e-05	-0.000276839	2
-40.6226	35.8074	3.58594e-05	-0.000292089	2
-41.2645	36.6684	9.4655e-06	-0.00030749	2
-41.9075	37.5266	-1.78873e-05	-0.000323023	2
-42.5507	38.3821	-4.61656e-05	-0.000338668	2
-43.1935	39.2346	-7.53362e-05	-0.000354405	2
-43.8348	40.0842	-0.000105366	-0.000370214	2
-44.474	40.9307	-0.000136221	-0.000386075	2
-45.1102	41.774	-0.000167868	-0.000401968	2
-45.7427	42.6141	-0.000200275	-0.000417875	2
-46.3706	43.4508	-0.000233407	-0.000433774	2
-46.9931	44.2841	-0.000267232	-0.000449646	2
-47.6023	45.1044	-0.000301316	-0.00046529	2
-48.2117	45.9306	-0.000336418	-0.00048105	2
-48.8133	46.7531	-0.000372113	-0.000496723	2
-49.4063	47.5717	-0.000408368	-0.000512291	2
-49.9899	48.3865	-0.000445149	-0.000527733	2
-50.5632	49.1974	-0.000482423	-0.000543029	2
-51.1255	50.0041	-0.000520157	-0.00055816	2
-51.676	50.8067	-0.000558317	-0.000573105	2
-52.2138	51.605	-0.00059687	-0.000587846	2
-52.7382	52.399	-0.000635782	-0.000602362	2
-53.2483	53.1885	-0.000675021	-0.000616633	2
-53.7434	53.9736	-0.000714553	-0.000630639	2
-54.2226	54.754	-0.000754345	-0.000644361	2
-54.6851	55.5297	-0.000794363	-0.000657779	2
-55.1301	56.3006	-0.000834574	-0.000670873	2
-55.5568	57.0666	-0.000874945	-0.000683623	2
-55.9645	57.8276	-0.000915443	-0.00069601	2
-56.3522	58.5836	-0.000956034	-0.000708013	2
-56.7192	59.3344	-0.000996684	-0.000719614	2
-57.0646	60.0799	-0.00103736	-0.000730791	2
-57.3878	60.8202	-0.00107803	-0.000741525	2
-57.6878	61.5549	-0.00111866	-0.000751796	2
-57.9639	62.2842	-0.00115922	-0.000761586	2
-58.2152	63.0078	-0.00119967	-0.000770872	2
-58.4385	63.7175	-0.00123952	-0.000779539	2
-58.6381	64.4297	-0.00127966	-0.000787768	2
-58.8107	65.136	-0.00131959	-0.000795436	2
-58.9552	65.8364	-0.00135928	-0.000802522	2
-59.071	66.5307	-0.0013987	-0.000809008	2
-59.1572	67.2188	-0.00143782	-0.000814872	2
-59.2129	67.9006	-0.00147659	-0.000820095	2
-59.2375	68.5762	-0.00151499	-0.000824658	2
-59.2301	69.2452	-0.00155299	-0.000828541	2
-59.1899	69.9078	-0.00159055	-0.000831723	2
-59.116	70.5638	-0.00162763	-0.000834185	2
-59.0077	71.213	-0.00166421	-0.000835908	2
-58.8641	71.8555	-0.00170025	-0.00083687	2
-58.6846	72.4911	-0.00173571	-0.000837054	2
-58.4681	73.1197	-0.00177057	-0.000836438	2
-58.214	73.7412	-0.00180479	-0.000835002	2
-57.9214	74.3556	-0.00183834	-0.000832728	2
-57.5896	74.9627	-0.00187118	-0.000829596	2
-57.2177	75.5625	-0.00190328	-0.000825584	2
-56.8049	76.1548	-0.00193461	-0.000820675	2
-56.3503	76.7397	-0.00196514	-0.000814847	2
-55.8533	77.3169	-0.00199482	-0.000808081	2
-55.313	77.8864	-0.00202364	-0.000800357	2
-54.7355	78.4417	-0.00205123	-0.000791761	2
-54.1067	78.9957	-0.00207821	-0.000782074	2
-53.4321	79.5416	-0.00210421	-0.00077137	2
-52.711	80.0795	-0.00212922	-0.000759629	2

24.9992	2.01135	-1.65961e-07	-1.15373e-07	2
24.9144	2.97992	-1.41039e-05	-1.00908e-05	2
24.8013	3.94446	-2.75462e-05	-2.0291e-05	2
24.661	4.89392	-4.03509e-05	-3.06032e-05	2
24.4962	5.8179	-5.24049e-05	-4.09093e-05	2
24.3037	6.73818	-6.40122e-05	-5.14513e-05	2
24.0858	7.64421	-7.50528e-05	-6.21124e-05	2
23.843	8.53628	-8.55506e-05	-7.28952e-05	2
23.5759	9.41466	-9.55293e-05	-8.3802e-05	2
23.285	10.2796	-0.000105013	-9.48352e-05	2
22.9709	11.1315	-0.000114025	-0.000105997	2
22.6341	11.9705	-0.000122589	-0.000117291	2
22.2753	12.797	-0.000130729	-0.000128718	2
21.8949	13.6112	-0.000138469	-0.000140281	2
21.4936	14.4134	-0.000145832	-0.000151983	2
21.0718	15.2039	-0.000152843	-0.000163826	2
20.6301	15.983	-0.000159525	-0.000175812	2
20.1691	16.7509	-0.000165903	-0.000187944	2
19.6894	17.508	-0.000171998	-0.000200224	2
19.1915	18.2545	-0.000177837	-0.000212655	2
18.6759	18.9907	-0.000183441	-0.000225239	2
18.1432	19.7169	-0.000188836	-0.000237979	2
17.594	20.4334	-0.000194044	-0.000250877	2
17.0287	21.1404	-0.00019909	-0.000263935	2
16.4481	21.8382	-0.000203998	-0.000277156	2
15.8526	22.5272	-0.00020879	-0.000290542	2
15.2499	23.1998	-0.000213438	-0.000303938	2
14.6264	23.8719	-0.000218073	-0.00031766	2
13.9898	24.536	-0.000222664	-0.000331555	2
13.3405	25.1924	-0.000227236	-0.000345624	2
12.6791	25.8412	-0.000231811	-0.00035987	2
12.0061	26.4829	-0.000236413	-0.000374296	2
11.3222	27.1177	-0.000241067	-0.000388905	2
10.6278	27.7458	-0.000245796	-0.000403698	2
9.92357	28.3676	-0.000250624	-0.000418678	2
9.21	28.9833	-0.000255575	-0.000433847	2
8.48766	29.5933	-0.000260672	-0.000449209	2
7.75711	30.1977	-0.000265939	-0.000464764	2
7.01891	30.797	-0.000271401	-0.000480517	2
6.2736	31.3913	-0.00027708	-0.000496468	2
5.52175	31.9809	-0.000283001	-0.000512621	2
4.76391	32.5662	-0.000289187	-0.000528978	2
4.00064	33.1474	-0.000295662	-0.000545541	2
3.23249	33.7248	-0.000302451	-0.000562314	2
2.46002	34.2987	-0.000309576	-0.000579297	2
1.68378	34.8693	-0.000317061	-0.000596494	2
0.904331	35.437	-0.000324931	-0.000613908	2
0.122226	36.002	-0.000333209	-0.00063154	2
-0.661978	36.5646	-0.000341918	-0.000649392	2
-1.43869	37.1187	-0.000350975	-0.000667259	2
-2.22542	37.6774	-0.000360614	-0.000685559	2
-3.01259	38.2346	-0.000370756	-0.000704086	2
-3.79964	38.7904	-0.000381425	-0.000722844	2
-4.58602	39.3453	-0.000392644	-0.000741836	2
-5.37117	39.8995	-0.000404437	-0.000761062	2
-6.15454	40.4533	-0.000416828	-0.000780527	2
-6.93557	41.007	-0.000429841	-0.000800232	2
-7.71371	41.5608	-0.0004435	-0.000820179	2
-8.48839	42.115	-0.000457828	-0.000840372	2
-9.25907	42.6699	-0.000472849	-0.000860812	2
-10.0252	43.2258	-0.000488587	-0.000881503	2
-10.7862	43.783	-0.000505065	-0.000902446	2
-11.5415	44.3418	-0.000522308	-0.000923643	2
-12.2906	44.9024	-0.00054034	-0.000945098	2
-13.0329	45.4651	-0.000559183	-0.000966813	2
-13.7679	46.0303	-0.000578862	-0.00098879	2
-14.495	46.5981	-0.000599401	-0.00101103	2
-15.2136	47.1689	-0.000620823	-0.00103354	2
-15.9233	47.7429	-0.000643152	-0.00105632	2
-16.6233	48.3205	-0.000666412	-0.00107937	2
-17.3133	48.9019	-0.000690627	-0.00110269	2
-17.9926	49.4874	-0.000715821	-0.00112629	2
-18.6606	50.0773	-0.000742016	-0.00115017	2
-19.3094	50.6649	-0.000768919	-0.00117405	2
-19.9535	51.2644	-0.000797178	-0.00119849	2
-20.5847	51.869	-0.000826511	-0.00122322	2
-21.2024	52.4792	-0.000856941	-0.00124824	2
-21.8061	53.0951	-0.000888491	-0.00127355	2
-22.3953	53.7172	-0.000921187	-0.00129915	2
-22.9694	54.3455	-0.00095505	-0.00132505	2
-23.5278	54.9806	-0.000990106	-0.00135124	2
-24.07	55.6225	-0.00102638	-0.00137774	2
-24.5954	56.2717	-0.00106389	-0.00140454	2
-25.1034	56.9283	-0.00110267	-0.00143165	2
-25.5936	57.5927	-0.00114273	-0.00145906	2
-26.0654	58.2651	-0.0011841	-0.00148679	2
-26.5181	58.9459	-0.00122681	-0.00151482	2
-26.9513	59.6353	-0.00127088	-0.00154318	2
-27.3643	60.3336	-0.00131633	-0.00157185	2
-27.7567	61.0411	-0.00136318	-0.00160084	2
-28.1279	61.758	-0.00141147	-0.00163015	2
-28.4773	62.4847	-0.00146121	-0.00165979	2
-28.8044	63.2214	-0.00151243	-0.00168976	2
-29.1086	63.9684	-0.00156514	-0.00172006	2
-29.3893	64.726	-0.00161939	-0.00175068	2
-29.646	65.4945	-0.00167518	-0.00178165	2
-29.8757	66.2651	-0.00173188	-0.00181259	2
-30.083	67.056	-0.00179082	-0.00184423	2
-30.2647	67.8587	-0.00185139	-0.0018762	2
-30.4202	68.6733	-0.00191359	-0.00190853	2

74.9992	2.01214	2.90103e-07	-4.86937e-07	2
74.9231	3.05032	2.6265e-05	-4.08909e-05	2
74.8258	4.08937	5.4583e-05	-7.88363e-05	2
74.7085	5.11734	8.49194e-05	-0.000113887	2
74.5733	6.12279	0.000116857	-0.00014574	2
74.4173	7.12927	0.000151104	-0.000175187	2
74.2422	8.12522	0.000187266	-0.000201892	2
74.0485	9.11082	0.000225308	-0.000225905	2
73.8365	10.0863	0.000265196	-0.000247279	2
73.6065	11.0517	0.000306895	-0.000266064	2
73.3588	12.0073	0.000350371	-0.00028231	2
73.0938	12.9533	0.000395588	-0.00029607	2
72.8118	13.8899	0.000442512	-0.000307394	2
72.5132	14.8173	0.000491109	-0.000316333	2
72.1982	15.7355	0.000541343	-0.000322939	2
71.8672	16.6449	0.000593181	-0.000327261	2
71.5206	17.5455	0.000646587	-0.000329352	2
71.1586	18.4376	0.000701527	-0.000329262	2
70.7817	19.3214	0.000757967	-0.000327042	2
70.3901	20.1971	0.000815871	-0.000322743	2
69.9842	21.0647	0.000875206	-0.000316417	2
69.5643	21.9246	0.000935935	-0.000308114	2
69.1307	22.7768	0.000998026	-0.000297886	2
68.6838	23.6216	0.00106144	-0.000285783	2
68.224	24.4592	0.00112615	-0.000271856	2
67.7515	25.2897	0.00119212	-0.000256157	2
67.2723	26.1039	0.00125852	-0.000238945	2
66.7756	26.9209	0.00132689	-0.000219873	2
66.2673	27.7314	0.0013964	-0.000199181	2
65.7477	28.5355	0.00146704	-0.000176919	2
65.2171	29.3335	0.00153875	-0.000153139	2
64.6758	30.1255	0.00161152	-0.000127893	2
64.1243	30.9118	0.0016853	-0.00010123	2
63.5627	31.6924	0.00176007	-7.32026e-05	2
62.9915	32.4676	0.00183577	-4.38611e-05	2
62.411	33.2376	0.00191239	-1.32568e-05	2
61.8215	34.0025	0.00198989	1.85595e-05	2
61.2234	34.7626	0.00206823	5.15366e-05	2
60.617	35.5179	0.00214737	8.56235e-05	2
60.0026	36.2688	0.00222729	0.000120769	2
59.3805	37.0153	0.00230794	0.000156923	2
58.7512	37.7577	0.0023893	0.000194033	2
58.1148	38.4961	0.00247133	0.000232049	2
57.4719	39.2307	0.00255399	0.00027092	2
56.8226	39.9618	0.00263724	0.000310594	2
56.1674	40.6894	0.00272107	0.000351021	2
55.5065	41.4138	0.00280542	0.00039215	2
54.8403	42.1351	0.00289027	0.000433929	2
54.1692	42.8536	0.00297558	0.000476308	2
53.5012	43.5612	0.00306033	0.000518739	2
52.8212	44.2746	0.00314646	0.000562159	2
52.1372	44.9856	0.00323294	0.000606025	2
51.4496	45.6945	0.00331974	0.000650288	2
50.7586	46.4014	0.00340683	0.000694896	2
50.0647	47.1066	0.00349418	0.000739798	2
49.3682	47.8101	0.00358174	0.000784942	2
48.6694	48.5123	0.00366949	0.000830279	2
47.9686	49.2133	0.00375739	0.000875757	2
47.2662	49.9132	0.0038454	0.000921324	2
46.5625	50.6122	0.00393349	0.000966931	2
45.8578	51.3106	0.00402163	0.00101253	2
45.1525	52.0085	0.00410978	0.00105806	2
44.447	52.706	0.0041979	0.00110347	2
43.7414	53.4035	0.00428597	0.00114873	2
43.0363	54.101	0.00437394	0.00119376	2
42.3318	54.7987	0.00446179	0.00123853	2
41.6284	55.4969	0.00454947	0.00128298	2
40.9264	56.1957	0.00463696	0.00132706	2
40.226	56.8952	0.00472422	0.00137072	2
39.5278	57.5957	0.00481121	0.00141391	2
38.8319	58.2974	0.0048979	0.00145658	2
38.1387	59.0004	0.00498425	0.00149867	2
37.4486	59.705	0.00507023	0.00154014	2
36.7697	60.4031	0.00515483	0.00158047	2
36.0866	61.1112	0.00523998	0.00162054	2
35.4076	61.8213	0.00532465	0.00165984	2
34.733	62.5337	0.00540881	0.00169831	2
34.063	63.2485	0.00549243	0.0017359	2
33.3982	63.966	0.00557548	0.00177257	2
32.7387	64.6862	0.00565791	0.00180825	2
32.0849	65.4094	0.00573969	0.0018429	2
31.4372	66.1358	0.0058208	0.00187646	2
30.7959	66.8655	0.00590118	0.00190889	2
30.1613	67.5988	0.00598082	0.00194014	2
29.5337	68.3357	0.00605967	0.00197015	2
28.9136	69.0765	0.0061377	0.00199887	2
28.3011	69.8214	0.00621488	0.00202626	2
27.6968	70.5706	0.00629117	0.00205225	2
27.1008	71.3242	0.00636653	0.00207681	2
26.5135	72.0824	0.00644094	0.00209987	2
25.9353	72.8455	0.00651435	0.0021214	2
25.3665	73.6135	0.00658674	0.00214132	2
24.8074	74.3867	0.00665806	0.00215961	2
24.2584	75.1652	0.00672829	0.0021762	2
23.7198	75.9493	0.00679738	0.00219104	2
23.1919	76.7391	0.00686531	0.00220409	2
22.681	77.5256	0.00693128	0.00221516	2
22.1754	78.3273	0.00699679	0.00222448	2
21.6816	79.1352	0.00706103	0.00223185	2
21.1999	79.9496	0.00712396	0.00223722	2

124.999	2.0127	7.86815e-07	-6.90164e-08	2
124.917	3.10058	6.86073e-05	-6.78729e-06	2
124.849	4.1928	0.00013752	-1.5149e-05	2
124.797	5.27672	0.000206729	-2.50709e-05	2
124.761	6.3401	0.000275423	-3.63981e-05	2
124.739	7.40774	0.00034519	-4.93799e-05	2
124.732	8.4673	0.000415223	-6.3879e-05	2
124.74	9.51884	0.000485511	-7.98813e-05	2
124.763	10.5624	0.000556045	-9.73724e-05	2
124.8	11.5982	0.000626814	-0.000116338	2
124.851	12.6261	0.000697809	-0.000136764	2
124.917	13.6463	0.000769019	-0.000158636	2
124.996	14.6588	0.000840434	-0.000181939	2
125.09	15.6637	0.000912045	-0.00020666	2
125.196	16.6611	0.000983841	-0.000232783	2
125.317	17.6511	0.00105581	-0.000260296	2
125.45	18.6337	0.00112795	-0.000289182	2
125.597	19.6089	0.00120024	-0.000319429	2
125.757	20.5769	0.00127268	-0.000351022	2
125.929	21.5378	0.00134525	-0.000383946	2
126.114	22.4915	0.00141795	-0.000418187	2
126.312	23.4382	0.00149076	-0.000453732	2
126.521	24.378	0.00156367	-0.000490565	2
126.743	25.3108	0.00163668	-0.000528672	2
126.977	26.2368	0.00170978	-0.000568039	2
127.222	27.1561	0.00178295	-0.000608652	2
127.476	28.0583	0.00185534	-0.000650009	2
127.744	28.9643	0.00192863	-0.000693056	2
128.023	29.8638	0.00200197	-0.000737307	2
128.314	30.7569	0.00207534	-0.000782746	2
128.615	31.6435	0.00214873	-0.000829359	2
128.927	32.5238	0.00222214	-0.000877133	2
129.25	33.3979	0.00229555	-0.000926052	2
129.582	34.2657	0.00236895	-0.000976103	2
129.925	35.1275	0.00244234	-0.00102727	2
130.278	35.9831	0.00251571	-0.00107954	2
130.641	36.8328	0.00258904	-0.0011329	2
131.014	37.6766	0.00266232	-0.00118734	2
131.396	38.5146	0.00273555	-0.00124283	2
131.787	39.3468	0.00280871	-0.00129937	2
132.188	40.1732	0.0028818	-0.00135694	2
132.597	40.9941	0.0029548	-0.00141553	2
133.016	41.8093	0.0030277	-0.00147512	2
133.442	42.6191	0.0031005	-0.0015357	2
133.878	43.4235	0.00317318	-0.00159725	2
134.322	44.2225	0.00324573	-0.00165976	2
134.773	45.0162	0.00331815	-0.00172322	2
135.233	45.8048	0.00339043	-0.00178761	2
135.701	46.5882	0.00346254	-0.00185292	2
136.17	47.3576	0.00353367	-0.00191836	2
136.653	48.1309	0.00360544	-0.00198545	2
137.142	48.8994	0.00367703	-0.00205341	2
137.639	49.6629	0.00374842	-0.00212223	2
138.143	50.4217	0.00381961	-0.0021919	2
138.654	51.1758	0.00389058	-0.0022624	2
139.171	51.9252	0.00396132	-0.00233371	2
139.694	52.67	0.00403183	-0.00240583	2
140.224	53.4104	0.00410209	-0.00247874	2
140.76	54.1462	0.00417209	-0.00255242	2
141.301	54.8777	0.00424183	-0.00262686	2
141.849	55.605	0.00431128	-0.00270205	2
142.401	56.3279	0.00438046	-0.00277797	2
142.96	57.0468	0.00444933	-0.0028546	2
143.523	57.7615	0.0045179	-0.00293194	2
144.092	58.4722	0.00458615	-0.00300996	2
144.665	59.179	0.00465407	-0.00308866	2
145.243	59.8818	0.00472166	-0.00316802	2
145.826	60.5809	0.0047889	-0.00324803	2
146.413	61.2762	0.00485578	-0.00332866	2
147.004	61.9679	0.0049223	-0.00340992	2
147.599	62.656	0.00498843	-0.00349177	2
148.198	63.3405	0.00505418	-0.00357421	2
148.8	64.0216	0.00511954	-0.00365723	2
149.399	64.6915	0.00518374	-0.00373984	2
150.009	65.3659	0.00524827	-0.00382396	2
150.621	66.037	0.00531238	-0.00390861	2
151.236	66.705	0.00537604	-0.00399377	2
151.855	67.3699	0.00543926	-0.00407944	2
152.475	68.0317	0.00550202	-0.00416559	2
153.099	68.6905	0.00556432	-0.00425222	2
153.724	69.3465	0.00562613	-0.00433931	2
154.352	69.9996	0.00568746	-0.00442684	2
154.982	70.65	0.00574829	-0.00451481	2
155.613	71.2977	0.00580862	-0.00460319	2
156.246	71.9427	0.00586842	-0.00469198	2
156.88	72.5852	0.0059277	-0.00478115	2
157.516	73.2253	0.00598644	-0.00487069	2
158.153	73.8629	0.00604463	-0.0049606	2
158.79	74.4982	0.00610226	-0.00505085	2
159.429	75.1312	0.00615932	-0.00514143	2
160.068	75.762	0.00621581	-0.00523233	2
160.707	76.3907	0.00627171	-0.00532353	2
161.347	77.0173	0.00632701	-0.00541502	2
161.986	77.642	0.0063817	-0.00550679	2
162.626	78.2647	0.00643577	-0.00559881	2
163.265	78.8856	0.00648921	-0.00569108	2
163.896	79.4976	0.00654141	-0.00578251	2
164.534	80.115	0.00659358	-0.00587522	2
165.172	80.7308	0.00664508	-0.00596814	2
165.808	81.345	0.00669592	-0.00606124	2

