-125.003	2.00992	-5.48788e-09	-7.69466e-08	2
-125.264	2.86683	-1.40623e-06	-6.82127e-06	2
-125.534	3.74175	-4.66767e-06	-1.38913e-05	2
-125.808	4.62447	-9.74821e-06	-2.11978e-05	2
-126.084	5.50441	-1.65228e-05	-2.86408e-05	2
-126.368	6.40175	-2.51133e-05	-3.63815e-05	2
-126.655	7.30601	-3.5415e-05	-4.43223e-05	2
-126.946	8.21688	-4.73916e-05	-5.24509e-05	2
-127.24	9.13409	-6.10072e-05	-6.07554e-05	2
-127.536	10.0573	-7.62255e-05	-6.92234e-05	2
-127.836	10.9863	-9.30105e-05	-7.78428e-05	2
-128.137	11.9207	-0.000111326	-8.66014e-05	2
-128.439	12.8603	-0.000131136	-9.54869e-05	2
-128.744	13.8047	-0.000152404	-0.000104487	2
-129.048	14.7537	-0.000175095	-0.00011359	2
-129.354	15.7069	-0.000199171	-0.000122784	2
-129.659	16.6641	-0.000224597	-0.000132056	2
-129.965	17.625	-0.000251338	-0.000141394	2
-130.269	18.5893	-0.000279355	-0.000150785	2
-130.573	19.5567	-0.000308615	-0.000160219	2
-130.875	20.5269	-0.00033908	-0.000169682	2
-131.176	21.4995	-0.000370714	-0.000179162	2
-131.474	22.4744	-0.000403481	-0.000188648	2
-131.77	23.4512	-0.000437346	-0.000198126	2
-132.063	24.4295	-0.000472271	-0.000207585	2
-132.353	25.4093	-0.000508221	-0.000217013	2
-132.635	26.3787	-0.00054473	-0.00022629	2
-132.917	27.3602	-0.000582611	-0.000235619	2
-133.195	28.3421	-0.000621409	-0.000244881	2
-133.468	29.3242	-0.000661087	-0.000254062	2
-133.736	30.3061	-0.00070161	-0.000263152	2
-133.998	31.2876	-0.000742941	-0.000272136	2
-134.254	32.2683	-0.000785045	-0.000281005	2
-134.504	33.248	-0.000827886	-0.000289745	2
-134.748	34.2264	-0.000871426	-0.000298343	2
-134.984	35.2032	-0.00091563	-0.000306789	2
-135.213	36.178	-0.000960463	-0.000315069	2
-135.434	37.1506	-0.00100589	-0.000323172	2
-135.647	38.1208	-0.00105187	-0.000331085	2
-135.851	39.0881	-0.00109837	-0.000338797	2
-136.047	40.0524	-0.00114535	-0.000346294	2
-136.233	41.0133	-0.00119278	-0.000353565	2
-136.409	41.9705	-0.00124062	-0.000360598	2
-136.576	42.9237	-0.00128884	-0.00036738	2
-136.732	43.8726	-0.00133739	-0.0003739	2
-136.877	44.817	-0.00138625	-0.000380144	2
-137.011	45.7566	-0.00143537	-0.000386102	2
-137.133	46.691	-0.00148473	-0.00039176	2
-137.244	47.6199	-0.00153428	-0.000397106	2
-137.341	48.5325	-0.00158341	-0.000402074	2
-137.426	49.4498	-0.00163324	-0.000406764	2
-137.499	50.3607	-0.00168316	-0.000411108	2
-137.558	51.265	-0.00173312	-0.000415091	2
-137.603	52.1623	-0.0017831	-0.000418701	2
-137.634	53.0525	-0.00183306	-0.000421927	2
-137.651	53.9352	-0.00188296	-0.000424757	2
-137.652	54.81	-0.00193277	-0.000427178	2
-137.638	55.6768	-0.00198244	-0.000429177	2
-137.609	56.5352	-0.00203195	-0.000430744	2
-137.563	57.3849	-0.00208126	-0.000431865	2
-137.501	58.2257	-0.00213033	-0.000432529	2
-137.422	59.0571	-0.00217912	-0.000432722	2
-137.326	59.879	-0.0022276	-0.000432434	2
-137.212	60.6911	-0.00227574	-0.000431652	2
-137.08	61.493	-0.00232349	-0.000430363	2
-136.93	62.2844	-0.00237083	-0.000428556	2
-136.761	63.0652	-0.0024177	-0.000426218	2
-136.573	63.8348	-0.00246409	-0.000423338	2
-136.366	64.5932	-0.00250995	-0.000419902	2
-136.139	65.3399	-0.00255525	-0.000415899	2
-135.891	66.0747	-0.00259994	-0.000411317	2
-135.623	66.7973	-0.002644	-0.000406143	2
-135.334	67.5074	-0.00268739	-0.000400365	2
-135.027	68.1967	-0.00272958	-0.000394048	2
-134.695	68.8811	-0.00277153	-0.000387034	2
-134.341	69.552	-0.00281269	-0.000379379	2
-133.964	70.2093	-0.00285304	-0.000371072	2
-133.565	70.8526	-0.00289253	-0.0003621	2
-133.142	71.4816	-0.00293114	-0.000352452	2
-132.695	72.0961	-0.00296882	-0.000342114	2
-132.225	72.6957	-0.00300554	-0.000331076	2
-131.73	73.2801	-0.00304127	-0.000319324	2
-131.211	73.8491	-0.00307596	-0.000306847	2
-130.666	74.4024	-0.00310958	-0.000293632	2
-130.096	74.9396	-0.0031421	-0.000279667	2
-129.5	75.4605	-0.00317348	-0.00026494	2
-128.877	75.9648	-0.00320368	-0.000249438	2
-128.228	76.4521	-0.00323266	-0.000233151	2
-127.552	76.9223	-0.0032604	-0.000216065	2
-126.849	77.3749	-0.00328685	-0.000198168	2
-126.117	77.8097	-0.00331198	-0.000179448	2
-125.358	78.2264	-0.00333575	-0.000159893	2
-124.57	78.6248	-0.00335813	-0.00013949	2
-123.753	79.0044	-0.00337907	-0.000118228	2
-122.907	79.3651	-0.00339855	-9.60945e-05	2
-122.031	79.7065	-0.00341653	-7.30769e-05	2
-121.136	80.0248	-0.00343279	-4.94433e-05	2
-120.2	80.3269	-0.00344767	-2.46319e-05	2
-119.233	80.609	-0.00346095	1.09986e-06	2
-118.235	80.8706	-0.00347257	2.77641e-05	2

-74.9998	2.01146	-2.86547e-07	2.4919e-07	2
-75.0031	2.99277	-2.44112e-05	2.07633e-05	2
-75.0402	3.97622	-4.77913e-05	3.97002e-05	2
-75.1104	4.95049	-7.01665e-05	5.68525e-05	2
-75.2115	5.90465	-9.13229e-05	7.20942e-05	2
-75.3452	6.86102	-0.000111778	8.5821e-05	2
-75.5096	7.80859	-0.000131308	9.78873e-05	2
-75.704	8.74747	-0.000149938	0.000108335	2
-75.9274	9.67781	-0.000167694	0.000117205	2
-76.1791	10.5997	-0.000184604	0.000124539	2
-76.4584	11.5134	-0.000200693	0.000130379	2
-76.7643	12.4188	-0.000215988	0.000134767	2
-77.096	13.3162	-0.000230516	0.000137743	2
-77.4529	14.2058	-0.000244302	0.00013935	2
-77.834	15.0875	-0.000257373	0.000139629	2
-78.2385	15.9616	-0.000269755	0.000138622	2
-78.6657	16.8281	-0.000281475	0.00013637	2
-79.1146	17.6873	-0.000292559	0.000132914	2
-79.5847	18.5392	-0.000303033	0.000128297	2
-80.0749	19.384	-0.000312924	0.000122561	2
-80.5845	20.2217	-0.000322259	0.000115745	2
-81.1127	21.0526	-0.000331063	0.000107893	2
-81.6587	21.8767	-0.000339363	9.90453e-05	2
-82.2217	22.6942	-0.000347185	8.9244e-05	2
-82.8008	23.5052	-0.000354556	7.85304e-05	2
-83.3953	24.3098	-0.000361502	6.69463e-05	2
-83.9973	25.099	-0.000367977	5.46804e-05	2
-84.6199	25.8913	-0.000374156	4.14886e-05	2
-85.2555	26.6777	-0.00037999	2.75505e-05	2
-85.9032	27.4582	-0.000385503	1.29076e-05	2
-86.5622	28.2329	-0.000390723	-2.39859e-06	2
-87.2318	29.0021	-0.000395676	-1.83264e-05	2
-87.911	29.7658	-0.000400389	-3.48342e-05	2
-88.5991	30.5241	-0.000404887	-5.18806e-05	2
-89.2954	31.2772	-0.000409198	-6.94239e-05	2
-89.9989	32.0252	-0.000413346	-8.74225e-05	2
-90.7088	32.7683	-0.00041736	-0.000105835	2
-91.4245	33.5066	-0.000421265	-0.000124619	2
-92.145	34.2401	-0.000425087	-0.000143735	2
-92.8695	34.969	-0.000428854	-0.000163139	2
-93.5973	35.6936	-0.00043259	-0.000182791	2
-94.3274	36.4137	-0.000436324	-0.000202648	2
-95.0593	37.1297	-0.00044008	-0.00022267	2
-95.7919	37.8417	-0.000443886	-0.000242815	2
-96.5245	38.5497	-0.000447768	-0.000263041	2
-97.2563	39.2539	-0.000451752	-0.000283307	2
-97.9865	39.9544	-0.000455865	-0.00030357	2
-98.7142	40.6513	-0.000460132	-0.000323791	2
-99.4388	41.3449	-0.000464581	-0.000343926	2
-100.151	42.0272	-0.000469182	-0.000363705	2
-100.867	42.7143	-0.00047407	-0.000383547	2
-101.577	43.3984	-0.000479218	-0.00040318	2
-102.28	44.0796	-0.000484652	-0.000422562	2
-102.977	44.758	-0.000490399	-0.000441651	2
-103.665	45.4337	-0.000496486	-0.000460407	2
-104.344	46.1069	-0.000502938	-0.000478787	2
-105.014	46.7777	-0.000509781	-0.000496749	2
-105.673	47.4463	-0.000517044	-0.000514253	2
-106.321	48.1127	-0.000524751	-0.000531257	2
-106.956	48.7771	-0.000532929	-0.000547718	2
-107.579	49.4396	-0.000541604	-0.000563596	2
-108.188	50.1003	-0.000550804	-0.000578849	2
-108.783	50.7594	-0.000560553	-0.000593435	2
-109.362	51.417	-0.000570879	-0.000607313	2
-109.925	52.0733	-0.000581808	-0.000620442	2
-110.471	52.7283	-0.000593367	-0.000632779	2
-110.999	53.3822	-0.000605581	-0.000644283	2
-111.508	54.035	-0.000618477	-0.000654912	2
-111.999	54.6871	-0.000632082	-0.000664626	2
-112.469	55.3384	-0.000646421	-0.000673381	2
-112.918	55.9891	-0.000661522	-0.000681138	2
-113.345	56.6393	-0.00067741	-0.000687853	2
-113.749	57.2892	-0.000694112	-0.000693487	2
-114.126	57.9314	-0.000711448	-0.000697951	2
-114.483	58.581	-0.000729847	-0.000701308	2
-114.815	59.2306	-0.000749138	-0.000703459	2
-115.121	59.8804	-0.000769349	-0.000704362	2
-115.401	60.5304	-0.000790505	-0.000703975	2
-115.653	61.1809	-0.000812633	-0.000702256	2
-115.876	61.832	-0.000835759	-0.000699165	2
-116.071	62.4837	-0.00085991	-0.000694659	2
-116.236	63.1362	-0.000885112	-0.000688697	2
-116.37	63.7897	-0.000911391	-0.000681238	2
-116.472	64.4442	-0.000938774	-0.000672239	2
-116.542	65.0999	-0.000967287	-0.000661659	2
-116.579	65.757	-0.000996957	-0.000649458	2
-116.582	66.4154	-0.00102781	-0.000635592	2
-116.551	67.0755	-0.00105987	-0.00062002	2
-116.483	67.7373	-0.00109317	-0.000602702	2
-116.38	68.4009	-0.00112773	-0.000583595	2
-116.239	69.0664	-0.00116357	-0.000562658	2
-116.06	69.7341	-0.00120074	-0.000539849	2
-115.843	70.4039	-0.00123924	-0.000515127	2
-115.585	71.0761	-0.00127911	-0.000488449	2
-115.288	71.7508	-0.00132037	-0.000459775	2
-114.949	72.4281	-0.00136306	-0.000429064	2
-114.572	73.1002	-0.00140667	-0.000396661	2
-114.149	73.7831	-0.00145226	-0.000361773	2
-113.682	74.4689	-0.00149934	-0.000324722	2
-113.171	75.1578	-0.00154796	-0.000285468	2

-25.0037	2.01259	-4.00016e-07	4.14684e-07	2
-25.3291	3.08453	-3.44913e-05	3.53887e-05	2
-25.6794	4.14701	-6.83648e-05	6.93982e-05	2
-26.0503	5.18782	-0.000101635	0.00010205	2
-26.4369	6.19572	-0.000133944	0.000133014	2
-26.8477	7.19452	-0.000166058	0.000163032	2
-27.2781	8.17273	-0.000197612	0.000191757	2
-27.7276	9.13074	-0.00022862	0.000219212	2
-28.1957	10.0689	-0.000259097	0.000245417	2
-28.6822	10.9876	-0.000289058	0.000270396	2
-29.1866	11.8871	-0.000318517	0.000294169	2
-29.7084	12.7679	-0.000347488	0.000316759	2
-30.2474	13.6304	-0.000375986	0.000338187	2
-30.8031	14.4748	-0.000404026	0.000358475	2
-31.3751	15.3015	-0.000431622	0.000377645	2
-31.963	16.111	-0.000458788	0.000395718	2
-32.5664	16.9036	-0.000485539	0.000412716	2
-33.185	17.6796	-0.00051189	0.000428662	2
-33.8182	18.4394	-0.000537854	0.000443576	2
-34.4658	19.1834	-0.000563448	0.000457481	2
-35.1273	19.912	-0.000588684	0.000470398	2
-35.8023	20.6254	-0.000613577	0.000482349	2
-36.4904	21.3242	-0.000638142	0.000493356	2
-37.1912	22.0086	-0.000662394	0.00050344	2
-37.9044	22.679	-0.000686347	0.000512624	2
-38.6295	23.3358	-0.000710015	0.00052093	2
-39.3575	23.972	-0.000733145	0.000528297	2
-40.1052	24.6027	-0.00075629	0.000534919	2
-40.8635	25.221	-0.000779194	0.000540727	2
-41.6322	25.8271	-0.000801871	0.000545744	2
-42.4108	26.4214	-0.000824336	0.00054999	2
-43.199	27.0043	-0.000846603	0.000553487	2
-43.9962	27.5761	-0.000868687	0.000556258	2
-44.8023	28.1372	-0.000890602	0.000558323	2
-45.6166	28.688	-0.000912362	0.000559706	2
-46.439	29.2288	-0.000933983	0.000560427	2
-47.2688	29.7601	-0.000955479	0.000560508	2
-48.1058	30.2821	-0.000976863	0.000559971	2
-48.9496	30.7952	-0.000998151	0.000558838	2
-49.7997	31.2998	-0.00101936	0.000557131	2
-50.6557	31.7964	-0.0010405	0.000554871	2
-51.5173	32.2851	-0.00106158	0.00055208	2
-52.3841	32.7664	-0.00108263	0.00054878	2
-53.2556	33.2408	-0.00110365	0.000544993	2
-54.1314	33.7084	-0.00112467	0.00054074	2
-55.0112	34.1697	-0.00114569	0.000536043	2
-55.8946	34.6252	-0.00116673	0.000530924	2
-56.7812	35.075	-0.0011878	0.000525405	2
-57.6704	35.5196	-0.00120892	0.000519507	2
-58.5518	35.9544	-0.00122986	0.000513326	2
-59.4454	36.3898	-0.00125112	0.000506741	2
-60.3406	36.8211	-0.00127248	0.000499841	2
-61.2369	37.2486	-0.00129394	0.00049265	2
-62.134	37.6728	-0.00131552	0.000485189	2
-63.0315	38.094	-0.00133723	0.00047748	2
-63.929	38.5125	-0.0013591	0.000469544	2
-64.826	38.9287	-0.00138113	0.000461403	2
-65.7222	39.3431	-0.00140334	0.00045308	2
-66.6172	39.7558	-0.00142574	0.000444596	2
-67.5106	40.1675	-0.00144835	0.000435972	2
-68.4019	40.5783	-0.00147118	0.00042723	2
-69.2909	40.9886	-0.00149425	0.000418393	2
-70.177	41.3989	-0.00151757	0.000409481	2
-71.0599	41.8095	-0.00154116	0.000400517	2
-71.9392	42.2207	-0.00156503	0.000391523	2
-72.8145	42.6329	-0.00158919	0.000382519	2
-73.6853	43.0466	-0.00161366	0.000373529	2
-74.5514	43.462	-0.00163845	0.000364573	2
-75.4123	43.8795	-0.00166359	0.000355674	2
-76.2675	44.2994	-0.00168907	0.000346853	2
-77.1167	44.7223	-0.00171493	0.000338132	2
-77.9596	45.1484	-0.00174116	0.000329533	2
-78.7956	45.578	-0.00176779	0.000321077	2
-79.615	46.0066	-0.00179452	0.000312881	2
-80.4363	46.4445	-0.00182198	0.000304776	2
-81.2496	46.887	-0.00184988	0.000296879	2
-82.0546	47.3346	-0.00187824	0.000289212	2
-82.8507	47.7876	-0.00190706	0.000281797	2
-83.6377	48.2464	-0.00193637	0.000274657	2
-84.4151	48.7113	-0.00196617	0.000267812	2
-85.1825	49.1827	-0.00199649	0.000261284	2
-85.9395	49.661	-0.00202733	0.000255095	2
-86.6857	50.1466	-0.00205872	0.000249268	2
-87.4208	50.6397	-0.00209066	0.000243823	2
-88.1442	51.1409	-0.00212317	0.000238782	2
-88.8557	51.6504	-0.00215626	0.000234168	2
-89.5548	52.1686	-0.00218995	0.000230001	2
-90.2411	52.6958	-0.00222426	0.000226305	2
-90.9143	53.2325	-0.0022592	0.0002231	2
-91.5739	53.779	-0.00229477	0.000220408	2
-92.2195	54.3357	-0.00233101	0.000218251	2
-92.8507	54.9029	-0.00236791	0.000216651	2
-93.4672	55.4811	-0.0024055	0.000215629	2
-94.0685	56.0705	-0.00244379	0.000215208	2
-94.6542	56.6715	-0.0024828	0.000215409	2
-95.224	57.2846	-0.00252254	0.000216254	2
-95.7711	57.9027	-0.00256255	0.000217743	2
-96.3079	58.5407	-0.00260378	0.000219933	2
-96.8276	59.1918	-0.00264578	0.000222831	2
-97.3297	59.8564	-0.00268857	0.000226461	2

24.9968	2.01091	-7.12685e-07	2.12428e-07	2
24.7204	2.94944	-5.99736e-05	1.85402e-05	2
24.4462	3.89892	-0.000115877	3.71987e-05	2
24.1776	4.84842	-0.000167764	5.59743e-05	2
23.9173	5.78704	-0.000215163	7.46477e-05	2
23.6594	6.73658	-0.00025923	9.36522e-05	2
23.4069	7.68612	-0.000299445	0.00011277	2
23.1596	8.63566	-0.000335866	0.000131999	2
22.9175	9.58518	-0.000368546	0.000151339	2
22.6807	10.5347	-0.00039754	0.000170788	2
22.449	11.4841	-0.000422905	0.000190346	2
22.2224	12.4336	-0.000444694	0.000210009	2
22.0009	13.3829	-0.000462964	0.000229779	2
21.7844	14.3322	-0.000477768	0.000249652	2
21.5728	15.2815	-0.000489163	0.000269628	2
21.3662	16.2306	-0.000497204	0.000289706	2
21.1645	17.1797	-0.000501945	0.000309883	2
20.9676	18.1287	-0.000503442	0.00033016	2
20.7755	19.0776	-0.000501749	0.000350534	2
20.5881	20.0263	-0.000496923	0.000371004	2
20.4055	20.975	-0.000489018	0.00039157	2
20.2274	21.9235	-0.000478089	0.000412229	2
20.054	22.8718	-0.000464191	0.00043298	2
19.8852	23.82	-0.00044738	0.000453823	2
19.7208	24.7681	-0.000427711	0.000474755	2
19.561	25.7159	-0.000405238	0.000495776	2
19.4073	26.6528	-0.000380323	0.00051664	2
19.2562	27.6003	-0.00035244	0.000537833	2
19.1094	28.5476	-0.000321918	0.000559111	2
18.9669	29.4947	-0.000288814	0.000580471	2
18.8286	30.4416	-0.000253181	0.000601914	2
18.6946	31.3883	-0.000215074	0.000623438	2
18.5646	32.3347	-0.00017455	0.00064504	2
18.4388	33.2809	-0.000131663	0.000666721	2
18.3171	34.2269	-8.64689e-05	0.000688479	2
18.1994	35.1726	-3.90217e-05	0.000710312	2
18.0856	36.118	1.06228e-05	0.00073222	2
17.9758	37.0632	6.24097e-05	0.0007542	2
17.8698	38.008	0.000116284	0.000776252	2
17.7677	38.9526	0.00017219	0.000798374	2
17.6693	39.8968	0.000230073	0.000820566	2
17.5747	40.8408	0.000289877	0.000842825	2
17.4838	41.7844	0.000351549	0.00086515	2
17.3965	42.7277	0.000415032	0.00088754	2
17.3129	43.6707	0.000480271	0.000909995	2
17.2328	44.6133	0.000547212	0.000932512	2
17.1562	45.5555	0.000615798	0.00095509	2
17.0831	46.4974	0.000685976	0.000977728	2
17.0134	47.4389	0.000757689	0.00100042	2
16.9478	48.3692	0.000830034	0.00102292	2
16.8847	49.3099	0.000904638	0.00104573	2
16.825	50.2502	0.000980613	0.00106859	2
16.7685	51.1901	0.0010579	0.00109151	2
16.7152	52.1296	0.00113646	0.00111448	2
16.665	53.0687	0.00121621	0.0011375	2
16.6179	54.0073	0.00129712	0.00116057	2
16.5739	54.9455	0.00137912	0.00118369	2
16.5329	55.8832	0.00146217	0.00120685	2
16.4949	56.8204	0.0015462	0.00123006	2
16.4598	57.7572	0.00163116	0.00125332	2
16.4276	58.6934	0.00171699	0.00127662	2
16.3982	59.6292	0.00180364	0.00129996	2
16.3715	60.5645	0.00189106	0.00132334	2
16.3477	61.4993	0.00197919	0.00134676	2
16.3265	62.4335	0.00206797	0.00137021	2
16.3079	63.3672	0.00215735	0.00139371	2
16.292	64.3004	0.00224728	0.00141724	2
16.2786	65.233	0.00233769	0.0014408	2
16.2677	66.1651	0.00242854	0.0014644	2
16.2593	67.0966	0.00251977	0.00148802	2
16.2533	68.0275	0.00261132	0.00151168	2
16.2497	68.9579	0.00270314	0.00153537	2
16.2484	69.8876	0.00279517	0.00155908	2
16.2494	70.8061	0.00288631	0.00158255	2
16.2526	71.7346	0.0029786	0.00160631	2
16.258	72.6625	0.00307094	0.0016301	2
16.2655	73.5898	0.00316328	0.00165391	2
16.2752	74.5165	0.00325555	0.00167774	2
16.2869	75.4425	0.00334771	0.00170159	2
16.3006	76.3678	0.00343969	0.00172546	2
16.3162	77.2925	0.00353145	0.00174935	2
16.3338	78.2165	0.00362293	0.00177325	2
16.3533	79.1398	0.00371407	0.00179717	2
16.3746	80.0624	0.00380481	0.0018211	2
16.3976	80.9844	0.00389511	0.00184504	2
16.4224	81.9056	0.00398491	0.00186899	2
16.4489	82.8261	0.00407415	0.00189295	2
16.4771	83.7458	0.00416277	0.00191692	2
16.5068	84.6649	0.00425073	0.0019409	2
16.5381	85.5831	0.00433796	0.00196488	2
16.5709	86.5006	0.00442442	0.00198887	2
16.6052	87.4174	0.00451004	0.00201285	2
16.6409	88.3334	0.00459477	0.00203684	2
16.6779	89.2486	0.00467856	0.00206084	2
16.7163	90.163	0.00476135	0.00208482	2
16.7559	91.0766	0.00484309	0.00210881	2
16.7964	91.9789	0.0049228	0.00213252	2
16.8384	92.8908	0.00500228	0.0021565	2
16.8816	93.802	0.00508053	0.00218047	2
16.9259	94.7123	0.00515752	0.00220443	2

75.0001	2.01293	-4.42735e-07	1.7923e-07	2
75.019	3.11391	-3.73299e-05	1.46952e-05	2
75.0661	4.20578	-7.2282e-05	2.7595e-05	2
75.1409	5.27587	-0.000104896	3.87308e-05	2
75.2417	6.31251	-0.000134875	4.80361e-05	2
75.3704	7.34005	-0.000162956	5.57587e-05	2
75.5256	8.34659	-0.000188816	6.1812e-05	2
75.7069	9.33238	-0.000212495	6.62277e-05	2
75.9139	10.2977	-0.000234031	6.90376e-05	2
76.1462	11.2427	-0.000253465	7.02733e-05	2
76.4034	12.1678	-0.000270836	6.99664e-05	2
76.6851	13.0732	-0.000286182	6.81486e-05	2
76.9908	13.9591	-0.000299544	6.48516e-05	2
77.3203	14.8258	-0.000310961	6.01071e-05	2
77.673	15.6735	-0.000320471	5.39467e-05	2
78.0487	16.5026	-0.000328115	4.6402e-05	2
78.4468	17.3132	-0.000333932	3.75049e-05	2
78.8669	18.1057	-0.000337961	2.72868e-05	2
79.3088	18.8803	-0.000340242	1.57795e-05	2
79.7719	19.6372	-0.000340813	3.01463e-06	2
80.2559	20.3767	-0.000339714	-1.09761e-05	2
80.7604	21.099	-0.000336985	-2.61611e-05	2
81.2849	21.8045	-0.000332665	-4.25086e-05	2
81.8291	22.4934	-0.000326793	-5.9987e-05	2
82.3926	23.1659	-0.000319409	-7.85646e-05	2
82.9749	23.8223	-0.000310552	-9.82098e-05	2
83.5686	24.4556	-0.000300387	-0.000118647	2
84.1873	25.0807	-0.000288718	-0.000140321	2
84.8236	25.6905	-0.000275693	-0.000162968	2
85.4771	26.2853	-0.000261352	-0.000186556	2
86.1475	26.8652	-0.000245734	-0.000211054	2
86.8343	27.4305	-0.000228879	-0.000236429	2
87.5372	27.9816	-0.000210826	-0.000262651	2
88.2557	28.5186	-0.000191614	-0.000289688	2
88.9895	29.0418	-0.000171283	-0.000317507	2
89.7382	29.5515	-0.000149872	-0.000346078	2
90.5012	30.048	-0.00012742	-0.000375368	2
91.2783	30.5314	-0.000103967	-0.000405346	2
92.0691	31.002	-7.95525e-05	-0.00043598	2
92.873	31.4602	-5.42151e-05	-0.000467239	2
93.6898	31.9061	-2.79945e-05	-0.000499091	2
94.5191	32.3401	-9.3014e-07	-0.000531505	2
95.3603	32.7623	2.69387e-05	-0.000564447	2
96.2132	33.1731	5.55727e-05	-0.000597888	2
97.0773	33.5727	8.49325e-05	-0.000631795	2
97.9522	33.9613	0.000114979	-0.000666136	2
98.8376	34.3392	0.000145672	-0.000700881	2
99.7329	34.7067	0.000176973	-0.000735997	2
100.638	35.064	0.000208842	-0.000771452	2
101.541	35.4075	0.000240865	-0.000806802	2
102.464	35.7454	0.000273748	-0.000842839	2
103.396	36.0738	0.000307081	-0.00087912	2
104.335	36.3932	0.000340826	-0.000915615	2
105.282	36.7036	0.000374943	-0.000952291	2
106.236	37.0054	0.000409392	-0.000989118	2
107.197	37.2989	0.000444135	-0.00102606	2
108.164	37.5842	0.000479132	-0.00106309	2
109.138	37.8617	0.000514343	-0.00110018	2
110.117	38.1316	0.00054973	-0.00113729	2
111.101	38.3941	0.000585253	-0.00117439	2
112.09	38.6496	0.000620872	-0.00121145	2
113.083	38.8983	0.000656548	-0.00124844	2
114.08	39.1404	0.000692242	-0.00128533	2
115.081	39.3762	0.000727915	-0.00132208	2
116.085	39.6059	0.000763527	-0.00135866	2
117.092	39.8299	0.000799039	-0.00139505	2
118.101	40.0483	0.000834411	-0.0014312	2
119.112	40.2614	0.000869604	-0.0014671	2
120.125	40.4696	0.000904579	-0.0015027	2
121.139	40.673	0.000939296	-0.00153797	2
122.154	40.8719	0.000973717	-0.00157289	2
123.169	41.0665	0.0010078	-0.00160742	2
124.184	41.2572	0.00104151	-0.00164153	2
125.187	41.442	0.00107442	-0.00167481	2
126.2	41.6256	0.00110727	-0.00170799	2
127.213	41.8059	0.00113962	-0.00174066	2
128.224	41.9832	0.00117144	-0.00177278	2
129.233	42.1579	0.00120268	-0.00180432	2
130.239	42.3302	0.00123332	-0.00183525	2
131.243	42.5002	0.0012633	-0.00186554	2
132.243	42.6684	0.0012926	-0.00189516	2
133.24	42.8348	0.00132116	-0.00192408	2
134.232	42.9999	0.00134896	-0.00195225	2
135.22	43.1639	0.00137595	-0.00197966	2
136.204	43.3269	0.00140209	-0.00200627	2
137.182	43.4893	0.00142734	-0.00203205	2
138.154	43.6514	0.00145167	-0.00205696	2
139.12	43.8133	0.00147503	-0.00208099	2
140.08	43.9754	0.00149739	-0.00210408	2
141.033	44.1379	0.0015187	-0.00212622	2
141.979	44.301	0.00153893	-0.00214736	2
142.917	44.4651	0.00155804	-0.00216749	2
143.847	44.6304	0.00157598	-0.00218656	2
144.768	44.7971	0.00159272	-0.00220455	2
145.681	44.9654	0.00160822	-0.00222142	2
146.584	45.1358	0.00162244	-0.00223714	2
147.468	45.3063	0.00163521	-0.00225152	2
148.351	45.4813	0.00164676	-0.00226487	2
149.224	45.659	0.00165692	-0.00227697	2
150.087	45.8397	0.00166565	-0.0022878	2

124.993	2.01223	-5.67632e-07	2.35161e-07	2
124.423	3.05948	-4.87409e-05	2.01232e-05	2
123.88	4.10999	-9.619e-05	3.9572e-05	2
123.371	5.15155	-0.000142361	5.83537e-05	2
122.901	6.17234	-0.000186759	7.62713e-05	2
122.458	7.1961	-0.000230431	9.37488e-05	2
122.047	8.21092	-0.000272867	0.000110582	2
121.669	9.21681	-0.000314081	0.000126777	2
121.322	10.2138	-0.000354086	0.000142343	2
121.006	11.2018	-0.000392898	0.000157286	2
120.722	12.181	-0.000430529	0.000171614	2
120.468	13.1512	-0.000466995	0.000185335	2
120.245	14.1125	-0.000502308	0.000198456	2
120.051	15.065	-0.000536484	0.000210985	2
119.886	16.0085	-0.000569535	0.000222928	2
119.751	16.9432	-0.000601476	0.000234294	2
119.644	17.869	-0.000632321	0.000245089	2
119.565	18.786	-0.000662084	0.000255322	2
119.515	19.6941	-0.000690778	0.000265	2
119.491	20.5933	-0.000718419	0.000274129	2
119.495	21.4838	-0.000745019	0.000282719	2
119.525	22.3653	-0.000770594	0.000290775	2
119.582	23.2381	-0.000795156	0.000298306	2
119.664	24.102	-0.00081872	0.000305319	2
119.772	24.9571	-0.0008413	0.000311822	2
119.905	25.8034	-0.000862909	0.000317821	2
120.061	26.6313	-0.000883331	0.000323265	2
120.243	27.4601	-0.000903052	0.000328286	2
120.449	28.2801	-0.000921846	0.000332827	2
120.678	29.0913	-0.000939725	0.000336894	2
120.93	29.8938	-0.000956704	0.000340495	2
121.206	30.6875	-0.000972797	0.000343638	2
121.503	31.4724	-0.000988017	0.00034633	2
121.822	32.2486	-0.00100238	0.000348578	2
122.163	33.016	-0.0010159	0.000350391	2
122.526	33.7747	-0.00102858	0.000351774	2
122.909	34.5247	-0.00104045	0.000352737	2
123.312	35.2659	-0.00105152	0.000353286	2
123.735	35.9984	-0.0010618	0.000353429	2
124.178	36.7222	-0.0010713	0.000353172	2
124.64	37.4373	-0.00108005	0.000352525	2
125.121	38.1437	-0.00108805	0.000351494	2
125.621	38.8414	-0.00109531	0.000350086	2
126.138	39.5304	-0.00110186	0.00034831	2
126.673	40.2108	-0.0011077	0.000346172	2
127.226	40.8824	-0.00111285	0.000343679	2
127.795	41.5454	-0.00111733	0.000340841	2
128.381	42.1998	-0.00112114	0.000337663	2
128.982	42.8455	-0.00112431	0.000334154	2
129.593	43.4752	-0.00112681	0.000330366	2
130.225	44.1037	-0.00112873	0.000326219	2
130.873	44.7236	-0.00113004	0.000321763	2
131.535	45.3349	-0.00113076	0.000317004	2
132.211	45.9375	-0.00113089	0.000311952	2
132.901	46.5316	-0.00113047	0.000306612	2
133.604	47.117	-0.00112949	0.000300993	2
134.32	47.6938	-0.00112798	0.000295102	2
135.049	48.2621	-0.00112594	0.000288946	2
135.789	48.8217	-0.00112339	0.000282533	2
136.542	49.3728	-0.00112035	0.00027587	2
137.306	49.9153	-0.00111683	0.000268965	2
138.081	50.4493	-0.00111285	0.000261825	2
138.867	50.9747	-0.0011084	0.000254457	2
139.662	51.4915	-0.00110353	0.00024687	2
140.468	51.9998	-0.00109822	0.00023907	2
141.283	52.4996	-0.00109251	0.000231066	2
142.107	52.9908	-0.00108639	0.000222863	2
142.94	53.4736	-0.0010799	0.000214471	2
143.781	53.9478	-0.00107304	0.000205896	2
144.63	54.4135	-0.00106582	0.000197146	2
145.486	54.8707	-0.00105826	0.000188228	2
146.349	55.3194	-0.00105037	0.00017915	2
147.219	55.7596	-0.00104217	0.000169919	2
148.085	56.1864	-0.00103377	0.000160651	2
148.967	56.6098	-0.00102499	0.000151139	2
149.855	57.0247	-0.00101594	0.000141496	2
150.748	57.4311	-0.00100664	0.000131729	2
151.645	57.8291	-0.000997085	0.000121848	2
152.547	58.2187	-0.000987305	0.000111858	2
153.453	58.5998	-0.00097731	0.000101767	2
154.362	58.9724	-0.000967114	9.15831e-05	2
155.274	59.3367	-0.000956731	8.13134e-05	2
156.19	59.6925	-0.000946175	7.09653e-05	2
157.107	60.0399	-0.000935459	6.05464e-05	2
158.027	60.3789	-0.000924598	5.00641e-05	2
158.948	60.7096	-0.000913607	3.95258e-05	2
159.87	61.0318	-0.000902498	2.8939e-05	2
160.793	61.3456	-0.000891286	1.83111e-05	2
161.717	61.6511	-0.000879984	7.64969e-06	2
162.64	61.9482	-0.000868608	-3.0379e-06	2
163.563	62.2369	-0.00085717	-1.37442e-05	2
164.486	62.5173	-0.000845685	-2.44617e-05	2
165.407	62.7893	-0.000834167	-3.51829e-05	2
166.327	63.053	-0.00082263	-4.59005e-05	2
167.244	63.3083	-0.000811088	-5.6607e-05	2
168.16	63.5553	-0.000799554	-6.72948e-05	2
169.062	63.7913	-0.000788175	-7.78342e-05	2
169.971	64.0218	-0.0007767	-8.84629e-05	2
170.878	64.2439	-0.000765276	-9.90508e-05	2
171.78	64.4578	-0.000753917	-0.00010959	2

