-124.999	2.01066	-1.13563e-08	1.80594e-07	2
-124.948	2.92586	-1.12187e-06	1.49264e-05	2
-124.932	3.8486	-2.51467e-06	2.82864e-05	2
-124.95	4.76821	-4.1785e-06	4.01132e-05	2
-125.002	5.67416	-6.0897e-06	5.03302e-05	2
-125.088	6.58752	-8.29282e-06	5.9208e-05	2
-125.205	7.49771	-1.07673e-05	6.66527e-05	2
-125.354	8.40475	-1.35132e-05	7.26978e-05	2
-125.534	9.30861	-1.65308e-05	7.73768e-05	2
-125.744	10.2093	-1.982e-05	8.07231e-05	2
-125.982	11.1068	-2.3381e-05	8.27702e-05	2
-126.248	12.0011	-2.72139e-05	8.35515e-05	2
-126.542	12.8922	-3.13188e-05	8.31005e-05	2
-126.862	13.7801	-3.56958e-05	8.14506e-05	2
-127.207	14.6648	-4.03451e-05	7.86354e-05	2
-127.577	15.5462	-4.52667e-05	7.46882e-05	2
-127.97	16.4245	-5.04607e-05	6.96425e-05	2
-128.386	17.2994	-5.59273e-05	6.35318e-05	2
-128.825	18.1712	-6.16665e-05	5.63896e-05	2
-129.284	19.0396	-6.76785e-05	4.82493e-05	2
-129.764	19.9049	-7.39634e-05	3.91443e-05	2
-130.263	20.7668	-8.05212e-05	2.91081e-05	2
-130.78	21.6255	-8.73522e-05	1.81742e-05	2
-131.315	22.4808	-9.44563e-05	6.3761e-06	2
-131.867	23.3329	-0.000101834	-6.25285e-06	2
-132.435	24.1817	-0.000109485	-1.96791e-05	2
-133.012	25.0175	-0.000117316	-3.3702e-05	2
-133.609	25.8597	-0.000125511	-4.86144e-05	2
-134.219	26.6986	-0.00013398	-6.42242e-05	2
-134.842	27.5341	-0.000142722	-8.04978e-05	2
-135.477	28.3663	-0.000151739	-9.74019e-05	2
-136.122	29.1952	-0.000161029	-0.000114903	2
-136.777	30.0207	-0.000170594	-0.000132968	2
-137.442	30.8428	-0.000180433	-0.000151562	2
-138.114	31.6616	-0.000190546	-0.000170653	2
-138.794	32.477	-0.000200934	-0.000190208	2
-139.481	33.289	-0.000211596	-0.000210192	2
-140.173	34.0976	-0.000222533	-0.000230572	2
-140.869	34.9028	-0.000233745	-0.000251315	2
-141.57	35.7046	-0.000245232	-0.000272388	2
-142.274	36.503	-0.000256994	-0.000293756	2
-142.98	37.2979	-0.000269031	-0.000315386	2
-143.687	38.0895	-0.000281343	-0.000337246	2
-144.394	38.8776	-0.000293931	-0.000359301	2
-145.101	39.6622	-0.000306794	-0.000381518	2
-145.807	40.4434	-0.000319932	-0.000403864	2
-146.511	41.2211	-0.000333347	-0.000426304	2
-147.212	41.9954	-0.000347037	-0.000448807	2
-147.909	42.7662	-0.000361003	-0.000471337	2
-148.593	43.5247	-0.000375079	-0.000493604	2
-149.28	44.2885	-0.000389594	-0.000516091	2
-149.96	45.0488	-0.000404385	-0.000538506	2
-150.633	45.8057	-0.000419453	-0.000560816	2
-151.298	46.559	-0.000434797	-0.000582987	2
-151.953	47.3088	-0.000450417	-0.000604986	2
-152.599	48.0551	-0.000466315	-0.00062678	2
-153.234	48.7978	-0.000482488	-0.000648334	2
-153.858	49.537	-0.000498939	-0.000669616	2
-154.469	50.2726	-0.000515667	-0.000690592	2
-155.066	51.0047	-0.000532672	-0.000711228	2
-155.65	51.7332	-0.000549954	-0.000731491	2
-156.218	52.4581	-0.000567513	-0.000751348	2
-156.771	53.1794	-0.00058535	-0.000770765	2
-157.307	53.8972	-0.000603464	-0.000789709	2
-157.825	54.6113	-0.000621856	-0.000808146	2
-158.325	55.3218	-0.000640525	-0.000826043	2
-158.805	56.0287	-0.000659473	-0.000843366	2
-159.265	56.732	-0.000678698	-0.000860081	2
-159.704	57.4317	-0.000698202	-0.000876157	2
-160.121	58.1277	-0.000717983	-0.000891558	2
-160.515	58.8201	-0.000738043	-0.000906251	2
-160.886	59.5088	-0.000758381	-0.000920204	2
-161.232	60.1939	-0.000778998	-0.000933382	2
-161.549	60.8675	-0.000799652	-0.000945615	2
-161.843	61.5453	-0.000820822	-0.000957154	2
-162.111	62.2193	-0.000842272	-0.000967818	2
-162.351	62.8897	-0.000864001	-0.000977575	2
-162.561	63.5564	-0.000886008	-0.00098639	2
-162.743	64.2194	-0.000908295	-0.00099423	2
-162.893	64.8787	-0.000930861	-0.00100106	2
-163.012	65.5342	-0.000953706	-0.00100685	2
-163.099	66.186	-0.000976831	-0.00101157	2
-163.153	66.8341	-0.00100024	-0.00101517	2
-163.173	67.4784	-0.00102392	-0.00101764	2
-163.157	68.119	-0.00104788	-0.00101893	2
-163.107	68.7558	-0.00107213	-0.00101901	2
-163.019	69.3889	-0.00109665	-0.00101784	2
-162.894	70.0182	-0.00112145	-0.00101541	2
-162.731	70.6436	-0.00114654	-0.00101166	2
-162.529	71.2653	-0.0011719	-0.00100657	2
-162.286	71.8832	-0.00119755	-0.0010001	2
-162.003	72.4973	-0.00122347	-0.000992222	2
-161.678	73.1076	-0.00124968	-0.000982901	2
-161.311	73.7141	-0.00127617	-0.000972104	2
-160.9	74.3167	-0.00130293	-0.000959797	2
-160.444	74.9155	-0.00132998	-0.000945946	2
-159.949	75.5036	-0.001357	-0.000930705	2
-159.403	76.0948	-0.0013846	-0.000913685	2
-158.81	76.682	-0.00141249	-0.000895022	2
-158.17	77.2654	-0.00144066	-0.000874681	2

-75.0019	2.01144	-4.95273e-07	1.91066e-07	2
-75.179	2.98652	-4.25007e-05	1.60752e-05	2
-75.3825	3.95579	-8.3829e-05	3.10515e-05	2
-75.6102	4.9081	-0.000124011	4.49423e-05	2
-75.8585	5.83309	-0.000162631	5.76198e-05	2
-76.1327	6.75257	-0.000200612	6.9392e-05	2
-76.4296	7.65598	-0.000237525	8.01188e-05	2
-76.7487	8.54362	-0.000273396	8.98136e-05	2
-77.0895	9.4158	-0.000308252	9.84897e-05	2
-77.4516	10.2728	-0.000342119	0.000106161	2
-77.8345	11.1149	-0.000375024	0.00011284	2
-78.2378	11.9425	-0.000406991	0.000118541	2
-78.6608	12.7557	-0.000438048	0.000123276	2
-79.1033	13.555	-0.000468221	0.000127061	2
-79.5646	14.3406	-0.000497535	0.000129907	2
-80.0444	15.1128	-0.000526018	0.000131828	2
-80.5421	15.8719	-0.000553695	0.000132838	2
-81.0573	16.6182	-0.000580593	0.00013295	2
-81.5895	17.352	-0.000606738	0.000132177	2
-82.1383	18.0736	-0.000632156	0.000130533	2
-82.7031	18.7834	-0.000656873	0.000128032	2
-83.2834	19.4815	-0.000680916	0.000124686	2
-83.8789	20.1683	-0.00070431	0.000120509	2
-84.4891	20.8441	-0.000727082	0.000115515	2
-85.1133	21.5092	-0.000749259	0.000109716	2
-85.7513	22.1639	-0.000770866	0.000103127	2
-86.3949	22.8011	-0.00079169	9.58498e-05	2
-87.0587	23.4359	-0.000812243	8.77281e-05	2
-87.7347	24.0612	-0.000832303	7.88557e-05	2
-88.4226	24.6773	-0.000851899	6.92461e-05	2
-89.1217	25.2845	-0.000871056	5.89126e-05	2
-89.8317	25.883	-0.000889801	4.78687e-05	2
-90.5521	26.4732	-0.000908159	3.61277e-05	2
-91.2824	27.0554	-0.000926157	2.37031e-05	2
-92.0221	27.6298	-0.000943821	1.06083e-05	2
-92.7707	28.1968	-0.000961178	-3.14334e-06	2
-93.5279	28.7566	-0.000978253	-1.75384e-05	2
-94.293	29.3096	-0.000995073	-3.25635e-05	2
-95.0657	29.8561	-0.00101166	-4.82052e-05	2
-95.8454	30.3963	-0.00102805	-6.44501e-05	2
-96.6317	30.9305	-0.00104426	-8.12848e-05	2
-97.4241	31.4591	-0.00106032	-9.8696e-05	2
-98.2222	31.9823	-0.00107626	-0.00011667	2
-99.0254	32.5004	-0.0010921	-0.000135194	2
-99.8333	33.0138	-0.00110787	-0.000154254	2
-100.645	33.5227	-0.00112359	-0.000173836	2
-101.461	34.0275	-0.00113929	-0.000193928	2
-102.28	34.5284	-0.001155	-0.000214516	2
-103.102	35.0257	-0.00117074	-0.000235587	2
-103.917	35.514	-0.00118636	-0.000256876	2
-104.743	36.0051	-0.00120225	-0.000278867	2
-105.57	36.4935	-0.00121825	-0.0003013	2
-106.399	36.9795	-0.00123438	-0.000324161	2
-107.228	37.4634	-0.00125068	-0.000347439	2
-108.056	37.9456	-0.00126717	-0.000371119	2
-108.884	38.4262	-0.00128388	-0.000395188	2
-109.712	38.9056	-0.00130083	-0.000419632	2
-110.537	39.3842	-0.00131805	-0.000444438	2
-111.361	39.8621	-0.00133556	-0.000469593	2
-112.182	40.3397	-0.00135339	-0.000495084	2
-113.001	40.8173	-0.00137157	-0.000520896	2
-113.816	41.2952	-0.00139013	-0.000547016	2
-114.627	41.7737	-0.00140909	-0.000573432	2
-115.434	42.2531	-0.00142847	-0.000600129	2
-116.236	42.7336	-0.0014483	-0.000627095	2
-117.033	43.2157	-0.00146861	-0.000654315	2
-117.824	43.6995	-0.00148943	-0.000681777	2
-118.609	44.1854	-0.00151078	-0.000709467	2
-119.388	44.6736	-0.00153269	-0.000737371	2
-120.159	45.1646	-0.00155518	-0.000765477	2
-120.922	45.6585	-0.00157828	-0.00079377	2
-121.678	46.1556	-0.00160201	-0.000822238	2
-122.424	46.6563	-0.00162641	-0.000850867	2
-123.154	47.1551	-0.0016512	-0.000879312	2
-123.882	47.6638	-0.00167699	-0.000908221	2
-124.6	48.1769	-0.00170353	-0.000937251	2
-125.308	48.6948	-0.00173083	-0.000966388	2
-126.005	49.2178	-0.00175892	-0.00099562	2
-126.691	49.746	-0.00178783	-0.00102493	2
-127.364	50.28	-0.00181759	-0.00105431	2
-128.026	50.8198	-0.00184822	-0.00108375	2
-128.674	51.3659	-0.00187974	-0.00111322	2
-129.309	51.9185	-0.00191219	-0.00114272	2
-129.931	52.478	-0.00194559	-0.00117224	2
-130.538	53.0446	-0.00197997	-0.00120175	2
-131.13	53.6186	-0.00201535	-0.00123125	2
-131.707	54.2003	-0.00205176	-0.00126073	2
-132.269	54.7901	-0.00208923	-0.00129017	2
-132.814	55.3882	-0.00212777	-0.00131955	2
-133.342	55.9949	-0.00216742	-0.00134886	2
-133.854	56.6105	-0.00220821	-0.0013781	2
-134.348	57.2353	-0.00225016	-0.00140724	2
-134.824	57.8696	-0.00229329	-0.00143628	2
-135.281	58.5138	-0.00233764	-0.00146519	2
-135.72	59.168	-0.00238322	-0.00149397	2
-136.139	59.8327	-0.00243007	-0.00152261	2
-136.533	60.5002	-0.00247765	-0.00155075	2
-136.912	61.1864	-0.0025271	-0.00157905	2
-137.27	61.8839	-0.00257788	-0.00160717	2
-137.606	62.593	-0.00263004	-0.00163508	2

-25.001	2.0109	-4.31434e-07	-2.26991e-07	2
-25.0916	2.94689	-3.54023e-05	-1.88212e-05	2
-25.1931	3.89051	-6.6532e-05	-3.57877e-05	2
-25.3044	4.8309	-9.3452e-05	-5.0931e-05	2
-25.4237	5.75737	-0.000115987	-6.41389e-05	2
-25.5538	6.69148	-0.000134723	-7.575e-05	2
-25.693	7.62251	-0.000149439	-8.56319e-05	2
-25.8413	8.55049	-0.000160196	-9.38159e-05	2
-25.9984	9.47547	-0.000167058	-0.000100334	2
-26.1642	10.3975	-0.000170088	-0.000105216	2
-26.3386	11.3166	-0.00016935	-0.000108496	2
-26.5213	12.2329	-0.000164905	-0.000110203	2
-26.7121	13.1463	-0.000156818	-0.00011037	2
-26.9109	14.0569	-0.00014515	-0.000109028	2
-27.1176	14.9649	-0.000129967	-0.000106208	2
-27.3319	15.8701	-0.000111329	-0.000101943	2
-27.5537	16.7727	-8.9301e-05	-9.62623e-05	2
-27.7827	17.6727	-6.39455e-05	-8.91986e-05	2
-28.019	18.5701	-3.53255e-05	-8.07833e-05	2
-28.2621	19.4651	-3.50407e-06	-7.10477e-05	2
-28.5121	20.3575	3.14556e-05	-6.00232e-05	2
-28.7687	21.2476	6.94906e-05	-4.77414e-05	2
-29.0317	22.1353	0.000110538	-3.42337e-05	2
-29.301	23.0207	0.000154534	-1.95316e-05	2
-29.5763	23.9038	0.000201416	-3.6665e-06	2
-29.8576	24.7846	0.000251122	1.33301e-05	2
-30.1413	25.6532	0.000302969	3.12126e-05	2
-30.4339	26.5297	0.0003581	5.03657e-05	2
-30.7319	27.4041	0.000415867	7.05564e-05	2
-31.0351	28.2765	0.000476204	9.1753e-05	2
-31.3433	29.1469	0.00053905	0.000113924	2
-31.6565	30.0153	0.000604342	0.000137039	2
-31.9743	30.8818	0.000672016	0.000161065	2
-32.2967	31.7464	0.000742009	0.000185971	2
-32.6235	32.6091	0.000814258	0.000211726	2
-32.9545	33.4701	0.0008887	0.000238298	2
-33.2895	34.3293	0.000965273	0.000265656	2
-33.6284	35.1869	0.00104391	0.000293768	2
-33.9709	36.0428	0.00112456	0.000322603	2
-34.3169	36.8971	0.00120714	0.00035213	2
-34.6663	37.7498	0.0012916	0.000382317	2
-35.0189	38.601	0.00137788	0.000413132	2
-35.3744	39.4507	0.00146591	0.000444544	2
-35.7327	40.299	0.00155563	0.000476521	2
-36.0937	41.1459	0.00164697	0.000509033	2
-36.4572	41.9915	0.00173987	0.000542048	2
-36.8229	42.8358	0.00183428	0.000575534	2
-37.1908	43.6788	0.00193012	0.000609459	2
-37.5607	44.5207	0.00202733	0.000643793	2
-37.928	45.3517	0.00212472	0.000678102	2
-38.3012	46.1913	0.00222448	0.000713154	2
-38.6759	47.0298	0.00232542	0.000748521	2
-39.0518	47.8673	0.00242749	0.00078417	2
-39.4288	48.7038	0.00253061	0.00082007	2
-39.8067	49.5394	0.00263473	0.000856191	2
-40.1854	50.374	0.00273978	0.0008925	2
-40.5646	51.2079	0.0028457	0.000928965	2
-40.9443	52.0409	0.00295243	0.000965557	2
-41.3241	52.8732	0.0030599	0.00100224	2
-41.7041	53.7048	0.00316805	0.00103899	2
-42.0839	54.5357	0.00327682	0.00107577	2
-42.4634	55.366	0.00338615	0.00111255	2
-42.8425	56.1957	0.00349596	0.00114929	2
-43.2209	57.0249	0.0036062	0.00118598	2
-43.5985	57.8536	0.00371681	0.00122257	2
-43.9752	58.6819	0.00382772	0.00125903	2
-44.3507	59.5098	0.00393887	0.00129533	2
-44.7248	60.3373	0.0040502	0.00133145	2
-45.0975	61.1646	0.00416163	0.00136735	2
-45.4685	61.9915	0.00427312	0.00140299	2
-45.8377	62.8183	0.0043846	0.00143835	2
-46.2048	63.6449	0.00449599	0.00147339	2
-46.5698	64.4713	0.00460725	0.00150809	2
-46.9282	65.2882	0.00471703	0.00154202	2
-47.2883	66.1145	0.00482783	0.00157594	2
-47.6457	66.9409	0.00493829	0.00160941	2
-48.0002	67.7673	0.00504837	0.00164242	2
-48.3517	68.5938	0.00515799	0.00167492	2
-48.6999	69.4205	0.00526709	0.00170688	2
-49.0447	70.2473	0.00537562	0.00173828	2
-49.386	71.0744	0.0054835	0.00176908	2
-49.7236	71.9018	0.00559067	0.00179926	2
-50.0572	72.7294	0.00569708	0.00182877	2
-50.3867	73.5575	0.00580265	0.00185759	2
-50.712	74.386	0.00590733	0.00188568	2
-51.0329	75.2149	0.00601105	0.00191302	2
-51.3491	76.0443	0.00611375	0.00193958	2
-51.6606	76.8743	0.00621536	0.00196532	2
-51.9671	77.7049	0.00631583	0.0019902	2
-52.2685	78.5361	0.00641508	0.00201421	2
-52.5646	79.368	0.00651306	0.0020373	2
-52.8553	80.2006	0.00660971	0.00205945	2
-53.1403	81.034	0.00670495	0.00208063	2
-53.4195	81.8683	0.00679873	0.0021008	2
-53.6927	82.7033	0.00689099	0.00211993	2
-53.9597	83.5393	0.00698166	0.00213799	2
-54.2175	84.3667	0.00706966	0.00215476	2
-54.4718	85.2046	0.00715698	0.0021706	2
-54.7194	86.0436	0.00724252	0.00218527	2
-54.9602	86.8837	0.00732622	0.00219876	2

25.0006	2.01256	1.92838e-07	1.60019e-08	2
25.0636	3.08508	1.78259e-05	2.76498e-07	2
25.1469	4.15563	3.7748e-05	-1.68409e-06	2
25.2494	5.21177	5.97273e-05	-5.85132e-06	2
25.3695	6.24177	8.34374e-05	-1.21096e-05	2
25.5097	7.2697	0.000109391	-2.05743e-05	2
25.6685	8.28366	0.000137285	-3.11546e-05	2
25.8455	9.28378	0.000167079	-4.38201e-05	2
26.0407	10.2702	0.000198736	-5.85403e-05	2
26.2536	11.2431	0.000232215	-7.52848e-05	2
26.4841	12.2026	0.000267478	-9.40232e-05	2
26.7319	13.1487	0.000304485	-0.000114725	2
26.9967	14.0818	0.000343197	-0.00013736	2
27.2783	15.0019	0.000383575	-0.000161897	2
27.5765	15.9091	0.000425581	-0.000188306	2
27.891	16.8037	0.000469174	-0.000216557	2
28.2215	17.6856	0.000514315	-0.000246619	2
28.5677	18.5552	0.000560966	-0.000278462	2
28.9295	19.4125	0.000609088	-0.000312055	2
29.3066	20.2576	0.00065864	-0.000347367	2
29.6987	21.0908	0.000709585	-0.000384369	2
30.1056	21.912	0.000761882	-0.00042303	2
30.527	22.7216	0.000815493	-0.00046332	2
30.9627	23.5196	0.000870378	-0.000505207	2
31.4124	24.3062	0.000926499	-0.000548662	2
31.8758	25.0815	0.000983816	-0.000593654	2
32.3472	25.8369	0.00104161	-0.00063961	2
32.8373	26.5901	0.00110119	-0.000687568	2
33.3403	27.3325	0.00116185	-0.000736972	2
33.8561	28.0642	0.00122355	-0.000787792	2
34.3845	28.7853	0.00128625	-0.000839997	2
34.925	29.4959	0.00134991	-0.000893556	2
35.4776	30.1962	0.00141449	-0.000948441	2
36.0419	30.8864	0.00147996	-0.00100462	2
36.6177	31.5666	0.00154627	-0.00106206	2
37.2047	32.2369	0.00161339	-0.00112073	2
37.8027	32.8974	0.00168127	-0.00118061	2
38.4115	33.5484	0.00174988	-0.00124166	2
39.0307	34.1899	0.00181918	-0.00130385	2
39.6602	34.8221	0.00188913	-0.00136715	2
40.2996	35.4451	0.00195968	-0.00143153	2
40.9487	36.0591	0.00203081	-0.00149697	2
41.6074	36.6642	0.00210246	-0.00156342	2
42.2752	37.2606	0.00217461	-0.00163086	2
42.952	37.8484	0.00224721	-0.00169926	2
43.6375	38.4277	0.00232023	-0.00176859	2
44.3315	38.9987	0.00239362	-0.00183882	2
45.0336	39.5615	0.00246734	-0.00190991	2
45.7438	40.1162	0.00254136	-0.00198184	2
46.4533	40.6569	0.00261479	-0.00205374	2
47.1785	41.1961	0.00268928	-0.00212725	2
47.9109	41.7277	0.00276395	-0.0022015	2
48.6502	42.2518	0.00283877	-0.00227647	2
49.3962	42.7686	0.00291368	-0.00235212	2
50.1487	43.2782	0.00298865	-0.00242843	2
50.9073	43.7807	0.00306365	-0.00250536	2
51.6719	44.2764	0.00313863	-0.00258288	2
52.4421	44.7653	0.00321356	-0.00266097	2
53.2178	45.2475	0.00328839	-0.00273959	2
53.9987	45.7233	0.00336309	-0.00281872	2
54.7845	46.1927	0.00343761	-0.00289831	2
55.5749	46.6559	0.00351192	-0.00297835	2
56.3698	47.1131	0.00358598	-0.0030588	2
57.1688	47.5644	0.00365975	-0.00313963	2
57.9718	48.0098	0.00373319	-0.00322081	2
58.7784	48.4497	0.00380626	-0.00330231	2
59.5884	48.884	0.00387892	-0.0033841	2
60.4016	49.313	0.00395113	-0.00346615	2
61.2177	49.7368	0.00402286	-0.00354843	2
62.0364	50.1556	0.00409406	-0.0036309	2
62.8575	50.5693	0.0041647	-0.00371354	2
63.6808	50.9784	0.00423473	-0.00379632	2
64.5059	51.3827	0.00430412	-0.00387921	2
65.3232	51.778	0.00437205	-0.00396122	2
66.1513	52.1736	0.00444004	-0.00404423	2
66.9806	52.5649	0.00450728	-0.00412725	2
67.8108	52.9521	0.00457371	-0.00421026	2
68.6416	53.3355	0.00463931	-0.00429322	2
69.4728	53.715	0.00470403	-0.00437611	2
70.3041	54.0908	0.00476784	-0.00445889	2
71.1353	54.4632	0.00483068	-0.00454153	2
71.9661	54.8321	0.00489254	-0.00462401	2
72.7962	55.1979	0.00495336	-0.00470629	2
73.6255	55.5605	0.0050131	-0.00478834	2
74.4536	55.9202	0.00507173	-0.00487014	2
75.2804	56.2771	0.00512922	-0.00495164	2
76.1055	56.6314	0.00518551	-0.00503283	2
76.9287	56.9831	0.00524057	-0.00511367	2
77.7497	57.3324	0.00529436	-0.00519412	2
78.5684	57.6795	0.00534684	-0.00527417	2
79.3844	58.0245	0.00539798	-0.00535377	2
80.1975	58.3675	0.00544773	-0.0054329	2
81.0074	58.7087	0.00549605	-0.00551153	2
81.8139	59.0482	0.00554291	-0.00558963	2
82.6168	59.3862	0.00558827	-0.00566717	2
83.4157	59.7228	0.00563208	-0.00574411	2
84.2013	60.0543	0.00567383	-0.00581956	2
84.9917	60.3886	0.00571446	-0.00589523	2
85.7774	60.7219	0.00575343	-0.00597021	2
86.5582	61.0544	0.0057907	-0.00604449	2

74.9952	2.01187	-5.34651e-07	-5.75842e-08	2
74.601	3.02832	-4.59419e-05	-4.69381e-06	2
74.231	4.04822	-9.07318e-05	-8.75985e-06	2
73.8898	5.05972	-0.00013438	-1.22157e-05	2
73.5803	6.05135	-0.000176415	-1.50492e-05	2
73.2951	7.04619	-0.000217824	-1.73436e-05	2
73.0376	8.03268	-0.000258122	-1.90803e-05	2
72.8075	9.01083	-0.000297321	-2.02766e-05	2
72.6043	9.98066	-0.000335429	-2.09502e-05	2
72.4279	10.9422	-0.000372458	-2.11185e-05	2
72.2778	11.8954	-0.000408418	-2.07991e-05	2
72.1537	12.8404	-0.000443318	-2.00095e-05	2
72.0553	13.7772	-0.000477171	-1.87673e-05	2
71.9822	14.7057	-0.000509985	-1.709e-05	2
71.9341	15.6259	-0.000541772	-1.49951e-05	2
71.9107	16.538	-0.000572541	-1.25001e-05	2
71.9117	17.4419	-0.000602304	-9.62269e-06	2
71.9366	18.3376	-0.00063107	-6.38025e-06	2
71.9851	19.2252	-0.000658849	-2.79035e-06	2
72.057	20.1047	-0.000685653	1.12946e-06	2
72.1519	20.976	-0.000711491	5.36166e-06	2
72.2694	21.8393	-0.000736374	9.88871e-06	2
72.4093	22.6944	-0.000760313	1.46931e-05	2
72.5711	23.5415	-0.000783316	1.97573e-05	2
72.7545	24.3805	-0.000805396	2.50637e-05	2
72.9593	25.2116	-0.000826562	3.05948e-05	2
73.1823	26.0252	-0.000846598	3.62661e-05	2
73.4284	26.8402	-0.000865978	4.2192e-05	2
73.6948	27.6474	-0.000884475	4.82903e-05	2
73.9812	28.4465	-0.0009021	5.45434e-05	2
74.2872	29.2377	-0.000918863	6.09337e-05	2
74.6125	30.021	-0.000934775	6.74438e-05	2
74.9567	30.7964	-0.000949845	7.4056e-05	2
75.3196	31.5639	-0.000964084	8.0753e-05	2
75.7007	32.3235	-0.000977503	8.75171e-05	2
76.0998	33.0752	-0.000990112	9.43307e-05	2
76.5165	33.8191	-0.00100192	0.000101177	2
76.9504	34.5551	-0.00101294	0.000108037	2
77.4013	35.2834	-0.00102318	0.000114894	2
77.8688	36.0039	-0.00103265	0.000121731	2
78.3525	36.7166	-0.00104137	0.00012853	2
78.8522	37.4215	-0.00104933	0.000135273	2
79.3674	38.1187	-0.00105656	0.000141943	2
79.898	38.8081	-0.00106306	0.000148522	2
80.4434	39.4899	-0.00106884	0.000154994	2
81.0034	40.1639	-0.00107392	0.000161339	2
81.5776	40.8303	-0.0010783	0.000167541	2
82.1658	41.489	-0.001082	0.000173583	2
82.7675	42.1401	-0.00108502	0.000179446	2
83.3753	42.7762	-0.00108735	0.000185049	2
84.003	43.4122	-0.00108906	0.000190506	2
84.6433	44.0405	-0.00109012	0.000195732	2
85.2958	44.6613	-0.00109055	0.000200709	2
85.9602	45.2745	-0.00109035	0.000205421	2
86.6362	45.8802	-0.00108955	0.00020985	2
87.3233	46.4784	-0.00108813	0.000213977	2
88.0214	47.0691	-0.00108613	0.000217787	2
88.73	47.6522	-0.00108355	0.00022126	2
89.4488	48.2279	-0.00108039	0.00022438	2
90.1775	48.7962	-0.00107667	0.000227129	2
90.9157	49.357	-0.0010724	0.00022949	2
91.6631	49.9104	-0.00106759	0.000231444	2
92.4194	50.4563	-0.00106225	0.000232975	2
93.1843	50.9949	-0.00105638	0.000234065	2
93.9573	51.5262	-0.00105001	0.000234696	2
94.7381	52.05	-0.00104314	0.000234852	2
95.5265	52.5666	-0.00103578	0.000234513	2
96.3221	53.0758	-0.00102794	0.000233663	2
97.1245	53.5777	-0.00101964	0.000232285	2
97.9335	54.0724	-0.00101087	0.00023036	2
98.7486	54.5597	-0.00100166	0.000227871	2
99.5695	55.0398	-0.000992014	0.000224801	2
100.396	55.5127	-0.000981938	0.000221133	2
101.218	55.9731	-0.000971569	0.0002169	2
102.054	56.4316	-0.000960676	0.000211988	2
102.895	56.883	-0.000949386	0.000206425	2
103.74	57.3272	-0.000937711	0.000200194	2
104.589	57.7642	-0.000925662	0.000193275	2
105.442	58.1941	-0.000913247	0.000185653	2
106.297	58.6169	-0.000900478	0.00017731	2
107.155	59.0326	-0.000887366	0.000168227	2
108.016	59.4413	-0.000873919	0.000158389	2
108.879	59.8428	-0.000860149	0.000147776	2
109.744	60.2373	-0.000846067	0.000136371	2
110.61	60.6248	-0.000831682	0.000124158	2
111.477	61.0052	-0.000817005	0.000111118	2
112.346	61.3787	-0.000802046	9.72339e-05	2
113.214	61.7452	-0.000786815	8.24882e-05	2
114.083	62.1047	-0.000771324	6.68632e-05	2
114.952	62.4573	-0.000755582	5.03415e-05	2
115.819	62.8029	-0.000739599	3.29056e-05	2
116.687	63.1417	-0.000723387	1.45379e-05	2
117.552	63.4735	-0.000706954	-4.77911e-06	2
118.417	63.7985	-0.000690313	-2.5063e-05	2
119.279	64.1166	-0.000673473	-4.63312e-05	2
120.139	64.4278	-0.000656444	-6.86014e-05	2
120.987	64.7288	-0.000639436	-9.16174e-05	2
121.842	65.0265	-0.000622064	-0.000115932	2
122.693	65.3174	-0.000604533	-0.000141301	2
123.541	65.6015	-0.000586856	-0.000167741	2

124.997	2.01068	2.73147e-07	-3.5839e-07	2
124.711	2.93209	2.2387e-05	-3.04849e-05	2
124.423	3.87042	4.20241e-05	-5.95781e-05	2
124.138	4.8147	5.89651e-05	-8.73013e-05	2
123.859	5.75371	7.31144e-05	-0.000113381	2
123.579	6.709	8.48543e-05	-0.000138445	2
123.303	7.66941	9.40592e-05	-0.000162204	2
123.03	8.63466	0.000100783	-0.00018468	2
122.76	9.60446	0.000105079	-0.000205895	2
122.494	10.5785	0.000107002	-0.000225871	2
122.231	11.5566	0.000106606	-0.000244629	2
121.973	12.5384	0.000103944	-0.000262191	2
121.72	13.5237	9.90695e-05	-0.00027858	2
121.471	14.512	9.20375e-05	-0.000293817	2
121.226	15.5033	8.29015e-05	-0.000307923	2
120.987	16.4972	7.17154e-05	-0.000320921	2
120.754	17.4933	5.85329e-05	-0.000332832	2
120.525	18.4915	4.3408e-05	-0.000343678	2
120.303	19.4915	2.63946e-05	-0.000353482	2
120.086	20.4929	7.54648e-06	-0.000362264	2
119.876	21.4956	-1.30824e-05	-0.000370046	2
119.672	22.4991	-3.54382e-05	-0.000376852	2
119.475	23.5033	-5.9467e-05	-0.000382701	2
119.285	24.5078	-8.5115e-05	-0.000387616	2
119.102	25.5124	-0.000112328	-0.00039162	2
118.926	26.5168	-0.000141053	-0.000394732	2
118.76	27.5092	-0.00017088	-0.000396956	2
118.599	28.5123	-0.00020245	-0.000398363	2
118.447	29.5144	-0.000235371	-0.000398945	2
118.303	30.5152	-0.000269588	-0.000398724	2
118.167	31.5143	-0.000305047	-0.000397721	2
118.04	32.5116	-0.000341696	-0.000395959	2
117.922	33.5067	-0.000379479	-0.000393458	2
117.813	34.4994	-0.000418343	-0.000390242	2
117.714	35.4893	-0.000458235	-0.000386331	2
117.624	36.4762	-0.0004991	-0.000381747	2
117.544	37.4599	-0.000540884	-0.000376513	2
117.474	38.4399	-0.000583533	-0.000370651	2
117.415	39.4162	-0.000626995	-0.000364181	2
117.366	40.3882	-0.000671214	-0.000357126	2
117.327	41.3559	-0.000716137	-0.000349507	2
117.3	42.3189	-0.00076171	-0.000341347	2
117.284	43.2769	-0.000807879	-0.000332667	2
117.28	44.2297	-0.00085459	-0.000323489	2
117.287	45.1769	-0.00090179	-0.000313835	2
117.306	46.1183	-0.000949424	-0.000303726	2
117.337	47.0537	-0.000997439	-0.000293185	2
117.381	47.9826	-0.00104578	-0.000282233	2
117.437	48.9049	-0.00109439	-0.000270893	2
117.505	49.8098	-0.00114267	-0.000259321	2
117.587	50.7181	-0.00119166	-0.000247272	2
117.682	51.6188	-0.00124077	-0.000234899	2
117.791	52.5118	-0.00128994	-0.000222224	2
117.913	53.3967	-0.00133911	-0.000209269	2
118.05	54.2733	-0.00138823	-0.000196055	2
118.2	55.1413	-0.00143725	-0.000182605	2
118.365	56.0004	-0.00148611	-0.000168941	2
118.545	56.8503	-0.00153476	-0.000155083	2
118.739	57.6908	-0.00158314	-0.000141055	2
118.949	58.5215	-0.00163121	-0.000126877	2
119.174	59.3422	-0.0016789	-0.000112571	2
119.414	60.1527	-0.00172616	-9.81604e-05	2
119.67	60.9525	-0.00177294	-8.36656e-05	2
119.942	61.7415	-0.00181919	-6.91088e-05	2
120.231	62.5194	-0.00186485	-5.45118e-05	2
120.536	63.2858	-0.00190987	-3.98964e-05	2
120.857	64.0406	-0.00195419	-2.52844e-05	2
121.196	64.7834	-0.00199777	-1.06976e-05	2
121.552	65.5139	-0.00204053	3.84206e-06	2
121.925	66.2319	-0.00208244	1.83129e-05	2
122.315	66.937	-0.00212344	3.26931e-05	2
122.724	67.6291	-0.00216347	4.69608e-05	2
123.151	68.3078	-0.00220249	6.10943e-05	2
123.59	68.9652	-0.00224	7.49119e-05	2
124.053	69.6165	-0.00227682	8.87135e-05	2
124.535	70.2535	-0.00231247	0.000102316	2
125.036	70.8761	-0.00234688	0.000115696	2
125.556	71.4838	-0.00238	0.000128834	2
126.096	72.0766	-0.00241178	0.000141707	2
126.655	72.6539	-0.00244216	0.000154293	2
127.234	73.2157	-0.0024711	0.000166571	2
127.833	73.7615	-0.00249853	0.000178518	2
128.452	74.2912	-0.0025244	0.000190113	2
129.092	74.8045	-0.00254866	0.000201334	2
129.753	75.3009	-0.00257126	0.00021216	2
130.435	75.7804	-0.00259213	0.000222568	2
131.138	76.2426	-0.00261124	0.000232536	2
131.863	76.6872	-0.00262851	0.000242043	2
132.609	77.1139	-0.00264391	0.000251067	2
133.377	77.5225	-0.00265737	0.000259587	2
134.167	77.9126	-0.00266884	0.000267579	2
134.98	78.2841	-0.00267827	0.000275024	2
135.815	78.6366	-0.0026856	0.000281898	2
136.673	78.9698	-0.00269078	0.00028818	2
137.555	79.2835	-0.00269376	0.000293848	2
138.459	79.5773	-0.00269448	0.00029888	2
139.376	79.8481	-0.00269292	0.000303208	2
140.328	80.1017	-0.00268899	0.000306912	2
141.303	80.3346	-0.00268264	0.000309914	2
142.303	80.5466	-0.00267382	0.000312194	2

