-125.003	2.0133	-2.20821e-07	-1.92595e-07	2
-125.234	3.14643	-1.98164e-05	-1.56706e-05	2
-125.436	4.27232	-4.0839e-05	-2.91703e-05	2
-125.607	5.37792	-6.30405e-05	-4.05361e-05	2
-125.747	6.45113	-8.6119e-05	-4.971e-05	2
-125.858	7.51714	-0.000110584	-5.69421e-05	2
-125.939	8.56363	-0.000136147	-6.21506e-05	2
-125.992	9.59085	-0.000162781	-6.53725e-05	2
-126.015	10.599	-0.000190459	-6.66448e-05	2
-126.011	11.5885	-0.000219153	-6.60044e-05	2
-125.978	12.5594	-0.000248836	-6.34882e-05	2
-125.918	13.512	-0.000279481	-5.91333e-05	2
-125.831	14.4467	-0.000311061	-5.29766e-05	2
-125.717	15.3636	-0.000343549	-4.50549e-05	2
-125.577	16.2629	-0.000376918	-3.54053e-05	2
-125.411	17.1451	-0.000411141	-2.40648e-05	2
-125.22	18.0102	-0.00044619	-1.10703e-05	2
-125.004	18.8587	-0.000482038	3.54135e-06	2
-124.764	19.6906	-0.000518658	1.97331e-05	2
-124.499	20.5063	-0.000556023	3.7468e-05	2
-124.211	21.306	-0.000594106	5.67091e-05	2
-123.9	22.09	-0.00063288	7.74194e-05	2
-123.566	22.8585	-0.000672317	9.9562e-05	2
-123.209	23.6119	-0.000712391	0.0001231	2
-122.831	24.3502	-0.000753074	0.000147996	2
-122.431	25.0738	-0.000794339	0.000174214	2
-122.015	25.775	-0.000835676	0.000201393	2
-121.573	26.4701	-0.000878018	0.000230129	2
-121.111	27.1513	-0.000920861	0.000260076	2
-120.63	27.8188	-0.000964178	0.000291196	2
-120.129	28.4728	-0.00100794	0.000323454	2
-119.609	29.1137	-0.00105212	0.000356812	2
-119.071	29.7416	-0.0010967	0.000391233	2
-118.515	30.3569	-0.00114164	0.000426681	2
-117.941	30.9597	-0.00118692	0.000463118	2
-117.349	31.5503	-0.00123251	0.000500507	2
-116.741	32.129	-0.00127838	0.000538811	2
-116.117	32.6961	-0.00132452	0.000577994	2
-115.477	33.2517	-0.00137088	0.000618018	2
-114.821	33.7962	-0.00141744	0.000658847	2
-114.15	34.3298	-0.00146418	0.000700443	2
-113.464	34.8527	-0.00151106	0.00074277	2
-112.764	35.3652	-0.00155807	0.000785791	2
-112.05	35.8676	-0.00160517	0.000829468	2
-111.323	36.36	-0.00165234	0.000873765	2
-110.583	36.8429	-0.00169955	0.000918645	2
-109.83	37.3163	-0.00174676	0.000964071	2
-109.066	37.7806	-0.00179397	0.00101001	2
-108.289	38.2361	-0.00184113	0.00105641	2
-107.511	38.6778	-0.00188769	0.00110271	2
-106.712	39.1163	-0.00193469	0.00114995	2
-105.904	39.5468	-0.00198156	0.00119754	2
-105.085	39.9693	-0.00202829	0.00124547	2
-104.256	40.3843	-0.00207484	0.00129367	2
-103.419	40.7918	-0.00212118	0.00134213	2
-102.573	41.1923	-0.00216729	0.00139081	2
-101.719	41.5859	-0.00221315	0.00143966	2
-100.856	41.973	-0.00225872	0.00148865	2
-99.9867	42.3536	-0.00230397	0.00153774	2
-99.1101	42.7282	-0.00234889	0.0015869	2
-98.2269	43.097	-0.00239343	0.00163609	2
-97.3376	43.4602	-0.00243759	0.00168526	2
-96.4426	43.818	-0.00248132	0.0017344	2
-95.5423	44.1708	-0.0025246	0.00178345	2
-94.6372	44.5187	-0.00256741	0.00183238	2
-93.7276	44.8621	-0.00260971	0.00188116	2
-92.814	45.2012	-0.00265149	0.00192975	2
-91.8969	45.5362	-0.0026927	0.0019781	2
-90.9767	45.8674	-0.00273334	0.00202619	2
-90.0537	46.195	-0.00277336	0.00207398	2
-89.1284	46.5193	-0.00281274	0.00212142	2
-88.2013	46.8406	-0.00285146	0.00216849	2
-87.2727	47.1591	-0.00288948	0.00221514	2
-86.3539	47.4715	-0.00292636	0.00226081	2
-85.4237	47.7852	-0.00296292	0.00230653	2
-84.4934	48.0968	-0.00299871	0.00235172	2
-83.5634	48.4067	-0.0030337	0.00239635	2
-82.6341	48.715	-0.00306786	0.00244038	2
-81.7059	49.0221	-0.00310117	0.00248378	2
-80.7793	49.3282	-0.00313359	0.0025265	2
-79.8546	49.6335	-0.0031651	0.00256852	2
-78.9324	49.9383	-0.00319568	0.00260979	2
-78.0129	50.2428	-0.00322529	0.00265027	2
-77.0968	50.5473	-0.00325391	0.00268993	2
-76.1843	50.8521	-0.00328151	0.00272874	2
-75.276	51.1573	-0.00330807	0.00276665	2
-74.3722	51.4633	-0.00333355	0.00280363	2
-73.4733	51.7704	-0.00335793	0.00283964	2
-72.5799	52.0786	-0.00338119	0.00287465	2
-71.6923	52.3885	-0.00340329	0.00290861	2
-70.8109	52.7	-0.00342421	0.00294149	2
-69.9362	53.0136	-0.00344393	0.00297326	2
-69.0686	53.3295	-0.0034624	0.00300388	2
-68.2086	53.6479	-0.00347962	0.0030333	2
-67.3565	53.9691	-0.00349554	0.0030615	2
-66.5128	54.2933	-0.00351015	0.00308843	2
-65.6875	54.6171	-0.00352327	0.00311378	2
-64.8617	54.9481	-0.00353518	0.00313809	2
-64.0457	55.2829	-0.00354569	0.00316103	2
-63.2397	55.6218	-0.00355477	0.00318255	2

-75.0069	2.01308	5.78116e-07	-1.88293e-07	2
-75.5915	3.13442	4.84306e-05	-1.54704e-05	2
-76.1569	4.26148	9.31316e-05	-2.91198e-05	2
-76.6964	5.38116	0.000134171	-4.0982e-05	2
-77.2046	6.48066	0.000171206	-5.09846e-05	2
-77.6935	7.58553	0.000205166	-5.93935e-05	2
-78.1571	8.68289	0.000235666	-6.61163e-05	2
-78.5958	9.77272	0.000262775	-7.11868e-05	2
-79.0098	10.855	0.000286561	-7.46388e-05	2
-79.3992	11.9296	0.000307092	-7.65062e-05	2
-79.7643	12.9966	0.000324434	-7.68226e-05	2
-80.1053	14.0558	0.000338657	-7.56221e-05	2
-80.4224	15.1074	0.000349828	-7.29383e-05	2
-80.7158	16.1511	0.000358015	-6.8805e-05	2
-80.9858	17.1871	0.000363285	-6.32562e-05	2
-81.2325	18.2152	0.000365706	-5.63256e-05	2
-81.4562	19.2354	0.000365347	-4.8047e-05	2
-81.6572	20.2477	0.000362275	-3.84542e-05	2
-81.8355	21.2521	0.000356558	-2.75811e-05	2
-81.9914	22.2484	0.000348263	-1.54615e-05	2
-82.1253	23.2367	0.000337459	-2.1291e-06	2
-82.2371	24.2169	0.000324213	1.23822e-05	2
-82.3273	25.189	0.000308594	2.80386e-05	2
-82.3959	26.153	0.000290669	4.48062e-05	2
-82.4433	27.1087	0.000270505	6.26513e-05	2
-82.4696	28.0562	0.000248171	8.15401e-05	2
-82.4751	28.9847	0.000224028	0.000101204	2
-82.4601	29.9158	0.00019758	0.000122068	2
-82.4247	30.8385	0.000169164	0.000143874	2
-82.3691	31.7528	0.000138849	0.000166589	2
-82.2935	32.6587	0.000106701	0.000190179	2
-82.1982	33.5561	7.27896e-05	0.00021461	2
-82.0832	34.4451	3.71818e-05	0.000239849	2
-81.949	35.3255	-5.45345e-08	0.000265861	2
-81.7956	36.1973	-3.88515e-05	0.000292613	2
-81.6233	37.0605	-7.91414e-05	0.00032007	2
-81.4323	37.9151	-0.000120856	0.0003482	2
-81.2228	38.7609	-0.000163928	0.000376968	2
-80.9951	39.5981	-0.00020829	0.000406341	2
-80.7494	40.4265	-0.000253873	0.000436284	2
-80.4858	41.246	-0.000300609	0.000466764	2
-80.2046	42.0568	-0.000348432	0.000497747	2
-79.906	42.8586	-0.000397272	0.000529199	2
-79.5902	43.6515	-0.000447063	0.000561086	2
-79.2575	44.4355	-0.000497736	0.000593376	2
-78.908	45.2105	-0.000549224	0.000626032	2
-78.542	45.9764	-0.000601459	0.000659023	2
-78.1597	46.7333	-0.000654372	0.000692314	2
-77.7613	47.481	-0.000707897	0.000725872	2
-77.3519	48.2112	-0.00076134	0.000759272	2
-76.9221	48.9407	-0.000815878	0.000793259	2
-76.4769	49.661	-0.000870825	0.00082741	2
-76.0165	50.3721	-0.000926112	0.000861694	2
-75.541	51.0738	-0.000981672	0.000896074	2
-75.0508	51.7662	-0.00103744	0.000930519	2
-74.546	52.4492	-0.00109334	0.000964994	2
-74.0268	53.1228	-0.00114931	0.000999465	2
-73.4934	53.787	-0.00120528	0.0010339	2
-72.9462	54.4416	-0.00126119	0.00106826	2
-72.3852	55.0868	-0.00131696	0.00110252	2
-71.8107	55.7223	-0.00137253	0.00113663	2
-71.2229	56.3483	-0.00142783	0.00117058	2
-70.6221	56.9646	-0.00148279	0.00120432	2
-70.0084	57.5712	-0.00153735	0.00123781	2
-69.3821	58.1681	-0.00159143	0.00127104	2
-68.7434	58.7552	-0.00164498	0.00130395	2
-68.0925	59.3325	-0.00169791	0.00133653	2
-67.4296	59.9	-0.00175017	0.00136872	2
-66.7549	60.4577	-0.00180168	0.00140051	2
-66.0687	61.0054	-0.00185238	0.00143186	2
-65.3711	61.5431	-0.0019022	0.00146272	2
-64.6625	62.0709	-0.00195107	0.00149308	2
-63.9429	62.5886	-0.00199892	0.00152289	2
-63.2211	63.0905	-0.00204516	0.00155179	2
-62.4805	63.5882	-0.0020908	0.00158042	2
-61.7297	64.0757	-0.00213521	0.0016084	2
-60.9688	64.5531	-0.00217834	0.0016357	2
-60.1981	65.0202	-0.00222011	0.00166229	2
-59.4178	65.4771	-0.00226047	0.00168813	2
-58.6281	65.9237	-0.00229933	0.00171319	2
-57.8292	66.3599	-0.00233663	0.00173744	2
-57.0214	66.7858	-0.00237231	0.00176083	2
-56.2048	67.2012	-0.0024063	0.00178335	2
-55.3797	67.6062	-0.00243852	0.00180495	2
-54.5464	68.0008	-0.00246891	0.00182559	2
-53.7049	68.3848	-0.00249741	0.00184526	2
-52.8556	68.7582	-0.00252394	0.0018639	2
-51.9986	69.121	-0.00254844	0.0018815	2
-51.1341	69.4732	-0.00257085	0.001898	2
-50.2625	69.8147	-0.00259108	0.00191339	2
-49.3838	70.1455	-0.00260907	0.00192763	2
-48.4984	70.4656	-0.00262476	0.00194068	2
-47.6064	70.7748	-0.00263809	0.00195251	2
-46.708	71.0732	-0.00264897	0.00196308	2
-45.8035	71.3608	-0.00265734	0.00197237	2
-44.893	71.6374	-0.00266314	0.00198033	2
-43.9875	71.9001	-0.00266627	0.00198687	2
-43.0659	72.1549	-0.00266675	0.0019921	2
-42.139	72.3987	-0.00266445	0.00199592	2
-41.2071	72.6315	-0.0026593	0.00199827	2

-25.0015	2.01018	5.18119e-07	4.12457e-08	2
-25.1383	2.88762	4.34889e-05	3.23591e-06	2
-25.2993	3.77831	8.37991e-05	5.77112e-06	2
-25.4823	4.67193	0.00012098	7.62435e-06	2
-25.6843	5.55801	0.000154707	8.80435e-06	2
-25.9092	6.45701	0.000185814	9.3571e-06	2
-26.1542	7.3585	0.00021394	9.28383e-06	2
-26.4186	8.26232	0.000239136	8.60327e-06	2
-26.7016	9.16833	0.00026145	7.33415e-06	2
-27.0028	10.0764	0.000280933	5.49519e-06	2
-27.3213	10.9863	0.000297635	3.10512e-06	2
-27.6565	11.898	0.000311604	1.82659e-07	2
-28.0077	12.8113	0.000322892	-3.25346e-06	2
-28.3744	13.726	0.000331547	-7.18451e-06	2
-28.7557	14.6421	0.000337619	-1.15918e-05	2
-29.1511	15.5593	0.000341159	-1.64565e-05	2
-29.5599	16.4775	0.000342215	-2.176e-05	2
-29.9813	17.3965	0.000340837	-2.74835e-05	2
-30.4148	18.3163	0.000337076	-3.36084e-05	2
-30.8596	19.2366	0.000330981	-4.01158e-05	2
-31.3151	20.1573	0.000322601	-4.6987e-05	2
-31.7807	21.0783	0.000311987	-5.42034e-05	2
-32.2556	21.9994	0.000299187	-6.17462e-05	2
-32.7392	22.9205	0.000284253	-6.95966e-05	2
-33.2308	23.8414	0.000267233	-7.7736e-05	2
-33.7298	24.7619	0.000248177	-8.61456e-05	2
-34.2296	25.6714	0.000227388	-9.47058e-05	2
-34.7412	26.5909	0.000204432	-0.000103597	2
-35.2581	27.5096	0.000179588	-0.000112703	2
-35.7797	28.4274	0.000152907	-0.000122004	2
-36.3054	29.3441	0.000124439	-0.000131482	2
-36.8344	30.2596	9.42321e-05	-0.000141118	2
-37.366	31.1737	6.23371e-05	-0.000150893	2
-37.8997	32.0864	2.88035e-05	-0.000160789	2
-38.4347	32.9973	-6.31901e-06	-0.000170787	2
-38.9704	33.9065	-4.29806e-05	-0.000180868	2
-39.5061	34.8137	-8.11317e-05	-0.000191013	2
-40.0411	35.7188	-0.000120722	-0.000201205	2
-40.5748	36.6216	-0.000161703	-0.000211423	2
-41.1064	37.5221	-0.000204024	-0.000221649	2
-41.6354	38.42	-0.000247636	-0.000231865	2
-42.1611	39.3152	-0.000292488	-0.000242052	2
-42.6827	40.2076	-0.000338532	-0.000252191	2
-43.1997	41.0969	-0.000385716	-0.000262263	2
-43.7113	41.9832	-0.000433993	-0.00027225	2
-44.2169	42.8661	-0.000483311	-0.000282133	2
-44.7158	43.7456	-0.000533622	-0.000291893	2
-45.2074	44.6215	-0.000584875	-0.000301511	2
-45.6909	45.4937	-0.000637021	-0.00031097	2
-46.1604	46.3521	-0.000689397	-0.000320143	2
-46.626	47.2164	-0.00074317	-0.000329227	2
-47.0815	48.0765	-0.000797688	-0.000338095	2
-47.5264	48.9324	-0.0008529	-0.000346728	2
-47.9599	49.7837	-0.000908757	-0.000355107	2
-48.3814	50.6305	-0.000965209	-0.000363213	2
-48.7902	51.4724	-0.00102221	-0.000371029	2
-49.1857	52.3095	-0.0010797	-0.000378534	2
-49.5671	53.1415	-0.00113764	-0.000385711	2
-49.9338	53.9683	-0.00119597	-0.000392541	2
-50.2851	54.7897	-0.00125465	-0.000399005	2
-50.6204	55.6056	-0.00131363	-0.000405084	2
-50.939	56.4159	-0.00137286	-0.000410759	2
-51.2402	57.2203	-0.00143228	-0.000416012	2
-51.5234	58.0188	-0.00149185	-0.000420825	2
-51.7878	58.8112	-0.00155152	-0.000425177	2
-52.0329	59.5974	-0.00161123	-0.000429051	2
-52.2579	60.3772	-0.00167095	-0.000432428	2
-52.4622	61.1504	-0.00173061	-0.00043529	2
-52.6451	61.9169	-0.00179017	-0.000437616	2
-52.8059	62.6766	-0.00184958	-0.00043939	2
-52.944	63.4293	-0.00190879	-0.000440591	2
-53.0587	64.1748	-0.00196775	-0.000441202	2
-53.1494	64.9131	-0.00202641	-0.000441203	2
-53.2147	65.6356	-0.00208406	-0.000440586	2
-53.2555	66.359	-0.00214197	-0.00043932	2
-53.2703	67.0746	-0.00219944	-0.000437388	2
-53.2583	67.7823	-0.00225641	-0.000434772	2
-53.2189	68.4821	-0.00231283	-0.000431453	2
-53.1515	69.1736	-0.00236866	-0.000427412	2
-53.0553	69.8569	-0.00242383	-0.000422631	2
-52.9297	70.5316	-0.00247831	-0.000417091	2
-52.774	71.1978	-0.00253204	-0.000410773	2
-52.5876	71.8552	-0.00258498	-0.000403659	2
-52.3698	72.5037	-0.00263707	-0.000395729	2
-52.1199	73.1431	-0.00268826	-0.000386966	2
-51.8372	73.7733	-0.00273851	-0.00037735	2
-51.5212	74.3942	-0.00278776	-0.000366862	2
-51.171	75.0055	-0.00283597	-0.000355484	2
-50.7861	75.6072	-0.00288308	-0.000343197	2
-50.3657	76.1991	-0.00292905	-0.000329983	2
-49.9093	76.7811	-0.00297382	-0.000315822	2
-49.4161	77.353	-0.00301735	-0.000300696	2
-48.8855	77.9146	-0.00305959	-0.000284587	2
-48.3168	78.4658	-0.00310048	-0.000267475	2
-47.7093	79.0065	-0.00313998	-0.000249342	2
-47.0623	79.5365	-0.00317803	-0.000230168	2
-46.3834	80.0497	-0.00321418	-0.000210175	2
-45.6561	80.558	-0.00324922	-0.000188878	2
-44.8873	81.0552	-0.00328267	-0.000166485	2
-44.0764	81.5411	-0.00331448	-0.000142978	2

24.9993	2.01188	3.72485e-08	-1.61192e-07	2
24.9236	3.02572	3.38997e-06	-1.39958e-05	2
24.8182	4.03582	7.06764e-06	-2.79343e-05	2
24.6845	5.03058	1.10112e-05	-4.18146e-05	2
24.5252	5.99912	1.51492e-05	-5.54771e-05	2
24.337	6.96425	1.95565e-05	-6.92385e-05	2
24.1223	7.91491	2.41643e-05	-8.29387e-05	2
23.8819	8.8514	2.89508e-05	-9.65767e-05	2
23.6162	9.77401	3.38942e-05	-0.000110151	2
23.3259	10.683	3.89726e-05	-0.000123662	2
23.0117	11.5787	4.41641e-05	-0.000137107	2
22.6742	12.4614	4.9447e-05	-0.000150485	2
22.3139	13.3314	5.47993e-05	-0.000163797	2
21.9316	14.189	6.01993e-05	-0.00017704	2
21.5278	15.0344	6.5625e-05	-0.000190213	2
21.1032	15.868	7.10547e-05	-0.000203317	2
20.6584	16.69	7.64664e-05	-0.000216349	2
20.194	17.5008	8.18383e-05	-0.000229308	2
19.7106	18.3006	8.71487e-05	-0.000242194	2
19.209	19.0897	9.23756e-05	-0.000255006	2
18.6896	19.8685	9.74971e-05	-0.000267742	2
18.1532	20.6371	0.000102492	-0.000280402	2
17.6003	21.3959	0.000107337	-0.000292984	2
17.0316	22.1453	0.000112011	-0.000305488	2
16.4477	22.8853	0.000116493	-0.000317912	2
15.8493	23.6165	0.000120761	-0.000330256	2
15.244	24.3308	0.000124746	-0.000342378	2
14.6184	25.0451	0.000128522	-0.000354559	2
13.9802	25.7513	0.000132018	-0.000366656	2
13.3298	26.4497	0.000135212	-0.000378669	2
12.6681	27.1407	0.000138083	-0.000390596	2
11.9955	27.8245	0.000140608	-0.000402437	2
11.3127	28.5014	0.000142766	-0.00041419	2
10.6204	29.1717	0.000144535	-0.000425854	2
9.91907	29.8356	0.000145893	-0.000437429	2
9.20947	30.4936	0.000146818	-0.000448913	2
8.49218	31.1458	0.000147289	-0.000460306	2
7.76783	31.7926	0.000147283	-0.000471606	2
7.03704	32.4342	0.000146778	-0.000482812	2
6.30045	33.071	0.000145754	-0.000493924	2
5.55867	33.7032	0.000144187	-0.00050494	2
4.81233	34.3312	0.000142057	-0.00051586	2
4.06206	34.9551	0.000139341	-0.000526681	2
3.30849	35.5754	0.000136017	-0.000537404	2
2.55223	36.1923	0.000132064	-0.000548028	2
1.79393	36.8061	0.00012746	-0.00055855	2
1.03419	37.417	0.000122183	-0.000568971	2
0.273654	38.0255	0.00011621	-0.000579289	2
-0.487058	38.6316	0.000109521	-0.000589504	2
-1.23859	39.229	0.000102183	-0.000599498	2
-1.99779	39.8316	9.40033e-05	-0.000609503	2
-2.75529	40.4328	8.50417e-05	-0.000619401	2
-3.51047	41.033	7.52762e-05	-0.000629191	2
-4.26271	41.6324	6.46848e-05	-0.000638873	2
-5.01137	42.2313	5.32459e-05	-0.000648445	2
-5.75584	42.8301	4.09374e-05	-0.000657906	2
-6.49548	43.4289	2.77375e-05	-0.000667255	2
-7.22966	44.0281	1.36245e-05	-0.000676491	2
-7.95777	44.6279	-1.42353e-06	-0.000685613	2
-8.67917	45.2288	-1.74285e-05	-0.000694621	2
-9.39325	45.8309	-3.44121e-05	-0.000703512	2
-10.0994	46.4345	-5.23964e-05	-0.000712287	2
-10.7969	47.04	-7.14031e-05	-0.000720944	2
-11.4852	47.6476	-9.14541e-05	-0.000729482	2
-12.1637	48.2577	-0.000112571	-0.000737899	2
-12.8318	48.8705	-0.000134776	-0.000746196	2
-13.4887	49.4862	-0.000158091	-0.000754371	2
-14.134	50.1053	-0.000182538	-0.000762423	2
-14.7669	50.728	-0.000208138	-0.000770351	2
-15.3868	51.3545	-0.000234913	-0.000778154	2
-15.9931	51.9852	-0.000262886	-0.000785831	2
-16.5853	52.6204	-0.000292078	-0.000793381	2
-17.1626	53.2603	-0.00032251	-0.000800803	2
-17.718	53.8978	-0.000353834	-0.000808013	2
-18.2639	54.5481	-0.000386799	-0.000815177	2
-18.7931	55.204	-0.00042107	-0.00082221	2
-19.305	55.8658	-0.00045667	-0.000829111	2
-19.7989	56.5338	-0.000493619	-0.000835879	2
-20.2742	57.2083	-0.00053194	-0.000842513	2
-20.7303	57.8895	-0.000571655	-0.000849012	2
-21.1666	58.5779	-0.000612785	-0.000855375	2
-21.5823	59.2737	-0.000655352	-0.0008616	2
-21.977	59.9771	-0.000699379	-0.000867688	2
-22.35	60.6884	-0.000744886	-0.000873636	2
-22.7006	61.4081	-0.000791896	-0.000879444	2
-23.0282	62.1362	-0.000840431	-0.000885111	2
-23.3323	62.8732	-0.000890513	-0.000890636	2
-23.6121	63.6193	-0.000942163	-0.000896017	2
-23.8671	64.3748	-0.000995403	-0.000901254	2
-24.0966	65.14	-0.00105026	-0.000906346	2
-24.2999	65.9152	-0.00110674	-0.000911292	2
-24.4766	66.7007	-0.00116488	-0.000916091	2
-24.6259	67.4968	-0.0012247	-0.000920741	2
-24.7472	68.3038	-0.00128622	-0.000925242	2
-24.8399	69.1219	-0.00134946	-0.000929592	2
-24.9034	69.9514	-0.00141445	-0.000933792	2
-24.9368	70.783	-0.00148042	-0.000937793	2
-24.9403	71.6362	-0.00154893	-0.000941689	2
-24.9127	72.5017	-0.00161925	-0.00094543	2
-24.8534	73.3799	-0.00169141	-0.000949016	2

74.9976	2.01351	6.2841e-07	-3.03912e-07	2
74.7789	3.16534	5.45807e-05	-2.52843e-05	2
74.5347	4.31057	0.000108975	-4.82555e-05	2
74.2681	5.43603	0.000163181	-6.89531e-05	2
73.9826	6.52944	0.000216575	-8.72166e-05	2
73.6722	7.61657	0.000270395	-0.00010351	2
73.3404	8.68493	0.000324017	-0.000117647	2
72.9875	9.73485	0.000377437	-0.000129667	2
72.6141	10.7667	0.000430653	-0.000139609	2
72.2204	11.7807	0.00048366	-0.000147514	2
71.8068	12.7773	0.000536458	-0.00015342	2
71.3738	13.7568	0.000589041	-0.000157366	2
70.9217	14.7196	0.000641407	-0.000159392	2
70.4509	15.6659	0.000693553	-0.000159537	2
69.9618	16.5961	0.000745475	-0.00015784	2
69.4549	17.5106	0.000797171	-0.000154341	2
68.9304	18.4097	0.000848638	-0.00014908	2
68.3888	19.2936	0.000899872	-0.000142095	2
67.8305	20.1628	0.000950871	-0.000133425	2
67.2558	21.0176	0.00100163	-0.000123111	2
66.6652	21.8583	0.00105215	-0.000111191	2
66.059	22.6853	0.00110242	-9.77054e-05	2
65.4377	23.4988	0.00115245	-8.26925e-05	2
64.8016	24.2993	0.00120222	-6.6192e-05	2
64.1511	25.087	0.00125174	-4.82432e-05	2
63.4866	25.8624	0.001301	-2.88856e-05	2
62.8163	26.6169	0.00134944	-8.40423e-06	2
62.1251	27.3685	0.00139818	1.36382e-05	2
61.4211	28.1088	0.00144665	3.6972e-05	2
60.7046	28.8379	0.00149486	6.15579e-05	2
59.9761	29.5563	0.00154279	8.73565e-05	2
59.2359	30.2644	0.00159044	0.000114328	2
58.4845	30.9623	0.00163782	0.000142434	2
57.7221	31.6505	0.00168491	0.000171635	2
56.9493	32.3294	0.00173172	0.000201891	2
56.1664	32.9991	0.00177824	0.000233164	2
55.3737	33.6602	0.00182447	0.000265413	2
54.5718	34.3128	0.0018704	0.000298599	2
53.7608	34.9574	0.00191604	0.000332684	2
52.9414	35.5943	0.00196137	0.000367627	2
52.1138	36.2238	0.0020064	0.00040339	2
51.2784	36.8462	0.00205112	0.000439933	2
50.4357	37.4619	0.00209554	0.000477216	2
49.586	38.0712	0.00213964	0.000515201	2
48.7297	38.6745	0.00218342	0.000553849	2
47.8671	39.2721	0.00222689	0.000593119	2
46.9988	39.8643	0.00227003	0.000632972	2
46.1251	40.4514	0.00231284	0.00067337	2
45.2463	41.0339	0.00235533	0.000714272	2
44.373	41.6053	0.002397	0.000755162	2
43.4854	42.1794	0.00243882	0.000796951	2
42.5939	42.7498	0.00248031	0.000839128	2
41.6989	43.3168	0.00252145	0.000881652	2
40.8008	43.8808	0.00256225	0.000924485	2
39.9	44.442	0.00260271	0.000967588	2
38.997	45.0009	0.00264281	0.00101092	2
38.092	45.5578	0.00268256	0.00105444	2
37.1855	46.113	0.00272195	0.00109812	2
36.2778	46.6668	0.00276098	0.0011419	2
35.3694	47.2196	0.00279965	0.00118576	2
34.4606	47.7717	0.00283795	0.00122966	2
33.5519	48.3234	0.00287588	0.00127354	2
32.6436	48.8752	0.00291344	0.00131738	2
31.7361	49.4272	0.00295063	0.00136114	2
30.8298	49.9799	0.00298744	0.00140477	2
29.9251	50.5336	0.00302386	0.00144824	2
29.0224	51.0886	0.0030599	0.00149151	2
28.1221	51.6452	0.00309555	0.00153453	2
27.2245	52.2038	0.00313082	0.00157727	2
26.3301	52.7648	0.00316568	0.00161969	2
25.4392	53.3284	0.00320015	0.00166176	2
24.5522	53.895	0.00323422	0.00170342	2
23.6696	54.465	0.00326789	0.00174464	2
22.8018	55.032	0.00330077	0.00178493	2
21.9289	55.6096	0.00333363	0.00182516	2
21.0615	56.1914	0.00336607	0.00186484	2
20.2	56.778	0.0033981	0.00190392	2
19.3448	57.3696	0.0034297	0.00194237	2
18.4962	57.9665	0.00346089	0.00198015	2
17.6547	58.569	0.00349165	0.00201721	2
16.8206	59.1776	0.00352198	0.00205352	2
15.9943	59.7925	0.00355189	0.00208903	2
15.1763	60.4141	0.00358135	0.00212372	2
14.3668	61.0427	0.00361038	0.00215753	2
13.5664	61.6786	0.00363897	0.00219043	2
12.7754	62.3223	0.00366712	0.00222239	2
11.9941	62.9739	0.00369482	0.00225335	2
11.223	63.6339	0.00372206	0.00228329	2
10.4625	64.3026	0.00374886	0.00231216	2
9.71287	64.9803	0.0037752	0.00233992	2
8.97462	65.6673	0.00380108	0.00236654	2
8.2481	66.3641	0.0038265	0.00239197	2
7.5337	67.0709	0.00385145	0.00241618	2
6.83181	67.788	0.00387593	0.00243912	2
6.14282	68.5158	0.00389994	0.00246076	2
5.46711	69.2547	0.00392348	0.00248106	2
4.81262	69.9962	0.00394628	0.00249976	2
4.1645	70.758	0.00396886	0.00251727	2
3.53084	71.5318	0.00399096	0.00253332	2
2.91202	72.318	0.00401257	0.00254787	2

124.996	2.01272	7.10023e-07	9.39756e-08	2
124.691	3.10414	6.15688e-05	7.67033e-06	2
124.399	4.2039	0.000122731	1.43226e-05	2
124.123	5.29934	0.000183493	1.99639e-05	2
123.865	6.37797	0.000243169	2.4554e-05	2
123.621	7.46492	0.000303155	2.82066e-05	2
123.392	8.54766	0.000362761	3.08697e-05	2
123.179	9.62622	0.000421993	3.25507e-05	2
122.982	10.7007	0.000480858	3.32566e-05	2
122.799	11.771	0.000539363	3.29948e-05	2
122.632	12.8373	0.000597515	3.17723e-05	2
122.479	13.8996	0.000655319	2.95963e-05	2
122.341	14.9579	0.000712784	2.64741e-05	2
122.218	16.0123	0.000769915	2.24129e-05	2
122.108	17.0628	0.000826719	1.74197e-05	2
122.013	18.1094	0.000883202	1.15019e-05	2
121.932	19.1522	0.000939373	4.66664e-06	2
121.865	20.1913	0.000995236	-3.07894e-06	2
121.812	21.2266	0.0010508	-1.17276e-05	2
121.772	22.2582	0.00110607	-2.12722e-05	2
121.745	23.2862	0.00116105	-3.17055e-05	2
121.731	24.3106	0.00121575	-4.30204e-05	2
121.73	25.3313	0.00127018	-5.52096e-05	2
121.742	26.3486	0.00132435	-6.82659e-05	2
121.767	27.3624	0.00137825	-8.21822e-05	2
121.804	28.3727	0.0014319	-9.69512e-05	2
121.852	29.368	0.00148469	-0.000112382	2
121.913	30.3716	0.00153785	-0.000128825	2
121.986	31.3718	0.00159078	-0.0001461	2
122.071	32.3687	0.00164348	-0.000164198	2
122.167	33.3624	0.00169597	-0.000183114	2
122.274	34.3529	0.00174824	-0.000202839	2
122.393	35.3402	0.0018003	-0.000223367	2
122.523	36.3243	0.00185216	-0.00024469	2
122.663	37.3054	0.00190383	-0.000266802	2
122.815	38.2834	0.00195531	-0.000289694	2
122.976	39.2584	0.00200662	-0.00031336	2
123.148	40.2304	0.00205774	-0.000337792	2
123.331	41.1994	0.00210871	-0.000362984	2
123.523	42.1656	0.00215951	-0.000388928	2
123.725	43.1289	0.00221015	-0.000415617	2
123.936	44.0895	0.00226065	-0.000443044	2
124.157	45.0472	0.00231102	-0.000471202	2
124.387	46.0022	0.00236124	-0.000500082	2
124.626	46.9545	0.00241134	-0.000529679	2
124.875	47.9041	0.00246132	-0.000559985	2
125.132	48.8511	0.00251119	-0.000590993	2
125.397	49.7956	0.00256095	-0.000622696	2
125.671	50.7375	0.00261061	-0.000655086	2
125.95	51.6661	0.0026596	-0.000687772	2
126.24	52.6031	0.00270908	-0.000721507	2
126.538	53.5376	0.00275848	-0.000755909	2
126.843	54.4698	0.00280781	-0.000790969	2
127.156	55.3997	0.00285707	-0.000826681	2
127.477	56.3272	0.00290626	-0.000863037	2
127.804	57.2525	0.00295541	-0.000900031	2
128.139	58.1756	0.00300451	-0.000937654	2
128.48	59.0964	0.00305356	-0.0009759	2
128.828	60.0152	0.00310259	-0.00101476	2
129.183	60.9318	0.00315159	-0.00105423	2
129.543	61.8464	0.00320056	-0.0010943	2
129.91	62.759	0.00324953	-0.00113497	2
130.283	63.6696	0.00329848	-0.00117622	2
130.662	64.5782	0.00334744	-0.00121805	2
131.046	65.485	0.0033964	-0.00126046	2
131.436	66.3899	0.00344537	-0.00130343	2
131.83	67.2929	0.00349437	-0.00134696	2
132.23	68.1942	0.00354339	-0.00139104	2
132.635	69.0937	0.00359245	-0.00143566	2
133.045	69.9916	0.00364154	-0.00148082	2
133.459	70.8878	0.00369068	-0.0015265	2
133.877	71.7823	0.00373987	-0.00157272	2
134.3	72.6753	0.00378913	-0.00161944	2
134.722	73.5565	0.00383788	-0.00166613	2
135.152	74.4464	0.00388727	-0.00171386	2
135.586	75.3349	0.00393674	-0.00176208	2
136.024	76.222	0.0039863	-0.00181079	2
136.465	77.1077	0.00403595	-0.00185997	2
136.909	77.992	0.0040857	-0.00190963	2
137.356	78.875	0.00413556	-0.00195975	2
137.806	79.7568	0.00418553	-0.00201033	2
138.258	80.6374	0.00423562	-0.00206137	2
138.713	81.5167	0.00428584	-0.00211284	2
139.17	82.3949	0.00433619	-0.00216475	2
139.629	83.272	0.00438667	-0.00221709	2
140.091	84.1481	0.00443731	-0.00226985	2
140.554	85.0231	0.0044881	-0.00232302	2
141.018	85.8972	0.00453905	-0.00237661	2
141.484	86.7703	0.00459016	-0.00243059	2
141.951	87.6424	0.00464145	-0.00248496	2
142.419	88.5138	0.00469291	-0.00253972	2
142.888	89.3843	0.00474457	-0.00259486	2
143.358	90.254	0.00479641	-0.00265037	2
143.828	91.123	0.00484846	-0.00270624	2
144.299	91.9912	0.00490071	-0.00276247	2
144.77	92.8588	0.00495318	-0.00281906	2
145.235	93.7158	0.00500525	-0.00287532	2
145.706	94.5822	0.00505816	-0.00293258	2
146.176	95.4481	0.00511131	-0.00299016	2
146.646	96.3134	0.00516469	-0.00304806	2

