-124.999	2.01256	1.49868e-07	2.64312e-08	2
-124.933	3.08522	1.41279e-05	1.1743e-06	2
-124.847	4.15548	3.04332e-05	9.27149e-08	2
-124.74	5.21092	4.88756e-05	-3.21354e-06	2
-124.616	6.23982	6.91669e-05	-8.63767e-06	2
-124.471	7.26624	9.17391e-05	-1.62749e-05	2
-124.308	8.27828	0.000116328	-2.60434e-05	2
-124.125	9.2761	0.000142893	-3.79121e-05	2
-123.925	10.2598	0.000171394	-5.18496e-05	2
-123.706	11.2296	0.000201791	-6.78247e-05	2
-123.469	12.1856	0.000234043	-8.58063e-05	2
-123.214	13.128	0.00026811	-0.000105763	2
-122.942	14.0569	0.000303951	-0.000127664	2
-122.654	14.9724	0.000341527	-0.000151477	2
-122.348	15.8748	0.000380797	-0.000177172	2
-122.025	16.7641	0.000421721	-0.000204717	2
-121.687	17.6405	0.000464258	-0.000234081	2
-121.332	18.5041	0.000508368	-0.000265233	2
-120.961	19.3551	0.000554011	-0.000298142	2
-120.575	20.1937	0.000601147	-0.000332776	2
-120.174	21.0199	0.000649735	-0.000369103	2
-119.757	21.834	0.000699734	-0.000407094	2
-119.326	22.6361	0.000751105	-0.000446717	2
-118.88	23.4262	0.000803807	-0.000487939	2
-118.42	24.2047	0.0008578	-0.000530731	2
-117.946	24.9716	0.000913043	-0.000575061	2
-117.464	25.7184	0.000968841	-0.000620363	2
-116.963	26.4627	0.00102645	-0.000667658	2
-116.448	27.1959	0.00108519	-0.000716398	2
-115.921	27.9181	0.00114502	-0.000766552	2
-115.381	28.6294	0.0012059	-0.000818087	2
-114.829	29.33	0.00126779	-0.000870973	2
-114.264	30.0201	0.00133065	-0.00092518	2
-113.688	30.6998	0.00139443	-0.000980674	2
-113.1	31.3692	0.00145911	-0.00103743	2
-112.5	32.0285	0.00152463	-0.0010954	2
-111.89	32.6779	0.00159096	-0.00115458	2
-111.268	33.3174	0.00165805	-0.00121491	2
-110.636	33.9473	0.00172588	-0.00127638	2
-109.994	34.5677	0.00179439	-0.00133895	2
-109.341	35.1787	0.00186354	-0.00140259	2
-108.679	35.7804	0.0019333	-0.00146727	2
-108.007	36.3731	0.00200363	-0.00153295	2
-107.325	36.9569	0.00207448	-0.00159961	2
-106.635	37.5319	0.00214582	-0.00166722	2
-105.936	38.0982	0.0022176	-0.00173574	2
-105.228	38.6561	0.00228979	-0.00180514	2
-104.512	39.2056	0.00236234	-0.0018754	2
-103.788	39.7469	0.00243521	-0.00194647	2
-103.065	40.2741	0.00250753	-0.0020175	2
-102.326	40.7996	0.00258093	-0.00209011	2
-101.58	41.3173	0.00265453	-0.00216345	2
-100.826	41.8274	0.00272829	-0.00223749	2
-100.066	42.3301	0.00280218	-0.00231218	2
-99.3	42.8254	0.00287615	-0.00238751	2
-98.5274	43.3136	0.00295016	-0.00246345	2
-97.7488	43.7948	0.00302417	-0.00253995	2
-96.9645	44.2691	0.00309814	-0.00261699	2
-96.1749	44.7366	0.00317204	-0.00269454	2
-95.38	45.1976	0.00324581	-0.00277257	2
-94.5803	45.6522	0.00331943	-0.00285104	2
-93.776	46.1005	0.00339284	-0.00292993	2
-92.9673	46.5426	0.00346602	-0.0030092	2
-92.1544	46.9788	0.00353891	-0.00308882	2
-91.3378	47.4091	0.00361148	-0.00316876	2
-90.5175	47.8338	0.00368369	-0.003249	2
-89.6939	48.2529	0.0037555	-0.00332949	2
-88.8672	48.6666	0.00382687	-0.0034102	2
-88.0377	49.075	0.00389776	-0.00349112	2
-87.2057	49.4784	0.00396812	-0.00357219	2
-86.3714	49.8768	0.00403792	-0.0036534	2
-85.5351	50.2703	0.00410712	-0.00373472	2
-84.6969	50.6593	0.00417567	-0.0038161	2
-83.867	51.0393	0.00424277	-0.00389659	2
-83.0261	51.4194	0.00430992	-0.00397802	2
-82.1843	51.7952	0.00437631	-0.00405943	2
-81.3417	52.167	0.00444189	-0.00414078	2
-80.4986	52.5349	0.00450664	-0.00422205	2
-79.6553	52.899	0.00457049	-0.00430321	2
-78.8121	53.2595	0.00463342	-0.00438422	2
-77.9692	53.6164	0.00469539	-0.00446504	2
-77.1269	53.9701	0.00475635	-0.00454566	2
-76.2854	54.3205	0.00481626	-0.00462604	2
-75.4449	54.6679	0.00487508	-0.00470614	2
-74.6059	55.0125	0.00493278	-0.00478594	2
-73.7684	55.3542	0.00498932	-0.00486541	2
-72.9328	55.6934	0.00504464	-0.00494451	2
-72.0993	56.0301	0.00509872	-0.00502321	2
-71.2683	56.3645	0.00515151	-0.00510149	2
-70.4398	56.6967	0.00520297	-0.0051793	2
-69.6143	57.027	0.00525306	-0.00525663	2
-68.792	57.3553	0.00530174	-0.00533343	2
-67.9731	57.682	0.00534897	-0.00540968	2
-67.1579	58.0071	0.00539471	-0.00548534	2
-66.3466	58.3307	0.00543893	-0.00556039	2
-65.5395	58.6531	0.00548157	-0.00563479	2
-64.7461	58.9707	0.00552214	-0.00570767	2
-63.9482	59.2909	0.00556154	-0.00578069	2
-63.1553	59.6104	0.00559924	-0.00585297	2
-62.3676	59.9291	0.00563522	-0.00592447	2

-75.0049	2.01186	-5.49336e-07	-3.88941e-08	2
-75.4078	3.02759	-4.71814e-05	-3.11955e-06	2
-75.7862	4.04686	-9.31347e-05	-5.71488e-06	2
-76.1358	5.05784	-0.000137872	-7.80169e-06	2
-76.4533	6.04906	-0.00018091	-9.38007e-06	2
-76.7464	7.04358	-0.000223263	-1.05023e-05	2
-77.0115	8.02984	-0.000264434	-1.11629e-05	2
-77.2491	9.00786	-0.000304435	-1.13775e-05	2
-77.4595	9.97765	-0.000343278	-1.11619e-05	2
-77.643	10.9392	-0.000380974	-1.05318e-05	2
-77.7999	11.8926	-0.000417536	-9.50276e-06	2
-77.9306	12.8378	-0.000452974	-8.09057e-06	2
-78.0354	13.7748	-0.0004873	-6.3109e-06	2
-78.1147	14.7037	-0.000520527	-4.17945e-06	2
-78.1688	15.6244	-0.000552665	-1.71191e-06	2
-78.198	16.5369	-0.000583726	1.07604e-06	2
-78.2027	17.4414	-0.000613723	4.1687e-06	2
-78.1832	18.3378	-0.000642666	7.55037e-06	2
-78.1398	19.226	-0.000670567	1.12054e-05	2
-78.073	20.1062	-0.000697439	1.5118e-05	2
-77.983	20.9783	-0.000723292	1.92726e-05	2
-77.8701	21.8424	-0.000748139	2.36534e-05	2
-77.7348	22.6984	-0.00077199	2.82448e-05	2
-77.5773	23.5465	-0.000794858	3.3031e-05	2
-77.398	24.3865	-0.000816754	3.79964e-05	2
-77.1972	25.2185	-0.000837691	4.31253e-05	2
-76.9779	26.0331	-0.000857454	4.83406e-05	2
-76.7354	26.8493	-0.000876516	5.37479e-05	2
-76.4724	27.6575	-0.000894653	5.92718e-05	2
-76.1893	28.4577	-0.000911876	6.48966e-05	2
-75.8864	29.2501	-0.000928197	7.06067e-05	2
-75.5641	30.0345	-0.000943628	7.63862e-05	2
-75.2226	30.8111	-0.00095818	8.22195e-05	2
-74.8624	31.5797	-0.000971865	8.8091e-05	2
-74.4837	32.3405	-0.000984696	9.39848e-05	2
-74.087	33.0934	-0.000996682	9.98855e-05	2
-73.6725	33.8385	-0.00100784	0.000105777	2
-73.2405	34.5758	-0.00101817	0.000111644	2
-72.7915	35.3052	-0.0010277	0.000117471	2
-72.3257	36.0269	-0.00103643	0.000123241	2
-71.8435	36.7407	-0.00104437	0.00012894	2
-71.3453	37.4468	-0.00105154	0.000134552	2
-70.8313	38.1451	-0.00105795	0.00014006	2
-70.3019	38.8357	-0.0010636	0.00014545	2
-69.7575	39.5186	-0.00106852	0.000150705	2
-69.1984	40.1937	-0.00107272	0.00015581	2
-68.6249	40.8611	-0.00107619	0.000160749	2
-68.0373	41.5209	-0.00107896	0.000165506	2
-67.4361	42.1729	-0.00108105	0.000170067	2
-66.8286	42.81	-0.00108243	0.000174365	2
-66.2011	43.4468	-0.00108317	0.000178487	2
-65.561	44.076	-0.00108326	0.000182364	2
-64.9084	44.6976	-0.00108269	0.000185981	2
-64.2439	45.3116	-0.00108149	0.000189323	2
-63.5677	45.918	-0.00107968	0.000192373	2
-62.8802	46.5168	-0.00107725	0.000195117	2
-62.1816	47.108	-0.00107422	0.000197538	2
-61.4725	47.6917	-0.0010706	0.000199621	2
-60.753	48.2679	-0.00106641	0.000201349	2
-60.0235	48.8365	-0.00106165	0.000202708	2
-59.2843	49.3976	-0.00105635	0.000203682	2
-58.5359	49.9513	-0.0010505	0.000204254	2
-57.7785	50.4974	-0.00104412	0.00020441	2
-57.0125	51.0361	-0.00103722	0.000204133	2
-56.2382	51.5673	-0.00102982	0.000203409	2
-55.4559	52.0911	-0.00102193	0.00020222	2
-54.666	52.6074	-0.00101355	0.000200552	2
-53.8689	53.1163	-0.00100471	0.000198388	2
-53.0648	53.6179	-0.000995401	0.000195714	2
-52.2541	54.112	-0.000985647	0.000192513	2
-51.4372	54.5988	-0.000975458	0.000188769	2
-50.6144	55.0782	-0.000964845	0.000184468	2
-49.7859	55.5503	-0.00095382	0.000179593	2
-48.9619	56.0097	-0.000942527	0.000174195	2
-48.1233	56.4673	-0.000930717	0.000168132	2
-47.2802	56.9175	-0.000918528	0.000161449	2
-46.4329	57.3604	-0.000905974	0.00015413	2
-45.5817	57.796	-0.000893066	0.000146158	2
-44.7269	58.2244	-0.000879815	0.000137519	2
-43.8689	58.6455	-0.000866234	0.000128197	2
-43.0081	59.0595	-0.000852333	0.000118176	2
-42.1446	59.4661	-0.000838125	0.000107439	2
-41.279	59.8656	-0.000823621	9.59728e-05	2
-40.4116	60.2579	-0.000808832	8.37601e-05	2
-39.5426	60.643	-0.000793771	7.07855e-05	2
-38.6724	61.0209	-0.000778449	5.70335e-05	2
-37.8014	61.3917	-0.000762878	4.24882e-05	2
-36.9298	61.7554	-0.000747069	2.7134e-05	2
-36.0581	62.1119	-0.000731035	1.09553e-05	2
-35.1866	62.4613	-0.000714786	-6.06375e-06	2
-34.3156	62.8037	-0.000698334	-2.39388e-05	2
-33.4454	63.1389	-0.000681692	-4.26854e-05	2
-32.5764	63.4671	-0.00066487	-6.23195e-05	2
-31.7089	63.7882	-0.000647881	-8.28566e-05	2
-30.8433	64.1023	-0.000630735	-0.000104312	2
-29.9799	64.4093	-0.000613446	-0.000126703	2
-29.1289	64.706	-0.000596224	-0.000149769	2
-28.2708	64.9991	-0.000578682	-0.000174064	2
-27.416	65.2852	-0.000561031	-0.000199341	2
-26.5647	65.5644	-0.000543282	-0.000225614	2

-25.0033	2.01061	2.48574e-07	-3.453e-07	2
-25.2854	2.92646	2.02907e-05	-2.93924e-05	2
-25.5692	3.85941	3.79148e-05	-5.74858e-05	2
-25.8512	4.79857	5.29246e-05	-8.42999e-05	2
-26.1279	5.73275	6.52438e-05	-0.000109568	2
-26.4055	6.6834	7.52109e-05	-0.000133897	2
-26.6805	7.6394	8.27205e-05	-0.000157007	2
-26.9527	8.60048	8.78251e-05	-0.000178917	2
-27.2219	9.56634	9.05769e-05	-0.000199647	2
-27.4879	10.5367	9.10286e-05	-0.000219216	2
-27.7503	11.5113	8.92324e-05	-0.000237646	2
-28.0089	12.4898	8.5241e-05	-0.000254955	2
-28.2636	13.472	7.91066e-05	-0.000271164	2
-28.5141	14.4575	7.08819e-05	-0.000286292	2
-28.7601	15.4461	6.06191e-05	-0.000300359	2
-29.0014	16.4375	4.83707e-05	-0.000313386	2
-29.2377	17.4315	3.41892e-05	-0.000325392	2
-29.4689	18.4276	1.8127e-05	-0.000336397	2
-29.6947	19.4257	2.3658e-07	-0.000346421	2
-29.9148	20.4255	-1.94297e-05	-0.000355483	2
-30.129	21.4266	-4.08192e-05	-0.000363605	2
-30.3371	22.4288	-6.38798e-05	-0.000370804	2
-30.5388	23.4318	-8.85588e-05	-0.000377103	2
-30.734	24.4354	-0.000114804	-0.00038252	2
-30.9223	25.4392	-0.000142562	-0.000387075	2
-31.1035	26.4429	-0.000171782	-0.000390788	2
-31.2754	27.4348	-0.000202051	-0.000393651	2
-31.4419	28.4376	-0.00023402	-0.000395749	2
-31.6005	29.4396	-0.000267294	-0.000397065	2
-31.7512	30.4403	-0.00030182	-0.000397619	2
-31.8935	31.4396	-0.000337546	-0.000397429	2
-32.0274	32.4371	-0.000374418	-0.000396518	2
-32.1525	33.4326	-0.000412386	-0.000394903	2
-32.2686	34.4258	-0.000451395	-0.000392605	2
-32.3756	35.4164	-0.000491395	-0.000389645	2
-32.473	36.404	-0.000532331	-0.000386041	2
-32.5608	37.3886	-0.000574153	-0.000381814	2
-32.6387	38.3696	-0.000616807	-0.000376984	2
-32.7064	39.347	-0.000660241	-0.00037157	2
-32.7636	40.3203	-0.000704403	-0.000365592	2
-32.8103	41.2893	-0.00074924	-0.000359071	2
-32.846	42.2537	-0.000794699	-0.000352026	2
-32.8707	43.2133	-0.000840729	-0.000344478	2
-32.884	44.1676	-0.000887277	-0.000336445	2
-32.8857	45.1166	-0.00093429	-0.000327948	2
-32.8755	46.0598	-0.000981716	-0.000319007	2
-32.8533	46.997	-0.0010295	-0.000309641	2
-32.8188	47.9279	-0.0010776	-0.000299871	2
-32.7718	48.8522	-0.00112595	-0.000289717	2
-32.7127	49.7592	-0.00117394	-0.000279321	2
-32.64	50.6696	-0.00122264	-0.000268461	2
-32.554	51.5725	-0.00127145	-0.000257276	2
-32.4546	52.4678	-0.00132029	-0.000245785	2
-32.3414	53.355	-0.00136914	-0.00023401	2
-32.2142	54.234	-0.00141792	-0.000221969	2
-32.0729	55.1044	-0.00146659	-0.000209682	2
-31.9171	55.966	-0.0015151	-0.00019717	2
-31.7466	56.8184	-0.0015634	-0.000184452	2
-31.5612	57.6614	-0.00161142	-0.000171548	2
-31.3606	58.4947	-0.00165913	-0.000158478	2
-31.1447	59.318	-0.00170646	-0.000145262	2
-30.9131	60.131	-0.00175336	-0.00013192	2
-30.6656	60.9335	-0.00179979	-0.000118472	2
-30.402	61.7251	-0.00184569	-0.000104937	2
-30.1221	62.5056	-0.00189101	-9.13362e-05	2
-29.8256	63.2747	-0.00193569	-7.76883e-05	2
-29.5123	64.0321	-0.00197968	-6.40138e-05	2
-29.1819	64.7776	-0.00202293	-5.03324e-05	2
-28.8342	65.5107	-0.00206539	-3.66641e-05	2
-28.469	66.2314	-0.002107	-2.30288e-05	2
-28.086	66.9392	-0.00214772	-9.44626e-06	2
-27.685	67.6338	-0.00218749	4.06349e-06	2
-27.2658	68.3151	-0.00222625	1.74806e-05	2
-26.8332	68.9751	-0.00226354	3.0633e-05	2
-26.3769	69.6289	-0.00230015	4.38068e-05	2
-25.9017	70.2684	-0.00233561	5.68285e-05	2
-25.4073	70.8935	-0.00236985	6.96783e-05	2
-24.8935	71.5036	-0.00240283	8.23362e-05	2
-24.36	72.0987	-0.0024345	9.47823e-05	2
-23.8065	72.6784	-0.0024648	0.000106997	2
-23.233	73.2425	-0.00249367	0.00011896	2
-22.639	73.7906	-0.00252107	0.000130651	2
-22.0244	74.3224	-0.00254695	0.000142051	2
-21.389	74.8377	-0.00257124	0.00015314	2
-20.7324	75.3362	-0.00259391	0.000163898	2
-20.0545	75.8176	-0.00261489	0.000174305	2
-19.3551	76.2817	-0.00263414	0.000184341	2
-18.6338	76.7281	-0.00265159	0.000193986	2
-17.8905	77.1565	-0.00266721	0.000203221	2
-17.1249	77.5667	-0.00268093	0.000212025	2
-16.3367	77.9584	-0.00269271	0.000220378	2
-15.5258	78.3313	-0.00270249	0.000228261	2
-14.6919	78.6852	-0.00271022	0.000235654	2
-13.8348	79.0196	-0.00271585	0.000242537	2
-12.9542	79.3344	-0.00271932	0.00024889	2
-12.0498	79.6293	-0.00272058	0.000254692	2
-11.1323	79.9009	-0.00271961	0.000259868	2
-10.1801	80.1553	-0.00271632	0.000264519	2
-9.20349	80.3889	-0.00271067	0.000268559	2
-8.20219	80.6015	-0.00270261	0.000271971	2

25.0008	2.01069	-3.57142e-08	1.88525e-07	2
25.0516	2.92867	-3.18758e-06	1.55976e-05	2
25.0675	3.85393	-6.53924e-06	2.9591e-05	2
25.0484	4.77577	-1.0057e-05	4.20146e-05	2
24.9961	5.68365	-1.36996e-05	5.27862e-05	2
24.9101	6.59869	-1.75538e-05	6.21901e-05	2
24.7918	7.5103	-2.15801e-05	7.01268e-05	2
24.642	8.41849	-2.57806e-05	7.66305e-05	2
24.4615	9.32326	-3.01573e-05	8.17355e-05	2
24.2513	10.2246	-3.47123e-05	8.54762e-05	2
24.0122	11.1225	-3.94476e-05	8.78869e-05	2
23.745	12.017	-4.43652e-05	8.90018e-05	2
23.4507	12.908	-4.94671e-05	8.88554e-05	2
23.13	13.7956	-5.47553e-05	8.74818e-05	2
22.7839	14.6798	-6.0232e-05	8.49155e-05	2
22.4132	15.5606	-6.5899e-05	8.11907e-05	2
22.0187	16.4379	-7.17585e-05	7.63418e-05	2
21.6014	17.3118	-7.78124e-05	7.04031e-05	2
21.162	18.1822	-8.40628e-05	6.34088e-05	2
20.7015	19.0492	-9.05117e-05	5.53933e-05	2
20.2207	19.9127	-9.71612e-05	4.63909e-05	2
19.7204	20.7728	-0.000104013	3.6436e-05	2
19.2016	21.6295	-0.00011107	2.55628e-05	2
18.6651	22.4827	-0.000118333	1.38056e-05	2
18.1117	23.3325	-0.000125805	1.19878e-06	2
17.5423	24.1788	-0.000133487	-1.22234e-05	2
16.9647	25.012	-0.000141291	-2.62589e-05	2
16.3661	25.8514	-0.000149398	-4.12004e-05	2
15.7541	26.6874	-0.000157722	-5.68546e-05	2
15.1295	27.52	-0.000166265	-7.31873e-05	2
14.4933	28.3491	-0.000175029	-9.01641e-05	2
13.8462	29.1747	-0.000184015	-0.000107751	2
13.1892	29.9968	-0.000193227	-0.000125913	2
12.523	30.8156	-0.000202665	-0.000144616	2
11.8486	31.6308	-0.000212332	-0.000163827	2
11.1668	32.4426	-0.00022223	-0.00018351	2
10.4785	33.2509	-0.00023236	-0.000203631	2
9.78458	34.0557	-0.000242726	-0.000224156	2
9.08582	34.8571	-0.000253329	-0.000245051	2
8.38313	35.655	-0.000264171	-0.000266281	2
7.67735	36.4495	-0.000275253	-0.000287812	2
6.96936	37.2404	-0.000286579	-0.00030961	2
6.26002	38.0279	-0.00029815	-0.00033164	2
5.55018	38.8119	-0.000309968	-0.000353868	2
4.84071	39.5925	-0.000322035	-0.00037626	2
4.13247	40.3695	-0.000334354	-0.000398781	2
3.42632	41.1431	-0.000346925	-0.000421398	2
2.72313	41.9132	-0.000359752	-0.000444075	2
2.02374	42.6798	-0.000372836	-0.000466779	2
1.33699	43.4342	-0.000386024	-0.000489215	2
0.64775	44.1939	-0.000399626	-0.000511869	2
-0.0351026	44.9501	-0.00041349	-0.000534448	2
-0.710706	45.7028	-0.00042762	-0.000556916	2
-1.3782	46.4521	-0.000442018	-0.00057924	2
-2.03672	47.1978	-0.000456684	-0.000601384	2
-2.68541	47.94	-0.000471623	-0.000623315	2
-3.3234	48.6788	-0.000486834	-0.000644999	2
-3.94984	49.414	-0.000502321	-0.000666401	2
-4.56386	50.1458	-0.000518086	-0.000687486	2
-5.16461	50.8741	-0.00053413	-0.000708221	2
-5.75121	51.5988	-0.000550455	-0.000728571	2
-6.32281	52.3201	-0.000567064	-0.000748502	2
-6.87856	53.0378	-0.000583959	-0.00076798	2
-7.41757	53.7521	-0.000601141	-0.000786969	2
-7.939	54.4628	-0.000618613	-0.000805437	2
-8.44199	55.1701	-0.000636376	-0.000823348	2
-8.92567	55.8738	-0.000654433	-0.000840668	2
-9.38918	56.574	-0.000672786	-0.000857363	2
-9.83166	57.2707	-0.000691437	-0.000873399	2
-10.2522	57.9639	-0.000710387	-0.000888741	2
-10.6501	58.6536	-0.000729639	-0.000903355	2
-11.0243	59.3398	-0.000749195	-0.000917207	2
-11.374	60.0224	-0.000769057	-0.000930263	2
-11.6949	60.6938	-0.000788993	-0.000942351	2
-11.9934	61.3694	-0.000809469	-0.00095372	2
-12.2649	62.0416	-0.000830256	-0.00096419	2
-12.5084	62.7102	-0.000851358	-0.000973727	2
-12.7232	63.3753	-0.000872776	-0.000982295	2
-12.9083	64.0368	-0.000894511	-0.000989862	2
-13.063	64.6949	-0.000916567	-0.000996392	2
-13.1863	65.3494	-0.000938944	-0.00100185	2
-13.2774	66.0004	-0.000961646	-0.00100621	2
-13.3354	66.6478	-0.000984673	-0.00100942	2
-13.3595	67.2917	-0.00100803	-0.00101146	2
-13.3487	67.9321	-0.00103172	-0.0010123	2
-13.3023	68.569	-0.00105573	-0.00101189	2
-13.2194	69.2023	-0.00108009	-0.0010102	2
-13.0991	69.8321	-0.00110477	-0.0010072	2
-12.9405	70.4583	-0.0011298	-0.00100286	2
-12.7429	71.081	-0.00115517	-0.00099714	2
-12.5052	71.7001	-0.00118088	-0.000990005	2
-12.2268	72.3157	-0.00120693	-0.000981421	2
-11.9066	72.9278	-0.00123333	-0.000971355	2
-11.5439	73.5363	-0.00126008	-0.000959773	2
-11.1378	74.1413	-0.00128718	-0.000946639	2
-10.6874	74.7427	-0.00131463	-0.000931919	2
-10.1978	75.3337	-0.00134211	-0.000915777	2
-9.65676	75.9281	-0.00137027	-0.000897803	2
-9.06891	76.5189	-0.00139878	-0.000878141	2
-8.43334	77.1061	-0.00142766	-0.000856756	2

74.998	2.01148	-5.06496e-07	2.10307e-07	2
74.8131	2.98963	-4.34742e-05	1.77229e-05	2
74.6019	3.9618	-8.57702e-05	3.42945e-05	2
74.3667	4.91681	-0.000126914	4.97291e-05	2
74.1112	5.84427	-0.000166478	6.38829e-05	2
73.83	6.76605	-0.000205407	7.70995e-05	2
73.5262	7.67157	-0.000243263	8.92221e-05	2
73.2004	8.56112	-0.00028007	0.000100265	2
72.8531	9.43501	-0.000315854	0.000110243	2
72.4846	10.2935	-0.000350642	0.000119171	2
72.0956	11.137	-0.00038446	0.000127062	2
71.6864	11.9657	-0.000417334	0.000133931	2
71.2575	12.7799	-0.00044929	0.000139793	2
70.8094	13.58	-0.000480353	0.000144662	2
70.3426	14.3662	-0.00051055	0.000148552	2
69.8575	15.1389	-0.000539908	0.000151478	2
69.3546	15.8982	-0.000568451	0.000153454	2
68.8344	16.6447	-0.000596206	0.000154495	2
68.2973	17.3784	-0.000623199	0.000154615	2
67.7438	18.0998	-0.000649457	0.000153828	2
67.1744	18.8092	-0.000675004	0.000152149	2
66.5895	19.5067	-0.000699868	0.000149593	2
65.9896	20.1928	-0.000724074	0.000146173	2
65.3752	20.8678	-0.000747648	0.000141904	2
64.7468	21.5319	-0.000770616	0.0001368	2
64.1048	22.1854	-0.000793005	0.000130877	2
63.4573	22.8213	-0.000814592	0.000124229	2
62.7896	23.4547	-0.000835906	0.000116718	2
62.1098	24.0785	-0.000856718	0.000108429	2
61.4183	24.6929	-0.000877054	9.93781e-05	2
60.7156	25.2982	-0.00089694	8.95787e-05	2
60.0021	25.8947	-0.000916402	7.90454e-05	2
59.2782	26.4828	-0.000935467	6.77928e-05	2
58.5446	27.0627	-0.00095416	5.58351e-05	2
57.8016	27.6348	-0.000972508	4.31869e-05	2
57.0497	28.1993	-0.000990536	2.98625e-05	2
56.2893	28.7565	-0.00100827	1.58763e-05	2
55.521	29.3068	-0.00102574	1.24279e-06	2
54.7452	29.8504	-0.00104296	-1.40237e-05	2
53.9624	30.3876	-0.00105997	-2.99087e-05	2
53.1731	30.9187	-0.00107679	-4.63978e-05	2
52.3777	31.4442	-0.00109345	-6.34767e-05	2
51.5766	31.9641	-0.00110997	-8.11309e-05	2
50.7705	32.4789	-0.00112638	-9.93459e-05	2
49.9596	32.9888	-0.00114271	-0.000118107	2
49.1445	33.4941	-0.00115897	-0.000137401	2
48.3258	33.9952	-0.0011752	-0.000157212	2
47.5037	34.4923	-0.00119143	-0.000177527	2
46.6789	34.9858	-0.00120767	-0.00019833	2
45.8612	35.4702	-0.00122377	-0.000219361	2
45.0322	35.9573	-0.00124013	-0.000241094	2
44.2018	36.4416	-0.00125659	-0.000263272	2
43.3704	36.9234	-0.00127317	-0.000285882	2
42.5387	37.4031	-0.00128989	-0.000308909	2
41.7069	37.8809	-0.0013068	-0.000332338	2
40.8756	38.3571	-0.0013239	-0.000356155	2
40.0453	38.832	-0.00134123	-0.000380347	2
39.2163	39.306	-0.00135881	-0.000404897	2
38.3893	39.7793	-0.00137668	-0.000429793	2
37.5646	40.2523	-0.00139484	-0.000455018	2
36.7428	40.7252	-0.00141334	-0.000480561	2
35.9243	41.1983	-0.0014322	-0.000506404	2
35.1095	41.672	-0.00145144	-0.000532535	2
34.299	42.1464	-0.00147109	-0.000558939	2
33.4931	42.6221	-0.00149117	-0.000585601	2
32.6925	43.0991	-0.00151172	-0.000612508	2
31.8974	43.5779	-0.00153275	-0.000639644	2
31.1085	44.0587	-0.0015543	-0.000666995	2
30.3262	44.5419	-0.00157638	-0.000694547	2
29.5509	45.0277	-0.00159903	-0.000722285	2
28.7832	45.5164	-0.00162228	-0.000750196	2
28.0234	46.0084	-0.00164614	-0.000778264	2
27.2721	46.5038	-0.00167064	-0.000806475	2
26.5382	46.9974	-0.00169552	-0.000834488	2
25.8051	47.5008	-0.00172138	-0.000862942	2
25.0819	48.0087	-0.00174797	-0.000891495	2
24.369	48.5212	-0.0017753	-0.000920134	2
23.6669	49.0388	-0.0018034	-0.000948844	2
22.9761	49.5618	-0.00183231	-0.000977611	2
22.297	50.0903	-0.00186204	-0.00100642	2
21.6301	50.6248	-0.00189262	-0.00103526	2
20.9759	51.1656	-0.00192408	-0.00106411	2
20.3348	51.7128	-0.00195644	-0.00109296	2
19.7073	52.2669	-0.00198973	-0.00112179	2
19.0939	52.8281	-0.00202398	-0.0011506	2
18.4951	53.3968	-0.00205921	-0.00117936	2
17.9113	53.9732	-0.00209545	-0.00120807	2
17.343	54.5576	-0.00213272	-0.0012367	2
16.7906	55.1503	-0.00217106	-0.00126524	2
16.2547	55.7517	-0.00221048	-0.00129368	2
15.7357	56.362	-0.00225101	-0.00132201	2
15.234	56.9816	-0.00229268	-0.0013502	2
14.7502	57.6107	-0.00233551	-0.00137825	2
14.2846	58.2496	-0.00237953	-0.00140614	2
13.8379	58.8986	-0.00242477	-0.00143386	2
13.4104	59.5581	-0.00247126	-0.00146139	2
13.0072	60.2205	-0.00251845	-0.0014884	2
12.6193	60.9016	-0.00256748	-0.00151552	2
12.2521	61.5941	-0.00261783	-0.0015424	2
11.906	62.2981	-0.00266953	-0.00156903	2

124.999	2.01086	-4.67477e-07	-2.02875e-07	2
124.902	2.94362	-3.8502e-05	-1.67704e-05	2
124.794	3.88429	-7.26589e-05	-3.17807e-05	2
124.678	4.82207	-0.000102535	-4.50607e-05	2
124.554	5.74627	-0.000127921	-5.65165e-05	2
124.42	6.6784	-0.000149473	-6.6444e-05	2
124.278	7.60776	-0.000166935	-7.47301e-05	2
124.127	8.53437	-0.00018037	-8.14046e-05	2
123.969	9.45828	-0.000189842	-8.64971e-05	2
123.802	10.3795	-0.000195414	-9.00376e-05	2
123.628	11.2982	-0.000197152	-9.20556e-05	2
123.446	12.2142	-0.000195119	-9.2581e-05	2
123.256	13.1277	-0.000189377	-9.16436e-05	2
123.059	14.0387	-0.000179993	-8.92731e-05	2
122.855	14.9472	-0.000167028	-8.54993e-05	2
122.644	15.8533	-0.000150547	-8.03519e-05	2
122.426	16.757	-0.000130615	-7.38607e-05	2
122.201	17.6584	-0.000107293	-6.60554e-05	2
121.97	18.5575	-8.06477e-05	-5.69659e-05	2
121.733	19.4542	-5.07414e-05	-4.66219e-05	2
121.489	20.3488	-1.76382e-05	-3.50531e-05	2
121.239	21.2412	1.8598e-05	-2.22893e-05	2
120.984	22.1314	5.79034e-05	-8.36028e-06	2
120.722	23.0195	0.000100214	6.70421e-06	2
120.456	23.9055	0.000145466	2.28744e-05	2
120.183	24.7895	0.000193596	4.01206e-05	2
119.909	25.6614	0.000243939	5.81968e-05	2
119.626	26.5415	0.000297601	7.74941e-05	2
119.339	27.4196	0.000353951	9.77783e-05	2
119.047	28.2959	0.000412923	0.00011902	2
118.75	29.1704	0.000474455	0.000141189	2
118.449	30.043	0.000538482	0.000164255	2
118.143	30.9139	0.000604941	0.00018819	2
117.833	31.7831	0.000673767	0.000212963	2
117.52	32.6506	0.000744898	0.000238544	2
117.202	33.5164	0.000818268	0.000264904	2
116.881	34.3807	0.000893815	0.000292013	2
116.557	35.2433	0.000971474	0.000319841	2
116.229	36.1045	0.00105118	0.000348358	2
115.898	36.9642	0.00113287	0.000377535	2
115.564	37.8224	0.00121649	0.000407342	2
115.228	38.6793	0.00130196	0.000437749	2
114.888	39.5347	0.00138922	0.000468727	2
114.546	40.3889	0.00147822	0.000500245	2
114.202	41.2417	0.00156887	0.000532273	2
113.856	42.0933	0.00166113	0.000564783	2
113.507	42.9437	0.00175493	0.000597744	2
113.157	43.793	0.0018502	0.000631127	2
112.805	44.6411	0.00194689	0.000664901	2
112.455	45.4784	0.00204378	0.000698643	2
112.101	46.3243	0.00214308	0.000733108	2
111.744	47.1693	0.0022436	0.000767876	2
111.387	48.0133	0.00234527	0.000802917	2
111.029	48.8563	0.00244803	0.000838201	2
110.67	49.6985	0.00255183	0.000873698	2
110.311	50.5398	0.00265658	0.00090938	2
109.951	51.3803	0.00276224	0.000945215	2
109.591	52.22	0.00286873	0.000981175	2
109.231	53.059	0.002976	0.00101723	2
108.871	53.8973	0.00308397	0.00105335	2
108.511	54.7349	0.00319259	0.0010895	2
108.152	55.5719	0.00330179	0.00112566	2
107.793	56.4084	0.00341151	0.0011618	2
107.435	57.2442	0.00352168	0.00119788	2
107.078	58.0796	0.00363224	0.00123387	2
106.721	58.9146	0.00374313	0.00126975	2
106.366	59.7491	0.00385428	0.00130549	2
106.013	60.5832	0.00396563	0.00134106	2
105.66	61.417	0.00407711	0.00137642	2
105.31	62.2505	0.00418866	0.00141155	2
104.961	63.0837	0.00430022	0.00144642	2
104.615	63.9167	0.00441172	0.00148099	2
104.27	64.7495	0.0045231	0.00151524	2
103.932	65.5725	0.00463302	0.00154876	2
103.592	66.4051	0.00474397	0.00158228	2
103.255	67.2376	0.00485461	0.00161539	2
102.921	68.07	0.00496487	0.00164806	2
102.59	68.9025	0.00507469	0.00168026	2
102.262	69.735	0.00518401	0.00171196	2
101.937	70.5676	0.00529277	0.00174313	2
101.615	71.4003	0.00540089	0.00177374	2
101.298	72.2332	0.00550832	0.00180376	2
100.984	73.0663	0.00561498	0.00183316	2
100.673	73.8997	0.00572083	0.00186192	2
100.367	74.7333	0.00582579	0.00188999	2
100.066	75.5673	0.0059298	0.00191735	2
99.7684	76.4016	0.0060328	0.00194398	2
99.4757	77.2363	0.00613471	0.00196983	2
99.1877	78.0715	0.00623549	0.00199489	2
98.9046	78.9072	0.00633506	0.00201913	2
98.6265	79.7433	0.00643336	0.0020425	2
98.3537	80.5801	0.00653033	0.00206499	2
98.0862	81.4174	0.0066259	0.00208655	2
97.8243	82.2554	0.00672001	0.00210718	2
97.5681	83.094	0.0068126	0.00212682	2
97.3178	83.9334	0.0069036	0.00214546	2
97.0763	84.7639	0.00699193	0.00216287	2
96.8381	85.6048	0.00707957	0.00217942	2
96.6062	86.4466	0.00716544	0.00219488	2
96.3809	87.2892	0.00724947	0.00220921	2

