-125.003	2.01342	-2.69189e-07	-1.3111e-07	2
-125.216	3.15688	-2.39318e-05	-1.04806e-05	2
-125.4	4.29161	-4.88845e-05	-1.91077e-05	2
-125.553	5.40447	-7.48345e-05	-2.59115e-05	2
-125.672	6.48333	-0.000101443	-3.08744e-05	2
-125.763	7.55354	-0.000129307	-3.41416e-05	2
-125.823	8.60273	-0.000158097	-3.56754e-05	2
-125.853	9.63117	-0.00018779	-3.55057e-05	2
-125.853	10.6391	-0.000218363	-3.36627e-05	2
-125.825	11.6269	-0.000249792	-3.01765e-05	2
-125.768	12.5948	-0.000282054	-2.5077e-05	2
-125.682	13.543	-0.000315125	-1.83945e-05	2
-125.569	14.4719	-0.000348982	-1.01589e-05	2
-125.429	15.3818	-0.0003836	-4.00422e-07	2
-125.261	16.2728	-0.000418957	1.08509e-05	2
-125.068	17.1454	-0.000455028	2.35651e-05	2
-124.848	17.9997	-0.000491791	3.77119e-05	2
-124.603	18.836	-0.000529221	5.32613e-05	2
-124.333	19.6548	-0.000567295	7.01833e-05	2
-124.038	20.4561	-0.00060599	8.84477e-05	2
-123.719	21.2403	-0.000645281	0.000108024	2
-123.376	22.0077	-0.000685146	0.000128884	2
-123.01	22.7586	-0.000725561	0.000150995	2
-122.621	23.4931	-0.000766502	0.000174328	2
-122.21	24.2118	-0.000807945	0.000198854	2
-121.777	24.9147	-0.000849868	0.000224541	2
-121.328	25.5944	-0.000891756	0.000251046	2
-120.852	26.2669	-0.000934561	0.000278954	2
-120.356	26.9245	-0.000977775	0.000307935	2
-119.84	27.5676	-0.00102137	0.000337958	2
-119.304	28.1964	-0.00106533	0.000368992	2
-118.749	28.8111	-0.00110963	0.000401009	2
-118.175	29.4122	-0.00115424	0.000433977	2
-117.583	29.9997	-0.00119915	0.000467867	2
-116.973	30.5741	-0.00124432	0.000502648	2
-116.346	31.1356	-0.00128973	0.000538291	2
-115.701	31.6844	-0.00133537	0.000574765	2
-115.04	32.2209	-0.0013812	0.000612041	2
-114.363	32.7454	-0.0014272	0.000650088	2
-113.67	33.258	-0.00147335	0.000688876	2
-112.961	33.7592	-0.00151963	0.000728375	2
-112.239	34.2492	-0.00156601	0.000768555	2
-111.501	34.7282	-0.00161247	0.000809386	2
-110.75	35.1966	-0.00165898	0.000850838	2
-109.986	35.6546	-0.00170553	0.000892881	2
-109.208	36.1025	-0.00175208	0.000935484	2
-108.418	36.5405	-0.00179862	0.000978618	2
-107.616	36.9691	-0.00184512	0.00102225	2
-106.802	37.3884	-0.00189156	0.00106636	2
-105.987	37.794	-0.00193737	0.00111039	2
-105.151	38.1957	-0.00198361	0.00115534	2
-104.305	38.589	-0.00202972	0.00120067	2
-103.449	38.9742	-0.00207567	0.00124635	2
-102.584	39.3515	-0.00212144	0.00129236	2
-101.71	39.7213	-0.00216701	0.00133865	2
-100.827	40.0837	-0.00221235	0.0013852	2
-99.9366	40.4391	-0.00225744	0.00143198	2
-99.0383	40.7878	-0.00230225	0.00147897	2
-98.1328	41.1301	-0.00234676	0.00152612	2
-97.2205	41.4661	-0.00239096	0.00157341	2
-96.302	41.7963	-0.0024348	0.00162082	2
-95.3777	42.1209	-0.00247828	0.0016683	2
-94.448	42.4401	-0.00252137	0.00171583	2
-93.5133	42.7543	-0.00256404	0.00176338	2
-92.5742	43.0637	-0.00260627	0.00181093	2
-91.631	43.3686	-0.00264804	0.00185843	2
-90.6843	43.6693	-0.00268932	0.00190586	2
-89.7344	43.9661	-0.00273009	0.00195319	2
-88.7818	44.2592	-0.00277032	0.00200038	2
-87.8269	44.549	-0.00281	0.00204742	2
-86.8703	44.8356	-0.0028491	0.00209427	2
-85.9123	45.1195	-0.00288759	0.00214089	2
-84.9534	45.4008	-0.00292546	0.00218727	2
-84.0051	45.6767	-0.00296224	0.00223283	2
-83.0457	45.9539	-0.00299879	0.00227862	2
-82.0868	46.2293	-0.00303464	0.00232406	2
-81.1287	46.5034	-0.00306976	0.00236914	2
-80.172	46.7763	-0.00310414	0.00241381	2
-79.217	47.0483	-0.00313775	0.00245805	2
-78.2643	47.3198	-0.00317056	0.00250183	2
-77.3142	47.5911	-0.00320256	0.00254512	2
-76.3673	47.8623	-0.00323372	0.00258788	2
-75.4239	48.1337	-0.00326402	0.0026301	2
-74.4845	48.4058	-0.00329343	0.00267173	2
-73.5496	48.6786	-0.00332192	0.00271275	2
-72.6196	48.9526	-0.00334949	0.00275313	2
-71.695	49.228	-0.00337609	0.00279284	2
-70.7761	49.505	-0.00340172	0.00283185	2
-69.8635	49.784	-0.00342634	0.00287012	2
-68.9576	50.0653	-0.00344993	0.00290763	2
-68.0589	50.349	-0.00347246	0.00294435	2
-67.1677	50.6356	-0.00349393	0.00298025	2
-66.2846	50.9252	-0.00351429	0.00301529	2
-65.4099	51.2182	-0.00353353	0.00304945	2
-64.5442	51.5149	-0.00355162	0.0030827	2
-63.6879	51.8154	-0.00356854	0.00311501	2
-62.8511	52.1166	-0.0035841	0.00314599	2
-62.0148	52.4258	-0.00359862	0.00317633	2
-61.1891	52.7398	-0.00361191	0.00320564	2
-60.3747	53.0587	-0.00362393	0.00323389	2

-75.0074	2.01319	4.71392e-07	-9.60014e-08	2
-75.6265	3.14362	3.9366e-05	-7.62965e-06	2
-76.2242	4.27859	7.54434e-05	-1.38156e-05	2
-76.7933	5.4049	0.000108292	-1.85849e-05	2
-77.3281	6.50972	0.00013765	-2.19337e-05	2
-77.8411	7.61875	0.000164259	-2.39667e-05	2
-78.3264	8.71907	0.000187819	-2.46643e-05	2
-78.7842	9.81067	0.000208392	-2.40536e-05	2
-79.2147	10.8935	0.000226036	-2.21617e-05	2
-79.6183	11.9676	0.000240814	-1.90158e-05	2
-79.9951	13.033	0.000252784	-1.46431e-05	2
-80.3455	14.0895	0.000262007	-9.0706e-06	2
-80.6698	15.1373	0.000268544	-2.32556e-06	2
-80.9681	16.1763	0.000272454	5.56488e-06	2
-81.2408	17.2064	0.000273798	1.45736e-05	2
-81.4881	18.2278	0.000272636	2.46734e-05	2
-81.7103	19.2402	0.000269029	3.58372e-05	2
-81.9077	20.2438	0.000263036	4.80378e-05	2
-82.0805	21.2386	0.000254719	6.12481e-05	2
-82.229	22.2244	0.000244136	7.54409e-05	2
-82.3534	23.2013	0.000231349	9.0589e-05	2
-82.4541	24.1693	0.000216418	0.000106665	2
-82.5313	25.1284	0.000199403	0.000123643	2
-82.5853	26.0786	0.000180364	0.000141494	2
-82.6163	27.0197	0.000159361	0.000160192	2
-82.6246	27.9519	0.000136455	0.00017971	2
-82.6108	28.8646	0.000112001	0.000199782	2
-82.5748	29.7789	8.54901e-05	0.000220849	2
-82.5168	30.6842	5.72558e-05	0.000242655	2
-82.4373	31.5805	2.73585e-05	0.000265171	2
-82.3364	32.4677	-4.14131e-06	0.000288372	2
-82.2144	33.3459	-3.71835e-05	0.00031223	2
-82.0715	34.215	-7.17077e-05	0.000336718	2
-81.9082	35.075	-0.000107654	0.000361808	2
-81.7245	35.9259	-0.000144961	0.000387475	2
-81.5208	36.7677	-0.00018357	0.000413689	2
-81.2973	37.6004	-0.00022342	0.000440425	2
-81.0544	38.4239	-0.000264451	0.000467655	2
-80.7922	39.2383	-0.000306602	0.000495352	2
-80.5111	40.0435	-0.000349813	0.000523489	2
-80.2113	40.8395	-0.000394025	0.000552038	2
-79.893	41.6264	-0.000439176	0.000580973	2
-79.5567	42.404	-0.000485206	0.000610266	2
-79.2024	43.1724	-0.000532056	0.000639891	2
-78.8305	43.9315	-0.000579664	0.00066982	2
-78.4413	44.6814	-0.000627972	0.000700025	2
-78.035	45.4221	-0.000676917	0.000730481	2
-77.6119	46.1534	-0.000726441	0.000761159	2
-77.1722	46.8755	-0.000776483	0.000792032	2
-76.7216	47.5801	-0.000826399	0.000822717	2
-76.2499	48.2836	-0.000877292	0.000853898	2
-75.7624	48.9778	-0.000928522	0.000885194	2
-75.2594	49.6626	-0.000980029	0.000916577	2
-74.7412	50.3381	-0.00103175	0.000948021	2
-74.2081	51.0042	-0.00108364	0.000979497	2
-73.6602	51.6609	-0.00113561	0.00101098	2
-73.098	52.3082	-0.00118763	0.00104244	2
-72.5217	52.9461	-0.00123962	0.00107385	2
-71.9314	53.5746	-0.00129153	0.00110519	2
-71.3276	54.1936	-0.00134329	0.00113642	2
-70.7104	54.8031	-0.00139485	0.00116752	2
-70.0802	55.4031	-0.00144614	0.00119847	2
-69.4371	55.9937	-0.00149711	0.00122923	2
-68.7816	56.5748	-0.00154769	0.00125978	2
-68.1137	57.1463	-0.00159783	0.00129009	2
-67.4339	57.7083	-0.00164746	0.00132014	2
-66.7423	58.2608	-0.00169653	0.00134989	2
-66.0392	58.8037	-0.00174497	0.00137933	2
-65.325	59.337	-0.00179272	0.00140841	2
-64.5998	59.8608	-0.00183972	0.00143712	2
-63.864	60.3749	-0.00188592	0.00146543	2
-63.1178	60.8795	-0.00193125	0.00149332	2
-62.3614	61.3743	-0.00197565	0.00152074	2
-61.6041	61.8541	-0.00201857	0.00154738	2
-60.8284	62.3298	-0.00206095	0.00157382	2
-60.0434	62.7958	-0.00210222	0.00159972	2
-59.2493	63.2522	-0.00214233	0.00162506	2
-58.4465	63.6988	-0.0021812	0.0016498	2
-57.6351	64.1357	-0.00221879	0.00167393	2
-56.8154	64.5629	-0.00225502	0.00169741	2
-55.9878	64.9804	-0.00228985	0.00172022	2
-55.1524	65.3881	-0.00232321	0.00174233	2
-54.3096	65.7861	-0.00235504	0.00176372	2
-53.4596	66.1742	-0.00238528	0.00178434	2
-52.6027	66.5526	-0.00241386	0.00180419	2
-51.7392	66.9211	-0.00244074	0.00182323	2
-50.8692	67.2798	-0.00246585	0.00184144	2
-49.9932	67.6287	-0.00248912	0.00185878	2
-49.1113	67.9677	-0.00251051	0.00187523	2
-48.2238	68.2969	-0.00252994	0.00189076	2
-47.331	68.6162	-0.00254736	0.00190535	2
-46.4331	68.9256	-0.00256271	0.00191897	2
-45.5305	69.225	-0.00257593	0.00193159	2
-44.6234	69.5146	-0.00258696	0.00194318	2
-43.712	69.7942	-0.00259573	0.00195373	2
-42.7966	70.0639	-0.00260219	0.00196319	2
-41.8881	70.3206	-0.00260624	0.00197145	2
-40.9657	70.5705	-0.00260792	0.00197869	2
-40.04	70.8103	-0.0026071	0.00198476	2
-39.1115	71.0401	-0.00260374	0.00198964	2

-25.0019	2.01015	4.73202e-07	5.2677e-08	2
-25.1714	2.88467	3.95938e-05	4.20857e-06	2
-25.3631	3.77299	7.60343e-05	7.67324e-06	2
-25.5743	4.66479	0.000109371	1.04143e-05	2
-25.8017	5.5496	0.000139324	1.24326e-05	2
-26.05	6.44785	0.000166638	1.37952e-05	2
-26.3159	7.34909	0.000190997	1.44949e-05	2
-26.5989	8.25316	0.000212451	1.4552e-05	2
-26.8984	9.1599	0.00023105	1.39869e-05	2
-27.2136	10.0692	0.000246844	1.28198e-05	2
-27.544	10.9807	0.000259881	1.10711e-05	2
-27.889	11.8945	0.000270214	8.76102e-06	2
-28.2479	12.8103	0.000277889	5.90994e-06	2
-28.62	13.7279	0.000282959	2.53817e-06	2
-29.0048	14.6472	0.000285472	-1.334e-06	2
-29.4017	15.5681	0.000285478	-5.68625e-06	2
-29.8099	16.4903	0.000283028	-1.04983e-05	2
-30.2289	17.4137	0.00027817	-1.57497e-05	2
-30.6581	18.3381	0.000270954	-2.14204e-05	2
-31.0968	19.2634	0.000261431	-2.74898e-05	2
-31.5443	20.1894	0.00024965	-3.39378e-05	2
-32.0001	21.116	0.00023566	-4.0744e-05	2
-32.4635	22.0429	0.000219512	-4.78881e-05	2
-32.934	22.9701	0.000201256	-5.53498e-05	2
-33.4108	23.8973	0.000180941	-6.31087e-05	2
-33.8933	24.8244	0.000158616	-7.11446e-05	2
-34.3753	25.7405	0.000134622	-7.93405e-05	2
-34.8674	26.6669	0.00010845	-8.78668e-05	2
-35.3633	27.5927	8.04183e-05	-9.66094e-05	2
-35.8624	28.5177	5.05755e-05	-0.000105548	2
-36.3642	29.4418	1.89718e-05	-0.000114662	2
-36.8679	30.3648	-1.4343e-05	-0.000123932	2
-37.373	31.2865	-4.9319e-05	-0.000133336	2
-37.8787	32.2068	-8.59067e-05	-0.000142855	2
-38.3846	33.1256	-0.000124056	-0.000152469	2
-38.8899	34.0426	-0.000163718	-0.000162157	2
-39.394	34.9576	-0.000204841	-0.000171898	2
-39.8964	35.8707	-0.000247377	-0.000181673	2
-40.3963	36.7814	-0.000291276	-0.000191461	2
-40.8931	37.6898	-0.000336488	-0.000201242	2
-41.3862	38.5956	-0.000382963	-0.000210995	2
-41.8751	39.4987	-0.000430652	-0.000220701	2
-42.3589	40.3989	-0.000479504	-0.000230338	2
-42.8372	41.296	-0.00052947	-0.000239888	2
-43.3093	42.19	-0.0005805	-0.000249328	2
-43.7746	43.0805	-0.000632544	-0.000258639	2
-44.2324	43.9675	-0.000685553	-0.000267801	2
-44.6821	44.8508	-0.000739477	-0.000276794	2
-45.123	45.7302	-0.000794266	-0.000285596	2
-45.5497	46.5956	-0.000849226	-0.000294091	2
-45.9715	47.4668	-0.000905588	-0.000302455	2
-46.3826	48.3337	-0.000962665	-0.000310569	2
-46.7825	49.196	-0.00102041	-0.000318411	2
-47.1706	50.0537	-0.00107877	-0.000325963	2
-47.5461	50.9065	-0.0011377	-0.000333202	2
-47.9086	51.7543	-0.00119714	-0.00034011	2
-48.2573	52.5969	-0.00125705	-0.000346666	2
-48.5916	53.4342	-0.00131739	-0.000352849	2
-48.9109	54.266	-0.00137808	-0.000358639	2
-49.2146	55.0921	-0.0014391	-0.000364016	2
-49.502	55.9123	-0.00150038	-0.00036896	2
-49.7725	56.7266	-0.00156189	-0.000373449	2
-50.0255	57.5347	-0.00162356	-0.000377465	2
-50.2603	58.3365	-0.00168535	-0.000380986	2
-50.4763	59.1318	-0.00174721	-0.000383993	2
-50.673	59.9205	-0.00180909	-0.000386464	2
-50.8496	60.7023	-0.00187094	-0.00038838	2
-51.0055	61.4772	-0.00193271	-0.000389721	2
-51.1402	62.2449	-0.00199435	-0.000390465	2
-51.2529	63.0053	-0.00205581	-0.000390594	2
-51.343	63.7582	-0.00211704	-0.000390085	2
-51.41	64.5036	-0.002178	-0.00038892	2
-51.4531	65.2411	-0.00223862	-0.000387078	2
-51.4718	65.9623	-0.00229818	-0.000384571	2
-51.4657	66.6838	-0.002358	-0.000381321	2
-51.4339	67.3971	-0.00241734	-0.000377334	2
-51.3758	68.1019	-0.00247616	-0.000372588	2
-51.2908	68.7981	-0.0025344	-0.000367064	2
-51.1782	69.4855	-0.00259201	-0.000360741	2
-51.0373	70.164	-0.00264895	-0.000353599	2
-50.8677	70.8333	-0.00270516	-0.000345617	2
-50.6685	71.4934	-0.00276059	-0.000336776	2
-50.4393	72.1441	-0.0028152	-0.000327054	2
-50.1793	72.7852	-0.00286893	-0.000316432	2
-49.888	73.4165	-0.00292174	-0.00030489	2
-49.5647	74.038	-0.00297357	-0.000292406	2
-49.2088	74.6493	-0.00302438	-0.000278961	2
-48.8196	75.2504	-0.00307411	-0.000264534	2
-48.3966	75.841	-0.00312272	-0.000249106	2
-47.939	76.4211	-0.00317015	-0.000232655	2
-47.4464	76.9905	-0.00321636	-0.000215161	2
-46.918	77.549	-0.0032613	-0.000196605	2
-46.3531	78.0963	-0.00330491	-0.000176965	2
-45.7513	78.6325	-0.00334715	-0.000156222	2
-45.1118	79.1573	-0.00338796	-0.000134355	2
-44.4341	79.6705	-0.00342731	-0.000111344	2
-43.7259	80.1663	-0.0034647	-8.74527e-05	2
-42.9702	80.6561	-0.00350097	-6.21061e-05	2
-42.1743	81.1338	-0.00353561	-3.55545e-05	2
-41.3376	81.5993	-0.00356858	-7.77786e-06	2

24.9993	2.01199	2.84949e-08	-1.2342e-07	2
24.9211	3.03567	2.64876e-06	-1.07877e-05	2
24.8129	4.05572	5.62581e-06	-2.16731e-05	2
24.6762	5.06044	8.90839e-06	-3.26508e-05	2
24.5137	6.03883	1.24313e-05	-4.35875e-05	2
24.3221	7.01394	1.62538e-05	-5.47321e-05	2
24.1039	7.97457	2.03139e-05	-6.59523e-05	2
23.8597	8.92104	2.45888e-05	-7.72425e-05	2
23.5902	9.85361	2.90558e-05	-8.85972e-05	2
23.2959	10.7726	3.36921e-05	-0.000100011	2
22.9777	11.6783	3.8475e-05	-0.000111478	2
22.636	12.5709	4.33817e-05	-0.000122993	2
22.2715	13.4508	4.83895e-05	-0.000134549	2
21.8849	14.3183	5.34756e-05	-0.000146143	2
21.4768	15.1736	5.86174e-05	-0.000157768	2
21.0479	16.0171	6.37919e-05	-0.000169418	2
20.5988	16.849	6.89766e-05	-0.000181088	2
20.1301	17.6695	7.41486e-05	-0.000192773	2
19.6425	18.4791	7.92853e-05	-0.000204466	2
19.1367	19.278	8.43638e-05	-0.000216163	2
18.6133	20.0665	8.93614e-05	-0.000227857	2
18.0728	20.8448	9.42554e-05	-0.000239544	2
17.5161	21.6133	9.9023e-05	-0.000251217	2
16.9436	22.3722	0.000103641	-0.000262871	2
16.3561	23.1219	0.000108088	-0.000274501	2
15.7542	23.8626	0.00011234	-0.0002861	2
15.1457	24.5862	0.00011633	-0.000297532	2
14.5171	25.3099	0.000120127	-0.000309055	2
13.876	26.0255	0.000123662	-0.000320531	2
13.2231	26.7332	0.000126912	-0.000331955	2
12.5589	27.4334	0.000129853	-0.000343321	2
11.8843	28.1264	0.000132464	-0.000354624	2
11.1997	28.8124	0.000134721	-0.000365858	2
10.5059	29.4918	0.000136601	-0.000377017	2
9.80341	30.1647	0.000138083	-0.000388096	2
9.09299	30.8316	0.000139143	-0.000399089	2
8.37525	31.4926	0.000139758	-0.000409991	2
7.65082	32.1482	0.000139906	-0.000420797	2
6.92035	32.7985	0.000139564	-0.0004315	2
6.18448	33.4439	0.000138709	-0.000442094	2
5.44386	34.0846	0.000137319	-0.000452576	2
4.69913	34.721	0.00013537	-0.000462938	2
3.95094	35.3533	0.000132841	-0.000473176	2
3.19992	35.9818	0.000129707	-0.000483283	2
2.44672	36.6068	0.000125947	-0.000493255	2
1.69199	37.2287	0.000121538	-0.000503086	2
0.936375	37.8476	0.000116457	-0.000512769	2
0.180508	38.4638	0.000110681	-0.0005223	2
-0.574962	39.0778	0.000104187	-0.000531673	2
-1.32073	39.6826	9.70411e-05	-0.000540778	2
-2.0735	40.2928	8.90532e-05	-0.00054982	2
-2.82394	40.9014	8.02799e-05	-0.000558688	2
-3.57143	41.5089	7.06983e-05	-0.000567375	2
-4.3153	42.1155	6.02858e-05	-0.000575877	2
-5.05493	42.7215	4.90196e-05	-0.000584187	2
-5.78966	43.3271	3.68769e-05	-0.0005923	2
-6.51884	43.9328	2.3835e-05	-0.000600211	2
-7.24185	44.5386	9.87112e-06	-0.000607914	2
-7.95803	45.1451	-5.03744e-06	-0.000615403	2
-8.66674	45.7523	-2.09134e-05	-0.000622673	2
-9.36734	46.3607	-3.77796e-05	-0.000629719	2
-10.0592	46.9705	-5.56588e-05	-0.000636534	2
-10.7416	47.582	-7.45736e-05	-0.000643113	2
-11.414	48.1955	-9.45468e-05	-0.000649451	2
-12.0757	48.8113	-0.000115601	-0.000655541	2
-12.7261	49.4296	-0.00013776	-0.00066138	2
-13.3645	50.0508	-0.000161045	-0.00066696	2
-13.9902	50.6751	-0.000185479	-0.000672276	2
-14.6028	51.3029	-0.000211086	-0.000677323	2
-15.2014	51.9344	-0.000237887	-0.000682096	2
-15.7854	52.5699	-0.000265906	-0.000686588	2
-16.3543	53.2097	-0.000295166	-0.000690794	2
-16.9073	53.8541	-0.000325688	-0.000694708	2
-17.4378	54.4959	-0.000357124	-0.000698286	2
-17.9574	55.1502	-0.000390226	-0.000701604	2
-18.4592	55.8101	-0.000424659	-0.000704615	2
-18.9427	56.4756	-0.000460446	-0.000707311	2
-19.407	57.1472	-0.00049761	-0.000709688	2
-19.8517	57.8251	-0.000536173	-0.000711741	2
-20.2761	58.5097	-0.000576158	-0.000713463	2
-20.6795	59.2011	-0.000617587	-0.000714849	2
-21.0612	59.8997	-0.000660485	-0.000715894	2
-21.4207	60.6058	-0.000704873	-0.000716591	2
-21.7573	61.3196	-0.000750774	-0.000716936	2
-22.0703	62.0415	-0.00079821	-0.000716923	2
-22.3592	62.7717	-0.000847206	-0.000716546	2
-22.6231	63.5106	-0.000897782	-0.000715799	2
-22.8616	64.2583	-0.000949963	-0.000714678	2
-23.074	65.0153	-0.00100377	-0.000713176	2
-23.2596	65.7818	-0.00105923	-0.000711289	2
-23.4177	66.5581	-0.00111636	-0.000709009	2
-23.5478	67.3444	-0.00117518	-0.000706333	2
-23.6493	68.1411	-0.00123572	-0.000703253	2
-23.7213	68.9484	-0.00129801	-0.000699766	2
-23.7634	69.7667	-0.00136205	-0.000695864	2
-23.7748	70.5962	-0.00142788	-0.000691543	2
-23.7553	71.4275	-0.00149474	-0.000686855	2
-23.7039	72.2802	-0.00156419	-0.000681683	2
-23.62	73.145	-0.00163549	-0.000676076	2
-23.5028	74.0222	-0.00170868	-0.000670027	2

74.9971	2.01371	5.9642e-07	-1.99774e-07	2
74.7364	3.18201	5.16489e-05	-1.64361e-05	2
74.45	4.34224	0.000102814	-3.09828e-05	2
74.1414	5.48104	0.000153496	-4.36718e-05	2
73.8148	6.58606	0.000203122	-5.44204e-05	2
73.463	7.68334	0.000252848	-6.35098e-05	2
73.09	8.76029	0.000302095	-7.08365e-05	2
72.6963	9.81727	0.000350865	-7.64323e-05	2
72.2823	10.8546	0.000399159	-8.03288e-05	2
71.8483	11.8728	0.000446978	-8.25579e-05	2
71.3947	12.872	0.000494324	-8.31512e-05	2
70.922	13.8527	0.000541198	-8.21407e-05	2
70.4305	14.8153	0.000587601	-7.95579e-05	2
69.9205	15.76	0.000633534	-7.54347e-05	2
69.3926	16.6874	0.000679	-6.98029e-05	2
68.847	17.5977	0.000723999	-6.26942e-05	2
68.2842	18.4912	0.000768532	-5.41403e-05	2
67.7046	19.3685	0.000812602	-4.41731e-05	2
67.1086	20.2297	0.000856208	-3.28242e-05	2
66.4964	21.0754	0.000899354	-2.01254e-05	2
65.8687	21.9058	0.000942039	-6.10861e-06	2
65.2256	22.7213	0.000984266	9.19457e-06	2
64.5677	23.5223	0.00102604	2.57523e-05	2
63.8952	24.3091	0.00106735	4.35329e-05	2
63.2087	25.0821	0.00110821	6.25046e-05	2
62.5085	25.8417	0.00114861	8.26355e-05	2
61.8032	26.5797	0.00118811	0.000103643	2
61.0768	27.3137	0.00122762	0.000125985	2
60.3379	28.0353	0.00126668	0.000149391	2
59.5869	28.745	0.00130529	0.00017383	2
58.8241	29.443	0.00134345	0.00019927	2
58.0499	30.1298	0.00138117	0.000225679	2
57.2648	30.8056	0.00141845	0.000253025	2
56.469	31.471	0.00145528	0.000281277	2
55.6631	32.1261	0.00149167	0.000310403	2
54.8473	32.7715	0.00152762	0.00034037	2
54.0221	33.4074	0.00156313	0.000371148	2
53.1879	34.0343	0.00159821	0.000402705	2
52.3451	34.6524	0.00163285	0.000435008	2
51.494	35.2622	0.00166705	0.000468027	2
50.6351	35.864	0.00170082	0.000501728	2
49.7687	36.4582	0.00173416	0.000536082	2
48.8952	37.0452	0.00176707	0.000571054	2
48.015	37.6252	0.00179955	0.000606615	2
47.1285	38.1987	0.0018316	0.000642733	2
46.2362	38.766	0.00186323	0.000679374	2
45.3383	39.3275	0.00189443	0.000716509	2
44.4353	39.8836	0.0019252	0.000754104	2
43.5276	40.4346	0.00195556	0.000792128	2
42.626	40.9746	0.00198515	0.000830107	2
41.71	41.5166	0.00201467	0.00086889	2
40.7905	42.0546	0.00204377	0.000908008	2
39.8678	42.589	0.00207245	0.000947428	2
38.9423	43.12	0.00210071	0.00098712	2
38.0144	43.6482	0.00212856	0.00102705	2
37.0845	44.1739	0.002156	0.00106719	2
36.153	44.6973	0.00218303	0.0011075	2
35.2203	45.219	0.00220964	0.00114796	2
34.2867	45.7392	0.00223585	0.00118853	2
33.3527	46.2583	0.00226165	0.00122917	2
32.4187	46.7767	0.00228704	0.00126987	2
31.485	47.2947	0.00231203	0.00131059	2
30.552	47.8128	0.00233661	0.00135128	2
29.6202	48.3312	0.00236079	0.00139194	2
28.6899	48.8503	0.00238457	0.00143251	2
27.7615	49.3706	0.00240795	0.00147297	2
26.8353	49.8922	0.00243093	0.00151329	2
25.9119	50.4158	0.00245352	0.00155344	2
24.9915	50.9414	0.00247571	0.00159338	2
24.0746	51.4697	0.0024975	0.00163309	2
23.1616	52.0008	0.0025189	0.00167252	2
22.2528	52.5352	0.00253991	0.00171165	2
21.3487	53.0733	0.00256053	0.00175046	2
20.4598	53.6091	0.00258053	0.00178845	2
19.5661	54.1555	0.00260038	0.0018265	2
18.6781	54.7066	0.00261984	0.00186412	2
17.7963	55.2628	0.00263891	0.00190127	2
16.9212	55.8244	0.0026576	0.00193794	2
16.053	56.3918	0.00267591	0.00197409	2
15.1921	56.9655	0.00269384	0.00200968	2
14.3391	57.5456	0.00271139	0.00204468	2
13.4942	58.1327	0.00272856	0.00207907	2
12.6578	58.727	0.00274535	0.0021128	2
11.8303	59.329	0.00276177	0.00214585	2
11.0122	59.9389	0.00277781	0.00217819	2
10.2038	60.5572	0.00279348	0.00220979	2
9.40548	61.1843	0.00280878	0.00224061	2
8.61766	61.8204	0.0028237	0.00227062	2
7.84072	62.4659	0.00283826	0.00229979	2
7.07507	63.1213	0.00285245	0.00232808	2
6.32107	63.7868	0.00286628	0.00235548	2
5.57913	64.4629	0.00287974	0.00238193	2
4.84964	65.1499	0.00289283	0.00240742	2
4.13299	65.8481	0.00290556	0.00243191	2
3.42956	66.558	0.00291794	0.00245537	2
2.73976	67.2799	0.00292995	0.00247777	2
2.07165	68.0056	0.00294147	0.00249883	2
1.41008	68.7524	0.00295277	0.00251902	2
0.763299	69.5122	0.00296372	0.00253805	2
0.131695	70.2855	0.00297431	0.00255589	2

124.996	2.01262	5.67324e-07	1.57954e-07	2
124.647	3.09582	4.9257e-05	1.32705e-05	2
124.31	4.18806	9.83146e-05	2.55918e-05	2
123.99	5.27674	0.000147178	3.69715e-05	2
123.69	6.34944	0.000195294	4.73023e-05	2
123.403	7.43116	0.000243786	5.68318e-05	2
123.131	8.50942	0.0002921	6.5442e-05	2
122.875	9.58426	0.00034024	7.31404e-05	2
122.635	10.6557	0.000388211	7.99345e-05	2
122.41	11.7238	0.000436018	8.58318e-05	2
122.2	12.7886	0.000483667	9.08397e-05	2
122.005	13.8501	0.000531163	9.49658e-05	2
121.826	14.9084	0.000578511	9.82174e-05	2
121.661	15.9634	0.000625715	0.000100602	2
121.51	17.0153	0.000672782	0.000102127	2
121.374	18.064	0.000719716	0.000102801	2
121.252	19.1096	0.000766522	0.00010263	2
121.144	20.1521	0.000813205	0.000101622	2
121.049	21.1916	0.000859771	9.9784e-05	2
120.969	22.2281	0.000906225	9.71244e-05	2
120.902	23.2616	0.000952571	9.36502e-05	2
120.848	24.2921	0.000998816	8.9369e-05	2
120.807	25.3198	0.00104496	8.42882e-05	2
120.779	26.3445	0.00109102	7.84153e-05	2
120.764	27.3665	0.00113699	7.17578e-05	2
120.761	28.3856	0.00118287	6.43231e-05	2
120.771	29.3903	0.00122816	5.62174e-05	2
120.792	30.4039	0.0012739	4.72597e-05	2
120.826	31.4149	0.00131957	3.75471e-05	2
120.872	32.4231	0.00136518	2.70873e-05	2
120.929	33.4288	0.00141074	1.58876e-05	2
120.998	34.4318	0.00145625	3.95565e-06	2
121.078	35.4323	0.00150171	-8.70119e-06	2
121.169	36.4302	0.00154713	-2.20754e-05	2
121.271	37.4256	0.00159251	-3.61595e-05	2
121.383	38.4186	0.00163786	-5.0946e-05	2
121.507	39.4091	0.00168319	-6.64274e-05	2
121.641	40.3973	0.0017285	-8.25963e-05	2
121.784	41.383	0.00177379	-9.94452e-05	2
121.938	42.3665	0.00181907	-0.000116966	2
122.102	43.3476	0.00186435	-0.000135153	2
122.276	44.3265	0.00190962	-0.000153997	2
122.459	45.3031	0.00195491	-0.000173491	2
122.651	46.2776	0.0020002	-0.000193627	2
122.852	47.2499	0.00204551	-0.000214399	2
123.063	48.2201	0.00209084	-0.000235798	2
123.282	49.1882	0.00213619	-0.000257817	2
123.51	50.1542	0.00218158	-0.000280449	2
123.746	51.1182	0.002227	-0.000303686	2
123.987	52.0692	0.00227194	-0.000327243	2
124.24	53.0293	0.00231745	-0.000351661	2
124.5	53.9874	0.00236301	-0.000376662	2
124.768	54.9437	0.00240863	-0.000402239	2
125.043	55.8981	0.00245431	-0.000428383	2
125.326	56.8507	0.00250006	-0.000455087	2
125.616	57.8015	0.00254587	-0.000482344	2
125.913	58.7506	0.00259177	-0.000510147	2
126.217	59.6979	0.00263774	-0.000538488	2
126.527	60.6436	0.00268381	-0.000567359	2
126.844	61.5876	0.00272996	-0.000596753	2
127.167	62.53	0.00277622	-0.000626662	2
127.496	63.4708	0.00282257	-0.000657079	2
127.831	64.4101	0.00286904	-0.000687997	2
128.172	65.3479	0.00291562	-0.000719408	2
128.518	66.2842	0.00296231	-0.000751305	2
128.87	67.219	0.00300913	-0.000783679	2
129.227	68.1524	0.00305607	-0.000816524	2
129.588	69.0845	0.00310315	-0.000849833	2
129.955	70.0152	0.00315037	-0.000883596	2
130.326	70.9446	0.00319773	-0.000917808	2
130.702	71.8727	0.00324524	-0.000952461	2
131.082	72.7996	0.00329291	-0.000987547	2
131.466	73.7252	0.00334073	-0.00102306	2
131.85	74.6391	0.00338816	-0.00105857	2
132.242	75.5625	0.00343632	-0.00109491	2
132.637	76.4848	0.00348464	-0.00113165	2
133.036	77.4059	0.00353315	-0.00116878	2
133.438	78.3261	0.00358184	-0.00120631	2
133.843	79.2453	0.00363072	-0.00124421	2
134.251	80.1635	0.0036798	-0.00128249	2
134.661	81.0807	0.00372908	-0.00132113	2
135.074	81.9971	0.00377856	-0.00136013	2
135.489	82.9126	0.00382825	-0.00139949	2
135.907	83.8272	0.00387815	-0.00143918	2
136.326	84.7411	0.00392828	-0.00147921	2
136.747	85.6542	0.00397863	-0.00151957	2
137.17	86.5665	0.00402921	-0.00156026	2
137.594	87.4782	0.00408003	-0.00160125	2
138.02	88.3892	0.00413109	-0.00164255	2
138.446	89.2996	0.00418239	-0.00168415	2
138.873	90.2094	0.00423395	-0.00172604	2
139.301	91.1186	0.00428576	-0.00176822	2
139.73	92.0273	0.00433783	-0.00181067	2
140.159	92.9355	0.00439017	-0.00185339	2
140.588	93.8432	0.00444278	-0.00189637	2
141.017	94.7506	0.00449567	-0.00193961	2
141.44	95.6471	0.00454823	-0.00198259	2
141.869	96.5536	0.00460168	-0.0020263	2
142.297	97.4599	0.00465543	-0.00207025	2
142.724	98.3659	0.00470947	-0.00211442	2

