-125.004	2.01147	5.25815e-07	-4.42684e-07	2
-125.354	2.99925	4.39315e-05	-3.74246e-05	2
-125.7	4.00121	8.42371e-05	-7.26715e-05	2
-126.037	5.00568	0.000120985	-0.000105779	2
-126.362	6.00084	0.000153881	-0.00013644	2
-126.682	7.00962	0.000183758	-0.000165407	2
-126.994	8.02024	0.000210281	-0.000192348	2
-127.297	9.03248	0.00023352	-0.000217302	2
-127.59	10.0461	0.000253541	-0.000240308	2
-127.875	11.0609	0.000270414	-0.000261402	2
-128.151	12.0767	0.000284207	-0.000280624	2
-128.417	13.0932	0.000294988	-0.000298012	2
-128.674	14.1102	0.000302826	-0.000313604	2
-128.921	15.1275	0.000307788	-0.000327438	2
-129.159	16.1449	0.000309944	-0.000339552	2
-129.387	17.1621	0.000309361	-0.000349985	2
-129.605	18.1789	0.000306107	-0.000358774	2
-129.813	19.1952	0.000300252	-0.000365959	2
-130.011	20.2106	0.000291863	-0.000371577	2
-130.199	21.225	0.000281009	-0.000375666	2
-130.377	22.2382	0.000267758	-0.000378265	2
-130.544	23.2498	0.000252178	-0.000379411	2
-130.701	24.2598	0.000234338	-0.000379144	2
-130.847	25.2679	0.000214306	-0.000377501	2
-130.983	26.2738	0.00019215	-0.00037452	2
-131.108	27.2774	0.000167938	-0.00037024	2
-131.22	28.2668	0.000142052	-0.00036477	2
-131.323	29.265	0.000113956	-0.000358019	2
-131.415	30.2602	8.40096e-05	-0.000350084	2
-131.496	31.2522	5.22797e-05	-0.000341002	2
-131.565	32.2407	1.88353e-05	-0.00033081	2
-131.623	33.2254	-1.62555e-05	-0.000319549	2
-131.669	34.2063	-5.29242e-05	-0.000307255	2
-131.703	35.1831	-9.11027e-05	-0.000293967	2
-131.726	36.1555	-0.000130722	-0.000279723	2
-131.737	37.1234	-0.000171715	-0.000264561	2
-131.735	38.0864	-0.000214013	-0.00024852	2
-131.722	39.0445	-0.000257547	-0.000231637	2
-131.696	39.9973	-0.000302249	-0.000213952	2
-131.659	40.9446	-0.000348051	-0.000195502	2
-131.608	41.8863	-0.000394885	-0.000176325	2
-131.545	42.8221	-0.000442681	-0.000156459	2
-131.47	43.7518	-0.000491373	-0.000135943	2
-131.381	44.6751	-0.00054089	-0.000114816	2
-131.28	45.5919	-0.000591167	-9.3114e-05	2
-131.166	46.5019	-0.000642133	-7.08768e-05	2
-131.038	47.4049	-0.00069372	-4.81422e-05	2
-130.898	48.3007	-0.000745861	-2.49484e-05	2
-130.744	49.189	-0.000798487	-1.33362e-06	2
-130.579	50.0596	-0.000850918	2.23861e-05	2
-130.398	50.9325	-0.000904305	4.67244e-05	2
-130.203	51.7973	-0.000957973	7.13696e-05	2
-129.995	52.6538	-0.00101185	9.62834e-05	2
-129.773	53.5017	-0.00106588	0.000121428	2
-129.537	54.3408	-0.00111998	0.000146764	2
-129.287	55.171	-0.00117409	0.000172254	2
-129.023	55.992	-0.00122813	0.00019786	2
-128.745	56.8035	-0.00128205	0.000223544	2
-128.452	57.6054	-0.00133577	0.000249267	2
-128.144	58.3974	-0.00138923	0.000274991	2
-127.822	59.1793	-0.00144235	0.000300678	2
-127.485	59.9509	-0.00149507	0.000326289	2
-127.134	60.712	-0.00154732	0.000351788	2
-126.767	61.4623	-0.00159903	0.000377134	2
-126.385	62.2016	-0.00165013	0.000402291	2
-125.988	62.9298	-0.00170055	0.000427219	2
-125.576	63.6465	-0.00175024	0.000451881	2
-125.149	64.3516	-0.00179911	0.000476239	2
-124.705	65.0448	-0.0018471	0.000500254	2
-124.247	65.7259	-0.00189414	0.000523888	2
-123.772	66.3948	-0.00194016	0.000547102	2
-123.282	67.0511	-0.0019851	0.00056986	2
-122.776	67.6947	-0.00202888	0.000592121	2
-122.26	68.3181	-0.00207096	0.000613603	2
-121.722	68.9357	-0.00211225	0.000634766	2
-121.167	69.5399	-0.00215218	0.000655319	2
-120.596	70.1304	-0.00219068	0.000675224	2
-120.009	70.7071	-0.00222769	0.000694442	2
-119.405	71.2697	-0.00226313	0.000712937	2
-118.784	71.8181	-0.00229695	0.000730669	2
-118.147	72.3519	-0.00232906	0.0007476	2
-117.492	72.871	-0.00235941	0.000763692	2
-116.821	73.3752	-0.00238792	0.000778906	2
-116.132	73.8642	-0.00241453	0.000793206	2
-115.427	74.3378	-0.00243916	0.000806551	2
-114.704	74.7957	-0.00246175	0.000818905	2
-113.963	75.2379	-0.00248223	0.000830229	2
-113.205	75.6639	-0.00250054	0.000840484	2
-112.429	76.0737	-0.0025166	0.000849633	2
-111.635	76.467	-0.00253034	0.000857638	2
-110.824	76.8436	-0.0025417	0.000864459	2
-109.994	77.2033	-0.00255061	0.000870059	2
-109.146	77.5458	-0.002557	0.0008744	2
-108.28	77.8709	-0.00256081	0.000877444	2
-107.396	78.1783	-0.00256195	0.000879152	2
-106.493	78.468	-0.00256038	0.000879485	2
-105.583	78.7366	-0.00255607	0.000878428	2
-104.643	78.9902	-0.00254888	0.000875916	2
-103.684	79.2253	-0.00253875	0.000871916	2
-102.707	79.4416	-0.00252563	0.000866389	2

-74.9994	2.01039	2.6067e-07	9.52507e-08	2
-74.9681	2.90401	2.19354e-05	7.72144e-06	2
-74.9703	3.8075	4.23817e-05	1.43151e-05	2
-75.0057	4.71043	6.13599e-05	1.98052e-05	2
-75.0724	5.60235	7.86977e-05	2.41714e-05	2
-75.1714	6.50396	9.4819e-05	2.75393e-05	2
-75.301	7.4048	0.000109535	2.98762e-05	2
-75.4605	8.30481	0.000122866	3.12065e-05	2
-75.649	9.20394	0.000134834	3.15543e-05	2
-75.8656	10.1021	0.00014546	3.0944e-05	2
-76.1096	10.9993	0.000154764	2.93999e-05	2
-76.3801	11.8954	0.000162768	2.69462e-05	2
-76.6763	12.7903	0.000169492	2.36073e-05	2
-76.9972	13.684	0.000174958	1.94073e-05	2
-77.3422	14.5765	0.000179186	1.43706e-05	2
-77.7102	15.4676	0.000182198	8.52145e-06	2
-78.1005	16.3574	0.000184014	1.88415e-06	2
-78.5123	17.2456	0.000184655	-5.51704e-06	2
-78.9447	18.1324	0.000184143	-1.36578e-05	2
-79.3968	19.0175	0.000182499	-2.2514e-05	2
-79.8679	19.9011	0.000179742	-3.20611e-05	2
-80.357	20.7829	0.000175895	-4.22751e-05	2
-80.8634	21.6629	0.000170979	-5.31315e-05	2
-81.3862	22.5411	0.000165014	-6.46061e-05	2
-81.9245	23.4173	0.000158021	-7.66747e-05	2
-82.4776	24.2916	0.000150021	-8.93129e-05	2
-83.0379	25.1539	0.000141144	-0.000102342	2
-83.6177	26.0241	0.000131205	-0.000116041	2
-84.2097	26.8921	0.000120322	-0.000130237	2
-84.813	27.758	0.000108516	-0.000144905	2
-85.4269	28.6215	9.58075e-05	-0.000160022	2
-86.0505	29.4827	8.22183e-05	-0.000175564	2
-86.6828	30.3415	6.77689e-05	-0.000191505	2
-87.3232	31.1978	5.24805e-05	-0.000207823	2
-87.9707	32.0515	3.63739e-05	-0.000224491	2
-88.6246	32.9027	1.94703e-05	-0.000241487	2
-89.2839	33.7512	1.79047e-06	-0.000258785	2
-89.9478	34.5969	-1.66445e-05	-0.000276362	2
-90.6155	35.4399	-3.58136e-05	-0.000294194	2
-91.2862	36.28	-5.56959e-05	-0.000312255	2
-91.959	37.1172	-7.62705e-05	-0.000330522	2
-92.633	37.9514	-9.75162e-05	-0.000348971	2
-93.3074	38.7826	-0.000119412	-0.000367576	2
-93.9815	39.6106	-0.000141937	-0.000386315	2
-94.6542	40.4355	-0.000165071	-0.000405162	2
-95.3249	41.2571	-0.000188792	-0.000424094	2
-95.9926	42.0754	-0.000213079	-0.000443085	2
-96.6565	42.8904	-0.000237911	-0.000462113	2
-97.3158	43.7019	-0.000263268	-0.000481152	2
-97.9622	44.5007	-0.000288828	-0.000499959	2
-98.6098	45.3052	-0.000315165	-0.000518949	2
-99.2502	46.1062	-0.000341964	-0.000537877	2
-99.8827	46.9034	-0.000369204	-0.00055672	2
-100.506	47.6969	-0.000396863	-0.000575454	2
-101.12	48.4865	-0.00042492	-0.000594053	2
-101.724	49.2723	-0.000453356	-0.000612495	2
-102.316	50.0542	-0.000482148	-0.000630754	2
-102.896	50.8321	-0.000511276	-0.000648806	2
-103.463	51.6058	-0.000540719	-0.000666627	2
-104.016	52.3755	-0.000570455	-0.000684193	2
-104.554	53.141	-0.000600464	-0.000701479	2
-105.077	53.9022	-0.000630725	-0.000718462	2
-105.583	54.6591	-0.000661217	-0.000735116	2
-106.072	55.4117	-0.000691919	-0.000751418	2
-106.543	56.1597	-0.000722809	-0.000767343	2
-106.996	56.9033	-0.000753868	-0.000782867	2
-107.428	57.6423	-0.000785073	-0.000797966	2
-107.84	58.3767	-0.000816405	-0.000812615	2
-108.23	59.1063	-0.000847841	-0.000826791	2
-108.598	59.8312	-0.000879361	-0.000840468	2
-108.943	60.5513	-0.000910944	-0.000853623	2
-109.264	61.2665	-0.000942569	-0.000866232	2
-109.56	61.9767	-0.000974215	-0.000878269	2
-109.828	62.6739	-0.0010055	-0.000889583	2
-110.072	63.3741	-0.00103712	-0.000900413	2
-110.289	64.0691	-0.00106871	-0.0009106	2
-110.478	64.7589	-0.00110023	-0.000920118	2
-110.637	65.4435	-0.00113167	-0.000928945	2
-110.767	66.1228	-0.001163	-0.000937055	2
-110.867	66.7966	-0.0011942	-0.000944425	2
-110.934	67.465	-0.00122527	-0.000951029	2
-110.97	68.1278	-0.00125616	-0.000956845	2
-110.972	68.7851	-0.00128686	-0.000961847	2
-110.94	69.4367	-0.00131736	-0.000966011	2
-110.873	70.0826	-0.00134762	-0.000969314	2
-110.771	70.7228	-0.00137763	-0.00097173	2
-110.632	71.357	-0.00140737	-0.000973235	2
-110.455	71.9854	-0.00143682	-0.000973806	2
-110.24	72.6078	-0.00146595	-0.000973417	2
-109.986	73.2242	-0.00149475	-0.000972045	2
-109.693	73.8345	-0.00152319	-0.000969665	2
-109.358	74.4386	-0.00155125	-0.000966254	2
-108.982	75.0365	-0.00157892	-0.000961786	2
-108.563	75.6281	-0.00160616	-0.000956237	2
-108.101	76.2133	-0.00163297	-0.000949584	2
-107.595	76.7922	-0.00165931	-0.000941801	2
-107.05	77.358	-0.00168487	-0.000932975	2
-106.454	77.9239	-0.00171024	-0.000922875	2
-105.81	78.4832	-0.00173508	-0.000911574	2
-105.12	79.0358	-0.00175937	-0.000899046	2

-25.0011	2.01127	-3.09243e-07	-1.2703e-08	2
-25.1107	2.97248	-2.64413e-05	-1.33718e-06	2
-25.2481	3.92924	-5.19631e-05	-3.14211e-06	2
-25.4117	4.87055	-7.65909e-05	-5.41222e-06	2
-25.5985	5.78615	-0.000100082	-8.11091e-06	2
-25.8124	6.6976	-0.000123008	-1.12984e-05	2
-26.0509	7.59445	-0.000145117	-1.49434e-05	2
-26.3135	8.47699	-0.000166434	-1.90434e-05	2
-26.5995	9.34549	-0.000186984	-2.35958e-05	2
-26.9086	10.2002	-0.000206794	-2.85981e-05	2
-27.2401	11.0415	-0.000225889	-3.40476e-05	2
-27.5936	11.8696	-0.000244294	-3.99418e-05	2
-27.9684	12.6848	-0.000262034	-4.62782e-05	2
-28.3642	13.4874	-0.000279137	-5.30542e-05	2
-28.7803	14.2776	-0.000295626	-6.02672e-05	2
-29.2163	15.0558	-0.000311528	-6.79147e-05	2
-29.6716	15.8222	-0.000326869	-7.5994e-05	2
-30.1457	16.5771	-0.000341673	-8.45028e-05	2
-30.638	17.3208	-0.000355967	-9.34383e-05	2
-31.1481	18.0535	-0.000369776	-0.000102798	2
-31.6754	18.7756	-0.000383125	-0.000112579	2
-32.2194	19.4874	-0.000396041	-0.00012278	2
-32.7796	20.189	-0.000408548	-0.000133397	2
-33.3554	20.8809	-0.000420673	-0.000144428	2
-33.9464	21.5632	-0.00043244	-0.00015587	2
-34.5519	22.2363	-0.000443876	-0.000167722	2
-35.1643	22.8929	-0.00045488	-0.000179836	2
-35.7973	23.5485	-0.000465732	-0.000192493	2
-36.4433	24.1957	-0.00047633	-0.000205551	2
-37.1018	24.8348	-0.000486698	-0.000219007	2
-37.7723	25.466	-0.000496862	-0.00023286	2
-38.4542	26.0897	-0.000506848	-0.000247106	2
-39.1471	26.7061	-0.000516681	-0.000261743	2
-39.8503	27.3156	-0.000526387	-0.000276768	2
-40.5635	27.9183	-0.000535991	-0.00029218	2
-41.286	28.5147	-0.000545519	-0.000307974	2
-42.0173	29.1049	-0.000554997	-0.000324149	2
-42.7569	29.6892	-0.00056445	-0.000340703	2
-43.5043	30.268	-0.000573903	-0.000357632	2
-44.2589	30.8415	-0.000583383	-0.000374934	2
-45.0203	31.41	-0.000592914	-0.000392606	2
-45.7879	31.9737	-0.000602523	-0.000410646	2
-46.5611	32.533	-0.000612235	-0.000429052	2
-47.3396	33.0882	-0.000622076	-0.000447821	2
-48.1226	33.6395	-0.000632071	-0.000466949	2
-48.9097	34.1872	-0.000642245	-0.000486435	2
-49.7004	34.7315	-0.000652625	-0.000506277	2
-50.4942	35.2729	-0.000663235	-0.000526471	2
-51.2905	35.8114	-0.000674102	-0.000547015	2
-52.0796	36.3414	-0.000685122	-0.000567664	2
-52.8794	36.8754	-0.000696575	-0.000588896	2
-53.6801	37.4074	-0.000708361	-0.000610471	2
-54.4812	37.9378	-0.000720505	-0.000632385	2
-55.2823	38.4669	-0.000733034	-0.000654636	2
-56.0828	38.995	-0.000745972	-0.000677222	2
-56.8821	39.5222	-0.000759345	-0.00070014	2
-57.6797	40.049	-0.000773179	-0.000723388	2
-58.4752	40.5755	-0.0007875	-0.000746963	2
-59.2679	41.1021	-0.000802332	-0.000770861	2
-60.0574	41.6291	-0.000817702	-0.000795082	2
-60.8432	42.1567	-0.000833635	-0.000819622	2
-61.6246	42.6852	-0.000850157	-0.000844479	2
-62.4013	43.2149	-0.000867293	-0.00086965	2
-63.1726	43.7461	-0.000885069	-0.000895132	2
-63.938	44.279	-0.00090351	-0.000920923	2
-64.6971	44.814	-0.000922642	-0.000947021	2
-65.4492	45.3514	-0.000942491	-0.000973423	2
-66.1939	45.8913	-0.000963082	-0.00100013	2
-66.9306	46.4341	-0.000984441	-0.00102713	2
-67.6589	46.9801	-0.00100659	-0.00105443	2
-68.3781	47.5296	-0.00102956	-0.00108202	2
-69.0878	48.0828	-0.00105338	-0.0011099	2
-69.7874	48.64	-0.00107806	-0.00113807	2
-70.4686	49.195	-0.00110335	-0.0011662	2
-71.1467	49.761	-0.00112984	-0.00119494	2
-71.8131	50.3319	-0.00115728	-0.00122396	2
-72.4674	50.908	-0.00118568	-0.00125325	2
-73.109	51.4895	-0.00121509	-0.00128282	2
-73.7374	52.0767	-0.00124552	-0.00131267	2
-74.3521	52.6698	-0.001277	-0.00134279	2
-74.9525	53.2693	-0.00130956	-0.00137317	2
-75.5381	53.8753	-0.00134321	-0.00140382	2
-76.1085	54.4882	-0.00137799	-0.00143473	2
-76.663	55.1081	-0.00141392	-0.0014659	2
-77.2011	55.7355	-0.00145103	-0.00149734	2
-77.7224	56.3706	-0.00148934	-0.00152902	2
-78.2263	57.0136	-0.00152887	-0.00156096	2
-78.7122	57.6649	-0.00156966	-0.00159315	2
-79.1797	58.3247	-0.00161173	-0.00162558	2
-79.6282	58.9933	-0.00165511	-0.00165827	2
-80.0572	59.671	-0.00169981	-0.00169119	2
-80.4661	60.3581	-0.00174587	-0.00172435	2
-80.8546	61.0549	-0.00179331	-0.00175775	2
-81.2219	61.7616	-0.00184216	-0.00179139	2
-81.5677	62.4785	-0.00189244	-0.00182526	2
-81.8913	63.2059	-0.00194418	-0.00185936	2
-82.1889	63.9356	-0.00199678	-0.00189328	2
-82.467	64.6848	-0.0020515	-0.00192783	2
-82.7213	65.4453	-0.00210774	-0.0019626	2
-82.9514	66.2174	-0.00216555	-0.00199759	2

24.9994	2.01156	1.06272e-08	-4.30893e-07	2
24.9413	3.00174	2.45946e-06	-3.61467e-05	2
24.8655	3.99575	7.99241e-06	-6.96111e-05	2
24.7728	4.98215	1.65506e-05	-0.00010044	2
24.6649	5.94985	2.79364e-05	-0.000128368	2
24.5396	6.92147	4.23669e-05	-0.000154093	2
24.3983	7.88585	5.96783e-05	-0.00017732	2
24.2412	8.8431	7.98226e-05	-0.000198095	2
24.0687	9.79334	0.000102751	-0.000216467	2
23.8811	10.7367	0.000128416	-0.000232479	2
23.6785	11.6733	0.000156769	-0.00024618	2
23.4614	12.6033	0.000187762	-0.000257615	2
23.23	13.5267	0.000221346	-0.000266831	2
22.9845	14.4438	0.000257473	-0.000273873	2
22.7253	15.3545	0.000296095	-0.000278789	2
22.4527	16.2591	0.000337164	-0.000281625	2
22.1668	17.1577	0.000380631	-0.000282427	2
21.8681	18.0504	0.000426448	-0.000281242	2
21.5567	18.9373	0.000474568	-0.000278115	2
21.233	19.8185	0.000524941	-0.000273093	2
20.8973	20.6942	0.000577519	-0.000266223	2
20.5498	21.5644	0.000632254	-0.000257551	2
20.1908	22.4294	0.000689098	-0.000247123	2
19.8206	23.2891	0.000748003	-0.000234986	2
19.4394	24.1439	0.00080892	-0.000221186	2
19.0477	24.9936	0.000871801	-0.000205769	2
18.6502	25.8289	0.000935843	-0.000188985	2
18.2382	26.6692	0.00100249	-0.000170491	2
17.8163	27.5049	0.00107095	-0.000150519	2
17.3849	28.3362	0.00114118	-0.000129115	2
16.9443	29.1632	0.00121314	-0.000106326	2
16.4947	29.9859	0.00128678	-8.2197e-05	2
16.0365	30.8045	0.00136204	-5.67758e-05	2
15.5699	31.6192	0.00143887	-3.01082e-05	2
15.0952	32.4301	0.00151724	-2.24067e-06	2
14.6127	33.2372	0.00159709	2.67805e-05	2
14.1226	34.0407	0.00167838	5.6909e-05	2
13.6253	34.8407	0.00176105	8.80985e-05	2
13.121	35.6374	0.00184506	0.000120302	2
12.61	36.4308	0.00193035	0.000153475	2
12.0926	37.2211	0.00201689	0.000187569	2
11.5691	38.0085	0.00210462	0.000222538	2
11.0398	38.7929	0.00219349	0.000258337	2
10.5049	39.5746	0.00228346	0.000294919	2
9.96467	40.3537	0.00237448	0.000332237	2
9.41949	41.1302	0.0024665	0.000370245	2
8.8696	41.9044	0.00255946	0.000408896	2
8.31528	42.6763	0.00265333	0.000448145	2
7.75681	43.4461	0.00274806	0.000487945	2
7.20097	44.205	0.00284249	0.000527784	2
6.63509	44.9708	0.00293877	0.000568542	2
6.06592	45.7349	0.00303576	0.000609713	2
5.49372	46.4973	0.00313342	0.000651249	2
4.91878	47.2582	0.00323169	0.000693106	2
4.34139	48.0177	0.00333052	0.000735236	2
3.76183	48.7759	0.00342987	0.000777592	2
3.18037	49.5329	0.00352969	0.00082013	2
2.59731	50.2888	0.00362993	0.000862802	2
2.01292	51.0438	0.00373055	0.000905561	2
1.42748	51.7981	0.00383148	0.000948363	2
0.841284	52.5516	0.0039327	0.000991159	2
0.254609	53.3045	0.00403414	0.0010339	2
-0.332263	54.0571	0.00413576	0.00107655	2
-0.91905	54.8093	0.00423751	0.00111906	2
-1.50547	55.5612	0.00433935	0.00116137	2
-2.09124	56.3132	0.00444122	0.00120345	2
-2.67607	57.0651	0.00454308	0.00124524	2
-3.25969	57.8172	0.00464487	0.00128671	2
-3.84181	58.5696	0.00474656	0.0013278	2
-4.42216	59.3225	0.00484809	0.00136847	2
-5.00044	60.0758	0.00494941	0.00140867	2
-5.57637	60.8298	0.00505047	0.00144835	2
-6.14968	61.5846	0.00515123	0.00148747	2
-6.71354	62.3315	0.00525049	0.00152555	2
-7.28078	63.0882	0.00535051	0.00156342	2
-7.84456	63.846	0.00545008	0.00160059	2
-8.40458	64.6051	0.00554915	0.00163702	2
-8.96056	65.3655	0.00564768	0.00167265	2
-9.51223	66.1274	0.00574562	0.00170744	2
-10.0593	66.891	0.00584292	0.00174135	2
-10.6015	67.6563	0.00593953	0.00177433	2
-11.1385	68.4234	0.0060354	0.00180633	2
-11.6701	69.1926	0.00613049	0.00183731	2
-12.1959	69.9639	0.00622475	0.00186721	2
-12.7157	70.7373	0.00631812	0.001896	2
-13.2292	71.5132	0.00641056	0.00192363	2
-13.7362	72.2915	0.00650203	0.00195004	2
-14.2363	73.0724	0.00659246	0.0019752	2
-14.7292	73.856	0.00668183	0.00199906	2
-15.2148	74.6425	0.00677007	0.00202157	2
-15.6926	75.4319	0.00685714	0.00204269	2
-16.1624	76.2244	0.00694299	0.00206236	2
-16.624	77.0201	0.00702757	0.00208054	2
-17.077	77.8191	0.00711084	0.0020972	2
-17.5211	78.6216	0.00719274	0.00211227	2
-17.9562	79.4276	0.00727323	0.00212571	2
-18.377	80.228	0.00735136	0.00213736	2
-18.7931	81.0415	0.0074289	0.00214743	2
-19.1992	81.8589	0.00750488	0.00215574	2
-19.5951	82.6804	0.00757925	0.00216223	2

74.9998	2.01261	6.06012e-07	-6.30255e-08	2
74.9934	3.09198	5.32367e-05	-6.41689e-06	2
75.0033	4.17345	0.000107498	-1.47093e-05	2
75.0295	5.2445	0.000162761	-2.48565e-05	2
75.0712	6.29309	0.000218352	-3.66902e-05	2
75.1293	7.34369	0.000275542	-5.0465e-05	2
75.203	8.38414	0.000333666	-6.60335e-05	2
75.2924	9.41455	0.000392704	-8.3375e-05	2
75.397	10.435	0.000452632	-0.000102469	2
75.5168	11.4456	0.000513428	-0.000123295	2
75.6516	12.4463	0.00057507	-0.000145833	2
75.8011	13.4374	0.000637536	-0.000170061	2
75.9652	14.419	0.000700803	-0.00019596	2
76.1437	15.391	0.000764848	-0.000223509	2
76.3364	16.3535	0.00082965	-0.000252687	2
76.5431	17.3068	0.000895185	-0.000283474	2
76.7636	18.2508	0.000961433	-0.00031585	2
76.9977	19.1857	0.00102837	-0.000349793	2
77.2452	20.1116	0.00109597	-0.000385284	2
77.506	21.0285	0.00116422	-0.000422301	2
77.7798	21.9365	0.00123309	-0.000460824	2
78.0665	22.8358	0.00130256	-0.000500834	2
78.3658	23.7264	0.00137261	-0.000542308	2
78.6775	24.6084	0.00144321	-0.000585227	2
79.0016	25.4819	0.00151435	-0.00062957	2
79.3377	26.347	0.00158599	-0.000675317	2
79.6817	27.194	0.00165729	-0.000721897	2
80.0413	28.0426	0.00172989	-0.000770374	2
80.4124	28.8832	0.00180293	-0.000820193	2
80.7948	29.7157	0.00187638	-0.000871334	2
81.1883	30.5402	0.00195024	-0.000923776	2
81.5928	31.3569	0.00202448	-0.000977499	2
82.008	32.1658	0.00209906	-0.00103248	2
82.4338	32.9671	0.00217398	-0.0010887	2
82.8699	33.7607	0.00224921	-0.00114615	2
83.3161	34.5469	0.00232473	-0.00120479	2
83.7724	35.3257	0.00240051	-0.0012646	2
84.2384	36.0972	0.00247653	-0.00132558	2
84.714	36.8615	0.00255278	-0.00138769	2
85.1991	37.6186	0.00262922	-0.00145092	2
85.6933	38.3687	0.00270583	-0.00151525	2
86.1965	39.1119	0.0027826	-0.00158065	2
86.7086	39.8482	0.0028595	-0.0016471	2
87.2292	40.5778	0.00293651	-0.00171459	2
87.7584	41.3007	0.0030136	-0.0017831	2
88.2957	42.017	0.00309076	-0.00185259	2
88.8411	42.7269	0.00316795	-0.00192306	2
89.3944	43.4304	0.00324517	-0.00199449	2
89.9554	44.1275	0.00332238	-0.00206684	2
90.5172	44.8106	0.00339868	-0.00213926	2
91.0928	45.4955	0.00347582	-0.0022134	2
91.6756	46.1744	0.00355289	-0.00228842	2
92.2652	46.8474	0.00362986	-0.00236429	2
92.8615	47.5145	0.00370672	-0.00244098	2
93.4644	48.1759	0.00378344	-0.00251848	2
94.0736	48.8316	0.00386001	-0.00259678	2
94.6889	49.4817	0.00393639	-0.00267584	2
95.3102	50.1264	0.00401256	-0.00275564	2
95.9372	50.7657	0.00408851	-0.00283618	2
96.5698	51.3997	0.00416421	-0.00291742	2
97.2077	52.0285	0.00423963	-0.00299934	2
97.8509	52.6523	0.00431477	-0.00308194	2
98.499	53.2709	0.00438958	-0.00316517	2
99.1519	53.8847	0.00446406	-0.00324903	2
99.8094	54.4936	0.00453817	-0.00333349	2
100.471	55.0978	0.00461191	-0.00341854	2
101.137	55.6974	0.00468523	-0.00350415	2
101.808	56.2924	0.00475813	-0.0035903	2
102.482	56.8829	0.00483058	-0.00367697	2
103.159	57.469	0.00490255	-0.00376415	2
103.84	58.0509	0.00497403	-0.0038518	2
104.525	58.6286	0.00504499	-0.00393991	2
105.212	59.2022	0.00511541	-0.00402847	2
105.894	59.7652	0.00518447	-0.00411641	2
106.587	60.3309	0.00525375	-0.00420578	2
107.283	60.8928	0.00532242	-0.00429552	2
107.98	61.4509	0.00539047	-0.00438562	2
108.68	62.0054	0.00545786	-0.00447606	2
109.382	62.5564	0.00552458	-0.00456681	2
110.086	63.1039	0.0055906	-0.00465786	2
110.791	63.648	0.0056559	-0.00474919	2
111.497	64.1889	0.00572046	-0.00484077	2
112.204	64.7266	0.00578426	-0.00493259	2
112.913	65.2611	0.00584727	-0.00502461	2
113.622	65.7927	0.00590948	-0.00511684	2
114.332	66.3214	0.00597085	-0.00520923	2
115.042	66.8473	0.00603137	-0.00530178	2
115.752	67.3704	0.00609102	-0.00539446	2
116.463	67.8909	0.00614976	-0.00548725	2
117.173	68.4088	0.00620759	-0.00558013	2
117.883	68.9244	0.00626448	-0.00567308	2
118.592	69.4375	0.0063204	-0.00576608	2
119.3	69.9484	0.00637533	-0.00585911	2
120.008	70.4571	0.00642925	-0.00595214	2
120.714	70.9637	0.00648215	-0.00604517	2
121.419	71.4684	0.00653398	-0.00613816	2
122.114	71.9653	0.00658417	-0.00623004	2
122.816	72.4663	0.00663384	-0.0063229	2
123.516	72.9655	0.00668239	-0.00641568	2
124.214	73.4631	0.0067298	-0.00650834	2

124.996	2.01215	-3.54332e-07	-2.22158e-07	2
124.676	3.05175	-3.07621e-05	-1.84876e-05	2
124.379	4.09282	-6.13889e-05	-3.52986e-05	2
124.11	5.12329	-9.18739e-05	-5.04684e-05	2
123.871	6.13155	-0.000121863	-6.38851e-05	2
123.655	7.14113	-0.000152046	-7.58957e-05	2
123.466	8.1403	-0.000182069	-8.63701e-05	2
123.303	9.12914	-0.000211923	-9.53437e-05	2
123.165	10.1077	-0.000241603	-0.000102852	2
123.053	11.0761	-0.000271103	-0.000108929	2
122.967	12.0343	-0.000300414	-0.000113611	2
122.905	12.9825	-0.000329532	-0.000116933	2
122.867	13.9207	-0.00035845	-0.00011893	2
122.853	14.849	-0.000387161	-0.000119637	2
122.863	15.7675	-0.000415658	-0.00011909	2
122.897	16.6761	-0.000443935	-0.000117323	2
122.954	17.575	-0.000471985	-0.000114372	2
123.033	18.4643	-0.000499803	-0.000110273	2
123.135	19.344	-0.00052738	-0.000105059	2
123.259	20.2142	-0.000554712	-9.87676e-05	2
123.405	21.075	-0.000581791	-9.14325e-05	2
123.572	21.9264	-0.000608611	-8.30892e-05	2
123.76	22.7685	-0.000635166	-7.37729e-05	2
123.969	23.6013	-0.000661448	-6.3519e-05	2
124.199	24.425	-0.000687451	-5.23625e-05	2
124.448	25.2396	-0.00071317	-4.03387e-05	2
124.715	26.0359	-0.000738306	-2.76351e-05	2
125.003	26.8327	-0.000763437	-1.39913e-05	2
125.311	27.6205	-0.000788264	4.14767e-07	2
125.637	28.3995	-0.00081278	1.55477e-05	2
125.982	29.1697	-0.000836978	3.13724e-05	2
126.345	29.9313	-0.000860851	4.78536e-05	2
126.726	30.6842	-0.000884394	6.49562e-05	2
127.125	31.4286	-0.000907599	8.26448e-05	2
127.54	32.1645	-0.000930461	0.000100884	2
127.972	32.8921	-0.000952972	0.00011964	2
128.421	33.6112	-0.000975127	0.000138876	2
128.886	34.3221	-0.000996917	0.000158557	2
129.366	35.0248	-0.00101834	0.000178648	2
129.862	35.7194	-0.00103938	0.000199115	2
130.374	36.4059	-0.00106004	0.000219921	2
130.9	37.0844	-0.00108032	0.000241031	2
131.44	37.755	-0.00110019	0.000262411	2
131.995	38.4177	-0.00111967	0.000284025	2
132.563	39.0726	-0.00113873	0.000305838	2
133.145	39.7198	-0.00115738	0.000327815	2
133.74	40.3594	-0.0011756	0.00034992	2
134.348	40.9914	-0.0011934	0.000372119	2
134.968	41.6158	-0.00121077	0.000394375	2
135.593	42.2258	-0.00122749	0.000416399	2
136.238	42.8355	-0.00124397	0.000438667	2
136.893	43.4379	-0.00126	0.000460888	2
137.56	44.0331	-0.00127556	0.000483026	2
138.238	44.6211	-0.00129065	0.000505047	2
138.926	45.202	-0.00130527	0.000526915	2
139.624	45.7759	-0.00131941	0.000548596	2
140.332	46.3428	-0.00133306	0.000570053	2
141.05	46.9028	-0.00134622	0.000591253	2
141.776	47.4559	-0.00135888	0.000612158	2
142.512	48.0023	-0.00137103	0.000632736	2
143.256	48.5421	-0.00138267	0.000652949	2
144.008	49.0752	-0.00139379	0.000672763	2
144.768	49.6017	-0.00140438	0.000692143	2
145.536	50.1218	-0.00141444	0.000711054	2
146.311	50.6354	-0.00142395	0.00072946	2
147.092	51.1427	-0.00143293	0.000747326	2
147.88	51.6438	-0.00144135	0.000764617	2
148.675	52.1386	-0.00144921	0.000781297	2
149.475	52.6273	-0.00145651	0.000797333	2
150.28	53.1099	-0.00146323	0.000812687	2
151.091	53.5865	-0.00146937	0.000827326	2
151.907	54.0572	-0.00147493	0.000841214	2
152.727	54.522	-0.0014799	0.000854316	2
153.542	54.9757	-0.00148423	0.000866459	2
154.37	55.4291	-0.001488	0.000877893	2
155.202	55.8768	-0.00149116	0.000888435	2
156.036	56.3189	-0.0014937	0.000898051	2
156.874	56.7555	-0.00149562	0.000906704	2
157.714	57.1866	-0.00149691	0.000914361	2
158.557	57.6123	-0.00149756	0.000920985	2
159.401	58.0328	-0.00149757	0.000926542	2
160.247	58.4479	-0.00149693	0.000930996	2
161.094	58.8579	-0.00149563	0.000934313	2
161.942	59.2628	-0.00149367	0.000936456	2
162.791	59.6627	-0.00149104	0.000937392	2
163.639	60.0576	-0.00148773	0.000937083	2
164.488	60.4475	-0.00148374	0.000935497	2
165.336	60.8327	-0.00147906	0.000932596	2
166.183	61.2131	-0.00147368	0.000928346	2
167.029	61.5887	-0.0014676	0.000922712	2
167.874	61.9598	-0.00146081	0.000915659	2
168.717	62.3263	-0.00145331	0.000907151	2
169.558	62.6883	-0.00144508	0.000897153	2
170.396	63.0459	-0.00143613	0.00088563	2
171.232	63.3991	-0.00142644	0.000872547	2
172.064	63.7481	-0.00141601	0.000857869	2
172.884	64.0889	-0.00140496	0.000841757	2
173.709	64.4295	-0.00139304	0.000823801	2
174.53	64.7661	-0.00138035	0.000804145	2
175.347	65.0986	-0.0013669	0.000782753	2

