-125.004	2.01369	1.75353e-07	2.05467e-07	2
-125.366	3.17903	1.5016e-05	1.78952e-05	2
-125.753	4.3335	2.95484e-05	3.58301e-05	2
-126.16	5.46381	4.35991e-05	5.38048e-05	2
-126.583	6.55778	5.7017e-05	7.16122e-05	2
-127.03	7.64127	7.01161e-05	8.96664e-05	2
-127.496	8.70183	8.27397e-05	0.000107761	2
-127.982	9.73985	9.48897e-05	0.000125895	2
-128.486	10.7558	0.000106568	0.00014407	2
-129.009	11.75	0.000117777	0.000162286	2
-129.549	12.7229	0.000128519	0.000180541	2
-130.107	13.6749	0.000138796	0.000198838	2
-130.683	14.6064	0.000148609	0.000217175	2
-131.275	15.5178	0.000157961	0.000235553	2
-131.883	16.4096	0.000166853	0.000253972	2
-132.507	17.2821	0.000175288	0.000272432	2
-133.147	18.1358	0.000183269	0.000290934	2
-133.803	18.971	0.000190796	0.000309476	2
-134.473	19.7882	0.000197871	0.00032806	2
-135.157	20.5878	0.000204498	0.000346685	2
-135.856	21.3702	0.000210678	0.000365352	2
-136.568	22.1357	0.000216413	0.000384061	2
-137.294	22.8849	0.000221705	0.000402811	2
-138.033	23.618	0.000226555	0.000421603	2
-138.784	24.3356	0.000230967	0.000440437	2
-139.548	25.038	0.000234942	0.000459313	2
-140.314	25.7178	0.000238444	0.000478014	2
-141.101	26.3913	0.000241557	0.000496974	2
-141.898	27.0507	0.000244238	0.000515977	2
-142.707	27.6967	0.000246491	0.000535021	2
-143.525	28.3295	0.000248317	0.000554109	2
-144.354	28.9496	0.000249719	0.000573239	2
-145.192	29.5574	0.000250698	0.000592412	2
-146.039	30.1532	0.000251256	0.000611628	2
-146.896	30.7376	0.000251395	0.000630887	2
-147.76	31.3108	0.000251119	0.000650189	2
-148.633	31.8734	0.000250427	0.000669534	2
-149.513	32.4257	0.000249323	0.000688922	2
-150.4	32.9681	0.000247809	0.000708354	2
-151.295	33.5011	0.000245886	0.00072783	2
-152.195	34.025	0.000243557	0.000747348	2
-153.102	34.5403	0.000240823	0.000766911	2
-154.015	35.0474	0.000237688	0.000786518	2
-154.933	35.5466	0.000234152	0.000806168	2
-155.856	36.0384	0.000230217	0.000825862	2
-156.784	36.5232	0.000225887	0.000845601	2
-157.715	37.0014	0.000221162	0.000865383	2
-158.651	37.4734	0.000216046	0.00088521	2
-159.59	37.9396	0.000210539	0.000905081	2
-160.522	38.3952	0.000204714	0.000924768	2
-161.466	38.8511	0.000198437	0.000944728	2
-162.414	39.3025	0.000191777	0.000964733	2
-163.363	39.7497	0.000184734	0.000984782	2
-164.313	40.1932	0.000177312	0.00100488	2
-165.265	40.6334	0.000169512	0.00102502	2
-166.218	41.0706	0.000161335	0.0010452	2
-167.171	41.5053	0.000152785	0.00106543	2
-168.124	41.9379	0.000143864	0.00108571	2
-169.077	42.3688	0.000134572	0.00110603	2
-170.029	42.7983	0.000124913	0.00112639	2
-170.98	43.2271	0.000114888	0.0011468	2
-171.929	43.6553	0.000104499	0.00116726	2
-172.877	44.0834	9.37489e-05	0.00118777	2
-173.822	44.5119	8.26391e-05	0.00120831	2
-174.765	44.9412	7.11716e-05	0.00122891	2
-175.705	45.3716	5.93487e-05	0.00124955	2
-176.641	45.8036	4.71723e-05	0.00127024	2
-177.574	46.2375	3.46444e-05	0.00129097	2
-178.502	46.6739	2.17671e-05	0.00131175	2
-179.426	47.113	8.54246e-06	0.00133258	2
-180.345	47.5553	-5.02755e-06	0.00135345	2
-181.258	48.0012	-1.89409e-05	0.00137437	2
-182.166	48.4512	-3.31955e-05	0.00139534	2
-183.058	48.9003	-4.76196e-05	0.00141611	2
-183.954	49.3594	-6.25468e-05	0.00143718	2
-184.842	49.8238	-7.78092e-05	0.00145828	2
-185.724	50.2939	-9.34047e-05	0.00147944	2
-186.598	50.77	-0.000109331	0.00150064	2
-187.464	51.2525	-0.000125587	0.00152189	2
-188.322	51.7419	-0.00014217	0.00154319	2
-189.171	52.2386	-0.000159078	0.00156453	2
-190.011	52.743	-0.000176308	0.00158593	2
-190.841	53.2555	-0.00019386	0.00160737	2
-191.662	53.7765	-0.000211731	0.00162886	2
-192.472	54.3064	-0.000229918	0.0016504	2
-193.272	54.8456	-0.000248421	0.00167198	2
-194.061	55.3946	-0.000267236	0.00169361	2
-194.838	55.9537	-0.000286362	0.0017153	2
-195.604	56.5234	-0.000305797	0.00173703	2
-196.358	57.104	-0.000325538	0.00175881	2
-197.099	57.696	-0.000345584	0.00178063	2
-197.827	58.2997	-0.000365933	0.00180251	2
-198.542	58.9156	-0.000386582	0.00182444	2
-199.243	59.5441	-0.00040753	0.00184641	2
-199.93	60.1857	-0.000428774	0.00186843	2
-200.603	60.8406	-0.000450313	0.00189051	2
-201.253	61.5016	-0.000471892	0.00191237	2
-201.896	62.1844	-0.000494011	0.00193454	2
-202.523	62.8818	-0.000516417	0.00195677	2
-203.135	63.5943	-0.000539111	0.00197904	2

-75.0048	2.01189	-1.44499e-07	3.28902e-07	2
-75.4095	3.03352	-1.17538e-05	2.82545e-05	2
-75.804	4.06585	-2.18656e-05	5.57867e-05	2
-76.1837	5.09702	-3.0354e-05	8.26062e-05	2
-76.5447	6.1152	-3.71674e-05	0.000108426	2
-76.8955	7.14407	-4.24825e-05	0.000133856	2
-77.232	8.1718	-4.62295e-05	0.000158601	2
-77.5544	9.19839	-4.84267e-05	0.00018267	2
-77.8628	10.2239	-4.90927e-05	0.000206074	2
-78.1575	11.2482	-4.82461e-05	0.00022882	2
-78.4385	12.2715	-4.59052e-05	0.00025092	2
-78.7061	13.2936	-4.20887e-05	0.000272381	2
-78.9604	14.3147	-3.68149e-05	0.000293214	2
-79.2016	15.3347	-3.01024e-05	0.000313427	2
-79.4298	16.3537	-2.19696e-05	0.000333031	2
-79.6452	17.3715	-1.24351e-05	0.000352034	2
-79.848	18.3884	-1.5174e-06	0.000370446	2
-80.0383	19.4042	1.07651e-05	0.000388276	2
-80.2164	20.4189	2.43938e-05	0.000405534	2
-80.3823	21.4327	3.93503e-05	0.000422229	2
-80.5363	22.4454	5.5616e-05	0.00043837	2
-80.6784	23.4571	7.31726e-05	0.000453967	2
-80.809	24.4679	9.20014e-05	0.000469029	2
-80.928	25.4776	0.000112084	0.000483566	2
-81.0358	26.4864	0.000133402	0.000497586	2
-81.1325	27.4943	0.000155937	0.0005111	2
-81.2173	28.4896	0.00017939	0.000523969	2
-81.2923	29.4955	0.000204289	0.000536503	2
-81.3567	30.5005	0.00023035	0.000548558	2
-81.4106	31.5046	0.000257554	0.000560144	2
-81.4542	32.5078	0.000285882	0.000571269	2
-81.4877	33.51	0.000315317	0.000581944	2
-81.5113	34.5114	0.000345839	0.000592178	2
-81.525	35.5118	0.00037743	0.000601979	2
-81.5291	36.5114	0.000410072	0.000611358	2
-81.5237	37.5102	0.000443745	0.000620324	2
-81.5091	38.508	0.000478433	0.000628886	2
-81.4853	39.505	0.000514115	0.000637054	2
-81.4525	40.5012	0.000550774	0.000644837	2
-81.4109	41.4965	0.000588391	0.000652244	2
-81.3607	42.4911	0.000626948	0.000659284	2
-81.3021	43.4848	0.000666426	0.000665968	2
-81.2351	44.4777	0.000706806	0.000672304	2
-81.16	45.4698	0.00074807	0.000678302	2
-81.0769	46.4611	0.000790201	0.000683971	2
-80.986	47.4516	0.000833178	0.00068932	2
-80.8875	48.4414	0.000876984	0.00069436	2
-80.7815	49.4305	0.0009216	0.000699098	2
-80.6682	50.4187	0.000967007	0.000703546	2
-80.5492	51.3949	0.00101265	0.000707665	2
-80.4219	52.3818	0.00105958	0.000711561	2
-80.2877	53.3679	0.00110724	0.000715193	2
-80.147	54.3532	0.00115562	0.000718572	2
-79.9997	55.3379	0.00120471	0.000721706	2
-79.8461	56.3219	0.00125447	0.000724604	2
-79.6864	57.3053	0.00130489	0.000727277	2
-79.5208	58.2879	0.00135596	0.000729734	2
-79.3493	59.2699	0.00140765	0.000731983	2
-79.1721	60.2512	0.00145995	0.000734034	2
-78.9895	61.2319	0.00151284	0.000735897	2
-78.8016	62.212	0.0015663	0.000737581	2
-78.6086	63.1914	0.00162031	0.000739096	2
-78.4105	64.1702	0.00167485	0.00074045	2
-78.2077	65.1484	0.00172991	0.000741653	2
-78.0002	66.126	0.00178546	0.000742715	2
-77.7882	67.103	0.00184149	0.000743645	2
-77.5719	68.0795	0.00189798	0.000744452	2
-77.3515	69.0554	0.00195491	0.000745145	2
-77.127	70.0307	0.00201226	0.000745734	2
-76.8988	71.0055	0.00207002	0.000746229	2
-76.6669	71.9797	0.00212816	0.000746639	2
-76.4316	72.9534	0.00218667	0.000746972	2
-76.1929	73.9265	0.00224552	0.000747239	2
-75.9539	74.888	0.00230403	0.000747447	2
-75.7091	75.8602	0.00236352	0.000747609	2
-75.4615	76.8319	0.0024233	0.000747733	2
-75.2112	77.803	0.00248336	0.000747828	2
-74.9585	78.7738	0.00254368	0.000747903	2
-74.7035	79.744	0.00260423	0.000747967	2
-74.4463	80.7138	0.002665	0.00074803	2
-74.1871	81.6831	0.00272597	0.000748102	2
-73.9261	82.652	0.00278712	0.000748192	2
-73.6634	83.6205	0.00284844	0.000748308	2
-73.3993	84.5886	0.0029099	0.000748461	2
-73.1338	85.5562	0.00297149	0.000748659	2
-72.8672	86.5235	0.00303318	0.000748913	2
-72.5996	87.4903	0.00309497	0.000749232	2
-72.3311	88.4568	0.00315682	0.000749624	2
-72.062	89.4229	0.00321873	0.000750099	2
-71.7925	90.3887	0.00328067	0.000750668	2
-71.5225	91.3541	0.00334263	0.000751338	2
-71.2525	92.3191	0.00340458	0.000752119	2
-70.9824	93.2838	0.00346652	0.000753022	2
-70.7126	94.2482	0.00352841	0.000754054	2
-70.443	95.2123	0.00359024	0.000755226	2
-70.174	96.176	0.003652	0.000756547	2
-69.9087	97.1284	0.00371295	0.000758008	2
-69.6412	98.0916	0.0037745	0.000759653	2
-69.3747	99.0545	0.00383591	0.000761475	2
-69.1093	100.017	0.00389718	0.000763482	2

-25.0016	2.01345	-4.90509e-07	1.01405e-07	2
-25.1211	3.15809	-4.23986e-05	8.86068e-06	2
-25.2091	4.29112	-8.42427e-05	1.78012e-05	2
-25.2645	5.39941	-0.000125537	2.68248e-05	2
-25.2876	6.47098	-0.000165822	3.58293e-05	2
-25.2794	7.53104	-0.000206039	4.50271e-05	2
-25.24	8.56733	-0.000245721	5.43173e-05	2
-25.1699	9.58016	-0.000284874	6.37028e-05	2
-25.0695	10.5699	-0.000323503	7.31869e-05	2
-24.9394	11.5367	-0.000361612	8.27726e-05	2
-24.7799	12.4811	-0.000399206	9.24631e-05	2
-24.5915	13.4033	-0.000436291	0.000102261	2
-24.3749	14.3037	-0.000472871	0.000112171	2
-24.1303	15.1825	-0.000508952	0.000122194	2
-23.8584	16.0401	-0.000544538	0.000132335	2
-23.5595	16.8768	-0.000579635	0.000142596	2
-23.2342	17.693	-0.000614248	0.00015298	2
-22.883	18.4888	-0.00064838	0.000163491	2
-22.5062	19.2648	-0.000682039	0.000174132	2
-22.1045	20.0211	-0.000715228	0.000184905	2
-21.6782	20.7582	-0.000747952	0.000195815	2
-21.2279	21.4763	-0.000780217	0.000206863	2
-20.754	22.1757	-0.000812028	0.000218054	2
-20.257	22.8568	-0.000843389	0.000229389	2
-19.7374	23.5199	-0.000874306	0.000240873	2
-19.1957	24.1653	-0.000904783	0.000252509	2
-18.6389	24.7862	-0.000934483	0.000264163	2
-18.0546	25.3973	-0.000964101	0.000276109	2
-17.4496	25.9918	-0.000993294	0.000288215	2
-16.8243	26.5698	-0.00102207	0.000300486	2
-16.1793	27.1317	-0.00105043	0.000312924	2
-15.5151	27.6779	-0.00107838	0.000325532	2
-14.832	28.2086	-0.00110592	0.000338313	2
-14.1307	28.7242	-0.00113307	0.00035127	2
-13.4115	29.2249	-0.00115982	0.000364407	2
-12.6749	29.7112	-0.00118618	0.000377726	2
-11.9215	30.1833	-0.00121216	0.000391231	2
-11.1516	30.6416	-0.00123776	0.000404925	2
-10.3659	31.0863	-0.00126298	0.000418811	2
-9.56467	31.5178	-0.00128784	0.000432892	2
-8.74851	31.9364	-0.00131233	0.000447171	2
-7.91787	32.3425	-0.00133646	0.000461651	2
-7.07322	32.7363	-0.00136023	0.000476336	2
-6.21504	33.1182	-0.00138366	0.000491228	2
-5.3438	33.4885	-0.00140674	0.000506331	2
-4.46	33.8475	-0.00142949	0.000521647	2
-3.5641	34.1955	-0.00145189	0.00053718	2
-2.65659	34.5329	-0.00147397	0.000552934	2
-1.73794	34.8599	-0.00149573	0.00056891	2
-0.819375	35.1734	-0.00151692	0.000584925	2
0.119999	35.4809	-0.00153804	0.000601354	2
1.06908	35.779	-0.00155885	0.000618016	2
2.02739	36.068	-0.00157936	0.000634912	2
2.99445	36.3484	-0.00159958	0.000652048	2
3.96978	36.6203	-0.00161949	0.000669425	2
4.95291	36.8841	-0.00163912	0.000687047	2
5.94335	37.1402	-0.00165846	0.000704917	2
6.94063	37.3888	-0.00167752	0.000723038	2
7.94426	37.6303	-0.00169631	0.000741414	2
8.95378	37.865	-0.00171483	0.000760046	2
9.9687	38.0932	-0.00173308	0.000778939	2
10.9885	38.3153	-0.00175108	0.000798096	2
12.0128	38.5315	-0.00176882	0.000817519	2
13.0411	38.7421	-0.00178631	0.000837211	2
14.0728	38.9476	-0.00180355	0.000857177	2
15.1076	39.1482	-0.00182056	0.000877419	2
16.1449	39.3442	-0.00183733	0.000897939	2
17.1842	39.536	-0.00185388	0.000918742	2
18.2251	39.7238	-0.0018702	0.00093983	2
19.2671	39.9081	-0.00188629	0.000961207	2
20.3097	40.0891	-0.00190218	0.000982875	2
21.3525	40.2671	-0.00191785	0.00100484	2
22.3949	40.4425	-0.00193333	0.0010271	2
23.4246	40.6135	-0.00194842	0.0010494	2
24.4649	40.7846	-0.0019635	0.00107226	2
25.5035	40.954	-0.00197839	0.00109543	2
26.5398	41.122	-0.0019931	0.00111891	2
27.5734	41.289	-0.00200762	0.0011427	2
28.6038	41.4553	-0.00202197	0.00116681	2
29.6305	41.6211	-0.00203615	0.00119124	2
30.653	41.7869	-0.00205017	0.00121599	2
31.671	41.9529	-0.00206403	0.00124107	2
32.6837	42.1195	-0.00207773	0.00126647	2
33.6909	42.287	-0.00209129	0.00129221	2
34.6921	42.4556	-0.0021047	0.00131828	2
35.6866	42.6258	-0.00211797	0.00134469	2
36.6742	42.7978	-0.0021311	0.00137145	2
37.6542	42.972	-0.00214411	0.00139854	2
38.6263	43.1486	-0.00215699	0.00142599	2
39.5898	43.3281	-0.00216975	0.00145378	2
40.5445	43.5107	-0.0021824	0.00148193	2
41.4897	43.6967	-0.00219494	0.00151044	2
42.425	43.8865	-0.00220737	0.0015393	2
43.3499	44.0803	-0.00221971	0.00156853	2
44.264	44.2786	-0.00223195	0.00159813	2
45.1668	44.4816	-0.0022441	0.00162809	2
46.0475	44.6872	-0.00225603	0.00165808	2
46.9263	44.9005	-0.00226802	0.00168879	2
47.7923	45.1196	-0.00227993	0.00171987	2
48.6451	45.3446	-0.00229177	0.00175134	2

24.992	2.01302	-7.51139e-08	1.94943e-07	2
24.3245	3.1276	-7.01658e-06	1.69381e-05	2
23.6841	4.2446	-1.49932e-05	3.38309e-05	2
23.0784	5.35102	-2.39082e-05	5.0677e-05	2
22.5133	6.43435	-3.36215e-05	6.72824e-05	2
21.9754	7.51982	-4.43375e-05	8.40319e-05	2
21.471	8.59478	-5.59267e-05	0.000100731	2
20.9998	9.65927	-6.83672e-05	0.000117377	2
20.5613	10.7133	-8.16373e-05	0.000133971	2
20.1552	11.7569	-9.57151e-05	0.00015051	2
19.781	12.7902	-0.000110579	0.000166992	2
19.4384	13.813	-0.000126207	0.000183418	2
19.1271	14.8255	-0.000142577	0.000199784	2
18.8466	15.8277	-0.000159668	0.000216091	2
18.5964	16.8196	-0.000177458	0.000232336	2
18.3764	17.8012	-0.000195924	0.000248518	2
18.186	18.7726	-0.000215046	0.000264637	2
18.0248	19.7337	-0.000234801	0.000280689	2
17.8926	20.6847	-0.000255168	0.000296675	2
17.7888	21.6255	-0.000276124	0.000312593	2
17.7132	22.5561	-0.000297649	0.000328441	2
17.6653	23.4766	-0.00031972	0.000344219	2
17.6447	24.3871	-0.000342315	0.000359924	2
17.651	25.2875	-0.000365412	0.000375555	2
17.684	26.1778	-0.000388991	0.000391112	2
17.743	27.0581	-0.000413028	0.000406593	2
17.8268	27.9185	-0.000437219	0.000421819	2
17.9368	28.779	-0.000462104	0.000437144	2
18.0718	29.6295	-0.000487383	0.000452388	2
18.2315	30.4702	-0.000513035	0.000467551	2
18.4154	31.3009	-0.000539036	0.000482631	2
18.6231	32.1218	-0.000565366	0.000497627	2
18.8543	32.9329	-0.000592003	0.000512537	2
19.1087	33.7341	-0.000618924	0.00052736	2
19.3857	34.5255	-0.000646108	0.000542095	2
19.685	35.3072	-0.000673534	0.00055674	2
20.0062	36.0792	-0.000701179	0.000571294	2
20.349	36.8415	-0.000729022	0.000585755	2
20.7129	37.594	-0.000757041	0.000600123	2
21.0976	38.3369	-0.000785214	0.000614396	2
21.5027	39.0702	-0.000813519	0.000628572	2
21.9278	39.7939	-0.000841934	0.000642651	2
22.3724	40.508	-0.000870438	0.00065663	2
22.8363	41.2125	-0.00089901	0.000670509	2
23.319	41.9075	-0.000927626	0.000684286	2
23.8201	42.593	-0.000956265	0.00069796	2
24.3394	43.2691	-0.000984906	0.000711529	2
24.8762	43.9357	-0.00101353	0.000724992	2
25.4304	44.5928	-0.0010421	0.000738349	2
25.9948	45.2332	-0.00107029	0.000751445	2
26.5821	45.8716	-0.00109872	0.000764584	2
27.1856	46.5008	-0.00112704	0.000777612	2
27.8049	47.1206	-0.00115524	0.000790527	2
28.4395	47.7311	-0.00118328	0.000803328	2
29.089	48.3323	-0.00121115	0.000816014	2
29.7531	48.9243	-0.00123883	0.000828584	2
30.4315	49.5071	-0.00126629	0.000841035	2
31.1236	50.0806	-0.00129351	0.000853367	2
31.8291	50.645	-0.00132047	0.000865579	2
32.5477	51.2003	-0.00134715	0.000877668	2
33.2789	51.7464	-0.00137353	0.000889634	2
34.0224	52.2834	-0.00139958	0.000901475	2
34.7777	52.8114	-0.00142528	0.000913191	2
35.5446	53.3303	-0.00145062	0.000924778	2
36.3225	53.8402	-0.00147556	0.000936238	2
37.1111	54.3411	-0.00150009	0.000947567	2
37.9101	54.833	-0.00152419	0.000958764	2
38.719	55.316	-0.00154783	0.000969829	2
39.5374	55.7901	-0.001571	0.00098076	2
40.365	56.2553	-0.00159366	0.000991555	2
41.2014	56.7116	-0.0016158	0.00100221	2
42.0462	57.1591	-0.0016374	0.00101273	2
42.8989	57.5978	-0.00165844	0.00102311	2
43.7494	58.0228	-0.00167866	0.00103324	2
44.6169	58.444	-0.0016985	0.00104334	2
45.4913	58.8565	-0.00171772	0.00105329	2
46.3721	59.2602	-0.00173628	0.0010631	2
47.259	59.6553	-0.00175417	0.00107277	2
48.1516	60.0418	-0.00177137	0.00108228	2
49.0495	60.4195	-0.00178785	0.00109165	2
49.9523	60.7887	-0.00180358	0.00110087	2
50.8596	61.1493	-0.00181856	0.00110993	2
51.7711	61.5013	-0.00183276	0.00111885	2
52.6863	61.8448	-0.00184615	0.00112761	2
53.6048	62.1798	-0.00185871	0.00113621	2
54.5264	62.5064	-0.00187043	0.00114465	2
55.4505	62.8244	-0.00188127	0.00115294	2
56.3769	63.134	-0.00189123	0.00116107	2
57.305	63.4353	-0.00190027	0.00116904	2
58.2346	63.7281	-0.00190837	0.00117684	2
59.1652	64.0126	-0.00191552	0.00118448	2
60.0965	64.2887	-0.00192169	0.00119196	2
61.0281	64.5566	-0.00192686	0.00119927	2
61.9595	64.8162	-0.001931	0.00120641	2
62.8904	65.0675	-0.00193411	0.00121338	2
63.8205	65.3106	-0.00193614	0.00122018	2
64.7386	65.5428	-0.00193708	0.00122674	2
65.6657	65.7696	-0.00193693	0.00123319	2
66.5907	65.9883	-0.00193565	0.00123948	2
67.5134	66.1988	-0.00193322	0.00124559	2

74.9972	2.00996	1.85601e-07	6.79335e-08	2
74.749	2.86922	1.49131e-05	5.47351e-06	2
74.4859	3.74445	2.73568e-05	1.00797e-05	2
74.2113	4.62545	3.73725e-05	1.38432e-05	2
73.9289	5.50178	4.49276e-05	1.67593e-05	2
73.6328	6.39359	5.0239e-05	1.892e-05	2
73.3266	7.29048	5.32466e-05	2.03115e-05	2
73.0108	8.19224	5.3992e-05	2.09582e-05	2
72.686	9.09863	5.25169e-05	2.08847e-05	2
72.3525	10.0094	4.88627e-05	2.01156e-05	2
72.011	10.9244	4.3071e-05	1.86755e-05	2
71.6619	11.8433	3.51835e-05	1.65889e-05	2
71.3058	12.7659	2.52415e-05	1.38804e-05	2
70.943	13.692	1.32868e-05	1.05746e-05	2
70.5741	14.6214	-6.3915e-07	6.69598e-06	2
70.1997	15.5538	-1.64948e-05	2.26915e-06	2
69.8201	16.489	-3.42385e-05	-2.68133e-06	2
69.436	17.4268	-5.38288e-05	-8.13089e-06	2
69.0477	18.3669	-7.52241e-05	-1.4055e-05	2
68.6559	19.3091	-9.83829e-05	-2.0429e-05	2
68.2609	20.2532	-0.000123263	-2.72284e-05	2
67.8633	21.199	-0.000149824	-3.44286e-05	2
67.4636	22.1462	-0.000178024	-4.20051e-05	2
67.0623	23.0946	-0.000207821	-4.99332e-05	2
66.6599	24.0439	-0.000239174	-5.81885e-05	2
66.2568	24.994	-0.00027204	-6.67463e-05	2
65.8583	25.9337	-0.000305976	-7.54791e-05	2
65.4555	26.8846	-0.00034173	-8.45655e-05	2
65.0535	27.8355	-0.000378874	-9.38811e-05	2
64.653	28.7863	-0.000417366	-0.000103401	2
64.2542	29.7366	-0.000457165	-0.000113101	2
63.8578	30.6864	-0.000498229	-0.000122957	2
63.4643	31.6352	-0.000540517	-0.000132944	2
63.0741	32.583	-0.000583986	-0.000143036	2
62.6878	33.5294	-0.000628597	-0.000153211	2
62.3058	34.4743	-0.000674306	-0.000163443	2
61.9287	35.4175	-0.000721072	-0.000173707	2
61.5569	36.3586	-0.000768855	-0.000183979	2
61.1909	37.2974	-0.000817612	-0.000194235	2
60.8313	38.2339	-0.000867301	-0.00020445	2
60.4785	39.1676	-0.000917882	-0.000214599	2
60.133	40.0984	-0.000969312	-0.000224658	2
59.7953	41.026	-0.00102155	-0.000234602	2
59.466	41.9503	-0.00107455	-0.000244407	2
59.1455	42.8709	-0.00112828	-0.000254048	2
58.8343	43.7877	-0.0011827	-0.0002635	2
58.5329	44.7004	-0.00123775	-0.000272739	2
58.2418	45.6089	-0.00129341	-0.000281741	2
57.9615	46.5128	-0.00134962	-0.000290481	2
57.6956	47.4016	-0.0014057	-0.000298838	2
57.4383	48.2959	-0.0014629	-0.000306983	2
57.1933	49.1849	-0.00152053	-0.000314793	2
56.961	50.0685	-0.00157856	-0.000322242	2
56.7421	50.9464	-0.00163694	-0.000329307	2
56.5369	51.8184	-0.00169563	-0.000335962	2
56.3461	52.6843	-0.00175459	-0.000342184	2
56.17	53.5438	-0.00181378	-0.000347947	2
56.0092	54.3967	-0.00187315	-0.000353227	2
55.8641	55.2428	-0.00193266	-0.000358	2
55.7354	56.0819	-0.00199227	-0.00036224	2
55.6234	56.9137	-0.00205195	-0.000365924	2
55.5286	57.738	-0.00211164	-0.000369027	2
55.4516	58.5546	-0.00217132	-0.000371523	2
55.3929	59.3632	-0.00223092	-0.00037339	2
55.353	60.1636	-0.00229043	-0.000374601	2
55.3323	60.9556	-0.00234978	-0.000375133	2
55.3313	61.739	-0.00240895	-0.000374961	2
55.3506	62.5135	-0.00246788	-0.00037406	2
55.3906	63.2788	-0.00252655	-0.000372406	2
55.4519	64.0349	-0.0025849	-0.000369974	2
55.5349	64.7814	-0.00264289	-0.00036674	2
55.6402	65.518	-0.00270049	-0.000362679	2
55.7682	66.2447	-0.00275765	-0.000357766	2
55.9175	66.9529	-0.00281368	-0.000352049	2
56.0922	67.659	-0.00286984	-0.00034537	2
56.2911	68.3543	-0.00292545	-0.000337767	2
56.5147	69.0387	-0.00298044	-0.000329214	2
56.7635	69.712	-0.0030348	-0.000319686	2
57.0381	70.3738	-0.00308846	-0.000309161	2
57.3388	71.0241	-0.0031414	-0.000297612	2
57.6663	71.6625	-0.00319356	-0.000285015	2
58.0209	72.2888	-0.00324492	-0.000271346	2
58.4033	72.9027	-0.00329542	-0.000256581	2
58.8138	73.5042	-0.00334503	-0.000240694	2
59.2531	74.0929	-0.0033937	-0.00022366	2
59.7215	74.6686	-0.00344139	-0.000205457	2
60.2196	75.231	-0.00348806	-0.000186058	2
60.7479	75.78	-0.00353367	-0.000165439	2
61.3069	76.3153	-0.00357818	-0.000143577	2
61.8971	76.8368	-0.00362154	-0.000120445	2
62.519	77.344	-0.00366372	-9.60202e-05	2
63.173	77.8369	-0.00370467	-7.02773e-05	2
63.8597	78.3152	-0.00374435	-4.3192e-05	2
64.5796	78.7787	-0.00378272	-1.47395e-05	2
65.3331	79.2271	-0.00381974	1.51046e-05	2
66.1208	79.6602	-0.00385537	4.63649e-05	2
66.9335	80.0731	-0.00388917	7.86819e-05	2
67.7906	80.4751	-0.0039219	0.000112831	2
68.6834	80.8612	-0.00395311	0.00014847	2
69.6123	81.2311	-0.00398277	0.000185624	2

124.999	2.01206	-1.45524e-07	8.77421e-08	2
124.932	3.04201	-1.22537e-05	7.1193e-06	2
124.833	4.06992	-2.37029e-05	1.32159e-05	2
124.704	5.08396	-3.4376e-05	1.83167e-05	2
124.547	6.07297	-4.41914e-05	2.24065e-05	2
124.361	7.06019	-5.34056e-05	2.5607e-05	2
124.146	8.03427	-6.19285e-05	2.7892e-05	2
123.904	8.99546	-6.97886e-05	2.92883e-05	2
123.636	9.94401	-7.70142e-05	2.98229e-05	2
123.342	10.8802	-8.36336e-05	2.95225e-05	2
123.024	11.8041	-8.96754e-05	2.84141e-05	2
122.68	12.7162	-9.51679e-05	2.65246e-05	2
122.314	13.6166	-0.000100139	2.38807e-05	2
121.924	14.5056	-0.000104618	2.05095e-05	2
121.512	15.3834	-0.000108633	1.64376e-05	2
121.079	16.2502	-0.000112212	1.16921e-05	2
120.625	17.1064	-0.000115384	6.29974e-06	2
120.151	17.9521	-0.000118177	2.87435e-07	2
119.658	18.7875	-0.000120619	-6.31796e-06	2
119.146	19.613	-0.000122739	-1.34896e-05	2
118.617	20.4288	-0.000124565	-2.12005e-05	2
118.07	21.2351	-0.000126126	-2.9424e-05	2
117.507	22.0322	-0.000127449	-3.8133e-05	2
116.928	22.8203	-0.000128564	-4.73008e-05	2
116.334	23.5996	-0.000129499	-5.69005e-05	2
115.726	24.3704	-0.000130282	-6.69052e-05	2
115.112	25.1242	-0.000130934	-7.71666e-05	2
114.477	25.8788	-0.0001315	-8.78968e-05	2
113.831	26.6256	-0.000131998	-9.89517e-05	2
113.173	27.3649	-0.000132457	-0.000110304	2
112.504	28.0969	-0.000132907	-0.000121928	2
111.826	28.8218	-0.000133374	-0.000133796	2
111.138	29.5399	-0.000133888	-0.000145881	2
110.442	30.2515	-0.000134477	-0.000158157	2
109.737	30.9567	-0.000135169	-0.000170595	2
109.026	31.6559	-0.000135993	-0.000183171	2
108.308	32.3492	-0.000136977	-0.000195856	2
107.585	33.0369	-0.00013815	-0.000208625	2
106.856	33.7193	-0.000139539	-0.000221449	2
106.124	34.3966	-0.000141173	-0.000234302	2
105.388	35.069	-0.000143082	-0.000247158	2
104.649	35.7368	-0.000145292	-0.000259989	2
103.908	36.4002	-0.000147832	-0.000272768	2
103.165	37.0594	-0.000150732	-0.00028547	2
102.422	37.7148	-0.000154018	-0.000298066	2
101.679	38.3666	-0.00015772	-0.00031053	2
100.937	39.0149	-0.000161867	-0.000322835	2
100.196	39.6601	-0.000166485	-0.000334954	2
99.457	40.3023	-0.000171604	-0.000346861	2
98.7297	40.9346	-0.000177185	-0.000358396	2
97.9975	41.5717	-0.000183384	-0.0003698	2
97.2697	42.2067	-0.000190169	-0.000380911	2
96.5469	42.8398	-0.000197568	-0.000391702	2
95.8299	43.4711	-0.000205609	-0.000402146	2
95.1194	44.101	-0.000214321	-0.000412217	2
94.4161	44.7296	-0.000223732	-0.000421888	2
93.7207	45.3573	-0.000233871	-0.000431131	2
93.0339	45.9843	-0.000244765	-0.00043992	2
92.3565	46.6107	-0.000256444	-0.000448228	2
91.6891	47.237	-0.000268936	-0.000456028	2
91.0325	47.8632	-0.000282268	-0.000463293	2
90.3875	48.4896	-0.000296471	-0.000469997	2
89.7546	49.1166	-0.000311571	-0.000476112	2
89.1347	49.7443	-0.000327597	-0.000481611	2
88.5284	50.3729	-0.000344578	-0.000486469	2
87.9365	51.0028	-0.000362542	-0.000490657	2
87.3596	51.6341	-0.000381517	-0.00049415	2
86.7986	52.2671	-0.000401532	-0.000496919	2
86.2541	52.9021	-0.000422615	-0.000498939	2
85.7268	53.5392	-0.000444795	-0.000500182	2
85.2174	54.1788	-0.0004681	-0.000500622	2
84.7267	54.8211	-0.000492558	-0.000500231	2
84.2554	55.4663	-0.000518198	-0.000498983	2
83.8092	56.1072	-0.000544733	-0.000496881	2
83.3786	56.7589	-0.000572807	-0.000493849	2
82.9695	57.4142	-0.000602148	-0.000489879	2
82.5826	58.0735	-0.000632784	-0.000484945	2
82.2186	58.7368	-0.000664743	-0.00047902	2
81.8783	59.4046	-0.000698054	-0.000472076	2
81.5624	60.0769	-0.000732745	-0.000464088	2
81.2716	60.7542	-0.000768845	-0.000455028	2
81.0066	61.4365	-0.000806381	-0.000444869	2
80.7682	62.1242	-0.000845383	-0.000433584	2
80.5569	62.8175	-0.000885879	-0.000421147	2
80.3737	63.5166	-0.000927896	-0.000407531	2
80.2191	64.2217	-0.000971464	-0.000392708	2
80.094	64.9333	-0.00101661	-0.000376653	2
79.9989	65.6513	-0.00106337	-0.000359337	2
79.9347	66.3762	-0.00111176	-0.000340735	2
79.902	67.1081	-0.00116181	-0.000320819	2
79.9016	67.8474	-0.00121356	-0.000299563	2
79.9341	68.5941	-0.00126702	-0.000276939	2
80.0004	69.3486	-0.00132224	-0.000252921	2
80.1011	70.1112	-0.00137923	-0.000227482	2
80.2369	70.882	-0.00143803	-0.000200594	2
80.4085	71.6614	-0.00149867	-0.000172232	2
80.6141	72.4404	-0.00156044	-0.00014272	2
80.8591	73.2374	-0.0016248	-0.000111346	2
81.1421	74.0436	-0.00169109	-7.84157e-05	2
81.4639	74.8593	-0.00175932	-4.39037e-05	2

