-124.999	2.01068	-2.48058e-08	1.84973e-07	2
-124.948	2.92739	-2.26247e-06	1.5297e-05	2
-124.932	3.8515	-4.73689e-06	2.90066e-05	2
-124.951	4.77232	-7.4244e-06	4.11628e-05	2
-125.003	5.67931	-1.02916e-05	5.16858e-05	2
-125.089	6.59358	-1.34063e-05	6.08538e-05	2
-125.207	7.50454	-1.67377e-05	6.85698e-05	2
-125.356	8.4122	-2.02867e-05	7.48677e-05	2
-125.536	9.31655	-2.40547e-05	7.97814e-05	2
-125.746	10.2176	-2.80428e-05	8.33449e-05	2
-125.985	11.1153	-3.22521e-05	8.55921e-05	2
-126.252	12.0097	-3.66838e-05	8.65569e-05	2
-126.546	12.9008	-4.13391e-05	8.62732e-05	2
-126.866	13.7885	-4.62191e-05	8.47751e-05	2
-127.211	14.6729	-5.1325e-05	8.20963e-05	2
-127.582	15.554	-5.6658e-05	7.8271e-05	2
-127.976	16.4317	-6.22193e-05	7.33328e-05	2
-128.393	17.306	-6.80099e-05	6.73159e-05	2
-128.831	18.1771	-7.40311e-05	6.02542e-05	2
-129.291	19.0447	-8.0284e-05	5.21815e-05	2
-129.772	19.909	-8.67698e-05	4.31318e-05	2
-130.271	20.7699	-9.34897e-05	3.31391e-05	2
-130.79	21.6275	-0.000100445	2.22372e-05	2
-131.326	22.4817	-0.000107636	1.04601e-05	2
-131.878	23.3325	-0.000115065	-2.15833e-06	2
-132.447	24.1799	-0.000122733	-1.5584e-05	2
-133.024	25.0143	-0.000130549	-2.96157e-05	2
-133.622	25.855	-0.000138694	-4.4546e-05	2
-134.233	26.6923	-0.000147083	-6.01823e-05	2
-134.857	27.5262	-0.000155714	-7.64906e-05	2
-135.493	28.3567	-0.00016459	-9.34369e-05	2
-136.139	29.1838	-0.000173712	-0.000110987	2
-136.795	30.0074	-0.00018308	-0.000129108	2
-137.461	30.8277	-0.000192697	-0.000147765	2
-138.134	31.6445	-0.000202563	-0.000166925	2
-138.815	32.4579	-0.000212679	-0.000186552	2
-139.503	33.2679	-0.000223047	-0.000206615	2
-140.196	34.0745	-0.000233667	-0.000227078	2
-140.894	34.8776	-0.000244541	-0.000247907	2
-141.595	35.6772	-0.00025567	-0.000269069	2
-142.3	36.4735	-0.000267056	-0.00029053	2
-143.007	37.2662	-0.000278699	-0.000312256	2
-143.716	38.0556	-0.0002906	-0.000334213	2
-144.424	38.8414	-0.000302761	-0.000356367	2
-145.133	39.6238	-0.000315183	-0.000378683	2
-145.84	40.4027	-0.000327866	-0.000401129	2
-146.545	41.1782	-0.000340813	-0.00042367	2
-147.247	41.9502	-0.000354025	-0.000446273	2
-147.946	42.7187	-0.000367501	-0.000468902	2
-148.631	43.4749	-0.000381085	-0.000491266	2
-149.319	44.2365	-0.000395094	-0.000513849	2
-150.001	44.9946	-0.000409371	-0.000536358	2
-150.675	45.7491	-0.000423918	-0.000558759	2
-151.342	46.5002	-0.000438737	-0.000581018	2
-151.999	47.2478	-0.000453828	-0.000603102	2
-152.646	47.9918	-0.000469193	-0.000624975	2
-153.283	48.7324	-0.000484832	-0.000646605	2
-153.908	49.4694	-0.000500748	-0.000667957	2
-154.521	50.2029	-0.000516941	-0.000688998	2
-155.12	50.9329	-0.000533412	-0.000709693	2
-155.706	51.6593	-0.000550162	-0.000730009	2
-156.276	52.3823	-0.000567193	-0.000749911	2
-156.83	53.1016	-0.000584506	-0.000769366	2
-157.368	53.8175	-0.000602102	-0.00078834	2
-157.888	54.5297	-0.000619982	-0.000806798	2
-158.389	55.2385	-0.000638147	-0.000824708	2
-158.871	55.9436	-0.000656599	-0.000842034	2
-159.333	56.6452	-0.000675338	-0.000858743	2
-159.774	57.3433	-0.000694366	-0.000874802	2
-160.193	58.0378	-0.000713684	-0.000890176	2
-160.589	58.7287	-0.000733294	-0.000904831	2
-160.962	59.416	-0.000753195	-0.000918733	2
-161.31	60.0997	-0.00077339	-0.000931849	2
-161.629	60.7721	-0.000793642	-0.000944007	2
-161.926	61.4487	-0.000814424	-0.000955458	2
-162.196	62.1217	-0.000835503	-0.00096602	2
-162.438	62.7911	-0.00085688	-0.000975661	2
-162.651	63.4569	-0.000878556	-0.000984346	2
-162.834	64.1191	-0.000900533	-0.000992041	2
-162.987	64.7777	-0.000922811	-0.000998712	2
-163.108	65.4326	-0.000945392	-0.00100433	2
-163.197	66.084	-0.000968277	-0.00100885	2
-163.253	66.7317	-0.000991467	-0.00101224	2
-163.276	67.3758	-0.00101496	-0.00101448	2
-163.263	68.0163	-0.00103877	-0.00101552	2
-163.214	68.6531	-0.00106288	-0.00101534	2
-163.129	69.2863	-0.0010873	-0.0010139	2
-163.007	69.9158	-0.00111203	-0.00101116	2
-162.846	70.5417	-0.00113708	-0.00100709	2
-162.647	71.1639	-0.00116244	-0.00100165	2
-162.407	71.7825	-0.00118811	-0.000994825	2
-162.126	72.3974	-0.0012141	-0.000986565	2
-161.804	73.0086	-0.0012404	-0.00097684	2
-161.439	73.6162	-0.00126703	-0.000965616	2
-161.031	74.2201	-0.00129397	-0.00095286	2
-160.578	74.8203	-0.00132123	-0.000938536	2
-160.086	75.41	-0.00134849	-0.000922805	2
-159.543	76.0029	-0.0013764	-0.000905266	2
-158.953	76.5921	-0.00140462	-0.000886059	2
-158.315	77.1776	-0.00143317	-0.000865149	2

-75.002	2.01146	-5.01618e-07	2.0167e-07	2
-75.1833	2.98819	-4.30509e-05	1.69832e-05	2
-75.3911	3.95901	-8.49258e-05	3.28383e-05	2
-75.6228	4.91277	-0.000125651	4.75794e-05	2
-75.875	5.83909	-0.000164803	6.10698e-05	2
-76.1531	6.75979	-0.000203318	7.36371e-05	2
-76.4537	7.66433	-0.000240762	8.51321e-05	2
-76.7765	8.55299	-0.00027716	9.55687e-05	2
-77.1209	9.42607	-0.000312539	0.000104961	2
-77.4864	10.2839	-0.000346924	0.000113323	2
-77.8727	11.1267	-0.000380341	0.000120668	2
-78.2792	11.9549	-0.000412818	0.000127011	2
-78.7054	12.7686	-0.000444379	0.000132365	2
-79.1509	13.5683	-0.000475051	0.000136744	2
-79.6153	14.3542	-0.000504861	0.000140163	2
-80.0979	15.1266	-0.000533833	0.000142635	2
-80.5985	15.8859	-0.000561995	0.000144175	2
-81.1164	16.6322	-0.000589373	0.000144795	2
-81.6513	17.366	-0.000615992	0.000144511	2
-82.2026	18.0875	-0.000641879	0.000143336	2
-82.7699	18.797	-0.00066706	0.000141284	2
-83.3528	19.4948	-0.000691561	0.00013837	2
-83.9506	20.1812	-0.000715408	0.000134606	2
-84.5631	20.8565	-0.000738627	0.000130007	2
-85.1896	21.521	-0.000761245	0.000124587	2
-85.8298	22.175	-0.000783287	0.00011836	2
-86.4755	22.8115	-0.000804536	0.000111425	2
-87.1414	23.4456	-0.000825512	0.000103635	2
-87.8195	24.07	-0.00084599	9.50795e-05	2
-88.5093	24.6852	-0.000865997	8.57724e-05	2
-89.2104	25.2913	-0.000885559	7.57278e-05	2
-89.9224	25.8887	-0.000904702	6.49598e-05	2
-90.6446	26.4778	-0.000923452	5.34822e-05	2
-91.3767	27.0587	-0.000941836	4.13091e-05	2
-92.1182	27.6318	-0.000959878	2.84543e-05	2
-92.8687	28.1974	-0.000977607	1.49319e-05	2
-93.6275	28.7558	-0.000995047	7.55831e-07	2
-94.3944	29.3073	-0.00101222	-1.406e-05	2
-95.1688	29.8522	-0.00102917	-2.95016e-05	2
-95.9502	30.3907	-0.0010459	-4.5555e-05	2
-96.7381	30.9232	-0.00106245	-6.22062e-05	2
-97.5322	31.4501	-0.00107884	-7.94413e-05	2
-98.3318	31.9715	-0.0010951	-9.72464e-05	2
-99.1367	32.4878	-0.00111125	-0.000115607	2
-99.9462	32.9992	-0.00112732	-0.00013451	2
-100.76	33.5062	-0.00114334	-0.000153941	2
-101.577	34.0089	-0.00115934	-0.000173887	2
-102.398	34.5077	-0.00117533	-0.000194332	2
-103.222	35.0029	-0.00119135	-0.000215263	2
-104.038	35.4891	-0.00120723	-0.000236418	2
-104.866	35.978	-0.00122338	-0.000258275	2
-105.695	36.4641	-0.00123963	-0.000280576	2
-106.525	36.9479	-0.001256	-0.000303308	2
-107.355	37.4294	-0.00127254	-0.000326456	2
-108.185	37.9092	-0.00128925	-0.000350007	2
-109.015	38.3874	-0.00130618	-0.000373946	2
-109.844	38.8643	-0.00132334	-0.00039826	2
-110.672	39.3404	-0.00134075	-0.000422935	2
-111.497	39.8158	-0.00135846	-0.000447956	2
-112.32	40.2908	-0.00137647	-0.00047331	2
-113.141	40.7658	-0.00139483	-0.000498983	2
-113.958	41.2411	-0.00141355	-0.000524961	2
-114.771	41.7169	-0.00143266	-0.00055123	2
-115.58	42.1936	-0.00145218	-0.000577776	2
-116.384	42.6714	-0.00147215	-0.000604584	2
-117.183	43.1507	-0.00149259	-0.000631642	2
-117.976	43.6318	-0.00151352	-0.000658935	2
-118.763	44.1149	-0.00153498	-0.000686448	2
-119.544	44.6003	-0.00155698	-0.000714169	2
-120.317	45.0884	-0.00157956	-0.000742083	2
-121.083	45.5795	-0.00160273	-0.000770176	2
-121.841	46.0738	-0.00162654	-0.000798435	2
-122.59	46.5716	-0.00165099	-0.000826845	2
-123.322	47.0675	-0.00167583	-0.000855063	2
-124.053	47.5733	-0.00170166	-0.000883732	2
-124.774	48.0835	-0.00172821	-0.000912511	2
-125.484	48.5985	-0.00175553	-0.000941385	2
-126.184	49.1185	-0.00178363	-0.000970341	2
-126.873	49.6438	-0.00181253	-0.000999365	2
-127.549	50.1748	-0.00184227	-0.00102844	2
-128.214	50.7117	-0.00187287	-0.00105756	2
-128.865	51.2548	-0.00190436	-0.0010867	2
-129.504	51.8045	-0.00193676	-0.00111586	2
-130.128	52.361	-0.0019701	-0.00114501	2
-130.739	52.9246	-0.0020044	-0.00117415	2
-131.335	53.4957	-0.0020397	-0.00120325	2
-131.916	54.0745	-0.00207601	-0.00123232	2
-132.481	54.6613	-0.00211337	-0.00126132	2
-133.03	55.2564	-0.00215179	-0.00129025	2
-133.563	55.8602	-0.00219132	-0.0013191	2
-134.078	56.4728	-0.00223196	-0.00134785	2
-134.576	57.0947	-0.00227375	-0.00137648	2
-135.057	57.7262	-0.00231672	-0.00140498	2
-135.519	58.3674	-0.00236089	-0.00143335	2
-135.962	59.0188	-0.00240628	-0.00146156	2
-136.385	59.6805	-0.00245293	-0.00148959	2
-136.785	60.3453	-0.0025003	-0.00151713	2
-137.168	61.0286	-0.00254951	-0.00154479	2
-137.531	61.7233	-0.00260006	-0.00157224	2
-137.873	62.4296	-0.00265196	-0.00159946	2

-25.001	2.01088	-4.51423e-07	-2.13815e-07	2
-25.0953	2.94505	-3.7121e-05	-1.77008e-05	2
-25.2	3.88701	-6.99285e-05	-3.35985e-05	2
-25.3141	4.82592	-9.8486e-05	-4.77238e-05	2
-25.4358	5.7511	-0.0001226	-5.99746e-05	2
-25.5678	6.68409	-0.000142895	-7.06661e-05	2
-25.7086	7.61416	-0.00015913	-7.96763e-05	2
-25.858	8.54136	-0.000171368	-8.70358e-05	2
-26.0159	9.46572	-0.000179673	-9.27751e-05	2
-26.1821	10.3873	-0.000184108	-9.69249e-05	2
-26.3565	11.3061	-0.000184737	-9.95155e-05	2
-26.5388	12.2222	-0.000181623	-0.000100578	2
-26.7289	13.1357	-0.00017483	-0.000100142	2
-26.9266	14.0465	-0.000164422	-9.8238e-05	2
-27.1318	14.9547	-0.000150461	-9.48975e-05	2
-27.3442	15.8604	-0.000133011	-9.01506e-05	2
-27.5639	16.7636	-0.000112136	-8.40278e-05	2
-27.7904	17.6643	-8.78994e-05	-7.65596e-05	2
-28.0238	18.5626	-6.03645e-05	-6.77765e-05	2
-28.2638	19.4586	-2.95949e-05	-5.77091e-05	2
-28.5103	20.3522	4.3459e-06	-4.63879e-05	2
-28.7631	21.2435	4.13944e-05	-3.38434e-05	2
-29.022	22.1326	8.14872e-05	-2.01063e-05	2
-29.2869	23.0194	0.000124561	-5.2069e-06	2
-29.5576	23.9041	0.000170551	1.08241e-05	2
-29.8339	24.7867	0.000219396	2.79563e-05	2
-30.1124	25.6571	0.000270421	4.59439e-05	2
-30.3994	26.5356	0.000324752	6.51749e-05	2
-30.6916	27.412	0.000381746	8.54159e-05	2
-30.9887	28.2866	0.000441341	0.000106636	2
-31.2907	29.1592	0.000503472	0.000128805	2
-31.5973	30.0299	0.000568077	0.000151893	2
-31.9084	30.8988	0.000635093	0.000175868	2
-32.2237	31.7659	0.000704454	0.0002007	2
-32.5432	32.6313	0.000776099	0.00022636	2
-32.8667	33.4949	0.000849962	0.000252815	2
-33.194	34.3569	0.000925982	0.000280036	2
-33.525	35.2173	0.00100409	0.000307992	2
-33.8594	36.0761	0.00108424	0.000336652	2
-34.1971	36.9333	0.00116634	0.000365987	2
-34.538	37.7891	0.00125035	0.000395965	2
-34.8818	38.6434	0.0013362	0.000426557	2
-35.2285	39.4963	0.00142382	0.00045773	2
-35.5778	40.3478	0.00151315	0.000489456	2
-35.9296	41.198	0.00160413	0.000521703	2
-36.2836	42.0469	0.0016967	0.00055444	2
-36.6399	42.8945	0.00179079	0.000587639	2
-36.9981	43.741	0.00188633	0.000621266	2
-37.3581	44.5863	0.00198327	0.000655294	2
-37.7157	45.4207	0.0020804	0.000689292	2
-38.0788	46.2639	0.00217992	0.000724023	2
-38.4433	47.1059	0.00228065	0.000759061	2
-38.8089	47.947	0.00238251	0.000794377	2
-39.1755	48.7871	0.00248546	0.00082994	2
-39.5429	49.6263	0.00258941	0.000865719	2
-39.911	50.4646	0.00269432	0.000901684	2
-40.2795	51.3022	0.00280011	0.000937805	2
-40.6484	52.1389	0.00290673	0.00097405	2
-41.0174	52.9749	0.00301411	0.00101039	2
-41.3864	53.8101	0.00312218	0.00104679	2
-41.7553	54.6447	0.00323089	0.00108323	2
-42.1238	55.4787	0.00334016	0.00111967	2
-42.4917	56.3122	0.00344994	0.00115608	2
-42.859	57.145	0.00356016	0.00119243	2
-43.2255	57.9774	0.00367076	0.0012287	2
-43.5909	58.8094	0.00378168	0.00126484	2
-43.9552	59.6409	0.00389285	0.00130084	2
-44.3181	60.4721	0.0040042	0.00133665	2
-44.6795	61.3029	0.00411568	0.00137226	2
-45.0393	62.1335	0.00422723	0.00140762	2
-45.3972	62.9638	0.00433877	0.00144271	2
-45.753	63.7939	0.00445024	0.0014775	2
-46.1068	64.6238	0.00456158	0.00151195	2
-46.4541	65.4441	0.00467146	0.00154565	2
-46.803	66.2739	0.00478236	0.00157935	2
-47.1492	67.1036	0.00489294	0.00161263	2
-47.4926	67.9333	0.00500313	0.00164545	2
-47.833	68.7631	0.00511288	0.00167779	2
-48.1702	69.593	0.00522212	0.00170961	2
-48.5041	70.423	0.00533079	0.00174088	2
-48.8345	71.2532	0.00543882	0.00177158	2
-49.1612	72.0836	0.00554615	0.00180167	2
-49.484	72.9143	0.00565272	0.00183112	2
-49.8029	73.7452	0.00575846	0.0018599	2
-50.1176	74.5765	0.00586331	0.00188798	2
-50.428	75.4082	0.00596721	0.00191534	2
-50.7338	76.2403	0.00607008	0.00194193	2
-51.035	77.0729	0.00617188	0.00196773	2
-51.3314	77.906	0.00627253	0.00199271	2
-51.6228	78.7397	0.00637198	0.00201684	2
-51.909	79.5739	0.00647015	0.00204009	2
-52.1898	80.4088	0.00656699	0.00206243	2
-52.4652	81.2443	0.00666243	0.00208382	2
-52.7349	82.0806	0.0067564	0.00210423	2
-52.9988	82.9176	0.00684885	0.00212365	2
-53.2567	83.7555	0.00693971	0.00214202	2
-53.5056	84.5845	0.00702791	0.00215914	2
-53.751	85.4241	0.00711542	0.00217537	2
-53.99	86.2646	0.00720115	0.00219047	2
-54.2223	87.106	0.00728505	0.00220442	2

25.0006	2.01256	1.6974e-07	2.15738e-08	2
25.0653	3.08514	1.58384e-05	7.55892e-07	2
25.1505	4.15551	3.38174e-05	-7.35886e-07	2
25.2551	5.21126	5.38972e-05	-4.44446e-06	2
25.3775	6.24064	7.5772e-05	-1.02589e-05	2
25.5203	7.26774	9.9911e-05	-1.82838e-05	2
25.6818	8.28065	0.000126032	-2.84333e-05	2
25.8617	9.27951	0.000154095	-4.06764e-05	2
26.06	10.2645	0.00018406	-5.49822e-05	2
26.2762	11.2357	0.000215888	-7.132e-05	2
26.5102	12.1933	0.000249539	-8.96588e-05	2
26.7616	13.1374	0.000284972	-0.000109968	2
27.0303	14.0682	0.000322149	-0.000132216	2
27.3159	14.9858	0.000361029	-0.000156372	2
27.6183	15.8904	0.000401572	-0.000182407	2
27.937	16.7821	0.000443739	-0.000210287	2
28.272	17.6611	0.00048749	-0.000239984	2
28.6229	18.5274	0.000532786	-0.000271465	2
28.9895	19.3813	0.000579585	-0.0003047	2
29.3716	20.2229	0.00062785	-0.000339659	2
29.7688	21.0523	0.000677539	-0.00037631	2
30.1809	21.8697	0.000728613	-0.000414622	2
30.6076	22.6753	0.000781032	-0.000454564	2
31.0488	23.469	0.000834756	-0.000496107	2
31.5041	24.2512	0.000889747	-0.000539218	2
31.9732	25.022	0.000945963	-0.000583867	2
32.4504	25.7728	0.0010027	-0.000629483	2
32.9464	26.5212	0.00106123	-0.000677099	2
33.4556	27.2586	0.00112088	-0.000726159	2
33.9776	27.9852	0.00118159	-0.000776635	2
34.5122	28.701	0.00124332	-0.000828494	2
35.0591	29.4063	0.00130605	-0.000881707	2
35.6182	30.1011	0.00136972	-0.000936241	2
36.189	30.7856	0.0014343	-0.000992067	2
36.7715	31.46	0.00149975	-0.00104915	2
37.3653	32.1243	0.00156602	-0.00110747	2
37.9701	32.7789	0.00163309	-0.00116698	2
38.5857	33.4237	0.0017009	-0.00122766	2
39.2119	34.0589	0.00176942	-0.00128948	2
39.8484	34.6847	0.00183861	-0.00135241	2
40.4949	35.3013	0.00190844	-0.00141641	2
41.1512	35.9087	0.00197885	-0.00148145	2
41.817	36.5071	0.00204981	-0.00154751	2
42.4921	37.0967	0.00212128	-0.00161455	2
43.1762	37.6776	0.00219322	-0.00168254	2
43.8691	38.2499	0.00226559	-0.00175145	2
44.5704	38.8138	0.00233835	-0.00182125	2
45.28	39.3695	0.00241146	-0.00189191	2
45.9976	39.917	0.00248489	-0.0019634	2
46.7145	40.4504	0.00255773	-0.00203485	2
47.4472	40.9822	0.00263166	-0.0021079	2
48.1871	41.5063	0.00270577	-0.00218168	2
48.9339	42.0229	0.00278004	-0.00225616	2
49.6875	42.5321	0.00285442	-0.00233132	2
50.4475	43.034	0.00292888	-0.00240712	2
51.2137	43.5288	0.00300336	-0.00248354	2
51.9858	44.0166	0.00307784	-0.00256053	2
52.7636	44.4977	0.00315228	-0.00263808	2
53.5468	44.972	0.00322662	-0.00271614	2
54.3352	45.4398	0.00330084	-0.0027947	2
55.1285	45.9012	0.0033749	-0.00287371	2
55.9264	46.3564	0.00344874	-0.00295315	2
56.7288	46.8055	0.00352235	-0.00303299	2
57.5352	47.2486	0.00359566	-0.00311319	2
58.3456	47.6859	0.00366866	-0.00319372	2
59.1595	48.1176	0.00374128	-0.00327456	2
59.9769	48.5437	0.00381351	-0.00335567	2
60.7973	48.9644	0.00388528	-0.00343703	2
61.6206	49.3799	0.00395658	-0.00351859	2
62.4465	49.7904	0.00402735	-0.00360033	2
63.2747	50.1959	0.00409755	-0.00368223	2
64.105	50.5965	0.00416715	-0.00376424	2
64.9372	50.9926	0.00423611	-0.00384634	2
65.7613	51.3796	0.00430361	-0.00392755	2
66.5963	51.7668	0.00437117	-0.00400973	2
67.4323	52.1498	0.00443796	-0.00409191	2
68.2692	52.5287	0.00450396	-0.00417405	2
69.1066	52.9037	0.00456911	-0.00425612	2
69.9443	53.2749	0.00463339	-0.0043381	2
70.782	53.6424	0.00469674	-0.00441995	2
71.6195	54.0065	0.00475912	-0.00450164	2
72.4566	54.3672	0.00482051	-0.00458313	2
73.2928	54.7247	0.00488086	-0.00466441	2
74.1281	55.0791	0.00494012	-0.00474544	2
74.9622	55.4306	0.00499827	-0.00482618	2
75.7947	55.7793	0.00505525	-0.00490661	2
76.6255	56.1254	0.00511104	-0.0049867	2
77.4542	56.469	0.00516558	-0.00506641	2
78.2806	56.8102	0.00521885	-0.00514571	2
79.1046	57.1493	0.00527079	-0.00522458	2
79.9257	57.4863	0.00532138	-0.00530297	2
80.7438	57.8214	0.00537056	-0.00538087	2
81.5586	58.1547	0.00541831	-0.00545824	2
82.3698	58.4864	0.00546458	-0.00553505	2
83.1772	58.8167	0.00550933	-0.00561127	2
83.9805	59.1456	0.00555252	-0.00568686	2
84.7703	59.4695	0.00559365	-0.00576095	2
85.5648	59.7962	0.00563362	-0.00583521	2
86.3544	60.122	0.00567192	-0.00590877	2
87.1389	60.447	0.0057085	-0.00598157	2

74.9952	2.01186	-5.42656e-07	-4.75669e-08	2
74.5963	3.02789	-4.66175e-05	-3.85021e-06	2
74.2218	4.04742	-9.20415e-05	-7.12845e-06	2
73.8761	5.05861	-0.000136283	-9.85127e-06	2
73.5624	6.04999	-0.000178864	-1.20131e-05	2
73.273	7.04463	-0.000220787	-1.36806e-05	2
73.0114	8.03097	-0.000261561	-1.48421e-05	2
72.7772	9.00903	-0.000301196	-1.55142e-05	2
72.5702	9.97882	-0.000339704	-1.57134e-05	2
72.39	10.9404	-0.000377095	-1.54562e-05	2
72.2363	11.8937	-0.000413382	-1.47593e-05	2
72.1086	12.8387	-0.000448574	-1.3639e-05	2
72.0068	13.7756	-0.000482684	-1.2112e-05	2
71.9304	14.7043	-0.000515721	-1.01948e-05	2
71.8791	15.6248	-0.000547698	-7.904e-06	2
71.8526	16.5371	-0.000578625	-5.25607e-06	2
71.8505	17.4413	-0.000608513	-2.26758e-06	2
71.8725	18.3374	-0.000637374	1.04492e-06	2
71.9183	19.2253	-0.000665217	4.6649e-06	2
71.9875	20.1052	-0.000692056	8.57581e-06	2
72.0797	20.9769	-0.0007179	1.27611e-05	2
72.1947	21.8406	-0.000742761	1.72043e-05	2
72.3322	22.6963	-0.000766649	2.18887e-05	2
72.4917	23.5439	-0.000789576	2.67979e-05	2
72.6729	24.3834	-0.000811553	3.19154e-05	2
72.8755	25.215	-0.000832591	3.72245e-05	2
73.0965	26.0291	-0.000852476	4.26448e-05	2
73.3407	26.8448	-0.000871679	4.82859e-05	2
73.6052	27.6525	-0.000889977	5.40692e-05	2
73.8898	28.4523	-0.000907379	5.99783e-05	2
74.1941	29.2441	-0.000923898	6.59965e-05	2
74.5178	30.0281	-0.000939544	7.21073e-05	2
74.8606	30.8041	-0.000954329	7.82942e-05	2
75.222	31.5722	-0.000968263	8.45406e-05	2
75.6018	32.3325	-0.000981357	9.083e-05	2
75.9996	33.0849	-0.000993623	9.71458e-05	2
76.4151	33.8294	-0.00100507	0.000103472	2
76.848	34.5661	-0.00101571	0.000109791	2
77.2978	35.2951	-0.00102556	0.000116087	2
77.7644	36.0162	-0.00103462	0.000122343	2
78.2473	36.7295	-0.00104291	0.000128543	2
78.7462	37.4351	-0.00105044	0.00013467	2
79.2607	38.1329	-0.00105722	0.000140708	2
79.7906	38.823	-0.00106325	0.000146639	2
80.3354	39.5054	-0.00106856	0.000152449	2
80.895	40.1801	-0.00107315	0.000158119	2
81.4688	40.847	-0.00107703	0.000163634	2
82.0566	41.5063	-0.00108022	0.000168977	2
82.658	42.158	-0.00108272	0.000174131	2
83.2656	42.7946	-0.00108454	0.000179025	2
83.8932	43.4311	-0.00108571	0.000183755	2
84.5334	44.0599	-0.00108624	0.000188247	2
85.1859	44.6812	-0.00108612	0.000192484	2
85.8503	45.2948	-0.00108537	0.00019645	2
86.5264	45.9009	-0.00108401	0.000200129	2
87.2137	46.4995	-0.00108204	0.000203503	2
87.912	47.0905	-0.00107947	0.000206557	2
88.6209	47.674	-0.00107631	0.000209273	2
89.3401	48.2499	-0.00107259	0.000211635	2
90.0692	48.8184	-0.0010683	0.000213627	2
90.8079	49.3794	-0.00106346	0.000215232	2
91.5558	49.933	-0.00105807	0.000216434	2
92.3127	50.4791	-0.00105216	0.000217216	2
93.0781	51.0177	-0.00104573	0.000217561	2
93.8518	51.549	-0.00103879	0.000217453	2
94.6334	52.0728	-0.00103136	0.000216875	2
95.4226	52.5893	-0.00102344	0.000215811	2
96.219	53.0984	-0.00101505	0.000214245	2
97.0222	53.6001	-0.00100619	0.000212159	2
97.8321	54.0945	-0.000996879	0.000209537	2
98.6482	54.5816	-0.000987129	0.000206363	2
99.4701	55.0614	-0.000976948	0.00020262	2
100.298	55.5339	-0.000966348	0.000198292	2
101.121	55.9938	-0.00095547	0.000193422	2
101.958	56.4518	-0.00094407	0.00018788	2
102.8	56.9026	-0.000932284	0.000181703	2
103.647	57.3461	-0.000920124	0.000174875	2
104.497	57.7824	-0.0009076	0.000167379	2
105.35	58.2115	-0.000894723	0.000159199	2
106.207	58.6335	-0.000881505	0.000150317	2
107.067	59.0482	-0.000867956	0.000140718	2
107.929	59.4558	-0.000854088	0.000130385	2
108.793	59.8563	-0.000839911	0.000119301	2
109.66	60.2496	-0.000825437	0.00010745	2
110.527	60.6358	-0.000810677	9.48151e-05	2
111.396	61.0149	-0.000795642	8.138e-05	2
112.266	61.387	-0.000780343	6.71279e-05	2
113.136	61.752	-0.00076479	5.20425e-05	2
114.006	62.1099	-0.000748996	3.61071e-05	2
114.876	62.4608	-0.000732971	1.93053e-05	2
115.746	62.8047	-0.000716726	1.62045e-06	2
116.615	63.1415	-0.000700272	-1.6964e-05	2
117.482	63.4714	-0.000683621	-3.64645e-05	2
118.348	63.7943	-0.000666783	-5.68976e-05	2
119.212	64.1103	-0.00064977	-7.828e-05	2
120.074	64.4193	-0.000632592	-0.000100628	2
120.924	64.7179	-0.000615461	-0.000123685	2
121.78	65.0131	-0.000597989	-0.000148002	2
122.634	65.3015	-0.000580386	-0.000173335	2
123.483	65.5829	-0.000562663	-0.000199699	2

124.997	2.01064	2.59887e-07	-3.51439e-07	2
124.713	2.92904	2.12558e-05	-2.9905e-05	2
124.427	3.86445	3.98067e-05	-5.84678e-05	2
124.144	4.80596	5.57057e-05	-8.57092e-05	2
123.866	5.74236	6.88676e-05	-0.000111359	2
123.588	6.69514	7.96512e-05	-0.000136035	2
123.312	7.65317	8.79415e-05	-0.000159451	2
123.039	8.61616	9.37918e-05	-0.000181629	2
122.77	9.58383	9.72552e-05	-0.000202589	2
122.504	10.5559	9.83846e-05	-0.000222352	2
122.242	11.5321	9.72334e-05	-0.000240939	2
121.983	12.5121	9.38544e-05	-0.00025837	2
121.729	13.4957	8.83009e-05	-0.000274667	2
121.479	14.4826	8.0626e-05	-0.00028985	2
121.234	15.4724	7.08827e-05	-0.000303941	2
120.994	16.4649	5.91242e-05	-0.000316959	2
120.759	17.4599	4.54035e-05	-0.000328925	2
120.529	18.457	2.97737e-05	-0.000339861	2
120.305	19.456	1.22881e-05	-0.000349787	2
120.086	20.4565	-7.00042e-06	-0.000358724	2
119.874	21.4584	-2.80387e-05	-0.000366692	2
119.668	22.4612	-5.07735e-05	-0.000373713	2
119.468	23.4648	-7.51519e-05	-0.000379807	2
119.275	24.4688	-0.000101121	-0.000384996	2
119.09	25.473	-0.000128627	-0.000389299	2
118.911	26.477	-0.000157617	-0.000392737	2
118.742	27.4692	-0.000187681	-0.000395307	2
118.578	28.4721	-0.000219465	-0.000397089	2
118.422	29.4742	-0.000252575	-0.000398068	2
118.274	30.4749	-0.000286957	-0.000398266	2
118.135	31.4742	-0.000322558	-0.000397703	2
118.005	32.4716	-0.000359325	-0.000396401	2
117.883	33.4669	-0.000397206	-0.000394379	2
117.77	34.4599	-0.000436147	-0.000391659	2
117.667	35.4502	-0.000476094	-0.000388261	2
117.573	36.4376	-0.000516995	-0.000384206	2
117.488	37.4217	-0.000558797	-0.000379515	2
117.414	38.4023	-0.000601447	-0.00037421	2
117.35	39.3792	-0.000644891	-0.000368309	2
117.297	40.3519	-0.000689077	-0.000361835	2
117.254	41.3204	-0.000733951	-0.000354809	2
117.222	42.2841	-0.00077946	-0.00034725	2
117.202	43.243	-0.000825551	-0.00033918	2
117.193	44.1967	-0.000872171	-0.000330619	2
117.195	45.1448	-0.000919267	-0.000321589	2
117.209	46.0872	-0.000966786	-0.000312109	2
117.236	47.0236	-0.00101467	-0.000302202	2
117.274	47.9536	-0.00106288	-0.000291887	2
117.326	48.8771	-0.00111135	-0.000281185	2
117.389	49.7831	-0.00115947	-0.000270247	2
117.466	50.6925	-0.0012083	-0.000258839	2
117.556	51.5945	-0.00125724	-0.000247106	2
117.66	52.4887	-0.00130623	-0.000235069	2
117.777	53.3749	-0.00135522	-0.00022275	2
117.909	54.2528	-0.00140416	-0.000210168	2
118.054	55.1221	-0.00145298	-0.000197345	2
118.214	55.9826	-0.00150165	-0.000184302	2
118.389	56.8338	-0.0015501	-0.000171058	2
118.578	57.6757	-0.00159829	-0.000157636	2
118.783	58.5078	-0.00164616	-0.000144056	2
119.003	59.33	-0.00169365	-0.000130338	2
119.239	60.1418	-0.00174072	-0.000116503	2
119.49	60.9431	-0.0017873	-0.000102573	2
119.758	61.7335	-0.00183336	-8.85672e-05	2
120.042	62.5129	-0.00187883	-7.45075e-05	2
120.342	63.2807	-0.00192366	-6.04143e-05	2
120.659	64.037	-0.0019678	-4.63083e-05	2
120.994	64.7812	-0.00201119	-3.22104e-05	2
121.345	65.5131	-0.00205379	-1.81414e-05	2
121.714	66.2326	-0.00209553	-4.12204e-06	2
122.1	66.9392	-0.00213637	9.82691e-06	2
122.505	67.6326	-0.00217626	2.36847e-05	2
122.927	68.3127	-0.00221513	3.74304e-05	2
123.363	68.9716	-0.00225251	5.08877e-05	2
123.823	69.6242	-0.00228922	6.4349e-05	2
124.301	70.2626	-0.00232476	7.76362e-05	2
124.798	70.8865	-0.00235907	9.07285e-05	2
125.315	71.4956	-0.00239211	0.000103605	2
125.851	72.0896	-0.00242382	0.000116245	2
126.407	72.6682	-0.00245415	0.000128628	2
126.984	73.2312	-0.00248305	0.000140733	2
127.58	73.7782	-0.00251046	0.000152539	2
128.197	74.3091	-0.00253632	0.000164026	2
128.834	74.8234	-0.0025606	0.000175172	2
129.493	75.321	-0.00258322	0.000185957	2
130.172	75.8015	-0.00260415	0.00019636	2
130.874	76.2647	-0.00262332	0.00020636	2
131.596	76.7103	-0.00264069	0.000215936	2
132.341	77.1379	-0.00265619	0.000225069	2
133.108	77.5474	-0.00266979	0.000233736	2
133.897	77.9383	-0.00268142	0.000241918	2
134.709	78.3106	-0.00269103	0.000249592	2
135.543	78.6638	-0.00269857	0.00025674	2
136.401	78.9976	-0.00270398	0.000263339	2
137.282	79.3119	-0.00270722	0.000269369	2
138.186	79.6063	-0.00270822	0.000274809	2
139.104	79.8775	-0.00270697	0.000279587	2
140.056	80.1315	-0.00270338	0.000283793	2
141.032	80.3648	-0.0026974	0.000287347	2
142.032	80.577	-0.00268898	0.000290228	2

