-125.001	2.01209	2.70064e-07	-4.85156e-07	2
-125.074	3.04636	2.45623e-05	-4.07414e-05	2
-125.169	4.08174	5.12593e-05	-7.8548e-05	2
-125.283	5.10632	8.00552e-05	-0.000113471	2
-125.416	6.10868	0.000110548	-0.000145207	2
-125.568	7.11231	0.000143411	-0.000174547	2
-125.74	8.10568	0.000178267	-0.000201154	2
-125.93	9.08895	0.000215079	-0.00022508	2
-126.138	10.0623	0.000253811	-0.000246375	2
-126.364	11.0259	0.000294429	-0.000265092	2
-126.608	11.98	0.000336895	-0.000281279	2
-126.869	12.9247	0.000381175	-0.000294989	2
-127.146	13.8602	0.000427233	-0.000306272	2
-127.44	14.7866	0.000475033	-0.000315179	2
-127.75	15.7042	0.000524538	-0.00032176	2
-128.076	16.6132	0.000575715	-0.000326068	2
-128.418	17.5136	0.000628526	-0.000328151	2
-128.774	18.4058	0.000682935	-0.000328062	2
-129.146	19.2898	0.000738909	-0.000325851	2
-129.532	20.1658	0.000796409	-0.000321569	2
-129.932	21.0341	0.000855402	-0.000315266	2
-130.346	21.8947	0.00091585	-0.000306994	2
-130.773	22.748	0.000977718	-0.000296804	2
-131.214	23.5939	0.00104097	-0.000284746	2
-131.668	24.4329	0.00110557	-0.000270871	2
-132.134	25.2649	0.00117149	-0.00025523	2
-132.607	26.0807	0.0012379	-0.000238083	2
-133.097	26.8996	0.00130632	-0.000219081	2
-133.598	27.7121	0.00137595	-0.000198465	2
-134.111	28.5184	0.00144674	-0.000176286	2
-134.635	29.3187	0.00151867	-0.000152595	2
-135.169	30.1132	0.0015917	-0.000127442	2
-135.713	30.902	0.0016658	-0.000100878	2
-136.267	31.6853	0.00174092	-7.29541e-05	2
-136.831	32.4634	0.00181703	-4.37213e-05	2
-137.404	33.2363	0.0018941	-1.32302e-05	2
-137.986	34.0043	0.00197209	1.84682e-05	2
-138.577	34.7675	0.00205096	5.13232e-05	2
-139.176	35.5262	0.00213069	8.52839e-05	2
-139.782	36.2805	0.00221122	0.000120299	2
-140.396	37.0305	0.00229253	0.000156319	2
-141.018	37.7764	0.00237459	0.000193292	2
-141.646	38.5185	0.00245735	0.000231167	2
-142.281	39.2569	0.00254078	0.000269894	2
-142.922	39.9918	0.00262484	0.000309421	2
-143.569	40.7234	0.00270951	0.000349698	2
-144.222	41.4518	0.00279473	0.000390674	2
-144.88	42.1772	0.00288049	0.000432299	2
-145.543	42.8997	0.00296673	0.00047452	2
-146.202	43.6115	0.00305243	0.000516794	2
-146.874	44.329	0.00313955	0.000560053	2
-147.549	45.0443	0.00322705	0.000603756	2
-148.229	45.7574	0.0033149	0.000647855	2
-148.911	46.4687	0.00340306	0.000692297	2
-149.596	47.1782	0.0034915	0.000737032	2
-150.284	47.8861	0.00358018	0.000782009	2
-150.975	48.5927	0.00366907	0.000827177	2
-151.667	49.298	0.00375813	0.000872485	2
-152.361	50.0024	0.00384732	0.000917883	2
-153.056	50.7058	0.00393661	0.00096332	2
-153.752	51.4086	0.00402596	0.00100874	2
-154.449	52.1109	0.00411534	0.00105411	2
-155.145	52.8129	0.00420471	0.00109935	2
-155.842	53.5147	0.00429404	0.00114444	2
-156.539	54.2166	0.00438329	0.0011893	2
-157.235	54.9186	0.00447242	0.00123391	2
-157.93	55.6211	0.0045614	0.00127819	2
-158.623	56.3241	0.00465019	0.00132211	2
-159.315	57.0279	0.00473876	0.0013656	2
-160.005	57.7326	0.00482707	0.00140863	2
-160.692	58.4384	0.00491509	0.00145114	2
-161.377	59.1455	0.00500278	0.00149307	2
-162.059	59.8541	0.0050901	0.00153439	2
-162.729	60.5561	0.00517602	0.00157456	2
-163.404	61.268	0.00526251	0.00161449	2
-164.075	61.982	0.00534852	0.00165364	2
-164.741	62.6981	0.00543403	0.00169196	2
-165.403	63.4166	0.00551899	0.00172941	2
-166.06	64.1376	0.00560337	0.00176594	2
-166.711	64.8613	0.00568713	0.00180148	2
-167.357	65.5879	0.00577025	0.001836	2
-167.997	66.3175	0.00585267	0.00186944	2
-168.63	67.0503	0.00593438	0.00190175	2
-169.257	67.7866	0.00601532	0.00193287	2
-169.877	68.5264	0.00609547	0.00196277	2
-170.489	69.2701	0.00617479	0.00199138	2
-171.094	70.0176	0.00625325	0.00201866	2
-171.691	70.7693	0.0063308	0.00204456	2
-172.28	71.5253	0.00640742	0.00206902	2
-172.86	72.2857	0.00648306	0.00209199	2
-173.431	73.0509	0.00655769	0.00211343	2
-173.992	73.8208	0.00663128	0.00213328	2
-174.544	74.5958	0.00670379	0.00215149	2
-175.087	75.3759	0.00677518	0.00216801	2
-175.618	76.1614	0.00684542	0.0021828	2
-176.14	76.9525	0.00691447	0.00219579	2
-176.644	77.74	0.00698153	0.00220682	2
-177.143	78.5426	0.00704811	0.0022161	2
-177.631	79.3513	0.0071134	0.00222344	2
-178.106	80.1662	0.00717737	0.00222878	2

-75.001	2.01269	7.76354e-07	-7.00851e-08	2
-75.0767	3.09992	6.7723e-05	-6.89186e-06	2
-75.1377	4.19132	0.000135803	-1.53813e-05	2
-75.1831	5.27427	0.00020423	-2.54537e-05	2
-75.2129	6.33654	0.0002722	-3.69515e-05	2
-75.228	7.40291	0.000341283	-5.01276e-05	2
-75.228	8.46105	0.00041068	-6.48426e-05	2
-75.2132	9.51103	0.000480379	-8.10816e-05	2
-75.1838	10.5529	0.00055037	-9.883e-05	2
-75.1398	11.5868	0.000620642	-0.000118073	2
-75.0815	12.6127	0.000691184	-0.000138796	2
-75.0091	13.6308	0.000761984	-0.000160984	2
-74.9226	14.641	0.000833032	-0.000184622	2
-74.8224	15.6435	0.000904317	-0.000209697	2
-74.7085	16.6384	0.000975828	-0.000236192	2
-74.5812	17.6256	0.00104755	-0.000264093	2
-74.4406	18.6054	0.00111948	-0.000293386	2
-74.2868	19.5777	0.00119161	-0.000324055	2
-74.1201	20.5426	0.00126391	-0.000356086	2
-73.9407	21.5003	0.00133639	-0.000389465	2
-73.7486	22.4506	0.00140902	-0.000424176	2
-73.5442	23.3939	0.00148181	-0.000460205	2
-73.3274	24.33	0.00155473	-0.000497537	2
-73.0986	25.2592	0.00162778	-0.000536157	2
-72.8579	26.1813	0.00170094	-0.000576051	2
-72.6054	27.0967	0.00177422	-0.000617204	2
-72.3445	27.9948	0.00184674	-0.000659106	2
-72.0693	28.8966	0.00192018	-0.000702718	2
-71.7828	29.7918	0.0019937	-0.000747545	2
-71.4852	30.6804	0.00206729	-0.000793572	2
-71.1768	31.5625	0.00214092	-0.000840784	2
-70.8577	32.4382	0.00221459	-0.000889166	2
-70.5281	33.3074	0.00228829	-0.000938705	2
-70.1881	34.1704	0.00236201	-0.000989384	2
-69.838	35.0271	0.00243573	-0.00104119	2
-69.4778	35.8777	0.00250945	-0.00109411	2
-69.1078	36.7222	0.00258316	-0.00114812	2
-68.7281	37.5607	0.00265683	-0.00120322	2
-68.339	38.3932	0.00273048	-0.00125938	2
-67.9405	39.2199	0.00280407	-0.0013166	2
-67.5329	40.0407	0.0028776	-0.00137485	2
-67.1163	40.8558	0.00295106	-0.00143413	2
-66.6909	41.6653	0.00302445	-0.00149442	2
-66.2569	42.4692	0.00309774	-0.0015557	2
-65.8144	43.2675	0.00317092	-0.00161796	2
-65.3637	44.0605	0.003244	-0.00168118	2
-64.9048	44.848	0.00331694	-0.00174535	2
-64.438	45.6302	0.00338976	-0.00181046	2
-63.9635	46.4073	0.00346242	-0.00187649	2
-63.487	47.1703	0.00353409	-0.00194264	2
-62.9975	47.9371	0.00360643	-0.00201046	2
-62.5008	48.6989	0.00367859	-0.00207915	2
-61.997	49.4558	0.00375056	-0.0021487	2
-61.4863	50.2078	0.00382233	-0.00221909	2
-60.9689	50.955	0.00389389	-0.00229032	2
-60.445	51.6974	0.00396522	-0.00236237	2
-59.9146	52.4352	0.00403631	-0.00243522	2
-59.3781	53.1684	0.00410716	-0.00250885	2
-58.8355	53.8971	0.00417776	-0.00258326	2
-58.2871	54.6214	0.00424808	-0.00265843	2
-57.7329	55.3413	0.00431813	-0.00273434	2
-57.1733	56.0568	0.00438789	-0.00281097	2
-56.6083	56.7682	0.00445735	-0.00288833	2
-56.0381	57.4754	0.0045265	-0.00296638	2
-55.463	58.1785	0.00459532	-0.00304511	2
-54.883	58.8776	0.00466381	-0.00312452	2
-54.2984	59.5727	0.00473196	-0.00320458	2
-53.7093	60.264	0.00479975	-0.00328528	2
-53.1158	60.9515	0.00486718	-0.0033666	2
-52.5183	61.6352	0.00493422	-0.00344854	2
-51.9168	62.3153	0.00500088	-0.00353107	2
-51.3115	62.9918	0.00506715	-0.00361419	2
-50.7025	63.6648	0.005133	-0.00369787	2
-50.0972	64.3267	0.00519768	-0.00378113	2
-49.4817	64.9929	0.00526268	-0.00386589	2
-48.863	65.6558	0.00532724	-0.00395118	2
-48.2413	66.3155	0.00539134	-0.00403697	2
-47.617	66.972	0.00545498	-0.00412325	2
-46.99	67.6254	0.00551815	-0.00421002	2
-46.3607	68.2759	0.00558083	-0.00429725	2
-45.7291	68.9233	0.00564301	-0.00438492	2
-45.0954	69.5679	0.00570468	-0.00447303	2
-44.4599	70.2098	0.00576583	-0.00456156	2
-43.8226	70.8488	0.00582645	-0.0046505	2
-43.1838	71.4852	0.00588653	-0.00473982	2
-42.5437	72.1191	0.00594606	-0.00482952	2
-41.9023	72.7504	0.00600502	-0.00491958	2
-41.2599	73.3793	0.00606341	-0.00500998	2
-40.6167	74.0058	0.00612121	-0.00510072	2
-39.9727	74.63	0.00617842	-0.00519177	2
-39.3283	75.252	0.00623502	-0.00528313	2
-38.6835	75.8718	0.006291	-0.00537477	2
-38.0386	76.4895	0.00634635	-0.00546668	2
-37.3937	77.1053	0.00640106	-0.00555885	2
-36.749	77.719	0.00645512	-0.00565126	2
-36.1046	78.3309	0.00650851	-0.0057439	2
-35.4682	78.934	0.00656064	-0.00583568	2
-34.825	79.5424	0.00661268	-0.00592873	2
-34.1828	80.1492	0.00666404	-0.00602196	2
-33.5416	80.7544	0.00671468	-0.00611536	2

-25.0035	2.01244	-2.58283e-07	-2.7566e-07	2
-25.2938	3.07584	-2.27206e-05	-2.29069e-05	2
-25.5596	4.1388	-4.59359e-05	-4.36656e-05	2
-25.7978	5.18898	-6.96291e-05	-6.23185e-05	2
-26.0065	6.21464	-9.35034e-05	-7.87284e-05	2
-26.1908	7.23975	-0.000118097	-9.33189e-05	2
-26.3486	8.25243	-0.000143119	-0.00010593	2
-26.4802	9.25278	-0.000168552	-0.000116603	2
-26.5858	10.2409	-0.000194379	-0.00012538	2
-26.666	11.217	-0.000220584	-0.000132305	2
-26.7209	12.181	-0.00024715	-0.000137418	2
-26.751	13.1332	-0.00027406	-0.000140762	2
-26.7566	14.0737	-0.000301298	-0.00014238	2
-26.738	15.0025	-0.000328846	-0.000142313	2
-26.6957	15.9198	-0.000356688	-0.000140604	2
-26.6298	16.8256	-0.000384807	-0.000137294	2
-26.5409	17.7202	-0.000413187	-0.000132427	2
-26.4291	18.6035	-0.000441811	-0.000126044	2
-26.295	19.4758	-0.000470661	-0.000118188	2
-26.1387	20.3372	-0.000499721	-0.0001089	2
-25.9608	21.1877	-0.000528975	-9.82228e-05	2
-25.7614	22.0274	-0.000558406	-8.61988e-05	2
-25.541	22.8566	-0.000587997	-7.28701e-05	2
-25.2998	23.6752	-0.00061773	-5.82787e-05	2
-25.0384	24.4834	-0.000647591	-4.2467e-05	2
-24.7569	25.2814	-0.000677561	-2.5477e-05	2
-24.4593	26.0602	-0.000707277	-7.56573e-06	2
-24.1391	26.8381	-0.000737416	1.16417e-05	2
-23.7998	27.606	-0.000767614	3.19013e-05	2
-23.442	28.3641	-0.000797855	5.31707e-05	2
-23.0658	29.1125	-0.000828122	7.54079e-05	2
-22.6717	29.8512	-0.000858398	9.85707e-05	2
-22.26	30.5805	-0.000888667	0.000122617	2
-21.8311	31.3005	-0.000918912	0.000147504	2
-21.3853	32.0111	-0.000949117	0.00017319	2
-20.9228	32.7127	-0.000979263	0.000199633	2
-20.4442	33.4052	-0.00100934	0.000226791	2
-19.9497	34.0887	-0.00103932	0.000254621	2
-19.4397	34.7635	-0.00106919	0.000283081	2
-18.9145	35.4296	-0.00109894	0.000312129	2
-18.3745	36.0871	-0.00112855	0.000341723	2
-17.82	36.7361	-0.001158	0.00037182	2
-17.2513	37.3768	-0.00118727	0.000402379	2
-16.6689	38.0093	-0.00121635	0.000433358	2
-16.0729	38.6336	-0.00124523	0.000464713	2
-15.4639	39.2499	-0.00127388	0.000496403	2
-14.8421	39.8584	-0.00130229	0.000528386	2
-14.208	40.459	-0.00133044	0.000560619	2
-13.5617	41.052	-0.00135831	0.000593061	2
-12.9113	41.6307	-0.00138558	0.000625293	2
-12.2421	42.2088	-0.00141286	0.000658023	2
-11.5618	42.7795	-0.00143981	0.000690835	2
-10.8708	43.3431	-0.00146642	0.000723688	2
-10.1695	43.8995	-0.00149267	0.000756538	2
-9.45819	44.4489	-0.00151854	0.000789344	2
-8.7372	44.9915	-0.00154403	0.000822063	2
-8.00691	45.5273	-0.0015691	0.000854654	2
-7.26765	46.0564	-0.00159375	0.000887074	2
-6.51978	46.5791	-0.00161795	0.00091928	2
-5.76362	47.0953	-0.0016417	0.000951231	2
-4.99954	47.6051	-0.00166497	0.000982885	2
-4.22787	48.1088	-0.00168775	0.0010142	2
-3.44896	48.6065	-0.00171002	0.00104513	2
-2.66316	49.0981	-0.00173176	0.00107564	2
-1.87081	49.5839	-0.00175296	0.00110568	2
-1.07225	50.064	-0.00177359	0.00113521	2
-0.267841	50.5384	-0.00179366	0.0011642	2
0.542083	51.0073	-0.00181313	0.00119258	2
1.35717	51.4709	-0.00183198	0.00122034	2
2.17709	51.9291	-0.00185022	0.00124742	2
3.00147	52.3822	-0.0018678	0.00127377	2
3.82999	52.8302	-0.00188473	0.00129937	2
4.6623	53.2732	-0.00190098	0.00132416	2
5.48842	53.7065	-0.00191637	0.00134784	2
6.32722	54.14	-0.00193122	0.00137091	2
7.16878	54.569	-0.00194535	0.00139304	2
8.01275	54.9935	-0.00195873	0.00141421	2
8.85878	55.4136	-0.00197136	0.00143436	2
9.70652	55.8294	-0.00198321	0.00145346	2
10.5556	56.2411	-0.00199426	0.00147146	2
11.4058	56.6487	-0.0020045	0.00148831	2
12.2566	57.0525	-0.00201391	0.00150398	2
13.1078	57.4524	-0.00202248	0.00151843	2
13.9589	57.8486	-0.00203019	0.00153161	2
14.8097	58.2412	-0.00203702	0.00154348	2
15.6598	58.6304	-0.00204296	0.001554	2
16.5089	59.0162	-0.00204798	0.00156313	2
17.3565	59.3988	-0.00205208	0.00157081	2
18.2024	59.7782	-0.00205523	0.00157702	2
19.0463	60.1546	-0.00205742	0.00158171	2
19.8877	60.5281	-0.00205864	0.00158484	2
20.7263	60.8989	-0.00205885	0.00158636	2
21.5618	61.2669	-0.00205806	0.00158624	2
22.3939	61.6324	-0.00205624	0.00158442	2
23.2221	61.9955	-0.00205337	0.00158087	2
24.0462	62.3562	-0.00204944	0.00157555	2
24.8564	62.7106	-0.00204449	0.00156851	2
25.6712	63.067	-0.0020384	0.00155954	2
26.4809	63.4214	-0.0020312	0.00154866	2
27.2849	63.774	-0.00202287	0.00153585	2

24.9952	2.01198	6.37222e-07	-4.36553e-07	2
24.5895	3.04236	5.34271e-05	-3.67741e-05	2
24.1917	4.08479	0.000102834	-7.11371e-05	2
23.8066	5.12709	0.000148295	-0.000103132	2
23.4386	6.15713	0.000189429	-0.000132475	2
23.079	7.19868	0.000227265	-0.00015989	2
22.7322	8.2396	0.000261378	-0.000185067	2
22.3982	9.27971	0.000291842	-0.000208049	2
22.0772	10.3188	0.000318731	-0.000228879	2
21.7691	11.3568	0.00034212	-0.000247601	2
21.4739	12.3934	0.000362083	-0.000264258	2
21.1916	13.4286	0.000378694	-0.000278894	2
20.9224	14.462	0.000392028	-0.000291551	2
20.6662	15.4936	0.000402159	-0.000302273	2
20.423	16.5232	0.000409162	-0.000311103	2
20.1929	17.5506	0.000413111	-0.000318085	2
19.9758	18.5756	0.000414079	-0.000323262	2
19.7719	19.598	0.000412143	-0.000326678	2
19.5812	20.6178	0.000407375	-0.000328375	2
19.4036	21.6346	0.000399851	-0.000328397	2
19.2393	22.6484	0.000389644	-0.000326788	2
19.0881	23.6589	0.000376829	-0.00032359	2
18.9503	24.6661	0.000361481	-0.000318847	2
18.8257	25.6696	0.000343674	-0.000312603	2
18.7144	26.6694	0.000323482	-0.0003049	2
18.6164	27.6652	0.000300979	-0.000295783	2
18.5327	28.6455	0.000276537	-0.000285422	2
18.4614	29.633	0.000249661	-0.000273619	2
18.4035	30.6161	0.000220696	-0.000260531	2
18.359	31.5945	0.000189718	-0.000246202	2
18.328	32.5681	0.0001568	-0.000230673	2
18.3104	33.5367	0.000122018	-0.000213989	2
18.3064	34.5002	8.54439e-05	-0.000196193	2
18.316	35.4584	4.71539e-05	-0.000177328	2
18.3391	36.411	7.22179e-06	-0.000157437	2
18.3759	37.358	-3.4278e-05	-0.000136565	2
18.4262	38.2992	-7.7271e-05	-0.000114754	2
18.4902	39.2343	-0.000121683	-9.20473e-05	2
18.5679	40.1633	-0.00016744	-6.84888e-05	2
18.6594	41.0858	-0.000214466	-4.41215e-05	2
18.7645	42.0019	-0.000262689	-1.89888e-05	2
18.8834	42.9112	-0.000312033	6.86598e-06	2
19.0161	43.8136	-0.000362424	3.33994e-05	2
19.1626	44.709	-0.000413788	6.05683e-05	2
19.323	45.5972	-0.00046605	8.83291e-05	2
19.4973	46.4779	-0.000519137	0.000116639	2
19.6854	47.3511	-0.000572973	0.000145454	2
19.8874	48.2165	-0.000627484	0.000174731	2
20.1034	49.074	-0.000682596	0.000204426	2
20.3307	49.9136	-0.000737593	0.00023415	2
20.5745	50.7548	-0.000793679	0.000264549	2
20.8324	51.5876	-0.000850144	0.000295238	2
21.1043	52.4117	-0.000906913	0.000326172	2
21.3903	53.227	-0.000963912	0.000357309	2
21.6904	54.0334	-0.00102107	0.000388605	2
22.0047	54.8306	-0.0010783	0.000420017	2
22.3331	55.6186	-0.00113554	0.000451502	2
22.6757	56.397	-0.00119272	0.000483015	2
23.0325	57.1657	-0.00124975	0.000514515	2
23.4035	57.9247	-0.00130657	0.000545957	2
23.7889	58.6736	-0.0013631	0.000577298	2
24.1885	59.4123	-0.00141926	0.000608495	2
24.6024	60.1407	-0.00147498	0.000639504	2
25.0307	60.8586	-0.00153019	0.000670282	2
25.4734	61.5657	-0.00158481	0.000700787	2
25.9305	62.262	-0.00163877	0.000730973	2
26.402	62.9472	-0.00169199	0.000760799	2
26.888	63.6212	-0.0017444	0.000790221	2
27.3884	64.2838	-0.00179592	0.000819195	2
27.9034	64.9348	-0.00184649	0.000847678	2
28.4329	65.5741	-0.00189602	0.000875627	2
28.977	66.2014	-0.00194444	0.000902998	2
29.5356	66.8167	-0.00199168	0.000929749	2
30.1022	67.4128	-0.00203714	0.000955539	2
30.69	68.0035	-0.0020818	0.000980926	2
31.2924	68.5816	-0.00212506	0.00100556	2
31.9095	69.1469	-0.00216684	0.00102941	2
32.5414	69.6992	-0.00220707	0.00105241	2
33.188	70.2384	-0.00224566	0.00107454	2
33.8493	70.7644	-0.00228256	0.00109574	2
34.5255	71.2768	-0.00231768	0.00111597	2
35.2165	71.7755	-0.00235094	0.0011352	2
35.9224	72.2605	-0.00238228	0.00115337	2
36.6431	72.7314	-0.00241162	0.00117044	2
37.3787	73.1882	-0.00243889	0.00118637	2
38.1293	73.6306	-0.00246401	0.00120112	2
38.8949	74.0585	-0.0024869	0.00121464	2
39.6754	74.4717	-0.0025075	0.0012269	2
40.471	74.87	-0.00252572	0.00123783	2
41.2816	75.2533	-0.0025415	0.00124741	2
42.1073	75.6213	-0.00255476	0.00125559	2
42.9481	75.974	-0.00256542	0.00126233	2
43.804	76.3111	-0.00257341	0.00126758	2
44.675	76.6325	-0.00257866	0.0012713	2
45.5612	76.938	-0.00258109	0.00127344	2
46.4627	77.2273	-0.00258063	0.00127397	2
47.3687	77.4974	-0.00257725	0.00127286	2
48.3005	77.7543	-0.00257082	0.00127004	2
49.2475	77.9946	-0.00256127	0.00126548	2
50.2098	78.218	-0.00254853	0.00125913	2

75.0002	2.01031	4.01628e-07	5.64927e-08	2
74.9995	2.89711	3.38567e-05	4.46365e-06	2
74.967	3.79487	6.55397e-05	8.02767e-06	2
74.9034	4.6932	9.50816e-05	1.07121e-05	2
74.8108	5.58167	0.000122211	1.2521e-05	2
74.6877	6.48086	0.000147592	1.35162e-05	2
74.536	7.38035	0.000170928	1.36918e-05	2
74.3563	8.28005	0.000192253	1.30679e-05	2
74.1495	9.17988	0.000211599	1.16647e-05	2
73.9165	10.0797	0.000228998	9.50219e-06	2
73.6581	10.9795	0.000244483	6.60044e-06	2
73.3749	11.8792	0.000258086	2.97954e-06	2
73.0679	12.7786	0.000269839	-1.34042e-06	2
72.7379	13.6777	0.000279776	-6.33937e-06	2
72.3857	14.5764	0.000287929	-1.19972e-05	2
72.0121	15.4746	0.00029433	-1.82939e-05	2
71.6179	16.3722	0.000299011	-2.52094e-05	2
71.2038	17.2691	0.000302005	-3.27235e-05	2
70.7708	18.1652	0.000303345	-4.08162e-05	2
70.3197	19.0605	0.000303063	-4.94675e-05	2
69.8511	19.9549	0.000301191	-5.86571e-05	2
69.3661	20.8482	0.000297763	-6.83652e-05	2
68.8652	21.7404	0.000292809	-7.85715e-05	2
68.3495	22.6314	0.000286364	-8.9256e-05	2
67.8196	23.521	0.000278459	-0.000100399	2
67.2765	24.4093	0.000269127	-0.000111979	2
66.7273	25.2859	0.000258531	-0.000123838	2
66.1601	26.1712	0.000246457	-0.00013623	2
65.582	27.0548	0.000233054	-0.000149	2
64.9938	27.9367	0.000218352	-0.000162128	2
64.3964	28.8167	0.000202386	-0.000175594	2
63.7905	29.6948	0.000185187	-0.000189378	2
63.1769	30.5709	0.000166787	-0.000203459	2
62.5566	31.4449	0.00014722	-0.000217818	2
61.9302	32.3167	0.000126517	-0.000232435	2
61.2986	33.1862	0.000104712	-0.000247289	2
60.6626	34.0533	8.18365e-05	-0.000262361	2
60.023	34.918	5.79229e-05	-0.00027763	2
59.3806	35.7802	3.3004e-05	-0.000293076	2
58.7363	36.6397	7.11214e-06	-0.00030868	2
58.0908	37.4965	-1.97202e-05	-0.00032442	2
57.4449	38.3505	-4.74605e-05	-0.000340278	2
56.7995	39.2016	-7.60763e-05	-0.000356232	2
56.1554	40.0497	-0.000105535	-0.000372263	2
55.5133	40.8947	-0.000135805	-0.000388351	2
54.8742	41.7365	-0.000166852	-0.000404476	2
54.2387	42.5751	-0.000198645	-0.000420618	2
53.6078	43.4104	-0.000231152	-0.000436756	2
52.9822	44.2422	-0.000264339	-0.00045287	2
52.3698	45.061	-0.000297781	-0.000468756	2
51.7572	45.8857	-0.000332225	-0.000484764	2
51.1523	46.7067	-0.000367253	-0.000500689	2
50.556	47.5239	-0.000402832	-0.00051651	2
49.969	48.3373	-0.000438929	-0.000532207	2
49.3923	49.1466	-0.000475513	-0.00054776	2
48.8265	49.952	-0.000512551	-0.00056315	2
48.2725	50.7531	-0.000550009	-0.000578355	2
47.7311	51.5501	-0.000587857	-0.000593357	2
47.2031	52.3427	-0.000626061	-0.000608134	2
46.6894	53.1309	-0.000664589	-0.000622668	2
46.1907	53.9146	-0.000703408	-0.000636937	2
45.7078	54.6937	-0.000742486	-0.000650922	2
45.2416	55.4682	-0.000781791	-0.000664602	2
44.7929	56.2379	-0.000821289	-0.000677958	2
44.3625	57.0027	-0.000860949	-0.000690969	2
43.9511	57.7625	-0.000900739	-0.000703616	2
43.5596	58.5174	-0.000940624	-0.000715878	2
43.1889	59.2671	-0.000980574	-0.000727735	2
42.8397	60.0116	-0.00102056	-0.000739167	2
42.5128	60.7508	-0.00106054	-0.000750155	2
42.209	61.4846	-0.00110048	-0.000760677	2
41.9292	62.2129	-0.00114036	-0.000770714	2
41.6742	62.9357	-0.00118015	-0.000780246	2
41.4472	63.6446	-0.00121935	-0.000789153	2
41.2438	64.356	-0.00125884	-0.00079762	2
41.0676	65.0616	-0.00129813	-0.000805523	2
40.9194	65.7613	-0.0013372	-0.00081284	2
40.8	66.4549	-0.00137601	-0.000819552	2
40.7102	67.1425	-0.00141452	-0.000825639	2
40.6509	67.8238	-0.00145271	-0.00083108	2
40.6227	68.4989	-0.00149055	-0.000835855	2
40.6267	69.1677	-0.00152799	-0.000839945	2
40.6634	69.8299	-0.00156501	-0.000843329	2
40.7339	70.4856	-0.00160157	-0.000845988	2
40.8388	71.1347	-0.00163765	-0.0008479	2
40.979	71.7771	-0.00167321	-0.000849046	2
41.1553	72.4126	-0.00170821	-0.000849407	2
41.3685	73.0413	-0.00174263	-0.000848961	2
41.6195	73.6629	-0.00177643	-0.000847689	2
41.9089	74.2775	-0.00180958	-0.00084557	2
42.2377	74.8849	-0.00184205	-0.000842586	2
42.6067	75.4851	-0.00187381	-0.000838715	2
43.0166	76.0779	-0.00190482	-0.000833937	2
43.4683	76.6633	-0.00193504	-0.000828233	2
43.9626	77.2411	-0.00196446	-0.000821582	2
44.5002	77.8113	-0.00199303	-0.000813964	2
45.0752	78.3675	-0.00202041	-0.000805464	2
45.7015	78.9223	-0.00204721	-0.000795864	2
46.3737	79.4693	-0.00207306	-0.000785238	2
47.0925	80.0082	-0.00209794	-0.000773564	2

124.999	2.01134	-1.76261e-07	-1.09071e-07	2
124.913	2.97901	-1.49903e-05	-9.55386e-06	2
124.799	3.94263	-2.92998e-05	-1.924e-05	2
124.657	4.89114	-4.29523e-05	-2.90605e-05	2
124.491	5.81419	-5.58257e-05	-3.89023e-05	2
124.298	6.73351	-6.82429e-05	-4.89964e-05	2
124.079	7.63857	-8.00747e-05	-5.92314e-05	2
123.835	8.52965	-9.1345e-05	-6.96094e-05	2
123.567	9.40704	-0.000102078	-8.01325e-05	2
123.275	10.271	-0.000112297	-9.08028e-05	2
122.96	11.1219	-0.000122026	-0.000101623	2
122.622	11.9598	-0.000131289	-0.000112594	2
122.263	12.7853	-0.00014011	-0.000123719	2
121.882	13.5984	-0.000148514	-0.000135	2
121.48	14.3995	-0.000156523	-0.000146439	2
121.057	15.1889	-0.000164162	-0.000158039	2
120.615	15.9669	-0.000171455	-0.0001698	2
120.153	16.7337	-0.000178425	-0.000181726	2
119.673	17.4897	-0.000185098	-0.000193819	2
119.174	18.235	-0.000191495	-0.000206081	2
118.658	18.9701	-0.000197642	-0.000218513	2
118.125	19.6951	-0.000203563	-0.000231119	2
117.575	20.4104	-0.00020928	-0.0002439	2
117.009	21.1162	-0.000214819	-0.000256858	2
116.428	21.8128	-0.000220203	-0.000269996	2
115.832	22.5005	-0.000225456	-0.000283316	2
115.229	23.1719	-0.000230544	-0.000296663	2
114.605	23.8427	-0.000235607	-0.000310351	2
113.968	24.5055	-0.000240611	-0.000324226	2
113.318	25.1606	-0.00024558	-0.000338292	2
112.657	25.8081	-0.000250537	-0.00035255	2
111.983	26.4484	-0.000255506	-0.000367003	2
111.299	27.0818	-0.000260512	-0.000381653	2
110.604	27.7086	-0.000265578	-0.000396502	2
109.899	28.329	-0.000270727	-0.000411551	2
109.185	28.9433	-0.000275985	-0.000426804	2
108.462	29.5518	-0.000281375	-0.000442262	2
107.731	30.1548	-0.00028692	-0.000457928	2
106.993	30.7526	-0.000292645	-0.000473804	2
106.247	31.3454	-0.000298574	-0.000489891	2
105.494	31.9336	-0.00030473	-0.000506192	2
104.736	32.5173	-0.000311138	-0.00052271	2
103.972	33.097	-0.000317821	-0.000539445	2
103.203	33.6728	-0.000324804	-0.000556401	2
102.43	34.2451	-0.00033211	-0.00057358	2
101.653	34.8141	-0.000339763	-0.000590983	2
100.873	35.3802	-0.000347787	-0.000608614	2
100.09	35.9435	-0.000356206	-0.000626473	2
99.3051	36.5045	-0.000365044	-0.000644564	2
98.5276	37.0569	-0.000374216	-0.000662676	2
97.74	37.6138	-0.000383958	-0.000681232	2
96.9518	38.1693	-0.000394191	-0.000700027	2
96.1638	38.7234	-0.000404938	-0.000719061	2
95.3764	39.2765	-0.000416223	-0.000738337	2
94.5901	39.8289	-0.00042807	-0.000757857	2
93.8056	40.3809	-0.000440504	-0.000777623	2
93.0233	40.9327	-0.000453548	-0.000797638	2
92.2439	41.4846	-0.000467225	-0.000817903	2
91.4679	42.0369	-0.000481561	-0.000838421	2
90.6958	42.5899	-0.000496578	-0.000859194	2
89.9283	43.1439	-0.000512301	-0.000880224	2
89.1657	43.6992	-0.000528753	-0.000901513	2
88.4088	44.2559	-0.00054596	-0.000923063	2
87.658	44.8145	-0.000563943	-0.000944877	2
86.9139	45.3752	-0.000582728	-0.000966956	2
86.1771	45.9383	-0.000602339	-0.000989303	2
85.4481	46.504	-0.000622798	-0.00101192	2
84.7275	47.0727	-0.000644131	-0.00103481	2
84.0158	47.6446	-0.000666361	-0.00105797	2
83.3136	48.22	-0.000689512	-0.00108141	2
82.6214	48.7992	-0.000713608	-0.00110513	2
81.9398	49.3825	-0.000738672	-0.00112913	2
81.2693	49.9701	-0.00076473	-0.00115341	2
80.618	50.5556	-0.000791487	-0.00117769	2
79.9713	51.1527	-0.000819589	-0.00120254	2
79.3374	51.755	-0.000848756	-0.00122768	2
78.7169	52.3629	-0.000879011	-0.00125311	2
78.1102	52.9764	-0.000910378	-0.00127884	2
77.518	53.5961	-0.000942881	-0.00130486	2
76.9408	54.222	-0.000976545	-0.00133118	2
76.3791	54.8546	-0.00101139	-0.0013578	2
75.8336	55.494	-0.00104745	-0.00138472	2
75.3047	56.1407	-0.00108473	-0.00141194	2
74.793	56.7948	-0.00112327	-0.00143947	2
74.2991	57.4566	-0.0011631	-0.00146731	2
73.8236	58.1264	-0.00120422	-0.00149546	2
73.3669	58.8046	-0.00124667	-0.00152393	2
72.9296	59.4913	-0.00129048	-0.00155271	2
72.5123	60.1869	-0.00133566	-0.0015818	2
72.1156	60.8917	-0.00138223	-0.00161122	2
71.7399	61.6059	-0.00143024	-0.00164095	2
71.3859	62.3298	-0.00147968	-0.00167101	2
71.0541	63.0637	-0.0015306	-0.0017014	2
70.745	63.8079	-0.00158302	-0.00173211	2
70.4593	64.5626	-0.00163695	-0.00176316	2
70.1974	65.3282	-0.00169243	-0.00179454	2
69.9625	66.0959	-0.0017488	-0.00182588	2
69.7497	66.8839	-0.00180742	-0.00185792	2
69.5624	67.6835	-0.00186764	-0.00189031	2
69.4011	68.4952	-0.00192951	-0.00192303	2

