-125.002	2.01012	4.36573e-07	5.95454e-08	2
-125.189	2.88259	3.64363e-05	4.79013e-06	2
-125.397	3.76919	6.9778e-05	8.80469e-06	2
-125.623	4.6596	0.000100074	1.2065e-05	2
-125.863	5.54338	0.000127077	1.45674e-05	2
-126.123	6.44088	0.000151464	1.63913e-05	2
-126.4	7.3417	0.000172952	1.75247e-05	2
-126.692	8.24565	0.00019159	1.7989e-05	2
-127	9.15257	0.000207429	1.78054e-05	2
-127.322	10.0623	0.000220516	1.69954e-05	2
-127.657	10.9746	0.000230902	1.55802e-05	2
-128.006	11.8893	0.000238634	1.35812e-05	2
-128.368	12.8064	0.000243763	1.10198e-05	2
-128.742	13.7255	0.000246338	7.91717e-06	2
-129.128	14.6465	0.000246407	4.29476e-06	2
-129.524	15.5693	0.000244021	1.73879e-07	2
-129.931	16.4937	0.000239227	-4.42414e-06	2
-130.347	17.4195	0.000232075	-9.47796e-06	2
-130.772	18.3465	0.000222615	-1.49663e-05	2
-131.206	19.2745	0.000210895	-2.08677e-05	2
-131.648	20.2035	0.000196965	-2.71609e-05	2
-132.096	21.1331	0.000180873	-3.38246e-05	2
-132.552	22.0633	0.00016267	-4.08374e-05	2
-133.013	22.9939	0.000142403	-4.8178e-05	2
-133.48	23.9246	0.000120123	-5.58251e-05	2
-133.952	24.8554	9.58781e-05	-6.37573e-05	2
-134.423	25.7753	7.00291e-05	-7.18576e-05	2
-134.902	26.7056	4.20237e-05	-8.02934e-05	2
-135.385	27.6354	1.22005e-05	-8.89505e-05	2
-135.87	28.5645	-1.93912e-05	-9.78077e-05	2
-136.357	29.4928	-5.27024e-05	-0.000106844	2
-136.845	30.42	-8.76838e-05	-0.000116037	2
-137.333	31.3461	-0.000124286	-0.000125366	2
-137.822	32.2707	-0.000162461	-0.00013481	2
-138.31	33.1939	-0.000202158	-0.000144347	2
-138.796	34.1153	-0.000243329	-0.000153957	2
-139.281	35.0349	-0.000285924	-0.000163617	2
-139.764	35.9524	-0.000329895	-0.000173306	2
-140.243	36.8676	-0.000375192	-0.000183003	2
-140.719	37.7805	-0.000421766	-0.000192688	2
-141.19	38.6908	-0.000469568	-0.000202337	2
-141.656	39.5983	-0.000518549	-0.00021193	2
-142.118	40.5029	-0.000568659	-0.000221447	2
-142.573	41.4044	-0.00061985	-0.000230864	2
-143.021	42.3027	-0.000672072	-0.000240162	2
-143.462	43.1975	-0.000725276	-0.000249318	2
-143.895	44.0886	-0.000779413	-0.000258311	2
-144.319	44.976	-0.000834433	-0.000267121	2
-144.735	45.8595	-0.000890289	-0.000275725	2
-145.136	46.7287	-0.000946275	-0.000284008	2
-145.531	47.6037	-0.00100364	-0.00029214	2
-145.916	48.4743	-0.0010617	-0.000300004	2
-146.289	49.3402	-0.0011204	-0.000307577	2
-146.65	50.2012	-0.00117968	-0.000314838	2
-146.998	51.0573	-0.00123951	-0.000321766	2
-147.333	51.9082	-0.00129982	-0.00032834	2
-147.654	52.7537	-0.00136058	-0.000334538	2
-147.96	53.5938	-0.00142173	-0.000340339	2
-148.251	54.4281	-0.00148323	-0.000345721	2
-148.527	55.2566	-0.00154502	-0.000350664	2
-148.786	56.079	-0.00160705	-0.000355145	2
-149.028	56.8953	-0.00166928	-0.000359145	2
-149.252	57.7051	-0.00173166	-0.00036264	2
-149.458	58.5084	-0.00179414	-0.00036561	2
-149.646	59.3049	-0.00185666	-0.000368034	2
-149.813	60.0946	-0.00191919	-0.00036989	2
-149.961	60.8771	-0.00198166	-0.000371157	2
-150.089	61.6524	-0.00204404	-0.000371814	2
-150.195	62.4203	-0.00210627	-0.000371839	2
-150.279	63.1806	-0.0021683	-0.00037121	2
-150.341	63.9332	-0.00223009	-0.000369907	2
-150.38	64.6777	-0.00229158	-0.000367909	2
-150.395	65.4142	-0.00235272	-0.000365193	2
-150.386	66.1341	-0.00241278	-0.000361783	2
-150.352	66.8539	-0.00247309	-0.000357578	2
-150.293	67.565	-0.00253292	-0.000352592	2
-150.207	68.2674	-0.0025922	-0.000346804	2
-150.095	68.9608	-0.00265089	-0.000340192	2
-149.956	69.645	-0.00270895	-0.000332736	2
-149.789	70.3199	-0.00276631	-0.000324413	2
-149.593	70.9853	-0.00282294	-0.000315203	2
-149.368	71.6411	-0.00287879	-0.000305084	2
-149.114	72.287	-0.00293379	-0.000294034	2
-148.829	72.9228	-0.00298792	-0.000282034	2
-148.513	73.5485	-0.00304111	-0.00026906	2
-148.166	74.1638	-0.00309331	-0.000255092	2
-147.786	74.7686	-0.00314449	-0.000240108	2
-147.374	75.3626	-0.00319458	-0.000224088	2
-146.929	75.9458	-0.00324355	-0.000207009	2
-146.449	76.5179	-0.00329133	-0.000188851	2
-145.935	77.0788	-0.00333788	-0.000169592	2
-145.386	77.6283	-0.00338316	-0.00014921	2
-144.801	78.1662	-0.00342711	-0.000127685	2
-144.179	78.6923	-0.00346969	-0.000104996	2
-143.521	79.2066	-0.00351084	-8.11196e-05	2
-142.825	79.7087	-0.00355051	-5.6036e-05	2
-142.1	80.193	-0.00358823	-3.0033e-05	2
-141.327	80.6705	-0.00362483	-2.48477e-06	2
-140.515	81.1355	-0.0036598	2.63348e-05	2
-139.663	81.5876	-0.00369311	5.6447e-05	2

-75.0007	2.01204	1.2854e-08	-9.49172e-08	2
-75.0799	3.0401	1.31237e-06	-8.36804e-06	2
-75.1891	4.06465	3.0018e-06	-1.69534e-05	2
-75.3271	5.07394	5.0448e-06	-2.57473e-05	2
-75.491	6.05692	7.38879e-06	-3.46367e-05	2
-75.6841	7.03672	1.0065e-05	-4.38197e-05	2
-75.9039	8.00211	1.30246e-05	-5.31853e-05	2
-76.1499	8.95339	1.62439e-05	-6.2725e-05	2
-76.4212	9.89083	1.96996e-05	-7.24299e-05	2
-76.7174	10.8147	2.33681e-05	-8.22915e-05	2
-77.0377	11.7253	2.72259e-05	-9.2301e-05	2
-77.3815	12.623	3.12495e-05	-0.00010245	2
-77.7481	13.508	3.54154e-05	-0.000112729	2
-78.1369	14.3805	3.97001e-05	-0.00012313	2
-78.5471	15.2409	4.40801e-05	-0.000133645	2
-78.9783	16.0895	4.85319e-05	-0.000144264	2
-79.4297	16.9266	5.3032e-05	-0.000154979	2
-79.9006	17.7523	5.75568e-05	-0.000165781	2
-80.3904	18.5671	6.2083e-05	-0.000176661	2
-80.8984	19.3712	6.65869e-05	-0.000187611	2
-81.4241	20.1649	7.10451e-05	-0.000198623	2
-81.9667	20.9485	7.5434e-05	-0.000209687	2
-82.5255	21.7223	7.97302e-05	-0.000220794	2
-83.1	22.4864	8.39102e-05	-0.000231937	2
-83.6895	23.2414	8.79505e-05	-0.000243106	2
-84.2933	23.9873	9.18275e-05	-0.000254293	2
-84.9035	24.7161	9.54764e-05	-0.00026536	2
-85.5338	25.445	9.8959e-05	-0.000276556	2
-86.1765	26.1658	0.000102208	-0.000287744	2
-86.8309	26.8788	0.0001052	-0.000298915	2
-87.4963	27.5842	0.000107912	-0.000310061	2
-88.1722	28.2823	0.000110319	-0.000321172	2
-88.8577	28.9735	0.000112399	-0.00033224	2
-89.5524	29.6579	0.000114128	-0.000343257	2
-90.2555	30.336	0.000115483	-0.000354213	2
-90.9664	31.0079	0.00011644	-0.000365101	2
-91.6844	31.6739	0.000116975	-0.00037591	2
-92.4089	32.3344	0.000117065	-0.000386634	2
-93.1392	32.9896	0.000116686	-0.000397262	2
-93.8747	33.6399	0.000115816	-0.000407786	2
-94.6147	34.2854	0.000114429	-0.000418198	2
-95.3585	34.9266	0.000112504	-0.000428489	2
-96.1055	35.5635	0.000110017	-0.000438651	2
-96.8551	36.1967	0.000106943	-0.000448673	2
-97.6066	36.8263	0.00010326	-0.000458549	2
-98.3593	37.4526	9.89436e-05	-0.000468269	2
-99.1126	38.0759	9.39708e-05	-0.000477824	2
-99.8659	38.6966	8.83179e-05	-0.000487206	2
-100.618	39.3148	8.19615e-05	-0.000496407	2
-101.361	39.9238	7.49637e-05	-0.000505314	2
-102.11	40.538	6.71384e-05	-0.000514127	2
-102.856	41.1507	5.85393e-05	-0.000522732	2
-103.6	41.7621	4.91429e-05	-0.00053112	2
-104.339	42.3725	3.89257e-05	-0.000539284	2
-105.073	42.9822	2.78642e-05	-0.000547213	2
-105.802	43.5915	1.59349e-05	-0.0005549	2
-106.526	44.2007	3.11423e-06	-0.000562336	2
-107.242	44.81	-1.06212e-05	-0.000569512	2
-107.952	45.4197	-2.5295e-05	-0.000576419	2
-108.653	46.0302	-4.09306e-05	-0.000583049	2
-109.346	46.6416	-5.75516e-05	-0.000589393	2
-110.029	47.2544	-7.51813e-05	-0.000595443	2
-110.703	47.8687	-9.38434e-05	-0.000601189	2
-111.366	48.4849	-0.000113561	-0.000606623	2
-112.019	49.1032	-0.000134359	-0.000611737	2
-112.659	49.724	-0.000156259	-0.000616521	2
-113.286	50.3475	-0.000179285	-0.000620967	2
-113.901	50.974	-0.000203462	-0.000625067	2
-114.502	51.6038	-0.000228811	-0.000628811	2
-115.088	52.2371	-0.000255358	-0.00063219	2
-115.659	52.8744	-0.000283125	-0.000635198	2
-116.215	53.5157	-0.000312136	-0.000637823	2
-116.754	54.1615	-0.000342414	-0.000640059	2
-117.27	54.8045	-0.000373613	-0.000641877	2
-117.774	55.46	-0.000406481	-0.000643311	2
-118.26	56.1207	-0.000440687	-0.000644329	2
-118.727	56.7871	-0.000476254	-0.000644922	2
-119.174	57.4592	-0.000513205	-0.000645082	2
-119.601	58.1375	-0.000551565	-0.0006448	2
-120.007	58.8223	-0.000591356	-0.000644067	2
-120.392	59.5137	-0.000632603	-0.000642874	2
-120.754	60.2122	-0.000675328	-0.000641214	2
-121.093	60.9179	-0.000719555	-0.000639076	2
-121.408	61.6312	-0.000765308	-0.000636453	2
-121.699	62.3524	-0.00081261	-0.000633336	2
-121.966	63.0817	-0.000861485	-0.000629715	2
-122.206	63.8194	-0.000911955	-0.000625584	2
-122.421	64.5658	-0.000964046	-0.000620932	2
-122.608	65.3213	-0.00101778	-0.000615751	2
-122.768	66.086	-0.00107318	-0.000610032	2
-122.9	66.8603	-0.00113027	-0.000603768	2
-123.003	67.6444	-0.00118907	-0.000596948	2
-123.077	68.4387	-0.00124962	-0.000589564	2
-123.12	69.2434	-0.00131192	-0.000581609	2
-123.132	70.0588	-0.001376	-0.000573072	2
-123.113	70.8852	-0.0014419	-0.000563945	2
-123.063	71.7132	-0.00150883	-0.000554336	2
-122.98	72.5623	-0.00157839	-0.000544011	2
-122.863	73.4233	-0.00164983	-0.00053307	2
-122.712	74.2964	-0.00172317	-0.000521505	2

-25.0032	2.01379	5.57019e-07	-1.3385e-07	2
-25.2867	3.18831	4.81659e-05	-1.08398e-05	2
-25.5958	4.35403	9.57376e-05	-2.00683e-05	2
-25.927	5.49753	0.000142718	-2.77125e-05	2
-26.2757	6.60642	0.00018858	-3.3738e-05	2
-26.6496	7.70686	0.000234394	-3.83114e-05	2
-27.0443	8.78622	0.000279626	-4.13806e-05	2
-27.4596	9.84486	0.000324278	-4.29725e-05	2
-27.895	10.8832	0.000368355	-4.3114e-05	2
-28.35	11.9015	0.000411858	-4.18318e-05	2
-28.8245	12.9003	0.000454792	-3.91528e-05	2
-29.3178	13.8798	0.000497159	-3.51038e-05	2
-29.8297	14.8406	0.000538961	-2.97118e-05	2
-30.3598	15.7828	0.000580203	-2.30034e-05	2
-30.9076	16.707	0.000620888	-1.50057e-05	2
-31.4728	17.6135	0.000661017	-5.74534e-06	2
-32.055	18.5027	0.000700595	4.75074e-06	2
-32.6538	19.3749	0.000739624	1.64557e-05	2
-33.2688	20.2306	0.000778107	2.93428e-05	2
-33.8996	21.0701	0.000816048	4.3385e-05	2
-34.5459	21.8938	0.000853449	5.85557e-05	2
-35.2072	22.702	0.000890314	7.48278e-05	2
-35.8832	23.4952	0.000926646	9.21747e-05	2
-36.5734	24.2736	0.000962447	0.000110569	2
-37.2775	25.0378	0.00099772	0.000129985	2
-37.9951	25.7881	0.00103247	0.000150395	2
-38.7173	26.5164	0.00106631	0.000171521	2
-39.4605	27.24	0.00110002	0.000193828	2
-40.2161	27.9509	0.00113322	0.000217049	2
-40.9835	28.6494	0.00116591	0.000241157	2
-41.7626	29.3358	0.00119809	0.000266126	2
-42.5527	30.0105	0.00122976	0.000291927	2
-43.3537	30.6739	0.00126094	0.000318536	2
-44.165	31.3264	0.00129161	0.000345924	2
-44.9863	31.9684	0.00132178	0.000374065	2
-45.8172	32.6002	0.00135146	0.000402932	2
-46.6573	33.2222	0.00138065	0.000432498	2
-47.5062	33.8348	0.00140935	0.000462737	2
-48.3635	34.4383	0.00143756	0.000493621	2
-49.2289	35.0333	0.0014653	0.000525124	2
-50.1019	35.6199	0.00149255	0.000557219	2
-50.9821	36.1986	0.00151933	0.000589879	2
-51.8693	36.7698	0.00154564	0.000623077	2
-52.7629	37.3339	0.00157148	0.000656786	2
-53.6626	37.8911	0.00159685	0.00069098	2
-54.568	38.442	0.00162176	0.000725631	2
-55.4787	38.9869	0.0016462	0.000760713	2
-56.3943	39.5261	0.00167019	0.000796199	2
-57.3144	40.06	0.00169373	0.000832062	2
-58.2281	40.5831	0.00171655	0.000867858	2
-59.1561	41.1077	0.00173919	0.000904391	2
-60.0874	41.6281	0.00176139	0.000941221	2
-61.0217	42.1448	0.00178314	0.000978322	2
-61.9587	42.6581	0.00180446	0.00101567	2
-62.8978	43.1684	0.00182533	0.00105323	2
-63.8387	43.6761	0.00184578	0.00109097	2
-64.781	44.1815	0.00186579	0.00112889	2
-65.7244	44.6851	0.00188538	0.00116693	2
-66.6684	45.1871	0.00190455	0.00120509	2
-67.6126	45.688	0.00192329	0.00124333	2
-68.5567	46.1882	0.00194162	0.00128163	2
-69.5003	46.688	0.00195953	0.00131995	2
-70.443	47.1878	0.00197703	0.00135827	2
-71.3843	47.688	0.00199412	0.00139657	2
-72.3239	48.189	0.0020108	0.00143482	2
-73.2615	48.6911	0.00202708	0.00147299	2
-74.1966	49.1947	0.00204296	0.00151105	2
-75.1288	49.7002	0.00205845	0.00154898	2
-76.0577	50.2079	0.00207354	0.00158675	2
-76.983	50.7183	0.00208824	0.00162434	2
-77.9043	51.2318	0.00210256	0.00166171	2
-78.8211	51.7486	0.00211649	0.00169884	2
-79.7331	52.2692	0.00213004	0.0017357	2
-80.6295	52.7879	0.00214306	0.00177186	2
-81.5308	53.3171	0.00215586	0.00180811	2
-82.4261	53.8512	0.00216829	0.00184402	2
-83.315	54.3906	0.00218034	0.00187955	2
-84.1972	54.9357	0.00219204	0.00191468	2
-85.0722	55.4868	0.00220336	0.00194939	2
-85.9397	56.0443	0.00221433	0.00198364	2
-86.7992	56.6086	0.00222494	0.00201741	2
-87.6505	57.1801	0.0022352	0.00205067	2
-88.493	57.7591	0.00224511	0.0020834	2
-89.3264	58.346	0.00225467	0.00211556	2
-90.1503	58.9412	0.00226388	0.00214714	2
-90.9644	59.5451	0.00227275	0.0021781	2
-91.7682	60.158	0.00228129	0.00220842	2
-92.5613	60.7803	0.00228949	0.00223807	2
-93.3434	61.4125	0.00229735	0.00226702	2
-94.1141	62.0548	0.00230489	0.00229526	2
-94.8729	62.7077	0.0023121	0.00232274	2
-95.6195	63.3715	0.00231898	0.00234944	2
-96.3535	64.0466	0.00232555	0.00237534	2
-97.0746	64.7334	0.00233179	0.00240042	2
-97.7822	65.4323	0.00233773	0.00242463	2
-98.4761	66.1436	0.00234335	0.00244796	2
-99.148	66.8593	0.0023486	0.00247013	2
-99.8134	67.5965	0.00235361	0.00249162	2
-100.464	68.3472	0.00235832	0.00251215	2
-101.099	69.1119	0.00236273	0.00253169	2

24.9956	2.01253	4.67377e-07	1.9468e-07	2
24.6261	3.08896	4.06579e-05	1.64814e-05	2
24.269	4.17477	8.13099e-05	3.20459e-05	2
23.9283	5.25744	0.000121959	4.67013e-05	2
23.6077	6.32463	0.000162141	6.03026e-05	2
23.2995	7.40118	0.000202794	7.31737e-05	2
23.0072	8.47469	0.000243453	8.51593e-05	2
22.7308	9.54519	0.000284121	9.62672e-05	2
22.4699	10.6127	0.000324802	0.000106505	2
22.2246	11.6773	0.000365498	0.000115881	2
21.9945	12.739	0.000406213	0.000124403	2
21.7795	13.7977	0.00044695	0.000132079	2
21.5794	14.8537	0.000487711	0.000138916	2
21.3941	15.9068	0.000528501	0.000144923	2
21.2233	16.9571	0.000569321	0.000150107	2
21.0668	18.0046	0.000610175	0.000154477	2
20.9246	19.0495	0.000651066	0.000158039	2
20.7963	20.0916	0.000691997	0.000160803	2
20.6819	21.131	0.000732971	0.000162775	2
20.5811	22.1678	0.000773991	0.000163963	2
20.4938	23.202	0.000815061	0.000164377	2
20.4197	24.2336	0.000856183	0.000164022	2
20.3587	25.2627	0.00089736	0.000162908	2
20.3107	26.2893	0.000938596	0.000161042	2
20.2753	27.3133	0.000979894	0.000158432	2
20.2526	28.3349	0.00102126	0.000155086	2
20.2422	29.3424	0.00106221	0.000151062	2
20.2438	30.3592	0.00110371	0.000146275	2
20.2575	31.3736	0.00114528	0.000140776	2
20.283	32.3858	0.00118693	0.000134571	2
20.3201	33.3956	0.00122866	0.00012767	2
20.3686	34.4031	0.00127048	0.000120079	2
20.4285	35.4084	0.00131237	0.000111808	2
20.4994	36.4114	0.00135436	0.000102863	2
20.5813	37.4123	0.00139644	9.3252e-05	2
20.6739	38.4111	0.00143862	8.29838e-05	2
20.7771	39.4077	0.00148089	7.20657e-05	2
20.8906	40.4022	0.00152327	6.05057e-05	2
21.0143	41.3947	0.00156575	4.83116e-05	2
21.1481	42.3851	0.00160834	3.54912e-05	2
21.2916	43.3735	0.00165103	2.20526e-05	2
21.4448	44.36	0.00169385	8.00339e-06	2
21.6075	45.3445	0.00173677	-6.64841e-06	2
21.7795	46.3271	0.00177982	-2.1895e-05	2
21.9605	47.3079	0.00182299	-3.77285e-05	2
22.1505	48.2867	0.00186629	-5.4141e-05	2
22.3492	49.2638	0.00190971	-7.11247e-05	2
22.5565	50.2391	0.00195327	-8.86718e-05	2
22.7721	51.2126	0.00199697	-0.000106774	2
22.9933	52.1733	0.00204029	-0.000125207	2
23.2251	53.1434	0.00208426	-0.000144391	2
23.4647	54.1119	0.00212838	-0.000164106	2
23.7119	55.0787	0.00217264	-0.000184346	2
23.9666	56.0439	0.00221705	-0.000205102	2
24.2286	57.0076	0.00226162	-0.000226366	2
24.4977	57.9697	0.00230634	-0.000248131	2
24.7738	58.9303	0.00235122	-0.000270389	2
25.0565	59.8894	0.00239627	-0.000293131	2
25.3459	60.8471	0.00244148	-0.000316351	2
25.6416	61.8033	0.00248686	-0.000340039	2
25.9435	62.7582	0.00253241	-0.000364189	2
26.2514	63.7117	0.00257814	-0.000388792	2
26.5652	64.6638	0.00262404	-0.00041384	2
26.8846	65.6147	0.00267013	-0.000439326	2
27.2095	66.5643	0.0027164	-0.000465242	2
27.5397	67.5127	0.00276285	-0.00049158	2
27.8749	68.4598	0.0028095	-0.000518332	2
28.2152	69.4058	0.00285634	-0.00054549	2
28.5601	70.3507	0.00290338	-0.000573046	2
28.9096	71.2944	0.00295061	-0.000600993	2
29.2635	72.237	0.00299805	-0.000629322	2
29.6216	73.1786	0.0030457	-0.000658027	2
29.9838	74.1192	0.00309355	-0.000687098	2
30.3455	75.0479	0.00314106	-0.000716187	2
30.7151	75.9865	0.00318934	-0.000745965	2
31.0881	76.9242	0.00323784	-0.000776085	2
31.4645	77.861	0.00328655	-0.000806541	2
31.844	78.7969	0.00333549	-0.000837325	2
32.2263	79.732	0.00338466	-0.000868429	2
32.6115	80.6662	0.00343406	-0.000899844	2
32.9992	81.5997	0.00348369	-0.000931564	2
33.3893	82.5324	0.00353355	-0.00096358	2
33.7816	83.4644	0.00358366	-0.000995884	2
34.1759	84.3958	0.00363401	-0.00102847	2
34.5721	85.3264	0.0036846	-0.00106133	2
34.9699	86.2564	0.00373544	-0.00109445	2
35.3693	87.1859	0.00378654	-0.00112783	2
35.7699	88.1148	0.00383789	-0.00116145	2
36.1716	89.0431	0.00388949	-0.00119532	2
36.5743	89.9709	0.00394136	-0.00122943	2
36.9777	90.8983	0.00399349	-0.00126375	2
37.3817	91.8252	0.00404589	-0.0012983	2
37.786	92.7517	0.00409856	-0.00133306	2
38.1906	93.6778	0.0041515	-0.00136801	2
38.5952	94.6035	0.00420471	-0.00140316	2
38.9997	95.529	0.00425821	-0.0014385	2
39.3992	96.4435	0.00431137	-0.00147361	2
39.8028	97.3684	0.00436543	-0.00150929	2
40.2057	98.293	0.00441978	-0.00154514	2
40.6077	99.2175	0.00447442	-0.00158114	2

74.9975	2.01348	-3.04232e-07	-9.17126e-08	2
74.7955	3.16099	-2.68942e-05	-7.17038e-06	2
74.6237	4.29902	-5.46368e-05	-1.27215e-05	2
74.4841	5.41439	-8.32074e-05	-1.66786e-05	2
74.3772	6.49495	-0.000112243	-1.90485e-05	2
74.3003	7.56613	-0.0001424	-1.99113e-05	2
74.2541	8.61552	-0.000173324	-1.92558e-05	2
74.2383	9.64342	-0.000204994	-1.71073e-05	2
74.2525	10.6501	-0.000237391	-1.34912e-05	2
74.296	11.6359	-0.000270493	-8.43267e-06	2
74.3686	12.6011	-0.000304282	-1.95714e-06	2
74.4697	13.5459	-0.000338735	5.91011e-06	2
74.5989	14.4708	-0.000373833	1.51438e-05	2
74.7557	15.3759	-0.000409556	2.57185e-05	2
74.9397	16.2615	-0.000445882	3.7609e-05	2
75.1504	17.128	-0.000482793	5.079e-05	2
75.3873	17.9757	-0.000520266	6.52361e-05	2
75.65	18.8048	-0.000558283	8.0922e-05	2
75.9381	19.6156	-0.000596822	9.78224e-05	2
76.251	20.4085	-0.000635863	0.000115912	2
76.5884	21.1837	-0.000675385	0.000135166	2
76.9497	21.9414	-0.00071537	0.000155558	2
77.3345	22.6821	-0.000755795	0.000177063	2
77.7423	23.406	-0.00079664	0.000199656	2
78.1727	24.1134	-0.000837886	0.000223312	2
78.6253	24.8046	-0.000879512	0.000248005	2
79.0939	25.4722	-0.000921012	0.000273409	2
79.5892	26.132	-0.000963332	0.00030009	2
80.1051	26.7765	-0.00100597	0.000327732	2
80.6414	27.4059	-0.00104891	0.00035631	2
81.1975	28.0206	-0.00109213	0.0003858	2
81.773	28.6208	-0.0011356	0.000416175	2
82.3674	29.2069	-0.00117931	0.000447411	2
82.9803	29.7791	-0.00122324	0.000479482	2
83.6112	30.3377	-0.00126736	0.000512362	2
84.2597	30.883	-0.00131166	0.000546027	2
84.9252	31.4153	-0.00135612	0.000580451	2
85.6074	31.935	-0.00140071	0.000615609	2
86.3058	32.4422	-0.00144542	0.000651475	2
87.0199	32.9373	-0.00149022	0.000688024	2
87.7493	33.4207	-0.0015351	0.000725232	2
88.4935	33.8924	-0.00158003	0.000763071	2
89.252	34.353	-0.00162499	0.000801518	2
90.0245	34.8026	-0.00166997	0.000840547	2
90.8103	35.2416	-0.00171493	0.000880133	2
91.6092	35.6702	-0.00175988	0.00092025	2
92.4206	36.0888	-0.00180477	0.000960872	2
93.244	36.4976	-0.0018496	0.00100198	2
94.079	36.8969	-0.00189433	0.00104353	2
94.9154	37.2827	-0.00193845	0.00108504	2
95.7722	37.6641	-0.00198295	0.00112743	2
96.6392	38.0368	-0.0020273	0.0011702	2
97.5159	38.4013	-0.00207147	0.00121332	2
98.402	38.7578	-0.00211546	0.00125677	2
99.297	39.1066	-0.00215924	0.00130053	2
100.2	39.4479	-0.00220279	0.00134456	2
101.112	39.7821	-0.00224608	0.00138885	2
102.03	40.1095	-0.00228911	0.00143336	2
102.956	40.4303	-0.00233184	0.00147808	2
103.889	40.7449	-0.00237426	0.00152297	2
104.827	41.0536	-0.00241634	0.00156802	2
105.771	41.3566	-0.00245807	0.00161319	2
106.721	41.6542	-0.00249943	0.00165847	2
107.675	41.9467	-0.00254039	0.00170382	2
108.633	42.2345	-0.00258094	0.00174922	2
109.596	42.5177	-0.00262105	0.00179464	2
110.561	42.7968	-0.00266071	0.00184007	2
111.53	43.072	-0.00269989	0.00188547	2
112.501	43.3436	-0.00273858	0.00193082	2
113.474	43.6118	-0.00277675	0.00197609	2
114.448	43.8771	-0.00281438	0.00202127	2
115.424	44.1396	-0.00285146	0.00206631	2
116.4	44.3996	-0.00288795	0.0021112	2
117.365	44.6546	-0.00292344	0.00215541	2
118.341	44.9107	-0.00295873	0.00219992	2
119.317	45.1653	-0.00299338	0.00224421	2
120.291	45.4186	-0.00302737	0.00228825	2
121.263	45.6709	-0.00306068	0.00233201	2
122.234	45.9225	-0.00309329	0.00237546	2
123.202	46.1738	-0.00312518	0.00241858	2
124.166	46.4249	-0.00315633	0.00246136	2
125.128	46.6763	-0.00318672	0.00250375	2
126.085	46.9282	-0.00321633	0.00254573	2
127.038	47.1808	-0.00324513	0.00258729	2
127.986	47.4346	-0.00327312	0.00262839	2
128.929	47.6897	-0.00330026	0.00266901	2
129.866	47.9465	-0.00332654	0.00270912	2
130.796	48.2052	-0.00335193	0.00274871	2
131.72	48.4662	-0.00337642	0.00278773	2
132.637	48.7298	-0.00339999	0.00282618	2
133.547	48.9961	-0.00342261	0.00286401	2
134.448	49.2657	-0.00344427	0.00290122	2
135.341	49.5386	-0.00346494	0.00293776	2
136.224	49.8153	-0.00348461	0.00297362	2
137.098	50.096	-0.00350325	0.00300878	2
137.963	50.381	-0.00352084	0.0030432	2
138.807	50.6673	-0.00353719	0.00307648	2
139.65	50.9617	-0.00355264	0.00310936	2
140.482	51.2613	-0.00356699	0.00314144	2
141.303	51.5665	-0.00358021	0.00317268	2

124.992	2.01323	3.95534e-07	-4.12584e-08	2
124.357	3.14609	3.29241e-05	-2.98876e-06	2
123.744	4.28292	6.28754e-05	-4.77723e-06	2
123.161	5.41047	8.99088e-05	-5.38829e-06	2
122.613	6.51595	0.000113818	-4.8575e-06	2
122.089	7.62506	0.000135212	-3.19515e-06	2
121.594	8.7249	0.000153853	-4.2369e-07	2
121.128	9.81545	0.000169795	3.43403e-06	2
120.69	10.8967	0.000183093	8.35516e-06	2
120.28	11.9687	0.000193802	1.43168e-05	2
119.899	13.0314	0.000201978	2.12962e-05	2
119.545	14.0848	0.000207674	2.92704e-05	2
119.218	15.129	0.000210946	3.82166e-05	2
118.919	16.1638	0.00021185	4.8112e-05	2
118.646	17.1893	0.000210438	5.89336e-05	2
118.4	18.2055	0.000206768	7.06586e-05	2
118.18	19.2125	0.000200894	8.32641e-05	2
117.986	20.2101	0.00019287	9.67274e-05	2
117.817	21.1984	0.000182751	0.000111026	2
117.674	22.1774	0.000170593	0.000126136	2
117.556	23.1472	0.000156451	0.000142035	2
117.463	24.1075	0.000140379	0.0001587	2
117.393	25.0586	0.000122432	0.000176109	2
117.349	26.0004	0.000102665	0.000194239	2
117.327	26.9328	8.11336e-05	0.000213066	2
117.33	27.8559	5.78922e-05	0.000232568	2
117.355	28.7593	3.32913e-05	0.000252487	2
117.403	29.6639	6.81307e-06	0.000273263	2
117.474	30.5591	-2.12109e-05	0.000294646	2
117.568	31.445	-5.07256e-05	0.000316612	2
117.683	32.3216	-8.16761e-05	0.000339139	2
117.82	33.1889	-0.000114008	0.000362205	2
117.979	34.0468	-0.000147665	0.000385785	2
118.159	34.8954	-0.000182593	0.000409858	2
118.36	35.7346	-0.000218738	0.0004344	2
118.581	36.5645	-0.000256044	0.000459388	2
118.823	37.385	-0.000294456	0.000484801	2
119.084	38.1962	-0.000333919	0.000510614	2
119.366	38.998	-0.000374378	0.000536805	2
119.667	39.7905	-0.000415779	0.000563351	2
119.987	40.5736	-0.000458067	0.00059023	2
120.325	41.3474	-0.000501186	0.000617418	2
120.683	42.1118	-0.000545081	0.000644892	2
121.058	42.8668	-0.000589698	0.00067263	2
121.452	43.6125	-0.000634982	0.00070061	2
121.863	44.3488	-0.000680878	0.000728807	2
122.291	45.0757	-0.00072733	0.000757199	2
122.737	45.7933	-0.000774285	0.000785764	2
123.199	46.5015	-0.000821686	0.000814478	2
123.672	47.1923	-0.000868928	0.000842986	2
124.167	47.8818	-0.000917055	0.000871929	2
124.678	48.562	-0.000965465	0.000900954	2
125.204	49.2328	-0.0010141	0.000930036	2
125.746	49.8941	-0.00106291	0.000959154	2
126.302	50.5461	-0.00111184	0.000988285	2
126.874	51.1887	-0.00116083	0.00101741	2
127.459	51.8219	-0.00120983	0.00104649	2
128.059	52.4458	-0.00125879	0.00107552	2
128.673	53.0602	-0.00130764	0.00110448	2
129.3	53.6652	-0.00135633	0.00113333	2
129.941	54.2608	-0.00140481	0.00116205	2
130.594	54.847	-0.00145303	0.00119063	2
131.26	55.4238	-0.00150093	0.00121904	2
131.938	55.9912	-0.00154844	0.00124725	2
132.629	56.5491	-0.00159553	0.00127525	2
133.331	57.0977	-0.00164213	0.00130301	2
134.045	57.6368	-0.00168819	0.00133051	2
134.77	58.1665	-0.00173365	0.00135773	2
135.506	58.6868	-0.00177846	0.00138463	2
136.252	59.1977	-0.00182257	0.00141121	2
137.009	59.6992	-0.00186592	0.00143743	2
137.775	60.1912	-0.00190844	0.00146328	2
138.552	60.6738	-0.0019501	0.00148873	2
139.328	61.1415	-0.00199037	0.00151347	2
140.123	61.6054	-0.00203014	0.00153806	2
140.927	62.0597	-0.00206886	0.00156218	2
141.739	62.5047	-0.0021065	0.00158581	2
142.559	62.9402	-0.00214299	0.00160893	2
143.388	63.3662	-0.00217829	0.00163151	2
144.224	63.7829	-0.00221233	0.00165353	2
145.067	64.19	-0.00224505	0.00167497	2
145.918	64.5877	-0.00227642	0.00169581	2
146.775	64.976	-0.00230636	0.00171602	2
147.638	65.3548	-0.00233483	0.00173558	2
148.508	65.7241	-0.00236177	0.00175447	2
149.384	66.084	-0.00238713	0.00177266	2
150.265	66.4344	-0.00241085	0.00179013	2
151.152	66.7753	-0.00243287	0.00180686	2
152.043	67.1068	-0.00245314	0.00182283	2
152.94	67.4288	-0.00247161	0.00183801	2
153.841	67.7414	-0.00248822	0.00185238	2
154.745	68.0444	-0.00250291	0.00186592	2
155.654	68.338	-0.00251564	0.0018786	2
156.566	68.6221	-0.00252634	0.0018904	2
157.482	68.8967	-0.00253497	0.00190131	2
158.4	69.1618	-0.00254146	0.00191128	2
159.31	69.4146	-0.00254572	0.00192022	2
160.234	69.6609	-0.00254781	0.00192829	2
161.159	69.8976	-0.00254759	0.00193537	2
162.086	70.1249	-0.00254502	0.00194143	2

