-125.004	2.01168	5.78317e-07	-4.45782e-07	2
-125.376	3.01733	4.84064e-05	-3.76322e-05	2
-125.742	4.03629	9.30015e-05	-7.2963e-05	2
-126.098	5.0567	0.000133856	-0.000106033	2
-126.44	6.06659	0.000170635	-0.000136542	2
-126.776	7.08926	0.000204264	-0.000165239	2
-127.101	8.11277	0.000234366	-0.000191797	2
-127.416	9.13691	0.000261011	-0.000216258	2
-127.72	10.1615	0.000284272	-0.000238662	2
-128.013	11.1863	0.000304219	-0.00025905	2
-128.296	12.2111	0.000320923	-0.000277464	2
-128.568	13.2358	0.000334456	-0.000293943	2
-128.83	14.26	0.000344889	-0.000308529	2
-129.08	15.2837	0.000352293	-0.000321263	2
-129.319	16.3067	0.000356739	-0.000332185	2
-129.547	17.3286	0.000358299	-0.000341337	2
-129.764	18.3494	0.000357044	-0.000348758	2
-129.97	19.3687	0.000353045	-0.000354491	2
-130.165	20.3865	0.000346373	-0.000358576	2
-130.348	21.4025	0.000337099	-0.000361054	2
-130.52	22.4165	0.000325296	-0.000361965	2
-130.68	23.4283	0.000311033	-0.000361351	2
-130.829	24.4377	0.000294382	-0.000359253	2
-130.965	25.4445	0.000275414	-0.00035571	2
-131.091	26.4486	0.000254202	-0.000350765	2
-131.204	27.4496	0.000230814	-0.000344458	2
-131.304	28.4359	0.000205629	-0.000336925	2
-131.394	29.4304	0.00017813	-0.000328031	2
-131.471	30.4212	0.000148669	-0.000317897	2
-131.537	31.4082	0.000117319	-0.000306564	2
-131.59	32.3913	8.4149e-05	-0.000294072	2
-131.631	33.3701	4.92317e-05	-0.000280464	2
-131.659	34.3445	1.26378e-05	-0.000265779	2
-131.675	35.3143	-2.55614e-05	-0.000250059	2
-131.679	36.2792	-6.52948e-05	-0.000233343	2
-131.67	37.2392	-0.000106491	-0.000215674	2
-131.648	38.1939	-0.000149079	-0.000197092	2
-131.614	39.1432	-0.000192987	-0.000177638	2
-131.567	40.0869	-0.000238145	-0.000157353	2
-131.507	41.0247	-0.00028448	-0.000136277	2
-131.434	41.9565	-0.000331923	-0.000114452	2
-131.348	42.8821	-0.0003804	-9.19178e-05	2
-131.248	43.8013	-0.000429843	-6.87161e-05	2
-131.136	44.7138	-0.000480178	-4.48874e-05	2
-131.01	45.6195	-0.000531335	-2.04726e-05	2
-130.871	46.5181	-0.000583243	4.48742e-06	2
-130.719	47.4095	-0.000635831	2.99518e-05	2
-130.553	48.2935	-0.000689027	5.58796e-05	2
-130.374	49.1698	-0.000742759	8.22301e-05	2
-130.183	50.0283	-0.000796333	0.000108653	2
-129.976	50.8889	-0.000850922	0.000135722	2
-129.756	51.7411	-0.000905835	0.000163092	2
-129.521	52.5849	-0.000961002	0.000190722	2
-129.273	53.4201	-0.00101635	0.00021857	2
-129.011	54.2464	-0.00107181	0.000246597	2
-128.734	55.0637	-0.00112731	0.00027476	2
-128.444	55.8717	-0.00118277	0.00030302	2
-128.139	56.6702	-0.00123814	0.000331335	2
-127.82	57.4591	-0.00129332	0.000359664	2
-127.486	58.2381	-0.00134827	0.000387967	2
-127.138	59.007	-0.00140289	0.000416203	2
-126.776	59.7657	-0.00145713	0.00044433	2
-126.398	60.5139	-0.00151091	0.000472309	2
-126.006	61.2514	-0.00156416	0.000500098	2
-125.6	61.9781	-0.00161681	0.000527656	2
-125.178	62.6936	-0.00166878	0.000554942	2
-124.742	63.3979	-0.00172001	0.000581916	2
-124.29	64.0908	-0.00177043	0.000608537	2
-123.824	64.7719	-0.00181996	0.000634764	2
-123.342	65.4411	-0.00186853	0.000660555	2
-122.845	66.0983	-0.00191607	0.000685871	2
-122.333	66.7432	-0.00196251	0.00071067	2
-121.805	67.3756	-0.00200778	0.000734911	2
-121.269	67.9882	-0.00205131	0.000758286	2
-120.71	68.5952	-0.00209404	0.000781297	2
-120.136	69.189	-0.00213539	0.000803628	2
-119.546	69.7696	-0.00217528	0.000825239	2
-118.941	70.3367	-0.00221364	0.000846089	2
-118.32	70.89	-0.00225041	0.000866136	2
-117.683	71.4295	-0.0022855	0.00088534	2
-117.029	71.9548	-0.00231886	0.000903659	2
-116.36	72.4659	-0.0023504	0.000921054	2
-115.675	72.9624	-0.00238007	0.000937483	2
-114.973	73.4443	-0.00240777	0.000952906	2
-114.255	73.9112	-0.00243346	0.000967281	2
-113.521	74.363	-0.00245704	0.000980568	2
-112.77	74.7995	-0.00247846	0.000992725	2
-112.003	75.2205	-0.00249764	0.00100371	2
-111.219	75.6258	-0.00251451	0.00101349	2
-110.419	76.0151	-0.002529	0.00102201	2
-109.602	76.3883	-0.00254104	0.00102925	2
-108.768	76.7452	-0.00255055	0.00103514	2
-107.917	77.0856	-0.00255747	0.00103967	2
-107.049	77.4092	-0.00256172	0.00104278	2
-106.164	77.7159	-0.00256323	0.00104443	2
-105.262	78.0055	-0.00256194	0.00104459	2
-104.353	78.2747	-0.00255783	0.00104323	2
-103.417	78.5296	-0.00255074	0.00104029	2
-102.463	78.7667	-0.00254063	0.00103572	2
-101.492	78.9859	-0.00252742	0.0010295	2

-74.9996	2.01035	3.23581e-07	7.72411e-08	2
-74.98	2.90066	2.72601e-05	6.20583e-06	2
-74.9932	3.80134	5.27338e-05	1.13862e-05	2
-75.0388	4.70194	7.64472e-05	1.55634e-05	2
-75.115	5.59206	9.81833e-05	1.87286e-05	2
-75.2227	6.49232	0.000118473	2.09775e-05	2
-75.3604	7.39229	0.000137081	2.229e-05	2
-75.5272	8.29189	0.000154031	2.26884e-05	2
-75.7222	9.19106	0.000169351	2.21952e-05	2
-75.9448	10.0897	0.000183066	2.08325e-05	2
-76.1939	10.9878	0.000195203	1.86227e-05	2
-76.4689	11.8852	0.000205787	1.55883e-05	2
-76.7688	12.7819	0.000214843	1.17514e-05	2
-77.0929	13.6777	0.0002224	7.13453e-06	2
-77.4404	14.5727	0.000228481	1.75989e-06	2
-77.8103	15.4667	0.000233114	-4.35015e-06	2
-78.2018	16.3597	0.000236323	-1.11733e-05	2
-78.6142	17.2515	0.000238137	-1.86871e-05	2
-79.0466	18.1422	0.000238579	-2.68693e-05	2
-79.4981	19.0316	0.000237676	-3.56976e-05	2
-79.968	19.9197	0.000235455	-4.51497e-05	2
-80.4553	20.8064	0.000231941	-5.52031e-05	2
-80.9594	21.6916	0.000227159	-6.58356e-05	2
-81.4793	22.5752	0.000221138	-7.70249e-05	2
-82.0142	23.4572	0.000213901	-8.87485e-05	2
-82.5633	24.3375	0.000205475	-0.000100984	2
-83.1192	25.2059	0.000196003	-0.000113561	2
-83.6941	26.0826	0.000185291	-0.000126748	2
-84.2806	26.9574	0.000173467	-0.000140381	2
-84.878	27.8301	0.000160558	-0.000154437	2
-85.4855	28.7007	0.00014659	-0.000168894	2
-86.1022	29.5692	0.000131589	-0.000183729	2
-86.7272	30.4355	0.00011558	-0.00019892	2
-87.3599	31.2995	9.85906e-05	-0.000214445	2
-87.9992	32.161	8.06456e-05	-0.000230281	2
-88.6444	33.0202	6.17713e-05	-0.000246406	2
-89.2947	33.8768	4.19938e-05	-0.000262797	2
-89.9493	34.7308	2.13391e-05	-0.000279433	2
-90.6072	35.5821	-1.66971e-07	-0.000296291	2
-91.2677	36.4306	-2.24983e-05	-0.000313349	2
-91.93	37.2764	-4.56289e-05	-0.000330584	2
-92.5932	38.1192	-6.95328e-05	-0.000347974	2
-93.2564	38.959	-9.4184e-05	-0.000365497	2
-93.9189	39.7958	-0.000119557	-0.00038313	2
-94.5799	40.6295	-0.000145624	-0.000400851	2
-95.2384	41.46	-0.000172362	-0.000418638	2
-95.8937	42.2871	-0.000199742	-0.000436469	2
-96.5449	43.111	-0.00022774	-0.00045432	2
-97.1912	43.9314	-0.000256329	-0.00047217	2
-97.8245	44.7389	-0.000285146	-0.000489791	2
-98.4587	45.5523	-0.000314834	-0.000507572	2
-99.0854	46.362	-0.000345035	-0.000525285	2
-99.704	47.168	-0.000375725	-0.000542908	2
-100.313	47.9702	-0.000406876	-0.000560417	2
-100.913	48.7686	-0.000438462	-0.000577792	2
-101.502	49.5629	-0.000470459	-0.00059501	2
-102.079	50.3533	-0.000502839	-0.000612047	2
-102.645	51.1396	-0.000535577	-0.000628883	2
-103.196	51.9216	-0.000568646	-0.000645494	2
-103.734	52.6995	-0.000602022	-0.000661859	2
-104.257	53.473	-0.000635677	-0.000677954	2
-104.765	54.2421	-0.000669586	-0.000693758	2
-105.255	55.0067	-0.000703722	-0.000709249	2
-105.729	55.7668	-0.000738061	-0.000724403	2
-106.184	56.5223	-0.000772575	-0.000739199	2
-106.621	57.2731	-0.000807239	-0.000753615	2
-107.037	58.0191	-0.000842027	-0.000767627	2
-107.433	58.7603	-0.000876913	-0.000781214	2
-107.807	59.4965	-0.00091187	-0.000794353	2
-108.159	60.2277	-0.000946874	-0.000807022	2
-108.488	60.9539	-0.000981897	-0.000819199	2
-108.793	61.675	-0.00101691	-0.000830861	2
-109.073	62.3908	-0.0010519	-0.000841987	2
-109.325	63.0931	-0.00108642	-0.000852434	2
-109.553	63.7984	-0.00112127	-0.000862425	2
-109.754	64.4981	-0.001156	-0.000871812	2
-109.927	65.1924	-0.0011906	-0.000880573	2
-110.071	65.881	-0.00122504	-0.000888686	2
-110.185	66.564	-0.00125929	-0.000896128	2
-110.269	67.2413	-0.00129332	-0.000902877	2
-110.321	67.9127	-0.00132711	-0.00090891	2
-110.341	68.5782	-0.00136064	-0.000914206	2
-110.328	69.2378	-0.00139388	-0.000918741	2
-110.281	69.8914	-0.0014268	-0.000922494	2
-110.199	70.5388	-0.00145938	-0.000925442	2
-110.081	71.18	-0.00149158	-0.000927564	2
-109.927	71.815	-0.00152339	-0.000928835	2
-109.736	72.4436	-0.00155478	-0.000929236	2
-109.507	73.0658	-0.00158572	-0.000928742	2
-109.239	73.6815	-0.00161619	-0.000927331	2
-108.931	74.2907	-0.00164616	-0.000924982	2
-108.583	74.8932	-0.0016756	-0.000921672	2
-108.193	75.489	-0.00170449	-0.000917378	2
-107.761	76.078	-0.0017328	-0.000912079	2
-107.285	76.6602	-0.00176051	-0.000905751	2
-106.766	77.2354	-0.00178759	-0.000898373	2
-106.209	77.7971	-0.00181372	-0.000890026	2
-105.601	78.3583	-0.00183947	-0.000880493	2
-104.946	78.9123	-0.00186451	-0.000869843	2
-104.243	79.4591	-0.00188882	-0.000858053	2

-25.001	2.01129	-2.53262e-07	-5.66868e-08	2
-25.0992	2.97404	-2.16193e-05	-5.08872e-06	2
-25.2254	3.93255	-4.24164e-05	-1.04948e-05	2
-25.3782	4.8758	-6.24163e-05	-1.62179e-05	2
-25.5548	5.79349	-8.14273e-05	-2.21866e-05	2
-25.7588	6.70725	-9.99161e-05	-2.85392e-05	2
-25.9877	7.60659	-0.000117682	-3.52079e-05	2
-26.241	8.49181	-0.000134751	-4.21924e-05	2
-26.5182	9.36317	-0.000151146	-4.94924e-05	2
-26.8187	10.221	-0.000166894	-5.71075e-05	2
-27.142	11.0655	-0.000182019	-6.50374e-05	2
-27.4875	11.897	-0.000196545	-7.32818e-05	2
-27.8548	12.7158	-0.000210499	-8.18403e-05	2
-28.2432	13.5221	-0.000223904	-9.07127e-05	2
-28.6522	14.3163	-0.000236786	-9.98987e-05	2
-29.0814	15.0986	-0.00024917	-0.000109398	2
-29.5302	15.8693	-0.000261081	-0.00011921	2
-29.9979	16.6287	-0.000272543	-0.000129335	2
-30.4842	17.377	-0.000283581	-0.000139771	2
-30.9884	18.1147	-0.000294221	-0.00015052	2
-31.51	18.8418	-0.000304488	-0.000161581	2
-32.0485	19.5587	-0.000314405	-0.000172952	2
-32.6034	20.2658	-0.000323999	-0.000184635	2
-33.1741	20.9632	-0.000333294	-0.000196629	2
-33.76	21.6512	-0.000342315	-0.000208932	2
-34.3607	22.3302	-0.000351087	-0.000221546	2
-34.9684	22.9928	-0.000359538	-0.000234319	2
-35.5968	23.6546	-0.000367889	-0.000247548	2
-36.2382	24.3082	-0.000376065	-0.000261087	2
-36.8923	24.9538	-0.000384092	-0.000274934	2
-37.5585	25.5918	-0.000391994	-0.000289089	2
-38.2361	26.2225	-0.000399797	-0.000303553	2
-38.9248	26.846	-0.000407525	-0.000318324	2
-39.6239	27.4627	-0.000415203	-0.000333403	2
-40.3329	28.0728	-0.000422856	-0.000348789	2
-41.0512	28.6768	-0.000430509	-0.000364482	2
-41.7784	29.2747	-0.000438187	-0.000380481	2
-42.5139	29.867	-0.000445915	-0.000396786	2
-43.2572	30.4538	-0.000453718	-0.000413398	2
-44.0076	31.0355	-0.00046162	-0.000430315	2
-44.7648	31.6124	-0.000469647	-0.000447537	2
-45.5281	32.1847	-0.000477824	-0.000465064	2
-46.297	32.7528	-0.000486175	-0.000482895	2
-47.071	33.3168	-0.000494726	-0.000501031	2
-47.8495	33.8771	-0.000503501	-0.000519471	2
-48.632	34.434	-0.000512525	-0.000538214	2
-49.418	34.9877	-0.000521824	-0.000557261	2
-50.2069	35.5386	-0.000531422	-0.000576611	2
-50.9982	36.0869	-0.000541344	-0.000596263	2
-51.7823	36.6265	-0.000551495	-0.000615987	2
-52.5767	37.1705	-0.000562136	-0.00063624	2
-53.3719	37.7127	-0.000573175	-0.000656795	2
-54.1674	38.2534	-0.000584638	-0.000677651	2
-54.9626	38.7929	-0.000596549	-0.000698809	2
-55.757	39.3316	-0.000608934	-0.000720267	2
-56.55	39.8696	-0.000621817	-0.000742026	2
-57.3411	40.4072	-0.000635223	-0.000764084	2
-58.1298	40.9448	-0.000649178	-0.000786443	2
-58.9154	41.4827	-0.000663705	-0.000809101	2
-59.6976	42.021	-0.000678831	-0.000832058	2
-60.4758	42.5601	-0.00069458	-0.000855314	2
-61.2493	43.1003	-0.000710977	-0.000878869	2
-62.0177	43.6418	-0.000728046	-0.000902721	2
-62.7805	44.1849	-0.000745814	-0.000926872	2
-63.537	44.73	-0.000764304	-0.00095132	2
-64.2869	45.2772	-0.000783541	-0.000976065	2
-65.0294	45.8269	-0.000803552	-0.00100111	2
-65.7642	46.3794	-0.00082436	-0.00102645	2
-66.4906	46.9349	-0.00084599	-0.00105208	2
-67.2081	47.4937	-0.000868467	-0.00107801	2
-67.9162	48.0561	-0.000891817	-0.00110424	2
-68.6143	48.6224	-0.000916065	-0.00113076	2
-69.302	49.1928	-0.000941234	-0.00115758	2
-69.9709	49.7611	-0.000967045	-0.00118438	2
-70.6361	50.3407	-0.000994122	-0.00121178	2
-71.2892	50.9252	-0.0010222	-0.00123948	2
-71.9296	51.5151	-0.00105129	-0.00126747	2
-72.5569	52.1105	-0.00108143	-0.00129575	2
-73.1705	52.7118	-0.00111265	-0.00132433	2
-73.7698	53.3191	-0.00114496	-0.0013532	2
-74.3544	53.9329	-0.00117839	-0.00138236	2
-74.9236	54.5534	-0.00121297	-0.00141181	2
-75.477	55.1809	-0.00124871	-0.00144156	2
-76.014	55.8156	-0.00128566	-0.0014716	2
-76.534	56.4579	-0.00132382	-0.00150193	2
-77.0366	57.1079	-0.00136324	-0.00153255	2
-77.5212	57.7661	-0.00140392	-0.00156346	2
-77.9872	58.4327	-0.0014459	-0.00159466	2
-78.4342	59.1079	-0.0014892	-0.00162615	2
-78.8615	59.792	-0.00153384	-0.00165793	2
-79.2687	60.4854	-0.00157986	-0.00168999	2
-79.6552	61.1883	-0.00162727	-0.00172235	2
-80.0205	61.9009	-0.0016761	-0.001755	2
-80.364	62.6237	-0.00172638	-0.00178793	2
-80.6852	63.3568	-0.00177813	-0.00182116	2
-80.9836	64.1005	-0.00183137	-0.00185467	2
-81.2555	64.8464	-0.00188549	-0.00188807	2
-81.5069	65.6121	-0.00194178	-0.00192216	2
-81.7338	66.3893	-0.00199964	-0.00195652	2
-81.9357	67.1782	-0.0020591	-0.00199118	2

24.9994	2.01177	1.23238e-07	-4.60851e-07	2
24.9378	3.01977	1.20653e-05	-3.86868e-05	2
24.8571	4.03049	2.68206e-05	-7.45588e-05	2
24.7582	5.03229	4.42226e-05	-0.000107665	2
24.6428	6.01396	6.39836e-05	-0.000137719	2
24.5086	6.99847	8.65202e-05	-0.000165469	2
24.357	7.97451	0.000111575	-0.000190599	2
24.1885	8.9422	0.000139103	-0.000213157	2
24.0033	9.90171	0.000169063	-0.000233191	2
23.8016	10.8532	0.000201411	-0.000250752	2
23.5839	11.7967	0.000236104	-0.000265886	2
23.3504	12.7325	0.000273098	-0.000278644	2
23.1015	13.6607	0.000312351	-0.000289074	2
22.8373	14.5814	0.000353819	-0.000297224	2
22.5583	15.4948	0.000397459	-0.000303144	2
22.2647	16.401	0.000443227	-0.000306882	2
21.9569	17.3002	0.000491082	-0.000308486	2
21.6351	18.1925	0.000540978	-0.000308006	2
21.2997	19.078	0.000592874	-0.00030549	2
20.9509	19.957	0.000646726	-0.000300987	2
20.5891	20.8295	0.00070249	-0.000294545	2
20.2145	21.6956	0.000760125	-0.000286214	2
19.8275	22.5556	0.000819585	-0.000276042	2
19.4284	23.4096	0.000880829	-0.000264078	2
19.0175	24.2577	0.000943812	-0.000250371	2
18.595	25.1001	0.00100849	-0.000234968	2
18.1664	25.9273	0.00107406	-0.000218125	2
17.7219	26.7586	0.00114198	-0.000199498	2
17.2668	27.5847	0.00121147	-0.000179321	2
16.8014	28.4056	0.00128249	-0.000157644	2
16.326	29.2216	0.00135499	-0.000134515	2
15.8409	30.0326	0.00142893	-0.000109984	2
15.3465	30.8389	0.00150426	-8.40979e-05	2
14.8429	31.6406	0.00158095	-5.69066e-05	2
14.3306	32.4379	0.00165894	-2.84585e-05	2
13.8097	33.2309	0.0017382	1.19759e-06	2
13.2807	34.0198	0.00181867	3.2013e-05	2
12.7439	34.8046	0.00190033	6.3939e-05	2
12.1994	35.5856	0.00198313	9.69268e-05	2
11.6477	36.3629	0.00206701	0.000130928	2
11.0891	37.1366	0.00215195	0.000165893	2
10.5237	37.9069	0.00223789	0.000201774	2
9.95208	38.6739	0.00232479	0.000238522	2
9.37438	39.4377	0.00241262	0.000276089	2
8.79094	40.1986	0.00250132	0.000314424	2
8.20206	40.9566	0.00259085	0.000353481	2
7.60805	41.7119	0.00268118	0.000393209	2
7.00921	42.4647	0.00277225	0.000433561	2
6.40586	43.215	0.00286402	0.000474488	2
5.80529	43.9545	0.00295539	0.000515461	2
5.19384	44.7005	0.00304843	0.000557385	2
4.57879	45.4445	0.00314205	0.000599739	2
3.96042	46.1866	0.0032362	0.000642472	2
3.33905	46.9271	0.00333084	0.000685537	2
2.71499	47.666	0.00342592	0.000728885	2
2.08853	48.4035	0.00352141	0.000772467	2
1.45997	49.1397	0.00361725	0.000816234	2
0.829636	49.8749	0.00371341	0.000860138	2
0.197817	50.609	0.00380984	0.00090413	2
-0.435179	51.3423	0.0039065	0.000948161	2
-1.06905	52.075	0.00400335	0.000992183	2
-1.70348	52.8071	0.00410033	0.00103615	2
-2.33819	53.5388	0.00419742	0.00108	2
-2.97285	54.2702	0.00429456	0.0011237	2
-3.60716	55.0016	0.00439172	0.0011672	2
-4.24083	55.733	0.00448884	0.00121044	2
-4.87354	56.4645	0.00458589	0.00125338	2
-5.50499	57.1964	0.00468283	0.00129597	2
-6.13488	57.9288	0.0047796	0.00133816	2
-6.7629	58.6618	0.00487618	0.00137991	2
-7.38876	59.3956	0.0049725	0.00142115	2
-8.01213	60.1302	0.00506854	0.00146185	2
-8.63273	60.8659	0.00516424	0.00150196	2
-9.24316	61.5944	0.00525847	0.00154097	2
-9.85732	62.3326	0.00535339	0.00157975	2
-10.4678	63.0723	0.00544784	0.00161779	2
-11.0743	63.8136	0.00554178	0.00165505	2
-11.6765	64.5567	0.00563518	0.00169146	2
-12.274	65.3018	0.00572799	0.00172699	2
-12.8667	66.0489	0.00582016	0.00176158	2
-13.4542	66.7981	0.00591165	0.00179519	2
-14.0361	67.5498	0.00600242	0.00182777	2
-14.6122	68.3039	0.00609243	0.00185926	2
-15.1822	69.0607	0.00618163	0.00188963	2
-15.7458	69.8202	0.00626998	0.00191882	2
-16.3026	70.5827	0.00635743	0.00194678	2
-16.8524	71.3482	0.00644395	0.00197347	2
-17.3948	72.117	0.00652949	0.00199883	2
-17.9296	72.8891	0.00661401	0.00202282	2
-18.4565	73.6647	0.00669745	0.00204538	2
-18.9751	74.444	0.00677979	0.00206648	2
-19.4851	75.2271	0.00686097	0.00208605	2
-19.9863	76.0141	0.00694096	0.00210406	2
-20.4783	76.8052	0.00701971	0.00212045	2
-20.9608	77.6005	0.00709718	0.00213517	2
-21.4336	78.4002	0.00717332	0.00214818	2
-21.891	79.1951	0.00724724	0.00215931	2
-22.3434	80.0039	0.00732061	0.00216877	2
-22.7851	80.8175	0.00739253	0.00217636	2
-23.2158	81.6361	0.00746295	0.00218205	2

74.9995	2.01264	6.87063e-07	-7.03076e-08	2
74.9661	3.09523	6.0144e-05	-6.99237e-06	2
74.9483	4.18082	0.000121024	-1.57444e-05	2
74.9463	5.25685	0.000182623	-2.62381e-05	2
74.9598	6.31121	0.000244202	-3.83052e-05	2
74.9889	7.36849	0.000307177	-5.22087e-05	2
75.0334	8.41646	0.000370819	-6.78001e-05	2
75.093	9.4552	0.000435109	-8.50615e-05	2
75.1676	10.4848	0.00050003	-0.000103975	2
75.257	11.5053	0.000565564	-0.000124522	2
75.361	12.5169	0.000631695	-0.000146685	2
75.4794	13.5196	0.000698404	-0.000170446	2
75.6121	14.5134	0.000765673	-0.000195787	2
75.7588	15.4985	0.000833487	-0.00022269	2
75.9194	16.475	0.000901826	-0.000251137	2
76.0938	17.4429	0.000970673	-0.00028111	2
76.2816	18.4023	0.00104001	-0.000312591	2
76.4828	19.3534	0.00110982	-0.000345562	2
76.6971	20.2961	0.00118009	-0.000380005	2
76.9244	21.2305	0.0012508	-0.000415901	2
77.1645	22.1568	0.00132192	-0.000453234	2
77.4172	23.0751	0.00139345	-0.000491986	2
77.6824	23.9853	0.00146537	-0.000532137	2
77.9598	24.8876	0.00153765	-0.00057367	2
78.2492	25.7822	0.00161028	-0.000616567	2
78.5505	26.6689	0.00168325	-0.000660811	2
78.8599	27.538	0.00175569	-0.000705851	2
79.1843	28.4096	0.00182926	-0.000752717	2
79.52	29.2737	0.00190312	-0.000800876	2
79.8669	30.1304	0.00197724	-0.00085031	2
80.2247	30.9798	0.0020516	-0.000900999	2
80.5934	31.8219	0.0021262	-0.000952927	2
80.9726	32.6569	0.002201	-0.00100608	2
81.3623	33.4847	0.002276	-0.00106043	2
81.7622	34.3056	0.00235117	-0.00111596	2
82.1722	35.1196	0.0024265	-0.00117266	2
82.592	35.9267	0.00250197	-0.00123051	2
83.0215	36.727	0.00257757	-0.00128949	2
83.4606	37.5207	0.00265326	-0.00134959	2
83.9089	38.3078	0.00272905	-0.00141077	2
84.3665	39.0884	0.00280491	-0.00147304	2
84.8329	39.8626	0.00288082	-0.00153636	2
85.3082	40.6304	0.00295676	-0.00160072	2
85.7921	41.392	0.00303272	-0.00166611	2
86.2843	42.1473	0.00310869	-0.0017325	2
86.7848	42.8966	0.00318463	-0.00179987	2
87.2934	43.6399	0.00326054	-0.00186822	2
87.8098	44.3772	0.0033364	-0.00193751	2
88.334	45.1087	0.00341218	-0.00200774	2
88.8594	45.8262	0.00348701	-0.00207806	2
89.3983	46.5463	0.00356261	-0.00215009	2
89.9443	47.2608	0.00363808	-0.002223	2
90.4973	47.9698	0.00371342	-0.00229676	2
91.057	48.6733	0.00378859	-0.00237138	2
91.6234	49.3715	0.00386359	-0.00244681	2
92.1961	50.0644	0.0039384	-0.00252305	2
92.7751	50.7522	0.004013	-0.00260009	2
93.3601	51.4348	0.00408737	-0.00267789	2
93.951	52.1124	0.00416149	-0.00275644	2
94.5476	52.785	0.00423536	-0.00283573	2
95.1497	53.4528	0.00430894	-0.00291574	2
95.7571	54.1158	0.00438222	-0.00299645	2
96.3697	54.7742	0.00445519	-0.00307783	2
96.9872	55.4279	0.00452783	-0.00315988	2
97.6094	56.077	0.00460011	-0.00324258	2
98.2363	56.7218	0.00467203	-0.0033259	2
98.8676	57.3621	0.00474356	-0.00340983	2
99.5031	57.9982	0.00481469	-0.00349435	2
100.143	58.6301	0.0048854	-0.00357944	2
100.786	59.2578	0.00495567	-0.00366509	2
101.433	59.8815	0.00502549	-0.00375128	2
102.084	60.5013	0.00509483	-0.00383798	2
102.738	61.1172	0.00516368	-0.00392519	2
103.387	61.7223	0.00523124	-0.00401187	2
104.047	62.3307	0.00529906	-0.00410002	2
104.71	62.9355	0.00536634	-0.00418861	2
105.375	63.5368	0.00543306	-0.00427764	2
106.043	64.1346	0.00549921	-0.00436708	2
106.713	64.7291	0.00556475	-0.00445691	2
107.384	65.3202	0.00562969	-0.00454711	2
108.058	65.9081	0.00569399	-0.00463767	2
108.734	66.4929	0.00575764	-0.00472857	2
109.411	67.0746	0.00582063	-0.0048198	2
110.089	67.6534	0.00588294	-0.00491132	2
110.768	68.2293	0.00594454	-0.00500314	2
111.449	68.8024	0.00600543	-0.00509521	2
112.13	69.3728	0.00606558	-0.00518754	2
112.812	69.9405	0.00612497	-0.0052801	2
113.494	70.5057	0.0061836	-0.00537288	2
114.176	71.0684	0.00624143	-0.00546584	2
114.858	71.6287	0.00629847	-0.00555899	2
115.541	72.1867	0.00635467	-0.0056523	2
116.223	72.7425	0.00641004	-0.00574574	2
116.904	73.2961	0.00646455	-0.00583931	2
117.585	73.8477	0.00651818	-0.00593299	2
118.264	74.3973	0.00657092	-0.00602675	2
118.935	74.9387	0.00662215	-0.0061195	2
119.613	75.4846	0.00667306	-0.00621339	2
120.289	76.0288	0.00672302	-0.0063073	2
120.963	76.5714	0.00677202	-0.00640124	2

124.996	2.01226	-3.10891e-07	-2.49577e-07	2
124.69	3.06121	-2.71192e-05	-2.07636e-05	2
124.407	4.11089	-5.43762e-05	-3.96313e-05	2
124.152	5.14911	-8.176e-05	-5.66419e-05	2
123.926	6.16424	-0.000108943	-7.16695e-05	2
123.724	7.17995	-0.000136546	-8.51017e-05	2
123.549	8.18447	-0.000164243	-9.6792e-05	2
123.4	9.17789	-0.000192023	-0.000106779	2
123.276	10.1603	-0.000219876	-0.000115101	2
123.178	11.1317	-0.000247789	-0.000121797	2
123.105	12.0924	-0.000275752	-0.000126906	2
123.057	13.0422	-0.000303755	-0.000130466	2
123.033	13.9814	-0.000331785	-0.000132515	2
123.033	14.91	-0.000359833	-0.000133092	2
123.057	15.8281	-0.000387886	-0.000132236	2
123.104	16.7358	-0.000415935	-0.000129986	2
123.174	17.6332	-0.000443968	-0.000126379	2
123.267	18.5203	-0.000471975	-0.000121455	2
123.382	19.3973	-0.000499943	-0.000115252	2
123.519	20.2642	-0.000527863	-0.000107809	2
123.678	21.1211	-0.000555724	-9.91639e-05	2
123.858	21.9681	-0.000583513	-8.93557e-05	2
124.06	22.8053	-0.000611221	-7.84228e-05	2
124.282	23.6328	-0.000638836	-6.6404e-05	2
124.524	24.4507	-0.000666348	-5.33378e-05	2
124.787	25.259	-0.000693745	-3.92627e-05	2
125.065	26.0488	-0.000720703	-2.43957e-05	2
125.366	26.8384	-0.00074784	-8.42914e-06	2
125.687	27.6187	-0.000774829	8.43093e-06	2
126.025	28.3898	-0.00080166	2.6146e-05	2
126.383	29.1517	-0.000828321	4.46774e-05	2
126.758	29.9047	-0.000854802	6.39866e-05	2
127.151	30.6487	-0.000881092	8.4035e-05	2
127.561	31.3839	-0.000907179	0.000104784	2
127.988	32.1103	-0.000933053	0.000126195	2
128.432	32.828	-0.000958703	0.00014823	2
128.892	33.5371	-0.000984118	0.000170849	2
129.368	34.2377	-0.00100929	0.000194015	2
129.86	34.9298	-0.0010342	0.000217688	2
130.367	35.6137	-0.00105884	0.000241831	2
130.889	36.2893	-0.00108321	0.000266404	2
131.425	36.9567	-0.00110728	0.00029137	2
131.976	37.616	-0.00113105	0.000316688	2
132.541	38.2674	-0.00115451	0.000342322	2
133.12	38.9109	-0.00117765	0.000368231	2
133.712	39.5465	-0.00120046	0.000394379	2
134.317	40.1744	-0.00122291	0.000420725	2
134.934	40.7947	-0.00124502	0.000447232	2
135.564	41.4074	-0.00126675	0.000473861	2
136.198	42.0057	-0.00128787	0.000500265	2
136.851	42.6036	-0.00130884	0.000527022	2
137.516	43.1942	-0.00132942	0.000553785	2
138.191	43.7776	-0.00134958	0.000580516	2
138.877	44.3539	-0.00136932	0.000607177	2
139.573	44.9232	-0.00138863	0.000633729	2
140.279	45.4855	-0.00140749	0.000660132	2
140.995	46.0409	-0.00142591	0.00068635	2
141.72	46.5896	-0.00144385	0.000712343	2
142.454	47.1315	-0.00146132	0.000738072	2
143.197	47.6669	-0.0014783	0.000763499	2
143.948	48.1957	-0.00149478	0.000788586	2
144.706	48.7181	-0.00151076	0.000813293	2
145.473	49.2342	-0.00152621	0.000837583	2
146.246	49.7439	-0.00154113	0.000861416	2
147.027	50.2476	-0.00155551	0.000884754	2
147.814	50.7451	-0.00156933	0.000907559	2
148.607	51.2366	-0.00158259	0.000929791	2
149.406	51.7222	-0.00159528	0.000951413	2
150.211	52.202	-0.00160738	0.000972386	2
151.021	52.6761	-0.00161888	0.000992671	2
151.836	53.1444	-0.00162977	0.00101223	2
152.655	53.6073	-0.00164005	0.00103102	2
153.479	54.0646	-0.00164969	0.00104901	2
154.297	54.5114	-0.00165859	0.00106597	2
155.128	54.9581	-0.00166695	0.00108224	2
155.962	55.3995	-0.00167465	0.0010976	2
156.8	55.8359	-0.00168167	0.001112	2
157.639	56.2672	-0.001688	0.00112541	2
158.481	56.6935	-0.00169364	0.00113778	2
159.325	57.1149	-0.00169858	0.00114908	2
160.17	57.5316	-0.00170279	0.00115926	2
161.017	57.9435	-0.00170628	0.0011683	2
161.864	58.3508	-0.00170902	0.00117614	2
162.712	58.7536	-0.00171102	0.00118276	2
163.56	59.152	-0.00171225	0.00118811	2
164.408	59.546	-0.00171271	0.00119216	2
165.256	59.9357	-0.00171239	0.00119486	2
166.102	60.3213	-0.00171127	0.00119619	2
166.948	60.7027	-0.00170935	0.00119609	2
167.792	61.0801	-0.00170661	0.00119453	2
168.634	61.4537	-0.00170304	0.00119147	2
169.474	61.8233	-0.00169863	0.00118688	2
170.312	62.1892	-0.00169338	0.00118072	2
171.146	62.5515	-0.00168726	0.00117294	2
171.978	62.9102	-0.00168027	0.00116351	2
172.806	63.2653	-0.0016724	0.00115239	2
173.621	63.6131	-0.00166374	0.00113969	2
174.441	63.9616	-0.00165408	0.00112509	2
175.257	64.3068	-0.00164351	0.00110869	2
176.067	64.649	-0.00163201	0.00109044	2

