-125.007	2.0131	5.67893e-07	-1.78316e-07	2
-125.596	3.13574	4.75622e-05	-1.46217e-05	2
-126.165	4.26397	9.1437e-05	-2.74611e-05	2
-126.708	5.38466	0.000131691	-3.85513e-05	2
-127.22	6.48501	0.000167991	-4.78272e-05	2
-127.711	7.59059	0.000201245	-5.55375e-05	2
-128.178	8.68852	0.00023108	-6.15976e-05	2
-128.619	9.77876	0.000257563	-6.60405e-05	2
-129.035	10.8613	0.000280759	-6.88996e-05	2
-129.426	11.936	0.000300737	-7.02078e-05	2
-129.793	13.003	0.000317564	-6.99984e-05	2
-130.135	14.0622	0.000331306	-6.83044e-05	2
-130.453	15.1134	0.000342031	-6.5159e-05	2
-130.747	16.1568	0.000349806	-6.05953e-05	2
-131.017	17.1923	0.000354697	-5.46465e-05	2
-131.264	18.2198	0.000356773	-4.73456e-05	2
-131.488	19.2392	0.0003561	-3.87259e-05	2
-131.689	20.2507	0.000352745	-2.88204e-05	2
-131.866	21.2541	0.000346776	-1.76623e-05	2
-132.022	22.2493	0.000338258	-5.28464e-06	2
-132.155	23.2364	0.000327261	8.27933e-06	2
-132.265	24.2154	0.00031385	2.29965e-05	2
-132.354	25.1861	0.000298092	3.88338e-05	2
-132.421	26.1485	0.000280056	5.57581e-05	2
-132.467	27.1027	0.000259807	7.37362e-05	2
-132.491	28.0486	0.000237413	9.2735e-05	2
-132.494	28.9753	0.000213234	0.000112486	2
-132.477	29.9046	0.000186775	0.000133416	2
-132.439	30.8253	0.00015837	0.000155268	2
-132.381	31.7376	0.000128089	0.000178008	2
-132.302	32.6415	9.59966e-05	0.000201604	2
-132.204	33.5368	6.21613e-05	0.000226022	2
-132.086	34.4235	2.66499e-05	0.000251229	2
-131.949	35.3016	-1.04706e-05	0.000277192	2
-131.792	36.1711	-4.9133e-05	0.000303878	2
-131.616	37.0318	-8.92703e-05	0.000331254	2
-131.421	37.8839	-0.000130815	0.000359286	2
-131.208	38.7273	-0.000173701	0.000387942	2
-130.976	39.5618	-0.00021786	0.000417188	2
-130.727	40.3876	-0.000263226	0.000446992	2
-130.459	41.2045	-0.000309731	0.000477319	2
-130.174	42.0125	-0.000357309	0.000508138	2
-129.871	42.8116	-0.000405891	0.000539414	2
-129.551	43.6017	-0.000455412	0.000571116	2
-129.213	44.3828	-0.000505804	0.000603208	2
-128.859	45.155	-0.000556999	0.000635659	2
-128.489	45.918	-0.000608932	0.000668436	2
-128.102	46.672	-0.000661534	0.000701505	2
-127.699	47.4168	-0.000714738	0.000734832	2
-127.285	48.144	-0.000767858	0.000767999	2
-126.85	48.8706	-0.000822062	0.000801743	2
-126.4	49.5879	-0.000876668	0.000835648	2
-125.935	50.2959	-0.000931609	0.000869679	2
-125.454	50.9946	-0.000986818	0.000903804	2
-124.959	51.684	-0.00104223	0.00093799	2
-124.45	52.364	-0.00109777	0.000972203	2
-123.925	53.0346	-0.00115338	0.00100641	2
-123.387	53.6957	-0.00120899	0.00104058	2
-122.835	54.3473	-0.00126453	0.00107468	2
-122.269	54.9895	-0.00131994	0.00110867	2
-121.69	55.622	-0.00137515	0.00114252	2
-121.097	56.245	-0.00143008	0.0011762	2
-120.492	56.8583	-0.00148468	0.00120968	2
-119.873	57.462	-0.00153888	0.00124292	2
-119.242	58.056	-0.00159261	0.00127589	2
-118.599	58.6403	-0.0016458	0.00130856	2
-117.943	59.2147	-0.00169839	0.00134089	2
-117.276	59.7794	-0.0017503	0.00137285	2
-116.596	60.3342	-0.00180148	0.0014044	2
-115.906	60.8792	-0.00185185	0.00143552	2
-115.204	61.4142	-0.00190135	0.00146617	2
-114.491	61.9393	-0.0019499	0.00149632	2
-113.767	62.4545	-0.00199746	0.00152593	2
-113.041	62.9538	-0.0020434	0.00155464	2
-112.297	63.449	-0.00208875	0.00158309	2
-111.542	63.9341	-0.0021329	0.0016109	2
-110.777	64.409	-0.00217577	0.00163805	2
-110.003	64.8738	-0.00221729	0.00166449	2
-109.219	65.3284	-0.00225741	0.0016902	2
-108.426	65.7728	-0.00229605	0.00171514	2
-107.624	66.2069	-0.00233315	0.00173929	2
-106.813	66.6307	-0.00236864	0.0017626	2
-105.993	67.0442	-0.00240245	0.00178504	2
-105.165	67.4473	-0.00243452	0.00180658	2
-104.329	67.84	-0.00246478	0.00182719	2
-103.485	68.2223	-0.00249316	0.00184683	2
-102.634	68.5941	-0.00251959	0.00186548	2
-101.774	68.9554	-0.00254401	0.00188309	2
-100.908	69.3061	-0.00256635	0.00189963	2
-100.035	69.6463	-0.00258654	0.00191508	2
-99.1544	69.9758	-0.00260453	0.0019294	2
-98.2676	70.2947	-0.00262022	0.00194255	2
-97.3744	70.6029	-0.00263358	0.0019545	2
-96.4751	70.9004	-0.00264451	0.00196522	2
-95.5698	71.1871	-0.00265297	0.00197468	2
-94.6589	71.463	-0.00265887	0.00198284	2
-93.753	71.7251	-0.00266214	0.0019896	2
-92.8314	71.9795	-0.00266278	0.00199508	2
-91.9047	72.2229	-0.00266066	0.00199917	2
-90.9733	72.4554	-0.00265573	0.00200182	2

-75.0015	2.01018	5.1442e-07	4.23986e-08	2
-75.1421	2.88733	4.3166e-05	3.33435e-06	2
-75.3066	3.77779	8.3151e-05	5.96431e-06	2
-75.4929	4.67125	0.000120005	7.90876e-06	2
-75.6979	5.55722	0.000153406	9.17562e-06	2
-75.9255	6.45617	0.000184181	9.81305e-06	2
-76.1729	7.35766	0.000211974	9.82141e-06	2
-76.4395	8.26154	0.000236835	9.21957e-06	2
-76.7245	9.16766	0.000258812	8.02642e-06	2
-77.0274	10.0759	0.000277957	6.26084e-06	2
-77.3473	10.986	0.000294318	3.9417e-06	2
-77.6838	11.898	0.000307946	1.0879e-06	2
-78.036	12.8115	0.00031889	-2.28169e-06	2
-78.4034	13.7266	0.000327201	-6.14818e-06	2
-78.7852	14.643	0.000332928	-1.04927e-05	2
-79.1809	15.5607	0.00033612	-1.52963e-05	2
-79.5897	16.4793	0.000336828	-2.05403e-05	2
-80.011	17.3989	0.000335101	-2.62056e-05	2
-80.4442	18.3192	0.00033099	-3.22733e-05	2
-80.8885	19.24	0.000324544	-3.87248e-05	2
-81.3432	20.1614	0.000315812	-4.55409e-05	2
-81.8078	21.083	0.000304846	-5.27029e-05	2
-82.2816	22.0048	0.000291693	-6.01918e-05	2
-82.7639	22.9265	0.000276405	-6.79889e-05	2
-83.254	23.8481	0.000259031	-7.60751e-05	2
-83.7513	24.7694	0.00023962	-8.44317e-05	2
-84.2492	25.6797	0.000218481	-9.29395e-05	2
-84.7588	26.5999	0.000195169	-0.000101777	2
-85.2735	27.5194	0.000169971	-0.000110829	2
-85.7928	28.438	0.000142935	-0.000120076	2
-86.3159	29.3556	0.000114111	-0.000129499	2
-86.8422	30.2719	8.35488e-05	-0.00013908	2
-87.371	31.1869	5.12988e-05	-0.000148798	2
-87.9017	32.1004	1.74105e-05	-0.000158637	2
-88.4336	33.0123	-1.80664e-05	-0.000168575	2
-88.9661	33.9223	-5.5082e-05	-0.000178596	2
-89.4984	34.8304	-9.35866e-05	-0.000188679	2
-90.0299	35.7364	-0.00013353	-0.000198807	2
-90.56	36.6401	-0.000174863	-0.000208959	2
-91.0879	37.5415	-0.000217536	-0.000219118	2
-91.613	38.4403	-0.000261498	-0.000229263	2
-92.1347	39.3364	-0.0003067	-0.000239378	2
-92.6523	40.2296	-0.000353093	-0.000249442	2
-93.1651	41.1199	-0.000400625	-0.000259436	2
-93.6725	42.007	-0.000449248	-0.000269343	2
-94.1737	42.8908	-0.000498912	-0.000279142	2
-94.6682	43.7712	-0.000549567	-0.000288815	2
-95.1552	44.6479	-0.000601163	-0.000298344	2
-95.6341	45.5209	-0.00065365	-0.000307708	2
-96.099	46.3801	-0.000706361	-0.000316786	2
-96.5598	47.2452	-0.000760473	-0.000325769	2
-97.0106	48.1061	-0.000815327	-0.000334532	2
-97.4506	48.9627	-0.000870874	-0.000343056	2
-97.8792	49.8148	-0.000927064	-0.000351322	2
-98.2957	50.6623	-0.000983847	-0.000359311	2
-98.6995	51.5049	-0.00104117	-0.000367004	2
-99.0898	52.3426	-0.00109899	-0.000374383	2
-99.4661	53.1752	-0.00115726	-0.000381428	2
-99.8277	54.0026	-0.00121591	-0.000388121	2
-100.174	54.8246	-0.00127491	-0.000394443	2
-100.504	55.641	-0.00133421	-0.000400375	2
-100.817	56.4518	-0.00139375	-0.000405898	2
-101.113	57.2567	-0.00145348	-0.000410993	2
-101.391	58.0556	-0.00151336	-0.000415641	2
-101.65	58.8484	-0.00157334	-0.000419823	2
-101.89	59.6349	-0.00163336	-0.000423521	2
-102.11	60.415	-0.00169337	-0.000426716	2
-102.309	61.1884	-0.00175334	-0.000429388	2
-102.487	61.9551	-0.00181319	-0.00043152	2
-102.642	62.715	-0.0018729	-0.000433091	2
-102.775	63.4678	-0.00193239	-0.000434083	2
-102.885	64.2134	-0.00199164	-0.000434477	2
-102.97	64.9516	-0.00205058	-0.000434255	2
-103.03	65.6741	-0.0021085	-0.000433411	2
-103.066	66.3973	-0.00216669	-0.000431906	2
-103.076	67.1127	-0.00222443	-0.000429729	2
-103.059	67.8203	-0.00228167	-0.000426859	2
-103.014	68.5197	-0.00233835	-0.000423278	2
-102.942	69.2109	-0.00239444	-0.000418968	2
-102.841	69.8937	-0.00244987	-0.000413909	2
-102.71	70.5679	-0.0025046	-0.000408083	2
-102.55	71.2335	-0.00255858	-0.00040147	2
-102.359	71.8903	-0.00261176	-0.000394052	2
-102.137	72.5381	-0.00266409	-0.00038581	2
-101.882	73.1767	-0.00271552	-0.000376724	2
-101.595	73.806	-0.002766	-0.000366777	2
-101.275	74.426	-0.00281548	-0.000355949	2
-100.92	75.0363	-0.0028639	-0.000344221	2
-100.531	75.6369	-0.00291123	-0.000331575	2
-100.107	76.2276	-0.00295741	-0.000317991	2
-99.6464	76.8083	-0.00300239	-0.000303451	2
-99.1493	77.3789	-0.00304613	-0.000287936	2
-98.615	77.939	-0.00308856	-0.000271427	2
-98.0426	78.4887	-0.00312964	-0.000253904	2
-97.4317	79.0278	-0.00316933	-0.00023535	2
-96.7814	79.5561	-0.00320757	-0.000215745	2
-96.0993	80.0676	-0.00324389	-0.000195314	2
-95.3689	80.574	-0.0032791	-0.000173564	2
-94.5971	81.0692	-0.00331272	-0.000150706	2
-93.7834	81.553	-0.00334468	-0.000126723	2

-25.0007	2.01189	3.74929e-08	-1.57824e-07	2
-25.0767	3.02694	3.41205e-06	-1.37096e-05	2
-25.1824	4.03825	7.11341e-06	-2.73757e-05	2
-25.3164	5.03422	1.10822e-05	-4.09967e-05	2
-25.4762	6.00395	1.52466e-05	-5.44154e-05	2
-25.6647	6.97028	1.96819e-05	-6.79424e-05	2
-25.8798	7.92214	2.43191e-05	-8.14201e-05	2
-26.1207	8.85983	2.91363e-05	-9.48469e-05	2
-26.3868	9.78362	3.41115e-05	-0.000108221	2
-26.6775	10.6938	3.92228e-05	-0.000121542	2
-26.9922	11.5907	4.44483e-05	-0.000134808	2
-27.3302	12.4746	4.97661e-05	-0.000148016	2
-27.6909	13.3457	5.51543e-05	-0.000161167	2
-28.0737	14.2045	6.0591e-05	-0.000174258	2
-28.478	15.051	6.60541e-05	-0.000187288	2
-28.9031	15.8858	7.15219e-05	-0.000200255	2
-29.3484	16.7089	7.69723e-05	-0.000213159	2
-29.8133	17.5208	8.23836e-05	-0.000225997	2
-30.2971	18.3218	8.77337e-05	-0.000238768	2
-30.7992	19.112	9.30007e-05	-0.000251471	2
-31.319	19.8919	9.81627e-05	-0.000264104	2
-31.8559	20.6616	0.000103198	-0.000276666	2
-32.4092	21.4215	0.000108084	-0.000289155	2
-32.9783	22.172	0.0001128	-0.00030157	2
-33.5626	22.9132	0.000117323	-0.000313909	2
-34.1614	23.6454	0.000121631	-0.000326172	2
-34.767	24.3607	0.000125657	-0.000338216	2
-35.3929	25.0761	0.000129474	-0.000350321	2
-36.0315	25.7834	0.00013301	-0.000362344	2
-36.6821	26.4829	0.000136245	-0.000374284	2
-37.3441	27.1749	0.000139155	-0.00038614	2
-38.0169	27.8597	0.00014172	-0.000397911	2
-38.6999	28.5376	0.000143917	-0.000409594	2
-39.3924	29.2089	0.000145724	-0.000421188	2
-40.0938	29.8739	0.00014712	-0.000432692	2
-40.8035	30.5329	0.000148082	-0.000444105	2
-41.5208	31.1861	0.000148589	-0.000455424	2
-42.2452	31.8339	0.000148618	-0.000466649	2
-42.9759	32.4765	0.000148148	-0.000477778	2
-43.7124	33.1143	0.000147157	-0.00048881	2
-44.4541	33.7474	0.000145623	-0.000499742	2
-45.2002	34.3764	0.000143523	-0.000510574	2
-45.9503	35.0013	0.000140837	-0.000521305	2
-46.7036	35.6225	0.000137542	-0.000531932	2
-47.4595	36.2403	0.000133616	-0.000542455	2
-48.2174	36.855	0.000129037	-0.000552871	2
-48.9766	37.4668	0.000123784	-0.00056318	2
-49.7366	38.0762	0.000117835	-0.000573379	2
-50.4968	38.6833	0.000111166	-0.000583468	2
-51.2477	39.2815	0.000103847	-0.000593331	2
-52.0061	39.8849	9.56851e-05	-0.000603196	2
-52.7629	40.4871	8.67392e-05	-0.000612946	2
-53.5172	41.0881	7.69873e-05	-0.00062258	2
-54.2685	41.6884	6.64076e-05	-0.000632096	2
-55.0161	42.2881	5.49782e-05	-0.000641493	2
-55.7595	42.8876	4.26772e-05	-0.000650768	2
-56.498	43.4873	2.94826e-05	-0.000659922	2
-57.2309	44.0873	1.53725e-05	-0.000668952	2
-57.9577	44.6879	3.25038e-07	-0.000677857	2
-58.6777	45.2896	-1.56818e-05	-0.000686636	2
-59.3903	45.8924	-3.26698e-05	-0.000695286	2
-60.0948	46.4968	-5.0661e-05	-0.000703807	2
-60.7907	47.1031	-6.96773e-05	-0.000712197	2
-61.4773	47.7114	-8.97405e-05	-0.000720455	2
-62.1539	48.3222	-0.000110873	-0.000728579	2
-62.82	48.9357	-0.000133096	-0.000736568	2
-63.4749	49.5522	-0.000156431	-0.000744419	2
-64.118	50.1719	-0.000180902	-0.000752133	2
-64.7486	50.7953	-0.000206529	-0.000759707	2
-65.3662	51.4225	-0.000233334	-0.00076714	2
-65.9701	52.0539	-0.00026134	-0.000774431	2
-66.5596	52.6897	-0.000290569	-0.000781577	2
-67.1343	53.3302	-0.000321041	-0.000788578	2
-67.687	53.9684	-0.000352408	-0.000795354	2
-68.23	54.6193	-0.00038542	-0.000802061	2
-68.7561	55.2757	-0.000419741	-0.000808619	2
-69.2649	55.9381	-0.000455395	-0.000815025	2
-69.7555	56.6067	-0.000492402	-0.000821279	2
-70.2275	57.2817	-0.000530784	-0.000827378	2
-70.68	57.9636	-0.000570564	-0.000833322	2
-71.1127	58.6525	-0.000611764	-0.000839108	2
-71.5247	59.3487	-0.000654404	-0.000844736	2
-71.9155	60.0527	-0.000698508	-0.000850204	2
-72.2845	60.7645	-0.000744097	-0.000855511	2
-72.6309	61.4846	-0.000791193	-0.000860654	2
-72.9543	62.2132	-0.000839818	-0.000865633	2
-73.2539	62.9507	-0.000889994	-0.000870447	2
-73.5292	63.6972	-0.000941742	-0.000875093	2
-73.7795	64.4532	-0.000995086	-0.00087957	2
-74.0042	65.2188	-0.00105005	-0.000883877	2
-74.2026	65.9944	-0.00110664	-0.000888013	2
-74.3741	66.7803	-0.0011649	-0.000891975	2
-74.5181	67.5768	-0.00122484	-0.000895763	2
-74.634	68.3841	-0.00128649	-0.000899375	2
-74.7212	69.2025	-0.00134986	-0.000902809	2
-74.7789	70.0324	-0.00141498	-0.000906064	2
-74.8065	70.8643	-0.00148109	-0.000909105	2
-74.804	71.7178	-0.00154975	-0.000912	2
-74.7702	72.5836	-0.00162023	-0.000914712	2
-74.7045	73.462	-0.00169254	-0.000917239	2

24.9975	2.01354	6.27219e-07	-2.93162e-07	2
24.7741	3.16753	5.44574e-05	-2.43704e-05	2
24.5252	4.31474	0.000108689	-4.64705e-05	2
24.2537	5.44198	0.000162693	-6.63389e-05	2
23.9636	6.53697	0.000215849	-8.38233e-05	2
23.6485	7.6255	0.000269392	-9.93685e-05	2
23.3119	8.69507	0.000322698	-0.000112797	2
22.9544	9.74602	0.000375767	-0.000124148	2
22.5763	10.7787	0.000428595	-0.00013346	2
22.1779	11.7934	0.00048118	-0.00014077	2
21.7597	12.7905	0.000533518	-0.000146119	2
21.3221	13.7703	0.000585609	-0.000149544	2
20.8654	14.7333	0.000637449	-0.000151084	2
20.39	15.6796	0.000689035	-0.000150777	2
19.8964	16.6096	0.000740366	-0.000148662	2
19.385	17.5238	0.000791438	-0.000144778	2
18.856	18.4224	0.000842249	-0.000139163	2
18.3099	19.3057	0.000892797	-0.000131856	2
17.7471	20.1741	0.000943079	-0.000122895	2
17.168	21.028	0.000993092	-0.000112318	2
16.573	21.8676	0.00104283	-0.000100165	2
15.9624	22.6934	0.0010923	-8.64744e-05	2
15.3367	23.5056	0.0011415	-7.1284e-05	2
14.6963	24.3046	0.00119041	-5.46326e-05	2
14.0415	25.0908	0.00123904	-3.65588e-05	2
13.3726	25.8644	0.00128739	-1.71012e-05	2
12.6982	26.6171	0.0013349	3.45503e-06	2
12.0027	27.3668	0.00138268	2.55498e-05	2
11.2945	28.105	0.00143017	4.89131e-05	2
10.5738	28.832	0.00147736	7.35065e-05	2
9.84115	29.5481	0.00152426	9.92913e-05	2
9.09682	30.2538	0.00157086	0.000126229	2
8.34124	30.9493	0.00161715	0.000154281	2
7.57481	31.6349	0.00166315	0.000183409	2
6.79791	32.3111	0.00170883	0.000213574	2
6.01093	32.9781	0.00175421	0.000244738	2
5.21426	33.6363	0.00179928	0.000276862	2
4.4083	34.2861	0.00184403	0.000309907	2
3.59343	34.9276	0.00188847	0.000343836	2
2.77004	35.5614	0.00193258	0.000378608	2
1.93853	36.1878	0.00197638	0.000414187	2
1.09929	36.807	0.00201985	0.000450533	2
0.252694	37.4194	0.002063	0.000487608	2
-0.600853	38.0254	0.00210581	0.000525373	2
-1.46096	38.6253	0.0021483	0.000563789	2
-2.32725	39.2195	0.00219045	0.000602819	2
-3.19932	39.8082	0.00223226	0.000642423	2
-4.07679	40.3918	0.00227374	0.000682563	2
-4.95925	40.9706	0.00231487	0.000723201	2
-5.83611	41.5385	0.00235519	0.000763822	2
-6.72737	42.1089	0.00239564	0.000805334	2
-7.62247	42.6756	0.00243574	0.000847228	2
-8.52101	43.2389	0.00247548	0.000889466	2
-9.42261	43.7991	0.00251487	0.000932009	2
-10.3269	44.3566	0.00255391	0.000974818	2
-11.2334	44.9117	0.00259258	0.00101785	2
-12.1418	45.4647	0.0026309	0.00106108	2
-13.0518	46.0161	0.00266885	0.00110446	2
-13.9628	46.566	0.00270643	0.00114795	2
-14.8745	47.115	0.00274364	0.00119151	2
-15.7866	47.6632	0.00278048	0.00123511	2
-16.6986	48.2111	0.00281695	0.0012787	2
-17.6102	48.759	0.00285304	0.00132226	2
-18.5209	49.3072	0.00288875	0.00136573	2
-19.4303	49.8561	0.00292408	0.00140908	2
-20.3382	50.4059	0.00295902	0.00145228	2
-21.244	50.9571	0.00299358	0.00149528	2
-22.1474	51.51	0.00302774	0.00153804	2
-23.048	52.0649	0.00306152	0.00158053	2
-23.9454	52.6221	0.0030949	0.00162271	2
-24.8393	53.1821	0.00312788	0.00166454	2
-25.7292	53.745	0.00316046	0.00170598	2
-26.6147	54.3114	0.00319264	0.00174699	2
-27.4854	54.8748	0.00322406	0.00178707	2
-28.3611	55.4488	0.00325543	0.00182712	2
-29.2313	56.0273	0.0032864	0.00186662	2
-30.0955	56.6104	0.00331695	0.00190555	2
-30.9535	57.1986	0.00334709	0.00194385	2
-31.8047	57.7921	0.00337681	0.00198149	2
-32.6489	58.3915	0.00340611	0.00201844	2
-33.4856	58.9968	0.00343498	0.00205465	2
-34.3144	59.6086	0.00346344	0.00209009	2
-35.135	60.2272	0.00349146	0.00212472	2
-35.9469	60.8528	0.00351906	0.00215849	2
-36.7498	61.4858	0.00354622	0.00219137	2
-37.5433	62.1267	0.00357295	0.00222333	2
-38.3269	62.7756	0.00359924	0.00225432	2
-39.1003	63.4329	0.00362509	0.0022843	2
-39.8632	64.0991	0.0036505	0.00231324	2
-40.615	64.7743	0.00367546	0.00234109	2
-41.3555	65.459	0.00369997	0.00236783	2
-42.0842	66.1535	0.00372404	0.0023934	2
-42.8007	66.8582	0.00374765	0.00241778	2
-43.5047	67.5733	0.00377081	0.00244092	2
-44.1958	68.2992	0.00379351	0.00246278	2
-44.8735	69.0363	0.00381575	0.00248333	2
-45.5299	69.7761	0.00383728	0.00250231	2
-46.18	70.5364	0.00385859	0.00252014	2
-46.8155	71.3088	0.00387944	0.00253653	2
-47.4362	72.0937	0.00389982	0.00255145	2

74.9963	2.01271	6.9632e-07	1.00945e-07	2
74.6858	3.10344	6.03839e-05	8.28102e-06	2
74.3881	4.20259	0.000120376	1.55527e-05	2
74.1066	5.2975	0.000179982	2.18222e-05	2
73.8442	6.3757	0.000238532	2.70418e-05	2
73.5946	7.4623	0.000297392	3.134e-05	2
73.3608	8.54478	0.000355886	3.46575e-05	2
73.1426	9.62317	0.000414022	3.70015e-05	2
72.9397	10.6975	0.000471805	3.83793e-05	2
72.7521	11.7678	0.000529242	3.8798e-05	2
72.5795	12.8342	0.000586341	3.82649e-05	2
72.4218	13.8967	0.000643107	3.6787e-05	2
72.2789	14.9552	0.000699547	3.43717e-05	2
72.1504	16.0099	0.000755668	3.10261e-05	2
72.0363	17.0608	0.000811476	2.67574e-05	2
71.9364	18.1079	0.000866979	2.15728e-05	2
71.8505	19.1513	0.000922182	1.54794e-05	2
71.7784	20.191	0.000977092	8.48459e-06	2
71.72	21.2271	0.00103172	5.95406e-07	2
71.6751	22.2595	0.00108606	-8.18091e-06	2
71.6434	23.2884	0.00114013	-1.78372e-05	2
71.6249	24.3137	0.00119394	-2.83662e-05	2
71.6193	25.3355	0.00124749	-3.97607e-05	2
71.6266	26.3539	0.00130078	-5.20136e-05	2
71.6464	27.3689	0.00135383	-6.51177e-05	2
71.6786	28.3804	0.00140663	-7.90658e-05	2
71.7225	29.3771	0.0014586	-9.36759e-05	2
71.7789	30.3821	0.00151095	-0.000109281	2
71.8473	31.3838	0.00156309	-0.000125708	2
71.9273	32.3823	0.001615	-0.000142951	2
72.0189	33.3776	0.00166671	-0.000161002	2
72.1219	34.3697	0.00171822	-0.000179853	2
72.2361	35.3588	0.00176954	-0.000199499	2
72.3613	36.3448	0.00182067	-0.000219931	2
72.4973	37.3277	0.00187162	-0.000241142	2
72.644	38.3077	0.0019224	-0.000263125	2
72.8012	39.2847	0.00197301	-0.000285873	2
72.9688	40.2589	0.00202345	-0.000309379	2
73.1465	41.2301	0.00207375	-0.000333636	2
73.3341	42.1985	0.0021239	-0.000358636	2
73.5316	43.1642	0.00217391	-0.000384372	2
73.7387	44.127	0.00222378	-0.000410837	2
73.9552	45.0872	0.00227353	-0.000438024	2
74.181	46.0447	0.00232315	-0.000465925	2
74.4159	46.9996	0.00237267	-0.000494534	2
74.6597	47.9518	0.00242207	-0.000523843	2
74.9123	48.9015	0.00247137	-0.000553845	2
75.1734	49.8487	0.00252059	-0.000584532	2
75.4429	50.7934	0.00256971	-0.000615899	2
75.7174	51.7249	0.00261819	-0.000647564	2
76.0031	52.6648	0.00266716	-0.000680259	2
76.2967	53.6023	0.00271606	-0.00071361	2
76.5979	54.5375	0.0027649	-0.000747612	2
76.9067	55.4705	0.00281368	-0.000782256	2
77.2228	56.4012	0.00286242	-0.000817536	2
77.5461	57.3297	0.00291112	-0.000853444	2
77.8763	58.256	0.00295978	-0.000889973	2
78.2134	59.1802	0.00300841	-0.000927116	2
78.5572	60.1023	0.00305702	-0.000964866	2
78.9074	61.0224	0.00310562	-0.00100322	2
79.2639	61.9405	0.00315421	-0.00104216	2
79.6265	62.8566	0.0032028	-0.00108168	2
79.995	63.7707	0.00325139	-0.00112179	2
80.3693	64.683	0.0033	-0.00116246	2
80.7492	65.5934	0.00334862	-0.0012037	2
81.1345	66.502	0.00339727	-0.0012455	2
81.5251	67.4089	0.00344595	-0.00128785	2
81.9207	68.314	0.00349467	-0.00133073	2
82.3212	69.2174	0.00354344	-0.00137415	2
82.7264	70.1192	0.00359225	-0.0014181	2
83.1362	71.0193	0.00364113	-0.00146257	2
83.5503	71.9179	0.00369006	-0.00150756	2
83.9686	72.8149	0.00373907	-0.00155305	2
84.386	73.7002	0.0037876	-0.0015985	2
84.8121	74.5943	0.00383677	-0.00164498	2
85.2419	75.4869	0.00388603	-0.00169194	2
85.6751	76.3782	0.00393539	-0.00173937	2
86.1117	77.2682	0.00398486	-0.00178728	2
86.5514	78.1568	0.00403443	-0.00183565	2
86.9941	79.0442	0.00408413	-0.00188447	2
87.4395	79.9304	0.00413395	-0.00193375	2
87.8876	80.8154	0.0041839	-0.00198346	2
88.3381	81.6992	0.00423398	-0.00203361	2
88.7908	82.5819	0.00428421	-0.00208419	2
89.2456	83.4636	0.0043346	-0.00213518	2
89.7024	84.3442	0.00438514	-0.00218659	2
90.1608	85.2239	0.00443584	-0.0022384	2
90.6209	86.1026	0.00448671	-0.00229062	2
91.0823	86.9804	0.00453776	-0.00234322	2
91.5449	87.8573	0.004589	-0.00239621	2
92.0086	88.7334	0.00464043	-0.00244957	2
92.4731	89.6086	0.00469205	-0.0025033	2
92.9383	90.4832	0.00474388	-0.0025574	2
93.4039	91.357	0.00479591	-0.00261185	2
93.87	92.2302	0.00484817	-0.00266665	2
94.3361	93.1027	0.00490065	-0.00272179	2
94.7969	93.9646	0.00495275	-0.00277662	2
95.2629	94.8359	0.00500569	-0.00283242	2
95.7285	95.7068	0.00505888	-0.00288853	2
96.1936	96.5771	0.00511231	-0.00294496	2

124.997	2.01331	-2.25499e-07	-1.86002e-07	2
124.768	3.14785	-2.02164e-05	-1.51125e-05	2
124.568	4.27495	-4.1625e-05	-2.8085e-05	2
124.399	5.38158	-6.41989e-05	-3.89536e-05	2
124.261	6.45561	-8.76322e-05	-4.76651e-05	2
124.152	7.52227	-0.000112443	-5.4458e-05	2
124.073	8.56922	-0.00013834	-5.92554e-05	2
124.023	9.59671	-0.000165294	-6.20936e-05	2
124.002	10.605	-0.00019328	-6.30088e-05	2
124.01	11.5944	-0.00022227	-6.20372e-05	2
124.045	12.565	-0.000252238	-5.92152e-05	2
124.108	13.5173	-0.000283156	-5.4579e-05	2
124.198	14.4513	-0.000314999	-4.81648e-05	2
124.315	15.3675	-0.000347738	-4.00089e-05	2
124.458	16.266	-0.000381347	-3.01475e-05	2
124.627	17.1471	-0.0004158	-1.86169e-05	2
124.821	18.011	-0.00045107	-5.45332e-06	2
125.04	18.8581	-0.000487128	9.30695e-06	2
125.284	19.6885	-0.00052395	2.56277e-05	2
125.552	20.5026	-0.000561508	4.34726e-05	2
125.844	21.3005	-0.000599774	6.28055e-05	2
126.159	22.0826	-0.000638723	8.35901e-05	2
126.497	22.8491	-0.000678327	0.00010579	2
126.857	23.6002	-0.000718559	0.000129369	2
127.239	24.3363	-0.000759393	0.000154292	2
127.643	25.0575	-0.000800802	0.00018052	2
128.063	25.7561	-0.000842273	0.000207697	2
128.508	26.4486	-0.000884745	0.000236416	2
128.974	27.1271	-0.000927711	0.000266334	2
129.459	27.7917	-0.000971145	0.000297414	2
129.964	28.4428	-0.00101502	0.00032962	2
130.488	29.0806	-0.00105931	0.000362915	2
131.03	29.7054	-0.00110398	0.000397264	2
131.591	30.3173	-0.00114902	0.00043263	2
132.169	30.9168	-0.00119439	0.000468977	2
132.764	31.504	-0.00124006	0.000506268	2
133.377	32.0792	-0.00128602	0.000544468	2
134.005	32.6427	-0.00133223	0.00058354	2
134.65	33.1946	-0.00137866	0.000623447	2
135.31	33.7353	-0.00142529	0.000664154	2
135.985	34.2651	-0.0014721	0.000705625	2
136.675	34.7841	-0.00151905	0.000747822	2
137.38	35.2927	-0.00156612	0.000790711	2
138.098	35.791	-0.00161328	0.000834254	2
138.829	36.2794	-0.0016605	0.000878415	2
139.574	36.7581	-0.00170777	0.000923158	2
140.331	37.2274	-0.00175504	0.000968448	2
141.1	37.6875	-0.0018023	0.00101425	2
141.881	38.1387	-0.00184951	0.00106052	2
142.663	38.5762	-0.00189612	0.00110669	2
143.466	39.0104	-0.00194317	0.00115379	2
144.279	39.4364	-0.0019901	0.00120126	2
145.102	39.8546	-0.00203687	0.00124906	2
145.935	40.2651	-0.00208348	0.00129716	2
146.777	40.6682	-0.00212987	0.0013455	2
147.627	41.0642	-0.00217604	0.00139407	2
148.485	41.4533	-0.00222195	0.00144282	2
149.352	41.8359	-0.00226758	0.00149172	2
150.226	42.212	-0.00231289	0.00154073	2
151.106	42.5821	-0.00235787	0.00158982	2
151.994	42.9463	-0.00240248	0.00163894	2
152.887	43.305	-0.00244671	0.00168807	2
153.786	43.6583	-0.00249051	0.00173716	2
154.69	44.0066	-0.00253387	0.00178618	2
155.599	44.35	-0.00257675	0.0018351	2
156.513	44.6889	-0.00261914	0.00188387	2
157.43	45.0235	-0.002661	0.00193247	2
158.351	45.354	-0.00270231	0.00198085	2
159.275	45.6808	-0.00274304	0.00202898	2
160.202	46.004	-0.00278316	0.00207682	2
161.131	46.324	-0.00282265	0.00212433	2
162.062	46.641	-0.00286148	0.00217149	2
162.994	46.9552	-0.00289962	0.00221825	2
163.916	47.2633	-0.00293662	0.00226405	2
164.849	47.5728	-0.00297332	0.00230992	2
165.783	47.8803	-0.00300925	0.00235528	2
166.716	48.186	-0.00304438	0.0024001	2
167.649	48.4903	-0.00307869	0.00244434	2
168.58	48.7934	-0.00311216	0.00248797	2
169.51	49.0955	-0.00314475	0.00253095	2
170.437	49.3969	-0.00317644	0.00257324	2
171.362	49.6979	-0.0032072	0.00261481	2
172.284	49.9987	-0.00323701	0.00265562	2
173.203	50.2995	-0.00326583	0.00269564	2
174.118	50.6007	-0.00329365	0.00273483	2
175.029	50.9025	-0.00332043	0.00277315	2
175.935	51.2051	-0.00334615	0.00281057	2
176.836	51.5088	-0.00337077	0.00284704	2
177.732	51.8138	-0.00339429	0.00288254	2
178.621	52.1205	-0.00341665	0.00291703	2
179.505	52.429	-0.00343785	0.00295047	2
180.381	52.7396	-0.00345785	0.00298283	2
181.251	53.0527	-0.00347663	0.00301406	2
182.112	53.3683	-0.00349416	0.00304414	2
182.966	53.6869	-0.00351041	0.00307302	2
183.811	54.0086	-0.00352535	0.00310068	2
184.637	54.33	-0.00353882	0.00312677	2
185.464	54.6587	-0.00355109	0.00315187	2
186.281	54.9914	-0.00356197	0.00317564	2
187.088	55.3283	-0.00357145	0.00319802	2

