-125.003	2.00993	-3.02161e-09	-9.2682e-08	2
-125.264	2.86838	-1.194e-06	-8.15102e-06	2
-125.533	3.74489	-4.24771e-06	-1.64725e-05	2
-125.806	4.62924	-9.12466e-06	-2.49538e-05	2
-126.081	5.51083	-1.57018e-05	-3.34844e-05	2
-126.362	6.40988	-2.40959e-05	-4.22522e-05	2
-126.648	7.31588	-3.42043e-05	-5.11483e-05	2
-126.936	8.22853	-4.59904e-05	-6.01621e-05	2
-127.227	9.14754	-5.94179e-05	-6.92831e-05	2
-127.521	10.0726	-7.44502e-05	-7.85007e-05	2
-127.816	11.0034	-9.10509e-05	-8.78044e-05	2
-128.114	11.9397	-0.000109184	-9.71835e-05	2
-128.413	12.8812	-0.000128812	-0.000106628	2
-128.712	13.8275	-0.000149899	-0.000116126	2
-129.012	14.7784	-0.000172408	-0.000125668	2
-129.313	15.7336	-0.000196304	-0.000135244	2
-129.613	16.6928	-0.000221549	-0.000144842	2
-129.913	17.6557	-0.000248107	-0.000154452	2
-130.212	18.6219	-0.000275942	-0.000164064	2
-130.509	19.5912	-0.000305016	-0.000173666	2
-130.805	20.5634	-0.000335295	-0.000183249	2
-131.099	21.538	-0.000366741	-0.000192802	2
-131.391	22.5148	-0.000399317	-0.000202315	2
-131.68	23.4936	-0.000432988	-0.000211776	2
-131.966	24.4739	-0.000467717	-0.000221175	2
-132.248	25.4556	-0.000503467	-0.000230501	2
-132.523	26.4269	-0.000539774	-0.000239639	2
-132.797	27.4103	-0.000577446	-0.000248791	2
-133.067	28.3941	-0.000616031	-0.000257838	2
-133.332	29.3781	-0.000655492	-0.000266771	2
-133.591	30.3618	-0.000695792	-0.000275579	2
-133.845	31.3451	-0.000736895	-0.000284251	2
-134.092	32.3277	-0.000778764	-0.000292777	2
-134.333	33.3092	-0.000821364	-0.000301146	2
-134.568	34.2893	-0.000864657	-0.000309348	2
-134.795	35.2678	-0.000908607	-0.000317372	2
-135.015	36.2443	-0.000953177	-0.000325207	2
-135.226	37.2185	-0.000998332	-0.000332844	2
-135.43	38.1903	-0.00104403	-0.000340271	2
-135.625	39.1592	-0.00109025	-0.000347477	2
-135.81	40.1249	-0.00113694	-0.000354453	2
-135.987	41.0873	-0.00118406	-0.000361188	2
-136.153	42.0459	-0.00123159	-0.000367671	2
-136.31	43.0004	-0.00127948	-0.000373891	2
-136.456	43.9507	-0.00132771	-0.000379838	2
-136.591	44.8963	-0.00137622	-0.000385502	2
-136.715	45.837	-0.00142499	-0.000390872	2
-136.827	46.7725	-0.00147398	-0.000395937	2
-136.927	47.7025	-0.00152315	-0.000400687	2
-137.014	48.6161	-0.00157191	-0.000405062	2
-137.089	49.5342	-0.00162133	-0.000409154	2
-137.152	50.446	-0.00167084	-0.000412899	2
-137.2	51.351	-0.00172038	-0.000416286	2
-137.235	52.2491	-0.00176992	-0.000419306	2
-137.256	53.1399	-0.00181942	-0.000421947	2
-137.262	54.0231	-0.00186886	-0.000424199	2
-137.253	54.8984	-0.00191818	-0.000426052	2
-137.229	55.7655	-0.00196736	-0.000427494	2
-137.19	56.6242	-0.00201636	-0.000428516	2
-137.134	57.4741	-0.00206514	-0.000429106	2
-137.062	58.3149	-0.00211367	-0.000429254	2
-136.973	59.1464	-0.0021619	-0.00042895	2
-136.867	59.9682	-0.00220981	-0.000428183	2
-136.743	60.78	-0.00225736	-0.000426943	2
-136.601	61.5816	-0.0023045	-0.000425218	2
-136.441	62.3726	-0.00235121	-0.000422999	2
-136.263	63.1528	-0.00239745	-0.000420275	2
-136.065	63.9218	-0.00244317	-0.000417034	2
-135.849	64.6794	-0.00248835	-0.000413268	2
-135.612	65.4253	-0.00253295	-0.000408964	2
-135.355	66.1591	-0.00257693	-0.000404113	2
-135.078	66.8806	-0.00262025	-0.000398704	2
-134.78	67.5895	-0.00266288	-0.000392726	2
-134.465	68.2775	-0.0027043	-0.000386248	2
-134.124	68.9604	-0.00274545	-0.000379108	2
-133.761	69.6298	-0.0027858	-0.000371368	2
-133.376	70.2853	-0.0028253	-0.000363018	2
-132.969	70.9267	-0.00286394	-0.000354046	2
-132.538	71.5538	-0.00290166	-0.000344442	2
-132.084	72.1661	-0.00293844	-0.000334196	2
-131.606	72.7634	-0.00297423	-0.000323296	2
-131.104	73.3455	-0.00300901	-0.000311733	2
-130.577	73.9119	-0.00304273	-0.000299497	2
-130.026	74.4625	-0.00307535	-0.000286575	2
-129.449	74.9969	-0.00310685	-0.000272958	2
-128.846	75.5147	-0.00313718	-0.000258635	2
-128.218	76.0158	-0.00316631	-0.000243596	2
-127.563	76.4999	-0.0031942	-0.00022783	2
-126.881	76.9665	-0.00322081	-0.000211327	2
-126.172	77.4155	-0.00324612	-0.000194075	2
-125.436	77.8466	-0.00327007	-0.000176065	2
-124.672	78.2593	-0.00329264	-0.000157286	2
-123.879	78.6535	-0.00331379	-0.000137727	2
-123.058	79.0289	-0.00333349	-0.000117378	2
-122.208	79.3851	-0.00335169	-9.62273e-05	2
-121.329	79.7218	-0.00336835	-7.42656e-05	2
-120.43	80.0353	-0.00338329	-5.17486e-05	2
-119.491	80.3324	-0.00339681	-2.8142e-05	2
-118.522	80.6093	-0.00340869	-3.69239e-06	2
-117.522	80.8655	-0.00341889	2.16108e-05	2

-74.9998	2.01141	-2.83588e-07	2.51852e-07	2
-74.9981	2.98845	-2.41681e-05	2.09857e-05	2
-75.0303	3.96796	-4.73333e-05	4.01268e-05	2
-75.0959	4.93865	-6.95211e-05	5.74649e-05	2
-75.1927	5.88964	-9.05183e-05	7.28727e-05	2
-75.3222	6.84315	-0.000110838	8.67497e-05	2
-75.4825	7.78821	-0.000130258	9.89486e-05	2
-75.673	8.72492	-0.000148801	0.000109511	2
-75.8928	9.65341	-0.000166495	0.000118479	2
-76.141	10.5738	-0.000183364	0.000125894	2
-76.4169	11.4862	-0.000199434	0.000131798	2
-76.7197	12.3908	-0.000214731	0.000136232	2
-77.0484	13.2876	-0.000229279	0.000139239	2
-77.4024	14.1767	-0.000243106	0.00014086	2
-77.7808	15.0584	-0.000256235	0.000141136	2
-78.1827	15.9327	-0.000268693	0.000140111	2
-78.6075	16.7997	-0.000280506	0.000137824	2
-79.0541	17.6596	-0.000291698	0.000134319	2
-79.522	18.5125	-0.000302295	0.000129637	2
-80.0101	19.3584	-0.000312324	0.000123819	2
-80.5178	20.1976	-0.000321808	0.000116908	2
-81.0442	21.0301	-0.000330775	0.000108945	2
-81.5885	21.8561	-0.000339249	9.99712e-05	2
-82.1498	22.6756	-0.000347255	9.00296e-05	2
-82.7274	23.4888	-0.00035482	7.91613e-05	2
-83.3204	24.2958	-0.00036197	6.74081e-05	2
-83.921	25.0876	-0.000368653	5.49613e-05	2
-84.5424	25.8827	-0.00037505	4.15727e-05	2
-85.1767	26.672	-0.000381108	2.74239e-05	2
-85.8232	27.4555	-0.000386852	1.25569e-05	2
-86.4811	28.2335	-0.000392307	-2.98674e-06	2
-87.1496	29.0059	-0.000397499	-1.91652e-05	2
-87.8279	29.7731	-0.000402454	-3.59367e-05	2
-88.5151	30.535	-0.000407196	-5.32596e-05	2
-89.2104	31.2917	-0.000411751	-7.1092e-05	2
-89.913	32.0435	-0.000416146	-8.93922e-05	2
-90.6221	32.7904	-0.000420405	-0.000108119	2
-91.3369	33.5326	-0.000424554	-0.000127229	2
-92.0566	34.2701	-0.000428619	-0.000146682	2
-92.7803	35.0031	-0.000432625	-0.000166436	2
-93.5073	35.7318	-0.000436597	-0.000186449	2
-94.2367	36.4561	-0.000440562	-0.00020668	2
-94.9677	37.1763	-0.000444544	-0.000227086	2
-95.6995	37.8924	-0.000448569	-0.000247625	2
-96.4313	38.6047	-0.000452663	-0.000268257	2
-97.1622	39.3131	-0.000456852	-0.000288939	2
-97.8915	40.0178	-0.00046116	-0.00030963	2
-98.6184	40.719	-0.000465613	-0.000330287	2
-99.342	41.4168	-0.000470238	-0.000350869	2
-100.053	42.1033	-0.000475002	-0.0003711	2
-100.768	42.7945	-0.000480041	-0.00039141	2
-101.477	43.4827	-0.000485328	-0.000411519	2
-102.179	44.168	-0.000490888	-0.000431387	2
-102.874	44.8504	-0.000496746	-0.000450972	2
-103.561	45.53	-0.000502927	-0.000470232	2
-104.239	46.2071	-0.000509458	-0.000489125	2
-104.908	46.8817	-0.000516364	-0.000507609	2
-105.565	47.5539	-0.000523669	-0.000525644	2
-106.211	48.2239	-0.000531401	-0.000543186	2
-106.845	48.8917	-0.000539584	-0.000560194	2
-107.466	49.5576	-0.000548244	-0.000576627	2
-108.073	50.2215	-0.000557406	-0.000592443	2
-108.666	50.8837	-0.000567097	-0.0006076	2
-109.243	51.5443	-0.00057734	-0.000622056	2
-109.804	52.2033	-0.000588163	-0.000635769	2
-110.347	52.8609	-0.00059959	-0.000648698	2
-110.873	53.5172	-0.000611648	-0.000660801	2
-111.38	54.1724	-0.000624361	-0.000672036	2
-111.867	54.8265	-0.000637755	-0.000682362	2
-112.334	55.4797	-0.000651855	-0.000691737	2
-112.78	56.132	-0.000666688	-0.000700118	2
-113.204	56.7837	-0.000682279	-0.000707465	2
-113.605	57.4348	-0.000698653	-0.000713735	2
-113.978	58.078	-0.000715633	-0.000718834	2
-114.332	58.7284	-0.00073364	-0.000722839	2
-114.66	59.3785	-0.000752507	-0.000725643	2
-114.962	60.0285	-0.000772258	-0.000727204	2
-115.237	60.6786	-0.000792921	-0.00072748	2
-115.484	61.3288	-0.000814519	-0.00072643	2
-115.703	61.9793	-0.000837079	-0.000724011	2
-115.893	62.6301	-0.000860626	-0.000720182	2
-116.053	63.2815	-0.000885186	-0.000714901	2
-116.181	63.9335	-0.000910784	-0.000708127	2
-116.278	64.5862	-0.000937446	-0.000699817	2
-116.342	65.2398	-0.000965197	-0.000689931	2
-116.373	65.8944	-0.000994063	-0.000678425	2
-116.37	66.5501	-0.00102407	-0.000665259	2
-116.332	67.207	-0.00105524	-0.00065039	2
-116.258	67.8652	-0.00108761	-0.000633778	2
-116.147	68.5249	-0.00112119	-0.000615379	2
-115.999	69.1862	-0.00115601	-0.000595153	2
-115.812	69.8492	-0.0011921	-0.000573058	2
-115.587	70.514	-0.00122948	-0.000549051	2
-115.322	71.1808	-0.00126819	-0.000523092	2
-115.016	71.8496	-0.00130824	-0.000495138	2
-114.668	72.5206	-0.00134965	-0.000465147	2
-114.283	73.1861	-0.00139197	-0.000433459	2
-113.85	73.8618	-0.00143619	-0.000399295	2
-113.374	74.54	-0.00148185	-0.00036297	2
-112.852	75.2209	-0.00152899	-0.000324443	2

-25.0036	2.01251	-4.24895e-07	4.13184e-07	2
-25.3218	3.07721	-3.66217e-05	3.52402e-05	2
-25.6648	4.13267	-7.25573e-05	6.90649e-05	2
-26.0286	5.16674	-0.000107822	0.000101496	2
-26.4083	6.16826	-0.000142039	0.000132207	2
-26.8123	7.16087	-0.000176017	0.000161934	2
-27.236	8.13317	-0.000209372	0.000190333	2
-27.6788	9.08553	-0.000242118	0.000217427	2
-28.1405	10.0183	-0.000274272	0.000243239	2
-28.6206	10.9318	-0.000305849	0.000267789	2
-29.1187	11.8265	-0.000336865	0.000291102	2
-29.6344	12.7027	-0.000367335	0.000313197	2
-30.1674	13.5608	-0.000397275	0.000334098	2
-30.7171	14.401	-0.0004267	0.000353827	2
-31.2832	15.2239	-0.000455626	0.000372406	2
-31.8654	16.0297	-0.00048407	0.000389857	2
-32.4631	16.8188	-0.000512045	0.000406203	2
-33.0761	17.5916	-0.000539569	0.000421464	2
-33.7039	18.3484	-0.000566656	0.000435665	2
-34.346	19.0896	-0.000593322	0.000448825	2
-35.0022	19.8155	-0.000619583	0.000460969	2
-35.6719	20.5266	-0.000645454	0.000472117	2
-36.3548	21.2232	-0.000670952	0.000482293	2
-37.0506	21.9055	-0.000696091	0.000491517	2
-37.7587	22.5741	-0.000720887	0.000499813	2
-38.4788	23.2293	-0.000745356	0.000507203	2
-39.202	23.8641	-0.000769238	0.000513638	2
-39.9447	24.4936	-0.000793103	0.000519291	2
-40.6983	25.1107	-0.000816688	0.000524103	2
-41.4622	25.7159	-0.000840007	0.000528097	2
-42.2361	26.3094	-0.000863078	0.000531294	2
-43.0196	26.8917	-0.000885915	0.000533718	2
-43.8122	27.4631	-0.000908533	0.00053539	2
-44.6137	28.0239	-0.000930949	0.000536333	2
-45.4235	28.5745	-0.000953179	0.000536567	2
-46.2413	29.1153	-0.000975237	0.000536117	2
-47.0667	29.6466	-0.00099714	0.000535003	2
-47.8992	30.1689	-0.0010189	0.000533248	2
-48.7385	30.6824	-0.00104054	0.000530874	2
-49.5842	31.1875	-0.00106207	0.000527903	2
-50.4358	31.6846	-0.00108351	0.000524357	2
-51.293	32.1741	-0.00110487	0.000520259	2
-52.1554	32.6562	-0.00112616	0.00051563	2
-53.0225	33.1315	-0.00114741	0.000510493	2
-53.894	33.6001	-0.00116863	0.00050487	2
-54.7694	34.0626	-0.00118984	0.000498783	2
-55.6484	34.5192	-0.00121104	0.000492254	2
-56.5306	34.9704	-0.00123226	0.000485305	2
-57.4155	35.4164	-0.00125352	0.000477958	2
-58.2925	35.8526	-0.00127457	0.000470327	2
-59.1817	36.2895	-0.00129594	0.000462256	2
-60.0725	36.7223	-0.00131738	0.000453853	2
-60.9643	37.1515	-0.00133891	0.000445141	2
-61.857	37.5774	-0.00136056	0.000436141	2
-62.75	38.0003	-0.00138233	0.000426877	2
-63.6429	38.4206	-0.00140424	0.000417369	2
-64.5354	38.8387	-0.0014263	0.000407641	2
-65.427	39.255	-0.00144854	0.000397715	2
-66.3173	39.6697	-0.00147097	0.000387611	2
-67.206	40.0832	-0.0014936	0.000377354	2
-68.0926	40.496	-0.00151645	0.000366964	2
-68.9768	40.9084	-0.00153953	0.000356464	2
-69.8581	41.3207	-0.00156287	0.000345876	2
-70.7361	41.7333	-0.00158647	0.000335223	2
-71.6104	42.1465	-0.00161035	0.000324525	2
-72.4807	42.5608	-0.00163453	0.000313807	2
-73.3465	42.9765	-0.00165902	0.000303088	2
-74.2074	43.3939	-0.00168384	0.000292393	2
-75.0631	43.8134	-0.001709	0.000281742	2
-75.913	44.2354	-0.00173452	0.000271159	2
-76.7569	44.6603	-0.00176042	0.000260664	2
-77.5943	45.0883	-0.00178671	0.000250281	2
-78.4249	45.5199	-0.0018134	0.000240031	2
-79.2387	45.9504	-0.0018402	0.000230052	2
-80.0543	46.3901	-0.00186775	0.000220134	2
-80.8619	46.8345	-0.00189575	0.000210415	2
-81.6609	47.2838	-0.00192422	0.000200918	2
-82.4511	47.7385	-0.00195317	0.000191664	2
-83.232	48.199	-0.00198263	0.000182677	2
-84.0032	48.6655	-0.0020126	0.000173978	2
-84.7643	49.1385	-0.0020431	0.000165589	2
-85.5149	49.6183	-0.00207414	0.000157532	2
-86.2546	50.1052	-0.00210575	0.00014983	2
-86.983	50.5997	-0.00213794	0.000142505	2
-87.6997	51.1021	-0.00217072	0.000135579	2
-88.4043	51.6127	-0.00220411	0.000129073	2
-89.0964	52.132	-0.00223812	0.000123011	2
-89.7755	52.6602	-0.00227277	0.000117414	2
-90.4414	53.1978	-0.00230808	0.000112304	2
-91.0936	53.745	-0.00234406	0.000107704	2
-91.7317	54.3024	-0.00238073	0.000103636	2
-92.3552	54.8701	-0.0024181	0.000100121	2
-92.9638	55.4486	-0.00245619	9.71826e-05	2
-93.5572	56.0383	-0.00249501	9.4842e-05	2
-94.1348	56.6395	-0.00253459	9.31216e-05	2
-94.6962	57.2526	-0.00257492	9.20435e-05	2
-95.235	57.8706	-0.00261557	9.16309e-05	2
-95.7632	58.5084	-0.00265747	9.1896e-05	2
-96.2742	59.1591	-0.00270019	9.28696e-05	2
-96.7673	59.8231	-0.00274373	9.45738e-05	2

24.9969	2.01087	-7.23592e-07	1.91946e-07	2
24.7329	2.94578	-6.08709e-05	1.68016e-05	2
24.4704	3.89156	-0.000117568	3.38084e-05	2
24.2126	4.83734	-0.000170148	5.10176e-05	2
23.9622	5.77224	-0.000218134	6.82253e-05	2
23.7135	6.71799	-0.000262696	8.5829e-05	2
23.4693	7.66371	-0.000303312	0.000103627	2
23.2296	8.60939	-0.000340037	0.000121617	2
22.9943	9.55502	-0.00037293	0.000139795	2
22.7635	10.5006	-0.000402045	0.00015816	2
22.5371	11.4461	-0.000427442	0.000176709	2
22.315	12.3916	-0.000449176	0.000195438	2
22.0972	13.3369	-0.000467303	0.000214345	2
21.8838	14.2822	-0.000481882	0.000233428	2
21.6746	15.2274	-0.000492969	0.000252684	2
21.4696	16.1725	-0.000500621	0.000272109	2
21.2688	17.1174	-0.000504895	0.000291702	2
21.0721	18.0622	-0.000505847	0.000311459	2
20.8796	19.0069	-0.000503534	0.000331379	2
20.6912	19.9515	-0.000498014	0.000351457	2
20.5068	20.8959	-0.000489343	0.000371692	2
20.3264	21.8402	-0.000477578	0.000392081	2
20.1501	22.7843	-0.000462776	0.000412621	2
19.9776	23.7282	-0.000444994	0.000433309	2
19.8091	24.6719	-0.000424288	0.000454143	2
19.6445	25.6154	-0.000400716	0.00047512	2
19.4855	26.5479	-0.000374653	0.000495993	2
19.3285	27.491	-0.00034555	0.000517246	2
19.1753	28.4339	-0.00031375	0.000538634	2
19.0258	29.3766	-0.000279311	0.000560154	2
18.88	30.319	-0.000242288	0.000581804	2
18.7379	31.2612	-0.00020274	0.00060358	2
18.5995	32.2032	-0.000160723	0.000625481	2
18.4646	33.1449	-0.000116294	0.000647502	2
18.3334	34.0863	-6.95088e-05	0.000669643	2
18.2056	35.0274	-2.04255e-05	0.000691899	2
18.0814	35.9682	3.08993e-05	0.000714269	2
17.9607	36.9088	8.44089e-05	0.000736749	2
17.8434	37.849	0.000140046	0.000759337	2
17.7295	38.789	0.000197755	0.00078203	2
17.619	39.7286	0.000257477	0.000804826	2
17.5118	40.6678	0.000319157	0.000827721	2
17.4079	41.6068	0.000382737	0.000850713	2
17.3073	42.5454	0.000448161	0.000873799	2
17.2099	43.4836	0.000515372	0.000896978	2
17.1158	44.4215	0.000584312	0.000920245	2
17.0248	45.359	0.000654925	0.000943598	2
16.9369	46.2961	0.000727154	0.000967035	2
16.8522	47.2328	0.000800942	0.000990552	2
16.7714	48.1583	0.000875359	0.00101388	2
16.6927	49.0943	0.000952079	0.00103755	2
16.617	50.0297	0.00103019	0.00106129	2
16.5443	50.9648	0.00110963	0.0010851	2
16.4745	51.8995	0.00119035	0.00110898	2
16.4076	52.8336	0.00127228	0.00113293	2
16.3435	53.7674	0.00135538	0.00115693	2
16.2823	54.7007	0.00143958	0.001181	2
16.2239	55.6335	0.00152483	0.00120512	2
16.1683	56.5658	0.00161107	0.0012293	2
16.1153	57.4977	0.00169825	0.00125352	2
16.0651	58.429	0.0017863	0.0012778	2
16.0175	59.3599	0.00187517	0.00130212	2
15.9726	60.2902	0.00196481	0.00132648	2
15.9302	61.22	0.00205516	0.00135089	2
15.8904	62.1493	0.00214615	0.00137533	2
15.8532	63.0781	0.00223774	0.00139981	2
15.8184	64.0063	0.00232986	0.00142431	2
15.7861	64.9339	0.00242246	0.00144885	2
15.7562	65.861	0.00251549	0.00147342	2
15.7286	66.7875	0.00260888	0.00149801	2
15.7035	67.7134	0.00270258	0.00152262	2
15.6806	68.6388	0.00279653	0.00154725	2
15.6601	69.5635	0.00289068	0.00157189	2
15.642	70.477	0.00298388	0.00159626	2
15.6258	71.4005	0.00307824	0.00162093	2
15.6119	72.3234	0.00317263	0.00164561	2
15.6001	73.2457	0.00326699	0.00167029	2
15.5905	74.1673	0.00336126	0.00169497	2
15.5829	75.0883	0.00345538	0.00171966	2
15.5773	76.0086	0.00354931	0.00174434	2
15.5738	76.9283	0.00364297	0.00176901	2
15.5723	77.8473	0.00373631	0.00179368	2
15.5727	78.7656	0.00382929	0.00181833	2
15.575	79.6831	0.00392183	0.00184297	2
15.5792	80.6	0.00401389	0.0018676	2
15.5852	81.5162	0.0041054	0.0018922	2
15.5931	82.4317	0.00419631	0.00191679	2
15.6027	83.3464	0.00428657	0.00194135	2
15.6141	84.2604	0.00437611	0.00196588	2
15.6271	85.1737	0.00446488	0.00199038	2
15.6419	86.0862	0.00455282	0.00201485	2
15.6583	86.9979	0.00463988	0.00203928	2
15.6763	87.9089	0.00472599	0.00206368	2
15.6959	88.8191	0.00481111	0.00208803	2
15.717	89.7285	0.00489517	0.00211234	2
15.7396	90.6371	0.00497812	0.0021366	2
15.7634	91.5345	0.00505897	0.00216054	2
15.7889	92.4414	0.00513953	0.00218471	2
15.8158	93.3476	0.00521882	0.00220882	2
15.844	94.253	0.00529677	0.00223287	2

75.0001	2.01289	-4.19959e-07	1.74633e-07	2
75.0265	3.11091	-3.53175e-05	1.42562e-05	2
75.0807	4.20016	-6.8196e-05	2.66386e-05	2
75.162	5.26801	-9.86759e-05	3.71796e-05	2
75.2688	6.30279	-0.000126488	4.58216e-05	2
75.4031	7.32881	-0.00015232	5.27978e-05	2
75.5634	8.33418	-0.000175874	5.803e-05	2
75.7493	9.31914	-0.000197193	6.15506e-05	2
75.9606	10.284	-0.000216315	6.33923e-05	2
76.1966	11.2289	-0.000233283	6.35876e-05	2
76.4572	12.1541	-0.000248137	6.21691e-05	2
76.7417	13.06	-0.000260917	5.91693e-05	2
77.05	13.9467	-0.000271664	5.46207e-05	2
77.3816	14.8145	-0.000280419	4.8556e-05	2
77.736	15.6637	-0.000287223	4.10076e-05	2
78.1129	16.4945	-0.000292115	3.20081e-05	2
78.5119	17.3071	-0.000295138	2.15901e-05	2
78.9327	18.1019	-0.00029633	9.78616e-06	2
79.3747	18.879	-0.000295734	-3.37123e-06	2
79.8376	19.6387	-0.00029339	-1.78495e-05	2
80.3211	20.3813	-0.000289338	-3.36161e-05	2
80.8247	21.107	-0.00028362	-5.06384e-05	2
81.348	21.816	-0.000276275	-6.8884e-05	2
81.8907	22.5087	-0.000267344	-8.83202e-05	2
82.4523	23.1853	-0.000256869	-0.000108915	2
83.0324	23.846	-0.00024489	-0.000130634	2
83.6238	24.4837	-0.000231609	-0.000153179	2
84.2397	25.1136	-0.00021676	-0.00017704	2
84.8729	25.7283	-0.000200527	-0.00020193	2
85.5232	26.3281	-0.000182953	-0.000227815	2
86.19	26.9134	-0.000164077	-0.000254664	2
86.873	27.4842	-0.000143941	-0.000282443	2
87.5718	28.041	-0.000122585	-0.00031112	2
88.286	28.5838	-0.000100049	-0.000340663	2
89.0153	29.1131	-7.6375e-05	-0.000371038	2
89.7591	29.6289	-5.16029e-05	-0.000402214	2
90.5172	30.1317	-2.57735e-05	-0.000434158	2
91.2891	30.6216	1.0726e-06	-0.000466837	2
92.0744	31.0989	2.88946e-05	-0.000500219	2
92.8728	31.5638	5.76519e-05	-0.000534272	2
93.6838	32.0166	8.73038e-05	-0.000568961	2
94.5071	32.4576	0.00011781	-0.000604256	2
95.3422	32.887	0.000149129	-0.000640124	2
96.1888	33.305	0.000181221	-0.000676531	2
97.0465	33.7119	0.000214044	-0.000713446	2
97.9148	34.1079	0.000247559	-0.000750835	2
98.7934	34.4933	0.000281725	-0.000788667	2
99.6819	34.8684	0.0003165	-0.000826909	2
100.58	35.2334	0.000351845	-0.000865528	2
101.477	35.5845	0.000387303	-0.000904042	2
102.392	35.9302	0.000423659	-0.000943315	2
103.316	36.2665	0.000460463	-0.000982867	2
104.248	36.5937	0.000497673	-0.00102267	2
105.188	36.9121	0.00053525	-0.00106268	2
106.134	37.2219	0.000573153	-0.00110288	2
107.088	37.5234	0.000611341	-0.00114322	2
108.048	37.8167	0.000649773	-0.00118369	2
109.013	38.1022	0.000688409	-0.00122424	2
109.984	38.3802	0.000727208	-0.00126484	2
110.961	38.6508	0.000766129	-0.00130546	2
111.942	38.9143	0.000805132	-0.00134606	2
112.928	39.171	0.000844176	-0.00138662	2
113.917	39.4211	0.000883221	-0.00142711	2
114.91	39.6648	0.000922225	-0.00146748	2
115.907	39.9025	0.000961148	-0.00150771	2
116.906	40.1344	0.000999949	-0.00154776	2
117.907	40.3607	0.00103859	-0.00158761	2
118.911	40.5817	0.00107702	-0.00162721	2
119.916	40.7976	0.00111522	-0.00166654	2
120.922	41.0087	0.00115312	-0.00170557	2
121.93	41.2152	0.00119071	-0.00174425	2
122.937	41.4174	0.00122793	-0.00178257	2
123.945	41.6155	0.00126474	-0.00182048	2
124.941	41.8076	0.00130069	-0.00185753	2
125.948	41.9984	0.00133657	-0.00189454	2
126.953	42.1859	0.00137192	-0.00193105	2
127.957	42.3703	0.00140671	-0.00196703	2
128.959	42.5519	0.00144088	-0.00200244	2
129.959	42.7309	0.00147441	-0.00203725	2
130.956	42.9076	0.00150725	-0.00207143	2
131.95	43.0823	0.00153935	-0.00210495	2
132.94	43.2552	0.00157069	-0.00213777	2
133.927	43.4265	0.00160121	-0.00216987	2
134.909	43.5965	0.00163087	-0.0022012	2
135.887	43.7655	0.00165965	-0.00223173	2
136.859	43.9336	0.00168749	-0.00226145	2
137.826	44.1013	0.00171435	-0.0022903	2
138.788	44.2686	0.0017402	-0.00231826	2
139.743	44.4358	0.00176499	-0.00234529	2
140.691	44.6033	0.00178868	-0.00237137	2
141.632	44.7713	0.00181124	-0.00239646	2
142.566	44.9399	0.00183262	-0.00242053	2
143.492	45.1095	0.00185277	-0.00244355	2
144.41	45.2803	0.00187167	-0.00246547	2
145.319	45.4526	0.00188927	-0.00248628	2
146.219	45.6266	0.00190553	-0.00250594	2
147.1	45.8005	0.00192024	-0.0025242	2
147.981	45.9787	0.00193371	-0.00254147	2
148.852	46.1593	0.00194571	-0.00255749	2
149.712	46.3426	0.00195621	-0.00257223	2

124.993	2.01218	-5.82963e-07	2.24833e-07	2
124.433	3.0554	-5.00368e-05	1.92373e-05	2
123.901	4.10198	-9.8706e-05	3.78254e-05	2
123.401	5.13973	-0.000146023	5.5771e-05	2
122.94	6.15689	-0.000191481	7.28857e-05	2
122.506	7.17711	-0.000236153	8.95742e-05	2
122.104	8.18853	-0.000279518	0.000105641	2
121.734	9.19114	-0.00032159	0.000121092	2
121.396	10.185	-0.000362386	0.000135935	2
121.089	11.17	-0.00040192	0.000150176	2
120.812	12.1462	-0.000440207	0.000163823	2
120.566	13.1137	-0.000477262	0.000176882	2
120.35	14.0724	-0.000513101	0.00018936	2
120.163	15.0223	-0.000547739	0.000201263	2
120.005	15.9634	-0.000581191	0.0002126	2
119.877	16.8958	-0.000613471	0.000223375	2
119.776	17.8195	-0.000644596	0.000233597	2
119.704	18.7344	-0.00067458	0.000243273	2
119.659	19.6405	-0.000703438	0.000252408	2
119.641	20.5379	-0.000731186	0.000261009	2
119.651	21.4266	-0.000757838	0.000269085	2
119.686	22.3066	-0.00078341	0.000276641	2
119.748	23.1778	-0.000807918	0.000283684	2
119.835	24.0403	-0.000831375	0.000290221	2
119.948	24.8941	-0.000853797	0.00029626	2
120.085	25.7392	-0.0008752	0.000301806	2
120.245	26.5661	-0.00089537	0.000306811	2
120.431	27.3939	-0.00091479	0.000311398	2
120.641	28.213	-0.000933236	0.000315514	2
120.874	29.0234	-0.000950723	0.000319164	2
121.13	29.8252	-0.000967266	0.000322357	2
121.408	30.6183	-0.000982879	0.000325098	2
121.709	31.4027	-0.000997579	0.000327394	2
122.031	32.1784	-0.00101138	0.000329253	2
122.375	32.9455	-0.0010243	0.000330681	2
122.739	33.704	-0.00103635	0.000331685	2
123.125	34.4538	-0.00104754	0.000332272	2
123.53	35.1949	-0.0010579	0.000332449	2
123.956	35.9274	-0.00106744	0.000332222	2
124.4	36.6513	-0.00107616	0.000331598	2
124.864	37.3666	-0.0010841	0.000330584	2
125.347	38.0732	-0.00109125	0.000329187	2
125.848	38.7713	-0.00109765	0.000327415	2
126.366	39.4607	-0.00110329	0.000325272	2
126.903	40.1415	-0.00110821	0.000322767	2
127.456	40.8137	-0.00111241	0.000319907	2
128.026	41.4774	-0.0011159	0.000316697	2
128.612	42.1324	-0.00111871	0.000313146	2
129.215	42.7789	-0.00112085	0.000309259	2
129.825	43.4095	-0.00112232	0.000305094	2
130.458	44.0389	-0.00112316	0.000300561	2
131.106	44.6597	-0.00112339	0.000295713	2
131.768	45.272	-0.001123	0.000290557	2
132.444	45.8757	-0.00112201	0.0002851	2
133.134	46.4709	-0.00112044	0.000279349	2
133.836	47.0576	-0.00111831	0.00027331	2
134.552	47.6357	-0.00111562	0.00026699	2
135.28	48.2052	-0.00111241	0.000260397	2
136.02	48.7663	-0.00110867	0.000253536	2
136.772	49.3188	-0.00110442	0.000246416	2
137.536	49.8628	-0.00109969	0.000239042	2
138.31	50.3982	-0.00109448	0.000231421	2
139.094	50.9252	-0.00108881	0.000223561	2
139.889	51.4437	-0.00108269	0.000215468	2
140.693	51.9537	-0.00107615	0.000207149	2
141.507	52.4552	-0.00106919	0.000198611	2
142.33	52.9482	-0.00106183	0.00018986	2
143.161	53.4327	-0.00105409	0.000180904	2
144	53.9087	-0.00104598	0.000171749	2
144.847	54.3763	-0.00103751	0.000162402	2
145.702	54.8354	-0.00102871	0.00015287	2
146.563	55.2861	-0.00101958	0.00014316	2
147.432	55.7283	-0.00101015	0.000133278	2
148.296	56.1571	-0.00100053	0.000123349	2
149.176	56.5825	-0.000990531	0.000113147	2
150.062	56.9995	-0.000980265	0.000102794	2
150.952	57.408	-0.00096975	9.22964e-05	2
151.848	57.8081	-0.000959003	8.16619e-05	2
152.747	58.1998	-0.000948037	7.08969e-05	2
153.651	58.5831	-0.00093687	6.00082e-05	2
154.558	58.958	-0.000925514	4.90026e-05	2
155.468	59.3244	-0.000913987	3.78871e-05	2
156.381	59.6825	-0.000902302	2.66684e-05	2
157.296	60.0321	-0.000890475	1.53533e-05	2
158.213	60.3734	-0.000878521	3.94875e-06	2
159.132	60.7063	-0.000866456	-7.53852e-06	2
160.052	61.0308	-0.000854294	-1.91016e-05	2
160.972	61.347	-0.00084205	-3.07338e-05	2
161.893	61.6547	-0.00082974	-4.24282e-05	2
162.815	61.9542	-0.000817379	-5.41779e-05	2
163.735	62.2452	-0.000804982	-6.59761e-05	2
164.655	62.5279	-0.000792564	-7.78161e-05	2
165.574	62.8023	-0.00078014	-8.9691e-05	2
166.491	63.0683	-0.000767725	-0.000101594	2
167.406	63.326	-0.000755335	-0.000113518	2
168.319	63.5753	-0.000742985	-0.000125457	2
169.219	63.8136	-0.00073083	-0.000137265	2
170.126	64.0464	-0.000718603	-0.000149212	2
171.03	64.2709	-0.000706461	-0.000161153	2
171.93	64.4871	-0.00069442	-0.000173081	2

