-125.003	2.01033	1.40108e-07	-2.74915e-07	2
-125.271	2.90251	1.1035e-05	-2.34988e-05	2
-125.543	3.81248	1.9765e-05	-4.61571e-05	2
-125.816	4.72961	2.6236e-05	-6.79854e-05	2
-126.085	5.64294	3.04574e-05	-8.8757e-05	2
-126.357	6.57342	3.2573e-05	-0.000108966	2
-126.629	7.51016	3.25671e-05	-0.000128375	2
-126.9	8.45288	3.04857e-05	-0.000146996	2
-127.17	9.40126	2.63748e-05	-0.000164838	2
-127.439	10.355	2.02803e-05	-0.000181913	2
-127.705	11.3139	1.22484e-05	-0.00019823	2
-127.97	12.2775	2.325e-06	-0.000213801	2
-128.233	13.2456	-9.4439e-06	-0.000228634	2
-128.494	14.2178	-2.30123e-05	-0.000242741	2
-128.751	15.194	-3.83341e-05	-0.000256133	2
-129.006	16.1737	-5.53634e-05	-0.000268819	2
-129.257	17.1568	-7.40542e-05	-0.00028081	2
-129.505	18.1428	-9.43604e-05	-0.000292116	2
-129.748	19.1315	-0.000116236	-0.000302748	2
-129.988	20.1226	-0.000139635	-0.000312715	2
-130.223	21.1158	-0.000164512	-0.00032203	2
-130.454	22.1108	-0.000190819	-0.000330701	2
-130.679	23.1073	-0.000218513	-0.000338739	2
-130.899	24.1051	-0.000247545	-0.000346156	2
-131.114	25.1037	-0.000277872	-0.00035296	2
-131.322	26.1029	-0.000309445	-0.000359162	2
-131.523	27.0909	-0.000341837	-0.000364713	2
-131.719	28.0905	-0.000375754	-0.00036975	2
-131.908	29.0897	-0.000410781	-0.000374217	2
-132.091	30.0884	-0.000446872	-0.000378123	2
-132.266	31.0862	-0.000483981	-0.00038148	2
-132.434	32.0828	-0.000522062	-0.000384298	2
-132.594	33.0779	-0.000561068	-0.000386587	2
-132.745	34.0713	-0.000600955	-0.000388357	2
-132.889	35.0626	-0.000641675	-0.000389619	2
-133.023	36.0515	-0.000683183	-0.000390383	2
-133.149	37.0378	-0.000725434	-0.00039066	2
-133.265	38.0211	-0.000768379	-0.00039046	2
-133.372	39.0011	-0.000811975	-0.000389794	2
-133.47	39.9776	-0.000856175	-0.000388671	2
-133.557	40.9502	-0.000900932	-0.000387102	2
-133.633	41.9186	-0.000946201	-0.000385098	2
-133.699	42.8826	-0.000991936	-0.000382669	2
-133.754	43.8419	-0.00103809	-0.000379826	2
-133.798	44.7961	-0.00108462	-0.000376578	2
-133.831	45.7449	-0.00113148	-0.000372936	2
-133.851	46.6881	-0.00117861	-0.000368911	2
-133.86	47.6254	-0.00122599	-0.000364513	2
-133.856	48.5564	-0.00127355	-0.000359753	2
-133.84	49.4703	-0.00132071	-0.0003547	2
-133.811	50.388	-0.00136851	-0.000349249	2
-133.768	51.2986	-0.00141637	-0.000343467	2
-133.712	52.2017	-0.00146423	-0.000337363	2
-133.643	53.0971	-0.00151206	-0.000330949	2
-133.559	53.9845	-0.00155979	-0.000324234	2
-133.461	54.8636	-0.0016074	-0.000317229	2
-133.349	55.734	-0.00165483	-0.000309944	2
-133.221	56.5956	-0.00170203	-0.000302391	2
-133.079	57.4479	-0.00174896	-0.000294578	2
-132.92	58.2906	-0.00179558	-0.000286517	2
-132.747	59.1236	-0.00184184	-0.000278218	2
-132.557	59.9465	-0.00188769	-0.000269691	2
-132.351	60.7589	-0.00193308	-0.000260947	2
-132.128	61.5607	-0.00197798	-0.000251996	2
-131.889	62.3514	-0.00202233	-0.000242849	2
-131.632	63.1308	-0.00206608	-0.000233515	2
-131.358	63.8987	-0.0021092	-0.000224006	2
-131.066	64.6546	-0.00215164	-0.000214332	2
-130.756	65.3983	-0.00219335	-0.000204503	2
-130.428	66.1295	-0.00223428	-0.000194529	2
-130.082	66.848	-0.00227438	-0.000184421	2
-129.716	67.5533	-0.00231362	-0.000174189	2
-129.332	68.2453	-0.00235195	-0.000163844	2
-128.932	68.9158	-0.00238889	-0.000153517	2
-128.509	69.5803	-0.00242526	-0.000142977	2
-128.066	70.2304	-0.00246059	-0.000132356	2
-127.602	70.866	-0.00249481	-0.000121662	2
-127.118	71.4867	-0.00252789	-0.000110907	2
-126.613	72.0923	-0.00255978	-0.000100101	2
-126.087	72.6823	-0.00259044	-8.92536e-05	2
-125.54	73.2566	-0.00261981	-7.83764e-05	2
-124.971	73.8149	-0.00264786	-6.74793e-05	2
-124.38	74.3567	-0.00267453	-5.65726e-05	2
-123.767	74.8819	-0.00269978	-4.56668e-05	2
-123.131	75.3901	-0.00272357	-3.47723e-05	2
-122.472	75.8811	-0.00274585	-2.38994e-05	2
-121.791	76.3545	-0.00276657	-1.30586e-05	2
-121.086	76.8101	-0.00278568	-2.26021e-06	2
-120.358	77.2475	-0.00280315	8.48533e-06	2
-119.605	77.6664	-0.00281892	1.91676e-05	2
-118.829	78.0666	-0.00283295	2.97763e-05	2
-118.028	78.4478	-0.00284519	4.0301e-05	2
-117.202	78.8096	-0.0028556	5.07313e-05	2
-116.351	79.1518	-0.00286413	6.10568e-05	2
-115.475	79.474	-0.00287073	7.12671e-05	2
-114.573	79.776	-0.00287536	8.13517e-05	2
-113.656	80.0543	-0.00287796	9.11869e-05	2
-112.703	80.3152	-0.00287854	0.000100991	2
-111.723	80.5549	-0.002877	0.000110638	2
-110.716	80.7732	-0.00287331	0.000120119	2

-74.9993	2.01088	-1.43588e-07	2.23136e-07	2
-74.9555	2.94414	-1.23345e-05	1.85301e-05	2
-74.9467	3.88333	-2.43574e-05	3.52994e-05	2
-74.9728	4.81762	-3.60794e-05	5.03461e-05	2
-75.032	5.73638	-4.73815e-05	6.3564e-05	2
-75.1249	6.661	-5.85374e-05	7.52982e-05	2
-75.2501	7.5808	-6.94246e-05	8.54235e-05	2
-75.4067	8.49583	-8.00542e-05	9.3978e-05	2
-75.5939	9.40609	-9.04367e-05	0.000101	2
-75.8108	10.3116	-0.000100583	0.000106527	2
-76.0566	11.2125	-0.000110504	0.000110597	2
-76.3305	12.1087	-0.000120211	0.000113249	2
-76.6315	13.0003	-0.000129714	0.000114521	2
-76.9588	13.8872	-0.000139024	0.00011445	2
-77.3116	14.7697	-0.000148152	0.000113075	2
-77.689	15.6475	-0.000157108	0.000110434	2
-78.0901	16.5209	-0.000165904	0.000106565	2
-78.5142	17.3898	-0.000174551	0.000101506	2
-78.9602	18.2543	-0.000183058	9.52945e-05	2
-79.4275	19.1143	-0.000191438	8.79694e-05	2
-79.915	19.97	-0.0001997	7.95685e-05	2
-80.4221	20.8214	-0.000207856	7.01299e-05	2
-80.9478	21.6684	-0.000215916	5.96917e-05	2
-81.4912	22.5111	-0.000223892	4.82919e-05	2
-82.0515	23.3496	-0.000231793	3.59687e-05	2
-82.6279	24.1839	-0.000239631	2.276e-05	2
-83.2125	25.0044	-0.000247328	8.87029e-06	2
-83.8183	25.8304	-0.000255073	-5.98582e-06	2
-84.4375	26.6522	-0.000262786	-2.16135e-05	2
-85.0694	27.47	-0.00027048	-3.79748e-05	2
-85.713	28.2837	-0.000278165	-5.50314e-05	2
-86.3676	29.0933	-0.000285851	-7.27454e-05	2
-87.0323	29.899	-0.000293549	-9.10787e-05	2
-87.7061	30.7007	-0.00030127	-0.000109993	2
-88.3884	31.4984	-0.000309026	-0.000129451	2
-89.0781	32.2922	-0.000316826	-0.000149414	2
-89.7745	33.0822	-0.000324682	-0.000169843	2
-90.4766	33.8683	-0.000332604	-0.000190702	2
-91.1838	34.6506	-0.000340603	-0.000211951	2
-91.8949	35.4291	-0.000348691	-0.000233553	2
-92.6094	36.2039	-0.000356877	-0.00025547	2
-93.3262	36.9749	-0.000365173	-0.000277663	2
-94.0445	37.7423	-0.000373589	-0.000300095	2
-94.7634	38.506	-0.000382137	-0.000322727	2
-95.4822	39.2661	-0.000390826	-0.000345522	2
-96.1999	40.0226	-0.000399669	-0.00036844	2
-96.9157	40.7755	-0.000408675	-0.000391445	2
-97.6288	41.5249	-0.000417855	-0.000414498	2
-98.3382	42.2708	-0.000427221	-0.000437561	2
-99.0351	43.0047	-0.000436672	-0.000460332	2
-99.7348	43.7437	-0.000446438	-0.000483302	2
-100.428	44.4793	-0.000456422	-0.000506168	2
-101.115	45.2116	-0.000466635	-0.000528892	2
-101.793	45.9405	-0.000477086	-0.000551436	2
-102.463	46.6661	-0.000487788	-0.000573763	2
-103.124	47.3884	-0.000498751	-0.000595833	2
-103.773	48.1074	-0.000509985	-0.000617609	2
-104.412	48.8233	-0.000521501	-0.000639053	2
-105.038	49.5359	-0.000533311	-0.000660126	2
-105.652	50.2454	-0.000545425	-0.000680791	2
-106.251	50.9518	-0.000557854	-0.00070101	2
-106.836	51.6551	-0.000570608	-0.000720744	2
-107.405	52.3553	-0.000583699	-0.000739955	2
-107.958	53.0525	-0.000597137	-0.000758605	2
-108.493	53.7467	-0.000610933	-0.000776657	2
-109.011	54.4379	-0.000625099	-0.000794072	2
-109.509	55.1262	-0.000639643	-0.000810812	2
-109.987	55.8116	-0.000654579	-0.000826839	2
-110.445	56.4941	-0.000669916	-0.000842115	2
-110.881	57.1737	-0.000685665	-0.000856601	2
-111.295	57.8506	-0.000701837	-0.000870261	2
-111.685	58.5246	-0.000718442	-0.000883055	2
-112.052	59.196	-0.000735493	-0.000894945	2
-112.389	59.8569	-0.000752794	-0.000905774	2
-112.705	60.5228	-0.000770761	-0.000915755	2
-112.994	61.1861	-0.000789204	-0.000924718	2
-113.255	61.8468	-0.000808135	-0.000932627	2
-113.489	62.5049	-0.000827565	-0.000939442	2
-113.692	63.1604	-0.000847504	-0.000945125	2
-113.866	63.8134	-0.000867963	-0.000949639	2
-114.009	64.4639	-0.000888952	-0.000952946	2
-114.12	65.1119	-0.000910484	-0.000955006	2
-114.198	65.7575	-0.000932568	-0.000955783	2
-114.243	66.4007	-0.000955216	-0.000955238	2
-114.253	67.0415	-0.000978437	-0.000953333	2
-114.228	67.68	-0.00100224	-0.00095003	2
-114.167	68.3161	-0.00102665	-0.000945291	2
-114.069	68.95	-0.00105166	-0.000939078	2
-113.933	69.5816	-0.00107728	-0.000931352	2
-113.759	70.2111	-0.00110354	-0.000922076	2
-113.545	70.8383	-0.00113043	-0.000911212	2
-113.291	71.4634	-0.00115797	-0.000898721	2
-112.995	72.0863	-0.00118618	-0.000884566	2
-112.657	72.7072	-0.00121505	-0.000868708	2
-112.277	73.326	-0.00124461	-0.000851109	2
-111.852	73.9428	-0.00127486	-0.000831732	2
-111.389	74.5505	-0.00130546	-0.000810791	2
-110.875	75.1633	-0.00133712	-0.000787764	2
-110.314	75.7742	-0.0013695	-0.000762843	2
-109.707	76.3832	-0.00140263	-0.000735992	2

-25.0025	2.01171	-5.37838e-07	2.97532e-07	2
-25.2277	3.00911	-4.62158e-05	2.52052e-05	2
-25.4786	3.99961	-9.12821e-05	4.90467e-05	2
-25.7524	4.97183	-0.000135224	7.15433e-05	2
-26.0451	5.91521	-0.000177578	9.24779e-05	2
-26.3631	6.852	-0.000219355	0.000112356	2
-26.7026	7.77144	-0.00026008	0.000130945	2
-27.0631	8.67386	-0.000299777	0.000148264	2
-27.4443	9.55956	-0.000338471	0.000164332	2
-27.8457	10.4289	-0.000376186	0.000179167	2
-28.2668	11.2821	-0.000412947	0.000192789	2
-28.7072	12.1195	-0.000448778	0.000205216	2
-29.1665	12.9415	-0.000483703	0.000216466	2
-29.6442	13.7484	-0.000517747	0.000226559	2
-30.1398	14.5404	-0.000550935	0.000235513	2
-30.6529	15.3179	-0.00058329	0.000243348	2
-31.1831	16.0812	-0.000614837	0.000250081	2
-31.7299	16.8307	-0.000645601	0.000255731	2
-32.2929	17.5666	-0.000675605	0.000260318	2
-32.8716	18.2892	-0.000704875	0.000263861	2
-33.4656	18.9989	-0.000733435	0.000266377	2
-34.0745	19.696	-0.000761309	0.000267886	2
-34.6977	20.3808	-0.000788521	0.000268406	2
-35.3348	21.0535	-0.000815096	0.000267956	2
-35.9855	21.7147	-0.000841059	0.000266555	2
-36.6492	22.3644	-0.000866434	0.000264223	2
-37.3176	22.9959	-0.000890962	0.000261019	2
-38.0059	23.624	-0.00091524	0.000256887	2
-38.706	24.2417	-0.000939002	0.00025188	2
-39.4173	24.8493	-0.000962273	0.000246016	2
-40.1394	25.4471	-0.000985078	0.000239312	2
-40.8719	26.0354	-0.00100744	0.000231789	2
-41.6143	26.6146	-0.00102939	0.000223465	2
-42.3662	27.1849	-0.00105094	0.000214358	2
-43.1271	27.7467	-0.00107212	0.000204487	2
-43.8967	28.3004	-0.00109296	0.000193872	2
-44.6744	28.8461	-0.00111348	0.000182531	2
-45.4597	29.3842	-0.0011337	0.000170482	2
-46.2524	29.9151	-0.00115365	0.000157745	2
-47.0518	30.439	-0.00117336	0.000144338	2
-47.8576	30.9563	-0.00119284	0.00013028	2
-48.6693	31.4672	-0.00121213	0.00011559	2
-49.4864	31.9722	-0.00123124	0.000100286	2
-50.3086	32.4715	-0.0012502	8.43877e-05	2
-51.1354	32.9654	-0.00126904	6.79133e-05	2
-51.9663	33.4542	-0.00128778	5.08817e-05	2
-52.8009	33.9383	-0.00130644	3.33117e-05	2
-53.6387	34.418	-0.00132505	1.5222e-05	2
-54.4793	34.8935	-0.00134363	-3.36865e-06	2
-55.3125	35.3599	-0.001362	-2.22195e-05	2
-56.1573	35.8282	-0.0013806	-4.17504e-05	2
-57.0036	36.2933	-0.00139925	-6.17261e-05	2
-57.8509	36.7556	-0.00141797	-8.21279e-05	2
-58.6987	37.2153	-0.00143678	-0.000102937	2
-59.5467	37.6728	-0.00145572	-0.000124135	2
-60.3943	38.1284	-0.00147479	-0.000145702	2
-61.2412	38.5825	-0.00149404	-0.00016762	2
-62.0868	39.0352	-0.00151347	-0.000189871	2
-62.9307	39.4869	-0.00153313	-0.000212435	2
-63.7726	39.9381	-0.00155302	-0.000235294	2
-64.6119	40.3888	-0.00157318	-0.000258428	2
-65.4482	40.8396	-0.00159363	-0.00028182	2
-66.281	41.2906	-0.00161439	-0.000305451	2
-67.1099	41.7423	-0.0016355	-0.0003293	2
-67.9345	42.1949	-0.00165697	-0.000353351	2
-68.7543	42.6487	-0.00167882	-0.000377584	2
-69.5688	43.1041	-0.00170109	-0.00040198	2
-70.3777	43.5613	-0.00172379	-0.000426521	2
-71.1804	44.0208	-0.00174695	-0.000451188	2
-71.9766	44.4827	-0.0017706	-0.000475962	2
-72.7657	44.9475	-0.00179476	-0.000500824	2
-73.5474	45.4153	-0.00181946	-0.000525755	2
-74.3211	45.8867	-0.00184471	-0.000550737	2
-75.0778	46.3563	-0.00187024	-0.000575464	2
-75.8344	46.8354	-0.00189668	-0.000600491	2
-76.5819	47.3189	-0.00192374	-0.000625513	2
-77.3196	47.8071	-0.00195147	-0.000650511	2
-78.0472	48.3004	-0.00197987	-0.000675467	2
-78.7642	48.7989	-0.00200898	-0.00070036	2
-79.4702	49.3031	-0.00203881	-0.000725173	2
-80.1647	49.8133	-0.0020694	-0.000749887	2
-80.8472	50.3298	-0.00210077	-0.000774484	2
-81.5174	50.8528	-0.00213294	-0.000798943	2
-82.1748	51.3828	-0.00216594	-0.000823247	2
-82.8189	51.92	-0.00219979	-0.000847377	2
-83.4493	52.4647	-0.00223452	-0.000871314	2
-84.0655	53.0172	-0.00227014	-0.000895039	2
-84.6671	53.578	-0.00230669	-0.000918533	2
-85.2537	54.1472	-0.00234419	-0.000941778	2
-85.8248	54.7253	-0.00238266	-0.000964756	2
-86.3799	55.3124	-0.00242213	-0.000987446	2
-86.9186	55.909	-0.00246262	-0.00100983	2
-87.4405	56.5153	-0.00250416	-0.00103189	2
-87.9452	57.1317	-0.00254677	-0.00105361	2
-88.4321	57.7584	-0.00259047	-0.00107496	2
-88.9008	58.3959	-0.00263529	-0.00109594	2
-89.3458	59.0368	-0.00268073	-0.00111628	2
-89.7771	59.6964	-0.00272785	-0.00113644	2
-90.1888	60.3677	-0.00277616	-0.00115617	2
-90.5806	61.0509	-0.0028257	-0.00117544	2

24.9984	2.01074	-6.1665e-07	-7.9861e-08	2
24.8607	2.93317	-5.13682e-05	-6.30767e-06	2
24.7163	3.86477	-9.81662e-05	-1.13341e-05	2
24.5669	4.79483	-0.00014046	-1.51004e-05	2
24.4146	5.7127	-0.000177904	-1.76057e-05	2
24.2557	6.63973	-0.000211436	-1.89293e-05	2
24.0921	7.56526	-0.000240659	-1.90563e-05	2
23.9241	8.48931	-0.00026564	-1.80078e-05	2
23.7515	9.4119	-0.000286444	-1.58051e-05	2
23.5747	10.333	-0.000303137	-1.24693e-05	2
23.3936	11.2527	-0.000315784	-8.02175e-06	2
23.2083	12.171	-0.000324452	-2.48356e-06	2
23.019	13.0879	-0.000329206	4.12402e-06	2
22.8258	14.0034	-0.000330112	1.17798e-05	2
22.6288	14.9176	-0.000327236	2.04625e-05	2
22.428	15.8303	-0.000320642	3.0151e-05	2
22.2236	16.7418	-0.000310398	4.0824e-05	2
22.0157	17.6519	-0.000296568	5.24603e-05	2
21.8044	18.5607	-0.000279218	6.50387e-05	2
21.5897	19.4683	-0.000258414	7.8538e-05	2
21.3718	20.3746	-0.000234222	9.29369e-05	2
21.1508	21.2796	-0.000206708	0.000108214	2
20.9268	22.1834	-0.000175937	0.000124349	2
20.6999	23.0859	-0.000141974	0.00014132	2
20.4702	23.9873	-0.000104886	0.000159105	2
20.2378	24.8874	-6.47381e-05	0.000177684	2
20.0055	25.7761	-2.21089e-05	0.000196809	2
19.768	26.674	2.3928e-05	0.000216903	2
19.5281	27.5707	7.28283e-05	0.000237728	2
19.2859	28.4663	0.000124526	0.000259261	2
19.0415	29.3607	0.000178956	0.000281482	2
18.795	30.2541	0.000236053	0.00030437	2
18.5465	31.1465	0.000295749	0.000327903	2
18.2961	32.0377	0.000357981	0.00035206	2
18.044	32.9279	0.000422682	0.00037682	2
17.7901	33.8171	0.000489786	0.000402161	2
17.5347	34.7053	0.000559228	0.000428063	2
17.2778	35.5925	0.000630943	0.000454505	2
17.0195	36.4787	0.000704863	0.000481464	2
16.7599	37.364	0.000780924	0.000508921	2
16.4992	38.2483	0.00085906	0.000536853	2
16.2374	39.1316	0.000939205	0.000565239	2
15.9746	40.0141	0.00102129	0.000594058	2
15.711	40.8957	0.00110526	0.00062329	2
15.4466	41.7764	0.00119104	0.000652912	2
15.1815	42.6562	0.00127856	0.000682904	2
14.9159	43.5352	0.00136777	0.000713244	2
14.6498	44.4133	0.00145859	0.000743911	2
14.3834	45.2907	0.00155096	0.000774884	2
14.1197	46.1572	0.00164373	0.000805781	2
13.8529	47.0329	0.00173898	0.0008373	2
13.586	47.9079	0.00183559	0.000869061	2
13.3192	48.7822	0.00193349	0.000901043	2
13.0525	49.6557	0.00203261	0.000933225	2
12.7861	50.5285	0.00213288	0.000965586	2
12.52	51.4007	0.00223424	0.000998105	2
12.2544	52.2721	0.00233663	0.00103076	2
11.9893	53.1428	0.00243998	0.00106353	2
11.7249	54.0129	0.00254422	0.00109639	2
11.4613	54.8824	0.00264928	0.00112933	2
11.1986	55.7513	0.00275511	0.00116232	2
10.9368	56.6195	0.00286163	0.00119534	2
10.6761	57.4872	0.00296879	0.00122837	2
10.4166	58.3543	0.00307651	0.00126138	2
10.1584	59.2208	0.00318472	0.00129437	2
9.90151	60.0869	0.00329338	0.00132729	2
9.64613	60.9523	0.00340239	0.00136015	2
9.39234	61.8173	0.00351171	0.0013929	2
9.14024	62.6818	0.00362127	0.00142554	2
8.88993	63.5459	0.00373099	0.00145804	2
8.64151	64.4094	0.00384082	0.00149038	2
8.39509	65.2726	0.00395069	0.00152253	2
8.15076	66.1353	0.00406054	0.00155448	2
7.91141	66.9877	0.00416902	0.00158585	2
7.67155	67.8496	0.00427862	0.00161734	2
7.4341	68.7111	0.00438799	0.00164855	2
7.19916	69.5723	0.00449707	0.00167949	2
6.96682	70.4331	0.0046058	0.00171011	2
6.73719	71.2937	0.0047141	0.0017404	2
6.51037	72.1539	0.00482192	0.00177034	2
6.28646	73.0138	0.00492919	0.00179991	2
6.06557	73.8734	0.00503584	0.00182909	2
5.8478	74.7328	0.00514181	0.00185785	2
5.63325	75.592	0.00524703	0.00188617	2
5.42202	76.4509	0.00535143	0.00191404	2
5.21422	77.3096	0.00545496	0.00194143	2
5.00995	78.1681	0.00555753	0.00196832	2
4.8093	79.0264	0.0056591	0.00199469	2
4.61238	79.8846	0.00575959	0.00202051	2
4.4193	80.7426	0.00585893	0.00204577	2
4.23016	81.6005	0.00595707	0.00207045	2
4.04505	82.4582	0.00605393	0.00209452	2
3.86408	83.3159	0.00614946	0.00211797	2
3.68736	84.1735	0.00624357	0.00214076	2
3.51498	85.0311	0.00633622	0.00216289	2
3.34705	85.8885	0.00642732	0.00218433	2
3.18552	86.7361	0.00651581	0.00220482	2
3.02673	87.5936	0.00660366	0.00222482	2
2.8727	88.451	0.00668978	0.00224406	2
2.72352	89.3085	0.00677411	0.00226253	2

75.0007	2.01261	-5.01837e-08	7.79778e-08	2
75.0715	3.08828	-3.12847e-06	5.64248e-06	2
75.1651	4.15954	-3.78246e-06	8.99783e-06	2
75.2804	5.21397	-2.00621e-06	1.01001e-05	2
75.4156	6.23991	2.0948e-06	9.00881e-06	2
75.5734	7.26139	8.57212e-06	5.73223e-06	2
75.752	8.26655	1.73475e-05	3.0448e-07	2
75.9513	9.25559	2.83766e-05	-7.24035e-06	2
76.1708	10.2287	4.16152e-05	-1.68682e-05	2
76.4103	11.186	5.70191e-05	-2.85449e-05	2
76.6696	12.1277	7.45441e-05	-4.22364e-05	2
76.9482	13.054	9.41458e-05	-5.79086e-05	2
77.2459	13.965	0.00011578	-7.55275e-05	2
77.5624	14.861	0.000139403	-9.5059e-05	2
77.8974	15.742	0.000164969	-0.000116469	2
78.2506	16.6084	0.000192436	-0.000139723	2
78.6217	17.4602	0.000221758	-0.000164788	2
79.0104	18.2976	0.000252891	-0.000191628	2
79.4164	19.1209	0.000285792	-0.000220211	2
79.8394	19.9301	0.000320415	-0.000250502	2
80.2792	20.7256	0.000356717	-0.000282467	2
80.7353	21.5073	0.000394654	-0.000316071	2
81.2076	22.2756	0.00043418	-0.000351282	2
81.6956	23.0306	0.000475252	-0.000388064	2
82.1992	23.7724	0.000517826	-0.000426383	2
82.718	24.5013	0.000561858	-0.000466206	2
83.2455	25.2093	0.000606772	-0.000507016	2
83.7936	25.913	0.00065357	-0.000549727	2
84.3561	26.6042	0.000701693	-0.00059384	2
84.9326	27.2832	0.000751097	-0.000639321	2
85.5229	27.9502	0.000801737	-0.000686135	2
86.1265	28.6052	0.000853571	-0.000734248	2
86.7433	29.2485	0.000906552	-0.000783627	2
87.373	29.8803	0.000960637	-0.000834237	2
88.0151	30.5008	0.00101578	-0.000886043	2
88.6695	31.11	0.00107194	-0.000939013	2
89.3359	31.7082	0.00112907	-0.000993112	2
90.0139	32.2956	0.00118713	-0.00104831	2
90.7032	32.8724	0.00124607	-0.00110456	2
91.4035	33.4387	0.00130585	-0.00116184	2
92.1146	33.9946	0.00136643	-0.00122011	2
92.8362	34.5405	0.00142775	-0.00127935	2
93.5679	35.0764	0.00148978	-0.0013395	2
94.3094	35.6025	0.00155247	-0.00140055	2
95.0605	36.1191	0.00161578	-0.00146245	2
95.8208	36.6262	0.00167966	-0.00152518	2
96.5901	37.1241	0.00174407	-0.00158869	2
97.3681	37.6129	0.00180897	-0.00165296	2
98.1544	38.0928	0.0018743	-0.00171794	2
98.9396	38.5587	0.00193928	-0.00178286	2
99.7416	39.0214	0.00200536	-0.00184917	2
100.551	39.4759	0.00207174	-0.00191611	2
101.368	39.9221	0.00213839	-0.00198363	2
102.191	40.3603	0.00220527	-0.00205169	2
103.021	40.7907	0.00227231	-0.00212028	2
103.858	41.2135	0.00233949	-0.00218934	2
104.7	41.6288	0.00240675	-0.00225886	2
105.548	42.0367	0.00247406	-0.00232878	2
106.402	42.4376	0.00254136	-0.00239909	2
107.26	42.8315	0.00260862	-0.00246974	2
108.123	43.2187	0.00267579	-0.0025407	2
108.991	43.5992	0.00274283	-0.00261194	2
109.863	43.9733	0.00280968	-0.00268342	2
110.739	44.3412	0.00287632	-0.00275511	2
111.618	44.7031	0.00294268	-0.00282698	2
112.501	45.059	0.00300874	-0.00289899	2
113.386	45.4093	0.00307444	-0.0029711	2
114.275	45.754	0.00313974	-0.00304329	2
115.165	46.0933	0.00320459	-0.00311551	2
116.058	46.4275	0.00326896	-0.00318774	2
116.953	46.7567	0.00333279	-0.00325994	2
117.849	47.081	0.00339605	-0.00333207	2
118.746	47.4007	0.00345869	-0.00340411	2
119.634	47.7124	0.00351995	-0.00347519	2
120.533	48.0234	0.00358122	-0.00354693	2
121.432	48.3302	0.00364174	-0.00361847	2
122.331	48.6332	0.00370145	-0.00368978	2
123.23	48.9323	0.00376033	-0.00376082	2
124.128	49.2279	0.00381832	-0.00383156	2
125.026	49.52	0.00387539	-0.00390196	2
125.922	49.809	0.00393147	-0.00397199	2
126.817	50.0948	0.00398654	-0.00404162	2
127.71	50.3778	0.00404055	-0.00411081	2
128.6	50.6581	0.00409344	-0.00417952	2
129.489	50.9358	0.00414519	-0.00424773	2
130.375	51.2112	0.00419574	-0.0043154	2
131.257	51.4844	0.00424505	-0.00438249	2
132.137	51.7556	0.00429308	-0.00444898	2
133.013	52.025	0.00433978	-0.00451482	2
133.885	52.2928	0.0043851	-0.00457999	2
134.753	52.5591	0.00442901	-0.00464444	2
135.616	52.8241	0.00447146	-0.00470815	2
136.475	53.0879	0.0045124	-0.00477108	2
137.329	53.3509	0.00455179	-0.0048332	2
138.177	53.613	0.00458959	-0.00489446	2
139.019	53.8746	0.00462575	-0.00495485	2
139.846	54.1328	0.00465984	-0.00501365	2
140.677	54.3938	0.00469261	-0.00507218	2
141.501	54.6546	0.00472361	-0.00512973	2
142.318	54.9157	0.0047528	-0.00518626	2

124.995	2.01186	-6.03952e-07	5.0989e-08	2
124.548	3.0282	-5.1797e-05	4.46755e-06	2
124.126	4.04835	-0.000102094	8.99407e-06	2
123.734	5.06045	-0.000150907	1.35723e-05	2
123.376	6.05301	-0.000197717	1.81418e-05	2
123.043	7.04911	-0.000243629	2.28015e-05	2
122.739	8.03717	-0.000288106	2.74913e-05	2
122.464	9.0172	-0.000331164	3.22041e-05	2
122.218	9.98919	-0.000372821	3.69326e-05	2
121.999	10.9532	-0.000413092	4.16696e-05	2
121.808	11.9091	-0.000451994	4.64079e-05	2
121.644	12.857	-0.000489543	5.11402e-05	2
121.508	13.7969	-0.000525756	5.58593e-05	2
121.398	14.7288	-0.000560649	6.0558e-05	2
121.314	15.6527	-0.000594238	6.52291e-05	2
121.256	16.5685	-0.00062654	6.98654e-05	2
121.224	17.4764	-0.000657572	7.44595e-05	2
121.217	18.3762	-0.000687349	7.90044e-05	2
121.235	19.2681	-0.000715888	8.34928e-05	2
121.278	20.152	-0.000743205	8.79174e-05	2
121.345	21.0278	-0.000769317	9.2271e-05	2
121.435	21.8957	-0.000794241	9.65465e-05	2
121.549	22.7556	-0.000817992	0.000100737	2
121.686	23.6076	-0.000840587	0.000104834	2
121.846	24.4515	-0.000862042	0.000108832	2
122.028	25.2875	-0.000882374	0.000112722	2
122.23	26.1061	-0.000901385	0.000116455	2
122.456	26.9262	-0.000919532	0.000120112	2
122.703	27.7384	-0.000936605	0.000123639	2
122.972	28.5426	-0.00095262	0.00012703	2
123.261	29.3389	-0.000967594	0.000130279	2
123.57	30.1272	-0.000981542	0.000133377	2
123.899	30.9076	-0.000994482	0.000136317	2
124.248	31.68	-0.00100643	0.000139093	2
124.616	32.4445	-0.0010174	0.000141697	2
125.003	33.201	-0.00102741	0.000144121	2
125.408	33.9497	-0.00103648	0.000146359	2
125.832	34.6904	-0.00104463	0.000148404	2
126.274	35.4231	-0.00105186	0.000150247	2
126.733	36.148	-0.0010582	0.000151883	2
127.209	36.8649	-0.00106366	0.000153303	2
127.702	37.5739	-0.00106826	0.0001545	2
128.212	38.275	-0.00107201	0.000155468	2
128.738	38.9682	-0.00107494	0.000156198	2
129.279	39.6535	-0.00107705	0.000156685	2
129.836	40.3309	-0.00107837	0.00015692	2
130.408	41.0004	-0.00107891	0.000156896	2
130.994	41.662	-0.00107869	0.000156606	2
131.595	42.3157	-0.00107772	0.000156043	2
132.203	42.9542	-0.00107605	0.000155211	2
132.832	43.5922	-0.00107364	0.000154084	2
133.473	44.2224	-0.00107054	0.000152662	2
134.128	44.8446	-0.00106676	0.000150938	2
134.795	45.4591	-0.00106231	0.000148905	2
135.475	46.0656	-0.00105721	0.000146555	2
136.166	46.6643	-0.00105149	0.000143882	2
136.869	47.2551	-0.00104514	0.000140878	2
137.583	47.8381	-0.0010382	0.000137536	2
138.308	48.4132	-0.00103068	0.000133848	2
139.044	48.9804	-0.00102258	0.000129808	2
139.789	49.5398	-0.00101394	0.000125409	2
140.545	50.0914	-0.00100477	0.000120642	2
141.309	50.6351	-0.000995079	0.000115502	2
142.083	51.171	-0.000984887	0.000109979	2
142.866	51.6991	-0.000974211	0.000104069	2
143.657	52.2193	-0.000963068	9.77621e-05	2
144.456	52.7317	-0.000951472	9.10524e-05	2
145.263	53.2363	-0.000939442	8.39325e-05	2
146.077	53.7331	-0.000926993	7.6395e-05	2
146.898	54.222	-0.000914141	6.84328e-05	2
147.726	54.7032	-0.000900904	6.00387e-05	2
148.56	55.1765	-0.000887297	5.12054e-05	2
149.399	55.6421	-0.000873337	4.19256e-05	2
150.235	56.0946	-0.000859207	3.23068e-05	2
151.086	56.5446	-0.000844593	2.21179e-05	2
151.941	56.9869	-0.000829676	1.1461e-05	2
152.801	57.4213	-0.000814471	3.28972e-07	2
153.665	57.848	-0.000798994	-1.12855e-05	2
154.533	58.2668	-0.000783263	-2.33897e-05	2
155.405	58.6779	-0.000767293	-3.59907e-05	2
156.279	59.0813	-0.000751101	-4.90959e-05	2
157.157	59.4768	-0.000734703	-6.27124e-05	2
158.037	59.8646	-0.000718115	-7.68474e-05	2
158.918	60.2446	-0.000701355	-9.15082e-05	2
159.802	60.6169	-0.000684438	-0.000106702	2
160.687	60.9814	-0.000667381	-0.000122436	2
161.573	61.3382	-0.000650201	-0.000138718	2
162.459	61.6872	-0.000632912	-0.000155554	2
163.346	62.0284	-0.000615533	-0.000172952	2
164.233	62.362	-0.000598079	-0.000190919	2
165.12	62.6877	-0.000580567	-0.000209462	2
166.005	63.0058	-0.000563014	-0.000228589	2
166.89	63.3161	-0.000545434	-0.000248307	2
167.773	63.6187	-0.000527846	-0.000268623	2
168.654	63.9135	-0.000510265	-0.000289544	2
169.534	64.2007	-0.000492708	-0.000311078	2
170.4	64.4769	-0.000475392	-0.000332973	2
171.274	64.7487	-0.000457931	-0.000355746	2
172.145	65.0128	-0.000440543	-0.000379152	2
173.012	65.2692	-0.000423243	-0.000403201	2

