-125.002	2.01147	-5.03772e-07	2.05425e-07	2
-125.185	2.98881	-4.32378e-05	1.73048e-05	2
-125.394	3.96021	-8.52984e-05	3.34713e-05	2
-125.627	4.9145	-0.000126208	4.85139e-05	2
-125.881	5.84131	-0.000165542	6.22926e-05	2
-126.16	6.76247	-0.00020424	7.5142e-05	2
-126.462	7.66743	-0.000241865	8.69096e-05	2
-126.786	8.55647	-0.000278443	9.76097e-05	2
-127.132	9.42989	-0.000314	0.000107256	2
-127.499	10.288	-0.000348563	0.000115864	2
-127.886	11.1311	-0.000382156	0.000123446	2
-128.294	11.9595	-0.000414807	0.000130017	2
-128.721	12.7735	-0.000446542	0.000135591	2
-129.168	13.5733	-0.000477386	0.000140183	2
-129.633	14.3593	-0.000507366	0.000143807	2
-130.117	15.1319	-0.000536507	0.000146475	2
-130.619	15.8912	-0.000564836	0.000148204	2
-131.138	16.6375	-0.000592379	0.000149007	2
-131.674	17.3713	-0.000619163	0.000148898	2
-132.226	18.0927	-0.000645212	0.000147891	2
-132.794	18.8021	-0.000670554	0.000146	2
-133.378	19.4998	-0.000695213	0.00014324	2
-133.976	20.1861	-0.000719218	0.000139625	2
-134.59	20.8613	-0.000742592	0.000135169	2
-135.217	21.5256	-0.000765363	0.000129886	2
-135.858	22.1794	-0.000787557	0.00012379	2
-136.505	22.8156	-0.000808954	0.000116979	2
-137.171	23.4494	-0.000830078	0.000109309	2
-137.85	24.0736	-0.000850702	0.000100868	2
-138.541	24.6884	-0.000870852	9.16716e-05	2
-139.242	25.2941	-0.000890556	8.17325e-05	2
-139.955	25.8912	-0.000909838	7.10654e-05	2
-140.678	26.4798	-0.000928726	5.96845e-05	2
-141.411	27.0603	-0.000947244	4.76038e-05	2
-142.153	27.6329	-0.00096542	3.48376e-05	2
-142.904	28.1981	-0.000983279	2.14e-05	2
-143.663	28.7559	-0.00100085	7.3052e-06	2
-144.431	29.3069	-0.00101815	-7.43269e-06	2
-145.206	29.8512	-0.00103522	-2.27995e-05	2
-145.988	30.3892	-0.00105207	-3.87811e-05	2
-146.776	30.9211	-0.00106874	-5.53633e-05	2
-147.571	31.4473	-0.00108524	-7.25319e-05	2
-148.371	31.9681	-0.00110162	-9.02728e-05	2
-149.177	32.4837	-0.00111788	-0.000108572	2
-149.987	32.9945	-0.00113406	-0.000127415	2
-150.801	33.5008	-0.00115019	-0.000146788	2
-151.619	34.0028	-0.00116629	-0.000166676	2
-152.441	34.5009	-0.00118238	-0.000187067	2
-153.265	34.9953	-0.0011985	-0.000207944	2
-154.081	35.4808	-0.00121447	-0.000229047	2
-154.91	35.9688	-0.00123071	-0.000250851	2
-155.739	36.4542	-0.00124705	-0.000273101	2
-156.57	36.9371	-0.00126352	-0.000295781	2
-157.401	37.4178	-0.00128013	-0.000318878	2
-158.232	37.8967	-0.00129693	-0.000342378	2
-159.062	38.374	-0.00131393	-0.000366266	2
-159.892	38.8501	-0.00133117	-0.000390529	2
-160.72	39.3253	-0.00134865	-0.000415151	2
-161.546	39.7998	-0.00136643	-0.00044012	2
-162.37	40.2739	-0.00138451	-0.00046542	2
-163.191	40.748	-0.00140293	-0.000491038	2
-164.009	41.2223	-0.0014217	-0.00051696	2
-164.823	41.6972	-0.00144087	-0.000543171	2
-165.632	42.173	-0.00146045	-0.000569657	2
-166.437	42.6498	-0.00148047	-0.000596404	2
-167.237	43.1282	-0.00150095	-0.000623398	2
-168.031	43.6082	-0.00152193	-0.000650624	2
-168.819	44.0903	-0.00154342	-0.00067807	2
-169.6	44.5748	-0.00156546	-0.000705719	2
-170.374	45.0619	-0.00158807	-0.000733559	2
-171.141	45.5519	-0.00161127	-0.000761575	2
-171.899	46.0452	-0.0016351	-0.000789753	2
-172.65	46.542	-0.00165958	-0.000818079	2
-173.382	47.0369	-0.00168443	-0.00084621	2
-174.114	47.5417	-0.00171028	-0.000874788	2
-174.836	48.0508	-0.00173684	-0.000903471	2
-175.548	48.5648	-0.00176416	-0.000932245	2
-176.249	49.0837	-0.00179226	-0.000961096	2
-176.938	49.608	-0.00182117	-0.000990011	2
-177.616	50.1379	-0.0018509	-0.00101897	2
-178.281	50.6738	-0.00188149	-0.00104797	2
-178.934	51.2159	-0.00191297	-0.00107699	2
-179.574	51.7645	-0.00194535	-0.00110602	2
-180.199	52.3199	-0.00197867	-0.00113503	2
-180.811	52.8825	-0.00201295	-0.00116403	2
-181.408	53.4525	-0.00204822	-0.00119299	2
-181.99	54.0303	-0.0020845	-0.0012219	2
-182.557	54.616	-0.00212182	-0.00125074	2
-183.108	55.2101	-0.0021602	-0.00127951	2
-183.642	55.8129	-0.00219968	-0.00130818	2
-184.159	56.4245	-0.00224028	-0.00133675	2
-184.658	57.0454	-0.00228202	-0.00136519	2
-185.14	57.6758	-0.00232492	-0.0013935	2
-185.604	58.316	-0.00236903	-0.00142166	2
-186.048	58.9664	-0.00241436	-0.00144966	2
-186.474	59.6271	-0.00246093	-0.00147748	2
-186.875	60.2909	-0.00250822	-0.00150479	2
-187.26	60.9733	-0.00255736	-0.00153222	2
-187.625	61.667	-0.00260782	-0.00155942	2
-187.969	62.3723	-0.00265963	-0.00158639	2

-75.0011	2.01087	-4.58428e-07	-2.09082e-07	2
-75.0966	2.94442	-3.77235e-05	-1.72983e-05	2
-75.2026	3.88581	-7.11197e-05	-3.28121e-05	2
-75.3176	4.82423	-0.000100252	-4.65716e-05	2
-75.4402	5.74897	-0.000124921	-5.84785e-05	2
-75.573	6.68158	-0.000145764	-6.88395e-05	2
-75.7144	7.61133	-0.000162534	-7.75364e-05	2
-75.8643	8.53827	-0.000175293	-8.45996e-05	2
-76.0225	9.46243	-0.000184106	-9.00592e-05	2
-76.1889	10.3839	-0.000189037	-9.39453e-05	2
-76.3632	11.3026	-0.000190148	-9.62883e-05	2
-76.5454	12.2187	-0.000187505	-9.71183e-05	2
-76.7353	13.1321	-0.000181169	-9.64654e-05	2
-76.9326	14.043	-0.000171206	-9.436e-05	2
-77.1373	14.9514	-0.000157678	-9.08321e-05	2
-77.3492	15.8572	-0.000140649	-8.5912e-05	2
-77.568	16.7606	-0.000120184	-7.96299e-05	2
-77.7938	17.6616	-9.63447e-05	-7.2016e-05	2
-78.0261	18.5603	-6.91958e-05	-6.31004e-05	2
-78.2651	19.4566	-3.88008e-05	-5.29135e-05	2
-78.5103	20.3506	-5.22332e-06	-4.14853e-05	2
-78.7618	21.2424	3.1473e-05	-2.88461e-05	2
-79.0193	22.1319	7.12245e-05	-1.5026e-05	2
-79.2826	23.0193	0.000113968	-5.53492e-08	2
-79.5516	23.9046	0.000159639	1.60358e-05	2
-79.8262	24.7878	0.000208174	3.32171e-05	2
-80.1029	25.6588	0.000258904	5.12429e-05	2
-80.388	26.538	0.000312946	7.05024e-05	2
-80.6781	27.4152	0.000369661	9.07619e-05	2
-80.9731	28.2905	0.000428987	0.000111991	2
-81.2728	29.1639	0.00049086	0.00013416	2
-81.5771	30.0355	0.000555216	0.000157238	2
-81.8857	30.9052	0.000621992	0.000181196	2
-82.1986	31.7732	0.000691123	0.000206002	2
-82.5155	32.6395	0.000762546	0.000231628	2
-82.8364	33.5041	0.000836198	0.000258042	2
-83.1609	34.3671	0.000912015	0.000285214	2
-83.4891	35.2285	0.000989933	0.000313114	2
-83.8206	36.0883	0.00106989	0.000341713	2
-84.1554	36.9466	0.00115182	0.000370979	2
-84.4932	37.8034	0.00123566	0.000400883	2
-84.834	38.6588	0.00132134	0.000431394	2
-85.1775	39.5128	0.00140881	0.000462483	2
-85.5236	40.3655	0.001498	0.000494118	2
-85.8721	41.2168	0.00158885	0.000526271	2
-86.2229	42.0669	0.00168128	0.00055891	2
-86.5757	42.9158	0.00177525	0.000592005	2
-86.9305	43.7634	0.00187068	0.000625527	2
-87.287	44.6099	0.00196751	0.000659444	2
-87.6411	45.4456	0.00206454	0.000693332	2
-88.0006	46.29	0.00216397	0.000727947	2
-88.3615	47.1333	0.0022646	0.000762868	2
-88.7234	47.9757	0.00236639	0.000798065	2
-89.0863	48.817	0.00246926	0.000833507	2
-89.45	49.6575	0.00257315	0.000869164	2
-89.8143	50.4972	0.00267799	0.000905007	2
-90.179	51.336	0.00278373	0.000941004	2
-90.5441	52.174	0.0028903	0.000977125	2
-90.9092	53.0113	0.00299763	0.00101334	2
-91.2743	53.8479	0.00310566	0.00104962	2
-91.6393	54.6838	0.00321433	0.00108594	2
-92.0038	55.5191	0.00332358	0.00112225	2
-92.3678	56.3538	0.00343334	0.00115855	2
-92.7312	57.188	0.00354354	0.00119478	2
-93.0936	58.0217	0.00365413	0.00123093	2
-93.4551	58.855	0.00376504	0.00126696	2
-93.8154	59.6878	0.0038762	0.00130284	2
-94.1743	60.5202	0.00398756	0.00133855	2
-94.5317	61.3523	0.00409904	0.00137405	2
-94.8874	62.1842	0.00421059	0.00140931	2
-95.2413	63.0157	0.00432214	0.0014443	2
-95.5931	63.8471	0.00443363	0.001479	2
-95.9428	64.6783	0.004545	0.00151337	2
-96.2862	65.4998	0.00465489	0.00154699	2
-96.6311	66.3308	0.00476582	0.00158061	2
-96.9734	67.1617	0.00487643	0.00161381	2
-97.3128	67.9926	0.00498666	0.00164657	2
-97.6492	68.8236	0.00509644	0.00167885	2
-97.9825	69.6546	0.00520572	0.00171062	2
-98.3125	70.4857	0.00531443	0.00174185	2
-98.639	71.317	0.0054225	0.0017725	2
-98.9618	72.1485	0.00552988	0.00180256	2
-99.2808	72.9802	0.00563649	0.00183199	2
-99.5959	73.8122	0.00574228	0.00186076	2
-99.9068	74.6445	0.00584718	0.00188884	2
-100.213	75.4772	0.00595113	0.0019162	2
-100.516	76.3103	0.00605406	0.00194281	2
-100.813	77.1438	0.00615592	0.00196863	2
-101.106	77.9778	0.00625663	0.00199365	2
-101.394	78.8123	0.00635613	0.00201782	2
-101.676	79.6474	0.00645436	0.00204112	2
-101.954	80.4831	0.00655126	0.00206352	2
-102.226	81.3194	0.00664676	0.00208499	2
-102.492	82.1564	0.00674079	0.0021055	2
-102.753	82.9941	0.00683331	0.00212501	2
-103.007	83.8326	0.00692423	0.0021435	2
-103.253	84.6623	0.00701248	0.00216075	2
-103.495	85.5024	0.00710006	0.00217712	2
-103.731	86.3435	0.00718585	0.00219237	2
-103.96	87.1854	0.00726981	0.00220648	2

-24.9994	2.01256	1.61513e-07	2.35778e-08	2
-24.9341	3.08517	1.51304e-05	9.28453e-07	2
-24.8483	4.15549	3.24167e-05	-3.94268e-07	2
-24.743	5.2111	5.1819e-05	-3.93714e-06	2
-24.6198	6.24028	7.30387e-05	-9.59093e-06	2
-24.4762	7.2671	9.65298e-05	-1.74564e-05	2
-24.3138	8.27964	0.000122017	-2.74493e-05	2
-24.1328	9.27807	0.000149461	-3.95386e-05	2
-23.9335	10.2625	0.000178821	-5.36933e-05	2
-23.7161	11.2331	0.000210058	-6.98824e-05	2
-23.4809	12.1901	0.000243131	-8.80748e-05	2
-23.2282	13.1335	0.000278	-0.000108239	2
-22.9582	14.0635	0.000314625	-0.000130345	2
-22.6712	14.9802	0.000352967	-0.000154362	2
-22.3674	15.8839	0.000392985	-0.000180257	2
-22.0471	16.7746	0.000434639	-0.000208001	2
-21.7106	17.6525	0.00047789	-0.000237562	2
-21.3581	18.5177	0.000522697	-0.000268909	2
-20.9898	19.3704	0.00056902	-0.000302011	2
-20.606	20.2107	0.000616819	-0.000336837	2
-20.2071	21.0388	0.000666055	-0.000373357	2
-19.7931	21.8549	0.000716686	-0.000411538	2
-19.3645	22.659	0.000768674	-0.000451351	2
-18.9214	23.4512	0.000821978	-0.000492763	2
-18.4642	24.2319	0.000876558	-0.000535745	2
-17.993	25.001	0.000932374	-0.000580264	2
-17.5137	25.7502	0.000988725	-0.000625753	2
-17.0156	26.4969	0.00104688	-0.000673239	2
-16.5043	27.2326	0.00110615	-0.00072217	2
-15.9802	27.9573	0.0011665	-0.000772515	2
-15.4433	28.6713	0.00122789	-0.000824243	2
-14.8941	29.3746	0.00129027	-0.000877324	2
-14.3328	30.0674	0.00135361	-0.000931725	2
-13.7596	30.75	0.00141786	-0.000987417	2
-13.1748	31.4223	0.00148299	-0.00104437	2
-12.5787	32.0846	0.00154896	-0.00110255	2
-11.9714	32.7369	0.00161572	-0.00116192	2
-11.3534	33.3796	0.00168324	-0.00122247	2
-10.7247	34.0126	0.00175148	-0.00128414	2
-10.0858	34.6362	0.00182039	-0.00134692	2
-9.43672	35.2504	0.00188994	-0.00141078	2
-8.7779	35.8555	0.00196009	-0.00147567	2
-8.10953	36.4515	0.00203079	-0.00154158	2
-7.43187	37.0387	0.00210201	-0.00160847	2
-6.74519	37.6171	0.0021737	-0.0016763	2
-6.04974	38.187	0.00224583	-0.00174506	2
-5.34577	38.7484	0.00231836	-0.0018147	2
-4.63356	39.3015	0.00239125	-0.00188519	2
-3.91335	39.8464	0.00246445	-0.00195651	2
-3.19382	40.3773	0.00253708	-0.00202779	2
-2.45848	40.9064	0.00261079	-0.00210066	2
-1.71592	41.4279	0.00268469	-0.00217426	2
-0.966392	41.9418	0.00275876	-0.00224857	2
-0.21016	42.4483	0.00283294	-0.00232354	2
0.552521	42.9475	0.00290719	-0.00239915	2
1.32139	43.4395	0.00298149	-0.00247537	2
2.0962	43.9246	0.00305578	-0.00255216	2
2.87667	44.4028	0.00313002	-0.0026295	2
3.66257	44.8744	0.00320419	-0.00270736	2
4.45362	45.3394	0.00327823	-0.0027857	2
5.24957	45.7979	0.0033521	-0.00286449	2
6.05016	46.2503	0.00342578	-0.00294371	2
6.85514	46.6965	0.00349921	-0.00302332	2
7.66424	47.1367	0.00357235	-0.00310328	2
8.47721	47.5711	0.00364518	-0.00318358	2
9.29379	47.9999	0.00371763	-0.00326417	2
10.1137	48.4231	0.00378969	-0.00334503	2
10.9367	48.8409	0.0038613	-0.00342612	2
11.7626	49.2535	0.00393243	-0.00350742	2
12.591	49.661	0.00400304	-0.00358889	2
13.4218	50.0635	0.00407308	-0.00367051	2
14.2546	50.4613	0.00414251	-0.00375223	2
15.0892	50.8543	0.00421131	-0.00383404	2
15.9158	51.2385	0.00427864	-0.00391496	2
16.7532	51.6227	0.00434604	-0.00399683	2
17.5916	52.0028	0.00441267	-0.0040787	2
18.4309	52.3787	0.0044785	-0.00416052	2
19.2706	52.7507	0.00454348	-0.00424226	2
20.1106	53.119	0.00460759	-0.0043239	2
20.9506	53.4836	0.00467077	-0.00440541	2
21.7904	53.8447	0.00473298	-0.00448674	2
22.6296	54.2025	0.0047942	-0.00456788	2
23.4681	54.557	0.00485437	-0.00464879	2
24.3055	54.9085	0.00491345	-0.00472944	2
25.1416	55.2571	0.00497142	-0.0048098	2
25.9762	55.603	0.00502822	-0.00488983	2
26.8089	55.9462	0.00508381	-0.00496951	2
27.6396	56.2869	0.00513817	-0.00504881	2
28.468	56.6253	0.00519124	-0.00512769	2
29.2938	56.9615	0.00524298	-0.00520613	2
30.1168	57.2957	0.00529337	-0.00528408	2
30.9366	57.628	0.00534235	-0.00536153	2
31.7531	57.9586	0.00538988	-0.00543844	2
32.566	58.2875	0.00543593	-0.00551478	2
33.375	58.615	0.00548046	-0.00559052	2
34.1799	58.9412	0.00552343	-0.00566562	2
34.9712	59.2625	0.00556433	-0.00573921	2
35.7671	59.5866	0.00560407	-0.00581297	2
36.558	59.9097	0.00564212	-0.005886	2
37.3439	60.2321	0.00567845	-0.00595827	2

24.9952	2.01186	-5.45445e-07	-4.39826e-08	2
24.5946	3.02776	-4.6853e-05	-3.54827e-06	2
24.2185	4.04718	-9.24979e-05	-6.54437e-06	2
23.8712	5.05827	-0.000136946	-9.00449e-06	2
23.5559	6.04957	-0.000179718	-1.09254e-05	2
23.265	7.04416	-0.000221821	-1.23678e-05	2
23.0019	8.03046	-0.00026276	-1.33227e-05	2
22.7664	9.0085	-0.000302548	-1.38061e-05	2
22.558	9.97828	-0.000341195	-1.38343e-05	2
22.3764	10.9398	-0.000378714	-1.34235e-05	2
22.2214	11.8932	-0.000415115	-1.25899e-05	2
22.0925	12.8383	-0.00045041	-1.13496e-05	2
21.9894	13.7752	-0.000484609	-9.71884e-06	2
21.9118	14.704	-0.000517726	-7.71384e-06	2
21.8594	15.6245	-0.000549769	-5.35077e-06	2
21.8317	16.537	-0.000580752	-2.64582e-06	2
21.8286	17.4413	-0.000610685	3.84822e-07	2
21.8495	18.3375	-0.00063958	3.72496e-06	2
21.8943	19.2255	-0.000667447	7.35842e-06	2
21.9625	20.1055	-0.000694299	1.1269e-05	2
22.0538	20.9774	-0.000720146	1.54405e-05	2
22.168	21.8413	-0.000745001	1.98567e-05	2
22.3045	22.6971	-0.000768873	2.45015e-05	2
22.4632	23.5449	-0.000791775	2.93587e-05	2
22.6436	24.3846	-0.000813718	3.4412e-05	2
22.8455	25.2164	-0.000834713	3.96453e-05	2
23.0658	26.0307	-0.000854546	4.49794e-05	2
23.3092	26.8466	-0.00087369	5.05225e-05	2
23.5731	27.6545	-0.000891919	5.61972e-05	2
23.8571	28.4545	-0.000909246	6.19872e-05	2
24.1608	29.2466	-0.000925682	6.78765e-05	2
24.484	30.0307	-0.000941238	7.38488e-05	2
24.8262	30.8069	-0.000955924	7.98879e-05	2
25.1871	31.5753	-0.000969754	8.59777e-05	2
25.5664	32.3358	-0.000982737	9.21019e-05	2
25.9638	33.0884	-0.000994885	9.82444e-05	2
26.3789	33.8332	-0.00100621	0.000104389	2
26.8114	34.5701	-0.00101672	0.000110519	2
27.2609	35.2993	-0.00102644	0.000116619	2
27.7271	36.0206	-0.00103536	0.000122673	2
28.2097	36.7342	-0.0010435	0.000128664	2
28.7083	37.44	-0.00105088	0.000134576	2
29.2226	38.138	-0.0010575	0.000140393	2
29.7523	38.8283	-0.00106338	0.000146099	2
30.297	39.5109	-0.00106852	0.000151677	2
30.8563	40.1857	-0.00107295	0.000157111	2
31.43	40.8529	-0.00107666	0.000162386	2
32.0177	41.5124	-0.00107967	0.000167485	2
32.6191	42.1642	-0.001082	0.000172391	2
33.2266	42.801	-0.00108363	0.000177037	2
33.8541	43.4376	-0.00108462	0.000181513	2
34.4943	44.0667	-0.00108496	0.000185749	2
35.1468	44.688	-0.00108466	0.000189727	2
35.8113	45.3018	-0.00108372	0.000193433	2
36.4874	45.9081	-0.00108217	0.00019685	2
37.1748	46.5067	-0.00108	0.000199961	2
37.8732	47.0978	-0.00107724	0.000202751	2
38.5822	47.6814	-0.00107389	0.000205203	2
39.3015	48.2575	-0.00106997	0.000207301	2
40.0308	48.826	-0.00106549	0.000209029	2
40.7696	49.3871	-0.00106045	0.00021037	2
41.5178	49.9407	-0.00105487	0.00021131	2
42.2749	50.4868	-0.00104876	0.00021183	2
43.0405	51.0255	-0.00104214	0.000211915	2
43.8145	51.5567	-0.001035	0.00021155	2
44.5963	52.0805	-0.00102738	0.000210717	2
45.3858	52.597	-0.00101927	0.000209401	2
46.1825	53.106	-0.00101068	0.000207585	2
46.9861	53.6077	-0.00100164	0.000205253	2
47.7963	54.102	-0.000992139	0.000202389	2
48.6127	54.5889	-0.000982204	0.000198977	2
49.435	55.0686	-0.000971842	0.000195001	2
50.2629	55.5409	-0.000961063	0.000190444	2
51.0864	56.0006	-0.00095001	0.000185353	2
51.9243	56.4584	-0.000938438	0.000179593	2
52.7668	56.9089	-0.000926483	0.000173204	2
53.6135	57.3522	-0.000914156	0.000166171	2
54.4641	57.7883	-0.000901471	0.000158475	2
55.3182	58.2171	-0.000888436	0.000150103	2
56.1755	58.6387	-0.000875065	0.000141036	2
57.0356	59.0531	-0.000861368	0.00013126	2
57.8983	59.4603	-0.000847356	0.000120757	2
58.7632	59.8604	-0.000833042	0.000109512	2
59.6299	60.2533	-0.000818435	9.7509e-05	2
60.4982	60.639	-0.000803548	8.47309e-05	2
61.3676	61.0177	-0.000788391	7.1162e-05	2
62.2378	61.3892	-0.000772977	5.67859e-05	2
63.1085	61.7536	-0.000757316	4.15866e-05	2
63.9794	62.111	-0.00074142	2.55478e-05	2
64.8501	62.4613	-0.0007253	8.65341e-06	2
65.7203	62.8045	-0.000708968	-9.11285e-06	2
66.5896	63.1407	-0.000692434	-2.77671e-05	2
67.4578	63.4699	-0.00067571	-4.73257e-05	2
68.3244	63.7921	-0.000658808	-6.78046e-05	2
69.1892	64.1072	-0.000641738	-8.92201e-05	2
70.0517	64.4154	-0.000624512	-0.000111588	2
70.9018	64.7132	-0.000607342	-0.000134652	2
71.759	65.0076	-0.000589839	-0.000158963	2
72.6129	65.295	-0.000572214	-0.000184275	2
73.4633	65.5755	-0.000554479	-0.000210605	2

74.9967	2.01063	2.55193e-07	-3.48915e-07	2
74.7135	2.92797	2.08554e-05	-2.96943e-05	2
74.4288	3.86236	3.90217e-05	-5.80643e-05	2
74.146	4.80289	5.45517e-05	-8.51302e-05	2
73.8687	5.73836	6.7364e-05	-0.000110623	2
73.5906	6.69026	7.78088e-05	-0.000135157	2
73.3152	7.64744	8.57753e-05	-0.000158448	2
73.0427	8.60964	9.13162e-05	-0.000180516	2
72.7733	9.57656	9.44844e-05	-0.000201382	2
72.5074	10.5479	9.53327e-05	-0.000221066	2
72.2451	11.5235	9.39139e-05	-0.000239589	2
71.9866	12.5029	9.0281e-05	-0.000256971	2
71.7322	13.4859	8.44866e-05	-0.000273232	2
71.4822	14.4722	7.65836e-05	-0.000288394	2
71.2367	15.4615	6.66249e-05	-0.000302475	2
70.996	16.4536	5.46633e-05	-0.000315498	2
70.7604	17.4481	4.07516e-05	-0.000327482	2
70.53	18.4448	2.49426e-05	-0.000338447	2
70.3052	19.4434	7.28923e-06	-0.000348414	2
70.086	20.4436	-1.21558e-05	-0.000357404	2
69.8729	21.4452	-3.33396e-05	-0.000365436	2
69.666	22.4478	-5.62093e-05	-0.000372532	2
69.4655	23.4511	-8.07122e-05	-0.000378712	2
69.2717	24.4549	-0.000106795	-0.000383995	2
69.0848	25.459	-0.000134406	-0.000388403	2
68.9051	26.4629	-0.000163491	-0.000391956	2
68.7347	27.4549	-0.00019364	-0.000394648	2
68.5698	28.4578	-0.0002255	-0.000396562	2
68.4129	29.4598	-0.000258678	-0.000397681	2
68.264	30.4606	-0.000293119	-0.000398026	2
68.1235	31.4598	-0.000328772	-0.000397619	2
67.9915	32.4573	-0.000365582	-0.000396478	2
67.8683	33.4527	-0.000403498	-0.000394626	2
67.7542	34.4458	-0.000442467	-0.000392081	2
67.6493	35.4362	-0.000482436	-0.000388864	2
67.5539	36.4237	-0.000523351	-0.000384997	2
67.4682	37.408	-0.000565161	-0.000380499	2
67.3926	38.3888	-0.000607812	-0.00037539	2
67.3271	39.3659	-0.000651251	-0.000369692	2
67.2721	40.3389	-0.000695426	-0.000363424	2
67.2277	41.3075	-0.000740284	-0.000356607	2
67.1943	42.2716	-0.000785772	-0.000349261	2
67.172	43.2307	-0.000831837	-0.000341407	2
67.1611	44.1847	-0.000878427	-0.000333065	2
67.1618	45.1332	-0.000925488	-0.000324256	2
67.1743	46.076	-0.000972967	-0.000315	2
67.199	47.0127	-0.00102081	-0.000305317	2
67.2359	47.9431	-0.00106897	-0.000295228	2
67.2854	48.8669	-0.00111739	-0.000284753	2
67.347	49.7733	-0.00116546	-0.00027404	2
67.4222	50.6831	-0.00121424	-0.000262859	2
67.5106	51.5855	-0.00126312	-0.000251353	2
67.6126	52.4802	-0.00131205	-0.000239543	2
67.7282	53.3668	-0.00136098	-0.000227449	2
67.8579	54.2451	-0.00140985	-0.000215091	2
68.0017	55.1149	-0.00145861	-0.000202491	2
68.16	55.9758	-0.00150721	-0.000189668	2
68.333	56.8276	-0.0015556	-0.000176642	2
68.5208	57.6699	-0.00160372	-0.000163435	2
68.7238	58.5025	-0.00165151	-0.000150066	2
68.9422	59.3252	-0.00169894	-0.000136556	2
69.1762	60.1375	-0.00174594	-0.000122926	2
69.426	60.9393	-0.00179246	-0.000109196	2
69.6919	61.7302	-0.00183845	-9.53854e-05	2
69.9741	62.51	-0.00188385	-8.15159e-05	2
70.2729	63.2784	-0.00192862	-6.76075e-05	2
70.5885	64.0351	-0.0019727	-5.36806e-05	2
70.9211	64.7799	-0.00201603	-3.97556e-05	2
71.2709	65.5123	-0.00205857	-2.5853e-05	2
71.6383	66.2323	-0.00210026	-1.19931e-05	2
72.0234	66.9394	-0.00214105	1.80368e-06	2
72.4264	67.6333	-0.00218088	1.55168e-05	2
72.8476	68.3139	-0.00221971	2.9126e-05	2
73.2821	68.9733	-0.00225705	4.24565e-05	2
73.7402	69.6264	-0.00229371	5.57982e-05	2
74.2172	70.2652	-0.00232922	6.89749e-05	2
74.7134	70.8896	-0.0023635	8.19661e-05	2
75.2289	71.4991	-0.00239652	9.47515e-05	2
75.764	72.0936	-0.00242821	0.000107311	2
76.319	72.6727	-0.00245852	0.000119623	2
76.8941	73.2361	-0.00248741	0.000131668	2
77.4894	73.7836	-0.00251481	0.000143426	2
78.1053	74.3148	-0.00254068	0.000154876	2
78.742	74.8296	-0.00256496	0.000165998	2
79.3997	75.3275	-0.0025876	0.000176771	2
80.0787	75.8084	-0.00260855	0.000187174	2
80.7791	76.272	-0.00262775	0.000197188	2
81.5013	76.7179	-0.00264515	0.000206793	2
82.2454	77.1458	-0.0026607	0.000215966	2
83.0117	77.5556	-0.00267435	0.000224689	2
83.8004	77.9469	-0.00268604	0.000232941	2
84.6118	78.3194	-0.00269572	0.0002407	2
85.4461	78.6728	-0.00270333	0.000247948	2
86.3036	79.007	-0.00270884	0.000254664	2
87.1844	79.3214	-0.00271217	0.000260826	2
88.0888	79.616	-0.00271328	0.000266415	2
89.0062	79.8874	-0.00271214	0.000271356	2
89.9582	80.1416	-0.00270867	0.000275745	2
90.9346	80.375	-0.00270283	0.000279499	2
91.9354	80.5873	-0.00269455	0.000282598	2

125.001	2.01068	-2.90274e-08	1.86348e-07	2
125.052	2.92788	-2.62049e-06	1.54133e-05	2
125.068	3.85243	-5.43441e-06	2.92328e-05	2
125.049	4.77364	-8.44325e-06	4.14925e-05	2
124.997	5.68097	-1.16105e-05	5.21116e-05	2
124.911	6.59554	-1.50114e-05	6.13708e-05	2
124.793	7.50675	-1.86117e-05	6.91722e-05	2
124.643	8.41461	-2.24129e-05	7.55496e-05	2
124.463	9.31912	-2.64165e-05	8.05373e-05	2
124.253	10.2203	-3.06239e-05	8.41693e-05	2
124.014	11.1181	-3.50368e-05	8.64796e-05	2
123.747	12.0125	-3.96565e-05	8.75024e-05	2
123.453	12.9035	-4.44846e-05	8.72717e-05	2
123.133	13.7912	-4.95226e-05	8.58216e-05	2
122.787	14.6755	-5.4772e-05	8.31862e-05	2
122.416	15.5565	-6.02342e-05	7.93995e-05	2
122.022	16.434	-6.59108e-05	7.44957e-05	2
121.605	17.3082	-7.18033e-05	6.85088e-05	2
121.166	18.179	-7.79132e-05	6.1473e-05	2
120.706	19.0464	-8.42419e-05	5.34222e-05	2
120.225	19.9104	-9.0791e-05	4.43905e-05	2
119.726	20.771	-9.75619e-05	3.44121e-05	2
119.207	21.6282	-0.000104556	2.3521e-05	2
118.671	22.4821	-0.000111775	1.17513e-05	2
118.118	23.3325	-0.000119221	-8.62909e-07	2
117.549	24.1795	-0.000126894	-1.42876e-05	2
116.972	25.0134	-0.000134705	-2.83211e-05	2
116.374	25.8536	-0.000142836	-4.32561e-05	2
115.762	26.6904	-0.000151199	-5.88997e-05	2
115.138	27.5238	-0.000159796	-7.52178e-05	2
114.502	28.3537	-0.000168629	-9.21764e-05	2
113.855	29.1802	-0.000177698	-0.000109741	2
113.199	30.0033	-0.000187005	-0.000127879	2
112.533	30.823	-0.000196553	-0.000146554	2
111.859	31.6392	-0.000206341	-0.000165734	2
111.178	32.452	-0.000216373	-0.000185383	2
110.49	33.2613	-0.000226649	-0.000205469	2
109.797	34.0672	-0.00023717	-0.000225956	2
109.099	34.8697	-0.000247939	-0.000246811	2
108.396	35.6687	-0.000258957	-0.000268	2
107.691	36.4642	-0.000270225	-0.000289489	2
106.984	37.2563	-0.000281745	-0.000311243	2
106.275	38.0449	-0.000293518	-0.000333229	2
105.566	38.83	-0.000305546	-0.000355412	2
104.857	39.6117	-0.00031783	-0.000377759	2
104.149	40.3899	-0.000330372	-0.000400235	2
103.444	41.1647	-0.000343173	-0.000422806	2
102.741	41.9359	-0.000356235	-0.000445438	2
102.043	42.7037	-0.000369559	-0.000468097	2
101.357	43.4592	-0.00038299	-0.000490489	2
100.668	44.2201	-0.00039684	-0.0005131	2
99.9859	44.9774	-0.000410957	-0.000535637	2
99.311	45.7313	-0.000425343	-0.000558065	2
98.6443	46.4816	-0.000439998	-0.00058035	2
97.9865	47.2285	-0.000454924	-0.000602457	2
97.3386	47.9719	-0.000470123	-0.000624354	2
96.7014	48.7117	-0.000485597	-0.000646006	2
96.0758	49.4481	-0.000501346	-0.000667378	2
95.4625	50.1809	-0.000517372	-0.000688437	2
94.8626	50.9102	-0.000533677	-0.000709148	2
94.2769	51.636	-0.000550263	-0.000729478	2
93.7061	52.3583	-0.00056713	-0.000749392	2
93.1512	53.077	-0.00058428	-0.000768857	2
92.6131	53.7922	-0.000601715	-0.000787837	2
92.0926	54.5039	-0.000619436	-0.0008063	2
91.5905	55.2121	-0.000637445	-0.000824211	2
91.1077	55.9167	-0.000655744	-0.000841536	2
90.6452	56.6178	-0.000674332	-0.000858241	2
90.2036	57.3153	-0.000693214	-0.000874292	2
89.784	58.0093	-0.000712389	-0.000889654	2
89.3872	58.6997	-0.000731859	-0.000904295	2
89.014	59.3866	-0.000751625	-0.000918178	2
88.6652	60.0699	-0.00077169	-0.000931272	2
88.3454	60.7419	-0.000791819	-0.000943404	2
88.048	61.4181	-0.000812482	-0.000954825	2
87.7776	62.0908	-0.000833447	-0.000965352	2
87.5351	62.7599	-0.000854716	-0.000974954	2
87.3214	63.4254	-0.000876291	-0.000983595	2
87.1374	64.0874	-0.000898174	-0.000991241	2
86.9838	64.7457	-0.000920365	-0.000997859	2
86.8617	65.4005	-0.000942866	-0.00100341	2
86.7718	66.0517	-0.000965678	-0.00100787	2
86.7149	66.6993	-0.000988804	-0.0010112	2
86.6921	67.3434	-0.00101224	-0.00101336	2
86.704	67.9838	-0.001036	-0.00101433	2
86.7516	68.6206	-0.00106008	-0.00101406	2
86.8358	69.2539	-0.00108447	-0.00101252	2
86.9574	69.8835	-0.00110918	-0.00100968	2
87.1172	70.5095	-0.00113422	-0.00100551	2
87.3162	71.1319	-0.00115958	-0.000999965	2
87.5551	71.7507	-0.00118527	-0.000993018	2
87.8349	72.3659	-0.00121128	-0.000984634	2
88.1564	72.9774	-0.00123762	-0.000974779	2
88.5205	73.5854	-0.00126429	-0.000963417	2
88.928	74.1897	-0.00129129	-0.000950516	2
89.3798	74.7903	-0.00131862	-0.000936041	2
89.8708	75.3805	-0.00134597	-0.000920152	2
90.4132	75.974	-0.00137397	-0.000902446	2
91.0025	76.5638	-0.0014023	-0.000883064	2
91.6396	77.1499	-0.00143098	-0.000861973	2

