-125.004	2.01238	-2.75653e-07	-2.68096e-07	2
-125.299	3.07051	-2.41708e-05	-2.22895e-05	2
-125.571	4.12862	-4.87142e-05	-4.25125e-05	2
-125.815	5.17445	-7.36155e-05	-6.071e-05	2
-126.029	6.19628	-9.85678e-05	-7.67479e-05	2
-126.219	7.21799	-0.000124137	-9.10398e-05	2
-126.383	8.22771	-0.000150019	-0.000103429	2
-126.521	9.22556	-0.000176201	-0.000113956	2
-126.633	10.2116	-0.000202666	-0.000122663	2
-126.719	11.186	-0.000229401	-0.000129591	2
-126.78	12.1489	-0.000256391	-0.00013478	2
-126.817	13.1003	-0.00028362	-0.000138271	2
-126.829	14.0403	-0.000311074	-0.000140107	2
-126.817	14.9691	-0.000338739	-0.000140327	2
-126.781	15.8867	-0.000366598	-0.000138973	2
-126.722	16.7933	-0.000394639	-0.000136085	2
-126.639	17.689	-0.000422845	-0.000131706	2
-126.534	18.5738	-0.000451202	-0.000125876	2
-126.407	19.4479	-0.000479696	-0.000118636	2
-126.258	20.3113	-0.000508311	-0.000110027	2
-126.087	21.1642	-0.000537033	-0.000100091	2
-125.894	22.0067	-0.000565847	-8.88674e-05	2
-125.68	22.8389	-0.000594738	-7.63986e-05	2
-125.446	23.6609	-0.000623692	-6.27252e-05	2
-125.192	24.4727	-0.000652693	-4.78885e-05	2
-124.917	25.2746	-0.000681726	-3.19293e-05	2
-124.627	26.0575	-0.000710444	-1.50907e-05	2
-124.313	26.8397	-0.000739499	2.97832e-06	2
-123.981	27.6123	-0.000768543	2.20469e-05	2
-123.63	28.3753	-0.000797561	4.20741e-05	2
-123.261	29.1288	-0.000826538	6.30188e-05	2
-122.874	29.8728	-0.000855459	8.48399e-05	2
-122.469	30.6077	-0.000884309	0.000107496	2
-122.047	31.3333	-0.000913075	0.000130947	2
-121.608	32.0498	-0.00094174	0.000155151	2
-121.153	32.7574	-0.00097029	0.000180067	2
-120.681	33.4561	-0.000998711	0.000205654	2
-120.194	34.1461	-0.00102699	0.000231872	2
-119.69	34.8274	-0.00105511	0.000258678	2
-119.172	35.5001	-0.00108305	0.000286032	2
-118.639	36.1644	-0.0011108	0.000313892	2
-118.091	36.8204	-0.00113835	0.000342219	2
-117.529	37.468	-0.00116569	0.00037097	2
-116.953	38.1076	-0.00119279	0.000400104	2
-116.364	38.7391	-0.00121964	0.000429582	2
-115.761	39.3627	-0.00124623	0.00045936	2
-115.146	39.9784	-0.00127254	0.000489399	2
-114.518	40.5865	-0.00129856	0.000519657	2
-113.878	41.1869	-0.00132427	0.000550094	2
-113.234	41.773	-0.00134937	0.000580315	2
-112.571	42.3585	-0.00137443	0.000610984	2
-111.897	42.9368	-0.00139914	0.000641708	2
-111.212	43.5078	-0.00142348	0.000672447	2
-110.516	44.0717	-0.00144744	0.000703159	2
-109.811	44.6286	-0.001471	0.000733803	2
-109.096	45.1787	-0.00149416	0.000764339	2
-108.371	45.7219	-0.00151689	0.000794724	2
-107.637	46.2584	-0.00153918	0.000824919	2
-106.895	46.7884	-0.00156101	0.000854882	2
-106.144	47.3119	-0.00158238	0.000884571	2
-105.385	47.8289	-0.00160326	0.000913946	2
-104.619	48.3398	-0.00162364	0.000942966	2
-103.845	48.8444	-0.00164351	0.00097159	2
-103.064	49.343	-0.00166285	0.000999777	2
-102.276	49.8356	-0.00168165	0.00102748	2
-101.482	50.3223	-0.00169989	0.00105467	2
-100.682	50.8033	-0.00171755	0.0010813	2
-99.8765	51.2787	-0.00173463	0.00110733	2
-99.0656	51.7485	-0.00175111	0.00113271	2
-98.2497	52.2128	-0.00176697	0.00115741	2
-97.4292	52.6718	-0.00178219	0.00118139	2
-96.6044	53.1256	-0.00179677	0.00120459	2
-95.7756	53.5742	-0.00181069	0.001227	2
-94.9529	54.0128	-0.00182379	0.00124831	2
-94.1173	54.4515	-0.00183635	0.00126898	2
-93.2788	54.8854	-0.0018482	0.00128873	2
-92.4377	55.3146	-0.00185933	0.0013075	2
-91.5944	55.7392	-0.00186973	0.00132526	2
-90.7492	56.1592	-0.00187938	0.00134197	2
-89.9024	56.5749	-0.00188826	0.00135759	2
-89.0544	56.9862	-0.00189636	0.00137207	2
-88.2056	57.3934	-0.00190367	0.00138537	2
-87.3562	57.7964	-0.00191017	0.00139746	2
-86.5066	58.1954	-0.00191584	0.00140829	2
-85.6572	58.5906	-0.00192068	0.00141782	2
-84.8083	58.982	-0.00192466	0.00142601	2
-83.9602	59.3697	-0.00192778	0.00143281	2
-83.1133	59.7538	-0.00193001	0.0014382	2
-82.2679	60.1344	-0.00193134	0.00144212	2
-81.4244	60.5117	-0.00193176	0.00144454	2
-80.583	60.8856	-0.00193125	0.00144541	2
-79.7443	61.2565	-0.00192981	0.00144469	2
-78.9084	61.6242	-0.0019274	0.00144235	2
-78.0757	61.989	-0.00192402	0.00143833	2
-77.2466	62.351	-0.00191966	0.00143261	2
-76.4214	62.7102	-0.00191429	0.00142513	2
-75.6099	63.0627	-0.00190799	0.00141598	2
-74.7935	63.4167	-0.00190059	0.0014049	2
-73.982	63.7683	-0.00189214	0.00139195	2
-73.1758	64.1176	-0.00188263	0.00137708	2

-75.0046	2.01188	6.18668e-07	-4.41621e-07	2
-75.3981	3.03363	5.18456e-05	-3.72301e-05	2
-75.7844	4.06788	9.97368e-05	-7.20788e-05	2
-76.1589	5.10257	0.000143747	-0.000104589	2
-76.5174	6.12562	0.000183509	-0.000134469	2
-76.8682	7.16063	0.00022002	-0.000162455	2
-77.2071	8.19553	0.000252869	-0.00018823	2
-77.534	9.23014	0.00028213	-0.000211836	2
-77.8488	10.2643	0.000307876	-0.000233317	2
-78.1516	11.2977	0.000330181	-0.000252714	2
-78.4422	12.3304	0.000349117	-0.00027007	2
-78.7206	13.3619	0.000364759	-0.000285429	2
-78.9868	14.3923	0.00037718	-0.000298832	2
-79.2408	15.4213	0.000386453	-0.000310322	2
-79.4824	16.4487	0.000392651	-0.000319942	2
-79.7117	17.4743	0.000395848	-0.000327734	2
-79.9285	18.498	0.000396117	-0.000333742	2
-80.1329	19.5196	0.000393532	-0.000338007	2
-80.3249	20.5388	0.000388167	-0.000340573	2
-80.5043	21.5555	0.000380093	-0.000341482	2
-80.6711	22.5696	0.000369386	-0.000340776	2
-80.8253	23.5808	0.000356117	-0.000338499	2
-80.9669	24.5889	0.000340362	-0.000334692	2
-81.0957	25.5938	0.000322192	-0.0003294	2
-81.2118	26.5953	0.000301682	-0.000322663	2
-81.3151	27.5931	0.000278905	-0.000314525	2
-81.4046	28.5758	0.000254233	-0.000305146	2
-81.4823	29.566	0.000227166	-0.000294349	2
-81.5471	30.552	0.00019805	-0.000282278	2
-81.5989	31.5337	0.00016696	-0.000268976	2
-81.6377	32.5108	0.00013397	-0.000254486	2
-81.6634	33.4832	9.91513e-05	-0.000238849	2
-81.676	34.4508	6.25787e-05	-0.00022211	2
-81.6755	35.4133	2.43252e-05	-0.00020431	2
-81.6618	36.3705	-1.55358e-05	-0.000185492	2
-81.6349	37.3223	-5.69308e-05	-0.000165699	2
-81.5946	38.2685	-9.97865e-05	-0.000144973	2
-81.5411	39.2089	-0.000144029	-0.000123358	2
-81.4741	40.1432	-0.000189586	-0.000100895	2
-81.3938	41.0714	-0.000236384	-7.76269e-05	2
-81.3	41.9933	-0.000284348	-5.35971e-05	2
-81.1927	42.9086	-0.000333406	-2.88478e-05	2
-81.0718	43.8171	-0.000383485	-3.42178e-06	2
-80.9374	44.7188	-0.00043451	2.26384e-05	2
-80.7893	45.6134	-0.000486409	4.92902e-05	2
-80.6276	46.5007	-0.000539108	7.64908e-05	2
-80.4521	47.3805	-0.000592534	0.000104198	2
-80.2629	48.2527	-0.000646613	0.000132368	2
-80.0598	49.117	-0.000701272	0.00016096	2
-79.8455	49.9636	-0.000755801	0.000189594	2
-79.6148	50.8118	-0.000811395	0.000218896	2
-79.3702	51.6517	-0.000867349	0.000248492	2
-79.1116	52.483	-0.000923591	0.000278338	2
-78.839	53.3056	-0.000980047	0.000308393	2
-78.5524	54.1192	-0.00103664	0.000338613	2
-78.2516	54.9237	-0.00109331	0.000368956	2
-77.9366	55.7189	-0.00114996	0.00039938	2
-77.6074	56.5047	-0.00120654	0.000429841	2
-77.264	57.2808	-0.00126296	0.000460298	2
-76.9063	58.047	-0.00131916	0.000490707	2
-76.5342	58.8032	-0.00137506	0.000521025	2
-76.1477	59.5492	-0.00143058	0.000551211	2
-75.7469	60.2847	-0.00148566	0.000581222	2
-75.3315	61.0097	-0.00154022	0.000611014	2
-74.9017	61.724	-0.00159418	0.000640546	2
-74.4572	62.4272	-0.00164748	0.000669774	2
-73.9982	63.1194	-0.00170003	0.000698656	2
-73.5245	63.8002	-0.00175178	0.00072715	2
-73.0362	64.4695	-0.00180263	0.000755212	2
-72.533	65.1272	-0.00185253	0.0007828	2
-72.0152	65.7729	-0.00190139	0.000809872	2
-71.4824	66.4067	-0.00194914	0.000836385	2
-70.9348	67.0281	-0.00199572	0.000862296	2
-70.3789	67.6303	-0.00204052	0.000887275	2
-69.8016	68.2269	-0.00208453	0.000911863	2
-69.2093	68.8107	-0.00212714	0.000935721	2
-68.602	69.3815	-0.00216827	0.000958807	2
-67.9796	69.9392	-0.00220786	0.000981079	2
-67.342	70.4835	-0.00224582	0.00100249	2
-66.6893	71.0144	-0.0022821	0.00102301	2
-66.0213	71.5315	-0.0023166	0.00104258	2
-65.3381	72.0347	-0.00234927	0.00106117	2
-64.6396	72.5239	-0.00238002	0.00107873	2
-63.9257	72.9988	-0.00240879	0.00109522	2
-63.1964	73.4592	-0.00243549	0.00111059	2
-62.4517	73.905	-0.00246006	0.00112481	2
-61.6915	74.3361	-0.00248243	0.00113784	2
-60.9157	74.7521	-0.00250251	0.00114962	2
-60.1244	75.153	-0.00252024	0.00116011	2
-59.3174	75.5384	-0.00253554	0.00116929	2
-58.4948	75.9084	-0.00254834	0.00117709	2
-57.6565	76.2626	-0.00255856	0.00118348	2
-56.8025	76.6009	-0.00256614	0.00118842	2
-55.9326	76.9231	-0.002571	0.00119186	2
-55.0469	77.2291	-0.00257306	0.00119376	2
-54.1453	77.5186	-0.00257225	0.00119408	2
-53.2385	77.7883	-0.00256857	0.0011928	2
-52.3052	78.0445	-0.00256184	0.00118984	2
-51.3558	78.2837	-0.00255202	0.00118518	2
-50.3905	78.5057	-0.00253905	0.00117877	2

-24.9997	2.01032	3.75706e-07	6.3146e-08	2
-24.9928	2.89823	3.16672e-05	5.02168e-06	2
-25.018	3.79689	6.12924e-05	9.10213e-06	2
-25.0748	4.69591	8.89059e-05	1.22622e-05	2
-25.1613	5.58486	0.000114255	1.45016e-05	2
-25.2786	6.48433	0.000137958	1.58932e-05	2
-25.425	7.3839	0.00015974	1.64265e-05	2
-25.5998	8.28349	0.000179631	1.61223e-05	2
-25.8021	9.18302	0.000197661	1.50015e-05	2
-26.0312	10.0824	0.000213861	1.30848e-05	2
-26.2861	10.9815	0.00022826	1.03931e-05	2
-26.5662	11.8803	0.00024089	6.94715e-06	2
-26.8705	12.7788	0.000251781	2.76775e-06	2
-27.1982	13.6767	0.000260961	-2.1243e-06	2
-27.5486	14.5741	0.000268463	-7.70819e-06	2
-27.9208	15.4708	0.000274316	-1.39631e-05	2
-28.314	16.3667	0.000278551	-2.08683e-05	2
-28.7273	17.2619	0.000281197	-2.84029e-05	2
-29.16	18.1561	0.000282286	-3.65461e-05	2
-29.6113	19.0493	0.000281846	-4.52771e-05	2
-30.0803	19.9415	0.00027991	-5.45752e-05	2
-30.5661	20.8325	0.000276506	-6.44195e-05	2
-31.0681	21.7223	0.000271665	-7.47892e-05	2
-31.5854	22.6107	0.000265418	-8.56636e-05	2
-32.117	23.4977	0.000257794	-9.70217e-05	2
-32.6624	24.3832	0.000248824	-0.000108843	2
-33.214	25.257	0.000238664	-0.000120963	2
-33.784	26.1393	0.000227108	-0.000133643	2
-34.3652	27.0199	0.000214296	-0.000146724	2
-34.9568	27.8986	0.000200259	-0.000160185	2
-35.5579	28.7754	0.000185026	-0.000174005	2
-36.1677	29.6502	0.000168629	-0.000188164	2
-36.7855	30.5229	0.000151098	-0.00020264	2
-37.4104	31.3935	0.000132462	-0.000217413	2
-38.0415	32.2618	0.000112752	-0.000232462	2
-38.6782	33.1278	9.19988e-05	-0.000247766	2
-39.3194	33.9913	7.0232e-05	-0.000263305	2
-39.9645	34.8523	4.7482e-05	-0.000279058	2
-40.6126	35.7108	2.37793e-05	-0.000295003	2
-41.263	36.5666	-8.46103e-07	-0.00031112	2
-41.9146	37.4196	-2.63638e-05	-0.000327388	2
-42.5669	38.2698	-5.27435e-05	-0.000343787	2
-43.2189	39.117	-7.99549e-05	-0.000360296	2
-43.8698	39.9612	-0.000107968	-0.000376893	2
-44.5188	40.8024	-0.000136752	-0.000393558	2
-45.1651	41.6404	-0.000166277	-0.000410271	2
-45.8078	42.4751	-0.000196513	-0.00042701	2
-46.4462	43.3064	-0.000227429	-0.000443754	2
-47.0795	44.1344	-0.000258995	-0.000460483	2
-47.6996	44.9493	-0.000290808	-0.000476985	2
-48.3201	45.7702	-0.000323577	-0.000493622	2
-48.9331	46.5874	-0.000356906	-0.000510182	2
-49.5376	47.4008	-0.000390764	-0.000526644	2
-50.1328	48.2104	-0.000425121	-0.000542987	2
-50.7181	49.016	-0.000459947	-0.00055919	2
-51.2924	49.8176	-0.000495212	-0.000575232	2
-51.855	50.6151	-0.000530885	-0.000591093	2
-52.4051	51.4084	-0.000566936	-0.000606752	2
-52.9419	52.1975	-0.000603335	-0.000622187	2
-53.4645	52.9822	-0.000640051	-0.000637379	2
-53.9721	53.7625	-0.000677054	-0.000652307	2
-54.464	54.5382	-0.000714314	-0.000666949	2
-54.9393	55.3093	-0.000751801	-0.000681285	2
-55.3971	56.0758	-0.000789485	-0.000695293	2
-55.8367	56.8374	-0.000827334	-0.000708954	2
-56.2572	57.5943	-0.000865319	-0.000722247	2
-56.6579	58.3461	-0.00090341	-0.00073515	2
-57.0378	59.093	-0.000941576	-0.000747643	2
-57.3963	59.8347	-0.000979787	-0.000759704	2
-57.7324	60.5712	-0.00101801	-0.000771314	2
-58.0454	61.3025	-0.00105622	-0.000782452	2
-58.3344	62.0284	-0.00109439	-0.000793095	2
-58.5986	62.7488	-0.00113248	-0.000803225	2
-58.8347	63.4555	-0.00117002	-0.000812713	2
-59.0472	64.1649	-0.00120787	-0.000821758	2
-59.2325	64.8685	-0.00124555	-0.000830227	2
-59.3897	65.5664	-0.00128303	-0.000838099	2
-59.5181	66.2584	-0.00132029	-0.000845352	2
-59.6168	66.9445	-0.00135729	-0.000851967	2
-59.685	67.6245	-0.001394	-0.000857923	2
-59.7219	68.2984	-0.00143039	-0.000863198	2
-59.7266	68.9661	-0.00146644	-0.000867771	2
-59.6984	69.6275	-0.00150211	-0.000871623	2
-59.6364	70.2825	-0.00153737	-0.000874732	2
-59.5399	70.9311	-0.00157219	-0.000877077	2
-59.4079	71.5732	-0.00160654	-0.000878638	2
-59.2397	72.2086	-0.00164039	-0.000879394	2
-59.0345	72.8373	-0.00167371	-0.000879323	2
-58.7914	73.4592	-0.00170647	-0.000878406	2
-58.5097	74.0742	-0.00173864	-0.000876621	2
-58.1884	74.6823	-0.00177019	-0.000873948	2
-57.8268	75.2833	-0.00180109	-0.000870366	2
-57.4241	75.8772	-0.0018313	-0.000865853	2
-56.9795	76.4639	-0.00186081	-0.00086039	2
-56.4921	77.0433	-0.00188957	-0.000853955	2
-55.9611	77.6153	-0.00191757	-0.000846527	2
-55.3926	78.1734	-0.00194445	-0.00083819	2
-54.7725	78.7305	-0.00197081	-0.000828727	2
-54.1064	79.28	-0.00199632	-0.00081821	2
-53.3934	79.8217	-0.00202093	-0.000806617	2

24.9991	2.01132	-2.02906e-07	-9.19862e-08	2
24.9093	2.97692	-1.72838e-05	-8.09792e-06	2
24.7912	3.93842	-3.3837e-05	-1.63892e-05	2
24.6462	4.88477	-4.9684e-05	-2.48753e-05	2
24.477	5.80564	-6.46785e-05	-3.34565e-05	2
24.2802	6.72272	-7.91933e-05	-4.23339e-05	2
24.0581	7.6255	-9.30743e-05	-5.14102e-05	2
23.8114	8.51427	-0.000106346	-6.06868e-05	2
23.5406	9.38929	-0.000119033	-7.0165e-05	2
23.2461	10.2509	-0.000131158	-7.98462e-05	2
22.9287	11.0993	-0.000142747	-8.97319e-05	2
22.5887	11.9348	-0.000153824	-9.98233e-05	2
22.2268	12.7577	-0.000164413	-0.000110122	2
21.8435	13.5682	-0.000174538	-0.000120629	2
21.4393	14.3667	-0.000184224	-0.000131346	2
21.0148	15.1535	-0.000193495	-0.000142274	2
20.5706	15.9288	-0.000202374	-0.000153416	2
20.1072	16.6928	-0.000210887	-0.000164771	2
19.6251	17.446	-0.000219058	-0.000176341	2
19.1249	18.1885	-0.000226911	-0.000188129	2
18.6072	18.9206	-0.00023447	-0.000200134	2
18.0724	19.6427	-0.00024176	-0.00021236	2
17.5211	20.355	-0.000248804	-0.000224806	2
16.954	21.0578	-0.000255627	-0.000237475	2
16.3714	21.7513	-0.000262254	-0.000250367	2
15.7741	22.4359	-0.000268709	-0.000263485	2
15.1696	23.1042	-0.000274943	-0.000276674	2
14.5443	23.7718	-0.000281127	-0.000290243	2
13.9059	24.4314	-0.000287212	-0.000304042	2
13.2549	25.0831	-0.00029322	-0.000318071	2
12.5918	25.7273	-0.000299178	-0.000332332	2
11.9171	26.3642	-0.000305108	-0.000346827	2
11.2314	26.9941	-0.000311036	-0.000361556	2
10.5353	27.6173	-0.000316986	-0.000376522	2
9.82927	28.2342	-0.000322981	-0.000391725	2
9.11389	28.8449	-0.000329047	-0.000407167	2
8.3897	29.4497	-0.000335207	-0.000422849	2
7.65725	30.049	-0.000341486	-0.000438773	2
6.91709	30.643	-0.000347908	-0.00045494	2
6.16977	31.2319	-0.000354497	-0.000471352	2
5.41583	31.8162	-0.000361278	-0.000488009	2
4.65583	32.396	-0.000368275	-0.000504913	2
3.8903	32.9717	-0.000375511	-0.000522067	2
3.1198	33.5434	-0.000383013	-0.00053947	2
2.34488	34.1116	-0.000390803	-0.000557124	2
1.56608	34.6765	-0.000398906	-0.000575032	2
0.783947	35.2383	-0.000407346	-0.000593193	2
-0.000965648	35.7974	-0.000416148	-0.00061161	2
-0.788113	36.354	-0.000425336	-0.000630284	2
-1.56787	36.902	-0.000434821	-0.000648997	2
-2.35783	37.4546	-0.000444848	-0.000668185	2
-3.14839	38.0055	-0.000455334	-0.000687635	2
-3.939	38.555	-0.000466302	-0.000707347	2
-4.72911	39.1035	-0.000477777	-0.000727323	2
-5.51818	39.6512	-0.000489784	-0.000747564	2
-6.30565	40.1984	-0.000502346	-0.000768072	2
-7.09098	40.7454	-0.000515488	-0.000788847	2
-7.87363	41.2924	-0.000529234	-0.000809892	2
-8.65303	41.8398	-0.000543608	-0.000831207	2
-9.42866	42.3879	-0.000558635	-0.000852795	2
-10.1999	42.9368	-0.000574339	-0.000874656	2
-10.9664	43.4869	-0.000590745	-0.000896792	2
-11.7273	44.0385	-0.000607875	-0.000919204	2
-12.4823	44.5918	-0.000625756	-0.000941893	2
-13.2308	45.1472	-0.000644411	-0.000964862	2
-13.9723	45.7049	-0.000663864	-0.000988111	2
-14.706	46.2652	-0.000684139	-0.00101164	2
-15.4317	46.8283	-0.000705262	-0.00103546	2
-16.1486	47.3946	-0.000727255	-0.00105955	2
-16.8563	47.9644	-0.000750145	-0.00108394	2
-17.5541	48.5379	-0.000773954	-0.00110861	2
-18.2416	49.1154	-0.000798707	-0.00113357	2
-18.9182	49.6972	-0.000824428	-0.00115882	2
-19.5757	50.2768	-0.000850829	-0.00118407	2
-20.229	50.868	-0.000878548	-0.0012099	2
-20.8698	51.4642	-0.000907308	-0.00123602	2
-21.4974	52.0659	-0.000937133	-0.00126244	2
-22.1114	52.6733	-0.000968048	-0.00128916	2
-22.7112	53.2867	-0.00100008	-0.00131618	2
-23.2963	53.9063	-0.00103324	-0.00134349	2
-23.8662	54.5325	-0.00106757	-0.00137111	2
-24.4201	55.1655	-0.00110309	-0.00139903	2
-24.9578	55.8055	-0.00113981	-0.00142725	2
-25.4784	56.453	-0.00117777	-0.00145578	2
-25.9817	57.1082	-0.00121699	-0.00148461	2
-26.4669	57.7712	-0.0012575	-0.00151376	2
-26.9335	58.4426	-0.00129931	-0.00154321	2
-27.381	59.1224	-0.00134245	-0.00157297	2
-27.8089	59.811	-0.00138696	-0.00160304	2
-28.2166	60.5087	-0.00143284	-0.00163343	2
-28.6034	61.2157	-0.00148012	-0.00166414	2
-28.969	61.9324	-0.00152884	-0.00169516	2
-29.3128	62.659	-0.00157901	-0.00172649	2
-29.6341	63.3959	-0.00163066	-0.00175815	2
-29.9325	64.1432	-0.00168381	-0.00179013	2
-30.2074	64.9012	-0.00173849	-0.00182242	2
-30.4555	65.6614	-0.00179406	-0.00185467	2
-30.6821	66.4417	-0.00185184	-0.00188761	2
-30.8835	67.2336	-0.00191123	-0.00192088	2
-31.0593	68.0374	-0.00197223	-0.00195447	2

74.9993	2.01198	2.2064e-07	-4.79066e-07	2
74.9307	3.03696	2.03596e-05	-4.0228e-05	2
74.8419	4.06362	4.30488e-05	-7.7554e-05	2
74.7337	5.08015	6.80291e-05	-0.000112028	2
74.6082	6.07519	9.49364e-05	-0.000143353	2
74.4626	7.07206	0.000124359	-0.000172306	2
74.2987	8.05929	0.000155957	-0.000198558	2
74.1169	9.03704	0.000189694	-0.000222158	2
73.9173	10.0055	0.00022553	-0.000243158	2
73.7004	10.9648	0.000263428	-0.000261607	2
73.4664	11.9151	0.000303348	-0.000277556	2
73.2158	12.8567	0.000345254	-0.000291054	2
72.9487	13.7895	0.000389105	-0.000302153	2
72.6656	14.714	0.000434864	-0.000310902	2
72.3667	15.6301	0.000482493	-0.000317351	2
72.0524	16.538	0.000531952	-0.000321552	2
71.723	17.438	0.000583205	-0.000323554	2
71.3788	18.3301	0.000636211	-0.000323407	2
71.0202	19.2147	0.000690934	-0.000321162	2
70.6474	20.0917	0.000747334	-0.00031687	2
70.2608	20.9614	0.000805373	-0.000310579	2
69.8607	21.824	0.000865013	-0.000302341	2
69.4474	22.6796	0.000926215	-0.000292206	2
69.0213	23.5284	0.000988942	-0.000280224	2
68.5827	24.3705	0.00105315	-0.000266445	2
68.1318	25.2061	0.00111881	-0.00025092	2
67.6745	26.0259	0.0011851	-0.000233906	2
67.2004	26.8492	0.00125353	-0.000215058	2
66.715	27.6664	0.00132328	-0.000194613	2
66.2187	28.4779	0.00139433	-0.000172623	2
65.7118	29.2836	0.00146664	-0.000149137	2
65.1946	30.0839	0.00154016	-0.000124205	2
64.6674	30.8789	0.00161486	-9.78785e-05	2
64.1307	31.6687	0.00169071	-7.02072e-05	2
63.5846	32.4535	0.00176765	-4.12413e-05	2
63.0295	33.2334	0.00184566	-1.1031e-05	2
62.4658	34.0088	0.0019247	2.03732e-05	2
61.8938	34.7796	0.00200472	5.29212e-05	2
61.3137	35.5461	0.00208569	8.65626e-05	2
60.7259	36.3084	0.00216757	0.000121247	2
60.1307	37.0668	0.00225033	0.000156925	2
59.5285	37.8213	0.00233392	0.000193545	2
58.9196	38.5721	0.0024183	0.000231058	2
58.3042	39.3194	0.00250344	0.000269413	2
57.6828	40.0635	0.0025893	0.00030856	2
57.0556	40.8043	0.00267584	0.000348448	2
56.423	41.5421	0.00276302	0.000389028	2
55.7852	42.2772	0.0028508	0.000430249	2
55.1426	43.0095	0.00293915	0.00047206	2
54.5031	43.731	0.003027	0.000513923	2
53.8519	44.4585	0.00311636	0.00055676	2
53.1969	45.1839	0.00320617	0.000600038	2
52.5384	45.9072	0.00329639	0.000643706	2
51.8768	46.6287	0.00338698	0.000687714	2
51.2122	47.3485	0.00347791	0.000732012	2
50.5451	48.0669	0.00356914	0.00077655	2
49.8758	48.7839	0.00366062	0.000821276	2
49.2046	49.4997	0.00375233	0.000866142	2
48.5317	50.2145	0.00384422	0.000911097	2
47.8577	50.9284	0.00393625	0.000956089	2
47.1827	51.6417	0.00402838	0.00100107	2
46.5071	52.3545	0.00412059	0.00104599	2
45.8312	53.0669	0.00421282	0.0010908	2
45.1553	53.7791	0.00430504	0.00113544	2
44.4798	54.4913	0.00439721	0.00117987	2
43.8049	55.2037	0.00448929	0.00122404	2
43.1311	55.9164	0.00458125	0.00126789	2
42.4586	56.6296	0.00467305	0.00131139	2
41.7877	57.3434	0.00476464	0.00135446	2
41.1187	58.0581	0.004856	0.00139708	2
40.4521	58.7737	0.00494707	0.00143917	2
39.7881	59.4904	0.00503783	0.00148071	2
39.127	60.2085	0.00512823	0.00152163	2
38.4767	60.9198	0.00521721	0.00156142	2
37.8223	61.641	0.00530679	0.00160097	2
37.1719	62.364	0.0053959	0.00163975	2
36.5257	63.089	0.0054845	0.00167771	2
35.884	63.8161	0.00557256	0.00171481	2
35.2472	64.5455	0.00566003	0.001751	2
34.6156	65.2774	0.00574687	0.00178621	2
33.9895	66.012	0.00583306	0.00182042	2
33.3692	66.7493	0.00591854	0.00185355	2
32.755	67.4896	0.00600329	0.00188557	2
32.1473	68.2331	0.00608725	0.00191642	2
31.5465	68.9798	0.00617041	0.00194605	2
30.9527	69.7301	0.0062527	0.00197441	2
30.3663	70.4839	0.00633411	0.00200146	2
29.7878	71.2416	0.00641459	0.00202714	2
29.2173	72.0032	0.00649409	0.0020514	2
28.6552	72.769	0.00657259	0.00207419	2
28.1018	73.539	0.00665004	0.00209546	2
27.5575	74.3136	0.00672641	0.00211516	2
27.0225	75.0927	0.00680166	0.00213324	2
26.4973	75.8767	0.00687574	0.00214965	2
25.982	76.6656	0.00694863	0.00216434	2
25.4771	77.4597	0.00702028	0.00217726	2
24.9885	78.2498	0.00708985	0.00218824	2
24.5051	79.0546	0.00715892	0.00219749	2
24.033	79.8649	0.00722664	0.00220482	2
23.5725	80.6811	0.00729297	0.00221018	2

124.999	2.01267	7.48639e-07	-7.15659e-08	2
124.939	3.0983	6.53756e-05	-7.04872e-06	2
124.893	4.1877	0.000131236	-1.57511e-05	2
124.864	5.26828	0.000197568	-2.60912e-05	2
124.849	6.32785	0.000263589	-3.79066e-05	2
124.85	7.39112	0.000330819	-5.14565e-05	2
124.866	8.44579	0.000398482	-6.65968e-05	2
124.897	9.49194	0.000466564	-8.33118e-05	2
124.942	10.5296	0.000535052	-0.000101586	2
125.002	11.559	0.000603932	-0.000121403	2
125.077	12.58	0.000673192	-0.000142747	2
125.166	13.5928	0.000742818	-0.000165602	2
125.268	14.5975	0.000812796	-0.000189953	2
125.385	15.5941	0.000883115	-0.000215784	2
125.515	16.5827	0.000953759	-0.000243079	2
125.659	17.5634	0.00102472	-0.000271821	2
125.817	18.5363	0.00109598	-0.000301997	2
125.987	19.5014	0.00116752	-0.000333588	2
126.17	20.4587	0.00123934	-0.00036658	2
126.367	21.4085	0.00131142	-0.000400957	2
126.575	22.3507	0.00138374	-0.000436703	2
126.797	23.2855	0.0014563	-0.000473802	2
127.03	24.2128	0.00152909	-0.000512238	2
127.276	25.1329	0.00160207	-0.000551996	2
127.534	26.0457	0.00167526	-0.000593059	2
127.803	26.9513	0.00174862	-0.000635413	2
128.081	27.8395	0.00182131	-0.000678532	2
128.373	28.7311	0.00189499	-0.000723403	2
128.677	29.6158	0.00196882	-0.000769517	2
128.992	30.4935	0.00204277	-0.000816857	2
129.317	31.3645	0.00211685	-0.000865409	2
129.653	32.2288	0.00219102	-0.000915155	2
130	33.0864	0.00226528	-0.000966081	2
130.357	33.9374	0.00233962	-0.00101817	2
130.725	34.782	0.00241402	-0.00107141	2
131.102	35.6201	0.00248846	-0.00112578	2
131.489	36.4519	0.00256295	-0.00118126	2
131.886	37.2774	0.00263746	-0.00123785	2
132.293	38.0967	0.00271197	-0.00129551	2
132.708	38.9099	0.00278649	-0.00135425	2
133.133	39.7171	0.00286098	-0.00141404	2
133.567	40.5183	0.00293545	-0.00147487	2
134.009	41.3136	0.00300987	-0.00153672	2
134.46	42.103	0.00308424	-0.00159957	2
134.92	42.8868	0.00315853	-0.00166341	2
135.388	43.6648	0.00323275	-0.00172823	2
135.864	44.4373	0.00330686	-0.001794	2
136.348	45.2042	0.00338087	-0.00186072	2
136.839	45.9657	0.00345476	-0.00192836	2
137.332	46.7132	0.00352766	-0.00199612	2
137.839	47.4641	0.00360126	-0.00206556	2
138.352	48.2098	0.0036747	-0.00213587	2
138.873	48.9503	0.00374797	-0.00220705	2
139.401	49.6858	0.00382104	-0.00227908	2
139.935	50.4163	0.00389392	-0.00235193	2
140.475	51.1418	0.00396658	-0.00242561	2
141.022	51.8625	0.00403901	-0.00250008	2
141.575	52.5785	0.0041112	-0.00257534	2
142.135	53.2897	0.00418314	-0.00265136	2
142.7	53.9963	0.00425481	-0.00272814	2
143.27	54.6984	0.00432619	-0.00280565	2
143.846	55.396	0.00439729	-0.00288388	2
144.427	56.0893	0.00446807	-0.00296282	2
145.014	56.7782	0.00453854	-0.00304245	2
145.605	57.4628	0.00460867	-0.00312275	2
146.201	58.1433	0.00467845	-0.0032037	2
146.802	58.8197	0.00474788	-0.0032853	2
147.407	59.4921	0.00481693	-0.00336753	2
148.016	60.1605	0.00488559	-0.00345036	2
148.629	60.825	0.00495385	-0.00353379	2
149.246	61.4858	0.00502171	-0.00361779	2
149.867	62.1428	0.00508913	-0.00370236	2
150.491	62.7963	0.00515611	-0.00378748	2
151.112	63.4386	0.00522188	-0.00387214	2
151.742	64.085	0.00528796	-0.00395829	2
152.376	64.728	0.00535355	-0.00404495	2
153.013	65.3676	0.00541865	-0.00413208	2
153.652	66.0039	0.00548324	-0.00421969	2
154.294	66.6371	0.00554732	-0.00430775	2
154.938	67.2671	0.00561087	-0.00439624	2
155.584	67.8941	0.00567386	-0.00448515	2
156.232	68.5181	0.00573631	-0.00457447	2
156.882	69.1393	0.00579818	-0.00466417	2
157.533	69.7576	0.00585946	-0.00475425	2
158.186	70.3731	0.00592015	-0.00484469	2
158.84	70.986	0.00598022	-0.00493546	2
159.495	71.5963	0.00603967	-0.00502656	2
160.151	72.2041	0.00609849	-0.00511797	2
160.808	72.8094	0.00615665	-0.00520968	2
161.465	73.4124	0.00621415	-0.00530166	2
162.123	74.0131	0.00627097	-0.0053939	2
162.78	74.6115	0.0063271	-0.00548639	2
163.438	75.2079	0.00638253	-0.00557911	2
164.096	75.8021	0.00643724	-0.00567205	2
164.753	76.3943	0.00649122	-0.00576518	2
165.41	76.9847	0.00654446	-0.0058585	2
166.058	77.5664	0.00659634	-0.0059509	2
166.714	78.1532	0.00664807	-0.00604454	2
167.368	78.7382	0.006699	-0.0061383	2
168.021	79.3216	0.00674915	-0.00623219	2

