-125	2.0126	5.81128e-07	-5.99307e-08	2
-125	3.09113	5.11126e-05	-6.16354e-06	2
-124.982	4.1715	0.000103331	-1.42342e-05	2
-124.949	5.24119	0.000156632	-2.41908e-05	2
-124.9	6.28819	0.000210361	-3.58656e-05	2
-124.834	7.33694	0.000265744	-4.95091e-05	2
-124.753	8.3753	0.000322138	-6.4975e-05	2
-124.656	9.40337	0.00037952	-8.22419e-05	2
-124.543	10.4212	0.000437866	-0.000101289	2
-124.415	11.429	0.000497153	-0.000122094	2
-124.272	12.4267	0.000557356	-0.000144637	2
-124.114	13.4146	0.000618452	-0.000168896	2
-123.942	14.3926	0.000680418	-0.00019485	2
-123.754	15.3608	0.000743229	-0.000222477	2
-123.553	16.3195	0.000806862	-0.000251757	2
-123.338	17.2686	0.000871293	-0.000282667	2
-123.108	18.2082	0.000936498	-0.000315188	2
-122.865	19.1386	0.00100245	-0.000349297	2
-122.609	20.0596	0.00106914	-0.000384974	2
-122.339	20.9715	0.00113652	-0.000422196	2
-122.056	21.8743	0.00120459	-0.000460943	2
-121.76	22.7682	0.00127331	-0.000501194	2
-121.451	23.6531	0.00134267	-0.000542928	2
-121.13	24.5293	0.00141263	-0.000586122	2
-120.796	25.3968	0.00148318	-0.000630756	2
-120.45	26.2557	0.00155428	-0.000676809	2
-120.097	27.0964	0.0016251	-0.000723705	2
-119.727	27.9385	0.00169726	-0.000772516	2
-119.346	28.7723	0.0017699	-0.000822681	2
-118.954	29.5978	0.00184301	-0.00087418	2
-118.551	30.4153	0.00191657	-0.000926992	2
-118.136	31.2247	0.00199054	-0.000981094	2
-117.711	32.0262	0.00206491	-0.00103647	2
-117.275	32.8198	0.00213965	-0.00109309	2
-116.829	33.6057	0.00221473	-0.00115094	2
-116.372	34.3839	0.00229015	-0.00120999	2
-115.906	35.1546	0.00236586	-0.00127023	2
-115.43	35.9178	0.00244185	-0.00133164	2
-114.944	36.6737	0.00251809	-0.00139418	2
-114.448	37.4222	0.00259456	-0.00145785	2
-113.944	38.1636	0.00267124	-0.00152262	2
-113.43	38.898	0.0027481	-0.00158847	2
-112.908	39.6253	0.00282512	-0.00165537	2
-112.377	40.3457	0.00290227	-0.00172331	2
-111.837	41.0593	0.00297954	-0.00179227	2
-111.289	41.7663	0.00305689	-0.00186222	2
-110.733	42.4666	0.0031343	-0.00193314	2
-110.17	43.1604	0.00321176	-0.00200501	2
-109.598	43.8477	0.00328923	-0.00207781	2
-109.026	44.521	0.0033658	-0.00215067	2
-108.44	45.1959	0.00344323	-0.00222526	2
-107.847	45.8646	0.00352061	-0.00230072	2
-107.247	46.5273	0.00359791	-0.00237702	2
-106.64	47.184	0.0036751	-0.00245414	2
-106.027	47.8349	0.00375218	-0.00253207	2
-105.407	48.48	0.0038291	-0.00261077	2
-104.782	49.1195	0.00390584	-0.00269024	2
-104.15	49.7534	0.0039824	-0.00277045	2
-103.513	50.3818	0.00405873	-0.00285138	2
-102.87	51.0048	0.00413481	-0.002933	2
-102.222	51.6225	0.00421063	-0.00301529	2
-101.569	52.235	0.00428616	-0.00309824	2
-100.91	52.8425	0.00436137	-0.00318183	2
-100.247	53.4449	0.00443624	-0.00326602	2
-99.5798	54.0424	0.00451075	-0.00335081	2
-98.9079	54.6351	0.00458487	-0.00343616	2
-98.2318	55.2231	0.00465858	-0.00352206	2
-97.5518	55.8064	0.00473186	-0.00360849	2
-96.868	56.3852	0.00480468	-0.00369542	2
-96.1806	56.9596	0.00487702	-0.00378284	2
-95.4898	57.5296	0.00494885	-0.00387072	2
-94.7959	58.0954	0.00502016	-0.00395904	2
-94.099	58.657	0.00509091	-0.00404778	2
-93.4073	59.2081	0.00516028	-0.00413589	2
-92.705	59.7618	0.00522986	-0.00422541	2
-92.0003	60.3115	0.00529882	-0.00431528	2
-91.2933	60.8575	0.00536713	-0.00440548	2
-90.5844	61.3998	0.00543478	-0.004496	2
-89.8736	61.9385	0.00550172	-0.00458681	2
-89.1612	62.4737	0.00556795	-0.00467789	2
-88.4474	63.0055	0.00563344	-0.00476923	2
-87.7323	63.534	0.00569816	-0.00486079	2
-87.0162	64.0592	0.00576209	-0.00495256	2
-86.2992	64.5814	0.00582521	-0.00504452	2
-85.5816	65.1005	0.00588749	-0.00513664	2
-84.8635	65.6167	0.00594891	-0.00522891	2
-84.1452	66.1301	0.00600945	-0.0053213	2
-83.4268	66.6408	0.00606908	-0.00541379	2
-82.7085	67.1487	0.00612778	-0.00550636	2
-81.9905	67.6542	0.00618552	-0.00559899	2
-81.2731	68.1572	0.00624228	-0.00569166	2
-80.5564	68.6578	0.00629804	-0.00578434	2
-79.8405	69.1561	0.00635278	-0.00587702	2
-79.1258	69.6523	0.00640646	-0.00596968	2
-78.4124	70.1464	0.00645907	-0.00606228	2
-77.7004	70.6385	0.00651059	-0.00615482	2
-76.9983	71.1231	0.0065604	-0.00624621	2
-76.2899	71.6115	0.00660966	-0.00633855	2
-75.5836	72.0983	0.00665776	-0.00643075	2
-74.8796	72.5834	0.00670466	-0.00652281	2

-75.0039	2.01212	-3.67067e-07	-2.13277e-07	2
-75.3285	3.0493	-3.18314e-05	-1.77479e-05	2
-75.6292	4.08815	-6.34502e-05	-3.38855e-05	2
-75.9025	5.11661	-9.4851e-05	-4.84468e-05	2
-76.146	6.1231	-0.000125672	-6.1325e-05	2
-76.3657	7.13109	-0.000156623	-7.28534e-05	2
-76.559	8.12888	-0.000187342	-8.29076e-05	2
-76.7262	9.11653	-0.000217821	-9.15218e-05	2
-76.8676	10.0941	-0.000248056	-9.87302e-05	2
-76.9836	11.0617	-0.000278042	-0.000104567	2
-77.0744	12.0193	-0.000307773	-0.000109066	2
-77.1405	12.9671	-0.000337244	-0.000112261	2
-77.1821	13.905	-0.00036645	-0.000114188	2
-77.1996	14.8332	-0.000395385	-0.000114879	2
-77.1932	15.7517	-0.000424045	-0.000114369	2
-77.1635	16.6606	-0.000452424	-0.000112692	2
-77.1106	17.5599	-0.000480517	-0.000109883	2
-77.0349	18.4497	-0.000508318	-0.000105975	2
-76.9367	19.3301	-0.000535823	-0.000101003	2
-76.8164	20.2011	-0.000563025	-9.50005e-05	2
-76.6743	21.0629	-0.000589921	-8.8002e-05	2
-76.5107	21.9153	-0.000616504	-8.00415e-05	2
-76.326	22.7587	-0.000642769	-7.11533e-05	2
-76.1205	23.5929	-0.000668711	-6.13714e-05	2
-75.8945	24.418	-0.000694325	-5.073e-05	2
-75.6483	25.2342	-0.000719606	-3.92633e-05	2
-75.3855	26.0322	-0.000744263	-2.71507e-05	2
-75.1003	26.8307	-0.000768865	-1.41443e-05	2
-74.7959	27.6205	-0.000793117	-4.14646e-07	2
-74.4726	28.4015	-0.000817016	1.40041e-05	2
-74.1309	29.1738	-0.000840554	2.90779e-05	2
-73.771	29.9375	-0.000863728	4.47725e-05	2
-73.3933	30.6927	-0.000886531	6.10538e-05	2
-72.9981	31.4394	-0.000908959	7.78875e-05	2
-72.5857	32.1778	-0.000931006	9.52397e-05	2
-72.1564	32.9078	-0.000952668	0.000113076	2
-71.7106	33.6295	-0.000973938	0.000131363	2
-71.2487	34.343	-0.000994811	0.000150065	2
-70.7709	35.0483	-0.00101528	0.000169149	2
-70.2776	35.7456	-0.00103535	0.000188581	2
-69.7691	36.4348	-0.001055	0.000208326	2
-69.2458	37.1161	-0.00107424	0.000228351	2
-68.7079	37.7895	-0.00109305	0.00024862	2
-68.1558	38.455	-0.00111143	0.000269101	2
-67.5899	39.1128	-0.00112938	0.000289759	2
-67.0105	39.7629	-0.0011469	0.000310559	2
-66.4178	40.4054	-0.00116397	0.000331468	2
-65.8123	41.0403	-0.00118059	0.000352451	2
-65.1942	41.6676	-0.00119675	0.000373475	2
-64.5713	42.2805	-0.00121228	0.000394263	2
-63.9293	42.8931	-0.00122753	0.000415265	2
-63.2757	43.4985	-0.0012423	0.000436206	2
-62.6109	44.0965	-0.0012566	0.00045705	2
-61.9353	44.6874	-0.00127043	0.000477765	2
-61.2491	45.2712	-0.00128376	0.000498315	2
-60.5526	45.8479	-0.00129661	0.000518667	2
-59.8463	46.4176	-0.00130895	0.000538786	2
-59.1304	46.9804	-0.0013208	0.000558639	2
-58.4053	47.5363	-0.00133214	0.00057819	2
-57.6713	48.0854	-0.00134297	0.000597407	2
-56.9287	48.6277	-0.00135328	0.000616255	2
-56.1778	49.1634	-0.00136307	0.000634699	2
-55.4191	49.6925	-0.00137233	0.000652706	2
-54.6528	50.215	-0.00138105	0.000670241	2
-53.8792	50.731	-0.00138924	0.000687271	2
-53.0988	51.2407	-0.00139689	0.000703761	2
-52.3117	51.7439	-0.00140399	0.000719676	2
-51.5184	52.2409	-0.00141053	0.000734984	2
-50.7192	52.7317	-0.00141651	0.000749649	2
-49.9144	53.2162	-0.00142193	0.000763638	2
-49.1044	53.6947	-0.00142678	0.000776916	2
-48.2894	54.1672	-0.00143105	0.000789449	2
-47.4698	54.6337	-0.00143475	0.000801203	2
-46.6554	55.089	-0.00143782	0.000812023	2
-45.8277	55.5438	-0.00144035	0.000822127	2
-44.9964	55.9928	-0.00144228	0.00083135	2
-44.1617	56.4361	-0.0014436	0.000839658	2
-43.3242	56.8738	-0.00144432	0.000847017	2
-42.484	57.3059	-0.00144443	0.000853392	2
-41.6416	57.7324	-0.00144392	0.000858749	2
-40.7972	58.1535	-0.00144279	0.000863055	2
-39.9511	58.5692	-0.00144104	0.000866275	2
-39.1038	58.9796	-0.00143864	0.000868374	2
-38.2556	59.3847	-0.00143562	0.00086932	2
-37.4067	59.7846	-0.00143194	0.000869077	2
-36.5575	60.1793	-0.00142762	0.000867612	2
-35.7084	60.569	-0.00142265	0.00086489	2
-34.8596	60.9537	-0.00141701	0.000860877	2
-34.0115	61.3334	-0.00141072	0.00085554	2
-33.1644	61.7083	-0.00140375	0.000848843	2
-32.3188	62.0783	-0.00139611	0.000840753	2
-31.4748	62.4436	-0.00138778	0.000831236	2
-30.6328	62.8042	-0.00137877	0.000820257	2
-29.7932	63.1601	-0.00136908	0.000807782	2
-28.9562	63.5116	-0.00135868	0.000793778	2
-28.1223	63.8585	-0.00134759	0.000778209	2
-27.3013	64.197	-0.00133592	0.000761249	2
-26.4743	64.5352	-0.00132342	0.000742469	2
-25.6514	64.869	-0.0013102	0.000722023	2
-24.8328	65.1986	-0.00129625	0.000699877	2

-25.004	2.01141	5.10333e-07	-4.40477e-07	2
-25.3484	2.99436	4.26117e-05	-3.72525e-05	2
-25.6889	3.99171	8.16521e-05	-7.2367e-05	2
-26.0215	4.99185	0.000117189	-0.000105381	2
-26.3423	5.983	0.000148939	-0.000135987	2
-26.6588	6.98798	0.000177708	-0.000164935	2
-26.9669	7.99507	0.000203175	-0.000191893	2
-27.2666	9.00403	0.000225408	-0.0002169	2
-27.5578	10.0146	0.000244473	-0.000239993	2
-27.8403	11.0267	0.000260437	-0.000261208	2
-28.114	12.0399	0.00027337	-0.000280585	2
-28.3789	13.0541	0.000283337	-0.000298159	2
-28.6347	14.0691	0.000290407	-0.000313968	2
-28.8814	15.0845	0.000294646	-0.00032805	2
-29.1189	16.1003	0.000296123	-0.000340441	2
-29.347	17.1161	0.000294905	-0.00035118	2
-29.5656	18.1318	0.000291058	-0.000360304	2
-29.7746	19.1471	0.000284652	-0.00036785	2
-29.9739	20.1618	0.000275752	-0.000373855	2
-30.1634	21.1756	0.000264427	-0.000378357	2
-30.3429	22.1884	0.000250744	-0.000381393	2
-30.5123	23.1999	0.000234771	-0.000383	2
-30.6715	24.2099	0.000216574	-0.000383216	2
-30.8205	25.2181	0.000196221	-0.000382079	2
-30.959	26.2244	0.000173781	-0.000379625	2
-31.0869	27.2285	0.000149319	-0.000375893	2
-31.2029	28.2186	0.000123219	-0.000370982	2
-31.3096	29.2177	9.49398e-05	-0.000364817	2
-31.4053	30.2139	6.48413e-05	-0.000357485	2
-31.49	31.207	3.2991e-05	-0.000349022	2
-31.5636	32.1967	-5.4356e-07	-0.000339467	2
-31.6259	33.183	-3.5695e-05	-0.000328857	2
-31.6769	34.1654	-7.23958e-05	-0.000317229	2
-31.7164	35.1439	-0.000110579	-0.00030462	2
-31.7442	36.1181	-0.000150176	-0.000291069	2
-31.7604	37.0879	-0.00019112	-0.000276611	2
-31.7647	38.053	-0.000233344	-0.000261285	2
-31.757	39.0132	-0.00027678	-0.000245128	2
-31.7373	39.9683	-0.000321361	-0.000228178	2
-31.7054	40.918	-0.000367019	-0.000210471	2
-31.6611	41.8622	-0.000413687	-0.000192045	2
-31.6044	42.8005	-0.000461298	-0.000172938	2
-31.5352	43.7328	-0.000509783	-0.000153186	2
-31.4533	44.6589	-0.000559075	-0.000132828	2
-31.3586	45.5785	-0.000609108	-0.0001119	2
-31.251	46.4913	-0.000659813	-9.04401e-05	2
-31.1304	47.3973	-0.000711124	-6.84855e-05	2
-30.9966	48.296	-0.000762972	-4.60735e-05	2
-30.8496	49.1874	-0.00081529	-2.32416e-05	2
-30.6911	50.0611	-0.000867403	-2.95925e-07	2
-30.5174	50.9371	-0.000920456	2.32601e-05	2
-30.33	51.8051	-0.000973777	4.71244e-05	2
-30.1289	52.6647	-0.0010273	7.12597e-05	2
-29.914	53.5159	-0.00108096	9.56285e-05	2
-29.6851	54.3583	-0.00113468	0.000120194	2
-29.4421	55.1918	-0.0011884	0.000144917	2
-29.185	56.016	-0.00124205	0.000169763	2
-28.9134	56.8309	-0.00129557	0.000194692	2
-28.6275	57.6361	-0.00134888	0.000219668	2
-28.327	58.4314	-0.00140193	0.000244654	2
-28.0118	59.2166	-0.00145463	0.000269611	2
-27.6819	59.9915	-0.00150693	0.000294503	2
-27.337	60.7559	-0.00155875	0.000319293	2
-26.9771	61.5095	-0.00161004	0.000343942	2
-26.602	62.2521	-0.00166072	0.000368413	2
-26.2117	62.9834	-0.00171072	0.00039267	2
-25.806	63.7034	-0.00175997	0.000416675	2
-25.3848	64.4116	-0.00180842	0.00044039	2
-24.948	65.1079	-0.00185599	0.000463778	2
-24.4954	65.7921	-0.00190261	0.000486802	2
-24.027	66.464	-0.00194822	0.000509424	2
-23.5426	67.1232	-0.00199275	0.000531607	2
-23.0421	67.7697	-0.00203614	0.000553314	2
-22.5315	68.3959	-0.00207783	0.000574266	2
-21.9986	69.0162	-0.00211872	0.000594914	2
-21.4494	69.623	-0.00215827	0.000614974	2
-20.8835	70.2162	-0.00219641	0.000634408	2
-20.301	70.7954	-0.00223306	0.00065318	2
-19.7017	71.3604	-0.00226816	0.000671252	2
-19.0855	71.911	-0.00230163	0.000688586	2
-18.4522	72.4471	-0.00233343	0.000705145	2
-17.8018	72.9683	-0.00236346	0.000720891	2
-17.1341	73.4744	-0.00239168	0.000735788	2
-16.449	73.9652	-0.00241801	0.000749798	2
-15.7464	74.4405	-0.00244238	0.000762884	2
-15.0262	74.9001	-0.00246472	0.000775007	2
-14.2882	75.3437	-0.00248498	0.000786132	2
-13.5324	75.7711	-0.00250308	0.00079622	2
-12.7586	76.1821	-0.00251895	0.000805234	2
-11.9667	76.5765	-0.00253253	0.000813137	2
-11.1566	76.9539	-0.00254374	0.000819891	2
-10.3282	77.3143	-0.00255253	0.000825459	2
-9.48128	77.6574	-0.00255882	0.000829804	2
-8.61581	77.9829	-0.00256255	0.000832888	2
-7.73166	78.2906	-0.00256365	0.000834674	2
-6.8287	78.5803	-0.00256204	0.000835125	2
-5.91753	78.8488	-0.00255774	0.000834221	2
-4.97682	79.102	-0.00255058	0.000831905	2
-4.01696	79.3366	-0.00254051	0.000828141	2
-3.03782	79.5523	-0.00252748	0.000822894	2

25.0006	2.01041	2.42803e-07	1.00528e-07	2
25.0347	2.90505	2.04223e-05	8.16598e-06	2
25.0351	3.80943	3.94384e-05	1.5175e-05	2
25.0021	4.71311	5.70678e-05	2.1052e-05	2
24.9375	5.60563	7.31508e-05	2.5773e-05	2
24.8406	6.50769	8.80809e-05	2.94726e-05	2
24.7128	7.40886	0.000101683	3.21144e-05	2
24.555	8.30906	0.000113976	3.37232e-05	2
24.3681	9.20825	0.00012498	3.43238e-05	2
24.1527	10.1064	0.000134715	3.39412e-05	2
23.9099	11.0033	0.0001432	3.26001e-05	2
23.6404	11.8991	0.000150455	3.03254e-05	2
23.3451	12.7936	0.000156499	2.7142e-05	2
23.0248	13.6868	0.000161352	2.30747e-05	2
22.6804	14.5786	0.000165033	1.81483e-05	2
22.3127	15.469	0.000167563	1.23878e-05	2
21.9226	16.3579	0.00016896	5.8179e-06	2
21.5109	17.2452	0.000169244	-1.53647e-06	2
21.0784	18.1309	0.000168435	-9.65049e-06	2
20.626	19.0149	0.000166552	-1.84993e-05	2
20.1546	19.8971	0.000163616	-2.80581e-05	2
19.6649	20.7776	0.000159645	-3.83019e-05	2
19.1579	21.6562	0.000154659	-4.9206e-05	2
18.6344	22.5328	0.000148678	-6.07455e-05	2
18.0951	23.4075	0.000141721	-7.28956e-05	2
17.541	24.2802	0.000133807	-8.56313e-05	2
16.9795	25.1407	0.000125065	-9.8772e-05	2
16.3985	26.0091	0.000115308	-0.000112599	2
15.805	26.8753	0.000104655	-0.000126937	2
15.2002	27.7392	9.31228e-05	-0.000141761	2
14.5846	28.6007	8.07324e-05	-0.000157048	2
13.9593	29.4599	6.75032e-05	-0.000172771	2
13.3251	30.3166	5.34547e-05	-0.000188906	2
12.6827	31.1707	3.86064e-05	-0.000205429	2
12.0331	32.0223	2.2978e-05	-0.000222313	2
11.3771	32.8712	6.58911e-06	-0.000239536	2
10.7155	33.7174	-1.05408e-05	-0.000257071	2
10.0492	34.5608	-2.83921e-05	-0.000274893	2
9.37905	35.4014	-4.69452e-05	-0.000292979	2
8.70582	36.2392	-6.61805e-05	-0.000311303	2
8.03041	37.0739	-8.60785e-05	-0.00032984	2
7.35365	37.9057	-0.00010662	-0.000348565	2
6.67638	38.7344	-0.000127784	-0.000367454	2
5.99946	39.56	-0.000149552	-0.000386482	2
5.32371	40.3824	-0.000171905	-0.000405623	2
4.65	41.2015	-0.000194823	-0.000424854	2
3.97916	42.0173	-0.000218285	-0.000444149	2
3.31203	42.8298	-0.000242274	-0.000463483	2
2.64947	43.6388	-0.000266768	-0.000482831	2
1.99982	44.4351	-0.000291459	-0.000501947	2
1.34883	45.2371	-0.000316901	-0.00052125	2
0.704924	46.0355	-0.000342791	-0.000540494	2
0.0689422	46.8303	-0.000369108	-0.000559653	2
-0.55827	47.6213	-0.000395834	-0.000578702	2
-1.17587	48.4085	-0.000422949	-0.000597617	2
-1.78301	49.1918	-0.000450433	-0.000616373	2
-2.37884	49.9713	-0.000478266	-0.000634945	2
-2.96253	50.7468	-0.000506429	-0.000653307	2
-3.53323	51.5182	-0.000534903	-0.000671436	2
-4.0901	52.2855	-0.000563668	-0.000689307	2
-4.63229	53.0487	-0.000592704	-0.000706894	2
-5.15896	53.8077	-0.000621991	-0.000724173	2
-5.66926	54.5624	-0.000651511	-0.000741118	2
-6.16235	55.3128	-0.000681243	-0.000757706	2
-6.63738	56.0588	-0.000711168	-0.000773911	2
-7.09352	56.8003	-0.000741266	-0.000789708	2
-7.52992	57.5373	-0.000771519	-0.000805072	2
-7.94573	58.2697	-0.000801905	-0.000819979	2
-8.34011	58.9975	-0.000832406	-0.000834404	2
-8.71221	59.7206	-0.000863002	-0.000848322	2
-9.0612	60.4389	-0.000893673	-0.000861708	2
-9.38622	61.1525	-0.0009244	-0.000874537	2
-9.68644	61.8611	-0.000955164	-0.000886784	2
-9.95801	62.5567	-0.00098559	-0.000898295	2
-10.2064	63.2555	-0.00101637	-0.000909311	2
-10.4275	63.9492	-0.00104712	-0.000919672	2
-10.6203	64.6378	-0.00107784	-0.000929353	2
-10.7842	65.3212	-0.00110849	-0.000938327	2
-10.9182	65.9994	-0.00113906	-0.000946572	2
-11.0215	66.6722	-0.00116953	-0.000954061	2
-11.0933	67.3397	-0.00119988	-0.000960769	2
-11.1326	68.0018	-0.00123009	-0.000966673	2
-11.1388	68.6584	-0.00126014	-0.000971747	2
-11.1108	69.3095	-0.00129001	-0.000975966	2
-11.0479	69.955	-0.00131969	-0.000979306	2
-10.9493	70.5948	-0.00134914	-0.000981741	2
-10.814	71.2289	-0.00137836	-0.000983247	2
-10.6413	71.8572	-0.00140732	-0.000983799	2
-10.4303	72.4796	-0.00143601	-0.000983372	2
-10.1802	73.0962	-0.0014644	-0.000981941	2
-9.89001	73.7068	-0.00149247	-0.000979482	2
-9.55904	74.3114	-0.0015202	-0.000975969	2
-9.18639	74.9098	-0.00154758	-0.000971378	2
-8.77121	75.5022	-0.00157459	-0.000965683	2
-8.31268	76.0883	-0.0016012	-0.000958861	2
-7.80993	76.6682	-0.0016274	-0.000950885	2
-7.26869	77.2352	-0.00165287	-0.000941844	2
-6.67554	77.8024	-0.00167819	-0.000931502	2
-6.03565	78.3632	-0.00170304	-0.000919933	2
-5.34818	78.9175	-0.00172739	-0.000907112	2

74.9988	2.01127	-3.24276e-07	2.91172e-11	2
74.8857	2.97238	-2.77367e-05	-2.50802e-07	2
74.7449	3.92897	-5.45286e-05	-1.01203e-06	2
74.5781	4.87005	-8.04016e-05	-2.28045e-06	2
74.3881	5.78536	-0.000105099	-4.02963e-06	2
74.1711	6.69645	-0.000129221	-6.29703e-06	2
73.9296	7.59288	-0.000152501	-9.06199e-06	2
73.6642	8.47494	-0.000174965	-1.23213e-05	2
73.3753	9.34289	-0.000196638	-1.60717e-05	2
73.0636	10.197	-0.000217547	-2.03099e-05	2
72.7295	11.0377	-0.000237716	-2.50329e-05	2
72.3736	11.865	-0.000257172	-3.02372e-05	2
71.9963	12.6794	-0.00027594	-3.59198e-05	2
71.5983	13.4811	-0.000294046	-4.20773e-05	2
71.1799	14.2705	-0.000311516	-4.87065e-05	2
70.7418	15.0477	-0.000328375	-5.58043e-05	2
70.2844	15.813	-0.00034465	-6.33674e-05	2
69.8083	16.5669	-0.000360366	-7.13925e-05	2
69.314	17.3094	-0.000375549	-7.98765e-05	2
68.8021	18.041	-0.000390224	-8.88161e-05	2
68.273	18.7618	-0.000404417	-9.82081e-05	2
67.7272	19.4723	-0.000418154	-0.000108049	2
67.1654	20.1725	-0.000431461	-0.000118336	2
66.5879	20.863	-0.000444363	-0.000129066	2
65.9954	21.5438	-0.000456886	-0.000140235	2
65.3883	22.2154	-0.000469057	-0.000151841	2
64.7744	22.8704	-0.000480765	-0.000163739	2
64.14	23.5243	-0.00049231	-0.000176202	2
63.4925	24.1698	-0.000503578	-0.000189092	2
62.8326	24.8072	-0.000514596	-0.000202406	2
62.1607	25.4366	-0.000525389	-0.000216139	2
61.4775	26.0584	-0.000535983	-0.00023029	2
60.7833	26.673	-0.000546403	-0.000244854	2
60.0787	27.2804	-0.000556676	-0.000259829	2
59.3643	27.8812	-0.000566828	-0.000275211	2
58.6405	28.4755	-0.000576883	-0.000290997	2
57.9079	29.0635	-0.000586868	-0.000307184	2
57.167	29.6457	-0.000596808	-0.000323768	2
56.4184	30.2223	-0.000606729	-0.000340747	2
55.6624	30.7935	-0.000616657	-0.000358117	2
54.8998	31.3596	-0.000626618	-0.000375874	2
54.1309	31.921	-0.000636637	-0.000394017	2
53.3564	32.4779	-0.00064674	-0.000412541	2
52.5767	33.0306	-0.000656953	-0.000431443	2
51.7923	33.5794	-0.000667301	-0.00045072	2
51.0038	34.1245	-0.000677811	-0.000470369	2
50.2117	34.6662	-0.000688507	-0.000490386	2
49.4165	35.2049	-0.000699416	-0.000510769	2
48.6188	35.7408	-0.000710564	-0.000531514	2
47.8282	36.268	-0.000721843	-0.000552373	2
47.0269	36.7992	-0.000733541	-0.000573828	2
46.2247	37.3284	-0.000745555	-0.000595636	2
45.4219	37.856	-0.000757909	-0.000617793	2
44.6192	38.3821	-0.000770631	-0.000640296	2
43.817	38.9072	-0.000783744	-0.000663142	2
43.0159	39.4314	-0.000797277	-0.000686327	2
42.2165	39.9551	-0.000811253	-0.000709848	2
41.4191	40.4785	-0.000825699	-0.000733703	2
40.6244	41.002	-0.00084064	-0.000757888	2
39.8329	41.5257	-0.000856102	-0.000782399	2
39.0451	42.0501	-0.000872112	-0.000807233	2
38.2615	42.5753	-0.000888694	-0.000832388	2
37.4826	43.1017	-0.000905875	-0.00085786	2
36.7089	43.6296	-0.000923679	-0.000883645	2
35.9411	44.1591	-0.000942134	-0.000909741	2
35.1795	44.6907	-0.000961264	-0.000936144	2
34.4248	45.2245	-0.000981095	-0.000962852	2
33.6774	45.7609	-0.00100165	-0.00098986	2
32.9379	46.3002	-0.00102296	-0.00101717	2
32.2067	46.8426	-0.00104505	-0.00104477	2
31.4845	47.3884	-0.00106795	-0.00107266	2
30.7717	47.9379	-0.00109167	-0.00110084	2
30.0688	48.4914	-0.00111625	-0.0011293	2
29.3843	49.0428	-0.00114142	-0.00115771	2
28.7028	49.605	-0.00116777	-0.00118673	2
28.0328	50.1721	-0.00119506	-0.00121603	2
27.3748	50.7443	-0.00122331	-0.0012456	2
26.7293	51.3219	-0.00125255	-0.00127543	2
26.097	51.9052	-0.00128279	-0.00130553	2
25.4782	52.4944	-0.00131407	-0.0013359	2
24.8735	53.0898	-0.00134641	-0.00136652	2
24.2835	53.6918	-0.00137983	-0.0013974	2
23.7086	54.3006	-0.00141437	-0.00142853	2
23.1494	54.9165	-0.00145005	-0.00145991	2
22.6064	55.5397	-0.00148689	-0.00149153	2
22.0802	56.1706	-0.00152492	-0.0015234	2
21.5711	56.8094	-0.00156417	-0.00155551	2
21.0799	57.4565	-0.00160466	-0.00158785	2
20.6069	58.112	-0.00164642	-0.00162043	2
20.1527	58.7764	-0.00168947	-0.00165324	2
19.7179	59.4498	-0.00173383	-0.00168627	2
19.3029	60.1325	-0.00177955	-0.00171953	2
18.9083	60.8249	-0.00182663	-0.00175301	2
18.5346	61.5272	-0.00187511	-0.0017867	2
18.1823	62.2397	-0.001925	-0.00182061	2
17.8519	62.9626	-0.00197635	-0.00185473	2
17.5474	63.6879	-0.00202856	-0.00188866	2
17.2622	64.4325	-0.00208286	-0.00192319	2
17.0005	65.1885	-0.00213868	-0.00195792	2
16.7629	65.956	-0.00219606	-0.00199284	2

124.999	2.0115	-2.05405e-08	-4.21055e-07	2
124.941	2.99706	-2.02033e-07	-3.53119e-05	2
124.866	3.98674	2.76991e-06	-6.79836e-05	2
124.774	4.96914	8.86627e-06	-9.80607e-05	2
124.668	5.93323	1.79148e-05	-0.000125287	2
124.544	6.90153	3.00768e-05	-0.00015034	2
124.405	7.8629	4.5215e-05	-0.000172935	2
124.251	8.81747	6.328e-05	-0.000193117	2
124.081	9.76535	8.42221e-05	-0.000210932	2
123.897	10.7066	0.000107992	-0.000226426	2
123.698	11.6415	0.000134539	-0.000239644	2
123.484	12.57	0.000163816	-0.000250631	2
123.257	13.4922	0.000195771	-0.000259434	2
123.016	14.4084	0.000230355	-0.000266097	2
122.762	15.3185	0.000267519	-0.000270668	2
122.495	16.2228	0.000307213	-0.00027319	2
122.215	17.1213	0.000349388	-0.00027371	2
121.922	18.0142	0.000393994	-0.000272273	2
121.617	18.9015	0.000440981	-0.000268925	2
121.3	19.7834	0.0004903	-0.000263711	2
120.971	20.6599	0.000541901	-0.000256678	2
120.63	21.5313	0.000595735	-0.00024787	2
120.279	22.3976	0.000651753	-0.000237334	2
119.916	23.259	0.000709904	-0.000225114	2
119.543	24.1155	0.000770139	-0.000211257	2
119.159	24.9673	0.000832408	-0.000195809	2
118.77	25.8048	0.000895913	-0.000179017	2
118.367	26.6475	0.000962081	-0.000160538	2
117.954	27.4859	0.00103014	-0.000140604	2
117.532	28.3199	0.00110003	-0.000119259	2
117.1	29.1499	0.0011717	-9.65503e-05	2
116.661	29.9758	0.00124512	-7.25225e-05	2
116.212	30.7977	0.00132022	-4.72214e-05	2
115.756	31.6159	0.00139697	-2.06927e-05	2
115.291	32.4304	0.0014753	7.01799e-06	2
114.819	33.2413	0.00155517	3.58651e-05	2
114.34	34.0487	0.00163653	6.58031e-05	2
113.853	34.8528	0.00171933	9.67863e-05	2
113.36	35.6537	0.00180352	0.000128769	2
112.86	36.4515	0.00188905	0.000161706	2
112.354	37.2462	0.00197588	0.000195551	2
111.842	38.0381	0.00206394	0.000230259	2
111.324	38.8272	0.0021532	0.000265785	2
110.801	39.6137	0.0022436	0.000302082	2
110.273	40.3976	0.0023351	0.000339105	2
109.74	41.1791	0.00242763	0.000376808	2
109.202	41.9584	0.00252117	0.000415146	2
108.66	42.7354	0.00261564	0.000454074	2
108.114	43.5103	0.00271101	0.000493545	2
107.571	44.2745	0.00280612	0.000533052	2
107.018	45.0456	0.00290312	0.000573468	2
106.461	45.8151	0.00300087	0.000614292	2
105.902	46.5829	0.00309932	0.000655478	2
105.34	47.3493	0.00319842	0.00069698	2
104.776	48.1142	0.00329811	0.000738752	2
104.209	48.8779	0.00339835	0.000780749	2
103.641	49.6405	0.0034991	0.000822926	2
103.071	50.402	0.00360029	0.000865236	2
102.5	51.1626	0.00370188	0.000907635	2
101.928	51.9224	0.00380382	0.000950076	2
101.355	52.6815	0.00390606	0.000992514	2
100.781	53.44	0.00400855	0.0010349	2
100.208	54.1981	0.00411125	0.0010772	2
99.6346	54.9559	0.00421409	0.00111935	2
99.0616	55.7134	0.00431704	0.00116132	2
98.4892	56.4708	0.00442004	0.00120306	2
97.9178	57.2282	0.00452305	0.00124452	2
97.3476	57.9857	0.00462601	0.00128566	2
96.7789	58.7435	0.00472887	0.00132644	2
96.2119	59.5016	0.00483159	0.0013668	2
95.647	60.2602	0.00493411	0.00140669	2
95.0844	61.0194	0.00503639	0.00144609	2
94.5243	61.7793	0.00513837	0.00148493	2
93.9736	62.5312	0.00523885	0.00152275	2
93.4195	63.2928	0.0053401	0.00156036	2
92.8688	64.0555	0.00544091	0.00159729	2
92.3219	64.8193	0.00554123	0.00163349	2
91.7789	65.5844	0.005641	0.0016689	2
91.2401	66.3508	0.00574019	0.0017035	2
90.7059	67.1188	0.00583874	0.00173723	2
90.1765	67.8884	0.00593659	0.00177004	2
89.6521	68.6598	0.00603371	0.00180189	2
89.1331	69.433	0.00613003	0.00183273	2
88.6196	70.2081	0.00622552	0.00186253	2
88.1121	70.9854	0.00632012	0.00189123	2
87.6108	71.7649	0.00641378	0.00191878	2
87.1159	72.5466	0.00650645	0.00194515	2
86.6277	73.3308	0.00659809	0.00197028	2
86.1466	74.1176	0.00668864	0.00199414	2
85.6727	74.907	0.00677805	0.00201666	2
85.2064	75.6992	0.00686628	0.00203782	2
84.7478	76.4942	0.00695327	0.00205756	2
84.2974	77.2923	0.00703898	0.00207585	2
83.8554	78.0935	0.00712335	0.00209262	2
83.4221	78.898	0.00720634	0.00210784	2
82.9976	79.7058	0.0072879	0.00212146	2
82.5871	80.5077	0.00736706	0.00213331	2
82.1813	81.3225	0.00744562	0.00214362	2
81.7852	82.141	0.00752259	0.00215219	2
81.3991	82.9634	0.00759794	0.00215898	2

