-125.001	2.01204	1.27709e-08	-9.47848e-08	2
-125.08	3.04011	1.30526e-06	-8.3568e-06	2
-125.189	4.06468	2.98783e-06	-1.69315e-05	2
-125.327	5.07399	5.02421e-06	-2.57153e-05	2
-125.491	6.05699	7.3619e-06	-3.45952e-05	2
-125.684	7.03681	1.0032e-05	-4.37691e-05	2
-125.904	8.00222	1.29856e-05	-5.31261e-05	2
-126.15	8.95351	1.61993e-05	-6.26576e-05	2
-126.421	9.89097	1.96495e-05	-7.2355e-05	2
-126.717	10.8149	2.33128e-05	-8.22094e-05	2
-127.038	11.7255	2.71656e-05	-9.22121e-05	2
-127.382	12.6232	3.11844e-05	-0.000102355	2
-127.748	13.5082	3.53457e-05	-0.000112628	2
-128.137	14.3807	3.96261e-05	-0.000123024	2
-128.547	15.2412	4.40019e-05	-0.000133533	2
-128.978	16.0898	4.84497e-05	-0.000144147	2
-129.43	16.9269	5.2946e-05	-0.000154858	2
-129.901	17.7527	5.74673e-05	-0.000165656	2
-130.391	18.5675	6.19901e-05	-0.000176533	2
-130.899	19.3716	6.64908e-05	-0.00018748	2
-131.424	20.1653	7.0946e-05	-0.000198488	2
-131.967	20.9489	7.53321e-05	-0.000209549	2
-132.526	21.7227	7.96256e-05	-0.000220654	2
-133.1	22.4869	8.38031e-05	-0.000231795	2
-133.69	23.2418	8.78411e-05	-0.000242962	2
-134.293	23.9878	9.17159e-05	-0.000254147	2
-134.904	24.7166	9.53629e-05	-0.000265213	2
-135.534	25.4456	9.88436e-05	-0.000276408	2
-136.177	26.1664	0.000102091	-0.000287595	2
-136.831	26.8794	0.000105082	-0.000298765	2
-137.497	27.5848	0.000107792	-0.00030991	2
-138.172	28.283	0.000110198	-0.00032102	2
-138.858	28.9741	0.000112277	-0.000332088	2
-139.553	29.6586	0.000114005	-0.000343104	2
-140.256	30.3367	0.000115359	-0.00035406	2
-140.967	31.0086	0.000116315	-0.000364948	2
-141.685	31.6747	0.000116849	-0.000375757	2
-142.409	32.3352	0.000116939	-0.00038648	2
-143.139	32.9904	0.00011656	-0.000397109	2
-143.875	33.6407	0.000115689	-0.000407633	2
-144.615	34.2863	0.000114303	-0.000418046	2
-145.359	34.9274	0.000112378	-0.000428337	2
-146.106	35.5644	0.00010989	-0.000438498	2
-146.855	36.1976	0.000106817	-0.000448521	2
-147.607	36.8272	0.000103134	-0.000458397	2
-148.36	37.4535	9.88182e-05	-0.000468116	2
-149.113	38.0769	9.38459e-05	-0.000477672	2
-149.866	38.6975	8.81936e-05	-0.000487054	2
-150.619	39.3158	8.18378e-05	-0.000496254	2
-151.361	39.9248	7.48407e-05	-0.000505161	2
-152.11	40.5391	6.70162e-05	-0.000513973	2
-152.857	41.1518	5.8418e-05	-0.000522578	2
-153.6	41.7632	4.90226e-05	-0.000530965	2
-154.339	42.3736	3.88064e-05	-0.000539128	2
-155.073	42.9833	2.7746e-05	-0.000547056	2
-155.802	43.5926	1.58178e-05	-0.000554742	2
-156.526	44.2018	2.99835e-06	-0.000562176	2
-157.242	44.8111	-1.07359e-05	-0.000569351	2
-157.951	45.4209	-2.54084e-05	-0.000576256	2
-158.653	46.0313	-4.10426e-05	-0.000582884	2
-159.346	46.6428	-5.76622e-05	-0.000589226	2
-160.029	47.2556	-7.52906e-05	-0.000595272	2
-160.703	47.8699	-9.39513e-05	-0.000601016	2
-161.366	48.4861	-0.000113668	-0.000606446	2
-162.018	49.1045	-0.000134464	-0.000611556	2
-162.658	49.7252	-0.000156362	-0.000616337	2
-163.286	50.3487	-0.000179387	-0.000620778	2
-163.901	50.9752	-0.000203562	-0.000624873	2
-164.501	51.605	-0.00022891	-0.000628612	2
-165.088	52.2384	-0.000255455	-0.000631987	2
-165.659	52.8756	-0.000283221	-0.000634988	2
-166.214	53.517	-0.00031223	-0.000637608	2
-166.753	54.1628	-0.000342506	-0.000639837	2
-167.269	54.8058	-0.000373704	-0.000641648	2
-167.773	55.4613	-0.00040657	-0.000643074	2
-168.259	56.122	-0.000440775	-0.000644084	2
-168.726	56.7883	-0.00047634	-0.000644669	2
-169.173	57.4605	-0.00051329	-0.00064482	2
-169.6	58.1388	-0.000551648	-0.000644528	2
-170.006	58.8236	-0.000591438	-0.000643785	2
-170.39	59.515	-0.000632683	-0.000642582	2
-170.752	60.2135	-0.000675407	-0.00064091	2
-171.091	60.9192	-0.000719633	-0.000638761	2
-171.407	61.6325	-0.000765385	-0.000636125	2
-171.698	62.3537	-0.000812685	-0.000632995	2
-171.964	63.0829	-0.000861559	-0.000629361	2
-172.204	63.8207	-0.000912029	-0.000625216	2
-172.419	64.5671	-0.000964118	-0.000620549	2
-172.606	65.3225	-0.00101785	-0.000615352	2
-172.766	66.0872	-0.00107325	-0.000609618	2
-172.898	66.8615	-0.00113034	-0.000603336	2
-173.001	67.6456	-0.00118914	-0.000596499	2
-173.074	68.4399	-0.00124968	-0.000589097	2
-173.117	69.2446	-0.00131199	-0.000581123	2
-173.13	70.06	-0.00137607	-0.000572566	2
-173.111	70.8863	-0.00144196	-0.000563419	2
-173.06	71.7143	-0.0015089	-0.000553789	2
-172.976	72.5634	-0.00157846	-0.000543442	2
-172.859	73.4244	-0.00164989	-0.000532478	2
-172.708	74.2974	-0.00172323	-0.00052089	2

-75.0032	2.01379	5.56817e-07	-1.33558e-07	2
-75.2868	3.18833	4.81482e-05	-1.0815e-05	2
-75.596	4.35407	9.57017e-05	-2.00201e-05	2
-75.9273	5.49758	0.000142664	-2.7642e-05	2
-76.2761	6.60649	0.000188507	-3.36465e-05	2
-76.65	7.70694	0.000234302	-3.82e-05	2
-77.0449	8.7863	0.000279514	-4.12505e-05	2
-77.4602	9.84494	0.000324147	-4.28248e-05	2
-77.8957	10.8832	0.000368203	-4.29497e-05	2
-78.3509	11.9016	0.000411686	-4.16521e-05	2
-78.8254	12.9003	0.000454598	-3.89588e-05	2
-79.3188	13.8799	0.000496944	-3.48966e-05	2
-79.8308	14.8406	0.000538725	-2.94923e-05	2
-80.3609	15.7829	0.000579945	-2.27727e-05	2
-80.9088	16.7071	0.000620607	-1.47647e-05	2
-81.4741	17.6135	0.000660714	-5.49504e-06	2
-82.0564	18.5027	0.000700269	5.00941e-06	2
-82.6553	19.3749	0.000739275	1.67218e-05	2
-83.2704	20.2306	0.000777735	2.96154e-05	2
-83.9013	21.07	0.000815652	4.36634e-05	2
-84.5476	21.8936	0.00085303	5.88388e-05	2
-85.209	22.7018	0.00088987	7.5115e-05	2
-85.885	23.495	0.000926177	9.2465e-05	2
-86.5753	24.2734	0.000961954	0.000110862	2
-87.2795	25.0376	0.000997202	0.000130279	2
-87.9971	25.7878	0.00103193	0.00015069	2
-88.7194	26.516	0.00106574	0.000171817	2
-89.4627	27.2397	0.00109943	0.000194123	2
-90.2183	27.9505	0.0011326	0.000217343	2
-90.9859	28.6489	0.00116527	0.000241449	2
-91.765	29.3352	0.00119742	0.000266415	2
-92.5552	30.0099	0.00122907	0.000292214	2
-93.3562	30.6733	0.00126021	0.000318818	2
-94.1676	31.3257	0.00129085	0.000346202	2
-94.9889	31.9676	0.001321	0.000374338	2
-95.8199	32.5994	0.00135065	0.0004032	2
-96.66	33.2213	0.00137981	0.000432761	2
-97.509	33.8339	0.00140849	0.000462993	2
-98.3664	34.4374	0.00143667	0.00049387	2
-99.2318	35.0322	0.00146438	0.000525366	2
-100.105	35.6188	0.00149161	0.000557453	2
-100.985	36.1974	0.00151836	0.000590105	2
-101.872	36.7686	0.00154464	0.000623294	2
-102.766	37.3325	0.00157045	0.000656995	2
-103.666	37.8898	0.00159579	0.00069118	2
-104.571	38.4406	0.00162067	0.000725822	2
-105.482	38.9854	0.00164509	0.000760894	2
-106.398	39.5245	0.00166905	0.00079637	2
-107.318	40.0584	0.00169255	0.000832223	2
-108.231	40.5813	0.00171535	0.000868009	2
-109.16	41.1058	0.00173796	0.000904531	2
-110.091	41.6262	0.00176013	0.000941351	2
-111.025	42.1429	0.00178185	0.00097844	2
-111.962	42.6561	0.00180313	0.00101577	2
-112.901	43.1663	0.00182398	0.00105332	2
-113.842	43.6739	0.0018444	0.00109106	2
-114.785	44.1793	0.00186438	0.00112896	2
-115.728	44.6828	0.00188394	0.001167	2
-116.672	45.1847	0.00190308	0.00120514	2
-117.616	45.6856	0.00192179	0.00124337	2
-118.561	46.1857	0.00194009	0.00128165	2
-119.504	46.6854	0.00195797	0.00131997	2
-120.447	47.1851	0.00197544	0.00135828	2
-121.388	47.6852	0.0019925	0.00139657	2
-122.328	48.1861	0.00200915	0.0014348	2
-123.266	48.6881	0.0020254	0.00147296	2
-124.201	49.1916	0.00204126	0.00151101	2
-125.133	49.6971	0.00205671	0.00154893	2
-126.062	50.2047	0.00207178	0.00158669	2
-126.987	50.7151	0.00208645	0.00162427	2
-127.908	51.2284	0.00210073	0.00166163	2
-128.825	51.7452	0.00211463	0.00169875	2
-129.737	52.2657	0.00212815	0.00173561	2
-130.634	52.7843	0.00214114	0.00177175	2
-131.535	53.3135	0.00215391	0.001808	2
-132.43	53.8475	0.00216631	0.0018439	2
-133.319	54.3869	0.00217834	0.00187942	2
-134.202	54.9319	0.00219	0.00191455	2
-135.077	55.4829	0.0022013	0.00194925	2
-135.944	56.0403	0.00221224	0.00198349	2
-136.804	56.6046	0.00222282	0.00201725	2
-137.655	57.176	0.00223305	0.00205051	2
-138.497	57.7549	0.00224293	0.00208323	2
-139.331	58.3417	0.00225246	0.00211539	2
-140.155	58.9369	0.00226165	0.00214696	2
-140.969	59.5407	0.00227049	0.00217792	2
-141.773	60.1536	0.00227899	0.00220824	2
-142.566	60.7759	0.00228716	0.00223789	2
-143.348	61.4079	0.002295	0.00226684	2
-144.119	62.0502	0.00230251	0.00229507	2
-144.878	62.703	0.00230969	0.00232255	2
-145.624	63.3668	0.00231655	0.00234925	2
-146.358	64.0419	0.00232308	0.00237516	2
-147.079	64.7286	0.0023293	0.00240023	2
-147.787	65.4275	0.00233521	0.00242445	2
-148.481	66.1387	0.0023408	0.00244778	2
-149.153	66.8544	0.00234603	0.00246995	2
-149.818	67.5915	0.00235102	0.00249145	2
-150.468	68.3422	0.0023557	0.00251199	2
-151.104	69.1068	0.00236008	0.00253153	2

-25.0044	2.01253	4.6692e-07	1.94836e-07	2
-25.374	3.08893	4.06186e-05	1.64951e-05	2
-25.7312	4.1747	8.12323e-05	3.20733e-05	2
-26.0719	5.25735	0.000121844	4.67427e-05	2
-26.3926	6.32451	0.00016199	6.03579e-05	2
-26.7009	7.40103	0.000202607	7.32432e-05	2
-26.9933	8.47452	0.000243232	8.52431e-05	2
-27.2698	9.545	0.000283866	9.63655e-05	2
-27.5307	10.6125	0.000324514	0.000106618	2
-27.7761	11.6771	0.000365179	0.000116009	2
-28.0063	12.7387	0.000405862	0.000124546	2
-28.2214	13.7975	0.000446569	0.000132237	2
-28.4215	14.8534	0.000487301	0.000139089	2
-28.607	15.9065	0.000528061	0.000145112	2
-28.7779	16.9568	0.000568854	0.000150311	2
-28.9344	18.0043	0.000609681	0.000154696	2
-29.0767	19.0491	0.000650546	0.000158274	2
-29.2051	20.0913	0.000691451	0.000161054	2
-29.3196	21.1307	0.000732401	0.000163042	2
-29.4204	22.1675	0.000773398	0.000164247	2
-29.5079	23.2017	0.000814444	0.000164677	2
-29.582	24.2333	0.000855544	0.000164339	2
-29.6431	25.2624	0.0008967	0.000163242	2
-29.6912	26.2889	0.000937915	0.000161393	2
-29.7266	27.313	0.000979192	0.0001588	2
-29.7495	28.3346	0.00102053	0.000155471	2
-29.7599	29.3421	0.00106147	0.000151465	2
-29.7584	30.3589	0.00110295	0.000146695	2
-29.7448	31.3734	0.00114451	0.000141214	2
-29.7194	32.3855	0.00118614	0.000135027	2
-29.6824	33.3953	0.00122785	0.000128144	2
-29.6339	34.4028	0.00126965	0.000120572	2
-29.5741	35.4081	0.00131154	0.000112319	2
-29.5033	36.4112	0.00135351	0.000103393	2
-29.4215	37.4121	0.00139558	9.38013e-05	2
-29.329	38.4109	0.00143774	8.35522e-05	2
-29.2259	39.4075	0.00148	7.26535e-05	2
-29.1124	40.4021	0.00152237	6.11131e-05	2
-28.9888	41.3946	0.00156483	4.89388e-05	2
-28.8551	42.385	0.00160741	3.61384e-05	2
-28.7117	43.3735	0.0016501	2.272e-05	2
-28.5586	44.36	0.0016929	8.69119e-06	2
-28.396	45.3445	0.00173582	-5.94001e-06	2
-28.2241	46.3272	0.00177886	-2.11658e-05	2
-28.0431	47.3079	0.00182202	-3.69782e-05	2
-27.8532	48.2868	0.00186531	-5.33695e-05	2
-27.6546	49.264	0.00190873	-7.03318e-05	2
-27.4474	50.2393	0.00195228	-8.78572e-05	2
-27.2319	51.2128	0.00199597	-0.000105938	2
-27.0108	52.1735	0.00203929	-0.000124349	2
-26.7791	53.1437	0.00208325	-0.00014351	2
-26.5396	54.1122	0.00212736	-0.000163203	2
-26.2924	55.0791	0.00217162	-0.00018342	2
-26.0378	56.0443	0.00221603	-0.000204153	2
-25.7759	57.008	0.00226059	-0.000225394	2
-25.5069	57.9702	0.00230531	-0.000247136	2
-25.2309	58.9308	0.00235019	-0.00026937	2
-24.9483	59.89	0.00239523	-0.000292088	2
-24.659	60.8477	0.00244044	-0.000315283	2
-24.3634	61.804	0.00248582	-0.000338947	2
-24.0616	62.7589	0.00253137	-0.000363072	2
-23.7537	63.7125	0.0025771	-0.00038765	2
-23.4401	64.6647	0.002623	-0.000412674	2
-23.1208	65.6156	0.00266908	-0.000438135	2
-22.796	66.5652	0.00271535	-0.000464025	2
-22.4659	67.5137	0.00276181	-0.000490337	2
-22.1307	68.4609	0.00280846	-0.000517062	2
-21.7906	69.4069	0.0028553	-0.000544194	2
-21.4457	70.3518	0.00290234	-0.000571724	2
-21.0963	71.2956	0.00294957	-0.000599644	2
-20.7425	72.2383	0.00299701	-0.000627946	2
-20.3844	73.1799	0.00304466	-0.000656623	2
-20.0224	74.1205	0.00309251	-0.000685666	2
-19.6608	75.0494	0.00314003	-0.000714728	2
-19.2913	75.988	0.00318831	-0.000744477	2
-18.9183	76.9258	0.0032368	-0.000774569	2
-18.5421	77.8626	0.00328552	-0.000804997	2
-18.1627	78.7986	0.00333447	-0.000835752	2
-17.7804	79.7337	0.00338364	-0.000866826	2
-17.3954	80.668	0.00343304	-0.000898212	2
-17.0078	81.6016	0.00348267	-0.000929902	2
-16.6178	82.5344	0.00353254	-0.000961887	2
-16.2256	83.4664	0.00358265	-0.000994161	2
-15.8313	84.3978	0.003633	-0.00102672	2
-15.4353	85.3285	0.0036836	-0.00105954	2
-15.0375	86.2586	0.00373444	-0.00109263	2
-14.6383	87.1881	0.00378554	-0.00112598	2
-14.2378	88.1171	0.00383689	-0.00115958	2
-13.8362	89.0455	0.0038885	-0.00119341	2
-13.4336	89.9734	0.00394037	-0.00122748	2
-13.0303	90.9008	0.0039925	-0.00126178	2
-12.6264	91.8278	0.00404491	-0.00129629	2
-12.2222	92.7543	0.00409758	-0.00133101	2
-11.8177	93.6805	0.00415052	-0.00136594	2
-11.4132	94.6064	0.00420374	-0.00140105	2
-11.0088	95.5319	0.00425724	-0.00143636	2
-10.6095	96.4464	0.0043104	-0.00147143	2
-10.206	97.3714	0.00436447	-0.00150708	2
-9.80316	98.2961	0.00441882	-0.00154289	2
-9.40124	99.2207	0.00447346	-0.00157886	2

24.9975	2.01348	-3.0439e-07	-9.154e-08	2
24.7956	3.161	-2.69076e-05	-7.1559e-06	2
24.6238	4.29905	-5.46627e-05	-1.26936e-05	2
24.4842	5.41443	-8.3245e-05	-1.66384e-05	2
24.3775	6.49499	-0.000112292	-1.89971e-05	2
24.3005	7.56617	-0.000142459	-1.98496e-05	2
24.2545	8.61556	-0.000173392	-1.91847e-05	2
24.2387	9.64345	-0.00020507	-1.70279e-05	2
24.2529	10.6501	-0.000237475	-1.34043e-05	2
24.2966	11.6359	-0.000270585	-8.33934e-06	2
24.3692	12.6011	-0.000304379	-1.85823e-06	2
24.4704	13.5459	-0.000338839	6.01372e-06	2
24.5997	14.4707	-0.000373942	1.52512e-05	2
24.7566	15.3758	-0.000409669	2.58289e-05	2
24.9406	16.2614	-0.000445999	3.77216e-05	2
25.1514	17.1279	-0.000482912	5.0904e-05	2
25.3884	17.9756	-0.000520388	6.53507e-05	2
25.6512	18.8046	-0.000558407	8.10365e-05	2
25.9393	19.6154	-0.000596947	9.7936e-05	2
26.2523	20.4082	-0.000635988	0.000116024	2
26.5897	21.1834	-0.000675511	0.000135275	2
26.9511	21.9411	-0.000715495	0.000155664	2
27.336	22.6818	-0.000755919	0.000177166	2
27.7439	23.4056	-0.000796763	0.000199755	2
28.1744	24.113	-0.000838007	0.000223406	2
28.6271	24.8041	-0.00087963	0.000248094	2
29.0958	25.4716	-0.000921128	0.000273492	2
29.5911	26.1314	-0.000963445	0.000300166	2
30.1071	26.7758	-0.00100608	0.000327801	2
30.6435	27.4052	-0.00104901	0.000356372	2
31.1997	28.0198	-0.00109222	0.000385854	2
31.7753	28.62	-0.00113569	0.000416221	2
32.3698	29.206	-0.0011794	0.000447447	2
32.9827	29.7781	-0.00122332	0.000479509	2
33.6137	30.3366	-0.00126744	0.00051238	2
34.2623	30.8819	-0.00131173	0.000546035	2
34.9279	31.4142	-0.00135618	0.000580448	2
35.6102	31.9337	-0.00140077	0.000615595	2
36.3087	32.4409	-0.00144547	0.00065145	2
37.0229	32.936	-0.00149026	0.000687989	2
37.7524	33.4192	-0.00153513	0.000725184	2
38.4967	33.8909	-0.00158005	0.000763012	2
39.2553	34.3514	-0.00162501	0.000801447	2
40.0278	34.8009	-0.00166997	0.000840464	2
40.8138	35.2398	-0.00171493	0.000880037	2
41.6127	35.6684	-0.00175987	0.000920141	2
42.4242	36.0869	-0.00180475	0.000960752	2
43.2477	36.4956	-0.00184957	0.00100184	2
44.0828	36.8949	-0.00189429	0.00104339	2
44.9193	37.2805	-0.0019384	0.00108488	2
45.7761	37.6618	-0.00198289	0.00112725	2
46.6432	38.0345	-0.00202723	0.00117001	2
47.5201	38.3989	-0.0020714	0.00121312	2
48.4062	38.7553	-0.00211538	0.00125656	2
49.3013	39.104	-0.00215915	0.0013003	2
50.2047	39.4452	-0.00220268	0.00134432	2
51.1161	39.7793	-0.00224597	0.0013886	2
52.035	40.1066	-0.00228898	0.0014331	2
52.9609	40.4274	-0.0023317	0.0014778	2
53.8934	40.7419	-0.00237411	0.00152269	2
54.832	41.0504	-0.00241619	0.00156772	2
55.7763	41.3533	-0.00245791	0.00161288	2
56.7258	41.6509	-0.00249926	0.00165814	2
57.68	41.9433	-0.00254021	0.00170348	2
58.6385	42.231	-0.00258075	0.00174887	2
59.6008	42.5141	-0.00262085	0.00179429	2
60.5665	42.7931	-0.0026605	0.0018397	2
61.5351	43.0682	-0.00269968	0.00188509	2
62.5062	43.3397	-0.00273835	0.00193043	2
63.4792	43.6079	-0.00277651	0.00197569	2
64.4538	43.873	-0.00281414	0.00202086	2
65.4295	44.1354	-0.0028512	0.00206589	2
66.4058	44.3954	-0.00288769	0.00211078	2
67.371	44.6503	-0.00292318	0.00215497	2
68.3472	44.9063	-0.00295846	0.00219948	2
69.3226	45.1608	-0.0029931	0.00224376	2
70.2969	45.414	-0.00302708	0.00228779	2
71.2694	45.6662	-0.00306038	0.00233155	2
72.2399	45.9178	-0.00309299	0.00237499	2
73.2078	46.1689	-0.00312487	0.00241811	2
74.1726	46.42	-0.00315602	0.00246088	2
75.134	46.6713	-0.0031864	0.00250327	2
76.0914	46.9231	-0.003216	0.00254525	2
77.0444	47.1757	-0.0032448	0.00258681	2
77.9925	47.4293	-0.00327278	0.0026279	2
78.9353	47.6843	-0.00329992	0.00266852	2
79.8723	47.941	-0.0033262	0.00270864	2
80.8031	48.1997	-0.00335159	0.00274822	2
81.7272	48.4606	-0.00337608	0.00278725	2
82.6441	48.7241	-0.00339964	0.00282569	2
83.5535	48.9904	-0.00342227	0.00286353	2
84.4547	49.2599	-0.00344392	0.00290074	2
85.3475	49.5328	-0.00346459	0.00293729	2
86.2312	49.8094	-0.00348426	0.00297316	2
87.1055	50.09	-0.0035029	0.00300832	2
87.9699	50.3749	-0.0035205	0.00304274	2
88.8142	50.6611	-0.00353685	0.00307603	2
89.6575	50.9555	-0.0035523	0.00310893	2
90.4896	51.2551	-0.00356665	0.00314101	2
91.31	51.5601	-0.00357988	0.00317226	2

74.9924	2.01323	3.95189e-07	-4.10244e-08	2
74.3566	3.1461	3.28948e-05	-2.96893e-06	2
73.7434	4.28293	6.28183e-05	-4.73865e-06	2
73.1603	5.41048	8.98253e-05	-5.332e-06	2
72.6131	6.51596	0.000113709	-4.78472e-06	2
72.0888	7.62507	0.00013508	-3.10671e-06	2
71.5937	8.7249	0.000153699	-3.20579e-07	2
71.1273	9.81545	0.00016962	3.55084e-06	2
70.6896	10.8967	0.000182898	8.4847e-06	2
70.28	11.9687	0.000193589	1.44582e-05	2
69.8985	13.0314	0.000201747	2.14484e-05	2
69.5446	14.0848	0.000207427	2.94326e-05	2
69.218	15.1289	0.000210685	3.83879e-05	2
68.9186	16.1637	0.000211575	4.82914e-05	2
68.6459	17.1892	0.000210151	5.91204e-05	2
68.3997	18.2054	0.000206469	7.0852e-05	2
68.1797	19.2123	0.000200585	8.34633e-05	2
67.9856	20.2099	0.000192551	9.69315e-05	2
67.8171	21.1982	0.000182425	0.000111234	2
67.6739	22.1772	0.00017026	0.000126347	2
67.5557	23.1469	0.000156111	0.000142249	2
67.4623	24.1072	0.000140034	0.000158917	2
67.3932	25.0583	0.000122083	0.000176327	2
67.3483	26	0.000102313	0.000194457	2
67.3272	26.9324	8.07796e-05	0.000213284	2
67.3297	27.8555	5.75369e-05	0.000232786	2
67.355	28.7588	3.29354e-05	0.000252703	2
67.4034	29.6633	6.45747e-06	0.000273478	2
67.4745	30.5585	-2.15654e-05	0.000294858	2
67.5679	31.4444	-5.10782e-05	0.000316821	2
67.6834	32.3209	-8.20261e-05	0.000339345	2
67.8207	33.1881	-0.000114354	0.000362406	2
67.9794	34.046	-0.000148007	0.000385982	2
68.1594	34.8945	-0.000182931	0.000410049	2
68.3602	35.7337	-0.00021907	0.000434586	2
68.5816	36.5635	-0.00025637	0.000459568	2
68.8234	37.384	-0.000294775	0.000484974	2
69.0851	38.1952	-0.000334231	0.00051078	2
69.3666	38.9969	-0.000374682	0.000536964	2
69.6675	39.7894	-0.000416075	0.000563503	2
69.9875	40.5724	-0.000458353	0.000590374	2
70.3264	41.3461	-0.000501463	0.000617553	2
70.6837	42.1105	-0.000545348	0.000645019	2
71.0594	42.8655	-0.000589955	0.000672748	2
71.453	43.6111	-0.000635228	0.000700718	2
71.8642	44.3473	-0.000681113	0.000728906	2
72.2928	45.0742	-0.000727554	0.000757289	2
72.7384	45.7917	-0.000774496	0.000785843	2
73.2009	46.4999	-0.000821885	0.000814547	2
73.6742	47.1906	-0.000869115	0.000843045	2
74.1691	47.8801	-0.000917229	0.000871978	2
74.6799	48.5602	-0.000965626	0.000900992	2
75.2062	49.2309	-0.00101425	0.000930064	2
75.7479	49.8922	-0.00106305	0.000959171	2
76.3046	50.5442	-0.00111196	0.000988291	2
76.876	51.1867	-0.00116094	0.0010174	2
77.4618	51.8199	-0.00120993	0.00104648	2
78.0618	52.4436	-0.00125886	0.0010755	2
78.6756	53.058	-0.0013077	0.00110444	2
79.3029	53.6629	-0.00135638	0.00113328	2
79.9434	54.2585	-0.00140485	0.00116199	2
80.5969	54.8446	-0.00145305	0.00119056	2
81.2631	55.4213	-0.00150093	0.00121896	2
81.9416	55.9887	-0.00154844	0.00124716	2
82.6322	56.5466	-0.00159551	0.00127515	2
83.3345	57.0951	-0.00164209	0.0013029	2
84.0483	57.6342	-0.00168814	0.00133039	2
84.7733	58.1638	-0.00173359	0.00135759	2
85.5092	58.6841	-0.00177839	0.00138449	2
86.2556	59.1949	-0.00182248	0.00141105	2
87.0124	59.6963	-0.00186581	0.00143727	2
87.7791	60.1883	-0.00190833	0.0014631	2
88.5556	60.6708	-0.00194997	0.00148854	2
89.3324	61.1385	-0.00199023	0.00151328	2
90.1273	61.6023	-0.00202998	0.00153785	2
90.931	62.0566	-0.0020687	0.00156197	2
91.7432	62.5015	-0.00210632	0.00158559	2
92.5637	62.937	-0.0021428	0.0016087	2
93.3921	63.363	-0.00217809	0.00163127	2
94.2282	63.7795	-0.00221211	0.00165329	2
95.0716	64.1867	-0.00224483	0.00167472	2
95.9221	64.5843	-0.00227619	0.00169555	2
96.7793	64.9725	-0.00230612	0.00171576	2
97.6431	65.3513	-0.00233458	0.00173531	2
98.513	65.7206	-0.00236152	0.0017542	2
99.3887	66.0804	-0.00238686	0.00177238	2
100.27	66.4308	-0.00241057	0.00178985	2
101.157	66.7717	-0.00243259	0.00180658	2
102.048	67.1032	-0.00245286	0.00182254	2
102.945	67.4251	-0.00247132	0.00183772	2
103.846	67.7377	-0.00248793	0.00185209	2
104.75	68.0407	-0.00250262	0.00186563	2
105.659	68.3342	-0.00251534	0.00187831	2
106.571	68.6183	-0.00252604	0.00189011	2
107.487	68.8929	-0.00253467	0.00190102	2
108.405	69.158	-0.00254115	0.00191099	2
109.316	69.4108	-0.00254542	0.00191993	2
110.239	69.657	-0.0025475	0.001928	2
111.164	69.8938	-0.00254729	0.00193509	2
112.091	70.121	-0.00254473	0.00194115	2

124.998	2.01012	4.36053e-07	5.96316e-08	2
124.811	2.88256	3.63915e-05	4.79742e-06	2
124.603	3.76913	6.96893e-05	8.81883e-06	2
124.377	4.65953	9.99427e-05	1.20856e-05	2
124.136	5.54329	0.000126904	1.4594e-05	2
123.876	6.44079	0.00015125	1.64236e-05	2
123.599	7.3416	0.000172698	1.75623e-05	2
123.307	8.24554	0.000191297	1.80315e-05	2
122.999	9.15246	0.000207097	1.78526e-05	2
122.677	10.0622	0.000220147	1.70468e-05	2
122.341	10.9745	0.000230496	1.56356e-05	2
121.992	11.8893	0.000238193	1.36402e-05	2
121.63	12.8063	0.000243287	1.10821e-05	2
121.256	13.7254	0.000245827	7.98259e-06	2
120.871	14.6465	0.000245863	4.363e-06	2
120.475	15.5693	0.000243444	2.4468e-07	2
120.068	16.4937	0.000238619	-4.35101e-06	2
119.652	17.4195	0.000231436	-9.40273e-06	2
119.227	18.3466	0.000221946	-1.48891e-05	2
118.793	19.2747	0.000210197	-2.07888e-05	2
118.351	20.2036	0.000196238	-2.70806e-05	2
117.903	21.1333	0.000180119	-3.37429e-05	2
117.447	22.0636	0.000161888	-4.07545e-05	2
116.986	22.9942	0.000141595	-4.80941e-05	2
116.519	23.925	0.00011929	-5.57402e-05	2
116.047	24.8558	9.50198e-05	-6.36716e-05	2
115.577	25.7757	6.9147e-05	-7.17713e-05	2
115.097	26.7061	4.1118e-05	-8.02065e-05	2
114.615	27.6359	1.1272e-05	-8.88631e-05	2
114.13	28.5651	-2.03419e-05	-9.77198e-05	2
113.644	29.4934	-5.36746e-05	-0.000106755	2
113.156	30.4207	-8.86769e-05	-0.000115948	2
112.668	31.3468	-0.0001253	-0.000125277	2
112.179	32.2716	-0.000163494	-0.000134721	2
111.692	33.1948	-0.00020321	-0.000144258	2
111.205	34.1163	-0.000244399	-0.000153867	2
110.721	35.0359	-0.000287013	-0.000163526	2
110.238	35.9534	-0.000331001	-0.000173215	2
109.759	36.8687	-0.000376314	-0.000182912	2
109.284	37.7817	-0.000422904	-0.000192596	2
108.813	38.692	-0.000470722	-0.000202244	2
108.347	39.5996	-0.000519718	-0.000211837	2
107.886	40.5042	-0.000569842	-0.000221352	2
107.431	41.4058	-0.000621047	-0.000230769	2
106.983	42.3041	-0.000673282	-0.000240065	2
106.543	43.199	-0.0007265	-0.00024922	2
106.11	44.0902	-0.000780649	-0.000258212	2
105.686	44.9776	-0.000835682	-0.00026702	2
105.27	45.8611	-0.000891549	-0.000275623	2
104.87	46.7304	-0.000947546	-0.000283903	2
104.475	47.6055	-0.00100493	-0.000292034	2
104.09	48.4761	-0.00106299	-0.000299895	2
103.718	49.342	-0.0011217	-0.000307465	2
103.357	50.2031	-0.00118099	-0.000314723	2
103.009	51.0592	-0.00124083	-0.000321648	2
102.675	51.9102	-0.00130115	-0.000328218	2
102.354	52.7558	-0.00136192	-0.000334413	2
102.048	53.5958	-0.00142308	-0.000340209	2
101.758	54.4302	-0.00148458	-0.000345587	2
101.483	55.2587	-0.00154638	-0.000350525	2
101.224	56.0812	-0.00160842	-0.000355002	2
100.982	56.8974	-0.00167066	-0.000358996	2
100.758	57.7073	-0.00173304	-0.000362485	2
100.553	58.5106	-0.00179552	-0.000365449	2
100.366	59.3071	-0.00185806	-0.000367866	2
100.198	60.0968	-0.00192059	-0.000369715	2
100.05	60.8794	-0.00198307	-0.000370975	2
99.9236	61.6547	-0.00204545	-0.000371624	2
99.8179	62.4226	-0.00210768	-0.00037164	2
99.734	63.1829	-0.00216972	-0.000371003	2
99.6726	63.9354	-0.00223151	-0.000369691	2
99.6343	64.6799	-0.002293	-0.000367682	2
99.6196	65.4164	-0.00235415	-0.000364956	2
99.6289	66.1362	-0.00241421	-0.000361535	2
99.663	66.856	-0.00247453	-0.000357319	2
99.7226	67.5672	-0.00253435	-0.000352321	2
99.8083	68.2695	-0.00259364	-0.00034652	2
99.9207	68.9628	-0.00265234	-0.000339896	2
100.06	69.647	-0.00271039	-0.000332426	2
100.228	70.3219	-0.00276776	-0.000324089	2
100.424	70.9872	-0.0028244	-0.000314863	2
100.649	71.6429	-0.00288024	-0.000304729	2
100.904	72.2887	-0.00293525	-0.000293663	2
101.189	72.9245	-0.00298938	-0.000281645	2
101.505	73.5501	-0.00304257	-0.000268654	2
101.853	74.1653	-0.00309478	-0.000254668	2
102.233	74.77	-0.00314595	-0.000239665	2
102.645	75.364	-0.00319605	-0.000223625	2
103.091	75.9471	-0.00324502	-0.000206526	2
103.571	76.5191	-0.0032928	-0.000188347	2
104.085	77.0798	-0.00333936	-0.000169066	2
104.634	77.6292	-0.00338464	-0.000148662	2
105.22	78.167	-0.00342859	-0.000127114	2
105.841	78.693	-0.00347117	-0.0001044	2
106.5	79.2071	-0.00351232	-8.04988e-05	2
107.196	79.709	-0.00355199	-5.53894e-05	2
107.922	80.1932	-0.00358972	-2.93602e-05	2
108.695	80.6706	-0.00362632	-1.78448e-06	2
109.507	81.1353	-0.00366129	2.70634e-05	2
110.359	81.5873	-0.0036946	5.72048e-05	2

