-125.003	2.01217	-5.01111e-07	3.88758e-07	2
-125.288	3.04848	-4.3133e-05	3.30804e-05	2
-125.598	4.07644	-8.53409e-05	6.46752e-05	2
-125.93	5.0842	-0.000126643	9.48068e-05	2
-126.278	6.06088	-0.000166601	0.000123176	2
-126.651	7.02952	-0.000206162	0.000150464	2
-127.045	7.979	-0.000244876	0.000176356	2
-127.458	8.90966	-0.000282764	0.000200873	2
-127.89	9.82184	-0.000319845	0.000224039	2
-128.342	10.7159	-0.000356138	0.000245875	2
-128.812	11.5921	-0.000391664	0.000266404	2
-129.3	12.451	-0.000426443	0.000285648	2
-129.806	13.2927	-0.000460493	0.000303629	2
-130.33	14.1176	-0.000493835	0.00032037	2
-130.87	14.9261	-0.000526488	0.000335893	2
-131.427	15.7186	-0.000558473	0.000350221	2
-131.999	16.4953	-0.000589808	0.000363375	2
-132.588	17.2566	-0.000620514	0.000375379	2
-133.191	18.0029	-0.00065061	0.000386254	2
-133.81	18.7345	-0.000680117	0.000396022	2
-134.443	19.4517	-0.000709053	0.000404707	2
-135.09	20.1549	-0.000737438	0.000412329	2
-135.75	20.8444	-0.000765293	0.000418913	2
-136.424	21.5206	-0.000792636	0.00042448	2
-137.11	22.1838	-0.000819489	0.000429051	2
-137.809	22.8344	-0.000845869	0.000432651	2
-138.511	23.4654	-0.000871502	0.000435275	2
-139.233	24.0918	-0.000897004	0.000437008	2
-139.966	24.7066	-0.000922093	0.000437835	2
-140.71	25.3101	-0.000946789	0.000437778	2
-141.464	25.9027	-0.000971111	0.00043686	2
-142.228	26.4847	-0.00099508	0.000435104	2
-143.001	27.0565	-0.00101872	0.000432532	2
-143.783	27.6183	-0.00104204	0.000429165	2
-144.574	28.1706	-0.00106506	0.000425027	2
-145.373	28.7137	-0.00108782	0.00042014	2
-146.18	29.2479	-0.00111031	0.000414525	2
-146.994	29.7735	-0.00113258	0.000408206	2
-147.815	30.291	-0.00115462	0.000401204	2
-148.642	30.8006	-0.00117647	0.000393543	2
-149.476	31.3027	-0.00119815	0.000385244	2
-150.315	31.7977	-0.00121967	0.000376329	2
-151.159	32.2858	-0.00124105	0.000366821	2
-152.008	32.7674	-0.00126232	0.000356743	2
-152.862	33.243	-0.00128349	0.000346116	2
-153.72	33.7127	-0.00130458	0.000334963	2
-154.581	34.177	-0.00132561	0.000323306	2
-155.445	34.6362	-0.00134661	0.000311168	2
-156.313	35.0906	-0.00136759	0.00029857	2
-157.172	35.5354	-0.00138832	0.000285688	2
-158.043	35.9814	-0.00140932	0.000272244	2
-158.916	36.4236	-0.00143036	0.000258408	2
-159.79	36.8625	-0.00145147	0.000244202	2
-160.665	37.2983	-0.00147265	0.000229647	2
-161.54	37.7314	-0.00149393	0.000214768	2
-162.415	38.1621	-0.00151533	0.000199585	2
-163.289	38.5908	-0.00153687	0.000184122	2
-164.162	39.0178	-0.00155857	0.0001684	2
-165.034	39.4435	-0.00158045	0.000152442	2
-165.904	39.8682	-0.00160253	0.00013627	2
-166.771	40.2922	-0.00162483	0.000119907	2
-167.636	40.716	-0.00164736	0.000103374	2
-168.498	41.1397	-0.00167015	8.66952e-05	2
-169.357	41.5639	-0.00169322	6.98915e-05	2
-170.211	41.9888	-0.00171659	5.29856e-05	2
-171.062	42.4147	-0.00174027	3.59999e-05	2
-171.907	42.8421	-0.00176429	1.89567e-05	2
-172.747	43.2712	-0.00178867	1.87833e-06	2
-173.582	43.7024	-0.00181342	-1.52129e-05	2
-174.411	44.136	-0.00183857	-3.22947e-05	2
-175.233	44.5724	-0.00186413	-4.93447e-05	2
-176.049	45.012	-0.00189013	-6.63406e-05	2
-176.857	45.455	-0.00191658	-8.326e-05	2
-177.648	45.8966	-0.0019432	-9.9888e-05	2
-178.441	46.3475	-0.00197062	-0.000116589	2
-179.225	46.8029	-0.00199855	-0.000133147	2
-180	47.2632	-0.00202702	-0.00014954	2
-180.766	47.7286	-0.00205604	-0.000165744	2
-181.522	48.1996	-0.00208563	-0.000181739	2
-182.268	48.6764	-0.00211581	-0.000197501	2
-183.004	49.1594	-0.00214661	-0.000213008	2
-183.728	49.6489	-0.00217804	-0.000228238	2
-184.441	50.1454	-0.00221012	-0.000243169	2
-185.143	50.6491	-0.00224288	-0.000257778	2
-185.832	51.1604	-0.00227632	-0.000272043	2
-186.508	51.6796	-0.00231048	-0.000285941	2
-187.171	52.207	-0.00234536	-0.000299451	2
-187.821	52.7431	-0.002381	-0.000312549	2
-188.457	53.2881	-0.00241741	-0.000325215	2
-189.078	53.8424	-0.00245461	-0.000337424	2
-189.685	54.4063	-0.00249262	-0.000349156	2
-190.277	54.9803	-0.00253146	-0.000360387	2
-190.853	55.5645	-0.00257114	-0.000371095	2
-191.413	56.1594	-0.0026117	-0.000381259	2
-191.957	56.7654	-0.00265315	-0.000390855	2
-192.483	57.3826	-0.0026955	-0.000399861	2
-192.987	58.0043	-0.00273828	-0.000408163	2
-193.48	58.6452	-0.0027825	-0.00041593	2
-193.954	59.2984	-0.00282768	-0.000423041	2
-194.409	59.9644	-0.00287386	-0.000429474	2

-75.0025	2.01075	-7.2945e-07	9.71572e-08	2
-75.2157	2.93499	-6.12269e-05	8.74731e-06	2
-75.4304	3.86965	-0.000117973	1.80847e-05	2
-75.6441	4.80399	-0.0001703	2.80029e-05	2
-75.8542	5.72727	-0.000217744	3.83692e-05	2
-76.0657	6.66094	-0.00026147	4.94154e-05	2
-76.2761	7.59428	-0.000300964	6.10152e-05	2
-76.4854	8.52728	-0.000336288	7.31593e-05	2
-76.6936	9.45993	-0.000367506	8.58388e-05	2
-76.9006	10.3922	-0.000394678	9.90444e-05	2
-77.1065	11.3242	-0.000417867	0.000112767	2
-77.3112	12.2558	-0.000437137	0.000126997	2
-77.5147	13.187	-0.000452549	0.000141726	2
-77.717	14.1179	-0.000464166	0.000156945	2
-77.918	15.0484	-0.00047205	0.000172644	2
-78.1179	15.9785	-0.000476264	0.000188814	2
-78.3164	16.9083	-0.00047687	0.000205446	2
-78.5137	17.8376	-0.00047393	0.000222532	2
-78.7097	18.7666	-0.000467507	0.000240061	2
-78.9044	19.6952	-0.000457664	0.000258024	2
-79.0978	20.6234	-0.000444462	0.000276413	2
-79.2898	21.5513	-0.000427964	0.000295219	2
-79.4805	22.4787	-0.000408233	0.000314431	2
-79.6698	23.4057	-0.000385331	0.000334042	2
-79.8577	24.3323	-0.000359321	0.000354042	2
-80.0442	25.2585	-0.000330264	0.000374421	2
-80.2272	26.1736	-0.000298608	0.00039493	2
-80.4109	27.099	-0.000263679	0.000416038	2
-80.5931	28.024	-0.000225891	0.000437497	2
-80.7739	28.9485	-0.000185305	0.0004593	2
-80.9532	29.8726	-0.000141985	0.000481437	2
-81.131	30.7963	-9.5992e-05	0.000503899	2
-81.3073	31.7195	-4.73892e-05	0.000526677	2
-81.482	32.6423	3.76125e-06	0.000549762	2
-81.6552	33.5647	5.73968e-05	0.000573144	2
-81.8268	34.4866	0.000113455	0.000596814	2
-81.9969	35.408	0.000171874	0.000620764	2
-82.1654	36.329	0.00023259	0.000644984	2
-82.3322	37.2496	0.000295542	0.000669464	2
-82.4974	38.1696	0.000360667	0.000694197	2
-82.661	39.0893	0.000427903	0.000719172	2
-82.823	40.0084	0.000497187	0.00074438	2
-82.9832	40.9271	0.000568456	0.000769813	2
-83.1418	41.8453	0.000641649	0.000795461	2
-83.2986	42.763	0.000716703	0.000821315	2
-83.4538	43.6802	0.000793556	0.000847366	2
-83.6072	44.5969	0.000872145	0.000873605	2
-83.7588	45.5132	0.000952407	0.000900022	2
-83.9087	46.4289	0.00103428	0.000926609	2
-84.0551	47.3337	0.00111674	0.000953047	2
-84.2014	48.2484	0.00120163	0.000979944	2
-84.3458	49.1627	0.00128795	0.00100698	2
-84.4885	50.0764	0.00137563	0.00103415	2
-84.6293	50.9896	0.0014646	0.00106145	2
-84.7682	51.9023	0.00155482	0.00108886	2
-84.9052	52.8145	0.00164621	0.00111637	2
-85.0404	53.7262	0.00173872	0.00114399	2
-85.1736	54.6373	0.00183227	0.00117169	2
-85.3049	55.5479	0.00192682	0.00119946	2
-85.4343	56.4579	0.00202228	0.00122731	2
-85.5617	57.3674	0.00211862	0.00125521	2
-85.6871	58.2764	0.00221575	0.00128317	2
-85.8105	59.1848	0.00231362	0.00131117	2
-85.9319	60.0927	0.00241216	0.0013392	2
-86.0513	61	0.00251132	0.00136725	2
-86.1686	61.9067	0.00261103	0.00139532	2
-86.2839	62.8129	0.00271123	0.00142339	2
-86.3971	63.7185	0.00281186	0.00145146	2
-86.5082	64.6236	0.00291284	0.00147952	2
-86.6172	65.5281	0.00301413	0.00150755	2
-86.724	66.432	0.00311566	0.00153555	2
-86.8288	67.3353	0.00321737	0.00156351	2
-86.9314	68.238	0.00331919	0.00159142	2
-87.0306	69.1298	0.00341989	0.00161895	2
-87.1289	70.0313	0.00352175	0.00164673	2
-87.2249	70.9323	0.00362353	0.00167444	2
-87.3187	71.8326	0.00372519	0.00170206	2
-87.4103	72.7324	0.00382664	0.00172958	2
-87.4997	73.6315	0.00392784	0.001757	2
-87.5867	74.53	0.00402871	0.0017843	2
-87.6715	75.4279	0.0041292	0.00181148	2
-87.754	76.3252	0.00422924	0.00183853	2
-87.8342	77.2219	0.00432877	0.00186544	2
-87.912	78.1179	0.00442773	0.0018922	2
-87.9875	79.0133	0.00452606	0.0019188	2
-88.0606	79.9081	0.00462369	0.00194523	2
-88.1313	80.8022	0.00472056	0.00197148	2
-88.1997	81.6957	0.00481661	0.00199754	2
-88.2656	82.5885	0.00491177	0.00202341	2
-88.3291	83.4807	0.00500599	0.00204907	2
-88.3902	84.3723	0.0050992	0.00207452	2
-88.4488	85.2631	0.00519134	0.00209974	2
-88.5049	86.1533	0.00528234	0.00212473	2
-88.5585	87.0429	0.00537215	0.00214948	2
-88.6097	87.9318	0.0054607	0.00217398	2
-88.6583	88.82	0.00554793	0.00219822	2
-88.7038	89.6973	0.0056328	0.00222191	2
-88.7473	90.5842	0.00571721	0.0022456	2
-88.7883	91.4704	0.00580012	0.00226901	2
-88.8267	92.3559	0.00588146	0.00229212	2

-24.9995	2.01276	-3.0357e-07	1.46237e-07	2
-24.948	3.09999	-2.51179e-05	1.16628e-05	2
-24.8705	4.18	-4.76498e-05	2.12042e-05	2
-24.7678	5.24025	-6.764e-05	2.86591e-05	2
-24.642	6.26912	-8.49456e-05	3.40117e-05	2
-24.4904	7.29074	-0.000100013	3.74208e-05	2
-24.3148	8.29328	-0.000112671	3.88473e-05	2
-24.1155	9.27694	-0.000122965	3.8326e-05	2
-23.8928	10.242	-0.000130937	3.58916e-05	2
-23.6471	11.1886	-0.000136633	3.15789e-05	2
-23.3788	12.117	-0.000140097	2.54226e-05	2
-23.0882	13.0274	-0.000141373	1.74576e-05	2
-22.7757	13.9201	-0.000140506	7.71866e-06	2
-22.4416	14.7952	-0.000137539	-3.75954e-06	2
-22.0863	15.6531	-0.000132518	-1.69422e-05	2
-21.7102	16.4938	-0.000125486	-3.17945e-05	2
-21.3136	17.3177	-0.000116487	-4.82817e-05	2
-20.8969	18.125	-0.000105567	-6.6369e-05	2
-20.4604	18.9158	-9.27691e-05	-8.60217e-05	2
-20.0045	19.6905	-7.81377e-05	-0.000107205	2
-19.5295	20.4492	-6.17173e-05	-0.000129884	2
-19.0359	21.1921	-4.35522e-05	-0.000154024	2
-18.5239	21.9195	-2.36866e-05	-0.00017959	2
-17.994	22.6317	-2.16488e-06	-0.000206548	2
-17.4464	23.3287	2.09687e-05	-0.000234863	2
-16.8815	24.0109	4.56698e-05	-0.000264499	2
-16.3066	24.6709	7.15842e-05	-0.000295061	2
-15.7085	25.3243	9.92707e-05	-0.000327222	2
-15.0942	25.9634	0.000128392	-0.000360602	2
-14.4641	26.5886	0.000158905	-0.000395166	2
-13.8185	27.2001	0.000190764	-0.000430877	2
-13.1578	27.798	0.000223925	-0.000467703	2
-12.4823	28.3826	0.000258344	-0.000505607	2
-11.7925	28.9542	0.000293977	-0.000544555	2
-11.0886	29.5129	0.000330779	-0.000584513	2
-10.371	30.0591	0.000368706	-0.000625446	2
-9.64008	30.5928	0.000407713	-0.000667318	2
-8.8962	31.1143	0.000447757	-0.000710096	2
-8.13972	31.6239	0.000488793	-0.000753743	2
-7.37099	32.1218	0.000530777	-0.000798227	2
-6.59037	32.6081	0.000573664	-0.000843511	2
-5.79822	33.0832	0.000617411	-0.000889561	2
-4.99489	33.5472	0.000661972	-0.000936342	2
-4.18074	34.0003	0.000707304	-0.00098382	2
-3.35614	34.4429	0.000753362	-0.00103196	2
-2.52143	34.8751	0.000800102	-0.00108073	2
-1.67699	35.2971	0.00084748	-0.00113008	2
-0.823159	35.7091	0.000895451	-0.00118	2
0.0396959	36.1114	0.000943971	-0.00123044	2
0.901152	36.4998	0.000992429	-0.00128078	2
1.78089	36.8835	0.00104191	-0.00133215	2
2.66858	37.2581	0.00109181	-0.00138394	2
3.56387	37.6239	0.00114208	-0.00143612	2
4.4664	37.9811	0.00119267	-0.00148865	2
5.3758	38.3298	0.00124355	-0.00154149	2
6.29173	38.6705	0.00129467	-0.00159461	2
7.21383	39.0032	0.00134599	-0.00164797	2
8.14172	39.3281	0.00139745	-0.00170155	2
9.07507	39.6456	0.00144903	-0.0017553	2
10.0135	39.9558	0.00150066	-0.00180919	2
10.9567	40.259	0.00155231	-0.00186318	2
11.9042	40.5553	0.00160394	-0.00191725	2
12.8558	40.8451	0.0016555	-0.00197135	2
13.811	41.1285	0.00170694	-0.00202546	2
14.7695	41.4057	0.00175822	-0.00207953	2
15.7309	41.677	0.00180929	-0.00213353	2
16.695	41.9426	0.00186012	-0.00218743	2
17.6612	42.2027	0.00191066	-0.00224119	2
18.6293	42.4575	0.00196086	-0.00229478	2
19.5989	42.7073	0.00201068	-0.00234817	2
20.5697	42.9523	0.00206007	-0.00240131	2
21.5413	43.1927	0.002109	-0.00245417	2
22.5133	43.4287	0.00215741	-0.00250672	2
23.4742	43.6579	0.00220472	-0.00255833	2
24.446	43.886	0.00225197	-0.00261016	2
25.4171	44.1103	0.00229859	-0.00266158	2
26.3873	44.3311	0.00234451	-0.00271254	2
27.3561	44.5487	0.00238969	-0.00276302	2
28.3231	44.7632	0.0024341	-0.00281298	2
29.2882	44.9749	0.00247768	-0.00286238	2
30.2507	45.1841	0.0025204	-0.0029112	2
31.2105	45.3909	0.0025622	-0.00295939	2
32.1672	45.5955	0.00260305	-0.00300692	2
33.1203	45.7983	0.0026429	-0.00305376	2
34.0696	45.9993	0.0026817	-0.00309987	2
35.0147	46.1989	0.00271941	-0.00314522	2
35.9552	46.3972	0.00275599	-0.00318977	2
36.8907	46.5945	0.00279139	-0.00323348	2
37.821	46.791	0.00282557	-0.00327633	2
38.7456	46.9869	0.00285848	-0.00331828	2
39.6642	47.1825	0.00289009	-0.00335929	2
40.5764	47.378	0.00292033	-0.00339933	2
41.4819	47.5735	0.00294918	-0.00343836	2
42.3803	47.7693	0.00297658	-0.00347635	2
43.2713	47.9657	0.0030025	-0.00351326	2
44.1544	48.1629	0.00302688	-0.00354906	2
45.0194	48.3588	0.00304944	-0.00358333	2
45.886	48.5581	0.00307064	-0.00361682	2
46.7437	48.7589	0.00309018	-0.0036491	2
47.5921	48.9613	0.00310801	-0.00368012	2

24.9938	2.01201	-6.20522e-07	1.7005e-07	2
24.4768	3.04116	-5.32075e-05	1.45631e-05	2
23.9861	4.07396	-0.000104853	2.86603e-05	2
23.5277	5.09841	-0.000154955	4.22945e-05	2
23.1058	6.10288	-0.000202981	5.53197e-05	2
22.7103	7.11073	-0.000250066	6.80417e-05	2
22.3459	8.11023	-0.000295661	8.03093e-05	2
22.0122	9.10138	-0.000339783	9.21254e-05	2
21.7089	10.0842	-0.000382451	0.000103493	2
21.4355	11.0586	-0.000423683	0.000114415	2
21.1917	12.0248	-0.000463496	0.000124894	2
20.9771	12.9825	-0.000501908	0.000134933	2
20.7914	13.932	-0.000538938	0.000144535	2
20.6341	14.873	-0.000574603	0.000153703	2
20.505	15.8058	-0.000608921	0.000162439	2
20.4035	16.7302	-0.00064191	0.000170748	2
20.3294	17.6463	-0.000673589	0.00017863	2
20.2823	18.554	-0.000703975	0.000186091	2
20.2617	19.4534	-0.000733086	0.000193131	2
20.2674	20.3445	-0.000760939	0.000199755	2
20.2989	21.2272	-0.000787554	0.000205965	2
20.3559	22.1016	-0.000812947	0.000211764	2
20.4379	22.9677	-0.000837138	0.000217155	2
20.5447	23.8254	-0.000860143	0.000222141	2
20.6759	24.6749	-0.00088198	0.000226724	2
20.831	25.516	-0.000902668	0.000230908	2
21.0075	26.3392	-0.000922007	0.000234655	2
21.2091	27.1637	-0.000940463	0.000238053	2
21.4336	27.9799	-0.000957823	0.000241061	2
21.6806	28.7878	-0.000974106	0.00024368	2
21.9497	29.5874	-0.000989328	0.000245915	2
22.2405	30.3786	-0.00100351	0.000247768	2
22.5526	31.1616	-0.00101667	0.000249242	2
22.8857	31.9362	-0.00102882	0.000250339	2
23.2395	32.7025	-0.00103998	0.000251063	2
23.6134	33.4604	-0.00105017	0.000251416	2
24.0072	34.2101	-0.00105941	0.000251402	2
24.4205	34.9515	-0.00106772	0.000251023	2
24.8528	35.6845	-0.00107511	0.000250283	2
25.3039	36.4092	-0.0010816	0.000249183	2
25.7733	37.1256	-0.00108721	0.000247728	2
26.2608	37.8337	-0.00109196	0.000245919	2
26.7658	38.5335	-0.00109586	0.00024376	2
27.288	39.225	-0.00109894	0.000241254	2
27.8271	39.9082	-0.00110121	0.000238403	2
28.3826	40.5831	-0.00110268	0.000235211	2
28.9543	41.2497	-0.00110339	0.00023168	2
29.5417	41.908	-0.00110334	0.000227813	2
30.1444	42.558	-0.00110255	0.000223614	2
30.755	43.1923	-0.00110107	0.000219138	2
31.3871	43.8258	-0.00109887	0.000214285	2
32.0335	44.451	-0.00109599	0.000209108	2
32.6937	45.0678	-0.00109244	0.00020361	2
33.3674	45.6764	-0.00108825	0.000197793	2
34.0542	46.2767	-0.00108342	0.000191661	2
34.7538	46.8687	-0.00107799	0.000185216	2
35.4657	47.4524	-0.00107196	0.000178461	2
36.1896	48.0278	-0.00106535	0.000171399	2
36.925	48.595	-0.00105819	0.000164034	2
37.6718	49.1538	-0.00105049	0.000156367	2
38.4293	49.7044	-0.00104226	0.000148403	2
39.1974	50.2466	-0.00103353	0.000140143	2
39.9755	50.7806	-0.00102432	0.00013159	2
40.7634	51.3063	-0.00101464	0.000122748	2
41.5607	51.8237	-0.00100451	0.00011362	2
42.3669	52.3329	-0.000993943	0.000104208	2
43.1817	52.8337	-0.000982965	9.45148e-05	2
44.0048	53.3263	-0.000971591	8.45439e-05	2
44.8357	53.8106	-0.000959839	7.42981e-05	2
45.6741	54.2866	-0.000947726	6.37801e-05	2
46.5196	54.7544	-0.000935271	5.29929e-05	2
47.3719	55.2139	-0.000922491	4.19394e-05	2
48.2305	55.6651	-0.000909406	3.06224e-05	2
49.0851	56.1029	-0.000896186	1.91795e-05	2
49.9552	56.5377	-0.000882544	7.34725e-06	2
50.8306	56.9642	-0.000868649	-4.73973e-06	2
51.7108	57.3824	-0.00085452	-1.70786e-05	2
52.5955	57.7923	-0.000840173	-2.96665e-05	2
53.4843	58.194	-0.000825627	-4.25004e-05	2
54.3769	58.5874	-0.0008109	-5.55776e-05	2
55.2728	58.9726	-0.00079601	-6.88951e-05	2
56.1717	59.3495	-0.000780975	-8.245e-05	2
57.0732	59.7181	-0.000765812	-9.62394e-05	2
57.977	60.0785	-0.000750541	-0.00011026	2
58.8826	60.4306	-0.000735178	-0.00012451	2
59.7897	60.7744	-0.000719741	-0.000138986	2
60.6979	61.11	-0.000704249	-0.000153684	2
61.6069	61.4373	-0.00068872	-0.000168603	2
62.5162	61.7564	-0.00067317	-0.000183739	2
63.4255	62.0672	-0.00065762	-0.000199089	2
64.3344	62.3698	-0.000642085	-0.00021465	2
65.2426	62.6641	-0.000626585	-0.00023042	2
66.1496	62.9502	-0.000611137	-0.000246396	2
67.0551	63.228	-0.000595759	-0.000262574	2
67.9588	63.4976	-0.000580469	-0.000278952	2
68.8601	63.7589	-0.000565285	-0.000295526	2
69.7485	64.0091	-0.000550398	-0.000312101	2
70.6443	64.2541	-0.000535478	-0.000329059	2
71.5366	64.4907	-0.000520718	-0.000346205	2
72.4253	64.7192	-0.000506135	-0.000363537	2

74.997	2.01004	2.81092e-08	-1.61251e-07	2
74.7362	2.87762	1.46992e-06	-1.39376e-05	2
74.4691	3.76336	9.91813e-07	-2.76883e-05	2
74.1988	4.65694	-1.39539e-06	-4.12491e-05	2
73.9289	5.54764	-5.59333e-06	-5.44642e-05	2
73.6535	6.45588	-1.16611e-05	-6.76379e-05	2
73.376	7.37104	-1.95216e-05	-8.06122e-05	2
73.0968	8.29283	-2.91358e-05	-9.33839e-05	2
72.8162	9.22093	-4.0465e-05	-0.00010595	2
72.5345	10.1551	-5.34701e-05	-0.000118307	2
72.252	11.0949	-6.81121e-05	-0.000130452	2
71.9692	12.0401	-8.43522e-05	-0.000142382	2
71.6864	12.9905	-0.000102151	-0.000154094	2
71.4038	13.9456	-0.000121471	-0.000165584	2
71.1219	14.9053	-0.000142271	-0.000176849	2
70.8409	15.8692	-0.000164514	-0.000187887	2
70.5613	16.8369	-0.000188161	-0.000198694	2
70.2832	17.8083	-0.000213172	-0.000209266	2
70.0072	18.7829	-0.000239508	-0.000219601	2
69.7335	19.7605	-0.000267131	-0.000229696	2
69.4624	20.7409	-0.000296001	-0.000239548	2
69.1943	21.7236	-0.00032608	-0.000249152	2
68.9296	22.7084	-0.000357329	-0.000258507	2
68.6685	23.6949	-0.000389709	-0.000267609	2
68.4115	24.683	-0.00042318	-0.000276454	2
68.1588	25.6722	-0.000457705	-0.00028504	2
67.9136	26.6509	-0.000492829	-0.00029327	2
67.6705	27.6416	-0.000529332	-0.000301331	2
67.4328	28.6325	-0.000566771	-0.000309123	2
67.2008	29.6234	-0.000605108	-0.000316643	2
66.9749	30.6139	-0.000644304	-0.000323889	2
66.7553	31.6039	-0.000684319	-0.000330856	2
66.5424	32.5928	-0.000725115	-0.000337541	2
66.3366	33.5806	-0.000766654	-0.000343942	2
66.1382	34.5668	-0.000808895	-0.000350056	2
65.9475	35.5511	-0.0008518	-0.000355878	2
65.7648	36.5333	-0.00089533	-0.000361406	2
65.5906	37.513	-0.000939446	-0.000366638	2
65.4251	38.49	-0.00098411	-0.000371569	2
65.2687	39.4639	-0.00102928	-0.000376196	2
65.1217	40.4345	-0.00107492	-0.000380517	2
64.9844	41.4014	-0.00112099	-0.000384528	2
64.8573	42.3643	-0.00116746	-0.000388226	2
64.7406	43.323	-0.00121427	-0.000391608	2
64.6346	44.2771	-0.0012614	-0.00039467	2
64.5398	45.2263	-0.00130881	-0.000397411	2
64.4564	46.1704	-0.00135645	-0.000399825	2
64.3848	47.1089	-0.00140428	-0.000401911	2
64.3253	48.0417	-0.00145228	-0.000403665	2
64.2788	48.9578	-0.00149984	-0.00040507	2
64.2444	49.8782	-0.00154803	-0.000406154	2
64.2232	50.7919	-0.00159626	-0.000406898	2
64.2155	51.6986	-0.0016445	-0.000407297	2
64.2215	52.598	-0.0016927	-0.000407348	2
64.2417	53.4898	-0.00174083	-0.000407049	2
64.2764	54.3738	-0.00178884	-0.000406395	2
64.3259	55.2495	-0.00183669	-0.000405385	2
64.3906	56.1167	-0.00188436	-0.000404014	2
64.4708	56.9752	-0.00193179	-0.00040228	2
64.5668	57.8245	-0.00197896	-0.000400179	2
64.679	58.6644	-0.00202581	-0.000397708	2
64.8078	59.4946	-0.00207232	-0.000394865	2
64.9534	60.3148	-0.00211844	-0.000391646	2
65.1161	61.1246	-0.00216414	-0.000388047	2
65.2964	61.9239	-0.00220937	-0.000384066	2
65.4946	62.7122	-0.0022541	-0.0003797	2
65.711	63.4893	-0.00229828	-0.000374945	2
65.9459	64.2549	-0.00234188	-0.000369798	2
66.1998	65.0086	-0.00238487	-0.000364256	2
66.4728	65.7502	-0.00242719	-0.000358316	2
66.7654	66.4794	-0.00246881	-0.000351975	2
67.0779	67.1959	-0.0025097	-0.00034523	2
67.4106	67.8993	-0.00254981	-0.000338076	2
67.7598	68.5815	-0.00258866	-0.000330602	2
68.1338	69.258	-0.00262711	-0.000322629	2
68.529	69.9206	-0.00266467	-0.000314239	2
68.9458	70.569	-0.0027013	-0.000305429	2
69.3846	71.2028	-0.00273696	-0.000296195	2
69.8456	71.8218	-0.00277161	-0.000286535	2
70.3292	72.4256	-0.00280521	-0.000276446	2
70.8358	73.014	-0.00283772	-0.000265923	2
71.3656	73.5866	-0.00286911	-0.000254965	2
71.919	74.1431	-0.00289933	-0.000243568	2
72.4964	74.6833	-0.00292835	-0.000231728	2
73.0981	75.2068	-0.00295613	-0.000219443	2
73.7245	75.7133	-0.00298262	-0.000206709	2
74.3758	76.2026	-0.00300779	-0.000193524	2
75.0524	76.6743	-0.00303161	-0.000179884	2
75.7546	77.1281	-0.00305402	-0.000165785	2
76.4828	77.5637	-0.003075	-0.000151226	2
77.2374	77.9809	-0.0030945	-0.000136202	2
78.0186	78.3792	-0.00311248	-0.000120711	2
78.8268	78.7585	-0.00312891	-0.000104749	2
79.6624	79.1184	-0.00314375	-8.83133e-05	2
80.5256	79.4585	-0.00315695	-7.14006e-05	2
81.4169	79.7787	-0.00316848	-5.40078e-05	2
82.3257	80.0753	-0.0031782	-3.634e-05	2
83.2737	80.3548	-0.0031863	-1.79831e-05	2
84.2506	80.6134	-0.0031926	8.63301e-07	2
85.257	80.8509	-0.00319708	2.02024e-05	2

125	2.0112	-2.52505e-07	2.52274e-07	2
125.021	2.97071	-2.15558e-05	2.101e-05	2
125.008	3.93405	-4.22917e-05	4.01498e-05	2
124.96	4.89011	-6.22288e-05	5.74611e-05	2
124.88	5.8281	-8.11722e-05	7.28167e-05	2
124.767	6.76991	-9.95834e-05	8.66149e-05	2
124.622	7.70469	-0.000117259	9.87084e-05	2
124.447	8.63252	-0.000134219	0.000109139	2
124.242	9.55349	-0.000150486	0.000117947	2
124.007	10.4677	-0.00016608	0.000125175	2
123.744	11.3752	-0.000181023	0.000130864	2
123.454	12.276	-0.000195335	0.000135056	2
123.137	13.1704	-0.000209037	0.000137792	2
122.795	14.0583	-0.000222152	0.000139113	2
122.427	14.9398	-0.000234699	0.000139062	2
122.036	15.8151	-0.000246699	0.000137679	2
121.621	16.6842	-0.000258175	0.000135005	2
121.184	17.5472	-0.000269146	0.000131084	2
120.725	18.4041	-0.000279635	0.000125955	2
120.245	19.2552	-0.000289661	0.00011966	2
119.745	20.1003	-0.000299247	0.000112241	2
119.227	20.9398	-0.000308412	0.000103739	2
118.69	21.7735	-0.000317179	9.41962e-05	2
118.135	22.6016	-0.000325569	8.36534e-05	2
117.564	23.4242	-0.000333602	7.21521e-05	2
116.977	24.2414	-0.000341299	5.9734e-05	2
116.383	25.044	-0.000348598	4.6598e-05	2
115.767	25.8506	-0.000355691	3.24798e-05	2
115.138	26.6521	-0.000362511	1.75686e-05	2
114.497	27.4485	-0.00036908	1.90578e-06	2
113.844	28.2398	-0.000375418	-1.44671e-05	2
113.18	29.0263	-0.000381546	-3.15085e-05	2
112.507	29.8079	-0.000387487	-4.91771e-05	2
111.824	30.5847	-0.00039326	-6.74314e-05	2
111.133	31.3569	-0.000398887	-8.62299e-05	2
110.434	32.1245	-0.00040439	-0.000105531	2
109.729	32.8877	-0.000409788	-0.000125294	2
109.018	33.6463	-0.000415103	-0.000145476	2
108.303	34.4007	-0.000420356	-0.000166037	2
107.583	35.1508	-0.000425569	-0.000186935	2
106.859	35.8968	-0.000430761	-0.000208128	2
106.134	36.6387	-0.000435956	-0.000229575	2
105.407	37.3765	-0.000441172	-0.000251234	2
104.679	38.1105	-0.000446432	-0.000273065	2
103.951	38.8407	-0.000451757	-0.000295025	2
103.224	39.5671	-0.000457167	-0.000317074	2
102.499	40.2899	-0.000462684	-0.000339169	2
101.776	41.009	-0.000468329	-0.000361269	2
101.057	41.7248	-0.000474122	-0.000383333	2
100.35	42.4289	-0.000480016	-0.000405067	2
99.6399	43.1379	-0.000486169	-0.000426935	2
98.9358	43.8437	-0.000492533	-0.000448644	2
98.2384	44.5464	-0.000499129	-0.000470151	2
97.5486	45.246	-0.00050598	-0.000491414	2
96.8671	45.9426	-0.000513106	-0.000512393	2
96.1949	46.6363	-0.000520528	-0.000533046	2
95.5328	47.3272	-0.000528267	-0.000553332	2
94.8816	48.0154	-0.000536344	-0.000573209	2
94.2421	48.7009	-0.000544781	-0.000592635	2
93.6151	49.3839	-0.000553598	-0.000611569	2
93.0016	50.0644	-0.000562817	-0.00062997	2
92.4023	50.7425	-0.000572458	-0.000647796	2
91.8181	51.4183	-0.000582542	-0.000665006	2
91.2498	52.0919	-0.000593091	-0.000681558	2
90.6982	52.7634	-0.000604126	-0.000697411	2
90.1641	53.4328	-0.000615668	-0.000712523	2
89.6485	54.1003	-0.000627738	-0.000726854	2
89.1521	54.7658	-0.000640356	-0.00074036	2
88.6758	55.4296	-0.000653545	-0.000753001	2
88.2204	56.0917	-0.000667325	-0.000764736	2
87.7868	56.7521	-0.000681716	-0.000775523	2
87.3757	57.411	-0.000696742	-0.000785321	2
86.988	58.0685	-0.000712421	-0.000794087	2
86.6286	58.717	-0.000728584	-0.0008017	2
86.2899	59.3718	-0.000745627	-0.000808293	2
85.9771	60.0254	-0.000763387	-0.000813732	2
85.6911	60.6779	-0.000781885	-0.000817974	2
85.4326	61.3293	-0.000801143	-0.000820978	2
85.2026	61.9798	-0.000821182	-0.000822704	2
85.0017	62.6294	-0.000842022	-0.000823108	2
84.831	63.2783	-0.000863684	-0.000822151	2
84.6911	63.9264	-0.000886191	-0.00081979	2
84.583	64.5739	-0.000909562	-0.000815984	2
84.5074	65.2209	-0.000933819	-0.000810691	2
84.4653	65.8675	-0.000958982	-0.00080387	2
84.4574	66.5137	-0.000985074	-0.00079548	2
84.4845	67.1596	-0.00101211	-0.000785479	2
84.5476	67.8053	-0.00104013	-0.000773825	2
84.6474	68.451	-0.00106913	-0.000760478	2
84.7848	69.0966	-0.00109914	-0.000745395	2
84.9605	69.7422	-0.00113019	-0.000728536	2
85.1756	70.3881	-0.00116229	-0.000709858	2
85.4306	71.0341	-0.00119547	-0.000689321	2
85.7266	71.6805	-0.00122974	-0.000666883	2
86.0644	72.3272	-0.00126513	-0.000642501	2
86.4447	72.9745	-0.00130166	-0.000616136	2
86.8633	73.6149	-0.00133891	-0.000588083	2
87.3308	74.2633	-0.00137777	-0.000557649	2
87.8433	74.9126	-0.00141783	-0.000525108	2
88.4017	75.5626	-0.00145911	-0.000490416	2

