-125.004	2.01338	-6.03201e-08	3.29597e-07	2
-125.372	3.15157	-5.3078e-06	2.83534e-05	2
-125.764	4.27895	-1.0739e-05	5.60636e-05	2
-126.176	5.38253	-1.62966e-05	8.31418e-05	2
-126.603	6.45042	-2.19178e-05	0.000109299	2
-127.054	7.50788	-2.77362e-05	0.000135153	2
-127.525	8.54273	-3.36904e-05	0.000160409	2
-128.014	9.5554	-3.97835e-05	0.000185078	2
-128.521	10.5463	-4.60187e-05	0.00020917	2
-129.047	11.5157	-5.2399e-05	0.000232698	2
-129.59	12.4642	-5.89276e-05	0.000255671	2
-130.15	13.3921	-6.56075e-05	0.000278101	2
-130.726	14.2999	-7.2442e-05	0.0003	2
-131.32	15.1878	-7.9434e-05	0.000321379	2
-131.929	16.0563	-8.65868e-05	0.000342248	2
-132.554	16.9059	-9.39034e-05	0.000362619	2
-133.194	17.7369	-0.000101387	0.000382503	2
-133.849	18.5497	-0.000109041	0.000401911	2
-134.518	19.3447	-0.000116867	0.000420855	2
-135.202	20.1224	-0.000124871	0.000439345	2
-135.899	20.8831	-0.000133053	0.000457393	2
-136.61	21.6272	-0.000141418	0.00047501	2
-137.333	22.3551	-0.000149969	0.000492207	2
-138.069	23.0673	-0.000158708	0.000508995	2
-138.818	23.7641	-0.00016764	0.000525386	2
-139.578	24.446	-0.000176766	0.00054139	2
-140.341	25.1056	-0.000185982	0.000556841	2
-141.123	25.7589	-0.000195506	0.00057211	2
-141.917	26.3984	-0.000205234	0.000587026	2
-142.72	27.0246	-0.000215169	0.0006016	2
-143.534	27.6378	-0.000225315	0.000615843	2
-144.357	28.2384	-0.000235674	0.000629767	2
-145.189	28.8269	-0.00024625	0.000643382	2
-146.03	29.4036	-0.000257046	0.0006567	2
-146.88	29.969	-0.000268065	0.000669732	2
-147.737	30.5234	-0.00027931	0.000682489	2
-148.602	31.0672	-0.000290785	0.000694982	2
-149.475	31.6009	-0.000302492	0.000707223	2
-150.354	32.1249	-0.000314434	0.000719222	2
-151.24	32.6395	-0.000326615	0.000730991	2
-152.131	33.1452	-0.000339037	0.000742541	2
-153.029	33.6423	-0.000351705	0.000753883	2
-153.932	34.1313	-0.00036462	0.000765029	2
-154.84	34.6125	-0.000377786	0.000775988	2
-155.752	35.0864	-0.000391207	0.000786774	2
-156.669	35.5534	-0.000404885	0.000797396	2
-157.589	36.0138	-0.000418823	0.000807866	2
-158.513	36.4681	-0.000433025	0.000818196	2
-159.44	36.9167	-0.000447493	0.000828395	2
-160.36	37.3549	-0.00046206	0.000838361	2
-161.292	37.7932	-0.000477068	0.000848336	2
-162.226	38.2271	-0.000492352	0.000858214	2
-163.161	38.6568	-0.000507915	0.000868007	2
-164.098	39.0828	-0.00052376	0.000877727	2
-165.035	39.5054	-0.00053989	0.000887383	2
-165.973	39.9251	-0.000556309	0.000896988	2
-166.911	40.3423	-0.000573019	0.000906552	2
-167.848	40.7574	-0.000590024	0.000916087	2
-168.785	41.1708	-0.000607327	0.000925603	2
-169.721	41.5828	-0.000624931	0.000935113	2
-170.655	41.9939	-0.000642838	0.000944627	2
-171.587	42.4045	-0.000661053	0.000954156	2
-172.517	42.815	-0.000679578	0.000963711	2
-173.445	43.2258	-0.000698416	0.000973305	2
-174.369	43.6373	-0.000717571	0.000982947	2
-175.29	44.0498	-0.000737045	0.000992649	2
-176.207	44.4639	-0.000756842	0.00100242	2
-177.12	44.8798	-0.000776965	0.00101228	2
-178.029	45.2981	-0.000797416	0.00102223	2
-178.933	45.719	-0.0008182	0.00103228	2
-179.831	46.1431	-0.000839319	0.00104245	2
-180.723	46.5706	-0.000860776	0.00105275	2
-181.61	47.0021	-0.000882575	0.00106318	2
-182.48	47.4328	-0.000904461	0.00107364	2
-183.353	47.8732	-0.000926948	0.00108439	2
-184.219	48.3187	-0.000949785	0.0010953	2
-185.078	48.7697	-0.000972977	0.0011064	2
-185.928	49.2266	-0.000996525	0.00111769	2
-186.77	49.6898	-0.00102043	0.00112918	2
-187.604	50.1598	-0.0010447	0.00114089	2
-188.428	50.6368	-0.00106934	0.00115283	2
-189.243	51.1214	-0.00109435	0.00116501	2
-190.048	51.6138	-0.00111973	0.00117744	2
-190.843	52.1146	-0.00114548	0.00119013	2
-191.627	52.6241	-0.00117162	0.00120309	2
-192.4	53.1428	-0.00119813	0.00121633	2
-193.162	53.6709	-0.00122503	0.00122987	2
-193.912	54.209	-0.00125232	0.00124371	2
-194.649	54.7574	-0.00128	0.00125787	2
-195.375	55.3165	-0.00130808	0.00127236	2
-196.087	55.8868	-0.00133655	0.00128719	2
-196.786	56.4685	-0.00136542	0.00130237	2
-197.471	57.0622	-0.0013947	0.00131791	2
-198.142	57.6683	-0.00142438	0.00133382	2
-198.799	58.2871	-0.00145447	0.00135011	2
-199.441	58.919	-0.00148498	0.0013668	2
-200.061	59.5569	-0.00151554	0.0013837	2
-200.672	60.2161	-0.00154688	0.00140121	2
-201.268	60.8897	-0.00157864	0.00141914	2
-201.847	61.578	-0.00161082	0.00143752	2

-75.0045	2.01149	-4.23247e-07	3.32342e-07	2
-75.3813	2.99977	-3.55105e-05	2.8653e-05	2
-75.7502	3.99909	-6.83881e-05	5.67837e-05	2
-76.1068	4.99798	-9.86658e-05	8.43999e-05	2
-76.4473	5.98495	-0.000126072	0.000111201	2
-76.7798	6.98295	-0.000151277	0.000137817	2
-77.1004	7.98051	-0.00017398	0.000163942	2
-77.4092	8.97763	-0.000194214	0.000189584	2
-77.7064	9.97431	-0.000212011	0.000214751	2
-77.9921	10.9705	-0.000227405	0.00023945	2
-78.2664	11.9663	-0.000240428	0.000263689	2
-78.5295	12.9616	-0.000251113	0.000287476	2
-78.7816	13.9565	-0.000259492	0.000310819	2
-79.0226	14.951	-0.0002656	0.000333726	2
-79.2529	15.9449	-0.000269468	0.000356204	2
-79.4725	16.9385	-0.000271129	0.000378262	2
-79.6815	17.9316	-0.000270616	0.000399907	2
-79.8802	18.9242	-0.000267962	0.000421147	2
-80.0686	19.9164	-0.0002632	0.00044199	2
-80.2468	20.9081	-0.000256362	0.000462444	2
-80.4151	21.8993	-0.000247481	0.000482517	2
-80.5734	22.8901	-0.00023659	0.000502215	2
-80.7221	23.8805	-0.000223723	0.000521548	2
-80.8612	24.8704	-0.000208911	0.000540523	2
-80.9908	25.8598	-0.000192187	0.000559148	2
-81.1111	26.8488	-0.000173585	0.000577431	2
-81.2211	27.8259	-0.000153382	0.000595175	2
-81.3233	28.814	-0.000131141	0.000612801	2
-81.4166	29.8015	-0.00010712	0.000630107	2
-81.5011	30.7887	-8.13506e-05	0.000647103	2
-81.577	31.7753	-5.38663e-05	0.000663795	2
-81.6444	32.7615	-2.46997e-05	0.000680192	2
-81.7034	33.7472	6.11636e-06	0.000696302	2
-81.7542	34.7325	3.85491e-05	0.000712132	2
-81.7969	35.7173	7.25657e-05	0.00072769	2
-81.8317	36.7016	0.000108133	0.000742984	2
-81.8587	37.6854	0.000145219	0.000758022	2
-81.8779	38.6688	0.000183791	0.000772812	2
-81.8897	39.6517	0.000223815	0.000787361	2
-81.894	40.6341	0.000265258	0.000801677	2
-81.8911	41.6161	0.000308089	0.000815769	2
-81.881	42.5976	0.000352274	0.000829643	2
-81.8639	43.5786	0.000397781	0.000843309	2
-81.84	44.5591	0.000444576	0.000856773	2
-81.8093	45.5391	0.000492627	0.000870043	2
-81.7721	46.5187	0.000541901	0.000883128	2
-81.7284	47.4978	0.000592365	0.000896036	2
-81.6783	48.4764	0.000643987	0.000908773	2
-81.6222	49.4545	0.000696733	0.000921348	2
-81.5607	50.4209	0.000749946	0.000933627	2
-81.4926	51.3981	0.000804831	0.000945902	2
-81.4187	52.3748	0.000860743	0.00095804	2
-81.3393	53.351	0.000917648	0.000970046	2
-81.2543	54.3267	0.000975515	0.000981929	2
-81.1639	55.3019	0.00103431	0.000993697	2
-81.0683	56.2766	0.001094	0.00100536	2
-80.9677	57.2509	0.00115455	0.00101692	2
-80.8621	58.2246	0.00121593	0.00102839	2
-80.7516	59.1979	0.00127811	0.00103977	2
-80.6365	60.1707	0.00134106	0.00105108	2
-80.5169	61.1429	0.00140473	0.00106232	2
-80.3928	62.1147	0.0014691	0.0010735	2
-80.2645	63.086	0.00153414	0.00108463	2
-80.132	64.0568	0.00159981	0.00109571	2
-79.9955	65.0271	0.00166609	0.00110676	2
-79.8552	65.9969	0.00173292	0.00111778	2
-79.7111	66.9662	0.0018003	0.00112877	2
-79.5634	67.935	0.00186817	0.00113976	2
-79.4123	68.9033	0.00193652	0.00115073	2
-79.2579	69.8712	0.0020053	0.00116171	2
-79.1003	70.8385	0.00207448	0.0011727	2
-78.9396	71.8053	0.00214404	0.00118371	2
-78.7761	72.7716	0.00221393	0.00119474	2
-78.6117	73.7263	0.00228332	0.00120568	2
-78.4427	74.6915	0.00235378	0.00121679	2
-78.2713	75.6563	0.00242449	0.00122795	2
-78.0975	76.6206	0.0024954	0.00123916	2
-77.9215	77.5844	0.00256649	0.00125044	2
-77.7433	78.5477	0.00263771	0.00126179	2
-77.5632	79.5104	0.00270905	0.00127322	2
-77.3813	80.4726	0.00278046	0.00128475	2
-77.1978	81.4344	0.00285192	0.00129636	2
-77.0126	82.3956	0.00292338	0.00130808	2
-76.8261	83.3563	0.00299482	0.00131992	2
-76.6383	84.3165	0.00306621	0.00133187	2
-76.4493	85.2762	0.00313751	0.00134395	2
-76.2594	86.2353	0.00320868	0.00135616	2
-76.0685	87.194	0.0032797	0.00136852	2
-75.877	88.1521	0.00335054	0.00138103	2
-75.6848	89.1097	0.00342116	0.0013937	2
-75.4922	90.0668	0.00349152	0.00140653	2
-75.2993	91.0234	0.0035616	0.00141954	2
-75.1062	91.9794	0.00363136	0.00143273	2
-74.9131	92.9349	0.00370077	0.00144612	2
-74.72	93.8899	0.00376979	0.0014597	2
-74.5272	94.8444	0.0038384	0.00147348	2
-74.3369	95.7874	0.00390578	0.00148732	2
-74.145	96.7408	0.00397347	0.00150154	2
-73.9536	97.6937	0.00404064	0.00151599	2
-73.763	98.6461	0.00410726	0.00153067	2

-25.001	2.0133	-5.33806e-07	1.62315e-07	2
-25.069	3.14456	-4.57683e-05	1.37638e-05	2
-25.1061	4.26444	-9.01885e-05	2.68149e-05	2
-25.1116	5.35995	-0.00013328	3.91696e-05	2
-25.0864	6.41922	-0.000174589	5.07136e-05	2
-25.0305	7.46719	-0.000215097	6.17316e-05	2
-24.9445	8.49171	-0.000254334	7.21016e-05	2
-24.8288	9.49309	-0.00029232	8.184e-05	2
-24.6838	10.4716	-0.000329075	9.0963e-05	2
-24.5101	11.4277	-0.000364619	9.94868e-05	2
-24.308	12.3615	-0.00039897	0.000107428	2
-24.0781	13.2734	-0.000432148	0.000114802	2
-23.8209	14.1638	-0.000464173	0.000121626	2
-23.5367	15.0328	-0.000495064	0.000127915	2
-23.226	15.8809	-0.000524841	0.000133687	2
-22.8894	16.7083	-0.000553524	0.000138957	2
-22.5273	17.5153	-0.000581131	0.000143741	2
-22.1401	18.3023	-0.000607683	0.000148056	2
-21.7283	19.0695	-0.000633199	0.000151918	2
-21.2924	19.8174	-0.000657698	0.000155344	2
-20.8328	20.5461	-0.0006812	0.000158349	2
-20.35	21.2559	-0.000703724	0.00016095	2
-19.8445	21.9473	-0.000725291	0.000163163	2
-19.3167	22.6205	-0.000745918	0.000165004	2
-18.767	23.2758	-0.000765627	0.00016649	2
-18.1961	23.9135	-0.000784437	0.000167636	2
-17.6111	24.5269	-0.000802165	0.000168452	2
-16.9991	25.1306	-0.000819244	0.000168972	2
-16.3671	25.7176	-0.000835482	0.000169201	2
-15.7156	26.2883	-0.000850898	0.000169156	2
-15.0451	26.8429	-0.000865512	0.000168853	2
-14.356	27.3818	-0.000879343	0.000168308	2
-13.6488	27.9053	-0.000892411	0.000167537	2
-12.924	28.4136	-0.000904736	0.000166557	2
-12.182	28.9072	-0.000916337	0.000165383	2
-11.4233	29.3863	-0.000927233	0.000164033	2
-10.6483	29.8511	-0.000937444	0.000162521	2
-9.85753	30.3022	-0.00094699	0.000160866	2
-9.05145	30.7396	-0.00095589	0.000159082	2
-8.23052	31.1638	-0.000964163	0.000157186	2
-7.39519	31.575	-0.00097183	0.000155194	2
-6.54594	31.9736	-0.000978909	0.000153123	2
-5.68322	32.3598	-0.00098542	0.000150989	2
-4.8075	32.7341	-0.000991383	0.000148807	2
-3.91924	33.0966	-0.000996817	0.000146595	2
-3.01891	33.4477	-0.00100174	0.000144369	2
-2.10697	33.7877	-0.00100618	0.000142144	2
-1.18389	34.1169	-0.00101014	0.000139937	2
-0.250121	34.4357	-0.00101365	0.000137764	2
0.682954	34.7408	-0.0010167	0.000135666	2
1.63658	35.0396	-0.00101938	0.00013361	2
2.5995	35.3288	-0.00102166	0.000131636	2
3.57125	35.6089	-0.00102357	0.000129762	2
4.55137	35.8799	-0.00102513	0.000128002	2
5.53939	36.1424	-0.00102635	0.000126375	2
6.53484	36.3965	-0.00102726	0.000124895	2
7.53728	36.6426	-0.00102787	0.000123579	2
8.54622	36.881	-0.00102821	0.000122443	2
9.56121	37.112	-0.0010283	0.000121504	2
10.5818	37.336	-0.00102814	0.000120778	2
11.6075	37.5531	-0.00102777	0.00012028	2
12.6378	37.7638	-0.0010272	0.000120028	2
13.6724	37.9683	-0.00102646	0.000120038	2
14.7106	38.167	-0.00102555	0.000120325	2
15.7521	38.3601	-0.00102451	0.000120906	2
16.7965	38.548	-0.00102335	0.000121797	2
17.8431	38.731	-0.00102209	0.000123015	2
18.8917	38.9093	-0.00102075	0.000124575	2
19.9416	39.0834	-0.00101935	0.000126495	2
20.9925	39.2534	-0.0010179	0.00012879	2
22.0438	39.4198	-0.00101644	0.000131476	2
23.0952	39.5827	-0.00101497	0.00013457	2
24.1461	39.7427	-0.00101352	0.000138088	2
25.1841	39.898	-0.00101213	0.000141998	2
26.2327	40.0527	-0.00101077	0.000146407	2
27.2796	40.2053	-0.00100949	0.000151288	2
28.3241	40.356	-0.0010083	0.000156659	2
29.3658	40.5052	-0.00100723	0.000162534	2
30.4044	40.6532	-0.0010063	0.000168931	2
31.4392	40.8002	-0.00100551	0.000175865	2
32.4699	40.9467	-0.00100491	0.000183353	2
33.496	41.0928	-0.00100449	0.000191411	2
34.5169	41.239	-0.00100429	0.000200055	2
35.5324	41.3855	-0.00100431	0.000209302	2
36.5418	41.5326	-0.00100459	0.000219167	2
37.5448	41.6807	-0.00100514	0.000229667	2
38.5408	41.83	-0.00100599	0.000240819	2
39.5294	41.9809	-0.00100714	0.000252638	2
40.5101	42.1336	-0.00100862	0.00026514	2
41.4825	42.2885	-0.00101045	0.000278343	2
42.4461	42.4459	-0.00101265	0.000292262	2
43.4005	42.6061	-0.00101523	0.000306913	2
44.3451	42.7694	-0.00101823	0.000322313	2
45.2796	42.9361	-0.00102165	0.000338478	2
46.2034	43.1065	-0.00102552	0.000355424	2
47.116	43.2809	-0.00102985	0.000373167	2
48.0069	43.4576	-0.00103461	0.000391507	2
48.8961	43.641	-0.00103993	0.000410884	2
49.7728	43.8293	-0.00104577	0.000431108	2
50.6365	44.0229	-0.00105216	0.000452193	2

24.9923	2.01275	-2.99889e-07	2.54233e-07	2
24.3442	3.10447	-2.6072e-05	2.1879e-05	2
23.7239	4.19867	-5.21033e-05	4.32776e-05	2
23.1389	5.28261	-7.80881e-05	6.42015e-05	2
22.5947	6.34404	-0.000103723	8.44239e-05	2
22.0785	7.40766	-0.000129599	0.000104421	2
21.5962	8.4611	-0.000155411	0.00012396	2
21.1475	9.50438	-0.000181154	0.000143047	2
20.732	10.5375	-0.000206822	0.000161688	2
20.3493	11.5605	-0.00023241	0.000179888	2
19.9989	12.5735	-0.000257911	0.000197653	2
19.6805	13.5763	-0.000283321	0.000214988	2
19.3937	14.5691	-0.000308633	0.0002319	2
19.1381	15.5519	-0.000333842	0.000248395	2
18.9133	16.5247	-0.000358943	0.000264476	2
18.7188	17.4875	-0.000383928	0.000280152	2
18.5542	18.4403	-0.000408794	0.000295426	2
18.4193	19.3832	-0.000433533	0.000310305	2
18.3135	20.3162	-0.000458141	0.000324794	2
18.2364	21.2393	-0.000482612	0.0003389	2
18.1877	22.1525	-0.00050694	0.000352628	2
18.1669	23.0559	-0.000531119	0.000365983	2
18.1737	23.9494	-0.000555144	0.000378971	2
18.2077	24.8332	-0.000579009	0.000391598	2
18.2683	25.7072	-0.000602708	0.000403869	2
18.3553	26.5714	-0.000626236	0.000415791	2
18.4668	27.4161	-0.00064932	0.000427237	2
18.605	28.261	-0.00067249	0.000438481	2
18.7683	29.0963	-0.000695472	0.000449391	2
18.9564	29.9218	-0.000718261	0.000459974	2
19.1688	30.7377	-0.000740849	0.000470236	2
19.4051	31.544	-0.000763232	0.000480182	2
19.6649	32.3407	-0.000785404	0.000489818	2
19.9478	33.1278	-0.00080736	0.000499149	2
20.2535	33.9054	-0.000829093	0.000508182	2
20.5815	34.6734	-0.000850598	0.000516922	2
20.9314	35.4319	-0.000871869	0.000525374	2
21.3028	36.181	-0.000892901	0.000533545	2
21.6953	36.9206	-0.000913688	0.000541439	2
22.1085	37.6507	-0.000934224	0.000549064	2
22.542	38.3715	-0.000954504	0.000556423	2
22.9954	39.0828	-0.000974522	0.000563524	2
23.4683	39.7848	-0.000994271	0.000570372	2
23.9603	40.4774	-0.00101375	0.000576972	2
24.471	41.1607	-0.00103294	0.00058333	2
24.9999	41.8347	-0.00105186	0.000589452	2
25.5468	42.4995	-0.00107048	0.000595343	2
26.1111	43.1549	-0.0010888	0.00060101	2
26.6925	43.8012	-0.00110683	0.000606457	2
27.2837	44.4309	-0.00112434	0.000611632	2
27.8978	45.0589	-0.00114175	0.00061666	2
28.5279	45.6776	-0.00115884	0.000621486	2
29.1734	46.2873	-0.0011756	0.000626116	2
29.834	46.8878	-0.00119203	0.000630555	2
30.5093	47.4792	-0.00120813	0.000634808	2
31.1988	48.0615	-0.00122389	0.000638882	2
31.9022	48.6348	-0.00123929	0.000642783	2
32.619	49.1991	-0.00125435	0.000646515	2
33.3489	49.7543	-0.00126905	0.000650085	2
34.0915	50.3006	-0.00128338	0.000653498	2
34.8463	50.8379	-0.00129734	0.00065676	2
35.6129	51.3662	-0.00131093	0.000659876	2
36.391	51.8857	-0.00132414	0.000662853	2
37.1802	52.3962	-0.00133695	0.000665696	2
37.9799	52.8979	-0.00134938	0.000668411	2
38.79	53.3907	-0.00136141	0.000671003	2
39.6098	53.8747	-0.00137303	0.000673477	2
40.4391	54.3499	-0.00138425	0.000675841	2
41.2774	54.8164	-0.00139505	0.000678099	2
42.1243	55.274	-0.00140542	0.000680257	2
42.9795	55.723	-0.00141537	0.000682321	2
43.8424	56.1632	-0.00142489	0.000684296	2
44.7128	56.5947	-0.00143397	0.000686188	2
45.5801	57.0127	-0.00144251	0.000687983	2
46.4641	57.427	-0.00145071	0.000689727	2
47.3542	57.8327	-0.00145844	0.000691406	2
48.2502	58.2298	-0.00146572	0.000693024	2
49.1516	58.6183	-0.00147253	0.000694588	2
50.0579	58.9983	-0.00147887	0.000696103	2
50.9689	59.3697	-0.00148473	0.000697574	2
51.8841	59.7326	-0.00149011	0.000699008	2
52.8031	60.0871	-0.00149499	0.000700411	2
53.7254	60.433	-0.00149939	0.000701787	2
54.6508	60.7705	-0.00150328	0.000703143	2
55.5788	61.0997	-0.00150667	0.000704483	2
56.5089	61.4204	-0.00150954	0.000705815	2
57.4408	61.7327	-0.0015119	0.000707144	2
58.3741	62.0367	-0.00151373	0.000708474	2
59.3084	62.3323	-0.00151504	0.000709813	2
60.2432	62.6197	-0.00151581	0.000711165	2
61.1783	62.8988	-0.00151604	0.000712537	2
62.1131	63.1696	-0.00151572	0.000713933	2
63.0472	63.4322	-0.00151485	0.00071536	2
63.9803	63.6865	-0.00151343	0.000716824	2
64.912	63.9327	-0.00151144	0.000718329	2
65.8419	64.1707	-0.00150889	0.000719883	2
66.7588	64.3979	-0.00150579	0.000721471	2
67.6838	64.6198	-0.00150209	0.000723136	2
68.6057	64.8335	-0.0014978	0.000724865	2
69.5242	65.0391	-0.00149292	0.000726666	2

74.997	2.00989	7.41408e-08	3.87661e-08	2
74.7374	2.86404	5.38401e-06	2.98456e-06	2
74.4653	3.73506	8.63576e-06	5.19906e-06	2
74.1844	4.6128	9.79296e-06	6.66635e-06	2
73.8984	5.4868	8.9152e-06	7.40476e-06	2
73.6011	6.37713	6.01944e-06	7.45408e-06	2
73.2962	7.27341	1.14183e-06	6.82447e-06	2
72.9842	8.17539	-5.67991e-06	5.53877e-06	2
72.6656	9.0828	-1.44081e-05	3.61982e-06	2
72.3407	9.9954	-2.50049e-05	1.09048e-06	2
72.0101	10.9129	-3.74327e-05	-2.02642e-06	2
71.6741	11.8351	-5.16538e-05	-5.70803e-06	2
71.3333	12.7617	-6.76305e-05	-9.9315e-06	2
70.9881	13.6924	-8.5325e-05	-1.4674e-05	2
70.639	14.627	-0.0001047	-1.99126e-05	2
70.2863	15.5653	-0.000125717	-2.56246e-05	2
69.9305	16.507	-0.000148338	-3.1787e-05	2
69.5722	17.4517	-0.000172527	-3.83771e-05	2
69.2117	18.3994	-0.000198245	-4.53719e-05	2
68.8495	19.3496	-0.000225455	-5.27487e-05	2
68.4861	20.3022	-0.000254118	-6.04846e-05	2
68.1218	21.2569	-0.000284197	-6.85567e-05	2
67.7572	22.2134	-0.000315655	-7.69422e-05	2
67.3927	23.1715	-0.000348454	-8.56183e-05	2
67.0287	24.1309	-0.000382556	-9.4562e-05	2
66.6658	25.0914	-0.000417922	-0.000103751	2
66.3084	26.0417	-0.000454089	-0.000113052	2
65.9488	27.0035	-0.00049186	-0.00012266	2
65.5915	27.9656	-0.000530783	-0.000132444	2
65.237	28.9278	-0.000570822	-0.000142382	2
64.8858	29.8898	-0.000611937	-0.000152451	2
64.5383	30.8513	-0.000654092	-0.000162627	2
64.1949	31.812	-0.000697248	-0.000172889	2
63.8561	32.7718	-0.000741368	-0.000183214	2
63.5224	33.7303	-0.000786415	-0.000193578	2
63.1942	34.6873	-0.00083235	-0.000203958	2
62.8719	35.6426	-0.000879136	-0.000214333	2
62.5561	36.5958	-0.000926736	-0.000224678	2
62.2471	37.5468	-0.00097511	-0.000234971	2
61.9454	38.4953	-0.00102422	-0.00024519	2
61.6515	39.4409	-0.00107403	-0.000255311	2
61.3658	40.3835	-0.00112451	-0.000265312	2
61.0887	41.3228	-0.00117561	-0.000275169	2
60.8208	42.2585	-0.00122729	-0.000284861	2
60.5624	43.1905	-0.00127953	-0.000294363	2
60.314	44.1183	-0.00133228	-0.000303654	2
60.0761	45.0418	-0.0013855	-0.00031271	2
59.8492	45.9608	-0.00143915	-0.000321508	2
59.6335	46.8749	-0.00149321	-0.000330026	2
59.432	47.7734	-0.00154699	-0.000338148	2
59.2403	48.6771	-0.00160173	-0.000346041	2
59.0614	49.5752	-0.00165675	-0.000353585	2
58.8956	50.4674	-0.00171202	-0.000360758	2
58.7434	51.3535	-0.00176749	-0.000367536	2
58.6053	52.2332	-0.00182314	-0.000373897	2
58.4817	53.1062	-0.00187893	-0.000379818	2
58.3731	53.9724	-0.00193481	-0.000385276	2
58.2799	54.8314	-0.00199075	-0.000390249	2
58.2025	55.683	-0.00204672	-0.000394713	2
58.1415	56.5269	-0.00210266	-0.000398645	2
58.0973	57.3629	-0.00215855	-0.000402024	2
58.0702	58.1907	-0.00221436	-0.000404825	2
58.0609	59.01	-0.00227003	-0.000407026	2
58.0697	59.8207	-0.00232553	-0.000408605	2
58.097	60.6224	-0.00238083	-0.000409537	2
58.1434	61.4149	-0.00243589	-0.000409802	2
58.2092	62.1979	-0.00249067	-0.000409375	2
58.295	62.9712	-0.00254513	-0.000408234	2
58.4012	63.7345	-0.00259923	-0.000406356	2
58.5282	64.4876	-0.00265294	-0.000403718	2
58.6765	65.2301	-0.00270622	-0.000400297	2
58.8465	65.962	-0.00275903	-0.000396071	2
59.0387	66.6828	-0.00281134	-0.000391016	2
59.2509	67.3842	-0.00286251	-0.000385183	2
59.4885	68.0823	-0.00291369	-0.000378413	2
59.7497	68.7687	-0.00296426	-0.000370747	2
60.0348	69.443	-0.00301417	-0.000362161	2
60.3444	70.1051	-0.00306338	-0.000352632	2
60.6789	70.7545	-0.00311186	-0.000342139	2
61.0387	71.3912	-0.00315958	-0.000330657	2
61.4243	72.0148	-0.00320648	-0.000318165	2
61.8361	72.6251	-0.00325254	-0.000304638	2
62.2746	73.2218	-0.00329772	-0.000290055	2
62.7402	73.8046	-0.00334197	-0.000274393	2
63.2335	74.3734	-0.00338527	-0.000257628	2
63.7547	74.9278	-0.00342757	-0.000239738	2
64.3045	75.4676	-0.00346883	-0.0002207	2
64.8832	75.9925	-0.00350903	-0.000200492	2
65.4913	76.5023	-0.00354811	-0.000179089	2
66.1292	76.9968	-0.00358605	-0.000156471	2
66.7975	77.4755	-0.00362281	-0.000132612	2
67.4965	77.9384	-0.00365834	-0.000107492	2
68.2266	78.3852	-0.00369261	-8.10864e-05	2
68.9884	78.8155	-0.00372558	-5.33729e-05	2
69.7824	79.2292	-0.00375722	-2.43287e-05	2
70.6088	79.6259	-0.00378748	6.06912e-06	2
71.4582	80.0012	-0.00381601	3.74703e-05	2
72.3507	80.3636	-0.00384343	7.06276e-05	2
73.2772	80.7082	-0.00386936	0.000105207	2
74.2379	81.0349	-0.00389377	0.000141231	2

125	2.01191	-2.28178e-07	1.69484e-07	2
124.95	3.02947	-1.93475e-05	1.40376e-05	2
124.869	4.04627	-3.76951e-05	2.66665e-05	2
124.756	5.0506	-5.50724e-05	3.79215e-05	2
124.615	6.03134	-7.13254e-05	4.77304e-05	2
124.443	7.01151	-8.68614e-05	5.63556e-05	2
124.243	7.97982	-0.000101516	6.37101e-05	2
124.014	8.9365	-0.000115318	6.98282e-05	2
123.758	9.88175	-0.000128298	7.47446e-05	2
123.475	10.8158	-0.000140486	7.84938e-05	2
123.166	11.7388	-0.00015191	8.11103e-05	2
122.833	12.651	-0.000162602	8.26287e-05	2
122.475	13.5526	-0.000172589	8.30835e-05	2
122.093	14.4438	-0.000181903	8.25093e-05	2
121.689	15.3248	-0.000190572	8.09405e-05	2
121.263	16.1958	-0.000198627	7.84118e-05	2
120.815	17.057	-0.000206097	7.49577e-05	2
120.347	17.9087	-0.000213012	7.06127e-05	2
119.859	18.751	-0.000219401	6.54113e-05	2
119.352	19.5842	-0.000225294	5.93882e-05	2
118.827	20.4084	-0.000230721	5.25777e-05	2
118.284	21.2239	-0.000235711	4.50146e-05	2
117.724	22.0309	-0.000240294	3.67332e-05	2
117.149	22.8295	-0.0002445	2.77683e-05	2
116.558	23.62	-0.000248359	1.81542e-05	2
115.952	24.4026	-0.000251899	7.92553e-06	2
115.34	25.1686	-0.000255116	-2.75575e-06	2
114.708	25.9361	-0.000258112	-1.41038e-05	2
114.063	26.6963	-0.00026088	-2.59633e-05	2
113.407	27.4494	-0.000263447	-3.82995e-05	2
112.74	28.1956	-0.000265845	-5.1078e-05	2
112.063	28.9352	-0.000268102	-6.42642e-05	2
111.377	29.6683	-0.000270249	-7.78236e-05	2
110.682	30.3951	-0.000272315	-9.17216e-05	2
109.979	31.1159	-0.00027433	-0.000105924	2
109.27	31.8308	-0.000276324	-0.000120395	2
108.554	32.5402	-0.000278325	-0.000135102	2
107.832	33.244	-0.000280364	-0.000150009	2
107.106	33.9427	-0.00028247	-0.000165082	2
106.375	34.6364	-0.000284674	-0.000180287	2
105.642	35.3252	-0.000287005	-0.000195588	2
104.905	36.0095	-0.000289491	-0.000210952	2
104.167	36.6893	-0.000292164	-0.000226344	2
103.428	37.365	-0.000295053	-0.000241728	2
102.689	38.0367	-0.000298187	-0.000257072	2
101.95	38.7046	-0.000301597	-0.000272339	2
101.212	39.3689	-0.000305311	-0.000287497	2
100.476	40.0299	-0.000309359	-0.000302509	2
99.7431	40.6878	-0.000313772	-0.000317342	2
99.0218	41.3352	-0.000318521	-0.000331794	2
98.2963	41.9874	-0.000323746	-0.000346167	2
97.5758	42.6371	-0.000329424	-0.000360258	2
96.8609	43.2844	-0.000335584	-0.000374031	2
96.1525	43.9297	-0.000342256	-0.000387453	2
95.4513	44.573	-0.00034947	-0.000400488	2
94.758	45.2146	-0.000357256	-0.000413103	2
94.0735	45.8547	-0.000365643	-0.000425262	2
93.3984	46.4936	-0.00037466	-0.000436931	2
92.7334	47.1313	-0.000384338	-0.000448076	2
92.0794	47.7682	-0.000394706	-0.000458662	2
91.4372	48.4044	-0.000405794	-0.000468654	2
90.8073	49.0402	-0.000417632	-0.000478018	2
90.1907	49.6757	-0.000430249	-0.000486719	2
89.588	50.3112	-0.000443674	-0.000494724	2
89	50.9468	-0.000457938	-0.000501996	2
88.4275	51.5828	-0.00047307	-0.000508503	2
87.8712	52.2194	-0.0004891	-0.000514208	2
87.3318	52.8567	-0.000506057	-0.000519079	2
86.8101	53.4951	-0.000523972	-0.000523079	2
86.3069	54.1346	-0.000542873	-0.000526175	2
85.8229	54.7756	-0.000562791	-0.000528332	2
85.3588	55.4181	-0.000583755	-0.000529516	2
84.9154	56.0625	-0.000605795	-0.000529691	2
84.4982	56.7015	-0.000628668	-0.00052884	2
84.0983	57.3501	-0.000652936	-0.000526909	2
83.7212	58.0011	-0.000678368	-0.000523866	2
83.3679	58.6548	-0.000704994	-0.000519677	2
83.039	59.3114	-0.000732844	-0.000514308	2
82.7353	59.971	-0.000761947	-0.000507724	2
82.4576	60.6339	-0.000792334	-0.000499891	2
82.2066	61.3002	-0.000824033	-0.000490774	2
81.983	61.9702	-0.000857075	-0.000480338	2
81.7876	62.6441	-0.00089149	-0.00046855	2
81.6211	63.3222	-0.000927306	-0.000455374	2
81.4844	64.0045	-0.000964553	-0.000440775	2
81.3781	64.6913	-0.00100326	-0.00042472	2
81.303	65.3828	-0.00104346	-0.000407174	2
81.2598	66.0793	-0.00108518	-0.000388102	2
81.2494	66.7809	-0.00112845	-0.00036747	2
81.2724	67.4878	-0.0011733	-0.000345243	2
81.3296	68.2003	-0.00121976	-0.000321387	2
81.4218	68.9185	-0.00126786	-0.000295866	2
81.5496	69.6427	-0.00131763	-0.000268648	2
81.714	70.3731	-0.0013691	-0.000239696	2
81.9155	71.1098	-0.00142229	-0.000208977	2
82.1549	71.8531	-0.00147724	-0.000176456	2
82.4297	72.5945	-0.00153332	-0.000142503	2
82.7469	73.3515	-0.00159186	-0.000106296	2
83.1042	74.1157	-0.00165224	-6.81837e-05	2
83.5026	74.8874	-0.0017145	-2.81314e-05	2

