-125.004	2.01252	-4.22011e-07	4.13464e-07	2
-125.323	3.07809	-3.63748e-05	3.52665e-05	2
-125.667	4.1344	-7.20717e-05	6.91216e-05	2
-126.031	5.16928	-0.000107106	0.000101587	2
-126.412	6.17157	-0.000141102	0.000132336	2
-126.817	7.16492	-0.000174865	0.000162104	2
-127.241	8.13793	-0.000208012	0.00019055	2
-127.685	9.09097	-0.000240558	0.000217693	2
-128.147	10.0244	-0.000272518	0.000243558	2
-128.628	10.9385	-0.000303909	0.000268166	2
-129.127	11.8338	-0.000334746	0.000291539	2
-129.644	12.7105	-0.000365044	0.000313699	2
-130.177	13.5691	-0.000394818	0.000334668	2
-130.728	14.4099	-0.000424085	0.000354469	2
-131.295	15.2332	-0.000452859	0.000373123	2
-131.877	16.0394	-0.000481157	0.000390652	2
-132.476	16.8289	-0.000508992	0.00040708	2
-133.09	17.6021	-0.000536382	0.000422427	2
-133.718	18.3593	-0.000563342	0.000436716	2
-134.361	19.1008	-0.000589886	0.000449969	2
-135.018	19.8271	-0.000616031	0.000462208	2
-135.688	20.5384	-0.000641792	0.000473455	2
-136.372	21.2352	-0.000667184	0.000483732	2
-137.068	21.9179	-0.000692223	0.000493062	2
-137.777	22.5867	-0.000716925	0.000501466	2
-138.497	23.242	-0.000741304	0.000508967	2
-139.221	23.8769	-0.000765102	0.000515515	2
-139.965	24.5066	-0.000788887	0.000521285	2
-140.719	25.1239	-0.000812396	0.000526217	2
-141.483	25.7291	-0.000835644	0.000530335	2
-142.258	26.3228	-0.000858648	0.000533659	2
-143.042	26.9051	-0.000881422	0.000536212	2
-143.835	27.4765	-0.000903982	0.000538015	2
-144.637	28.0373	-0.000926344	0.000539092	2
-145.447	28.588	-0.000948523	0.000539465	2
-146.266	29.1287	-0.000970534	0.000539154	2
-147.092	29.6601	-0.000992393	0.000538183	2
-147.925	30.1823	-0.00101412	0.000536574	2
-148.764	30.6957	-0.00103572	0.000534348	2
-149.611	31.2007	-0.00105721	0.000531528	2
-150.463	31.6978	-0.00107862	0.000528135	2
-151.321	32.1871	-0.00109995	0.000524193	2
-152.183	32.6692	-0.00112122	0.000519722	2
-153.051	33.1443	-0.00114245	0.000514746	2
-153.923	33.6128	-0.00116365	0.000509286	2
-154.799	34.0751	-0.00118484	0.000503364	2
-155.679	34.5316	-0.00120603	0.000497002	2
-156.561	34.9825	-0.00122724	0.000490223	2
-157.447	35.4284	-0.00124848	0.000483049	2
-158.324	35.8644	-0.00126952	0.00047559	2
-159.214	36.3011	-0.00129088	0.000467695	2
-160.105	36.7338	-0.00131231	0.000459471	2
-160.998	37.1627	-0.00133384	0.000450939	2
-161.891	37.5884	-0.00135549	0.000442122	2
-162.784	38.0111	-0.00137725	0.000433043	2
-163.678	38.4312	-0.00139916	0.000423722	2
-164.571	38.849	-0.00142123	0.000414182	2
-165.463	39.265	-0.00144347	0.000404446	2
-166.354	39.6794	-0.0014659	0.000394535	2
-167.243	40.0928	-0.00148853	0.000384471	2
-168.13	40.5053	-0.00151138	0.000374278	2
-169.015	40.9174	-0.00153446	0.000363975	2
-169.897	41.3294	-0.0015578	0.000353587	2
-170.776	41.7418	-0.0015814	0.000343134	2
-171.651	42.1548	-0.00160528	0.000332639	2
-172.522	42.5688	-0.00162946	0.000322124	2
-173.388	42.9842	-0.00165396	0.000311612	2
-174.249	43.4013	-0.00167878	0.000301124	2
-175.106	43.8206	-0.00170394	0.000290682	2
-175.956	44.2423	-0.00172946	0.000280308	2
-176.801	44.6669	-0.00175535	0.000270025	2
-177.639	45.0947	-0.00178164	0.000259855	2
-178.47	45.526	-0.00180833	0.000249819	2
-179.285	45.9562	-0.00183512	0.000240053	2
-180.101	46.3957	-0.00186266	0.000230351	2
-180.909	46.8398	-0.00189065	0.00022085	2
-181.709	47.289	-0.00191911	0.000211572	2
-182.5	47.7435	-0.00194805	0.000202538	2
-183.281	48.2037	-0.00197749	0.000193772	2
-184.053	48.67	-0.00200744	0.000185295	2
-184.815	49.1428	-0.00203793	0.000177129	2
-185.567	49.6224	-0.00206895	0.000169297	2
-186.307	50.1091	-0.00210053	0.00016182	2
-187.036	50.6034	-0.00213269	0.000154721	2
-187.754	51.1056	-0.00216544	0.000148022	2
-188.459	51.6161	-0.0021988	0.000141744	2
-189.152	52.1352	-0.00223278	0.00013591	2
-189.832	52.6633	-0.00226739	0.000130542	2
-190.499	53.2007	-0.00230266	0.000125662	2
-191.152	53.7479	-0.00233859	0.000121293	2
-191.791	54.3051	-0.00237521	0.000117456	2
-192.416	54.8728	-0.00241253	0.000114173	2
-193.025	55.4513	-0.00245056	0.000111466	2
-193.619	56.0409	-0.00248932	0.000109358	2
-194.198	56.6421	-0.00252883	0.000107871	2
-194.761	57.2551	-0.00256909	0.000107027	2
-195.3	57.8731	-0.00260966	0.000106846	2
-195.83	58.5109	-0.00265149	0.000107345	2
-196.342	59.1616	-0.00269412	0.000108554	2
-196.836	59.8257	-0.00273758	0.000110493	2

-75.0031	2.01088	-7.22472e-07	1.9449e-07	2
-75.2687	2.9462	-6.07795e-05	1.70176e-05	2
-75.5325	3.89241	-0.000117397	3.42296e-05	2
-75.7917	4.83862	-0.00016991	5.16335e-05	2
-76.0432	5.77395	-0.000217839	6.90236e-05	2
-76.2931	6.72015	-0.000262357	8.68017e-05	2
-76.5383	7.66631	-0.000302938	0.000104764	2
-76.7789	8.61245	-0.000339641	0.000122908	2
-77.015	9.55854	-0.000372521	0.000141232	2
-77.2466	10.5046	-0.000401635	0.000159732	2
-77.4736	11.4506	-0.00042704	0.000178407	2
-77.6962	12.3965	-0.000448792	0.000197253	2
-77.9145	13.3423	-0.000466949	0.000216269	2
-78.1283	14.2881	-0.000481566	0.000235451	2
-78.3378	15.2337	-0.000492701	0.000254797	2
-78.5429	16.1793	-0.00050041	0.000274305	2
-78.7438	17.1247	-0.000504749	0.000293972	2
-78.9405	18.0701	-0.000505776	0.000313796	2
-79.133	19.0153	-0.000503547	0.000333773	2
-79.3213	19.9603	-0.000498119	0.000353902	2
-79.5054	20.9052	-0.000489549	0.00037418	2
-79.6855	21.85	-0.000477892	0.000394604	2
-79.8615	22.7946	-0.000463207	0.000415173	2
-80.0335	23.739	-0.000445548	0.000435882	2
-80.2015	24.6833	-0.000424974	0.000456731	2
-80.3656	25.6273	-0.000401541	0.000477715	2
-80.5239	26.5603	-0.000375622	0.00049859	2
-80.6802	27.504	-0.000346671	0.000519838	2
-80.8326	28.4474	-0.000315031	0.000541215	2
-80.9812	29.3906	-0.000280757	0.000562718	2
-81.1261	30.3336	-0.000243907	0.000584345	2
-81.2672	31.2764	-0.000204537	0.000606093	2
-81.4046	32.2189	-0.000162704	0.000627959	2
-81.5383	33.1611	-0.000118464	0.000649941	2
-81.6684	34.103	-7.18738e-05	0.000672037	2
-81.7949	35.0447	-2.29908e-05	0.000694244	2
-81.9178	35.9861	2.81288e-05	0.00071656	2
-82.0373	36.9272	8.14283e-05	0.000738981	2
-82.1532	37.868	0.000136851	0.000761506	2
-82.2656	38.8085	0.00019434	0.000784132	2
-82.3746	39.7487	0.000253839	0.000806856	2
-82.4803	40.6886	0.000315292	0.000829676	2
-82.5826	41.6281	0.000378641	0.000852589	2
-82.6815	42.5672	0.00044383	0.000875593	2
-82.7772	43.506	0.000510802	0.000898686	2
-82.8697	44.4445	0.000579501	0.000921863	2
-82.9589	45.3826	0.000649869	0.000945125	2
-83.045	46.3203	0.000721851	0.000968466	2
-83.1279	47.2576	0.00079539	0.000991886	2
-83.2068	48.1837	0.000869557	0.00101511	2
-83.2836	49.1202	0.000946022	0.00103868	2
-83.3573	50.0563	0.00102387	0.00106232	2
-83.4281	50.992	0.00110306	0.00108602	2
-83.4958	51.9272	0.00118352	0.00110979	2
-83.5607	52.862	0.00126519	0.00113363	2
-83.6227	53.7963	0.00134802	0.00115752	2
-83.6818	54.7302	0.00143196	0.00118148	2
-83.7381	55.6636	0.00151695	0.00120549	2
-83.7916	56.5965	0.00160293	0.00122955	2
-83.8423	57.529	0.00168984	0.00125366	2
-83.8903	58.461	0.00177762	0.00127782	2
-83.9357	59.3924	0.00186623	0.00130202	2
-83.9784	60.3234	0.0019556	0.00132627	2
-84.0185	61.2538	0.00204568	0.00135056	2
-84.056	62.1837	0.00213641	0.00137488	2
-84.091	63.113	0.00222774	0.00139924	2
-84.1235	64.0419	0.0023196	0.00142363	2
-84.1535	64.9701	0.00241194	0.00144806	2
-84.1811	65.8978	0.00250471	0.00147251	2
-84.2063	66.8249	0.00259784	0.00149698	2
-84.2291	67.7515	0.00269128	0.00152148	2
-84.2496	68.6774	0.00278498	0.001546	2
-84.2678	69.6028	0.00287888	0.00157053	2
-84.2836	70.5169	0.00297183	0.0015948	2
-84.2974	71.4411	0.00306595	0.00161936	2
-84.3089	72.3646	0.00316009	0.00164393	2
-84.3184	73.2875	0.00325421	0.00166851	2
-84.3257	74.2097	0.00334824	0.0016931	2
-84.3309	75.1313	0.00344213	0.00171768	2
-84.3341	76.0522	0.00353583	0.00174227	2
-84.3353	76.9725	0.00362926	0.00176685	2
-84.3345	77.8921	0.00372239	0.00179143	2
-84.3318	78.811	0.00381514	0.001816	2
-84.3271	79.7292	0.00390747	0.00184056	2
-84.3207	80.6467	0.00399932	0.00186511	2
-84.3123	81.5635	0.00409063	0.00188964	2
-84.3022	82.4796	0.00418134	0.00191415	2
-84.2903	83.3949	0.0042714	0.00193864	2
-84.2767	84.3095	0.00436076	0.00196311	2
-84.2614	85.2234	0.00444935	0.00198756	2
-84.2445	86.1365	0.00453711	0.00201197	2
-84.2259	87.0489	0.004624	0.00203636	2
-84.2058	87.9604	0.00470995	0.00206071	2
-84.1841	88.8712	0.00479491	0.00208503	2
-84.1609	89.7813	0.00487882	0.00210931	2
-84.1362	90.6905	0.00496162	0.00213354	2
-84.1104	91.5884	0.00504234	0.00215746	2
-84.0829	92.496	0.00512277	0.00218161	2
-84.054	93.4028	0.00520194	0.00220571	2
-84.0238	94.3087	0.00527977	0.00222976	2

-24.9999	2.0129	-4.22841e-07	1.75244e-07	2
-24.9744	3.11127	-3.55718e-05	1.43139e-05	2
-24.9211	4.20083	-6.87114e-05	2.67631e-05	2
-24.8405	5.26894	-9.94593e-05	3.73799e-05	2
-24.7344	6.30394	-0.000127543	4.61056e-05	2
-24.6008	7.33014	-0.000153655	5.31752e-05	2
-24.441	8.33564	-0.000177497	5.85095e-05	2
-24.2556	9.32069	-0.000199109	6.2141e-05	2
-24.0449	10.2855	-0.000218531	6.41019e-05	2
-23.8092	11.2305	-0.000235804	6.44249e-05	2
-23.5491	12.1557	-0.000250969	6.31424e-05	2
-23.2648	13.0615	-0.000264065	6.02868e-05	2
-22.9568	13.9481	-0.000275134	5.58906e-05	2
-22.6255	14.8157	-0.000284216	4.99861e-05	2
-22.2712	15.6647	-0.000291352	4.2606e-05	2
-21.8944	16.4953	-0.000296582	3.37826e-05	2
-21.4955	17.3077	-0.000299946	2.35484e-05	2
-21.0748	18.1021	-0.000301485	1.19358e-05	2
-20.6328	18.8789	-0.00030124	-1.02266e-06	2
-20.1698	19.6383	-0.000299252	-1.52946e-05	2
-19.6862	20.3805	-0.00029556	-3.08475e-05	2
-19.1825	21.1057	-0.000290205	-4.7649e-05	2
-18.659	21.8144	-0.000283227	-6.56666e-05	2
-18.1161	22.5066	-0.000274668	-8.48679e-05	2
-17.5542	23.1826	-0.000264568	-0.00010522	2
-16.9738	23.8428	-0.000252967	-0.000126691	2
-16.3821	24.4799	-0.000240064	-0.000148984	2
-15.7659	25.1092	-0.000225599	-0.000172583	2
-15.1322	25.7233	-0.000209754	-0.000197204	2
-14.4815	26.3225	-0.000192571	-0.000222815	2
-13.8142	26.9071	-0.000174088	-0.000249382	2
-13.1307	27.4772	-0.000154348	-0.000276873	2
-12.4314	28.0333	-0.00013339	-0.000305257	2
-11.7166	28.5754	-0.000111255	-0.0003345	2
-10.9868	29.1039	-8.79835e-05	-0.00036457	2
-10.2423	29.619	-6.3616e-05	-0.000395435	2
-9.48364	30.1209	-3.81929e-05	-0.000427062	2
-8.71108	30.61	-1.17548e-05	-0.000459419	2
-7.92505	31.0865	1.56577e-05	-0.000492472	2
-7.12597	31.5506	4.40042e-05	-0.000526191	2
-6.31422	32.0025	7.32441e-05	-0.000560542	2
-5.49019	32.4426	0.000103337	-0.000595493	2
-4.65428	32.8711	0.000134242	-0.000631011	2
-3.80689	33.2882	0.000165919	-0.000667064	2
-2.9484	33.6941	0.000198328	-0.000703619	2
-2.07923	34.0893	0.000231427	-0.000740645	2
-1.19975	34.4738	0.000265176	-0.000778108	2
-0.310368	34.8479	0.000299536	-0.000815977	2
0.588523	35.2119	0.000334464	-0.000854218	2
1.48604	35.5621	0.000369511	-0.000892354	2
2.40267	35.9068	0.000405452	-0.00093124	2
3.32763	36.2421	0.00044184	-0.000970402	2
4.26052	36.5683	0.000478636	-0.00100981	2
5.20095	36.8857	0.000515799	-0.00104942	2
6.14852	37.1945	0.000553289	-0.00108922	2
7.10285	37.495	0.000591065	-0.00112916	2
8.06353	37.7873	0.000629087	-0.00116921	2
9.03017	38.0718	0.000667314	-0.00120934	2
10.0024	38.3487	0.000705705	-0.00124953	2
10.9797	38.6183	0.00074422	-0.00128973	2
11.9619	38.8808	0.000782819	-0.00132991	2
12.9484	39.1365	0.000821461	-0.00137004	2
13.9389	39.3856	0.000860105	-0.00141009	2
14.933	39.6284	0.000898711	-0.00145003	2
15.9303	39.8651	0.000937239	-0.00148983	2
16.9304	40.0959	0.000975647	-0.00152944	2
17.933	40.3213	0.0010139	-0.00156884	2
18.9375	40.5412	0.00105194	-0.001608	2
19.9436	40.7562	0.00108975	-0.00164689	2
20.951	40.9663	0.00112728	-0.00168546	2
21.9591	41.1718	0.00116449	-0.0017237	2
22.9677	41.3731	0.00120133	-0.00176156	2
23.9764	41.5703	0.00123777	-0.00179901	2
24.9731	41.7614	0.00127336	-0.00183561	2
25.9806	41.9513	0.00130887	-0.00187216	2
26.987	42.1379	0.00134387	-0.00190821	2
27.9919	42.3214	0.0013783	-0.00194372	2
28.9948	42.5021	0.00141213	-0.00197867	2
29.9954	42.6803	0.00144531	-0.00201301	2
30.9932	42.8562	0.0014778	-0.00204673	2
31.988	43.03	0.00150957	-0.00207977	2
32.9792	43.2021	0.00154057	-0.00211212	2
33.9666	43.3726	0.00157077	-0.00214375	2
34.9496	43.5418	0.00160011	-0.0021746	2
35.9279	43.71	0.00162857	-0.00220467	2
36.9011	43.8775	0.0016561	-0.0022339	2
37.8689	44.0444	0.00168266	-0.00226228	2
38.8307	44.211	0.00170821	-0.00228976	2
39.7863	44.3776	0.00173271	-0.00231632	2
40.7352	44.5444	0.00175612	-0.00234193	2
41.677	44.7117	0.00177839	-0.00236654	2
42.6114	44.8798	0.0017995	-0.00239013	2
43.5379	45.0488	0.00181939	-0.00241267	2
44.4561	45.2191	0.00183803	-0.00243412	2
45.3657	45.3909	0.00185537	-0.00245445	2
46.2663	45.5644	0.00187138	-0.00247363	2
47.1472	45.7378	0.00188586	-0.00249142	2
48.0287	45.9156	0.0018991	-0.00250821	2
48.8998	46.0958	0.00191088	-0.00252375	2
49.7604	46.2788	0.00192116	-0.00253801	2

24.9933	2.01219	-5.81238e-07	2.26154e-07	2
24.4321	3.05589	-4.98911e-05	1.93505e-05	2
23.8981	4.10293	-9.8423e-05	3.80482e-05	2
23.3976	5.14113	-0.000145611	5.61002e-05	2
22.9353	6.15872	-0.00019095	7.33167e-05	2
22.5001	7.17936	-0.00023551	9.01049e-05	2
22.0973	8.19118	-0.000278771	0.000106268	2
21.7264	9.19418	-0.000320747	0.000121813	2
21.387	10.1884	-0.000361454	0.000136746	2
21.0787	11.1738	-0.000400907	0.000151075	2
20.8012	12.1503	-0.000439121	0.000164807	2
20.5541	13.1181	-0.000476111	0.000177948	2
20.3369	14.0771	-0.000511891	0.000190505	2
20.1493	15.0273	-0.000546477	0.000202486	2
19.9909	15.9688	-0.000579885	0.000213897	2
19.8612	16.9014	-0.000612128	0.000224744	2
19.76	17.8253	-0.000643222	0.000235036	2
19.6869	18.7405	-0.000673182	0.000244779	2
19.6413	19.6469	-0.000702022	0.000253979	2
19.623	20.5445	-0.000729759	0.000262644	2
19.6316	21.4334	-0.000756407	0.000270781	2
19.6666	22.3135	-0.00078198	0.000278396	2
19.7277	23.1849	-0.000806495	0.000285497	2
19.8145	24.0476	-0.000829965	0.00029209	2
19.9266	24.9016	-0.000852407	0.000298182	2
20.0636	25.7468	-0.000873834	0.000303781	2
20.2231	26.5738	-0.000894034	0.000308836	2
20.4084	27.4017	-0.000913489	0.000313473	2
20.6176	28.2209	-0.000931976	0.000317637	2
20.85	29.0314	-0.000949508	0.000321335	2
21.1055	29.8333	-0.000966101	0.000324574	2
21.3835	30.6264	-0.000981771	0.00032736	2
21.6837	31.4109	-0.000996531	0.0003297	2
22.0057	32.1867	-0.0010104	0.000331602	2
22.3491	32.9538	-0.00102338	0.000333072	2
22.7135	33.7123	-0.00103551	0.000334118	2
23.0985	34.4621	-0.00104678	0.000334745	2
23.5038	35.2033	-0.00105722	0.000334962	2
23.929	35.9358	-0.00106684	0.000334775	2
24.3736	36.6597	-0.00107566	0.00033419	2
24.8373	37.3749	-0.00108368	0.000333216	2
25.3197	38.0815	-0.00109094	0.000331858	2
25.8203	38.7795	-0.00109743	0.000330123	2
26.3389	39.4689	-0.00110318	0.00032802	2
26.875	40.1496	-0.0011082	0.000325553	2
27.4282	40.8218	-0.00111251	0.000322731	2
27.9981	41.4853	-0.00111612	0.000319561	2
28.5844	42.1403	-0.00111904	0.000316048	2
29.1867	42.7866	-0.0011213	0.000312201	2
29.7973	43.4171	-0.00112289	0.000308076	2
30.4302	44.0464	-0.00112386	0.000303583	2
31.0778	44.6672	-0.0011242	0.000298776	2
31.7398	45.2793	-0.00112394	0.000293662	2
32.4159	45.8829	-0.00112308	0.000288247	2
33.1055	46.478	-0.00112165	0.000282539	2
33.8085	47.0644	-0.00111965	0.000276544	2
34.5242	47.6424	-0.0011171	0.00027027	2
35.2525	48.2118	-0.00111401	0.000263723	2
35.9928	48.7726	-0.00111041	0.00025691	2
36.7447	49.325	-0.0011063	0.000249838	2
37.508	49.8688	-0.00110171	0.000242514	2
38.2822	50.4041	-0.00109664	0.000234945	2
39.0668	50.9309	-0.00109111	0.000227138	2
39.8617	51.4491	-0.00108514	0.000219099	2
40.6662	51.9589	-0.00107874	0.000210836	2
41.4801	52.4602	-0.00107192	0.000202356	2
42.3029	52.953	-0.00106471	0.000193665	2
43.1343	53.4373	-0.00105711	0.000184771	2
43.9739	53.9131	-0.00104914	0.00017568	2
44.8213	54.3804	-0.00104082	0.000166399	2
45.6761	54.8393	-0.00103216	0.000156935	2
46.5378	55.2897	-0.00102318	0.000147295	2
47.4062	55.7317	-0.00101389	0.000137486	2
48.2708	56.1602	-0.00100441	0.000127631	2
49.1512	56.5854	-0.000994551	0.000117506	2
50.0371	57.0021	-0.000984425	0.000107233	2
50.928	57.4104	-0.00097405	9.68191e-05	2
51.8236	57.8102	-0.000963441	8.62702e-05	2
52.7235	58.2016	-0.000952613	7.55936e-05	2
53.6273	58.5847	-0.000941581	6.47963e-05	2
54.5346	58.9592	-0.00093036	5.38852e-05	2
55.445	59.3254	-0.000918966	4.28672e-05	2
56.3582	59.6832	-0.000907412	3.17491e-05	2
57.2737	60.0326	-0.000895714	2.0538e-05	2
58.1911	60.3736	-0.000883888	9.24065e-06	2
59.1101	60.7062	-0.000871947	-2.13594e-06	2
60.0303	61.0304	-0.000859908	-1.35849e-05	2
60.9513	61.3463	-0.000847785	-2.50992e-05	2
61.8727	61.6538	-0.000835593	-3.66721e-05	2
62.794	61.9529	-0.000823347	-4.82966e-05	2
63.715	62.2436	-0.000811062	-5.99658e-05	2
64.6353	62.5261	-0.000798753	-7.16728e-05	2
65.5543	62.8001	-0.000786436	-8.34107e-05	2
66.4718	63.0658	-0.000774125	-9.51725e-05	2
67.3874	63.3232	-0.000761835	-0.000106951	2
68.3006	63.5723	-0.000749581	-0.00011874	2
69.2007	63.8103	-0.000737518	-0.000130397	2
70.1081	64.0428	-0.000725381	-0.000142186	2
71.0121	64.267	-0.000713325	-0.000153964	2
71.9121	64.4829	-0.000701364	-0.000165724	2

74.997	2.00993	-3.36659e-09	-9.10603e-08	2
74.7361	2.86821	-1.22362e-06	-8.01401e-06	2
74.4672	3.74455	-4.30619e-06	-1.62066e-05	2
74.1936	4.62872	-9.21127e-06	-2.4567e-05	2
73.9189	5.51013	-1.58155e-05	-3.29857e-05	2
73.637	6.409	-2.42365e-05	-4.1648e-05	2
73.3516	7.31481	-3.4371e-05	-5.04459e-05	2
73.063	8.22728	-4.61828e-05	-5.9369e-05	2
72.7716	9.14609	-5.96354e-05	-6.84063e-05	2
72.4776	10.071	-7.46923e-05	-7.75471e-05	2
72.1816	11.0016	-9.13172e-05	-8.67808e-05	2
71.8839	11.9377	-0.000109474	-9.60966e-05	2
71.5848	12.879	-0.000129125	-0.000105484	2
71.2847	13.8251	-0.000150235	-0.000114932	2
70.984	14.7758	-0.000172767	-0.000124429	2
70.683	15.7308	-0.000196685	-0.000133966	2
70.3822	16.6898	-0.000221953	-0.000143531	2
70.0818	17.6524	-0.000248533	-0.000153114	2
69.7824	18.6185	-0.00027639	-0.000162704	2
69.4842	19.5876	-0.000305487	-0.000172291	2
69.1876	20.5595	-0.000335787	-0.000181863	2
68.8929	21.534	-0.000367255	-0.000191409	2
68.6006	22.5106	-0.000399854	-0.00020092	2
68.3111	23.4891	-0.000433546	-0.000210384	2
68.0246	24.4693	-0.000468297	-0.00021979	2
67.7416	25.4507	-0.000504069	-0.000229128	2
67.4656	26.4219	-0.000540399	-0.000238282	2
67.1905	27.4051	-0.000578094	-0.000247453	2
66.9201	28.3887	-0.000616702	-0.000256524	2
66.6546	29.3725	-0.000656186	-0.000265484	2
66.3943	30.3561	-0.000696509	-0.000274322	2
66.1398	31.3392	-0.000737636	-0.000283028	2
65.8913	32.3215	-0.00077953	-0.00029159	2
65.6493	33.3028	-0.000822155	-0.000299999	2
65.414	34.2828	-0.000865473	-0.000308243	2
65.1859	35.2611	-0.000909449	-0.000316312	2
64.9653	36.2375	-0.000954047	-0.000324195	2
64.7526	37.2116	-0.000999228	-0.000331881	2
64.5482	38.1831	-0.00104496	-0.000339359	2
64.3525	39.1519	-0.0010912	-0.000346619	2
64.1657	40.1175	-0.00113792	-0.000353651	2
63.9884	41.0797	-0.00118508	-0.000360442	2
63.8208	42.0381	-0.00123263	-0.000366983	2
63.6633	42.9926	-0.00128056	-0.000373263	2
63.5164	43.9427	-0.00132881	-0.000379271	2
63.3803	44.8882	-0.00137736	-0.000384996	2
63.2554	45.8288	-0.00142617	-0.000390428	2
63.1421	46.7642	-0.00147519	-0.000395556	2
63.0409	47.6941	-0.0015244	-0.000400369	2
62.9529	48.6076	-0.00157319	-0.000404807	2
62.8765	49.5256	-0.00162266	-0.000408962	2
62.8133	50.4373	-0.0016722	-0.00041277	2
62.7635	51.3423	-0.00172178	-0.00041622	2
62.7275	52.2403	-0.00177137	-0.000419302	2
62.7057	53.131	-0.00182092	-0.000422005	2
62.6985	54.0142	-0.0018704	-0.000424318	2
62.7062	54.8894	-0.00191977	-0.000426231	2
62.7292	55.7565	-0.001969	-0.000427732	2
62.768	56.6152	-0.00201805	-0.000428812	2
62.8227	57.4651	-0.00206688	-0.000429458	2
62.8939	58.3059	-0.00211546	-0.000429661	2
62.9819	59.1373	-0.00216375	-0.00042941	2
63.087	59.9592	-0.00221171	-0.000428694	2
63.2097	60.771	-0.00225932	-0.000427502	2
63.3503	61.5726	-0.00230652	-0.000425824	2
63.5092	62.3637	-0.00235329	-0.000423648	2
63.6867	63.144	-0.00239959	-0.000420965	2
63.8832	63.9131	-0.00244538	-0.000417763	2
64.0991	64.6708	-0.00249062	-0.000414032	2
64.3348	65.4167	-0.00253529	-0.000409761	2
64.5906	66.1506	-0.00257934	-0.000404938	2
64.8668	66.8723	-0.00262273	-0.000399555	2
65.164	67.5812	-0.00266544	-0.000393599	2
65.4786	68.2694	-0.00270694	-0.000387138	2
65.8184	68.9524	-0.00274816	-0.000380013	2
66.1801	69.622	-0.00278859	-0.000372283	2
66.5642	70.2777	-0.00282818	-0.000363937	2
66.971	70.9193	-0.0028669	-0.000354966	2
67.4009	71.5465	-0.00290471	-0.000345359	2
67.8542	72.1591	-0.00294158	-0.000335104	2
68.3314	72.7566	-0.00297747	-0.000324191	2
68.8327	73.3389	-0.00301234	-0.00031261	2
69.3587	73.9056	-0.00304615	-0.000300349	2
69.9096	74.4565	-0.00307888	-0.000287398	2
70.4858	74.9911	-0.00311047	-0.000273746	2
71.0876	75.5093	-0.00314091	-0.000259382	2
71.7156	76.0107	-0.00317015	-0.000244296	2
72.3699	76.4951	-0.00319815	-0.000228477	2
73.051	76.9621	-0.00322487	-0.000211914	2
73.7593	77.4115	-0.00325029	-0.000194596	2
74.4952	77.8429	-0.00327437	-0.000176513	2
75.2589	78.256	-0.00329706	-0.000157654	2
76.0509	78.6506	-0.00331833	-0.000138008	2
76.8716	79.0264	-0.00333815	-0.000117565	2
77.7213	79.383	-0.00335648	-9.63136e-05	2
78.6004	79.7202	-0.00337328	-7.42432e-05	2
79.4986	80.0342	-0.00338835	-5.1611e-05	2
80.4372	80.3319	-0.00340201	-2.78801e-05	2
81.4063	80.6092	-0.00341403	-3.29822e-06	2
82.4062	80.866	-0.00342437	2.21454e-05	2

125	2.01142	-2.83972e-07	2.5163e-07	2
125.001	2.98889	-2.41999e-05	2.09672e-05	2
124.969	3.9688	-4.73938e-05	4.00913e-05	2
124.903	4.93986	-6.96072e-05	5.74141e-05	2
124.805	5.89117	-9.06267e-05	7.28083e-05	2
124.676	6.84497	-0.000110967	8.66733e-05	2
124.515	7.79028	-0.000130403	9.88617e-05	2
124.324	8.72722	-0.00014896	0.000109415	2
124.104	9.6559	-0.000166666	0.000118376	2
123.855	10.5764	-0.000183544	0.000125785	2
123.579	11.489	-0.00019962	0.000131684	2
123.276	12.3936	-0.000214921	0.000136116	2
122.947	13.2905	-0.000229472	0.000139121	2
122.593	14.1797	-0.000243298	0.000140743	2
122.214	15.0614	-0.000256425	0.000141021	2
121.812	15.9357	-0.000268879	0.000139999	2
121.387	16.8026	-0.000280685	0.000137717	2
120.94	17.6624	-0.00029187	0.000134218	2
120.472	18.5152	-0.000302457	0.000129543	2
119.983	19.361	-0.000312474	0.000123734	2
119.475	20.2001	-0.000321946	0.000116833	2
118.949	21.0324	-0.000330898	0.000108882	2
118.404	21.8582	-0.000339356	9.99217e-05	2
117.843	22.6775	-0.000347346	8.99945e-05	2
117.265	23.4905	-0.000354892	7.9142e-05	2
116.672	24.2973	-0.000362022	6.7406e-05	2
116.071	25.0888	-0.000368685	5.49774e-05	2
115.45	25.8836	-0.000375062	4.16086e-05	2
114.815	26.6726	-0.000381098	2.74809e-05	2
114.169	27.4558	-0.000386819	1.26362e-05	2
113.511	28.2334	-0.00039225	-2.88383e-06	2
112.842	29.0055	-0.000397418	-1.90374e-05	2
112.164	29.7723	-0.000402348	-3.57829e-05	2
111.476	30.5338	-0.000407065	-5.30784e-05	2
110.781	31.2903	-0.000411596	-7.08823e-05	2
110.078	32.0417	-0.000415965	-8.91528e-05	2
109.369	32.7882	-0.000420199	-0.000107848	2
108.654	33.5299	-0.000424323	-0.000126927	2
107.934	34.2671	-0.000428362	-0.000146347	2
107.211	34.9997	-0.000432342	-0.000166066	2
106.484	35.7278	-0.00043629	-0.000186044	2
105.754	36.4518	-0.00044023	-0.000206237	2
105.023	37.1715	-0.000444188	-0.000226606	2
104.291	37.8872	-0.000448189	-0.000247106	2
103.559	38.599	-0.000452261	-0.000267698	2
102.828	39.307	-0.000456427	-0.000288339	2
102.099	40.0113	-0.000460713	-0.000308988	2
101.372	40.7121	-0.000465146	-0.000329602	2
100.648	41.4094	-0.00046975	-0.00035014	2
99.9368	42.0955	-0.000474496	-0.000370327	2
99.222	42.7863	-0.000479518	-0.00039059	2
98.513	43.4741	-0.000484789	-0.000410653	2
97.8104	44.1589	-0.000490334	-0.000430473	2
97.1152	44.8409	-0.000496178	-0.000450009	2
96.4281	45.5202	-0.000502348	-0.000469218	2
95.75	46.1968	-0.000508868	-0.000488061	2
95.0816	46.871	-0.000515765	-0.000506493	2
94.4239	47.5429	-0.000523064	-0.000524475	2
93.7775	48.2125	-0.000530791	-0.000541964	2
93.1433	48.88	-0.000538971	-0.000558918	2
92.5222	49.5455	-0.00054763	-0.000575296	2
91.9148	50.2091	-0.000556793	-0.000591055	2
91.3222	50.871	-0.000566487	-0.000606155	2
90.745	51.5312	-0.000576736	-0.000620553	2
90.1841	52.1899	-0.000587567	-0.000634208	2
89.6402	52.8473	-0.000599005	-0.000647078	2
89.1143	53.5034	-0.000611076	-0.000659121	2
88.6071	54.1583	-0.000623804	-0.000670295	2
88.1194	54.8122	-0.000637217	-0.000680559	2
87.6521	55.4652	-0.000651339	-0.000689871	2
87.2059	56.1174	-0.000666197	-0.00069819	2
86.7817	56.7689	-0.000681815	-0.000705472	2
86.3803	57.4199	-0.000698219	-0.000711678	2
86.0067	58.063	-0.000715233	-0.000716713	2
85.653	58.7132	-0.000733278	-0.000720652	2
85.3245	59.3633	-0.000752185	-0.00072339	2
85.0221	60.0133	-0.000771981	-0.000724883	2
84.7465	60.6633	-0.000792691	-0.000725092	2
84.4985	61.3136	-0.000814341	-0.000723973	2
84.2791	61.9641	-0.000836956	-0.000721485	2
84.0889	62.615	-0.000860562	-0.000717587	2
83.9288	63.2665	-0.000885185	-0.000712236	2
83.7996	63.9186	-0.00091085	-0.000705391	2
83.7022	64.5715	-0.000937583	-0.00069701	2
83.6373	65.2253	-0.000965409	-0.000687051	2
83.6058	65.8802	-0.000994355	-0.000675473	2
83.6084	66.5361	-0.00102445	-0.000662234	2
83.646	67.1933	-0.00105571	-0.000647293	2
83.7194	67.8519	-0.00108816	-0.000630606	2
83.8294	68.512	-0.00112184	-0.000612133	2
83.9768	69.1738	-0.00115677	-0.000591833	2
84.1625	69.8372	-0.00119296	-0.000569662	2
84.3872	70.5025	-0.00123046	-0.00054558	2
84.6517	71.1698	-0.00126928	-0.000519544	2
84.957	71.8392	-0.00130945	-0.000491514	2
85.3037	72.5109	-0.001351	-0.000461447	2
85.6881	73.1771	-0.00139344	-0.000429683	2
86.1197	73.8535	-0.0014378	-0.000395441	2
86.5953	74.5325	-0.00148361	-0.000359038	2
87.1156	75.2141	-0.0015309	-0.000320432	2

